CorWatt	PkgWatt
15.00	127.41
0.53	127.41
0.48
0.53
0.44
0.51
0.51
0.51
0.51
0.47
0.46
0.40
0.42
0.54
0.56
0.52
0.53
0.44
0.48
0.48
0.46
0.40
0.43
0.39
0.40
0.35
0.36
0.39
0.36
0.53
0.50
0.59
0.52
CorWatt	PkgWatt
14.57	126.71
0.49	126.81
0.44
0.50
0.45
0.48
0.49
0.48
0.48
0.44
0.44
0.38
0.39
0.51
0.58
0.52
0.54
0.44
0.46
0.45
0.46
0.38
0.41
0.38
0.39
0.38
0.36
0.44
0.35
0.54
0.50
0.52
0.51
CorWatt	PkgWatt
62.77	176.31
1.01	176.31
1.98
2.00
1.95
2.00
1.98
1.95
1.97
2.01
2.03
1.98
1.92
2.07
2.13
2.10
2.10
1.94
1.96
1.82
1.84
1.81
1.85
1.68
1.70
2.11
1.96
1.78
3.14
2.07
2.03
1.93
1.95
CorWatt	PkgWatt
47.62	161.76
0.63	161.71
1.48
1.56
1.52
1.56
1.57
1.55
1.51
1.50
1.51
1.45
1.48
1.58
1.59
1.61
1.63
1.57
1.54
1.40
1.42
1.46
1.45
1.33
1.28
1.48
1.45
1.33
2.02
1.62
1.62
1.46
1.45
