CorWatt	PkgWatt
4.79	153.06
0.09	76.97
0.09
0.09
0.08
0.08
0.09
0.08
0.08
0.09
0.08
0.08
0.08
0.08
0.08
0.07
0.07
0.09
0.09
0.09
0.09
0.10
0.09
0.09
0.09
0.08
0.08
0.08
0.08
0.08
0.08
0.08
0.08
0.07	76.18
0.07
0.07
0.07
0.07
0.07
0.07
0.07
0.06
0.06
0.06
0.06
0.06
0.06
0.06
0.06
0.07
0.07
0.06
0.07
0.08
0.07
0.07
0.07
0.07
0.07
0.06
0.06
0.06
0.06
0.06
0.06
CorWatt	PkgWatt
4.50	151.41
0.08	76.21
0.09
0.09
0.08
0.08
0.08
0.08
0.08
0.09
0.08
0.07
0.08
0.08
0.07
0.07
0.07
0.08
0.08
0.09
0.08
0.09
0.09
0.08
0.08
0.08
0.08
0.08
0.08
0.16
0.08
0.08
0.08
0.06	75.15
0.06
0.06
0.06
0.07
0.06
0.06
0.06
0.05
0.05
0.05
0.05
0.05
0.05
0.05
0.05
0.06
0.06
0.05
0.06
0.07
0.06
0.06
0.07
0.05
0.06
0.05
0.05
0.05
0.05
0.05
0.06
