CorWatt	PkgWatt
16.06	129.82
0.57	129.83
0.51
0.51
0.48
0.55
0.55
0.54
0.57
0.48
0.47
0.44
0.44
0.54
0.57
0.56
0.58
0.49
0.51
0.52
0.49
0.47
0.42
0.41
0.42
0.39
0.39
0.44
0.37
0.58
0.56
0.69
0.57
CorWatt	PkgWatt
15.82	128.80
0.54	129.55
0.56
0.49
0.47
0.53
0.53
0.56
0.55
0.50
0.47
0.44
0.45
0.53
0.54
0.56
0.55
0.49
0.50
0.53
0.49
0.52
0.47
0.43
0.43
0.38
0.37
0.42
0.37
0.56
0.52
0.53
0.55
CorWatt	PkgWatt
69.19	165.69
0.89	188.16
2.25
2.29
2.25
2.38
2.37
2.39
2.35
2.28
2.27
2.44
2.27
2.42
3.90
2.43
2.46
2.31
2.31
2.15
2.18
2.33
2.28
2.05
2.04
2.27
2.30
2.10
2.08
2.55
2.51
2.32
2.32
