CorWatt	PkgWatt
165.58	395.63
2.24	164.42
2.26
2.31
2.21
2.56
2.49
2.43
2.66
2.42
2.30
2.11
2.50
2.37
2.47
2.39
2.31
2.49
2.51
2.30
2.46
2.32
2.37
2.18
2.58
2.29
2.52
2.34
2.30
2.79
2.62
2.95
3.01
1.89	150.50
1.90
2.01
1.86
1.86
1.91
1.85
1.90
1.76
1.86
1.86
1.83
1.85
1.77
1.77
1.83
1.97
1.87
1.84
1.82
1.91
1.95
1.89
1.97
2.04
2.01
1.85
2.17
2.20
2.37
2.11
2.26
CorWatt	PkgWatt
140.18	309.71
2.22	161.93
2.24
2.31
2.23
2.48
2.43
2.51
2.61
2.47
2.38
2.08
2.54
2.33
2.39
2.43
2.35
2.47
2.49
2.33
2.50
2.35
2.31
2.17
2.63
2.30
2.58
2.33
2.28
2.82
2.63
3.02
2.99
1.95	147.95
1.98
1.98
1.89
1.85
1.90
1.86
1.86
1.80
1.86
1.89
1.84
1.98
1.82
1.79
1.84
2.00
1.95
1.85
1.85
1.89
1.98
1.94
2.00
1.99
1.97
1.97
1.96
2.10
2.16
2.15
2.17
CorWatt	PkgWatt
120.66	302.78
1.91	153.01
1.91
1.93
1.88
1.89
1.87
1.91
1.90
1.85
1.86
1.96
1.85
1.85
1.85
1.85
1.95
1.91
1.93
1.94
1.89
1.90
1.93
1.93
1.93
1.93
1.90
1.89
1.95
1.90
1.87
1.87
1.87
1.87	149.71
1.87
1.89
1.88
1.89
1.88
1.93
1.89
1.86
1.86
1.87
1.88
1.86
1.89
1.87
1.89
1.82
1.84
1.84
1.91
1.95
1.88
1.89
1.88
1.83
1.88
1.83
1.84
1.87
1.86
1.87
1.85
CorWatt	PkgWatt
121.13	297.49
1.93	151.18
1.95
1.95
1.92
1.94
1.92
1.97
1.95
1.87
1.90
1.85
1.89
2.12
1.89
1.88
1.89
1.91
2.03
1.95
1.94
1.95
1.98
1.99
1.97
1.94
1.96
1.94
1.94
1.95
1.93
1.96
1.91
1.85	146.19
1.85
1.87
1.86
1.87
1.86
1.90
1.87
1.84
1.84
1.84
1.84
1.83
1.88
1.84
1.85
1.82
1.81
1.81
1.82
1.88
1.87
1.88
1.86
1.81
1.83
1.81
1.80
1.83
1.84
1.84
1.83
CorWatt	PkgWatt
130.69	294.54
2.07	148.58
2.19
2.17
2.03
2.05
2.07
2.06
2.07
2.06
2.06
1.98
2.02
2.05
2.02
1.95
2.04
2.03
2.01
2.07
2.05
2.11
2.16
2.10
2.11
2.12
2.21
2.15
2.08
2.14
2.12
2.08
2.09
2.02	145.87
2.05
2.04
2.00
2.00
2.04
2.00
2.01
2.01
1.97
2.01
1.97
1.99
2.02
2.01
2.01
2.00
2.01
1.96
1.95
2.00
2.05
2.06
2.01
2.00
2.02
1.96
1.98
1.99
2.00
2.02
2.01
CorWatt	PkgWatt
132.69	290.52
2.12	146.72
2.19
2.15
2.10
2.10
2.11
2.12
2.07
2.15
2.12
2.05
2.06
2.08
2.04
1.97
2.14
2.07
2.05
2.13
2.06
2.15
2.17
2.16
2.10
2.14
2.21
2.14
2.10
2.23
2.21
2.15
2.16
2.04	143.90
2.06
2.06
2.03
2.02
2.07
2.00
2.02
2.04
1.99
2.04
1.99
2.02
2.05
2.05
2.04
2.03
2.04
1.97
1.97
2.01
2.09
2.09
2.03
2.02
2.06
1.99
1.99
2.00
2.00
2.06
2.04
CorWatt	PkgWatt
156.56	348.88
2.72	179.22
2.28
2.64
2.62
2.65
2.85
2.70
2.93
2.50
2.32
2.25
2.24
2.25
2.30
2.31
2.57
2.43
2.61
2.50
2.50
2.55
2.65
2.68
2.51
2.46
2.75
2.50
2.56
3.43
3.29
3.11
3.21
2.34	168.90
2.17
2.35
2.26
2.31
2.22
2.16
2.24
2.32
2.18
2.32
2.24
2.30
2.34
2.34
2.33
2.26
2.35
2.16
2.25
2.19
2.38
2.38
2.27
2.02
2.33
2.12
2.22
2.17
2.21
2.35
2.35
