CorWatt	PkgWatt
14.76	127.07
0.49	127.07
0.46
0.46
0.43
0.49
0.51
0.48
0.49
0.41
0.44
0.37
0.38
0.51
0.51
0.50
0.58
0.51
0.47
0.49
0.48
0.38
0.41
0.41
0.43
0.38
0.38
0.39
0.40
0.53
0.52
0.52
0.51
CorWatt	PkgWatt
15.65	127.20
0.54	127.72
0.49
0.54
0.48
0.50
0.53
0.53
0.52
0.44
0.47
0.37
0.38
0.56
0.57
0.55
0.59
0.53
0.53
0.49
0.48
0.40
0.43
0.45
0.43
0.44
0.42
0.43
0.45
0.52
0.51
0.56
0.54
CorWatt	PkgWatt
17.21	129.82
0.68	129.35
0.58
0.54
0.56
0.62
0.59
0.59
0.74
0.57
0.59
0.49
0.51
0.65
0.53
0.50
0.53
0.47
0.63
0.53
0.50
0.51
0.47
0.44
0.42
0.39
0.38
0.48
0.45
0.54
0.54
0.64
0.53
CorWatt	PkgWatt
14.82	127.25
0.53	127.18
0.52
0.53
0.55
0.52
0.52
0.49
0.49
0.45
0.45
0.37
0.38
0.51
0.54
0.49
0.51
0.45
0.48
0.46
0.46
0.39
0.42
0.39
0.39
0.36
0.36
0.38
0.37
0.52
0.51
0.51
0.50
