CorWatt	PkgWatt
4.84	154.42
0.08	76.76
0.08
0.07
0.07
0.07
0.07
0.07
0.07
0.06
0.06
0.07
0.06
0.06
0.06
0.06
0.06
0.07
0.07
0.08
0.07
0.08
0.08
0.08
0.08
0.07
0.07
0.07
0.07
0.06
0.07
0.07
0.06
0.08	77.72
0.08
0.08
0.08
0.08
0.08
0.08
0.08
0.08
0.07
0.07
0.07
0.07
0.07
0.07
0.07
0.08
0.08
0.08
0.16
0.08
0.08
0.08
0.08
0.08
0.09
0.08
0.08
0.08
0.07
0.08
0.07
CorWatt	PkgWatt
4.92	151.85
0.08	75.64
0.07
0.07
0.07
0.07
0.07
0.07
0.07
0.06
0.06
0.06
0.06
0.06
0.06
0.06
0.06
0.07
0.07
0.09
0.07
0.09
0.08
0.08
0.08
0.07
0.07
0.07
0.07
0.06
0.06
0.06
0.06
0.08	76.51
0.08
0.08
0.08
0.09
0.08
0.08
0.11
0.08
0.07
0.08
0.07
0.08
0.12
0.07
0.07
0.09
0.08
0.08
0.09
0.09
0.08
0.10
0.08
0.09
0.09
0.08
0.08
0.08
0.07
0.10
0.07
CorWatt	PkgWatt
15.05	177.01
0.25	91.44
0.20
0.19
0.19
0.30
0.21
0.19
0.19
0.28
0.29
0.40
2.32
0.20
0.23
0.22
0.29
0.35
0.29
0.33
0.37
0.21
0.20
0.21
0.16
0.29
0.21
0.19
0.19
0.20
0.25
0.25
0.18
0.19	85.32
0.14
0.14
0.18
0.23
0.15
0.15
0.15
0.18
0.16
0.16
0.28
0.12
0.17
0.14
0.12
0.20
0.19
0.19
0.16
0.18
0.14
0.14
0.14
0.18
0.14
0.12
0.14
0.14
0.12
0.19
0.16
