CorWatt	PkgWatt
4.30	151.05
0.08	75.96
0.08
0.08
0.08
0.08
0.08
0.08
0.08
0.08
0.08
0.07
0.07
0.07
0.07
0.07
0.07
0.08
0.08
0.08
0.08
0.09
0.08
0.08
0.08
0.08
0.08
0.08
0.08
0.08
0.08
0.08
0.08
0.06	75.06
0.06
0.06
0.06
0.06
0.06
0.06
0.06
0.05
0.05
0.05
0.05
0.05
0.05
0.05
0.05
0.06
0.06
0.05
0.06
0.06
0.06
0.06
0.06
0.05
0.06
0.05
0.05
0.05
0.05
0.05
0.05
CorWatt	PkgWatt
4.79	151.60
0.09	76.36
0.09
0.09
0.10
0.09
0.08
0.08
0.09
0.08
0.08
0.07
0.09
0.09
0.07
0.07
0.08
0.08
0.08
0.17
0.09
0.11
0.10
0.09
0.09
0.08
0.08
0.08
0.09
0.09
0.09
0.08
0.08
0.07	75.35
0.07
0.06
0.07
0.07
0.07
0.07
0.07
0.06
0.06
0.06
0.06
0.05
0.05
0.05
0.05
0.07
0.07
0.06
0.07
0.07
0.07
0.07
0.07
0.06
0.06
0.06
0.06
0.06
0.06
0.06
0.06
