CorWatt	PkgWatt
15.13	126.95
0.52	127.03
0.48
0.55
0.48
0.52
0.54
0.52
0.51
0.44
0.47
0.42
0.42
0.52
0.54
0.50
0.53
0.47
0.51
0.52
0.46
0.40
0.41
0.43
0.38
0.38
0.37
0.40
0.35
0.54
0.53
0.53
0.52
CorWatt	PkgWatt
14.76	126.82
0.52	126.89
0.45
0.52
0.47
0.50
0.51
0.55
0.49
0.42
0.44
0.38
0.41
0.53
0.52
0.50
0.52
0.46
0.46
0.51
0.45
0.41
0.39
0.38
0.40
0.40
0.36
0.36
0.36
0.51
0.53
0.53
0.51
CorWatt	PkgWatt
18.36	129.61
0.67	129.48
0.56
0.54
0.56
0.57
0.68
0.55
0.59
0.63
0.63
0.60
0.60
0.67
0.65
0.59
0.65
0.51
0.57
0.58
0.53
0.48
0.45
0.50
0.53
0.50
0.55
0.57
0.46
0.56
0.60
0.64
0.59
CorWatt	PkgWatt
14.73	126.85
0.56	126.81
0.44
0.47
0.46
0.49
0.51
0.48
0.47
0.47
0.52
0.46
0.48
0.50
0.50
0.49
0.50
0.46
0.46
0.50
0.46
0.39
0.39
0.39
0.38
0.36
0.36
0.40
0.35
0.52
0.52
0.50
0.49
CorWatt	PkgWatt
16.88	128.60
0.66	128.50
0.48
0.50
0.54
0.64
0.69
0.54
0.53
0.48
0.53
0.52
0.49
0.56
0.56
0.54
0.56
0.54
0.51
0.54
0.51
0.46
0.43
0.43
0.44
0.51
0.42
0.45
0.44
0.57
0.56
0.61
0.64
