CorWatt	PkgWatt
5.04	154.02
0.10	76.29
0.10
0.09
0.09
0.08
0.08
0.08
0.08
0.07
0.08
0.07
0.07
0.08
0.07
0.07
0.07
0.09
0.08
0.08
0.09
0.10
0.10
0.09
0.08
0.08
0.08
0.08
0.08
0.07
0.07
0.07
0.07
0.08	77.76
0.08
0.08
0.08
0.08
0.08
0.08
0.08
0.08
0.07
0.07
0.07
0.07
0.07
0.07
0.07
0.08
0.08
0.07
0.08
0.08
0.08
0.08
0.08
0.09
0.09
0.08
0.08
0.07
0.07
0.07
0.07
CorWatt	PkgWatt
5.06	152.10
0.10	75.95
0.08
0.08
0.09
0.08
0.08
0.08
0.17
0.07
0.07
0.08
0.07
0.07
0.07
0.07
0.07
0.08
0.08
0.09
0.09
0.11
0.09
0.08
0.08
0.10
0.08
0.08
0.08
0.07
0.07
0.07
0.09
0.08	76.13
0.08
0.08
0.07
0.08
0.08
0.08
0.08
0.08
0.07
0.07
0.07
0.07
0.07
0.06
0.06
0.08
0.07
0.07
0.08
0.08
0.09
0.08
0.08
0.09
0.08
0.08
0.08
0.07
0.07
0.07
0.07
CorWatt	PkgWatt
13.34	175.65
0.28	91.61
0.20
0.18
0.26
0.34
0.22
0.25
0.22
0.17
0.23
0.27
0.23
0.17
0.17
0.15
0.27
0.18
0.16
0.26
0.21
0.22
0.24
0.18
0.16
0.21
0.17
0.17
0.20
0.20
2.06
0.20
0.28
0.14	85.66
0.14
0.11
0.16
0.17
0.13
0.12
0.17
0.17
0.16
0.18
0.18
0.12
0.15
0.12
0.16
0.14
0.13
0.12
0.17
0.14
0.16
0.15
0.15
0.17
0.15
0.13
0.16
0.13
0.15
0.18
0.17
