CorWatt	PkgWatt
15.63	128.10
0.54	128.10
0.53
0.53
0.53
0.55
0.53
0.51
0.53
0.44
0.47
0.48
0.45
0.51
0.52
0.51
0.54
0.47
0.50
0.48
0.51
0.41
0.44
0.42
0.41
0.39
0.40
0.41
0.37
0.55
0.51
0.59
0.57
CorWatt	PkgWatt
15.03	127.25
0.49	127.43
0.51
0.48
0.53
0.55
0.51
0.50
0.50
0.41
0.45
0.38
0.44
0.52
0.52
0.50
0.53
0.46
0.50
0.47
0.47
0.39
0.45
0.41
0.39
0.39
0.38
0.38
0.38
0.54
0.51
0.56
0.53
CorWatt	PkgWatt
20.62	132.43
0.70	132.28
0.71
0.66
0.74
0.67
0.69
0.66
0.71
0.59
0.66
0.63
0.58
0.66
0.62
0.61
0.69
0.58
0.60
0.52
0.56
0.55
0.60
0.46
0.49
0.56
0.70
0.62
0.55
0.73
0.91
0.86
0.78
CorWatt	PkgWatt
16.11	128.33
0.53	128.30
0.52
0.49
0.52
0.50
0.57
0.54
0.50
0.45
0.53
0.46
0.47
0.55
0.52
0.57
0.57
0.51
0.47
0.49
0.48
0.42
0.45
0.44
0.45
0.43
0.38
0.44
0.41
0.61
0.55
0.64
0.65
CorWatt	PkgWatt
16.15	128.26
0.55	128.26
0.65
0.55
0.54
0.55
0.56
0.56
0.55
0.41
0.48
0.44
0.46
0.54
0.56
0.55
0.57
0.49
0.48
0.51
0.48
0.45
0.48
0.44
0.43
0.39
0.38
0.41
0.40
0.58
0.57
0.59
0.56
CorWatt	PkgWatt
16.25	128.56
0.57	128.58
0.57
0.53
0.52
0.55
0.54
0.55
0.56
0.48
0.50
0.52
0.51
0.58
0.54
0.56
0.60
0.53
0.52
0.52
0.48
0.44
0.49
0.40
0.39
0.37
0.44
0.38
0.35
0.61
0.55
0.56
0.55
CorWatt	PkgWatt
15.74	128.10
0.53	128.08
0.63
0.54
0.50
0.55
0.57
0.56
0.59
0.41
0.45
0.39
0.45
0.56
0.54
0.53
0.55
0.46
0.48
0.50
0.47
0.39
0.45
0.44
0.39
0.41
0.39
0.42
0.39
0.55
0.60
0.55
0.52
CorWatt	PkgWatt
16.12	128.27
0.61	128.26
0.56
0.52
0.52
0.54
0.64
0.58
0.53
0.44
0.51
0.42
0.46
0.58
0.56
0.57
0.59
0.47
0.47
0.53
0.50
0.42
0.44
0.41
0.42
0.40
0.42
0.46
0.39
0.54
0.55
0.52
0.52
CorWatt	PkgWatt
15.60	127.94
0.52	127.94
0.51
0.50
0.49
0.52
0.56
0.54
0.54
0.48
0.47
0.43
0.47
0.54
0.65
0.58
0.57
0.46
0.51
0.49
0.48
0.42
0.39
0.43
0.45
0.38
0.39
0.43
0.35
0.53
0.50
0.51
0.54
CorWatt	PkgWatt
16.07	128.40
0.55	128.40
0.56
0.48
0.50
0.52
0.56
0.57
0.51
0.41
0.47
0.40
0.47
0.55
0.55
0.54
0.56
0.51
0.52
0.52
0.53
0.51
0.46
0.46
0.51
0.39
0.39
0.43
0.42
0.58
0.54
0.57
0.54
CorWatt	PkgWatt
15.71	128.06
0.55	128.05
0.56
0.53
0.50
0.50
0.53
0.56
0.52
0.42
0.47
0.42
0.44
0.52
0.53
0.53
0.56
0.52
0.52
0.50
0.53
0.40
0.45
0.52
0.46
0.42
0.38
0.37
0.35
0.53
0.50
0.55
0.54
CorWatt	PkgWatt
15.54	128.03
0.51	128.03
0.50
0.47
0.49
0.50
0.52
0.53
0.53
0.53
0.48
0.41
0.48
0.56
0.59
0.62
0.59
0.51
0.48
0.46
0.48
0.40
0.40
0.40
0.45
0.39
0.41
0.39
0.36
0.55
0.51
0.52
0.54
CorWatt	PkgWatt
19.19	130.81
0.66	130.82
0.69
0.64
0.64
0.61
0.75
0.63
0.56
0.62
0.63
0.62
0.76
0.76
0.68
0.76
0.80
0.50
0.54
0.50
0.55
0.48
0.46
0.48
0.56
0.51
0.52
0.43
0.41
0.61
0.59
0.62
0.64
