CorWatt	PkgWatt
6.93	160.27
0.13	80.50
0.12
0.12
0.13
0.12
0.12
0.12
0.12
0.10
0.10
0.10
0.10
0.17
0.10
0.10
0.10
0.12
0.12
0.12
0.12
0.13
0.12
0.12
0.12
0.12
0.12
0.12
0.12
0.10
0.10
0.10
0.10
0.10	79.89
0.11
0.11
0.10
0.11
0.11
0.11
0.11
0.09
0.09
0.09
0.09
0.09
0.09
0.09
0.09
0.11
0.11
0.10
0.11
0.11
0.11
0.11
0.11
0.10
0.10
0.10
0.10
0.09
0.09
0.09
0.10
CorWatt	PkgWatt
6.76	156.87
0.12	78.14
0.11
0.11
0.12
0.11
0.11
0.11
0.11
0.09
0.09
0.09
0.09
0.09
0.09
0.09
0.09
0.11
0.11
0.11
0.11
0.12
0.11
0.11
0.11
0.11
0.11
0.11
0.11
0.09
0.09
0.09
0.09
0.11	78.61
0.11
0.11
0.10
0.12
0.11
0.11
0.11
0.11
0.09
0.09
0.10
0.10
0.10
0.09
0.18
0.11
0.11
0.12
0.12
0.11
0.11
0.13
0.11
0.10
0.09
0.10
0.10
0.10
0.10
0.09
0.11
CorWatt	PkgWatt
16.19	182.98
0.22	87.98
0.18
0.17
0.22
0.17
0.16
0.20
0.20
0.15
0.16
0.15
0.18
0.19
0.16
0.16
0.16
0.20
0.16
0.19
0.16
0.19
0.17
0.19
0.16
0.16
0.15
0.15
0.18
0.17
0.18
0.16
0.17
0.25	95.02
0.27
0.25
0.24
0.32
0.29
0.23
0.30
0.29
0.25
0.34
0.31
0.25
0.23
0.21
0.30
0.27
0.27
0.28
0.31
0.32
0.30
0.33
2.21
0.27
0.22
0.22
0.22
0.30
0.28
0.26
0.25
