CorWatt	PkgWatt
4.65	153.48
0.08	77.08
0.08
0.08
0.08
0.08
0.08
0.08
0.08
0.08
0.08
0.07
0.07
0.07
0.07
0.07
0.07
0.08
0.08
0.08
0.08
0.09
0.08
0.08
0.08
0.08
0.08
0.08
0.08
0.07
0.08
0.08
0.07
0.07	76.55
0.07
0.07
0.07
0.07
0.07
0.07
0.07
0.06
0.06
0.06
0.06
0.06
0.06
0.06
0.06
0.07
0.15
0.06
0.07
0.07
0.07
0.07
0.07
0.06
0.07
0.06
0.06
0.06
0.06
0.06
0.06
CorWatt	PkgWatt
4.73	151.38
0.09	76.16
0.13
0.09
0.09
0.11
0.08
0.08
0.09
0.08
0.08
0.07
0.09
0.07
0.08
0.08
0.07
0.08
0.11
0.08
0.13
0.11
0.09
0.08
0.08
0.08
0.08
0.08
0.09
0.09
0.10
0.08
0.08
0.07	75.30
0.07
0.06
0.07
0.07
0.07
0.07
0.06
0.05
0.05
0.05
0.05
0.05
0.05
0.05
0.05
0.07
0.07
0.06
0.06
0.07
0.07
0.07
0.07
0.06
0.06
0.05
0.05
0.05
0.05
0.05
0.05
CorWatt	PkgWatt
99.16	260.41
0.52	155.55
1.55
1.76
1.71
1.71
1.69
1.63
1.61
1.76
1.67
1.65
1.69
1.71
1.67
1.58
1.59
1.83
1.85
1.85
1.91
1.76
3.62
1.66
1.67
1.79
1.76
1.77
1.75
1.76
1.78
1.64
1.71
1.71	151.00
1.70
1.69
1.68
1.76
1.75
1.62
1.69
1.74
1.72
1.71
1.74
1.74
1.74
1.61
1.62
1.75
1.75
1.75
1.76
1.77
1.78
1.66
1.66
1.76
1.75
1.76
1.75
1.75
1.74
1.60
1.57
