CorWatt	PkgWatt
4.40	151.15
0.08	75.93
0.08
0.08
0.08
0.08
0.08
0.08
0.08
0.08
0.08
0.07
0.08
0.07
0.07
0.07
0.07
0.08
0.08
0.08
0.08
0.09
0.08
0.08
0.08
0.08
0.08
0.08
0.08
0.08
0.08
0.08
0.08
0.07	75.22
0.06
0.06
0.06
0.07
0.07
0.07
0.06
0.05
0.05
0.05
0.05
0.05
0.05
0.05
0.05
0.07
0.06
0.06
0.06
0.07
0.07
0.07
0.07
0.06
0.06
0.05
0.05
0.05
0.05
0.05
0.06
CorWatt	PkgWatt
4.59	151.35
0.09	76.16
0.09
0.09
0.08
0.08
0.08
0.08
0.09
0.09
0.09
0.07
0.08
0.07
0.08
0.07
0.08
0.08
0.08
0.17
0.08
0.10
0.08
0.08
0.10
0.08
0.09
0.08
0.08
0.09
0.09
0.08
0.08
0.06	75.17
0.06
0.06
0.06
0.07
0.06
0.06
0.06
0.05
0.05
0.05
0.05
0.05
0.05
0.05
0.05
0.06
0.06
0.06
0.06
0.07
0.06
0.06
0.07
0.05
0.06
0.05
0.05
0.05
0.05
0.05
0.05
