CorWatt	PkgWatt
15.11	127.44
0.53	127.46
0.44
0.45
0.48
0.49
0.57
0.50
0.48
0.53
0.45
0.40
0.40
0.55
0.55
0.52
0.54
0.45
0.47
0.49
0.46
0.42
0.39
0.39
0.39
0.42
0.36
0.37
0.42
0.56
0.53
0.52
0.56
CorWatt	PkgWatt
15.10	126.60
0.52	127.23
0.45
0.49
0.44
0.52
0.56
0.49
0.48
0.48
0.48
0.38
0.42
0.53
0.52
0.52
0.53
0.52
0.49
0.50
0.49
0.42
0.42
0.40
0.40
0.40
0.40
0.38
0.40
0.54
0.52
0.53
0.51
CorWatt	PkgWatt
21.35	134.00
0.65	133.34
0.69
0.63
0.61
0.72
0.76
0.75
0.79
0.56
0.62
0.48
0.51
0.63
0.59
0.67
0.66
0.55
0.58
0.65
2.63
0.57
0.50
0.54
0.48
0.43
0.55
0.46
0.44
0.64
0.66
0.65
0.66
CorWatt	PkgWatt
16.45	128.38
0.53	128.36
0.46
0.48
0.44
0.54
0.62
0.52
0.62
0.48
0.48
0.38
0.39
0.50
0.50
0.49
0.51
0.44
0.46
0.49
0.58
0.67
0.64
1.10
0.65
0.35
0.36
0.36
0.35
0.54
0.51
0.50
0.51
CorWatt	PkgWatt
16.34	128.46
0.51	128.46
0.45
0.47
0.44
0.49
0.60
0.50
0.61
0.42
0.45
0.37
0.37
0.51
0.50
0.50
0.51
0.46
0.47
0.48
0.58
0.63
0.62
1.15
0.64
0.38
0.39
0.38
0.38
0.53
0.51
0.51
0.51
CorWatt	PkgWatt
17.55	129.18
0.56	129.21
0.51
0.52
0.47
0.55
0.62
0.59
0.61
0.50
0.53
0.47
0.46
0.53
0.52
0.55
0.51
0.46
0.47
0.53
0.58
0.67
1.05
0.79
0.64
0.40
0.42
0.41
0.39
0.57
0.55
0.55
0.58
CorWatt	PkgWatt
16.18	128.18
0.51	128.15
0.47
0.45
0.45
0.49
0.50
0.54
0.50
0.44
0.44
0.38
0.40
0.51
0.51
0.50
0.51
0.45
0.48
0.49
0.58
1.10
0.74
0.62
0.64
0.37
0.35
0.36
0.35
0.53
0.51
0.51
0.51
CorWatt	PkgWatt
16.44	128.78
0.53	128.77
0.48
0.44
0.43
0.53
0.53
0.55
0.53
0.40
0.44
0.37
0.38
0.51
0.50
0.51
0.52
0.45
0.46
0.50
0.57
0.66
1.42
0.60
0.65
0.35
0.35
0.35
0.36
0.55
0.50
0.50
0.51
CorWatt	PkgWatt
17.47	130.23
0.53	130.23
0.43
0.46
0.46
0.50
0.49
0.54
0.52
0.42
0.44
0.36
0.37
0.51
0.51
0.52
0.51
0.46
0.48
0.49
0.58
0.44
3.18
0.39
0.44
0.35
0.35
0.35
0.35
0.52
0.50
0.54
0.50
CorWatt	PkgWatt
17.44	130.23
0.53	130.24
0.43
0.48
0.44
0.50
0.51
0.53
0.50
0.42
0.48
0.37
0.40
0.50
0.50
0.49
0.50
0.45
0.47
0.49
0.56
0.41
3.18
0.39
0.42
0.36
0.35
0.36
0.36
0.53
0.51
0.51
0.51
CorWatt	PkgWatt
17.41	130.34
0.53	130.34
0.42
0.45
0.43
0.52
0.48
0.52
0.51
0.43
0.44
0.38
0.38
0.50
0.50
0.49
0.50
0.44
0.46
0.50
0.57
0.42
3.18
0.39
0.41
0.37
0.36
0.37
0.38
0.54
0.51
0.51
0.52
CorWatt	PkgWatt
17.25	130.13
0.53	130.13
0.43
0.44
0.43
0.52
0.51
0.53
0.50
0.41
0.42
0.36
0.38
0.50
0.51
0.49
0.50
0.44
0.46
0.51
0.57
0.40
3.18
0.39
0.41
0.35
0.35
0.35
0.36
0.52
0.50
0.50
0.50
CorWatt	PkgWatt
17.48	130.31
0.53	130.32
0.46
0.44
0.42
0.54
0.53
0.53
0.51
0.41
0.43
0.37
0.37
0.50
0.51
0.50
0.50
0.44
0.47
0.50
0.58
0.42
3.17
0.39
0.41
0.38
0.35
0.36
0.37
0.54
0.50
0.52
0.53
CorWatt	PkgWatt
17.44	130.41
0.54	130.40
0.43
0.44
0.43
0.50
0.50
0.52
0.49
0.40
0.44
0.37
0.39
0.50
0.53
0.51
0.52
0.46
0.46
0.49
0.57
0.41
3.18
0.41
0.43
0.36
0.35
0.36
0.36
0.57
0.50
0.51
0.51
CorWatt	PkgWatt
17.35	130.12
0.54	130.12
0.45
0.47
0.45
0.51
0.50
0.52
0.48
0.42
0.44
0.36
0.37
0.50
0.51
0.48
0.50
0.44
0.47
0.49
0.58
0.40
3.18
0.39
0.41
0.35
0.35
0.35
0.35
0.52
0.50
0.54
0.50
CorWatt	PkgWatt
17.22	130.19
0.53	130.19
0.42
0.44
0.42
0.53
0.50
0.53
0.49
0.39
0.43
0.36
0.38
0.50
0.50
0.48
0.50
0.44
0.48
0.50
0.59
0.40
3.18
0.39
0.41
0.35
0.35
0.36
0.35
0.52
0.50
0.50
0.51
CorWatt	PkgWatt
17.31	130.18
0.53	130.18
0.45
0.44
0.44
0.51
0.50
0.54
0.50
0.41
0.44
0.36
0.37
0.50
0.51
0.48
0.50
0.45
0.49
0.49
0.57
0.41
3.18
0.39
0.42
0.35
0.35
0.35
0.35
0.52
0.50
0.50
0.50
CorWatt	PkgWatt
17.53	130.45
0.54	130.45
0.44
0.44
0.45
0.52
0.51
0.53
0.51
0.43
0.43
0.37
0.38
0.51
0.51
0.49
0.53
0.45
0.46
0.50
0.57
0.41
3.18
0.39
0.42
0.37
0.37
0.38
0.37
0.56
0.50
0.50
0.51
CorWatt	PkgWatt
17.46	130.29
0.52	130.30
0.44
0.44
0.43
0.51
0.49
0.53
0.50
0.44
0.43
0.39
0.39
0.50
0.51
0.50
0.55
0.47
0.48
0.50
0.59
0.40
3.18
0.39
0.42
0.35
0.37
0.37
0.36
0.55
0.50
0.50
0.50
CorWatt	PkgWatt
17.61	130.31
0.53	130.31
0.46
0.48
0.45
0.52
0.50
0.52
0.49
0.42
0.47
0.37
0.39
0.50
0.50
0.48
0.55
0.45
0.46
0.49
0.56
0.42
3.10
0.41
0.44
0.37
0.36
0.37
0.39
0.57
0.54
0.53
0.54
CorWatt	PkgWatt
18.03	129.83
0.56	129.85
0.48
0.49
0.47
0.57
0.55
0.59
0.57
0.59
0.62
0.75
0.79
0.79
0.57
0.56
0.62
0.52
0.52
0.55
0.59
0.48
0.47
0.45
0.48
0.42
0.41
0.42
0.74
0.59
0.58
0.61
0.59
CorWatt	PkgWatt
16.79	128.85
0.51	128.84
0.46
0.45
0.45
0.52
0.49
0.53
0.48
0.75
0.76
0.74
1.41
0.62
0.55
0.53
0.57
0.46
0.46
0.49
0.46
0.39
0.42
0.38
0.39
0.36
0.36
0.36
0.36
0.54
0.52
0.51
0.51
CorWatt	PkgWatt
16.76	128.57
0.52	128.57
0.46
0.46
0.43
0.51
0.48
0.53
0.50
0.75
0.77
0.74
1.41
0.64
0.53
0.50
0.59
0.47
0.46
0.48
0.45
0.40
0.39
0.38
0.40
0.35
0.35
0.35
0.35
0.55
0.52
0.52
0.51
CorWatt	PkgWatt
17.05	128.94
0.53	128.95
0.44
0.46
0.44
0.51
0.53
0.53
0.54
0.77
0.79
0.95
1.22
0.62
0.51
0.51
0.60
0.44
0.45
0.53
0.45
0.41
0.42
0.38
0.42
0.35
0.35
0.36
0.35
0.56
0.54
0.54
0.53
CorWatt	PkgWatt
16.64	128.64
0.51	128.63
0.44
0.47
0.45
0.51
0.51
0.49
0.54
0.75
0.77
1.39
0.74
0.63
0.51
0.51
0.57
0.44
0.47
0.48
0.45
0.39
0.38
0.38
0.38
0.35
0.35
0.35
0.35
0.55
0.52
0.51
0.50
CorWatt	PkgWatt
17.02	128.66
0.53	128.66
0.44
0.46
0.46
0.51
0.50
0.53
0.49
1.29
0.79
0.87
0.76
0.65
0.57
0.54
0.60
0.46
0.46
0.51
0.46
0.39
0.38
0.38
0.39
0.36
0.37
0.39
0.38
0.57
0.50
0.52
0.51
CorWatt	PkgWatt
17.98	129.78
0.53	129.77
0.44
0.46
0.46
0.51
0.51
0.53
0.49
1.29
0.97
1.73
0.95
0.62
0.52
0.50
0.57
0.44
0.47
0.49
0.48
0.39
0.38
0.39
0.38
0.36
0.36
0.36
0.35
0.53
0.51
0.51
0.51
CorWatt	PkgWatt
19.49	130.92
0.52	130.92
0.44
0.44
0.43
0.53
0.48
0.52
0.47
1.24
1.23
2.98
1.23
0.62
0.51
0.49
0.52
0.45
0.45
0.48
0.45
0.38
0.38
0.39
0.40
0.35
0.35
0.36
0.35
0.53
0.50
0.50
0.51
CorWatt	PkgWatt
19.48	130.87
0.52	130.86
0.45
0.44
0.42
0.48
0.48
0.53
0.49
1.23
1.23
2.97
1.23
0.62
0.52
0.52
0.53
0.44
0.46
0.48
0.45
0.41
0.38
0.38
0.38
0.35
0.35
0.36
0.35
0.52
0.50
0.50
0.51
CorWatt	PkgWatt
20.02	131.27
0.56	131.28
0.47
0.47
0.48
0.49
0.51
0.55
0.51
2.98
1.24
1.23
1.23
0.62
0.53
0.51
0.53
0.45
0.47
0.49
0.46
0.39
0.38
0.38
0.39
0.38
0.38
0.39
0.38
0.56
0.54
0.54
0.53
CorWatt	PkgWatt
19.62	131.21
0.52	131.21
0.45
0.46
0.43
0.48
0.49
0.53
0.49
1.23
1.23
2.98
1.23
0.62
0.52
0.50
0.53
0.44
0.46
0.48
0.46
0.40
0.39
0.40
0.38
0.35
0.35
0.37
0.35
0.56
0.50
0.52
0.51
CorWatt	PkgWatt
19.62	131.07
0.53	131.06
0.45
0.46
0.43
0.49
0.49
0.54
0.48
1.23
1.23
2.99
1.23
0.63
0.51
0.51
0.52
0.46
0.48
0.48
0.49
0.39
0.38
0.38
0.38
0.35
0.35
0.36
0.35
0.53
0.51
0.50
0.50
CorWatt	PkgWatt
19.71	131.15
0.53	131.16
0.46
0.46
0.45
0.50
0.49
0.55
0.49
1.23
1.23
2.98
1.23
0.62
0.52
0.51
0.53
0.46
0.47
0.49
0.47
0.39
0.38
0.38
0.41
0.35
0.35
0.36
0.35
0.54
0.52
0.50
0.51
CorWatt	PkgWatt
19.78	131.18
0.55	131.18
0.46
0.49
0.44
0.49
0.50
0.54
0.49
2.45
1.23
1.76
1.23
0.62
0.52
0.50
0.54
0.45
0.46
0.48
0.47
0.38
0.41
0.39
0.41
0.37
0.37
0.36
0.37
0.53
0.52
0.51
0.52
CorWatt	PkgWatt
19.58	131.15
0.53	131.15
0.45
0.45
0.43
0.48
0.51
0.53
0.49
1.23
1.23
2.97
1.23
0.61
0.53
0.50
0.53
0.44
0.47
0.48
0.45
0.39
0.38
0.38
0.38
0.35
0.36
0.37
0.37
0.53
0.51
0.51
0.51
CorWatt	PkgWatt
19.62	131.03
0.54	131.03
0.46
0.46
0.43
0.48
0.48
0.55
0.49
3.00
1.23
1.23
1.23
0.63
0.51
0.50
0.54
0.45
0.45
0.48
0.45
0.38
0.38
0.38
0.39
0.35
0.35
0.36
0.37
0.53
0.50
0.52
0.51
CorWatt	PkgWatt
19.63	131.05
0.53	131.05
0.45
0.45
0.44
0.49
0.51
0.53
0.50
2.43
1.47
1.55
1.23
0.62
0.52
0.51
0.53
0.44
0.47
0.47
0.46
0.39
0.39
0.38
0.38
0.35
0.35
0.37
0.35
0.55
0.51
0.51
0.51
CorWatt	PkgWatt
19.57	131.14
0.55	131.14
0.50
0.48
0.46
0.57
0.56
0.59
0.59
1.70
1.06
0.89
0.92
0.68
0.57
0.59
0.61
0.50
0.51
0.94
0.52
0.46
0.47
0.45
0.48
0.40
0.41
0.42
0.40
0.59
0.55
0.57
0.57
CorWatt	PkgWatt
16.21	128.43
0.54	128.44
0.45
0.47
0.46
0.51
0.49
0.49
0.52
0.43
0.44
0.46
0.39
0.51
0.52
0.51
0.53
0.47
0.49
0.64
0.49
0.62
0.79
0.60
0.94
0.35
0.35
0.36
0.36
0.53
0.50
0.51
0.50
CorWatt	PkgWatt
15.93	128.04
0.53	128.03
0.44
0.46
0.44
0.50
0.49
0.48
0.48
0.43
0.50
0.44
0.39
0.50
0.51
0.49
0.50
0.44
0.48
0.57
0.49
0.63
1.04
0.64
0.63
0.35
0.35
0.36
0.36
0.53
0.50
0.50
0.50
CorWatt	PkgWatt
16.03	128.11
0.52	128.11
0.43
0.44
0.43
0.51
0.49
0.50
0.50
0.42
0.44
0.44
0.39
0.50
0.51
0.48
0.50
0.44
0.47
0.57
0.49
0.65
1.03
0.64
0.63
0.37
0.36
0.37
0.38
0.56
0.52
0.53
0.52
CorWatt	PkgWatt
16.05	128.20
0.53	128.20
0.44
0.46
0.43
0.52
0.51
0.49
0.50
0.41
0.45
0.43
0.39
0.50
0.51
0.49
0.51
0.45
0.49
0.58
0.51
0.64
1.02
0.64
0.64
0.37
0.35
0.36
0.36
0.52
0.50
0.51
0.51
CorWatt	PkgWatt
15.98	128.34
0.52	128.34
0.43
0.45
0.45
0.50
0.49
0.48
0.48
0.40
0.44
0.43
0.38
0.50
0.52
0.48
0.50
0.44
0.48
0.57
0.50
0.62
1.16
0.63
0.61
0.37
0.35
0.36
0.37
0.55
0.50
0.51
0.53
CorWatt	PkgWatt
18.50	133.68
0.54	133.68
0.44
0.45
0.47
0.50
0.49
0.49
0.48
0.40
0.44
0.38
0.40
0.50
0.52
0.50
0.53
0.45
0.47
0.56
0.49
0.40
4.37
0.43
0.40
0.35
0.35
0.36
0.35
0.52
0.49
0.50
0.50
CorWatt	PkgWatt
18.51	133.69
0.54	133.69
0.46
0.47
0.49
0.50
0.50
0.49
0.48
0.40
0.45
0.37
0.38
0.50
0.51
0.49
0.51
0.45
0.48
0.56
0.49
0.41
4.37
0.42
0.40
0.35
0.35
0.35
0.35
0.52
0.50
0.50
0.50
CorWatt	PkgWatt
18.73	134.01
0.54	134.02
0.45
0.46
0.48
0.52
0.50
0.50
0.49
0.41
0.44
0.37
0.39
0.52
0.52
0.50
0.51
0.47
0.49
0.56
0.51
0.41
4.38
0.42
0.40
0.36
0.35
0.36
0.35
0.53
0.53
0.51
0.51
CorWatt	PkgWatt
18.57	133.73
0.54	133.71
0.45
0.45
0.48
0.50
0.49
0.50
0.49
0.40
0.42
0.37
0.37
0.50
0.50
0.48
0.50
0.45
0.49
0.56
0.51
0.40
4.38
0.43
0.40
0.35
0.35
0.35
0.35
0.57
0.50
0.52
0.50
CorWatt	PkgWatt
18.77	133.90
0.55	133.92
0.46
0.46
0.50
0.52
0.50
0.49
0.49
0.43
0.43
0.37
0.38
0.51
0.52
0.49
0.51
4.42
0.49
0.57
0.52
0.40
0.43
0.43
0.41
0.35
0.37
0.37
0.37
0.54
0.50
0.50
0.51
CorWatt	PkgWatt
18.79	133.84
0.53	133.84
0.46
0.45
0.48
0.52
0.50
0.49
0.50
0.42
0.43
0.39
0.39
0.50
0.50
0.48
0.51
4.46
0.52
0.57
0.52
0.41
0.41
0.43
0.40
0.35
0.36
0.36
0.36
0.57
0.50
0.50
0.50
CorWatt	PkgWatt
19.22	134.14
0.55	134.14
0.48
0.51
0.50
0.53
0.51
0.50
0.49
0.43
0.48
0.37
0.40
0.50
0.52
0.50
0.51
4.47
0.50
0.58
0.51
0.42
0.41
0.44
0.43
0.39
0.37
0.39
0.38
0.55
0.53
0.52
0.55
CorWatt	PkgWatt
18.70	133.69
0.53	133.68
0.47
0.46
0.48
0.53
0.52
0.52
0.51
0.40
0.44
0.36
0.38
0.50
0.51
0.49
0.50
4.47
0.49
0.58
0.51
0.41
0.40
0.42
0.40
0.35
0.35
0.36
0.36
0.52
0.50
0.50
0.50
CorWatt	PkgWatt
18.83	133.79
0.54	133.79
0.48
0.46
0.49
0.52
0.50
0.49
0.49
0.43
0.44
0.37
0.38
0.50
0.53
0.52
0.51
4.47
0.49
0.58
0.51
0.40
0.40
0.42
0.40
0.35
0.35
0.36
0.35
0.58
0.52
0.51
0.50
CorWatt	PkgWatt
18.85	133.82
0.54	133.82
0.47
0.46
0.48
0.51
0.50
0.49
0.50
0.42
0.45
0.37
0.38
0.51
0.53
0.50
0.53
4.48
0.49
0.57
0.51
0.41
0.41
0.41
0.42
0.35
0.35
0.35
0.35
0.54
0.51
0.54
0.51
CorWatt	PkgWatt
18.99	133.85
0.56	133.84
0.49
0.48
0.47
0.52
0.51
0.52
0.50
0.45
0.46
0.39
0.39
0.50
0.52
0.51
0.54
4.47
0.50
0.57
0.51
0.41
0.42
0.44
0.41
0.35
0.35
0.36
0.36
0.53
0.50
0.51
0.51
CorWatt	PkgWatt
18.78	133.60
0.54	133.60
0.50
0.48
0.47
0.52
0.52
0.50
0.52
0.41
0.46
0.37
0.38
0.50
0.51
0.49
0.51
4.44
0.50
0.58
0.51
0.40
0.40
0.41
0.40
0.35
0.35
0.36
0.35
0.57
0.50
0.50
0.50
CorWatt	PkgWatt
18.38	130.68
0.77	130.70
0.55
0.50
0.54
0.64
0.88
0.62
0.61
0.46
0.53
0.47
0.47
0.59
0.63
0.60
0.61
0.93
0.54
0.59
0.59
0.45
0.45
0.47
0.47
0.42
0.41
0.44
0.76
0.60
0.57
0.60
0.61
CorWatt	PkgWatt
16.12	128.46
0.61	128.44
0.46
0.46
0.50
0.74
0.81
1.22
0.72
0.41
0.45
0.37
0.38
0.50
0.51
0.49
0.52
0.47
0.48
0.46
0.51
0.40
0.39
0.39
0.39
0.35
0.35
0.37
0.35
0.55
0.50
0.50
0.50
CorWatt	PkgWatt
16.43	128.48
0.59	128.48
0.48
0.46
0.50
0.76
0.84
1.19
0.72
0.43
0.45
0.38
0.41
0.52
0.52
0.52
0.52
0.48
0.47
0.47
0.51
0.40
0.39
0.39
0.40
0.36
0.37
0.39
0.37
0.56
0.51
0.53
0.52
CorWatt	PkgWatt
15.95	128.18
0.59	128.18
0.46
0.44
0.49
0.72
0.88
1.14
0.72
0.40
0.45
0.39
0.41
0.50
0.51
0.49
0.52
0.46
0.46
0.45
0.48
0.41
0.39
0.38
0.38
0.35
0.35
0.36
0.35
0.52
0.50
0.51
0.50
CorWatt	PkgWatt
16.26	128.46
0.61	128.46
0.49
0.49
0.53
0.72
1.02
0.99
0.71
0.41
0.50
0.37
0.39
0.51
0.51
0.48
0.51
0.45
0.47
0.45
0.48
0.40
0.38
0.38
0.38
0.36
0.37
0.38
0.38
0.56
0.54
0.55
0.51
CorWatt	PkgWatt
16.23	128.39
0.59	128.39
0.47
0.46
0.48
0.70
0.77
1.54
0.70
0.42
0.44
0.37
0.38
0.50
0.51
0.50
0.51
0.44
0.47
0.45
0.48
0.41
0.40
0.40
0.38
0.35
0.35
0.36
0.35
0.55
0.50
0.51
0.50
CorWatt	PkgWatt
17.78	130.24
0.59	130.24
0.46
0.47
0.48
0.63
0.69
3.20
0.61
0.41
0.47
0.37
0.38
0.50
0.51
0.49
0.51
0.47
0.49
0.46
0.51
0.40
0.40
0.38
0.39
0.35
0.35
0.36
0.35
0.53
0.52
0.53
0.51
CorWatt	PkgWatt
17.57	130.18
0.60	130.18
0.48
0.47
0.50
0.61
0.68
3.18
0.61
0.42
0.44
0.37
0.38
0.50
0.51
0.49
0.51
0.44
0.47
0.46
0.49
0.39
0.38
0.38
0.38
0.35
0.35
0.36
0.35
0.52
0.50
0.51
0.50
CorWatt	PkgWatt
17.68	130.21
0.61	130.22
0.46
0.48
0.48
0.61
0.69
3.18
0.62
0.41
0.45
0.37
0.38
0.50
0.50
0.48
0.52
0.44
0.46
0.45
0.50
0.39
0.40
0.38
0.40
0.35
0.36
0.36
0.37
0.55
0.52
0.52
0.52
CorWatt	PkgWatt
17.55	130.08
0.59	130.08
0.46
0.46
0.50
0.61
0.69
3.18
0.61
0.40
0.44
0.37
0.39
0.50
0.51
0.50
0.51
0.44
0.47
0.45
0.48
0.39
0.39
0.39
0.39
0.35
0.35
0.36
0.35
0.52
0.50
0.50
0.50
CorWatt	PkgWatt
17.66	130.09
0.61	130.09
0.48
0.47
0.48
0.61
0.71
3.16
0.61
0.42
0.43
0.37
0.38
0.50
0.50
0.49
0.51
0.44
0.47
0.46
0.50
0.39
0.39
0.38
0.39
0.36
0.35
0.36
0.35
0.53
0.51
0.52
0.52
CorWatt	PkgWatt
17.53	130.13
0.59	130.13
0.46
0.44
0.48
0.61
3.19
0.68
0.61
0.42
0.43
0.37
0.39
0.50
0.51
0.49
0.50
0.44
0.47
0.45
0.48
0.39
0.40
0.38
0.38
0.35
0.35
0.37
0.35
0.54
0.50
0.50
0.50
CorWatt	PkgWatt
18.62	130.93
0.62	130.94
0.48
0.48
0.52
0.67
3.18
0.71
0.67
0.46
0.56
0.42
0.42
0.53
0.53
0.52
0.54
0.51
0.48
0.49
0.51
0.40
0.43
0.41
0.44
0.35
0.38
0.37
0.37
0.55
0.53
0.55
0.54
CorWatt	PkgWatt
17.63	130.13
0.60	130.11
0.44
0.46
0.52
0.61
3.17
0.65
0.63
0.41
0.43
0.37
0.38
0.50
0.51
0.51
0.50
0.47
0.47
0.46
0.49
0.42
0.38
0.38
0.40
0.35
0.37
0.36
0.36
0.53
0.50
0.51
0.51
CorWatt	PkgWatt
17.70	130.24
0.59	130.24
0.45
0.48
0.49
0.61
3.20
0.64
0.61
0.40
0.49
0.37
0.38
0.50
0.50
0.49
0.51
0.46
0.48
0.47
0.50
0.39
0.38
0.38
0.39
0.35
0.37
0.36
0.36
0.53
0.50
0.52
0.52
CorWatt	PkgWatt
17.69	130.31
0.59	130.31
0.44
0.46
0.48
0.62
0.75
3.11
0.61
0.44
0.44
0.37
0.39
0.50
0.50
0.49
0.50
0.44
0.47
0.47
0.49
0.41
0.38
0.38
0.38
0.37
0.38
0.38
0.38
0.54
0.52
0.51
0.51
CorWatt	PkgWatt
17.70	130.16
0.60	130.16
0.45
0.44
0.48
0.63
1.11
2.80
0.62
0.41
0.45
0.37
0.38
0.50
0.50
0.48
0.50
0.46
0.48
0.49
0.51
0.38
0.38
0.40
0.40
0.37
0.36
0.36
0.35
0.52
0.50
0.51
0.50
CorWatt	PkgWatt
17.12	129.47
0.63	129.47
0.47
0.45
0.50
0.59
0.65
2.37
0.58
0.57
0.45
0.37
0.38
0.52
0.52
0.51
0.55
0.46
0.48
0.47
0.49
0.39
0.38
0.39
0.38
0.37
0.36
0.36
0.36
0.55
0.50
0.53
0.54
CorWatt	PkgWatt
17.71	129.73
0.56	129.73
0.50
0.50
0.55
0.54
0.60
0.56
0.56
0.62
0.50
0.43
0.44
0.56
0.57
0.56
0.57
0.48
0.51
0.51
0.53
0.44
0.44
0.44
0.44
0.41
0.40
0.40
0.65
1.24
0.74
0.74
0.74
CorWatt	PkgWatt
16.18	128.16
0.54	128.16
0.45
0.47
0.51
0.48
0.56
0.51
0.49
0.42
0.45
0.37
0.39
0.50
0.51
0.49
0.51
0.44
0.48
0.45
0.50
0.39
0.38
0.39
0.38
0.36
0.37
0.36
0.48
0.79
0.76
1.29
0.75
CorWatt	PkgWatt
16.10	128.22
0.51	128.22
0.44
0.44
0.47
0.50
0.55
0.50
0.48
0.42
0.44
0.37
0.38
0.50
0.51
0.50
0.51
0.44
0.48
0.47
0.50
0.38
0.38
0.40
0.38
0.37
0.37
0.36
0.47
0.77
0.77
1.32
0.75
CorWatt	PkgWatt
16.03	128.28
0.52	128.28
0.44
0.44
0.47
0.49
0.50
0.51
0.49
0.42
0.44
0.37
0.38
0.51
0.51
0.51
0.50
0.44
0.49
0.45
0.50
0.39
0.38
0.38
0.38
0.35
0.37
0.36
0.47
0.77
0.75
1.34
0.74
CorWatt	PkgWatt
16.50	128.46
0.55	128.46
0.45
0.46
0.49
0.50
0.51
0.50
0.49
0.41
0.45
0.38
0.39
0.52
0.53
0.51
0.52
0.46
0.47
0.48
0.50
0.40
0.39
0.39
0.39
0.37
0.41
0.41
0.49
1.04
0.76
1.11
0.76
CorWatt	PkgWatt
17.46	130.37
0.54	130.37
0.43
0.44
0.43
0.48
0.48
0.48
0.50
0.44
0.44
0.40
0.39
0.50
0.52
0.50
0.52
0.44
0.49
0.49
0.51
0.39
0.38
0.38
0.38
0.37
0.40
0.37
0.48
3.18
0.59
0.60
0.55
CorWatt	PkgWatt
17.95	130.80
0.55	130.81
0.44
0.48
0.48
0.48
0.50
0.49
0.48
0.43
0.48
0.38
0.40
0.50
0.51
0.50
0.51
0.44
0.47
0.46
0.48
0.40
0.38
0.41
0.40
0.40
0.40
0.39
0.49
3.49
0.57
0.57
0.56
CorWatt	PkgWatt
17.56	130.83
0.52	130.82
0.42
0.44
0.47
0.50
0.51
0.50
0.50
0.40
0.44
0.38
0.38
0.50
0.52
0.50
0.51
0.44
0.46
0.46
0.48
0.39
0.38
0.38
0.38
0.37
0.39
0.37
0.47
3.49
0.55
0.52
0.52
CorWatt	PkgWatt
17.85	130.79
0.53	130.79
0.44
0.46
0.47
0.52
0.50
0.49
0.49
0.43
0.44
0.38
0.39
0.52
0.56
0.56
0.52
0.44
0.47
0.47
0.49
0.39
0.38
0.38
0.39
0.38
0.39
0.38
0.47
3.49
0.57
0.53
0.53
CorWatt	PkgWatt
17.67	130.66
0.53	130.66
0.45
0.44
0.47
0.48
0.48
0.49
0.49
0.41
0.46
0.38
0.38
0.52
0.54
0.52
0.54
0.44
0.46
0.47
0.49
0.39
0.38
0.38
0.40
0.37
0.39
0.37
0.48
3.49
0.54
0.52
0.52
CorWatt	PkgWatt
17.63	130.73
0.53	130.73
0.43
0.45
0.48
0.48
0.49
0.50
0.49
0.43
0.45
0.39
0.38
0.51
0.53
0.52
0.52
0.44
0.46
0.47
0.49
0.38
0.38
0.38
0.38
0.37
0.39
0.37
0.47
3.49
0.55
0.52
0.52
CorWatt	PkgWatt
17.68	130.85
0.52	130.85
0.43
0.48
0.50
0.48
0.51
0.49
0.50
0.41
0.45
0.38
0.38
0.50
0.52
0.50
0.52
0.44
0.48
0.47
0.48
0.39
0.38
0.38
0.38
0.37
0.39
0.37
0.48
3.50
0.55
0.56
0.52
CorWatt	PkgWatt
17.99	130.85
0.53	130.85
0.45
0.46
0.48
0.49
0.50
0.49
0.48
0.42
0.49
0.43
0.42
0.54
0.56
0.54
0.54
0.44
0.46
0.49
0.49
0.39
0.39
0.38
0.38
0.37
0.39
0.39
0.47
3.49
0.54
0.56
0.54
CorWatt	PkgWatt
17.64	130.69
0.54	130.69
0.46
0.47
0.48
0.48
0.48
0.48
0.49
0.41
0.45
0.38
0.38
0.51
0.52
0.50
0.52
0.44
0.47
0.47
0.51
0.39
0.38
0.38
0.38
0.37
0.39
0.37
0.46
3.49
0.54
0.52
0.52
CorWatt	PkgWatt
17.58	130.74
0.53	130.74
0.48
0.44
0.44
0.49
0.49
0.48
0.48
0.39
0.44
0.38
0.38
0.52
0.52
0.51
0.52
0.44
0.46
0.47
0.49
0.38
0.38
0.40
0.38
0.37
0.40
0.37
0.47
3.49
0.54
0.52
0.54
CorWatt	PkgWatt
17.55	130.68
0.52	130.68
0.47
0.44
0.43
0.48
0.49
0.49
0.48
0.41
0.46
0.40
0.40
0.50
0.52
0.50
0.52
0.44
0.46
0.47
0.48
0.40
0.38
0.38
0.38
0.37
0.37
0.37
0.47
3.49
0.54
0.52
0.52
CorWatt	PkgWatt
18.67	131.41
0.57	131.43
0.50
0.53
0.53
0.53
0.51
0.54
0.48
0.40
0.52
0.42
0.41
0.54
0.55
0.54
0.56
0.49
0.47
0.52
0.51
0.40
0.41
0.38
0.38
0.43
0.42
0.48
0.44
3.49
0.58
0.59
0.54
CorWatt	PkgWatt
18.39	130.58
0.62	130.58
0.61
0.75
0.56
0.55
1.06
0.56
0.56
0.45
0.50
0.42
0.43
0.56
0.57
0.57
0.59
0.50
0.53
0.53
0.54
0.47
0.46
0.45
0.45
0.47
0.43
0.54
0.46
1.31
0.61
0.65
0.62
CorWatt	PkgWatt
16.65	128.71
0.84	128.70
1.47
0.87
0.78
0.51
0.63
0.50
0.48
0.41
0.45
0.37
0.38
0.50
0.50
0.49
0.51
0.46
0.47
0.48
0.51
0.38
0.39
0.38
0.38
0.36
0.35
0.37
0.35
0.56
0.52
0.52
0.51
CorWatt	PkgWatt
16.50	128.62
0.84	128.62
1.46
0.86
0.79
0.49
0.61
0.49
0.49
0.41
0.44
0.37
0.38
0.50
0.52
0.50
0.51
0.44
0.47
0.48
0.48
0.39
0.38
0.38
0.38
0.35
0.35
0.36
0.35
0.52
0.51
0.50
0.50
CorWatt	PkgWatt
16.76	128.79
0.84	128.79
1.45
0.87
0.78
0.49
0.63
0.49
0.50
0.41
0.45
0.37
0.39
0.51
0.51
0.49
0.51
0.45
0.47
0.48
0.49
0.39
0.40
0.38
0.40
0.37
0.37
0.37
0.37
0.53
0.53
0.52
0.52
CorWatt	PkgWatt
16.48	128.70
0.84	128.70
1.45
0.83
0.78
0.50
0.62
0.49
0.50
0.42
0.46
0.37
0.38
0.50
0.52
0.48
0.51
0.44
0.48
0.48
0.49
0.39
0.38
0.38
0.38
0.35
0.35
0.36
0.35
0.51
0.51
0.50
0.50
CorWatt	PkgWatt
16.53	128.54
0.85	128.54
0.83
1.03
1.26
0.49
0.62
0.50
0.48
0.42
0.43
0.37
0.38
0.50
0.50
0.48
0.50
0.44
0.47
0.48
0.49
0.39
0.38
0.38
0.38
0.36
0.35
0.36
0.38
0.52
0.51
0.51
0.50
CorWatt	PkgWatt
17.06	128.98
0.92	128.98
0.90
0.91
1.73
0.49
0.61
0.49
0.49
0.43
0.44
0.37
0.40
0.50
0.50
0.49
0.50
0.44
0.48
0.49
0.48
0.39
0.40
0.39
0.38
0.35
0.35
0.35
0.37
0.51
0.50
0.51
0.50
CorWatt	PkgWatt
19.87	131.35
1.29	131.36
3.03
1.29
1.29
0.53
0.60
0.51
0.53
0.42
0.45
0.39
0.40
0.51
0.50
0.51
0.52
0.46
0.47
0.50
0.50
0.39
0.41
0.39
0.42
0.36
0.37
0.36
0.36
0.54
0.51
0.52
0.51
CorWatt	PkgWatt
19.75	131.41
1.29	131.40
3.02
1.29
1.28
0.50
0.62
0.50
0.52
0.43
0.44
0.38
0.38
0.52
0.52
0.52
0.52
0.47
0.48
0.46
0.49
0.41
0.39
0.39
0.42
0.36
0.38
0.37
0.36
0.52
0.51
0.51
0.51
CorWatt	PkgWatt
19.47	131.09
1.29	131.09
3.02
1.29
1.28
0.49
0.61
0.49
0.49
0.40
0.48
0.38
0.38
0.50
0.51
0.49
0.52
0.44
0.47
0.45
0.49
0.39
0.38
0.39
0.39
0.35
0.37
0.35
0.36
0.52
0.51
0.51
0.50
CorWatt	PkgWatt
19.64	131.24
1.29	131.24
1.28
1.29
3.03
0.51
0.62
0.49
0.50
0.43
0.42
0.37
0.39
0.50
0.51
0.49
0.50
0.44
0.47
0.47
0.48
0.41
0.38
0.38
0.38
0.37
0.38
0.38
0.38
0.53
0.53
0.52
0.52
CorWatt	PkgWatt
19.88	131.56
1.29	131.56
3.03
1.29
1.28
0.53
0.63
0.50
0.54
0.42
0.46
0.39
0.40
0.50
0.50
0.49
0.51
0.45
0.50
0.51
0.51
0.39
0.39
0.39
0.39
0.38
0.37
0.37
0.38
0.52
0.52
0.53
0.52
CorWatt	PkgWatt
19.55	131.07
1.29	131.07
1.72
1.29
2.57
0.49
0.61
0.49
0.50
0.41
0.43
0.37
0.38
0.50
0.52
0.50
0.51
0.44
0.47
0.45
0.49
0.39
0.39
0.39
0.39
0.37
0.37
0.36
0.39
0.51
0.51
0.52
0.52
CorWatt	PkgWatt
19.39	131.07
1.29	131.07
1.28
1.29
3.01
0.50
0.60
0.49
0.49
0.42
0.43
0.37
0.38
0.50
0.51
0.49
0.51
0.44
0.46
0.45
0.48
0.38
0.39
0.39
0.39
0.35
0.36
0.36
0.35
0.51
0.50
0.51
0.50
CorWatt	PkgWatt
19.49	131.31
1.29	131.32
1.68
1.29
2.62
0.50
0.61
0.49
0.49
0.40
0.45
0.37
0.38
0.50
0.50
0.50
0.52
0.44
0.51
0.45
0.48
0.39
0.38
0.39
0.38
0.35
0.37
0.36
0.38
0.51
0.51
0.50
0.50
CorWatt	PkgWatt
19.66	131.25
1.29	131.24
1.44
1.29
2.87
0.51
0.61
0.50
0.50
0.42
0.43
0.37
0.39
0.50
0.52
0.49
0.51
0.45
0.49
0.48
0.51
0.39
0.39
0.40
0.39
0.37
0.37
0.36
0.35
0.52
0.51
0.52
0.50
CorWatt	PkgWatt
19.47	131.11
1.29	131.11
2.08
1.29
2.22
0.50
0.61
0.50
0.49
0.41
0.43
0.37
0.38
0.50
0.51
0.49
0.50
0.44
0.50
0.45
0.51
0.39
0.38
0.38
0.38
0.35
0.36
0.35
0.35
0.51
0.51
0.51
0.50
CorWatt	PkgWatt
18.50	130.35
1.14	130.35
1.11
1.12
2.52
0.49
0.59
0.49
0.49
0.40
0.43
0.37
0.40
0.52
0.51
0.49
0.50
0.44
0.47
0.47
0.49
0.38
0.38
0.38
0.38
0.35
0.39
0.38
0.36
0.54
0.50
0.51
0.50
CorWatt	PkgWatt
20.41	134.83
0.62	134.85
0.53
0.76
0.57
0.61
0.66
0.59
3.37
0.49
0.52
0.47
0.79
0.59
0.60
0.61
0.61
0.50
0.54
0.53
0.56
0.46
0.45
0.46
0.45
0.43
0.45
0.44
0.46
0.58
0.56
0.58
0.58
CorWatt	PkgWatt
20.55	137.99
0.58	137.98
0.47
0.59
0.50
0.53
0.53
0.50
5.94
0.42
0.48
0.38
0.40
0.50
0.51
0.50
0.52
0.46
0.47
0.47
0.49
0.40
0.38
0.40
0.40
0.38
0.40
0.39
0.38
0.55
0.54
0.53
0.55
CorWatt	PkgWatt
20.05	137.76
0.53	137.75
0.45
0.55
0.47
0.55
0.52
0.52
5.95
0.41
0.44
0.38
0.40
0.50
0.51
0.49
0.50
0.44
0.47
0.47
0.50
0.39
0.38
0.38
0.38
0.35
0.38
0.36
0.35
0.53
0.51
0.50
0.50
CorWatt	PkgWatt
20.13	137.70
0.54	137.70
0.44
0.57
0.48
0.54
0.51
0.50
5.95
0.41
0.43
0.37
0.38
0.51
0.53
0.54
0.51
0.44
0.46
0.47
0.48
0.39
0.39
0.38
0.38
0.35
0.37
0.36
0.37
0.51
0.53
0.52
0.50
CorWatt	PkgWatt
20.13	137.74
0.54	137.74
0.46
0.56
0.47
0.53
0.51
0.50
5.95
0.42
0.45
0.38
0.38
0.53
0.53
0.52
0.53
0.44
0.47
0.47
0.49
0.39
0.38
0.39
0.40
0.35
0.37
0.36
0.35
0.52
0.51
0.50
0.50
CorWatt	PkgWatt
20.21	137.83
0.55	137.83
0.44
0.57
0.47
0.53
0.51
0.52
5.96
0.44
0.44
0.40
0.38
0.50
0.52
0.53
0.52
0.44
0.46
0.47
0.49
0.38
0.39
0.39
0.39
0.36
0.37
0.37
0.36
0.52
0.51
0.51
0.51
CorWatt	PkgWatt
20.11	137.85
0.54	137.85
0.45
0.57
0.45
0.53
0.52
0.51
5.95
0.42
0.43
0.38
0.38
0.52
0.52
0.50
0.52
0.44
0.48
0.46
0.48
0.39
0.38
0.39
0.38
0.35
0.37
0.36
0.40
0.52
0.51
0.50
0.50
CorWatt	PkgWatt
20.32	138.05
0.55	138.05
0.44
0.57
0.45
0.53
0.53
0.50
5.95
0.42
0.45
0.42
0.40
0.53
0.56
0.56
0.54
0.44
0.47
0.47
0.49
0.39
0.38
0.38
0.39
0.35
0.37
0.37
0.37
0.52
0.51
0.53
0.50
CorWatt	PkgWatt
20.19	137.88
0.55	137.88
0.45
0.57
0.46
0.53
0.51
0.50
5.95
0.42
0.44
0.38
0.38
0.50
0.54
0.50
0.52
0.44
0.48
0.47
0.51
0.40
0.38
0.39
0.39
0.35
0.38
0.37
0.35
0.53
0.52
0.51
0.51
CorWatt	PkgWatt
20.22	137.87
0.55	137.88
0.45
0.56
0.46
0.54
0.52
0.51
5.96
0.42
0.44
0.38
0.39
0.51
0.52
0.51
0.52
0.45
0.47
0.48
0.50
0.39
0.38
0.38
0.39
0.36
0.39
0.37
0.35
0.52
0.51
0.55
0.50
CorWatt	PkgWatt
20.23	138.07
0.55	138.07
0.45
0.57
0.45
0.55
0.54
0.51
5.96
0.42
0.45
0.40
0.41
0.51
0.52
0.51
0.52
0.44
0.47
0.48
0.49
0.41
0.38
0.38
0.39
0.35
0.36
0.36
0.38
0.53
0.51
0.50
0.50
CorWatt	PkgWatt
20.42	138.09
0.58	138.09
0.47
0.58
0.49
0.54
0.54
0.52
5.96
0.40
0.49
0.38
0.38
0.50
0.51
0.50
0.52
0.44
0.47
0.48
0.49
0.40
0.38
0.38
0.39
0.37
0.37
0.38
0.38
0.55
0.54
0.54
0.51
CorWatt	PkgWatt
20.17	137.89
0.55	137.89
0.46
0.56
0.44
0.53
0.51
0.51
5.96
0.43
0.43
0.38
0.38
0.51
0.52
0.51
0.52
0.45
0.47
0.47
0.49
0.41
0.40
0.39
0.40
0.35
0.35
0.36
0.40
0.52
0.51
0.51
0.50
CorWatt	PkgWatt
20.34	138.26
0.55	138.26
0.45
0.59
0.45
0.55
0.55
0.51
5.95
0.42
0.44
0.38
0.38
0.50
0.53
0.51
0.52
0.47
0.48
0.48
0.51
0.40
0.39
0.38
0.39
0.36
0.36
0.37
0.35
0.53
0.54
0.53
0.51
CorWatt	PkgWatt
20.15	137.88
0.56	137.88
0.45
0.58
0.46
0.53
0.52
0.51
5.95
0.42
0.43
0.39
0.38
0.50
0.52
0.50
0.52
0.45
0.47
0.48
0.50
0.40
0.38
0.38
0.39
0.35
0.35
0.36
0.38
0.52
0.51
0.51
0.50
CorWatt	PkgWatt
20.26	138.11
0.56	138.11
0.44
0.59
0.45
0.53
0.54
0.51
5.95
0.42
0.44
0.38
0.38
0.50
0.52
0.50
0.51
0.45
0.47
0.47
0.50
0.39
0.40
0.38
0.41
0.35
0.37
0.38
0.37
0.52
0.51
0.55
0.52
CorWatt	PkgWatt
20.08	138.06
0.56	138.06
0.45
0.56
0.44
0.54
0.53
0.50
5.96
0.41
0.43
0.38
0.38
0.50
0.52
0.50
0.52
0.45
0.47
0.47
0.49
0.40
0.38
0.38
0.39
0.35
0.36
0.36
0.35
0.52
0.51
0.50
0.51
CorWatt	PkgWatt
19.70	133.92
0.61	133.94
0.55
0.64
0.54
0.59
0.61
0.59
2.57
0.48
0.47
0.44
0.45
0.58
0.59
0.58
0.61
0.51
0.52
0.56
0.54
0.45
0.47
0.44
0.47
0.61
0.45
0.46
0.45
0.60
0.60
1.10
0.58
CorWatt	PkgWatt
17.63	130.72
0.53	130.70
0.49
0.45
0.44
0.50
0.50
0.50
0.52
0.43
0.45
0.39
0.40
0.50
0.52
0.52
0.53
0.45
0.47
0.48
0.50
0.40
0.39
0.38
0.39
3.12
0.39
0.39
0.42
0.52
0.53
0.62
0.51
CorWatt	PkgWatt
17.66	130.79
0.54	130.79
0.48
0.45
0.44
0.52
0.50
0.51
0.53
0.43
0.46
0.39
0.40
0.52
0.51
0.53
0.52
0.46
0.47
0.49
0.49
0.40
0.40
0.38
0.41
3.06
0.40
0.39
0.39
0.52
0.52
0.62
0.52
CorWatt	PkgWatt
17.78	130.85
0.54	130.85
0.48
0.48
0.49
0.50
0.51
0.49
0.51
0.41
0.44
0.39
0.39
0.52
0.53
0.53
0.52
0.47
0.48
0.46
0.50
0.42
0.40
0.39
0.42
3.06
0.41
0.40
0.42
0.53
0.53
0.64
0.52
CorWatt	PkgWatt
17.70	130.88
0.54	130.88
0.50
0.47
0.44
0.50
0.51
0.50
0.50
0.41
0.50
0.39
0.39
0.51
0.52
0.51
0.53
0.46
0.48
0.46
0.50
0.39
0.38
0.39
0.39
3.06
0.44
0.41
0.43
0.53
0.52
0.64
0.52
CorWatt	PkgWatt
17.54	130.53
0.53	130.53
0.48
0.45
0.44
0.50
0.50
0.48
0.49
0.43
0.45
0.38
0.39
0.50
0.52
0.50
0.52
0.44
0.47
0.46
0.50
0.41
0.38
0.38
0.38
3.05
0.42
0.42
0.44
0.54
0.53
0.63
0.53
CorWatt	PkgWatt
17.53	130.72
0.53	130.72
0.48
0.44
0.44
0.50
0.51
0.48
0.51
0.41
0.44
0.37
0.38
0.50
0.51
0.51
0.53
0.45
0.48
0.49
0.51
0.39
0.38
0.38
0.38
1.03
2.51
0.39
0.41
0.53
0.52
0.64
0.53
CorWatt	PkgWatt
17.53	130.57
0.54	130.57
0.49
0.44
0.44
0.48
0.49
0.48
0.48
0.41
0.44
0.37
0.39
0.50
0.53
0.52
0.52
0.44
0.47
0.45
0.49
0.40
0.40
0.40
0.38
0.47
3.06
0.39
0.42
0.52
0.52
0.65
0.54
CorWatt	PkgWatt
17.44	130.25
0.55	130.24
0.48
0.45
0.44
0.49
0.50
0.49
0.50
0.41
0.45
0.38
0.40
0.50
0.51
0.51
0.52
0.45
0.46
0.46
0.49
0.39
0.38
0.38
0.39
0.45
3.07
0.39
0.40
0.52
0.51
0.63
0.53
CorWatt	PkgWatt
17.38	130.23
0.56	130.24
0.50
0.47
0.45
0.50
0.49
0.48
0.48
0.41
0.44
0.37
0.38
0.50
0.51
0.50
0.51
0.44
0.48
0.45
0.49
0.39
0.38
0.38
0.38
0.44
3.06
0.39
0.41
0.52
0.51
0.63
0.51
CorWatt	PkgWatt
17.39	130.36
0.53	130.36
0.46
0.44
0.44
0.51
0.49
0.49
0.51
0.40
0.44
0.37
0.40
0.51
0.50
0.51
0.52
0.44
0.48
0.47
0.51
0.39
0.38
0.38
0.38
0.45
3.06
0.39
0.41
0.52
0.51
0.62
0.51
CorWatt	PkgWatt
17.26	130.03
0.53	130.03
0.49
0.44
0.43
0.49
0.48
0.50
0.49
0.41
0.44
0.37
0.38
0.50
0.51
0.49
0.51
0.44
0.48
0.45
0.49
0.39
0.38
0.38
0.38
0.43
3.05
0.39
0.40
0.52
0.51
0.63
0.51
CorWatt	PkgWatt
17.45	130.14
0.55	130.14
0.47
0.44
0.43
0.50
0.49
0.49
0.49
0.41
0.45
0.38
0.39
0.51
0.51
0.50
0.52
0.44
0.47
0.47
0.49
0.39
0.40
0.38
0.38
0.44
3.06
0.41
0.41
0.54
0.51
0.62
0.51
CorWatt	PkgWatt
17.35	130.06
0.52	130.06
0.47
0.44
0.43
0.48
0.48
0.48
0.48
0.42
0.44
0.41
0.41
0.50
0.51
0.49
0.51
0.44
0.46
0.48
0.49
0.39
0.38
0.38
0.38
0.45
3.07
0.40
0.42
0.52
0.51
0.62
0.50
CorWatt	PkgWatt
17.62	130.19
0.55	130.20
0.48
0.48
0.46
0.49
0.50
0.48
0.48
0.41
0.49
0.37
0.41
0.50
0.50
0.50
0.51
0.44
0.47
0.47
0.48
0.40
0.38
0.40
0.40
0.46
3.05
0.41
0.40
0.53
0.53
0.63
0.56
CorWatt	PkgWatt
17.25	129.93
0.53	129.93
0.48
0.44
0.42
0.51
0.50
0.50
0.49
0.40
0.43
0.37
0.38
0.50
0.51
0.49
0.51
0.44
0.46
0.47
0.48
0.38
0.38
0.38
0.38
0.43
3.05
0.39
0.40
0.52
0.51
0.62
0.51
CorWatt	PkgWatt
17.46	129.94
0.54	129.93
0.44
0.46
0.43
0.49
0.49
0.49
0.49
0.42
0.45
0.37
0.39
0.51
0.54
0.54
0.52
0.45
0.47
0.48
0.48
0.38
0.38
0.38
0.38
0.44
3.05
0.39
0.40
0.52
0.54
0.62
0.52
CorWatt	PkgWatt
17.19	129.94
0.55	129.94
0.45
0.44
0.42
0.48
0.48
0.48
0.47
0.41
0.46
0.38
0.39
0.51
0.52
0.50
0.52
0.44
0.48
0.47
0.49
0.39
0.38
0.38
0.40
0.44
2.93
0.38
0.38
0.53
0.52
0.62
0.50
CorWatt	PkgWatt
18.22	129.86
1.08	129.88
0.54
0.52
0.51
1.07
0.71
0.71
0.68
0.51
0.53
0.45
0.49
0.56
0.56
0.58
0.58
0.49
0.51
0.56
0.53
0.47
0.45
0.43
0.43
0.48
0.46
0.42
0.41
0.61
0.62
0.65
0.62
CorWatt	PkgWatt
16.24	128.09
0.49	128.07
0.47
0.47
0.56
0.87
1.27
0.76
0.76
0.42
0.44
0.37
0.37
0.50
0.52
0.48
0.50
0.44
0.48
0.48
0.49
0.39
0.38
0.38
0.38
0.41
0.38
0.35
0.38
0.54
0.51
0.51
0.50
CorWatt	PkgWatt
16.58	128.52
0.51	128.52
0.45
0.51
0.55
1.36
0.80
0.75
0.76
0.41
0.47
0.41
0.41
0.53
0.55
0.51
0.53
0.44
0.47
0.49
0.50
0.39
0.38
0.38
0.38
0.41
0.37
0.38
0.38
0.54
0.52
0.51
0.52
CorWatt	PkgWatt
16.18	128.10
0.50	128.10
0.46
0.50
0.56
1.38
0.77
0.75
0.74
0.41
0.43
0.36
0.37
0.52
0.51
0.48
0.50
0.44
0.48
0.47
0.51
0.39
0.38
0.38
0.38
0.41
0.37
0.35
0.35
0.53
0.51
0.50
0.50
CorWatt	PkgWatt
16.10	128.04
0.51	128.04
0.44
0.48
0.54
0.98
1.19
0.75
0.75
0.40
0.43
0.36
0.37
0.50
0.50
0.48
0.50
0.44
0.47
0.48
0.49
0.38
0.38
0.39
0.38
0.40
0.37
0.36
0.35
0.52
0.51
0.50
0.51
CorWatt	PkgWatt
16.93	128.89
0.51	128.89
0.44
0.49
0.54
1.52
1.22
0.87
0.86
0.39
0.44
0.38
0.38
0.50
0.51
0.48
0.50
0.44
0.46
0.44
0.48
0.41
0.39
0.38
0.38
0.40
0.37
0.36
0.35
0.51
0.51
0.52
0.50
CorWatt	PkgWatt
19.86	131.21
0.55	131.22
0.48
0.48
0.58
1.45
2.94
1.18
1.16
0.40
0.50
0.38
0.39
0.52
0.51
0.50
0.52
0.46
0.49
0.46
0.49
0.41
0.40
0.39
0.40
0.43
0.41
0.39
0.37
0.57
0.56
0.58
0.52
CorWatt	PkgWatt
19.27	130.78
0.54	130.77
0.45
0.46
0.55
1.21
1.24
3.16
1.21
0.40
0.43
0.36
0.37
0.49
0.50
0.48
0.50
0.44
0.47
0.44
0.49
0.40
0.40
0.40
0.40
0.37
0.37
0.35
0.35
0.52
0.50
0.50
0.50
CorWatt	PkgWatt
19.34	130.96
0.55	130.96
0.43
0.49
0.54
1.22
1.24
3.17
1.22
0.38
0.45
0.36
0.37
0.50
0.51
0.48
0.50
0.46
0.48
0.45
0.50
0.39
0.39
0.38
0.38
0.35
0.37
0.35
0.35
0.54
0.50
0.50
0.51
CorWatt	PkgWatt
19.09	130.76
0.56	130.76
0.43
0.46
0.56
1.18
1.20
3.17
1.17
0.41
0.44
0.36
0.37
0.49
0.50
0.48
0.50
0.44
0.47
0.44
0.49
0.39
0.38
0.38
0.38
0.35
0.37
0.35
0.35
0.51
0.50
0.50
0.50
CorWatt	PkgWatt
19.62	131.10
0.57	131.11
0.44
0.49
0.53
1.22
3.17
1.24
1.22
0.43
0.45
0.37
0.38
0.50
0.50
0.49
0.52
0.45
0.47
0.46
0.50
0.39
0.43
0.39
0.41
0.35
0.42
0.37
0.37
0.54
0.50
0.51
0.53
CorWatt	PkgWatt
19.34	130.88
0.54	130.87
0.44
0.50
0.54
1.23
3.18
1.24
1.22
0.41
0.44
0.38
0.38
0.50
0.50
0.48
0.50
0.44
0.48
0.44
0.48
0.40
0.38
0.38
0.38
0.35
0.39
0.35
0.35
0.52
0.51
0.51
0.50
CorWatt	PkgWatt
19.32	130.86
0.54	130.86
0.46
0.50
0.55
1.23
3.18
1.24
1.22
0.40
0.43
0.36
0.37
0.51
0.51
0.48
0.50
0.44
0.47
0.44
0.49
0.39
0.38
0.38
0.38
0.35
0.38
0.35
0.35
0.51
0.50
0.50
0.52
CorWatt	PkgWatt
19.25	130.99
0.52	131.00
0.43
0.49
0.54
1.21
3.17
1.22
1.21
0.42
0.42
0.36
0.39
0.50
0.50
0.49
0.50
0.44
0.47
0.44
0.48
0.39
0.39
0.38
0.38
0.35
0.38
0.36
0.35
0.54
0.50
0.50
0.51
CorWatt	PkgWatt
19.45	130.86
0.53	130.86
0.48
0.47
0.54
1.20
3.18
1.22
1.20
0.41
0.44
0.38
0.39
0.51
0.50
0.51
0.51
0.46
0.46
0.47
0.49
0.39
0.41
0.38
0.41
0.35
0.40
0.37
0.36
0.53
0.50
0.50
0.51
CorWatt	PkgWatt
19.30	130.81
0.52	130.81
0.48
0.47
0.57
1.22
2.52
1.88
1.22
0.41
0.43
0.36
0.37
0.50
0.50
0.50
0.50
0.46
0.47
0.47
0.49
0.41
0.38
0.38
0.40
0.35
0.35
0.35
0.35
0.50
0.49
0.50
0.50
CorWatt	PkgWatt
19.37	130.97
0.52	130.97
0.48
0.46
0.55
1.22
1.24
2.52
1.87
0.41
0.48
0.36
0.38
0.49
0.50
0.48
0.50
0.44
0.47
0.47
0.49
0.40
0.39
0.39
0.39
0.35
0.36
0.36
0.36
0.51
0.51
0.51
0.51
CorWatt	PkgWatt
19.19	130.44
0.59	130.48
0.54
0.56
0.57
0.95
0.99
1.98
1.03
0.52
0.50
0.43
0.41
0.57
0.56
0.55
0.56
0.44
0.49
0.52
0.50
0.45
0.42
0.46
0.49
0.40
0.46
0.42
0.41
0.67
0.58
0.57
0.59
