CorWatt	PkgWatt
16.01	129.89
0.58	129.86
0.51
0.49
0.48
0.54
0.58
0.54
0.54
0.45
0.49
0.41
0.45
0.56
0.57
0.60
0.57
0.49
0.52
0.49
0.51
0.56
0.44
0.41
0.41
0.40
0.41
0.42
0.39
0.58
0.56
0.55
0.54
CorWatt	PkgWatt
15.50	128.83
0.54	129.33
0.49
0.49
0.48
0.52
0.57
0.52
0.51
0.41
0.52
0.41
0.40
0.57
0.54
0.59
0.55
0.47
0.51
0.49
0.50
0.41
0.42
0.40
0.41
0.38
0.40
0.42
0.38
0.55
0.53
0.55
0.56
CorWatt	PkgWatt
69.10	165.42
0.94	187.53
3.72
2.32
2.30
2.37
2.40
2.39
2.34
2.28
2.48
2.28
2.25
2.49
2.44
2.45
2.46
2.35
2.32
2.12
2.15
2.30
2.30
2.14
2.09
2.23
2.22
2.05
2.06
2.50
2.48
2.29
2.26
