CorWatt	PkgWatt
15.14	127.48
0.56	127.49
0.47
0.48
0.47
0.51
0.52
0.51
0.51
0.40
0.47
0.38
0.43
0.56
0.53
0.67
0.54
0.46
0.52
0.52
0.48
0.41
0.39
0.39
0.39
0.36
0.36
0.39
0.36
0.52
0.54
0.54
0.51
CorWatt	PkgWatt
14.56	127.05
0.55	127.19
0.47
0.45
0.47
0.52
0.50
0.50
0.50
0.38
0.44
0.37
0.43
0.51
0.52
0.57
0.51
0.45
0.46
0.49
0.47
0.39
0.39
0.38
0.38
0.35
0.35
0.39
0.36
0.52
0.51
0.51
0.49
CorWatt	PkgWatt
63.21	176.69
1.03	176.62
1.94
1.98
1.99
2.06
2.07
2.01
1.97
3.29
1.99
1.97
1.93
2.12
2.12
2.12
2.13
2.02
1.95
1.81
1.84
1.90
1.90
1.74
1.97
1.96
1.87
1.71
1.77
2.12
2.09
1.94
1.90
CorWatt	PkgWatt
45.40	159.63
1.54	159.57
1.46
1.50
1.45
1.49
1.53
1.52
1.46
1.45
1.45
1.42
1.39
1.54
1.56
1.59
1.61
1.44
1.42
1.30
1.31
1.39
1.36
1.22
1.19
1.34
1.31
1.22
1.20
1.51
1.51
1.37
1.35
