CorWatt	PkgWatt
15.18	127.39
0.51	127.40
0.48
0.47
0.47
0.52
0.54
0.53
0.57
0.43
0.46
0.40
0.42
0.52
0.51
0.51
0.52
0.48
0.50
0.61
0.46
0.39
0.39
0.41
0.40
0.38
0.39
0.42
0.37
0.54
0.52
0.54
0.50
CorWatt	PkgWatt
14.81	126.65
0.52	126.93
0.47
0.48
0.50
0.53
0.51
0.53
0.53
0.44
0.44
0.39
0.42
0.50
0.52
0.52
0.53
0.45
0.47
0.53
0.46
0.39
0.38
0.38
0.38
0.35
0.36
0.38
0.36
0.55
0.51
0.54
0.50
CorWatt	PkgWatt
18.54	130.25
0.60	129.98
0.52
0.60
0.49
0.58
0.62
0.66
0.63
0.60
0.55
0.58
0.60
0.62
0.56
0.55
0.64
0.57
0.60
0.64
0.59
0.56
0.57
0.50
0.57
0.51
0.45
0.48
0.42
0.70
0.62
0.66
0.67
CorWatt	PkgWatt
15.31	127.23
0.52	127.20
0.44
0.49
0.46
0.50
0.50
0.53
0.53
0.47
0.48
0.40
0.43
0.53
0.51
0.50
0.54
0.47
0.47
0.53
0.48
0.46
0.48
0.44
0.48
0.36
0.36
0.39
0.36
0.54
0.52
0.59
0.57
