CorWatt	PkgWatt
15.26	127.89
0.51	127.90
0.50
0.51
0.48
0.61
0.54
0.52
0.52
0.46
0.45
0.49
0.43
0.52
0.53
0.54
0.54
0.45
0.47
0.46
0.47
0.42
0.40
0.42
0.40
0.40
0.42
0.38
0.36
0.52
0.51
0.52
0.52
CorWatt	PkgWatt
14.93	127.57
0.51	127.56
0.46
0.47
0.49
0.56
0.60
0.50
0.50
0.44
0.47
0.46
0.39
0.50
0.51
0.53
0.52
0.44
0.50
0.46
0.47
0.41
0.38
0.41
0.42
0.37
0.37
0.37
0.35
0.52
0.51
0.52
0.51
CorWatt	PkgWatt
68.10	182.94
0.94	183.03
2.12
2.22
2.14
2.29
2.29
2.24
3.68
2.10
2.07
2.06
2.10
2.19
2.21
2.24
2.24
2.13
2.13
1.99
1.99
2.08
2.25
1.90
1.92
2.10
2.08
1.91
1.86
2.28
2.26
2.06
2.03
