CorWatt	PkgWatt
4.45	151.16
0.08	75.96
0.08
0.08
0.08
0.08
0.08
0.08
0.08
0.08
0.08
0.07
0.08
0.07
0.07
0.07
0.07
0.08
0.08
0.08
0.08
0.09
0.08
0.08
0.08
0.08
0.08
0.08
0.08
0.08
0.08
0.08
0.08
0.07	75.30
0.06
0.06
0.07
0.07
0.07
0.07
0.07
0.05
0.05
0.05
0.05
0.05
0.05
0.05
0.05
0.07
0.07
0.06
0.07
0.07
0.07
0.07
0.07
0.06
0.06
0.06
0.06
0.06
0.05
0.05
0.06
CorWatt	PkgWatt
5.88	156.50
0.10	79.20
0.10
0.09
0.09
0.13
0.10
0.13
0.09
0.13
0.13
0.12
0.12
0.08
0.12
0.09
0.09
0.13
0.14
0.18
0.14
0.11
0.11
0.09
0.09
0.14
0.13
0.15
0.14
0.12
0.11
0.13
0.12
0.07	77.25
0.07
0.06
0.07
0.08
0.08
0.08
0.11
0.09
0.07
0.07
0.07
0.05
0.05
0.05
0.05
0.07
0.07
0.06
0.07
0.07
0.07
0.07
0.07
0.06
0.06
0.06
0.06
0.06
0.06
0.06
0.05
