CorWatt	PkgWatt
191.71	357.56
3.02	172.98
3.07
2.95
2.80
2.96
2.96
3.02
3.18
5.01
2.66
3.16
2.70
3.25
2.99
2.99
2.99
2.75
3.04
3.04
2.76
3.11
3.13
2.84
3.12
2.74
3.26
2.74
2.75
3.08
3.11
2.64
3.12
2.55	160.65
2.55
2.41
2.40
2.57
2.45
2.47
2.75
2.65
2.44
2.45
2.65
2.76
2.64
2.47
2.51
5.10
2.33
2.47
2.35
2.33
2.51
5.25
2.66
2.48
2.45
2.30
2.32
2.49
2.43
2.26
2.62
CorWatt	PkgWatt
181.59	336.47
2.95	174.33
3.03
3.29
2.76
2.99
2.98
2.82
3.00
5.06
2.92
2.93
2.72
3.24
2.98
2.98
2.98
2.74
3.02
2.86
2.75
3.13
3.14
2.90
3.12
2.75
3.28
2.75
2.76
3.09
3.12
2.87
2.92
2.55	162.21
2.54
2.41
2.40
2.53
2.43
2.45
2.73
2.64
2.43
2.44
2.68
2.67
2.60
2.45
2.48
5.06
2.32
2.44
2.34
2.31
2.50
5.22
2.65
2.49
2.45
2.33
2.32
2.58
2.50
2.25
2.60
CorWatt	PkgWatt
187.54	359.98
3.09	187.51
3.13
3.39
3.02
3.12
2.98
2.89
2.94
4.90
3.21
2.92
3.05
3.38
3.09
3.10
3.09
2.85
3.14
4.16
2.86
3.33
3.32
2.89
3.30
2.95
3.29
2.85
2.96
3.19
3.21
2.98
2.98
2.74	172.44
2.58
2.64
2.65
2.38
2.44
2.44
2.73
2.60
2.44
2.44
2.66
2.61
2.51
2.44
2.48
5.11
2.28
2.28
2.48
2.49
2.49
5.21
2.64
2.49
2.49
2.38
2.58
2.65
2.61
2.31
2.68
CorWatt	PkgWatt
184.69	342.80
3.21	179.23
2.91
3.32
3.01
3.05
2.81
2.82
2.82
4.87
3.14
2.86
3.12
3.25
3.01
3.00
3.01
2.74
3.01
5.11
2.76
3.23
3.22
2.78
3.24
2.98
3.00
2.75
3.00
3.15
3.18
2.93
2.92
2.68	163.51
2.67
2.64
2.73
2.49
2.42
2.44
2.70
2.63
2.43
2.44
2.66
2.57
2.41
2.43
2.46
5.17
2.38
2.29
2.68
2.59
2.52
4.00
2.59
2.26
2.47
2.38
2.47
2.54
2.37
2.27
2.64
CorWatt	PkgWatt
182.30	333.14
3.18	174.37
2.97
3.03
2.95
2.82
2.79
2.81
2.80
4.87
3.11
2.83
3.10
3.24
3.00
2.99
2.99
2.72
3.00
5.07
2.73
3.19
3.19
2.75
3.21
2.94
2.96
2.71
2.96
3.13
3.16
2.91
2.90
2.70	158.75
2.71
2.59
2.85
2.38
2.42
2.44
2.70
2.65
2.45
2.47
2.72
2.57
2.41
2.43
2.46
5.08
2.59
2.32
2.75
2.55
2.48
2.64
2.59
2.23
2.53
2.37
2.44
2.52
2.36
2.25
2.62
