CorWatt	PkgWatt
15.20	127.73
0.55	127.72
0.47
0.49
0.51
0.52
0.54
0.50
0.50
0.42
0.43
0.48
0.41
0.57
0.55
0.59
0.55
0.50
0.47
0.46
0.47
0.40
0.39
0.38
0.39
0.38
0.38
0.40
0.37
0.55
0.52
0.56
0.52
CorWatt	PkgWatt
14.72	127.36
0.59	127.45
0.45
0.46
0.50
0.51
0.52
0.50
0.49
0.42
0.43
0.40
0.38
0.52
0.52
0.61
0.54
0.48
0.45
0.45
0.46
0.41
0.38
0.39
0.39
0.35
0.36
0.39
0.35
0.52
0.51
0.50
0.50
CorWatt	PkgWatt
68.12	182.42
0.91	182.36
2.11
2.12
2.14
2.21
2.21
2.19
2.17
2.10
2.07
2.08
2.04
2.18
2.21
2.27
2.20
2.19
2.32
1.96
1.99
2.12
2.11
1.91
1.89
2.11
2.06
1.98
1.93
2.31
2.26
2.14
3.59
