CorWatt	PkgWatt
15.43	128.43
0.54	128.44
0.50
0.51
0.47
0.55
0.53
0.57
0.51
0.48
0.45
0.40
0.41
0.54
0.57
0.54
0.58
0.46
0.48
0.46
0.48
0.40
0.41
0.50
0.47
0.37
0.37
0.38
0.36
0.54
0.54
0.53
0.53
CorWatt	PkgWatt
15.01	127.25
0.53	127.77
0.49
0.53
0.45
0.53
0.54
0.56
0.52
0.45
0.44
0.38
0.40
0.54
0.55
0.54
0.59
0.45
0.48
0.46
0.47
0.41
0.40
0.40
0.43
0.38
0.36
0.37
0.35
0.52
0.50
0.52
0.51
CorWatt	PkgWatt
70.30	167.91
0.95	189.02
2.33
3.95
2.40
2.52
2.49
2.67
2.46
2.34
2.32
2.32
2.27
2.44
2.41
2.48
2.48
2.35
2.33
2.13
2.16
2.34
2.33
2.13
2.08
2.28
2.25
2.05
2.05
2.48
2.46
2.26
2.30
