CorWatt	PkgWatt
4.53	152.99
0.09	76.76
0.08
0.09
0.08
0.08
0.08
0.08
0.08
0.07
0.07
0.07
0.07
0.07
0.07
0.07
0.07
0.08
0.08
0.08
0.08
0.09
0.08
0.08
0.09
0.08
0.08
0.08
0.08
0.07
0.07
0.07
0.07
0.07	76.29
0.06
0.06
0.06
0.06
0.06
0.06
0.06
0.06
0.06
0.06
0.06
0.06
0.06
0.06
0.06
0.07
0.07
0.06
0.15
0.07
0.07
0.07
0.07
0.06
0.06
0.06
0.06
0.06
0.06
0.06
0.06
CorWatt	PkgWatt
4.82	151.85
0.09	76.47
0.09
0.09
0.09
0.08
0.08
0.09
0.09
0.16
0.15
0.08
0.10
0.08
0.07
0.07
0.07
0.11
0.08
0.09
0.09
0.15
0.09
0.09
0.13
0.09
0.08
0.08
0.10
0.07
0.07
0.07
0.08
0.07	75.30
0.07
0.06
0.07
0.06
0.06
0.06
0.06
0.06
0.05
0.05
0.05
0.05
0.05
0.05
0.05
0.06
0.06
0.06
0.06
0.07
0.07
0.06
0.07
0.06
0.06
0.05
0.05
0.05
0.05
0.05
0.06
CorWatt	PkgWatt
103.47	300.17
0.53	155.71
1.59
1.73
1.72
1.70
1.71
1.65
1.64
1.82
1.77
3.68
1.77
1.66
1.64
1.55
1.54
1.68
1.66
1.66
1.73
1.67
1.66
1.55
1.62
1.80
1.78
1.77
1.77
1.64
1.64
1.55
1.54
1.62	144.63
1.59
1.58
1.56
1.60
1.58
1.46
1.50
1.59
1.57
1.56
1.57
1.57
1.56
1.45
1.46
1.58
1.53
1.56
1.59
1.58
1.59
1.47
1.47
1.55
1.54
1.55
1.47
1.53
1.52
1.42
1.37
