CorWatt	PkgWatt
350.13	623.88
4.62	244.54
4.68
4.43
4.49
4.73
4.65
4.45
4.69
4.57
4.33
4.38
4.63
4.58
4.64
4.66
4.46
4.51
4.64
4.82
4.70
4.81
4.55
4.68
4.75
4.62
4.73
4.62
4.65
4.62
4.67
4.57
4.71
4.47	244.38
4.75
4.56
4.59
4.69
4.39
4.73
4.58
4.69
4.41
4.55
4.56
4.41
4.45
4.62
4.50
4.71
4.67
4.58
4.65
4.70
4.67
4.65
4.29
4.64
4.52
4.51
4.59
4.76
4.72
4.62
4.67
CorWatt	PkgWatt
157.23	364.66
2.54	190.05
2.56
2.56
2.53
2.57
2.55
2.57
2.54
2.49
2.48
2.48
2.52
2.53
2.50
2.48
2.51
2.62
2.58
2.69
2.78
2.57
2.65
2.66
2.60
2.54
2.51
2.49
2.48
2.56
2.50
2.48
2.55
2.52	188.70
2.56
2.67
2.57
2.61
2.52
2.48
2.49
2.47
2.57
2.46
2.45
2.55
2.49
2.53
2.43
2.52
2.55
2.54
2.47
2.51
2.57
2.55
2.58
2.46
2.48
2.43
2.41
2.51
2.48
2.44
2.42
CorWatt	PkgWatt
49.99	232.84
0.84	113.35
0.83
0.81
0.80
0.82
0.77
0.81
0.88
0.77
0.77
0.75
0.78
0.77
0.78
0.76
0.76
0.87
0.80
0.79
0.80
0.83
0.80
0.82
0.79
0.81
0.81
0.79
0.80
0.77
0.79
0.75
0.78
0.75	111.12
0.74
0.76
0.78
0.73
0.78
0.75
0.75
0.73
0.72
0.72
0.69
0.73
0.73
0.70
0.70
0.73
0.71
0.73
0.70
0.76
0.73
0.73
0.72
0.71
0.69
0.70
0.69
0.68
0.69
0.66
0.67
CorWatt	PkgWatt
10.17	164.92
0.21	83.34
0.20
0.19
0.19
0.18
0.17
0.18
0.20
0.18
0.17
0.16
0.21
0.15
0.16
0.16
0.16
0.18
0.18
0.19
0.20
0.20
0.18
0.18
0.19
0.19
0.19
0.18
0.24
0.17
0.18
0.16
0.16
0.14	81.43
0.14
0.14
0.14
0.14
0.14
0.14
0.14
0.13
0.13
0.13
0.13
0.12
0.12
0.12
0.12
0.14
0.14
0.14
0.14
0.15
0.15
0.14
0.15
0.13
0.14
0.13
0.13
0.13
0.13
0.13
0.13
CorWatt	PkgWatt
218.74	413.73
3.34	200.69
3.41
3.18
3.39
3.32
2.84
3.09
3.18
3.00
2.86
3.16
3.22
2.87
2.96
2.82
3.10
3.51
3.17
3.30
3.28
3.49
3.47
3.67
3.50
3.15
3.01
3.26
3.00
3.07
3.18
3.02
3.37
3.73	212.82
3.58
3.29
3.59
3.53
3.60
3.64
3.59
3.82
3.66
3.61
3.64
3.77
3.72
3.48
3.53
3.80
3.54
3.74
3.70
3.63
3.79
3.56
3.83
3.55
3.70
3.70
3.60
3.64
3.68
3.71
3.55
CorWatt	PkgWatt
287.67	484.17
4.53	240.29
4.56
4.53
4.55
4.27
4.39
4.48
4.48
4.32
4.31
4.25
4.42
4.27
4.24
4.26
4.43
4.49
4.39
4.46
4.42
4.57
4.63
4.54
4.55
4.50
4.39
4.39
4.45
4.31
4.53
4.52
4.48
4.61	243.87
4.50
4.59
4.46
4.49
4.56
4.60
4.53
4.46
4.48
4.49
4.50
4.53
4.68
4.56
4.61
4.62
4.45
4.29
4.38
4.59
4.67
4.65
4.85
4.60
4.60
4.47
4.51
4.69
4.57
4.59
4.55
CorWatt	PkgWatt
283.40	477.82
4.12	235.13
4.27
4.25
4.06
4.17
4.02
4.08
4.07
4.08
4.27
3.96
4.21
4.42
4.34
4.11
4.25
4.29
4.41
4.27
4.34
4.44
4.52
4.44
4.35
4.45
4.40
4.49
4.31
4.22
4.69
4.59
4.66
4.47	242.64
4.60
4.63
4.56
4.56
4.64
4.65
4.58
4.49
4.60
4.59
4.54
4.53
4.65
4.42
4.63
4.53
4.46
4.42
4.42
4.40
4.55
4.64
4.76
4.43
4.57
4.68
4.57
4.62
4.56
4.58
4.52
CorWatt	PkgWatt
289.28	483.02
4.32	240.43
4.63
4.39
4.16
4.61
4.42
4.57
4.42
4.38
4.38
4.25
4.41
4.45
4.41
4.36
4.17
4.61
4.72
4.58
4.58
4.81
4.66
4.71
4.74
4.26
4.56
4.51
4.41
4.21
4.44
4.65
4.57
4.54	242.65
4.58
4.49
4.59
4.51
4.55
4.55
4.56
4.62
4.57
4.63
4.57
4.60
4.63
4.38
4.54
4.49
4.50
4.44
4.54
4.62
4.71
4.66
4.63
4.48
4.42
4.63
4.57
4.62
4.63
4.57
4.55
CorWatt	PkgWatt
280.58	475.15
4.11	235.77
4.40
4.19
4.11
4.33
4.43
4.50
4.35
4.21
4.12
4.02
4.03
4.37
4.23
4.20
4.00
4.42
4.52
4.38
4.39
4.57
4.64
4.57
4.54
4.20
4.31
4.34
4.41
4.32
4.34
4.31
4.30
4.45	240.12
4.50
4.34
4.47
4.53
4.43
4.60
4.43
4.45
4.37
4.40
4.34
4.44
4.51
4.29
4.22
4.40
4.53
4.41
4.37
4.56
4.45
4.69
4.54
4.50
4.48
4.66
4.53
4.46
4.51
4.45
4.38
CorWatt	PkgWatt
283.69	478.53
4.47	238.40
4.64
4.46
4.31
4.33
4.39
4.25
4.44
4.34
4.23
4.04
4.14
4.20
4.46
4.27
4.37
4.52
4.48
4.31
4.52
4.53
4.53
4.61
4.52
4.31
4.51
4.45
4.54
4.41
4.50
4.52
4.57
4.58	239.91
4.48
4.27
4.24
4.55
4.36
4.61
4.46
4.27
4.45
4.34
4.46
4.61
4.64
4.41
4.32
4.45
4.30
4.33
4.17
4.61
4.44
4.59
4.60
4.42
4.41
4.65
4.47
4.52
4.52
4.48
4.41
CorWatt	PkgWatt
282.17	477.29
4.42	237.66
4.50
4.47
4.14
4.34
4.46
4.38
4.39
4.33
4.26
4.10
4.15
4.19
4.29
4.28
4.39
4.54
4.56
4.56
4.42
4.51
4.33
4.51
4.31
4.53
4.53
4.30
4.48
4.38
4.52
4.42
4.42
4.45	239.06
4.28
4.32
4.21
4.46
4.45
4.55
4.48
4.40
4.54
4.38
4.25
4.48
4.49
4.44
4.22
4.42
4.44
4.38
4.15
4.50
4.57
4.53
4.40
4.50
4.39
4.52
4.47
4.52
4.49
4.38
4.51
CorWatt	PkgWatt
283.03	477.25
4.46	237.89
4.42
4.45
4.24
4.38
4.56
4.26
4.51
4.30
4.43
4.25
4.26
4.22
4.28
4.30
4.42
4.34
4.36
4.58
4.64
4.60
4.46
4.55
4.41
4.58
4.49
4.24
4.26
4.34
4.56
4.43
4.57
4.49	239.37
4.30
4.35
4.40
4.38
4.43
4.55
4.34
4.37
4.46
4.39
4.35
4.57
4.56
4.62
4.57
4.45
4.41
4.43
4.13
4.48
4.32
4.30
4.49
4.34
4.46
4.48
4.45
4.56
4.42
4.52
4.49
CorWatt	PkgWatt
283.47	477.87
4.47	238.38
4.40
4.52
4.26
4.40
4.47
4.34
4.48
4.16
4.43
4.31
4.18
4.25
4.46
4.20
4.43
4.48
4.37
4.51
4.58
4.73
4.49
4.64
4.50
4.54
4.47
4.26
4.18
4.39
4.61
4.45
4.58
4.52	239.49
4.38
4.37
4.42
4.42
4.51
4.64
4.26
4.27
4.58
4.34
4.39
4.59
4.57
4.37
4.61
4.32
4.34
4.41
4.21
4.46
4.35
4.28
4.31
4.54
4.45
4.52
4.56
4.44
4.45
4.54
4.51
CorWatt	PkgWatt
285.78	480.59
4.65	240.66
4.59
4.63
4.36
4.41
4.47
4.31
4.34
4.33
4.43
4.34
4.43
4.38
4.48
4.28
4.45
4.64
4.49
4.37
4.60
4.80
4.70
4.87
4.67
4.28
4.46
4.54
4.46
4.17
4.51
4.50
4.53
4.41	239.93
4.37
4.32
4.42
4.74
4.72
4.83
4.58
4.19
4.44
4.47
4.40
4.49
4.46
4.37
4.49
4.40
4.27
4.40
4.45
4.41
4.27
4.31
4.39
4.62
4.50
4.46
4.20
4.36
4.50
4.57
4.50
CorWatt	PkgWatt
219.63	433.28
3.26	217.49
4.22
3.29
3.25
3.99
3.37
3.51
3.42
4.07
3.31
3.29
3.15
3.12
3.23
3.18
3.95
3.48
3.45
3.25
3.24
3.39
3.61
3.45
3.41
3.31
3.40
3.34
3.44
3.99
3.41
3.38
3.44
3.50	216.11
3.21
4.12
3.36
3.07
3.56
3.33
3.12
3.30
3.45
3.51
3.33
3.17
3.13
3.35
3.28
4.15
4.07
3.51
3.41
3.56
3.17
3.26
3.35
3.41
3.33
3.25
3.20
3.41
3.55
3.39
3.34
CorWatt	PkgWatt
156.54	372.23
2.47	186.48
2.69
2.49
2.42
2.50
2.46
2.47
2.47
2.42
2.41
2.38
2.39
2.39
2.42
2.41
2.66
2.44
2.47
2.54
2.44
2.51
2.52
2.54
2.47
2.43
2.46
2.48
2.47
2.43
2.44
2.45
2.42
2.44	185.47
2.43
2.42
2.41
2.41
2.46
2.40
2.48
2.37
2.40
2.39
2.40
2.42
2.39
2.42
2.42
2.48
2.52
2.38
2.38
2.45
2.44
2.48
2.47
2.39
2.39
2.40
2.37
2.41
2.47
2.41
2.38
