CorWatt	PkgWatt
15.22	127.39
0.50	127.39
0.51
0.46
0.45
0.50
0.49
0.50
0.49
0.43
0.47
0.40
0.44
0.53
0.53
0.54
0.53
0.51
0.49
0.49
0.50
0.43
0.43
0.42
0.42
0.38
0.41
0.42
0.42
0.54
0.52
0.54
0.53
CorWatt	PkgWatt
14.74	126.94
0.50	127.10
0.48
0.48
0.45
0.48
0.48
0.48
0.48
0.40
0.46
0.38
0.40
0.52
0.50
0.53
0.51
0.47
0.46
0.46
0.47
0.39
0.48
0.40
0.39
0.39
0.37
0.36
0.44
0.56
0.54
0.51
0.55
CorWatt	PkgWatt
21.61	133.29
0.64	133.15
0.61
0.62
2.52
0.63
0.63
0.60
0.64
0.55
0.60
0.58
0.52
0.68
0.74
0.64
0.68
0.67
0.65
0.60
0.68
0.61
0.59
0.54
0.54
0.55
0.59
0.50
0.57
0.63
0.69
0.64
0.67
CorWatt	PkgWatt
17.04	128.81
0.51	128.79
0.48
0.54
0.56
0.72
1.21
0.83
0.73
0.37
0.44
0.37
0.38
0.51
0.58
0.54
0.57
0.44
0.52
0.49
0.61
0.47
0.51
0.43
0.45
0.44
0.42
0.39
0.48
0.52
0.51
0.50
0.50
CorWatt	PkgWatt
16.53	128.43
0.50	128.41
0.45
0.49
0.56
0.73
1.01
1.04
0.72
0.39
0.43
0.38
0.39
0.51
0.53
0.52
0.51
0.49
0.48
0.48
0.54
0.43
0.42
0.41
0.40
0.42
0.41
0.38
0.41
0.52
0.55
0.52
0.55
CorWatt	PkgWatt
16.34	128.37
0.52	128.38
0.45
0.50
0.56
0.72
0.74
1.30
0.71
0.37
0.42
0.37
0.38
0.51
0.53
0.51
0.50
0.47
0.45
0.46
0.56
0.42
0.42
0.45
0.42
0.41
0.38
0.36
0.40
0.52
0.51
0.50
0.49
CorWatt	PkgWatt
16.76	128.42
0.51	128.42
0.44
0.49
0.58
0.72
0.75
1.32
0.74
0.40
0.46
0.41
0.42
0.56
0.55
0.52
0.54
0.45
0.45
0.46
0.54
0.44
0.44
0.41
0.39
0.45
0.44
0.39
0.45
0.51
0.52
0.51
0.50
CorWatt	PkgWatt
16.53	128.55
0.51	128.53
0.44
0.45
0.57
0.70
1.50
0.74
0.70
0.38
0.44
0.38
0.39
0.51
0.54
0.49
0.51
0.46
0.46
0.46
0.55
0.41
0.45
0.42
0.39
0.41
0.39
0.38
0.41
0.53
0.53
0.51
0.51
CorWatt	PkgWatt
17.60	130.24
0.51	130.24
0.45
0.47
0.54
0.49
3.28
0.52
0.49
0.39
0.46
0.39
0.38
0.51
0.52
0.49
0.51
0.48
0.46
0.46
0.52
0.42
0.41
0.39
0.38
0.40
0.39
0.38
0.39
0.52
0.55
0.51
0.51
CorWatt	PkgWatt
17.35	129.94
0.52	129.93
0.44
0.45
0.55
0.49
3.29
0.52
0.49
0.38
0.43
0.38
0.39
0.50
0.51
0.48
0.51
0.44
0.45
0.45
0.52
0.41
0.42
0.40
0.38
0.39
0.38
0.36
0.39
0.52
0.51
0.50
0.50
CorWatt	PkgWatt
17.55	130.11
0.51	130.12
0.44
0.46
0.55
0.49
3.28
0.51
0.51
0.37
0.43
0.39
0.38
0.51
0.55
0.48
0.53
0.46
0.45
0.46
0.55
0.45
0.48
0.40
0.40
0.40
0.38
0.36
0.36
0.51
0.51
0.50
0.50
CorWatt	PkgWatt
17.62	130.18
0.53	130.18
0.47
0.51
0.57
0.49
3.29
0.51
0.49
0.39
0.43
0.41
0.38
0.51
0.56
0.52
0.53
0.46
0.45
0.45
0.53
0.40
0.41
0.39
0.42
0.41
0.39
0.36
0.35
0.51
0.51
0.50
0.50
CorWatt	PkgWatt
17.72	130.40
0.52	130.40
0.47
0.49
0.53
0.50
3.28
0.52
0.50
0.38
0.43
0.43
0.39
0.51
0.54
0.49
0.51
0.47
0.46
0.48
0.53
0.40
0.42
0.41
0.39
0.43
0.39
0.36
0.37
0.53
0.54
0.51
0.54
CorWatt	PkgWatt
17.35	129.85
0.52	129.85
0.46
0.49
0.54
0.49
3.29
0.51
0.49
0.37
0.43
0.37
0.38
0.50
0.52
0.48
0.50
0.44
0.45
0.45
0.53
0.39
0.45
0.39
0.38
0.40
0.38
0.35
0.35
0.51
0.50
0.50
0.49
CorWatt	PkgWatt
17.48	130.10
0.54	130.10
0.47
0.44
0.56
0.50
3.28
0.51
0.49
0.38
0.42
0.37
0.38
0.50
0.53
0.48
0.50
0.51
0.48
0.47
0.54
0.39
0.41
0.39
0.38
0.42
0.38
0.36
0.36
0.51
0.53
0.50
0.51
CorWatt	PkgWatt
17.44	129.95
0.52	129.95
0.45
0.45
0.57
0.49
3.29
0.51
0.50
0.38
0.42
0.37
0.38
0.50
0.52
0.50
0.50
0.48
0.45
0.46
0.52
0.38
0.41
0.41
0.38
0.41
0.40
0.35
0.36
0.53
0.51
0.50
0.51
CorWatt	PkgWatt
17.51	130.32
0.53	130.32
0.46
0.46
0.55
0.49
3.28
0.52
0.49
0.41
0.43
0.39
0.38
0.51
0.54
0.49
0.50
0.47
0.46
0.46
0.52
0.40
0.44
0.40
0.38
0.40
0.38
0.37
0.35
0.52
0.51
0.50
0.50
CorWatt	PkgWatt
17.39	129.97
0.52	129.97
0.46
0.46
0.55
0.49
3.28
0.51
0.49
0.37
0.42
0.38
0.38
0.51
0.53
0.49
0.50
0.45
0.47
0.46
0.53
0.40
0.40
0.41
0.39
0.39
0.38
0.35
0.35
0.51
0.53
0.51
0.51
CorWatt	PkgWatt
17.39	130.02
0.51	130.02
0.47
0.46
0.55
0.50
3.29
0.51
0.49
0.37
0.43
0.37
0.38
0.51
0.53
0.49
0.50
0.46
0.46
0.47
0.55
0.40
0.41
0.39
0.38
0.41
0.38
0.36
0.35
0.51
0.51
0.50
0.50
CorWatt	PkgWatt
17.35	130.05
0.52	130.04
0.45
0.45
0.55
0.49
3.23
0.51
0.49
0.38
0.42
0.37
0.38
0.50
0.54
0.53
0.51
0.45
0.45
0.45
0.52
0.39
0.43
0.43
0.39
0.41
0.38
0.36
0.36
0.51
0.50
0.50
0.49
CorWatt	PkgWatt
18.44	129.99
0.78	130.01
0.55
0.54
0.57
1.09
0.77
0.74
0.72
0.46
0.49
0.44
0.45
0.57
0.91
0.58
0.62
0.56
0.51
0.51
0.57
0.46
0.50
0.47
0.45
0.44
0.44
0.43
0.42
0.59
0.61
0.61
0.58
CorWatt	PkgWatt
17.03	128.80
0.62	128.79
0.48
0.45
0.45
1.54
0.86
0.84
0.83
0.40
0.44
0.39
0.40
0.51
0.50
0.50
0.51
0.51
0.47
0.45
0.52
0.42
0.41
0.42
0.41
0.38
0.41
0.37
0.37
0.53
0.54
0.56
0.52
CorWatt	PkgWatt
16.93	128.73
0.54	128.74
0.46
0.57
0.43
1.55
0.87
0.84
0.83
0.38
0.43
0.43
0.39
0.51
0.50
0.49
0.51
0.52
0.48
0.47
0.52
0.42
0.41
0.40
0.39
0.36
0.41
0.43
0.35
0.51
0.53
0.51
0.53
CorWatt	PkgWatt
16.71	128.56
0.52	128.56
0.46
0.56
0.43
1.53
0.86
0.83
0.83
0.36
0.44
0.37
0.39
0.52
0.50
0.48
0.50
0.52
0.47
0.47
0.53
0.41
0.41
0.40
0.41
0.35
0.39
0.42
0.35
0.51
0.50
0.50
0.49
CorWatt	PkgWatt
17.00	128.68
0.53	128.69
0.47
0.56
0.44
1.53
0.87
0.84
0.83
0.40
0.43
0.40
0.41
0.54
0.53
0.51
0.52
0.51
0.46
0.46
0.53
0.41
0.41
0.39
0.38
0.37
0.40
0.42
0.35
0.53
0.52
0.52
0.50
CorWatt	PkgWatt
16.79	128.65
0.53	128.66
0.49
0.58
0.45
1.18
1.24
0.83
0.83
0.40
0.46
0.39
0.40
0.51
0.50
0.48
0.51
0.49
0.45
0.45
0.52
0.40
0.43
0.39
0.38
0.35
0.39
0.41
0.36
0.51
0.50
0.50
0.49
CorWatt	PkgWatt
17.99	129.66
0.50	129.66
0.52
0.58
0.43
1.27
1.98
1.04
1.04
0.38
0.44
0.37
0.39
0.50
0.50
0.48
0.50
0.46
0.46
0.46
0.53
0.41
0.41
0.39
0.38
0.36
0.39
0.42
0.35
0.51
0.53
0.50
0.50
CorWatt	PkgWatt
19.84	131.25
0.51	131.25
0.52
0.58
0.43
2.30
1.43
2.11
1.34
0.37
0.42
0.37
0.38
0.51
0.51
0.51
0.52
0.46
0.46
0.46
0.52
0.42
0.41
0.40
0.39
0.35
0.39
0.41
0.35
0.51
0.51
0.51
0.51
CorWatt	PkgWatt
20.15	131.45
0.53	131.45
0.51
0.57
0.46
1.34
1.35
2.89
1.57
0.38
0.43
0.42
0.42
0.53
0.52
0.51
0.52
0.47
0.47
0.47
0.55
0.42
0.41
0.40
0.39
0.38
0.39
0.41
0.38
0.52
0.51
0.51
0.51
CorWatt	PkgWatt
19.73	131.34
0.55	131.34
0.49
0.55
0.45
1.34
1.35
1.34
3.12
0.37
0.42
0.37
0.37
0.50
0.50
0.48
0.50
0.44
0.46
0.46
0.55
0.42
0.41
0.39
0.38
0.35
0.39
0.42
0.35
0.51
0.50
0.50
0.49
CorWatt	PkgWatt
19.89	131.28
0.54	131.28
0.48
0.56
0.44
1.33
1.34
2.41
2.07
0.38
0.42
0.38
0.39
0.50
0.50
0.48
0.50
0.48
0.46
0.46
0.54
0.43
0.44
0.41
0.41
0.36
0.39
0.41
0.35
0.51
0.51
0.50
0.50
CorWatt	PkgWatt
19.73	131.19
0.54	131.18
0.44
0.57
0.43
1.34
1.35
3.14
1.34
0.39
0.43
0.37
0.38
0.50
0.50
0.49
0.52
0.45
0.46
0.45
0.52
0.42
0.41
0.40
0.39
0.36
0.39
0.41
0.35
0.51
0.51
0.50
0.49
CorWatt	PkgWatt
20.25	131.48
0.54	131.49
0.45
0.59
0.47
1.34
1.35
3.13
1.34
0.38
0.43
0.43
0.38
0.51
0.50
0.49
0.52
0.47
0.46
0.46
0.53
0.43
0.43
0.41
0.39
0.37
0.42
0.44
0.36
0.55
0.58
0.53
0.57
CorWatt	PkgWatt
19.81	131.44
0.54	131.43
0.45
0.58
0.45
1.34
1.35
1.34
3.12
0.37
0.42
0.37
0.39
0.51
0.50
0.50
0.52
0.44
0.46
0.45
0.52
0.42
0.45
0.41
0.38
0.35
0.39
0.43
0.35
0.52
0.51
0.50
0.49
CorWatt	PkgWatt
19.82	131.37
0.54	131.37
0.44
0.56
0.46
1.34
1.35
1.34
3.12
0.38
0.42
0.37
0.38
0.51
0.52
0.49
0.52
0.47
0.46
0.48
0.55
0.42
0.41
0.40
0.38
0.35
0.39
0.41
0.35
0.51
0.51
0.50
0.50
CorWatt	PkgWatt
19.73	131.21
0.55	131.21
0.44
0.58
0.45
1.33
1.34
1.34
3.13
0.36
0.42
0.37
0.38
0.51
0.50
0.49
0.52
0.45
0.46
0.46
0.52
0.42
0.41
0.39
0.39
0.35
0.38
0.42
0.35
0.51
0.50
0.50
0.49
CorWatt	PkgWatt
20.07	131.47
0.54	131.47
0.44
0.58
0.46
1.34
1.35
3.14
1.34
0.39
0.45
0.37
0.39
0.51
0.51
0.49
0.53
0.47
0.47
0.47
0.53
0.43
0.44
0.41
0.40
0.37
0.41
0.43
0.37
0.52
0.52
0.51
0.50
CorWatt	PkgWatt
19.37	131.15
0.59	131.14
0.51
0.62
0.51
0.97
1.01
2.00
1.00
0.42
0.46
0.43
0.44
0.53
0.53
0.55
0.56
0.52
0.53
0.52
0.58
0.47
0.45
0.44
0.44
0.39
0.43
0.45
0.39
0.97
0.57
0.54
0.55
CorWatt	PkgWatt
16.64	128.39
0.51	128.40
0.45
0.46
0.49
0.50
0.51
0.59
0.49
0.40
0.46
0.41
0.40
0.52
0.52
0.50
0.55
0.48
0.53
0.47
0.55
0.43
0.44
0.42
0.40
0.57
0.81
0.88
0.58
0.73
0.55
0.51
0.51
CorWatt	PkgWatt
16.03	127.91
0.48	127.90
0.45
0.45
0.48
0.49
0.48
0.56
0.50
0.37
0.43
0.38
0.39
0.51
0.50
0.48
0.52
0.44
0.51
0.44
0.52
0.43
0.42
0.41
0.38
0.59
0.62
1.03
0.60
0.63
0.52
0.50
0.49
CorWatt	PkgWatt
16.24	128.28
0.49	128.29
0.45
0.44
0.46
0.49
0.49
0.55
0.49
0.38
0.43
0.40
0.39
0.52
0.52
0.50
0.54
0.47
0.50
0.46
0.53
0.47
0.44
0.39
0.40
0.60
0.71
0.95
0.61
0.62
0.52
0.51
0.51
CorWatt	PkgWatt
16.05	128.05
0.50	128.05
0.46
0.44
0.49
0.48
0.48
0.50
0.48
0.39
0.45
0.37
0.38
0.51
0.52
0.49
0.55
0.47
0.51
0.44
0.52
0.39
0.42
0.39
0.40
0.60
0.64
1.00
0.61
0.64
0.51
0.50
0.49
CorWatt	PkgWatt
16.16	127.93
0.49	127.94
0.51
0.46
0.46
0.48
0.48
0.50
0.49
0.36
0.43
0.42
0.38
0.50
0.50
0.48
0.54
0.47
0.45
0.47
0.54
0.40
0.41
0.41
0.38
0.61
0.77
0.92
0.65
0.65
0.53
0.51
0.52
CorWatt	PkgWatt
18.50	133.09
0.51	133.08
0.53
0.44
0.43
0.48
0.49
0.49
0.48
0.37
0.43
0.37
0.38
0.50
0.50
0.49
0.53
0.45
0.45
0.45
0.53
0.38
0.41
0.39
0.38
0.35
4.31
0.37
0.44
0.62
0.51
0.51
0.51
CorWatt	PkgWatt
18.76	133.37
0.53	133.37
0.48
0.44
0.46
0.49
0.49
0.49
0.48
0.38
0.43
0.38
0.38
0.51
0.51
0.49
0.53
0.46
0.48
0.48
0.54
0.39
0.41
0.39
0.38
0.39
4.32
0.41
0.44
0.61
0.56
0.51
0.53
CorWatt	PkgWatt
18.56	133.09
0.51	133.09
0.44
0.45
0.47
0.49
0.48
0.49
0.48
0.39
0.42
0.37
0.38
0.50
0.50
0.50
0.52
0.46
0.45
0.46
0.52
0.38
0.40
0.41
0.38
0.38
4.31
0.37
0.44
0.65
0.51
0.50
0.52
CorWatt	PkgWatt
18.53	133.11
0.53	133.10
0.46
0.46
0.48
0.49
0.49
0.48
0.48
0.39
0.43
0.37
0.38
0.50
0.50
0.49
0.53
0.45
0.45
0.45
0.52
0.39
0.40
0.39
0.38
0.37
4.31
0.38
0.42
0.63
0.51
0.50
0.50
CorWatt	PkgWatt
18.43	133.02
0.52	133.01
0.44
0.45
0.46
0.48
0.48
0.49
0.48
0.37
0.42
0.37
0.38
0.50
0.50
0.49
0.53
0.45
0.45
0.46
0.52
0.38
0.40
0.40
0.38
0.36
4.31
0.37
0.43
0.63
0.51
0.50
0.50
CorWatt	PkgWatt
18.81	133.46
0.52	133.48
0.47
0.46
0.50
0.51
0.50
0.49
0.48
0.39
0.43
0.38
0.38
0.51
0.51
0.50
0.54
0.47
0.46
0.48
0.55
0.40
0.46
0.39
0.38
0.39
4.31
0.39
0.42
0.62
0.51
0.51
0.51
CorWatt	PkgWatt
18.52	133.19
0.51	133.19
0.45
0.44
0.47
0.48
0.50
0.49
0.48
0.38
0.42
0.37
0.38
0.50
0.51
0.50
0.53
0.44
0.45
0.45
0.54
0.38
0.41
0.39
0.38
0.37
4.32
0.39
0.44
0.63
0.51
0.50
0.50
CorWatt	PkgWatt
18.59	133.14
0.51	133.14
0.45
0.44
0.45
0.48
0.48
0.48
0.48
0.37
0.42
0.37
0.38
0.51
0.51
0.49
0.54
0.46
0.45
0.46
0.52
0.40
0.41
0.39
0.38
0.38
4.31
0.40
0.44
0.63
0.55
0.50
0.51
CorWatt	PkgWatt
18.82	133.31
0.53	133.32
0.47
0.45
0.47
0.48
0.48
0.49
0.48
0.39
0.44
0.39
0.40
0.51
0.51
0.50
0.52
0.45
0.47
0.45
0.52
0.44
0.41
0.41
0.41
0.39
4.31
0.39
0.43
0.65
0.54
0.52
0.52
CorWatt	PkgWatt
18.73	133.37
0.51	133.37
0.45
0.44
0.47
0.49
0.49
0.50
0.47
0.38
0.43
0.43
0.39
0.51
0.50
0.49
0.51
0.46
0.49
0.48
0.54
0.41
0.41
0.40
0.38
0.38
4.32
0.40
0.43
0.61
0.52
0.52
0.53
CorWatt	PkgWatt
18.53	133.20
0.52	133.20
0.45
0.45
0.49
0.48
0.49
0.48
0.48
0.37
0.42
0.38
0.38
0.51
0.50
0.49
0.51
0.45
0.47
0.47
0.53
0.42
0.41
0.39
0.39
0.36
4.31
0.37
0.42
0.63
0.51
0.50
0.50
CorWatt	PkgWatt
18.71	133.29
0.52	133.30
0.45
0.45
0.47
0.48
0.48
0.48
0.47
0.40
0.43
0.39
0.41
0.52
0.53
0.50
0.52
0.45
0.45
0.46
0.53
0.42
0.45
0.39
0.38
0.36
4.31
0.39
0.42
0.64
0.52
0.52
0.51
CorWatt	PkgWatt
18.38	130.45
0.63	130.46
0.83
0.68
0.61
0.56
0.56
0.59
1.08
0.49
0.52
0.46
0.48
0.57
0.57
0.56
0.58
0.51
0.53
0.51
0.62
0.48
0.47
0.46
0.45
0.43
0.87
0.42
0.46
0.65
0.61
0.57
0.59
CorWatt	PkgWatt
16.34	128.31
0.72	128.30
0.72
1.19
0.70
0.51
0.50
0.50
0.61
0.40
0.44
0.38
0.39
0.51
0.51
0.50
0.52
0.47
0.52
0.50
0.57
0.43
0.41
0.40
0.39
0.37
0.37
0.38
0.37
0.52
0.52
0.50
0.51
CorWatt	PkgWatt
16.04	128.00
0.71	127.99
0.71
1.18
0.69
0.50
0.49
0.49
0.62
0.37
0.42
0.37
0.37
0.52
0.51
0.51
0.52
0.45
0.51
0.49
0.57
0.41
0.41
0.40
0.38
0.35
0.35
0.36
0.35
0.51
0.51
0.50
0.50
CorWatt	PkgWatt
16.46	128.24
0.72	128.24
0.73
1.18
0.74
0.49
0.50
0.50
0.60
0.38
0.43
0.41
0.43
0.53
0.52
0.51
0.51
0.46
0.50
0.50
0.58
0.42
0.42
0.40
0.39
0.38
0.36
0.38
0.37
0.53
0.53
0.51
0.52
CorWatt	PkgWatt
15.93	128.11
0.73	128.10
0.72
1.17
0.67
0.48
0.49
0.50
0.61
0.38
0.42
0.37
0.38
0.50
0.50
0.48
0.50
0.44
0.50
0.50
0.56
0.43
0.41
0.39
0.38
0.35
0.35
0.35
0.35
0.51
0.51
0.50
0.50
CorWatt	PkgWatt
16.47	128.40
0.69	128.40
0.72
1.46
0.66
0.49
0.49
0.51
0.60
0.39
0.42
0.38
0.39
0.51
0.50
0.49
0.51
0.46
0.51
0.50
0.58
0.44
0.44
0.41
0.42
0.36
0.36
0.37
0.35
0.52
0.51
0.51
0.51
CorWatt	PkgWatt
17.59	129.86
0.64	129.86
3.08
0.63
0.60
0.49
0.49
0.49
0.60
0.39
0.43
0.37
0.37
0.50
0.50
0.48
0.53
0.45
0.52
0.48
0.57
0.39
0.41
0.39
0.38
0.35
0.35
0.35
0.35
0.51
0.53
0.50
0.49
CorWatt	PkgWatt
18.03	130.25
0.65	130.26
3.07
0.61
0.62
0.51
0.50
0.54
0.60
0.40
0.44
0.46
0.40
0.54
0.50
0.48
0.52
0.45
0.50
0.48
0.56
0.40
0.41
0.39
0.38
0.35
0.38
0.39
0.35
0.53
0.55
0.53
0.56
CorWatt	PkgWatt
17.61	130.08
0.65	130.07
2.54
1.19
0.62
0.49
0.49
0.49
0.61
0.38
0.43
0.38
0.38
0.51
0.50
0.48
0.51
0.44
0.50
0.48
0.55
0.40
0.42
0.41
0.38
0.35
0.35
0.35
0.35
0.51
0.51
0.50
0.49
CorWatt	PkgWatt
17.73	130.02
0.63	130.03
3.10
0.60
0.60
0.49
0.50
0.49
0.59
0.38
0.43
0.38
0.40
0.51
0.50
0.49
0.53
0.47
0.50
0.50
0.58
0.40
0.41
0.40
0.38
0.36
0.36
0.37
0.36
0.51
0.51
0.50
0.50
CorWatt	PkgWatt
17.57	129.97
0.66	129.97
3.07
0.62
0.62
0.49
0.49
0.50
0.60
0.36
0.42
0.38
0.38
0.51
0.50
0.48
0.52
0.45
0.51
0.48
0.56
0.39
0.42
0.39
0.38
0.35
0.35
0.35
0.35
0.51
0.50
0.50
0.49
CorWatt	PkgWatt
17.88	130.13
0.66	130.13
3.07
0.62
0.62
0.49
0.49
0.52
0.60
0.38
0.43
0.37
0.39
0.51
0.51
0.49
0.52
0.45
0.52
0.49
0.56
0.41
0.44
0.41
0.40
0.36
0.38
0.38
0.36
0.50
0.52
0.51
0.50
CorWatt	PkgWatt
17.57	129.76
0.65	129.75
3.05
0.59
0.59
0.49
0.49
0.49
0.59
0.37
0.43
0.37
0.39
0.52
0.52
0.51
0.52
0.45
0.51
0.49
0.53
0.38
0.41
0.40
0.39
0.35
0.35
0.35
0.35
0.51
0.54
0.50
0.49
CorWatt	PkgWatt
17.72	129.97
0.66	129.97
3.08
0.60
0.59
0.49
0.49
0.49
0.59
0.40
0.44
0.39
0.38
0.51
0.51
0.50
0.52
0.45
0.52
0.49
0.54
0.40
0.41
0.39
0.38
0.36
0.36
0.38
0.36
0.51
0.52
0.50
0.51
CorWatt	PkgWatt
17.52	129.93
0.65	129.93
3.08
0.60
0.57
0.50
0.49
0.50
0.61
0.38
0.43
0.37
0.38
0.51
0.50
0.50
0.51
0.44
0.50
0.48
0.53
0.38
0.42
0.41
0.39
0.35
0.35
0.35
0.35
0.51
0.50
0.50
0.49
CorWatt	PkgWatt
17.73	130.17
0.67	130.17
1.44
2.30
0.56
0.52
0.49
0.49
0.62
0.37
0.42
0.38
0.37
0.52
0.52
0.48
0.53
0.46
0.52
0.49
0.54
0.41
0.44
0.39
0.40
0.35
0.35
0.36
0.35
0.50
0.50
0.50
0.50
CorWatt	PkgWatt
17.68	130.23
0.65	130.23
0.63
3.10
0.58
0.49
0.49
0.49
0.60
0.39
0.44
0.37
0.38
0.52
0.52
0.48
0.54
0.46
0.52
0.48
0.52
0.40
0.41
0.40
0.41
0.36
0.35
0.35
0.35
0.51
0.50
0.50
0.49
CorWatt	PkgWatt
17.36	129.77
0.59	129.79
0.60
2.36
0.51
0.50
0.51
0.52
0.63
0.38
0.44
0.44
0.39
0.52
0.50
0.49
0.53
0.49
0.52
0.52
0.55
0.41
0.41
0.41
0.39
0.38
0.52
0.39
0.37
0.53
0.52
0.51
0.52
CorWatt	PkgWatt
18.01	130.18
0.55	130.19
0.60
0.53
0.49
0.56
0.56
0.54
0.54
0.45
0.49
0.44
0.45
0.57
0.56
0.55
0.60
0.50
0.55
0.53
0.56
0.46
0.47
0.45
0.44
0.41
0.85
0.42
0.41
1.21
0.81
0.73
0.72
CorWatt	PkgWatt
16.24	128.52
0.52	128.51
0.53
0.45
0.42
0.50
0.49
0.48
0.47
0.37
0.43
0.38
0.38
0.50
0.50
0.48
0.53
0.45
0.54
0.50
0.53
0.41
0.41
0.39
0.38
0.38
0.48
0.37
0.36
0.86
1.25
0.75
0.75
CorWatt	PkgWatt
16.31	128.39
0.49	128.38
0.52
0.45
0.42
0.48
0.50
0.48
0.48
0.39
0.43
0.39
0.39
0.51
0.50
0.50
0.53
0.46
0.50
0.49
0.53
0.40
0.45
0.40
0.38
0.37
0.47
0.35
0.38
0.88
1.28
0.75
0.76
CorWatt	PkgWatt
16.49	128.52
0.52	128.52
0.53
0.46
0.44
0.51
0.50
0.49
0.48
0.40
0.44
0.39
0.39
0.52
0.51
0.49
0.53
0.47
0.52
0.49
0.53
0.43
0.42
0.40
0.39
0.36
0.47
0.38
0.36
0.80
1.36
0.75
0.75
CorWatt	PkgWatt
16.11	128.10
0.50	128.10
0.50
0.45
0.43
0.49
0.48
0.48
0.48
0.38
0.42
0.40
0.37
0.50
0.50
0.48
0.53
0.46
0.51
0.50
0.52
0.40
0.40
0.40
0.38
0.36
0.47
0.35
0.35
0.77
1.36
0.74
0.73
CorWatt	PkgWatt
17.59	130.22
0.51	130.23
0.52
0.45
0.42
0.52
0.50
0.48
0.47
0.37
0.43
0.38
0.39
0.50
0.51
0.56
0.54
0.46
0.51
0.49
0.54
0.42
0.40
0.39
0.38
0.37
0.47
0.39
0.37
3.15
0.60
0.55
0.55
CorWatt	PkgWatt
17.97	130.66
0.52	130.64
0.47
0.45
0.44
0.49
0.50
0.50
0.50
0.40
0.43
0.39
0.39
0.51
0.53
0.52
0.55
0.45
0.51
0.49
0.53
0.41
0.41
0.40
0.39
0.38
0.47
0.39
0.39
3.53
0.58
0.52
0.52
CorWatt	PkgWatt
17.89	130.47
0.52	130.48
0.47
0.44
0.43
0.49
0.49
0.48
0.48
0.39
0.44
0.38
0.39
0.51
0.51
0.52
0.57
0.47
0.51
0.49
0.52
0.41
0.45
0.39
0.38
0.38
0.47
0.40
0.38
3.53
0.55
0.52
0.52
CorWatt	PkgWatt
17.97	130.68
0.54	130.68
0.48
0.45
0.44
0.49
0.48
0.48
0.48
0.41
0.44
0.39
0.40
0.51
0.51
0.51
0.52
0.45
0.51
0.48
0.52
0.42
0.47
0.41
0.40
0.39
0.46
0.39
0.37
3.54
0.57
0.53
0.53
CorWatt	PkgWatt
17.76	130.54
0.52	130.54
0.46
0.44
0.42
0.49
0.48
0.48
0.47
0.39
0.43
0.43
0.38
0.51
0.51
0.50
0.51
0.45
0.51
0.51
0.52
0.41
0.41
0.39
0.38
0.39
0.48
0.39
0.36
3.54
0.55
0.52
0.54
CorWatt	PkgWatt
17.68	130.52
0.53	130.51
0.46
0.45
0.43
0.48
0.49
0.48
0.48
0.38
0.43
0.39
0.39
0.50
0.51
0.51
0.53
0.47
0.52
0.49
0.51
0.41
0.40
0.39
0.38
0.36
0.47
0.37
0.36
3.54
0.55
0.51
0.51
CorWatt	PkgWatt
17.92	130.54
0.52	130.55
0.43
0.45
0.48
0.49
0.48
0.48
0.47
0.41
0.44
0.41
0.43
0.53
0.55
0.52
0.52
0.46
0.52
0.49
0.52
0.41
0.41
0.39
0.39
0.37
0.47
0.38
0.36
3.53
0.55
0.54
0.52
CorWatt	PkgWatt
17.78	130.45
0.52	130.45
0.45
0.46
0.48
0.48
0.48
0.48
0.48
0.40
0.46
0.40
0.40
0.53
0.51
0.49
0.52
0.45
0.50
0.49
0.52
0.41
0.41
0.39
0.39
0.36
0.47
0.37
0.36
3.53
0.58
0.51
0.51
CorWatt	PkgWatt
17.85	130.74
0.53	130.73
0.44
0.46
0.47
0.50
0.48
0.48
0.48
0.39
0.44
0.38
0.39
0.52
0.51
0.53
0.51
0.46
0.50
0.49
0.55
0.42
0.45
0.39
0.39
0.38
0.45
0.38
0.37
3.54
0.56
0.51
0.52
CorWatt	PkgWatt
17.80	130.48
0.53	130.47
0.45
0.46
0.47
0.50
0.48
0.49
0.50
0.39
0.43
0.39
0.38
0.52
0.52
0.52
0.53
0.45
0.50
0.49
0.55
0.41
0.41
0.39
0.38
0.37
0.46
0.37
0.36
3.54
0.54
0.51
0.51
CorWatt	PkgWatt
18.32	130.82
0.58	130.83
0.48
0.49
0.53
0.49
0.49
0.48
0.47
0.39
0.48
0.43
0.42
0.53
0.53
0.51
0.52
0.49
0.54
0.53
0.55
0.45
0.44
0.39
0.38
0.39
0.46
0.38
0.39
3.54
0.55
0.52
0.52
CorWatt	PkgWatt
17.75	130.52
0.54	130.51
0.45
0.45
0.49
0.48
0.48
0.48
0.48
0.39
0.43
0.38
0.39
0.50
0.51
0.50
0.51
0.44
0.51
0.50
0.52
0.44
0.41
0.39
0.38
0.36
0.47
0.37
0.37
3.54
0.54
0.51
0.51
CorWatt	PkgWatt
18.30	130.32
0.63	130.33
0.55
0.56
0.75
0.59
0.75
0.57
0.54
0.49
0.50
0.46
0.51
0.57
0.56
0.56
0.90
0.53
0.54
0.51
0.56
0.49
0.45
0.45
0.44
0.43
0.50
0.43
0.41
1.34
0.59
0.55
0.55
CorWatt	PkgWatt
16.70	128.50
1.47	128.47
0.79
0.80
0.88
0.49
0.61
0.49
0.49
0.42
0.44
0.38
0.43
0.51
0.50
0.49
0.53
0.45
0.46
0.45
0.52
0.39
0.42
0.40
0.40
0.37
0.35
0.36
0.35
0.53
0.53
0.51
0.51
CorWatt	PkgWatt
16.98	128.59
1.25	128.60
0.79
0.81
1.10
0.50
0.62
0.51
0.48
0.42
0.43
0.43
0.44
0.52
0.50
0.49
0.53
0.46
0.46
0.45
0.53
0.40
0.44
0.39
0.38
0.36
0.38
0.38
0.36
0.55
0.55
0.53
0.56
CorWatt	PkgWatt
16.58	128.45
0.84	128.45
0.78
0.82
1.48
0.49
0.61
0.49
0.48
0.41
0.45
0.37
0.43
0.51
0.50
0.49
0.53
0.45
0.45
0.44
0.54
0.39
0.43
0.41
0.38
0.35
0.35
0.37
0.35
0.51
0.51
0.50
0.49
CorWatt	PkgWatt
16.50	128.27
0.82	128.28
0.78
0.79
1.47
0.49
0.62
0.49
0.47
0.41
0.43
0.38
0.45
0.50
0.50
0.48
0.52
0.48
0.45
0.46
0.54
0.39
0.41
0.39
0.38
0.36
0.35
0.36
0.35
0.51
0.50
0.50
0.50
CorWatt	PkgWatt
16.52	128.31
1.11	128.30
0.78
0.80
1.22
0.49
0.62
0.49
0.49
0.41
0.43
0.37
0.43
0.50
0.50
0.48
0.53
0.45
0.45
0.44
0.53
0.38
0.40
0.39
0.38
0.35
0.35
0.35
0.35
0.51
0.53
0.50
0.49
CorWatt	PkgWatt
17.22	128.82
1.71	128.83
0.86
0.88
0.92
0.49
0.61
0.51
0.48
0.43
0.44
0.38
0.46
0.50
0.50
0.49
0.53
0.47
0.46
0.44
0.53
0.41
0.43
0.40
0.40
0.36
0.37
0.37
0.36
0.51
0.53
0.51
0.50
CorWatt	PkgWatt
19.60	130.95
2.00	130.95
1.28
1.29
2.35
0.49
0.61
0.50
0.49
0.41
0.42
0.37
0.43
0.52
0.52
0.50
0.53
0.45
0.46
0.45
0.53
0.39
0.41
0.40
0.38
0.35
0.35
0.35
0.35
0.50
0.54
0.50
0.49
CorWatt	PkgWatt
19.59	131.00
1.29	131.00
1.28
1.29
3.04
0.49
0.62
0.49
0.48
0.43
0.45
0.38
0.42
0.51
0.51
0.49
0.53
0.46
0.46
0.44
0.53
0.39
0.43
0.39
0.38
0.35
0.35
0.35
0.35
0.50
0.50
0.50
0.50
CorWatt	PkgWatt
19.82	131.14
2.68	131.13
1.27
1.29
1.64
0.51
0.62
0.51
0.51
0.42
0.44
0.39
0.44
0.51
0.51
0.50
0.55
0.45
0.47
0.45
0.54
0.41
0.43
0.43
0.39
0.36
0.36
0.36
0.36
0.51
0.53
0.51
0.49
CorWatt	PkgWatt
19.80	131.13
3.07	131.14
1.27
1.29
1.27
0.49
0.61
0.49
0.50
0.41
0.43
0.39
0.44
0.52
0.52
0.49
0.57
0.48
0.47
0.45
0.54
0.43
0.44
0.39
0.40
0.36
0.35
0.36
0.35
0.51
0.51
0.50
0.50
CorWatt	PkgWatt
19.74	131.15
2.73	131.15
1.28
1.29
1.62
0.49
0.62
0.49
0.49
0.43
0.44
0.38
0.42
0.52
0.51
0.48
0.51
0.47
0.48
0.47
0.54
0.42
0.41
0.39
0.39
0.37
0.37
0.37
0.36
0.50
0.51
0.50
0.49
CorWatt	PkgWatt
19.77	131.17
3.06	131.17
1.28
1.29
1.28
0.49
0.61
0.49
0.48
0.42
0.42
0.43
0.43
0.50
0.50
0.48
0.50
0.47
0.46
0.47
0.54
0.42
0.41
0.41
0.40
0.38
0.36
0.37
0.37
0.52
0.52
0.50
0.52
CorWatt	PkgWatt
19.57	130.97
3.06	130.96
1.27
1.29
1.28
0.49
0.60
0.49
0.49
0.40
0.43
0.37
0.42
0.50
0.50
0.48
0.50
0.46
0.48
0.45
0.53
0.41
0.41
0.39
0.39
0.35
0.35
0.37
0.35
0.51
0.53
0.50
0.49
CorWatt	PkgWatt
19.62	130.84
1.47	130.85
1.28
1.29
2.85
0.49
0.61
0.49
0.48
0.41
0.43
0.37
0.42
0.51
0.50
0.49
0.50
0.46
0.48
0.47
0.54
0.42
0.41
0.39
0.39
0.38
0.35
0.37
0.36
0.51
0.51
0.50
0.51
CorWatt	PkgWatt
19.72	131.12
3.06	131.12
1.27
1.29
1.28
0.49
0.61
0.49
0.49
0.43
0.42
0.38
0.44
0.50
0.50
0.50
0.52
0.49
0.46
0.44
0.52
0.43
0.41
0.40
0.41
0.37
0.35
0.36
0.37
0.53
0.51
0.50
0.51
CorWatt	PkgWatt
19.61	130.95
1.33	130.95
1.98
1.29
2.31
0.49
0.61
0.49
0.48
0.43
0.45
0.37
0.44
0.50
0.50
0.48
0.52
0.48
0.46
0.44
0.53
0.42
0.41
0.39
0.39
0.35
0.35
0.37
0.35
0.51
0.51
0.50
0.50
CorWatt	PkgWatt
18.62	130.21
1.14	130.20
1.13
1.13
2.59
0.49
0.59
0.49
0.49
0.41
0.42
0.37
0.43
0.51
0.50
0.48
0.50
0.48
0.46
0.47
0.53
0.41
0.41
0.40
0.38
0.36
0.35
0.35
0.35
0.50
0.50
0.51
0.50
CorWatt	PkgWatt
19.89	133.93
0.76	133.95
0.54
0.50
0.52
0.61
3.39
0.60
0.58
0.48
0.46
0.42
0.47
0.55
0.54
0.55
0.57
0.51
0.51
0.50
0.59
0.47
0.49
0.44
0.44
0.43
0.42
0.43
0.73
0.59
0.59
0.57
0.63
CorWatt	PkgWatt
20.41	137.69
0.59	137.67
0.51
0.47
0.49
0.50
6.01
0.54
0.50
0.44
0.43
0.38
0.38
0.52
0.51
0.51
0.52
0.45
0.46
0.46
0.53
0.42
0.42
0.40
0.39
0.37
0.36
0.38
0.37
0.51
0.54
0.51
0.55
CorWatt	PkgWatt
20.27	137.49
0.58	137.49
0.49
0.45
0.48
0.51
6.01
0.55
0.49
0.42
0.43
0.38
0.39
0.50
0.50
0.50
0.51
0.46
0.47
0.44
0.53
0.45
0.42
0.39
0.38
0.37
0.35
0.38
0.37
0.50
0.51
0.50
0.55
CorWatt	PkgWatt
20.45	137.67
0.61	137.67
0.48
0.47
0.52
0.50
6.01
0.54
0.50
0.43
0.46
0.38
0.39
0.51
0.50
0.49
0.52
0.45
0.46
0.45
0.54
0.41
0.42
0.42
0.40
0.36
0.35
0.38
0.35
0.52
0.53
0.53
0.56
CorWatt	PkgWatt
20.27	137.43
0.59	137.43
0.45
0.45
0.49
0.50
6.02
0.53
0.49
0.42
0.48
0.43
0.39
0.51
0.50
0.49
0.52
0.45
0.48
0.47
0.55
0.40
0.41
0.39
0.38
0.37
0.37
0.36
0.35
0.51
0.51
0.50
0.52
CorWatt	PkgWatt
20.20	137.64
0.59	137.64
0.45
0.51
0.54
0.50
6.01
0.53
0.50
0.42
0.46
0.37
0.38
0.50
0.50
0.51
0.53
0.46
0.47
0.46
0.55
0.38
0.41
0.39
0.38
0.35
0.35
0.36
0.35
0.51
0.50
0.50
0.49
CorWatt	PkgWatt
20.22	137.43
0.59	137.43
0.45
0.45
0.52
0.50
6.01
0.53
0.49
0.43
0.46
0.39
0.42
0.52
0.54
0.50
0.53
0.45
0.46
0.45
0.52
0.39
0.41
0.39
0.38
0.35
0.35
0.36
0.35
0.51
0.51
0.52
0.50
CorWatt	PkgWatt
20.20	137.55
0.59	137.55
0.46
0.48
0.49
0.50
6.01
0.53
0.49
0.44
0.49
0.40
0.40
0.51
0.50
0.50
0.53
0.45
0.46
0.45
0.52
0.38
0.41
0.39
0.38
0.35
0.35
0.35
0.35
0.51
0.54
0.50
0.49
CorWatt	PkgWatt
20.29	137.57
0.60	137.57
0.48
0.48
0.48
0.52
6.02
0.54
0.50
0.42
0.48
0.38
0.39
0.51
0.50
0.49
0.52
0.47
0.47
0.46
0.54
0.40
0.41
0.39
0.39
0.36
0.35
0.36
0.36
0.51
0.51
0.51
0.51
CorWatt	PkgWatt
20.17	137.78
0.58	137.77
0.47
0.49
0.47
0.52
6.01
0.53
0.51
0.42
0.46
0.37
0.38
0.52
0.51
0.51
0.53
0.45
0.45
0.46
0.55
0.39
0.41
0.39
0.38
0.35
0.35
0.35
0.35
0.51
0.50
0.50
0.49
CorWatt	PkgWatt
20.32	137.65
0.60	137.66
0.47
0.46
0.50
0.50
6.01
0.53
0.49
0.42
0.48
0.42
0.41
0.52
0.52
0.50
0.52
0.45
0.45
0.46
0.54
0.39
0.45
0.39
0.38
0.36
0.35
0.36
0.36
0.51
0.51
0.50
0.50
CorWatt	PkgWatt
20.21	137.56
0.60	137.55
0.46
0.47
0.51
0.50
6.01
0.53
0.49
0.42
0.46
0.38
0.38
0.50
0.50
0.49
0.52
0.44
0.45
0.47
0.55
0.41
0.45
0.39
0.39
0.35
0.35
0.35
0.35
0.51
0.50
0.50
0.49
CorWatt	PkgWatt
20.26	137.65
0.60	137.65
0.45
0.46
0.48
0.51
6.02
0.53
0.49
0.43
0.45
0.38
0.40
0.51
0.51
0.50
0.54
0.46
0.46
0.46
0.54
0.42
0.42
0.41
0.40
0.36
0.36
0.36
0.35
0.51
0.51
0.50
0.50
CorWatt	PkgWatt
20.30	137.87
0.58	137.86
0.45
0.47
0.48
0.50
6.02
0.53
0.50
0.45
0.48
0.38
0.39
0.51
0.50
0.49
0.54
0.45
0.46
0.45
0.53
0.41
0.41
0.39
0.39
0.36
0.36
0.37
0.36
0.53
0.56
0.51
0.50
CorWatt	PkgWatt
20.71	137.95
0.59	137.96
0.49
0.50
0.52
0.51
6.01
0.54
0.50
0.41
0.44
0.44
0.40
0.52
0.50
0.49
0.53
0.46
0.47
0.45
0.54
0.42
0.41
0.45
0.39
0.37
0.39
0.38
0.36
0.55
0.56
0.53
0.57
CorWatt	PkgWatt
20.63	137.98
0.61	137.97
0.48
0.55
0.45
0.51
6.01
0.53
0.49
0.39
0.43
0.38
0.38
0.52
0.53
0.53
0.55
0.44
0.49
0.48
0.57
0.44
0.44
0.45
0.42
0.38
0.38
0.39
0.38
0.51
0.51
0.50
0.50
CorWatt	PkgWatt
20.28	137.73
0.58	137.74
0.48
0.50
0.48
0.50
6.02
0.53
0.49
0.39
0.43
0.37
0.39
0.53
0.50
0.50
0.51
0.48
0.46
0.47
0.55
0.40
0.43
0.45
0.40
0.36
0.35
0.37
0.35
0.51
0.51
0.50
0.50
CorWatt	PkgWatt
19.36	133.58
0.80	133.59
0.58
0.87
0.55
0.56
2.66
0.61
0.69
0.45
0.47
0.41
0.45
0.58
0.55
0.55
0.56
0.55
0.54
0.54
0.63
0.45
0.48
0.49
0.45
0.41
0.41
0.43
0.41
0.57
0.56
0.56
0.55
CorWatt	PkgWatt
17.91	130.54
0.61	130.53
0.49
0.49
0.50
0.56
0.54
0.57
3.25
0.41
0.46
0.38
0.39
0.54
0.51
0.50
0.52
0.51
0.46
0.46
0.53
0.43
0.43
0.41
0.42
0.36
0.37
0.39
0.36
0.52
0.52
0.51
0.50
CorWatt	PkgWatt
17.56	130.22
0.60	130.21
0.49
0.51
0.48
0.55
0.52
0.52
3.20
0.40
0.43
0.39
0.38
0.54
0.53
0.52
0.53
0.45
0.46
0.46
0.53
0.40
0.41
0.40
0.40
0.35
0.35
0.36
0.35
0.51
0.55
0.51
0.49
CorWatt	PkgWatt
17.48	130.34
0.59	130.35
0.48
0.50
0.49
0.54
0.52
0.51
3.19
0.40
0.45
0.41
0.38
0.53
0.51
0.50
0.52
0.45
0.46
0.46
0.54
0.40
0.41
0.39
0.40
0.36
0.36
0.37
0.35
0.51
0.51
0.50
0.50
CorWatt	PkgWatt
17.42	130.07
0.59	130.07
0.48
0.50
0.49
0.55
0.52
0.53
3.19
0.38
0.43
0.38
0.41
0.54
0.52
0.49
0.52
0.44
0.45
0.45
0.53
0.39
0.43
0.41
0.41
0.35
0.35
0.35
0.35
0.51
0.50
0.51
0.49
CorWatt	PkgWatt
17.91	130.34
0.59	130.34
0.51
0.51
0.52
0.54
0.53
0.52
3.19
0.39
0.44
0.40
0.39
0.58
0.55
0.51
0.55
0.49
0.46
0.46
0.58
0.43
0.46
0.40
0.44
0.36
0.36
0.37
0.35
0.52
0.50
0.51
0.51
CorWatt	PkgWatt
17.94	130.39
0.61	130.39
0.50
0.54
0.53
0.55
0.52
0.51
3.18
0.42
0.48
0.41
0.42
0.55
0.57
0.53
0.56
0.46
0.46
0.45
0.52
0.39
0.41
0.39
0.43
0.39
0.38
0.35
0.39
0.51
0.51
0.51
0.49
CorWatt	PkgWatt
17.62	130.27
0.59	130.27
0.49
0.52
0.47
0.54
0.53
0.51
3.18
0.38
0.43
0.43
0.40
0.51
0.50
0.49
0.51
0.46
0.46
0.47
0.52
0.40
0.41
0.42
0.43
0.38
0.36
0.36
0.37
0.53
0.52
0.51
0.52
CorWatt	PkgWatt
17.31	129.94
0.59	129.94
0.48
0.51
0.48
1.42
0.52
0.51
2.34
0.38
0.43
0.37
0.38
0.50
0.50
0.49
0.50
0.45
0.45
0.45
0.52
0.39
0.41
0.39
0.41
0.35
0.35
0.35
0.35
0.51
0.53
0.50
0.49
CorWatt	PkgWatt
17.45	129.98
0.59	129.98
0.50
0.51
0.47
3.19
0.52
0.51
0.58
0.38
0.42
0.37
0.40
0.50
0.50
0.49
0.50
0.46
0.48
0.46
0.54
0.40
0.44
0.39
0.40
0.37
0.35
0.35
0.36
0.51
0.50
0.50
0.51
CorWatt	PkgWatt
17.50	130.02
0.59	130.01
0.51
0.50
0.46
3.19
0.52
0.51
0.57
0.40
0.43
0.37
0.40
0.50
0.50
0.50
0.51
0.47
0.46
0.45
0.56
0.39
0.41
0.41
0.41
0.38
0.35
0.35
0.36
0.52
0.50
0.50
0.51
CorWatt	PkgWatt
17.45	130.06
0.60	130.07
0.53
0.52
0.47
3.19
0.52
0.51
0.58
0.38
0.43
0.37
0.39
0.50
0.50
0.49
0.50
0.46
0.46
0.45
0.53
0.39
0.42
0.39
0.41
0.36
0.36
0.36
0.35
0.51
0.50
0.50
0.50
CorWatt	PkgWatt
17.34	129.91
0.58	129.91
0.49
0.51
0.48
3.18
0.52
0.51
0.56
0.38
0.43
0.37
0.39
0.50
0.50
0.48
0.51
0.47
0.46
0.47
0.52
0.38
0.41
0.40
0.41
0.37
0.35
0.35
0.35
0.51
0.50
0.50
0.49
CorWatt	PkgWatt
17.33	129.88
0.58	129.88
0.49
0.52
0.48
3.20
0.52
0.51
0.57
0.37
0.42
0.37
0.39
0.50
0.50
0.49
0.50
0.45
0.45
0.45
0.54
0.39
0.41
0.39
0.41
0.36
0.35
0.36
0.35
0.51
0.50
0.50
0.50
CorWatt	PkgWatt
17.43	129.88
0.58	129.87
0.48
0.54
0.47
3.18
0.53
0.51
0.57
0.37
0.43
0.37
0.39
0.51
0.51
0.51
0.51
0.44
0.46
0.46
0.54
0.39
0.41
0.39
0.41
0.36
0.35
0.37
0.36
0.51
0.52
0.50
0.50
CorWatt	PkgWatt
17.59	130.13
0.59	130.14
0.48
0.55
0.44
3.18
0.52
0.51
0.59
0.38
0.43
0.39
0.41
0.52
0.51
0.50
0.51
0.46
0.47
0.46
0.56
0.40
0.41
0.39
0.42
0.37
0.35
0.37
0.38
0.51
0.51
0.50
0.51
CorWatt	PkgWatt
17.54	130.09
0.60	130.09
0.49
0.56
0.47
3.18
0.52
0.51
0.57
0.39
0.44
0.38
0.39
0.52
0.50
0.49
0.50
0.45
0.46
0.44
0.52
0.40
0.42
0.41
0.40
0.35
0.35
0.37
0.35
0.53
0.53
0.52
0.51
CorWatt	PkgWatt
17.64	130.00
0.59	130.00
0.47
0.55
0.44
3.08
0.52
0.51
0.58
0.42
0.42
0.42
0.44
0.52
0.53
0.49
0.50
0.46
0.47
0.47
0.57
0.41
0.41
0.39
0.39
0.36
0.37
0.36
0.39
0.52
0.52
0.50
0.55
CorWatt	PkgWatt
18.59	130.21
0.63	130.23
0.58
0.60
1.05
0.91
0.89
0.68
0.71
0.47
0.50
0.45
0.48
0.62
0.61
0.60
0.58
0.51
0.52
0.53
0.59
0.56
0.51
0.48
0.46
0.41
0.41
0.41
0.41
0.58
0.59
0.65
0.60
CorWatt	PkgWatt
16.65	128.57
0.50	128.57
0.47
0.47
0.56
0.79
1.36
0.76
0.79
0.39
0.44
0.40
0.42
0.54
0.55
0.49
0.51
0.47
0.46
0.47
0.53
0.44
0.44
0.42
0.39
0.36
0.35
0.36
0.35
0.51
0.51
0.58
0.54
CorWatt	PkgWatt
16.44	128.31
0.52	128.29
0.47
0.50
0.57
0.84
1.34
0.75
0.79
0.40
0.45
0.41
0.40
0.53
0.50
0.49
0.51
0.45
0.46
0.45
0.55
0.39
0.41
0.39
0.38
0.35
0.35
0.35
0.35
0.51
0.51
0.55
0.56
CorWatt	PkgWatt
16.32	128.19
0.53	128.19
0.46
0.50
0.55
0.95
1.22
0.75
0.79
0.39
0.44
0.39
0.38
0.52
0.51
0.49
0.50
0.46
0.45
0.44
0.54
0.39
0.41
0.39
0.38
0.35
0.35
0.36
0.35
0.51
0.50
0.55
0.54
CorWatt	PkgWatt
16.39	128.29
0.52	128.29
0.48
0.49
0.55
0.81
1.38
0.76
0.80
0.37
0.42
0.37
0.38
0.54
0.52
0.51
0.53
0.46
0.46
0.45
0.53
0.39
0.41
0.40
0.38
0.35
0.35
0.35
0.35
0.51
0.50
0.55
0.54
CorWatt	PkgWatt
17.10	128.93
0.50	128.93
0.50
0.47
0.57
0.85
1.72
0.83
0.86
0.38
0.45
0.41
0.42
0.54
0.53
0.50
0.50
0.46
0.47
0.46
0.54
0.40
0.43
0.39
0.39
0.35
0.35
0.36
0.37
0.51
0.50
0.57
0.54
CorWatt	PkgWatt
19.37	131.11
0.53	131.11
0.46
0.47
0.59
3.06
1.33
1.17
1.17
0.37
0.42
0.38
0.39
0.53
0.50
0.48
0.50
0.45
0.46
0.47
0.55
0.41
0.42
0.39
0.39
0.35
0.35
0.36
0.35
0.50
0.50
0.55
0.53
CorWatt	PkgWatt
19.79	131.35
0.51	131.35
0.45
0.49
0.58
1.75
2.68
1.22
1.22
0.39
0.43
0.40
0.40
0.53
0.51
0.49
0.51
0.47
0.47
0.46
0.56
0.42
0.45
0.42
0.42
0.36
0.36
0.37
0.36
0.51
0.52
0.55
0.54
CorWatt	PkgWatt
19.54	131.29
0.52	131.28
0.44
0.46
0.58
2.96
1.46
1.22
1.22
0.39
0.45
0.39
0.39
0.53
0.50
0.49
0.51
0.45
0.46
0.45
0.52
0.39
0.42
0.40
0.41
0.35
0.35
0.37
0.35
0.50
0.50
0.55
0.56
CorWatt	PkgWatt
19.62	131.17
0.53	131.18
0.44
0.48
0.60
1.18
3.20
1.19
1.18
0.37
0.42
0.43
0.38
0.55
0.50
0.48
0.50
0.45
0.46
0.45
0.52
0.41
0.42
0.39
0.40
0.36
0.38
0.37
0.35
0.53
0.54
0.58
0.59
CorWatt	PkgWatt
19.55	131.35
0.52	131.35
0.44
0.48
0.59
1.22
3.20
1.22
1.22
0.38
0.42
0.38
0.40
0.54
0.50
0.50
0.51
0.44
0.46
0.45
0.53
0.41
0.44
0.41
0.42
0.35
0.35
0.36
0.36
0.51
0.51
0.55
0.53
CorWatt	PkgWatt
19.51	131.25
0.53	131.25
0.44
0.45
0.60
1.22
3.20
1.23
1.22
0.37
0.42
0.37
0.37
0.53
0.50
0.48
0.50
0.47
0.46
0.47
0.55
0.39
0.41
0.40
0.40
0.35
0.35
0.35
0.35
0.51
0.51
0.55
0.54
CorWatt	PkgWatt
19.52	131.28
0.54	131.28
0.46
0.47
0.58
2.94
1.48
1.22
1.22
0.37
0.42
0.38
0.37
0.53
0.50
0.49
0.50
0.45
0.46
0.45
0.54
0.39
0.42
0.39
0.42
0.35
0.35
0.35
0.35
0.51
0.51
0.55
0.55
CorWatt	PkgWatt
19.61	131.65
0.56	131.65
0.46
0.47
0.58
3.10
1.30
1.21
1.21
0.39
0.43
0.38
0.38
0.52
0.50
0.48
0.50
0.47
0.46
0.45
0.52
0.41
0.44
0.41
0.42
0.35
0.37
0.37
0.36
0.50
0.52
0.56
0.54
CorWatt	PkgWatt
19.53	131.40
0.54	131.40
0.47
0.49
0.55
1.20
3.20
1.19
1.19
0.37
0.42
0.37
0.38
0.56
0.50
0.55
0.52
0.45
0.46
0.45
0.53
0.38
0.45
0.40
0.40
0.35
0.35
0.36
0.35
0.50
0.52
0.55
0.54
CorWatt	PkgWatt
19.47	131.26
0.54	131.25
0.45
0.45
0.54
3.18
1.24
1.22
1.22
0.39
0.45
0.39
0.38
0.53
0.50
0.48
0.52
0.46
0.46
0.45
0.53
0.39
0.41
0.39
0.40
0.36
0.35
0.36
0.35
0.50
0.51
0.54
0.53
CorWatt	PkgWatt
19.52	131.34
0.52	131.34
0.45
0.46
0.55
2.94
1.48
1.23
1.23
0.39
0.42
0.38
0.39
0.52
0.52
0.49
0.52
0.45
0.46
0.45
0.52
0.39
0.43
0.42
0.41
0.36
0.35
0.35
0.35
0.50
0.50
0.55
0.53
CorWatt	PkgWatt
19.41	131.41
0.59	131.45
0.50
0.51
0.61
0.90
1.98
0.89
0.90
0.50
0.50
0.44
0.44
0.59
0.58
0.55
0.57
0.56
0.53
0.58
0.63
0.51
0.51
0.46
0.48
0.43
0.44
0.40
0.38
0.61
0.59
0.62
0.61
