CorWatt	PkgWatt
15.54	127.35
0.51	127.36
0.52
0.49
0.49
0.52
0.52
0.50
0.52
0.49
0.48
0.40
0.44
0.52
0.55
0.53
0.53
0.47
0.49
0.49
0.49
0.43
0.39
0.39
0.43
0.41
0.38
0.43
0.41
0.59
0.55
0.60
0.61
CorWatt	PkgWatt
14.93	126.93
0.52	126.96
0.52
0.47
0.49
0.51
0.49
0.50
0.50
0.39
0.47
0.37
0.38
0.51
0.52
0.51
0.52
0.47
0.47
0.47
0.47
0.42
0.39
0.40
0.46
0.38
0.35
0.38
0.41
0.56
0.54
0.51
0.58
CorWatt	PkgWatt
20.72	131.98
0.64	131.99
0.58
0.79
0.59
0.69
0.70
0.81
0.67
0.57
0.68
0.54
0.62
0.64
0.67
0.65
0.75
0.62
0.63
0.67
0.68
0.59
0.62
0.54
0.68
0.56
0.56
0.57
0.55
0.72
0.68
0.69
0.78
CorWatt	PkgWatt
15.66	127.55
0.52	127.51
0.48
0.48
0.50
0.53
0.51
0.53
0.53
0.44
0.50
0.43
0.43
0.58
0.66
0.57
0.61
0.47
0.50
0.50
0.50
0.41
0.38
0.39
0.51
0.36
0.43
0.39
0.35
0.53
0.54
0.53
0.57
CorWatt	PkgWatt
15.76	127.45
0.57	127.46
0.51
0.54
0.48
0.57
0.51
0.55
0.54
0.45
0.54
0.45
0.42
0.60
0.57
0.55
0.56
0.46
0.47
0.48
0.46
0.41
0.38
0.42
0.47
0.38
0.42
0.42
0.38
0.54
0.57
0.52
0.58
CorWatt	PkgWatt
16.63	128.32
0.58	128.35
0.53
0.54
0.58
0.61
0.58
0.59
0.60
0.45
0.56
0.46
0.44
0.60
0.58
0.52
0.58
0.47
0.55
0.52
0.49
0.48
0.44
0.47
0.50
0.41
0.44
0.42
0.37
0.57
0.58
0.50
0.60
CorWatt	PkgWatt
15.38	127.32
0.54	127.29
0.53
0.51
0.55
0.53
0.55
0.55
0.54
0.43
0.49
0.43
0.41
0.52
0.53
0.52
0.57
0.47
0.46
0.50
0.46
0.45
0.39
0.39
0.45
0.37
0.37
0.40
0.36
0.52
0.50
0.50
0.59
CorWatt	PkgWatt
15.50	127.36
0.54	127.34
0.56
0.51
0.45
0.63
0.56
0.56
0.56
0.45
0.49
0.40
0.41
0.54
0.52
0.51
0.52
0.44
0.47
0.49
0.48
0.43
0.41
0.42
0.45
0.38
0.41
0.41
0.38
0.53
0.51
0.50
0.59
CorWatt	PkgWatt
15.49	127.29
0.49	127.30
0.50
0.51
0.48
0.53
0.52
0.52
0.52
0.46
0.49
0.47
0.44
0.56
0.58
0.56
0.52
0.48
0.49
0.50
0.48
0.43
0.42
0.42
0.46
0.40
0.39
0.37
0.35
0.52
0.50
0.53
0.59
CorWatt	PkgWatt
15.48	127.47
0.49	127.48
0.45
0.51
0.53
0.50
0.48
0.49
0.53
0.43
0.47
0.40
0.41
0.52
0.53
0.54
0.50
0.51
0.49
0.51
0.53
0.45
0.43
0.46
0.55
0.40
0.43
0.42
0.38
0.52
0.53
0.53
0.56
CorWatt	PkgWatt
15.57	127.37
0.53	127.37
0.43
0.48
0.49
0.51
0.50
0.50
0.51
0.42
0.49
0.40
0.45
0.54
0.51
0.54
0.52
0.44
0.48
0.48
0.47
0.42
0.44
0.41
0.48
0.42
0.44
0.52
0.41
0.58
0.55
0.58
0.62
CorWatt	PkgWatt
15.54	127.51
0.48	127.50
0.49
0.50
0.48
0.54
0.51
0.54
0.53
0.39
0.48
0.41
0.38
0.54
0.55
0.53
0.55
0.47
0.51
0.50
0.46
0.42
0.40
0.41
0.48
0.41
0.41
0.41
0.41
0.65
0.55
0.56
0.60
CorWatt	PkgWatt
19.11	130.11
0.59	130.15
0.66
0.55
0.55
0.63
0.59
0.57
0.55
0.52
0.65
0.56
0.61
0.76
0.76
0.67
0.67
0.53
0.60
0.51
0.54
0.51
0.48
0.50
0.61
0.54
0.48
0.52
0.48
0.68
0.72
0.73
0.77
