CorWatt	PkgWatt
349.68	562.72
4.16	221.73
4.32
4.42
4.65
4.71
4.57
4.52
4.35
4.72
4.27
4.08
4.33
4.04
4.61
4.17
4.34
5.10
5.44
5.16
4.81
4.63
4.47
4.56
4.71
4.93
4.31
4.20
4.60
4.14
4.26
4.45
4.11
5.27	233.31
5.12
3.93
6.79
3.94
4.60
6.66
4.69
4.49
3.40
4.91
4.60
3.39
4.91
4.45
4.45
5.34
4.82
5.54
4.65
4.21
5.30
5.67
5.01
4.63
6.34
6.76
4.99
4.05
4.48
3.75
4.09
CorWatt	PkgWatt
275.42	433.93
3.97	220.02
4.34
4.44
4.49
4.40
4.60
4.36
4.38
4.62
4.31
4.24
4.62
4.07
4.54
4.14
4.12
4.70
4.46
4.48
4.59
4.46
4.52
3.99
4.83
4.77
4.40
4.33
4.48
4.50
4.18
4.27
4.24
3.31	213.90
3.35
3.63
4.87
4.34
3.97
5.01
4.97
3.61
4.91
6.82
3.53
3.27
3.36
3.27
3.28
3.90
4.44
3.25
3.69
5.11
4.44
4.76
4.11
6.44
4.96
6.20
3.73
3.28
3.29
3.91
3.55
CorWatt	PkgWatt
281.99	437.42
3.86	219.19
4.19
4.43
4.36
4.93
4.70
4.44
4.10
4.45
4.27
4.17
4.73
4.01
4.42
4.07
4.05
4.98
4.42
5.01
4.79
4.56
4.14
3.94
4.36
4.45
4.57
4.05
4.62
5.30
4.15
4.24
4.26
4.09	218.44
5.47
4.81
5.16
4.33
5.07
4.87
4.35
4.06
5.54
5.20
5.78
3.79
3.27
3.26
3.39
3.43
3.94
3.22
3.80
5.14
4.49
3.81
5.14
4.26
4.88
5.61
4.24
3.78
3.77
4.85
4.25
CorWatt	PkgWatt
276.60	443.02
3.77	214.13
4.17
3.95
4.12
3.81
4.62
4.40
3.91
4.13
4.14
4.25
3.97
4.02
4.20
3.97
4.06
4.38
3.66
4.22
3.80
4.34
4.08
3.99
3.87
3.53
3.88
3.86
3.76
5.41
4.11
3.66
3.98
4.78	228.85
5.44
4.94
5.45
4.52
3.97
3.98
4.50
4.32
4.53
5.18
4.90
4.20
3.94
4.68
4.33
3.96
4.32
3.82
4.81
3.75
4.56
4.41
4.87
4.23
4.65
5.33
5.22
4.66
3.78
4.44
6.10
CorWatt	PkgWatt
276.27	449.55
4.92	230.52
4.61
4.45
4.84
3.75
4.51
5.28
4.24
5.09
5.18
5.03
4.38
4.25
4.35
4.36
5.42
4.54
4.27
4.69
4.05
4.42
4.63
4.74
4.07
2.58
3.18
2.76
2.99
5.94
4.29
4.48
4.56
4.48	218.98
4.04
4.93
4.25
3.80
4.14
4.39
5.84
3.67
3.52
4.18
3.85
3.70
3.76
3.57
3.86
3.96
3.46
3.79
4.78
3.91
3.95
4.10
4.04
4.14
3.61
4.49
4.27
4.92
6.28
4.70
5.00
CorWatt	PkgWatt
299.08	469.36
4.35	240.56
5.27
4.61
4.86
4.47
5.13
5.12
4.85
4.84
5.60
4.68
4.71
4.95
5.45
5.57
6.91
4.58
4.29
4.52
4.40
4.14
4.45
5.44
5.18
2.10
3.30
2.48
2.51
4.74
4.98
5.04
6.54
3.94	228.70
3.92
3.77
3.72
4.00
4.59
5.13
4.45
4.78
5.27
4.84
5.15
4.27
3.80
4.41
4.63
4.65
4.56
4.37
6.26
4.42
4.92
4.52
4.99
4.53
4.19
4.04
4.27
6.29
6.31
4.21
5.80
CorWatt	PkgWatt
314.71	487.35
5.95	242.29
5.15
5.01
5.94
6.39
4.83
4.83
4.94
4.95
6.36
4.27
5.24
6.66
6.78
4.75
5.26
4.32
4.37
4.53
4.34
5.66
5.59
5.02
4.14
2.23
2.57
1.97
2.52
3.79
3.92
4.28
5.17
3.09	245.07
3.26
6.62
3.63
3.58
4.70
6.01
5.19
6.64
6.08
6.97
6.96
5.85
4.45
5.11
5.94
5.50
5.23
5.46
6.34
4.50
4.92
5.41
5.31
5.34
3.70
4.06
6.09
3.28
3.60
4.86
5.28
CorWatt	PkgWatt
296.06	483.86
5.87	244.10
6.33
6.31
5.67
6.10
5.15
5.58
4.06
5.40
4.48
6.37
5.52
5.92
5.68
4.56
3.90
4.14
4.24
3.83
3.62
5.98
5.13
5.85
5.62
2.35
1.78
2.94
2.49
3.38
4.95
4.81
3.16
3.90	240.44
4.83
5.36
3.37
4.37
4.71
4.24
4.30
5.52
4.50
6.35
5.58
5.11
4.06
4.13
5.19
4.64
4.18
5.35
4.66
3.91
4.91
4.63
3.76
4.20
4.64
4.88
5.29
3.26
3.08
4.80
3.52
CorWatt	PkgWatt
285.17	477.47
5.23	243.52
6.69
6.71
6.12
4.53
6.15
4.49
5.60
6.80
4.17
5.00
5.16
4.22
4.35
4.48
4.00
5.64
4.07
5.83
5.83
4.18
4.81
7.05
6.25
1.79
2.02
2.02
1.86
3.97
3.40
4.09
2.68
4.00	233.87
5.49
5.58
4.04
4.11
4.52
4.63
4.44
3.88
3.63
4.92
4.79
4.57
4.46
4.96
4.28
4.22
3.96
5.56
3.45
3.64
3.67
4.12
4.22
4.17
3.67
3.62
4.31
3.70
3.79
3.72
3.80
