CorWatt	PkgWatt
31.59	219.42
0.78	106.01
0.69
0.94
0.73
0.30
0.32
0.80
0.33
0.69
0.36
0.32
0.39
0.20
0.16
0.16
0.20
0.20
0.19
0.19
0.20
0.57
0.37
0.46
0.43
0.23
0.18
0.18
0.21
0.22
0.25
0.21
0.57
2.13	113.87
2.30
2.11
2.36
0.85
0.87
0.72
0.83
0.33
0.31
0.28
0.30
0.20
0.18
0.19
0.18
0.44
0.28
0.36
0.34
0.50
0.26
0.27
0.26
0.50
0.40
0.40
0.54
0.23
0.24
0.22
0.22
CorWatt	PkgWatt
31.98	216.15
0.56	109.21
0.45
0.63
0.30
1.72
1.63
1.95
1.53
0.56
0.70
0.41
0.37
0.28
0.24
0.23
0.41
0.47
0.35
0.41
0.55
0.25
0.21
0.22
0.30
0.29
0.28
0.26
0.25
0.30
0.50
0.26
0.24
0.65	106.92
0.49
0.70
0.60
1.16
0.94
0.85
1.35
0.74
0.94
0.89
0.70
0.28
0.26
0.42
0.23
0.17
0.24
0.15
0.16
0.29
0.21
0.22
0.21
0.29
0.23
0.19
0.18
0.22
0.25
0.36
0.30
CorWatt	PkgWatt
39.20	223.05
0.92	112.06
0.97
0.75
0.78
1.39
1.09
1.21
1.00
0.70
0.51
2.40
0.57
0.56
0.55
0.42
0.54
0.38
0.41
0.36
0.33
0.51
0.33
0.36
0.24
0.39
0.41
0.43
0.65
0.52
0.42
0.32
0.53
1.78	110.26
1.56
1.40
1.54
0.25
0.27
0.32
0.25
0.44
0.40
0.53
0.35
0.79
0.96
0.66
1.07
0.50
0.44
0.49
0.37
0.47
0.27
0.26
0.26
0.28
0.28
0.26
0.34
0.23
0.65
0.27
0.24
CorWatt	PkgWatt
32.91	218.95
0.85	112.11
0.52
0.84
0.60
0.66
0.46
0.64
0.50
0.23
0.44
0.84
0.22
0.64
0.69
0.68
1.04
0.20
0.20
0.25
0.20
0.30
0.28
0.28
0.76
0.19
0.19
0.22
0.19
1.33
1.21
1.56
1.41
1.86	107.00
1.34
1.98
1.93
0.26
0.24
0.24
0.24
0.30
0.29
0.36
0.27
0.36
0.30
0.28
0.25
0.22
0.32
0.26
0.22
0.25
0.21
0.32
0.19
0.35
0.39
0.23
0.30
0.14
0.14
0.13
0.14
CorWatt	PkgWatt
33.97	219.99
0.81	107.71
0.76
0.51
0.69
0.59
0.49
0.53
0.49
0.35
0.41
0.37
0.61
0.69
0.60
0.73
0.62
0.19
0.20
0.26
0.19
0.38
1.13
0.47
0.64
0.19
0.18
0.21
0.18
0.43
0.42
0.25
0.47
1.88	112.30
1.81
1.79
2.40
0.24
0.31
0.22
0.21
0.18
0.18
0.16
0.30
1.09
1.52
1.15
1.11
0.44
0.21
0.20
0.19
0.34
0.35
0.33
0.29
0.19
0.24
0.19
0.18
0.38
0.28
0.30
0.28
CorWatt	PkgWatt
36.36	226.20
0.77	108.48
0.48
0.65
0.59
0.78
0.74
0.61
0.63
0.39
0.48
0.52
0.66
0.34
0.42
0.46
0.27
0.26
0.27
0.29
0.24
0.33
0.92
0.31
0.32
0.30
0.29
0.45
0.30
0.21
0.21
0.19
0.20
2.08	117.56
1.94
1.99
2.22
0.96
0.69
0.68
0.80
0.29
0.36
0.41
0.46
0.56
0.59
0.39
0.41
0.31
0.29
0.34
0.32
0.55
0.51
0.49
0.44
0.66
0.77
0.80
0.74
0.30
0.42
0.39
0.27
CorWatt	PkgWatt
34.69	227.36
0.51	107.31
0.28
0.25
0.52
0.38
0.38
0.33
0.31
0.70
0.72
0.47
0.41
0.17
0.16
0.20
0.20
0.30
0.25
0.26
0.29
0.33
0.20
0.20
0.22
0.37
0.44
0.38
0.44
0.33
0.28
0.28
0.33
1.05	120.78
0.98
1.07
0.84
0.58
0.57
0.59
0.58
0.73
0.76
0.66
0.60
1.28
0.92
0.88
1.02
0.37
0.31
0.46
0.26
1.04
0.96
1.07
1.04
0.83
0.80
0.75
0.72
0.53
0.60
0.51
0.45
CorWatt	PkgWatt
35.03	228.53
0.70	109.02
0.59
0.53
0.65
0.30
0.36
0.31
0.48
0.75
0.99
0.84
0.74
0.19
0.17
0.17
0.18
0.51
0.50
0.32
0.43
0.30
0.23
0.23
0.28
0.18
0.18
0.20
0.18
0.32
0.22
0.21
0.35
1.39	118.93
0.86
0.96
0.92
0.49
0.61
0.58
0.50
0.59
0.61
0.58
0.70
0.94
1.12
0.95
1.18
1.02
0.97
0.91
1.17
0.64
0.53
0.89
0.60
0.35
0.42
0.52
0.41
0.28
0.25
0.19
0.25
CorWatt	PkgWatt
35.14	225.92
1.09	107.73
0.66
0.50
0.52
0.48
0.31
0.41
0.31
0.54
0.59
0.40
0.64
0.50
0.36
0.52
0.49
0.24
0.19
0.19
0.19
0.55
0.40
0.32
0.38
0.18
0.19
0.20
0.21
0.16
0.17
0.19
0.17
2.39	118.82
1.99
2.25
1.81
0.34
0.29
0.25
0.29
0.33
0.26
0.54
0.40
1.61
1.07
0.82
0.76
0.58
0.52
0.70
0.61
0.38
0.29
0.55
0.53
0.56
0.40
0.35
0.52
0.46
0.44
0.31
0.33
CorWatt	PkgWatt
34.81	234.80
0.61	110.21
0.61
0.52
0.39
0.22
0.20
0.22
0.20
0.62
0.56
0.46
0.58
0.48
0.51
0.36
0.27
0.24
0.20
0.27
0.20
0.46
0.41
0.38
0.53
0.17
0.18
0.20
0.17
0.16
0.16
0.16
0.17
0.74	124.49
0.55
0.53
0.58
0.55
0.42
0.37
0.38
1.10
1.06
1.16
1.14
1.18
1.06
2.49
1.29
0.52
0.53
0.54
0.49
1.11
1.06
0.83
1.04
0.79
0.57
0.50
0.43
0.26
0.25
0.23
0.21
CorWatt	PkgWatt
35.06	239.61
0.60	110.63
0.80
0.64
0.39
0.23
0.46
0.20
0.20
0.45
0.35
0.36
0.74
0.28
0.37
0.22
0.21
0.23
0.20
0.19
0.19
0.20
0.19
0.19
0.27
0.18
0.18
0.19
0.17
0.17
0.17
0.18
0.18
2.09	128.10
2.08
1.66
1.73
0.20
0.19
0.19
0.18
0.58
0.63
0.59
0.51
0.86
0.81
1.24
1.10
0.69
0.45
0.50
0.37
0.44
0.35
0.24
0.27
2.41
0.25
0.25
0.22
0.91
1.12
1.03
1.22
CorWatt	PkgWatt
35.16	243.59
0.47	111.30
0.53
0.54
0.36
0.40
0.37
0.53
0.73
0.21
0.26
0.32
0.35
0.15
0.15
0.15
0.15
0.21
0.18
0.18
0.19
0.18
0.17
0.17
0.16
0.17
0.17
0.19
0.16
0.15
0.15
0.15
0.15
0.67	132.21
0.72
0.84
0.75
0.48
0.40
0.46
0.41
1.76
0.31
0.30
0.30
1.30
1.12
1.10
1.26
0.91
0.58
0.68
0.67
0.95
0.70
0.86
0.85
2.32
0.42
0.37
0.37
1.19
1.13
1.24
1.32
CorWatt	PkgWatt
34.21	242.40
0.57	115.19
0.48
0.54
0.30
0.68
0.57
0.52
0.72
0.77
0.86
0.69
0.77
0.15
0.15
0.15
0.16
0.19
0.19
0.19
0.28
0.94
0.19
0.19
0.18
0.17
0.17
0.19
0.17
0.16
0.17
0.16
0.16
1.92	127.23
0.64
0.53
0.70
0.52
0.32
0.33
0.43
1.46
0.62
0.70
0.61
1.22
1.08
1.12
1.49
0.57
0.49
0.61
0.60
0.67
0.54
0.56
0.58
0.27
0.26
0.25
0.32
0.79
0.72
0.68
0.83
CorWatt	PkgWatt
34.67	236.64
1.00	112.06
0.88
0.88
1.12
0.91
0.55
0.74
0.48
0.28
0.29
0.49
0.43
0.15
0.15
0.15
0.15
0.21
0.20
0.20
0.36
0.20
0.18
0.18
0.17
0.17
0.17
0.19
0.17
0.16
0.16
0.16
0.16
1.67	124.69
1.28
1.56
1.39
0.61
0.77
0.51
0.72
1.36
0.28
0.27
0.28
0.57
0.45
0.44
0.48
1.13
1.10
1.07
0.91
1.66
0.28
0.33
0.27
0.31
0.26
0.27
0.43
0.49
0.51
0.76
0.54
CorWatt	PkgWatt
33.53	235.67
0.52	109.50
0.42
0.41
0.42
0.73
0.63
0.82
0.71
0.40
0.46
0.41
0.46
0.15
0.15
0.15
0.15
0.17
0.17
0.17
0.18
0.18
0.17
0.17
0.17
0.17
0.16
0.18
0.16
0.15
0.15
0.15
0.15
2.59	126.10
2.05
2.02
2.17
0.90
0.63
0.89
0.60
3.24
0.21
0.20
0.20
0.28
0.30
0.32
0.23
0.39
0.33
0.51
0.38
0.51
0.48
0.54
0.38
0.24
0.33
0.24
0.26
0.70
0.67
0.52
0.57
CorWatt	PkgWatt
35.34	237.37
0.54	108.90
0.58
0.51
0.31
0.59
0.39
0.52
0.44
0.34
0.38
0.44
0.37
0.15
0.15
0.15
0.15
0.17
0.17
0.17
0.17
0.25
0.23
0.35
0.28
0.16
0.16
0.19
0.16
0.16
0.16
0.15
0.18
0.95	128.46
0.81
1.08
0.88
0.26
0.23
0.21
0.22
3.49
0.68
0.76
0.82
0.23
0.50
0.32
0.30
1.26
1.16
1.23
1.43
0.51
0.54
0.65
0.34
1.01
1.33
0.84
0.76
0.82
0.94
0.79
0.86
CorWatt	PkgWatt
34.99	236.92
0.73	110.22
0.33
0.50
0.30
0.49
0.28
0.31
0.29
0.24
0.46
0.39
0.31
0.43
0.57
0.73
0.44
0.19
0.18
0.18
0.19
0.23
0.41
0.29
0.27
0.17
0.17
0.18
0.17
0.19
0.23
0.18
0.20
1.22	126.73
0.69
0.75
0.71
0.58
0.57
0.69
0.56
1.30
1.00
1.19
1.27
0.71
0.62
0.80
0.74
0.96
0.61
0.76
0.58
0.79
0.60
0.78
0.60
0.41
0.27
0.28
0.31
2.89
0.51
0.55
0.49
CorWatt	PkgWatt
34.53	236.02
0.53	109.87
0.46
0.27
0.28
0.18
0.18
0.19
0.18
0.68
0.94
0.51
0.62
0.40
0.46
0.39
0.42
0.18
0.18
0.17
0.19
0.19
0.18
0.18
0.17
0.16
0.16
0.17
0.17
0.19
0.49
0.21
0.20
0.49	126.11
0.43
0.52
3.47
0.21
0.21
0.37
0.19
0.20
0.26
0.27
0.27
0.43
0.40
0.39
0.62
0.25
0.53
0.25
0.23
1.32
1.49
1.44
1.48
0.36
0.38
0.42
0.45
1.94
1.56
2.23
1.60
CorWatt	PkgWatt
19.76	219.79
0.24	104.10
0.36
0.19
0.18
0.15
0.15
0.27
0.15
0.25
0.17
0.16
0.18
0.12
0.13
0.13
0.14
0.17
0.16
0.16
0.36
0.14
0.17
0.14
0.13
0.12
0.12
0.13
0.12
0.14
0.12
0.13
0.13
0.30	115.78
0.41
0.30
3.60
0.72
0.47
0.58
0.56
0.28
0.31
0.25
0.29
0.17
0.17
0.17
0.17
0.24
0.17
0.17
0.17
0.21
0.40
0.25
0.20
0.17
0.18
0.17
0.17
0.61
0.67
0.67
1.16
CorWatt	PkgWatt
11.73	210.15
0.11	100.40
0.10
0.10
0.10
0.09
0.09
0.09
0.09
0.11
0.09
0.09
0.10
0.09
0.09
0.08
0.08
0.10
0.10
0.09
0.09
0.11
0.10
0.10
0.10
0.09
0.09
0.09
0.09
0.09
0.09
0.09
0.10
0.24	109.76
0.24
0.24
3.67
0.16
0.16
0.16
0.17
0.14
0.14
0.14
0.14
0.14
0.14
0.14
0.14
0.16
0.16
0.16
0.16
0.17
0.17
0.18
0.17
0.16
0.16
0.15
0.15
0.15
0.16
0.15
0.15
CorWatt	PkgWatt
12.73	191.51
0.16	94.31
0.15
0.15
0.15
0.56
0.17
0.17
0.17
0.18
0.24
0.17
0.17
0.14
0.14
0.14
0.15
0.17
0.17
0.18
0.18
0.18
0.17
0.18
0.18
0.16
0.15
0.16
0.16
0.14
0.13
0.14
0.14
0.20	97.29
0.19
0.20
1.75
0.17
0.17
0.17
0.17
0.15
0.15
0.15
0.15
0.14
0.13
0.14
0.13
0.16
0.16
0.16
0.15
0.16
0.17
0.53
0.17
0.16
0.17
0.16
0.16
0.16
0.16
0.16
0.16
CorWatt	PkgWatt
9.24	159.73
0.10	76.51
0.09
0.09
0.09
0.08
0.08
0.08
0.08
0.08
0.08
0.08
0.08
0.08
0.08
0.08
0.08
0.09
0.09
0.09
0.09
0.10
0.09
0.09
0.11
0.08
0.08
0.08
0.08
0.08
0.08
0.08
0.08
0.33	83.12
0.33
0.33
1.30
0.16
0.16
0.16
0.17
0.14
0.14
0.14
0.14
0.14
0.14
0.14
0.14
0.15
0.15
0.15
0.15
0.17
0.17
0.19
0.16
0.15
0.16
0.15
0.15
0.14
0.15
0.14
0.14
CorWatt	PkgWatt
10.05	160.88
0.11	77.00
0.10
0.10
0.10
0.09
0.09
0.09
0.09
0.09
0.09
0.09
0.09
0.09
0.09
0.09
0.09
0.10
0.10
0.10
0.10
0.11
0.10
0.10
0.11
0.09
0.09
0.09
0.09
0.09
0.09
0.09
0.09
1.36	83.93
0.38
0.38
0.38
0.17
0.17
0.17
0.18
0.15
0.15
0.15
0.15
0.15
0.15
0.15
0.15
0.16
0.16
0.16
0.16
0.18
0.18
0.20
0.18
0.16
0.17
0.16
0.16
0.16
0.17
0.16
0.16
CorWatt	PkgWatt
9.66	160.40
0.10	76.76
0.10
0.09
0.09
0.09
0.09
0.09
0.09
0.08
0.08
0.15
0.08
0.08
0.08
0.08
0.08
0.09
0.09
0.09
0.09
0.11
0.09
0.09
0.10
0.09
0.08
0.08
0.08
0.08
0.08
0.08
0.08
0.37	83.61
0.36
0.36
1.29
0.16
0.16
0.16
0.17
0.14
0.15
0.15
0.15
0.14
0.14
0.14
0.14
0.16
0.16
0.16
0.16
0.17
0.17
0.20
0.17
0.16
0.17
0.15
0.15
0.15
0.16
0.15
0.15
CorWatt	PkgWatt
9.55	160.34
0.10	76.63
0.09
0.09
0.09
0.08
0.08
0.08
0.08
0.08
0.08
0.08
0.08
0.08
0.08
0.08
0.08
0.09
0.09
0.09
0.09
0.12
0.09
0.09
0.09
0.08
0.08
0.08
0.08
0.08
0.08
0.08
0.08
0.43	83.68
0.36
0.36
1.24
0.16
0.16
0.16
0.17
0.15
0.15
0.15
0.14
0.14
0.14
0.14
0.14
0.16
0.16
0.16
0.16
0.17
0.17
0.20
0.17
0.16
0.17
0.15
0.15
0.15
0.16
0.15
0.15
CorWatt	PkgWatt
9.62	160.10
0.10	76.57
0.09
0.09
0.09
0.09
0.08
0.09
0.08
0.08
0.08
0.08
0.08
0.08
0.08
0.08
0.08
0.09
0.09
0.09
0.09
0.11
0.09
0.09
0.10
0.08
0.08
0.08
0.08
0.08
0.09
0.08
0.08
0.46	83.60
0.36
0.36
1.20
0.16
0.16
0.16
0.17
0.15
0.15
0.15
0.15
0.15
0.15
0.15
0.14
0.16
0.16
0.16
0.16
0.17
0.17
0.20
0.17
0.16
0.17
0.16
0.16
0.15
0.16
0.15
0.15
CorWatt	PkgWatt
9.79	160.71
0.11	76.93
0.10
0.10
0.09
0.09
0.09
0.09
0.09
0.08
0.08
0.08
0.08
0.09
0.09
0.08
0.08
0.10
0.10
0.09
0.09
0.11
0.10
0.10
0.11
0.09
0.09
0.09
0.09
0.09
0.09
0.09
0.09
0.48	83.73
0.36
0.36
1.19
0.17
0.16
0.16
0.17
0.15
0.15
0.15
0.15
0.15
0.15
0.14
0.15
0.16
0.16
0.16
0.16
0.18
0.18
0.20
0.17
0.16
0.17
0.16
0.16
0.15
0.16
0.15
0.15
CorWatt	PkgWatt
9.58	160.22
0.10	76.49
0.09
0.09
0.09
0.08
0.08
0.08
0.08
0.08
0.08
0.08
0.08
0.08
0.08
0.08
0.08
0.09
0.09
0.09
0.09
0.10
0.09
0.09
0.10
0.08
0.08
0.08
0.08
0.08
0.08
0.08
0.08
1.35	83.71
0.37
0.37
0.38
0.16
0.16
0.16
0.17
0.14
0.14
0.15
0.14
0.14
0.14
0.14
0.14
0.16
0.16
0.16
0.16
0.17
0.17
0.20
0.17
0.16
0.17
0.16
0.15
0.15
0.16
0.15
0.15
CorWatt	PkgWatt
15.23	185.97
0.22	91.10
0.18
0.17
0.17
0.17
0.14
0.15
0.25
0.20
0.17
0.19
0.19
0.18
0.22
0.15
0.19
0.30
0.29
0.23
0.21
0.17
0.21
0.18
0.20
0.20
0.25
0.18
0.17
0.39
0.17
0.19
0.18
0.79	94.99
0.39
0.83
0.52
0.23
0.21
0.27
0.25
0.30
0.21
0.21
0.22
0.23
0.17
0.17
0.17
0.20
0.23
0.31
0.21
0.19
0.22
0.27
0.19
0.19
0.23
0.20
0.20
0.26
0.26
0.22
0.23
CorWatt	PkgWatt
14.41	172.96
0.25	88.38
0.25
0.22
0.21
0.19
0.17
0.17
0.22
0.15
0.16
0.16
0.15
0.17
0.19
0.15
0.16
0.18
0.19
0.17
0.17
0.38
1.22
0.37
0.36
0.17
0.16
0.17
0.16
0.19
0.17
0.16
0.16
0.29	84.68
0.18
0.30
0.16
0.14
0.28
0.12
0.30
0.42
0.24
0.25
0.22
0.12
0.25
0.10
0.34
0.34
0.12
0.13
0.37
0.22
0.13
0.25
0.24
0.11
0.20
0.31
0.13
0.17
0.18
0.23
0.21
CorWatt	PkgWatt
30.53	213.00
1.01	107.03
0.90
0.95
0.95
0.43
0.49
0.46
0.48
0.31
0.24
0.22
0.27
0.36
0.53
0.51
0.38
0.38
0.40
0.44
0.39
0.30
0.46
0.43
0.28
0.49
0.47
0.42
0.40
0.58
0.56
0.54
0.65
0.17	105.76
0.18
0.16
0.16
0.40
0.30
0.29
0.95
0.22
0.17
0.16
0.15
0.28
0.22
0.23
0.22
0.24
0.29
0.25
0.31
0.26
0.21
0.22
0.21
0.18
0.20
0.17
0.17
2.12
1.76
2.13
1.84
CorWatt	PkgWatt
33.81	225.89
0.46	112.95
0.31
0.26
0.31
0.37
0.27
0.26
0.33
1.22
1.05
0.96
1.15
0.31
0.28
0.34
0.40
0.54
0.69
0.54
0.51
0.20
0.19
0.19
0.18
0.79
1.35
0.48
0.92
0.42
0.48
0.36
0.60
1.36	112.92
1.34
1.27
1.06
0.33
0.28
0.30
0.28
0.40
0.33
0.31
0.33
0.19
0.25
0.20
0.20
0.63
0.64
0.53
0.62
0.26
0.21
0.28
0.22
0.16
0.19
0.16
0.16
1.05
1.08
1.03
1.40
CorWatt	PkgWatt
36.77	229.76
0.50	110.08
0.35
0.30
0.34
0.58
0.30
0.31
0.28
0.37
0.43
0.36
0.58
0.27
0.27
0.36
0.35
0.39
0.37
0.38
0.42
0.25
0.22
0.24
0.23
0.53
0.57
1.07
1.03
0.49
0.39
0.53
0.41
0.79	119.73
0.75
0.82
0.75
1.11
0.94
0.86
0.78
1.18
1.32
1.01
1.07
0.64
0.70
0.50
0.63
0.99
0.75
0.76
0.82
0.82
0.61
0.86
0.77
0.36
0.31
0.26
0.30
0.44
0.39
0.52
0.47
CorWatt	PkgWatt
33.90	220.26
0.42	110.19
0.21
0.21
0.21
0.39
0.31
0.25
0.24
0.20
0.27
0.28
0.21
0.17
0.17
0.16
0.16
2.25
2.45
2.23
2.25
0.21
0.19
0.19
0.18
0.63
0.54
1.18
1.03
0.17
0.17
0.17
0.17
0.44	109.94
0.22
0.22
0.20
0.69
0.55
0.56
0.62
0.34
0.31
0.32
0.31
0.59
0.61
0.53
0.62
0.39
0.32
0.38
0.36
0.85
1.05
0.73
0.82
0.82
0.78
0.87
0.84
0.16
0.16
0.18
0.16
CorWatt	PkgWatt
34.71	223.34
0.67	109.41
0.44
0.48
0.41
1.01
0.73
0.68
0.73
0.65
0.51
0.63
0.53
0.51
0.33
0.23
0.24
0.49
0.44
0.39
0.49
0.29
0.24
0.27
0.24
0.41
0.56
0.99
0.62
0.23
0.42
0.21
0.21
0.36	114.04
0.21
0.32
0.23
0.60
0.35
0.32
0.35
1.08
1.42
1.23
1.11
1.43
0.87
0.99
0.92
0.67
0.69
0.61
0.60
0.36
0.34
0.36
0.35
0.22
0.29
0.23
0.21
0.84
0.66
0.62
0.60
CorWatt	PkgWatt
34.02	220.67
1.20	115.85
1.15
1.36
1.08
0.23
0.20
0.27
0.22
1.76
1.82
2.10
1.83
1.10
0.86
0.99
0.54
0.43
0.44
0.71
0.47
0.37
0.30
0.30
0.28
0.36
0.41
0.29
0.32
0.30
0.25
0.31
0.31
0.44	104.72
0.20
0.18
0.18
0.16
0.23
0.16
0.16
0.34
0.21
0.23
0.19
0.59
0.56
0.64
0.55
0.61
0.76
0.61
0.49
0.61
0.69
0.64
0.71
0.16
0.19
0.16
0.16
0.16
0.16
0.15
0.18
CorWatt	PkgWatt
33.69	229.15
0.73	110.29
0.59
0.69
0.68
0.19
0.18
0.18
0.21
0.27
0.22
0.26
0.31
0.41
0.45
1.56
0.60
0.27
0.26
0.36
0.35
0.21
0.19
0.19
0.23
0.41
0.44
0.27
0.26
0.56
0.32
0.40
0.35
1.10	118.87
0.98
0.96
1.21
0.18
0.17
0.16
0.16
0.21
0.20
0.26
0.24
1.29
1.13
0.98
1.28
0.79
0.93
0.75
0.96
1.06
1.39
1.29
1.21
0.17
0.20
0.17
0.17
0.39
0.39
0.38
0.34
CorWatt	PkgWatt
34.82	221.06
0.63	107.76
0.54
0.39
0.35
0.20
0.22
0.20
0.21
0.69
0.68
0.68
0.72
0.39
0.39
1.75
0.40
0.69
0.46
0.45
1.00
0.20
0.19
0.19
0.22
0.46
0.28
0.55
0.31
0.50
0.27
0.27
0.40
1.65	113.37
1.82
1.62
1.72
0.19
0.29
0.19
0.19
0.92
0.67
0.92
0.79
0.30
0.21
0.27
0.21
0.40
0.41
0.44
0.35
0.73
0.68
0.70
0.69
0.17
0.19
0.16
0.16
0.73
0.74
0.81
0.63
CorWatt	PkgWatt
36.40	228.07
0.59	112.98
0.90
0.49
0.45
0.28
0.31
0.29
0.27
0.60
0.47
0.46
0.59
0.53
0.28
0.65
0.31
0.49
0.38
0.37
0.31
0.28
0.26
0.26
0.26
1.41
0.75
0.89
0.75
0.78
0.81
0.90
0.84
0.34	115.03
0.28
0.35
0.34
0.91
0.95
1.06
0.84
1.24
1.22
1.06
1.17
1.05
1.39
0.88
1.03
0.23
0.22
0.21
0.22
0.42
0.34
0.45
0.54
0.23
0.25
0.22
0.23
0.43
0.33
0.40
0.34
CorWatt	PkgWatt
34.53	228.71
0.45	108.56
0.42
0.28
0.23
0.53
0.52
0.53
0.37
0.18
0.18
0.24
0.18
0.41
0.42
1.65
0.41
0.18
0.19
0.19
0.19
0.20
0.18
0.19
0.18
0.49
0.45
0.48
0.39
0.37
0.31
0.47
0.49
0.79	120.18
0.50
0.66
0.54
0.55
0.54
0.46
0.46
0.86
0.73
0.66
0.89
0.34
0.29
0.56
0.38
0.26
0.20
0.22
0.20
1.66
1.40
1.57
1.34
1.00
1.03
1.09
0.84
0.67
0.58
0.59
0.74
CorWatt	PkgWatt
34.61	222.07
0.44	103.63
0.25
0.28
0.22
0.24
0.30
0.22
0.24
0.17
0.17
0.23
0.17
0.51
0.40
1.43
0.39
0.18
0.18
0.19
0.18
0.20
0.18
0.18
0.18
0.31
0.28
0.27
0.24
0.30
0.30
0.27
0.39
0.63	119.83
0.44
0.46
0.76
0.63
0.98
0.89
0.82
1.38
1.33
1.49
1.42
0.90
0.75
0.51
0.85
0.56
0.44
0.47
0.62
0.80
0.40
0.60
0.54
1.11
0.97
0.91
1.18
0.75
0.58
0.59
0.55
CorWatt	PkgWatt
34.60	226.20
0.42	107.32
0.21
0.26
0.21
0.31
0.32
0.37
0.48
0.43
0.40
0.58
0.54
1.48
0.41
0.58
0.41
0.18
0.19
0.19
0.18
0.20
0.18
0.18
0.18
0.33
0.30
0.22
0.24
0.69
0.45
0.44
0.62
0.48	117.41
0.28
0.41
0.40
1.62
1.59
1.54
2.06
0.62
0.51
0.39
0.49
0.65
0.77
0.91
0.87
0.94
0.84
0.91
0.99
0.23
0.23
0.22
0.21
0.42
0.35
0.40
0.45
0.57
0.74
0.56
0.57
CorWatt	PkgWatt
35.69	228.01
0.73	113.99
0.46
0.45
0.45
0.25
0.29
0.28
0.28
0.44
0.43
0.32
0.47
0.67
0.35
2.97
0.34
0.19
0.18
0.19
0.18
0.20
0.19
0.19
0.19
1.14
0.87
0.86
0.79
0.54
0.69
0.54
0.65
0.53	114.13
0.54
0.51
0.46
0.35
0.39
0.33
0.41
0.33
0.28
0.37
0.30
0.96
0.98
0.86
1.08
0.51
0.46
0.38
0.66
0.21
0.20
0.19
0.20
0.95
1.11
0.75
0.87
1.07
0.94
0.95
0.83
CorWatt	PkgWatt
37.29	230.55
1.55	128.53
1.56
1.77
1.63
1.12
0.89
0.68
0.79
0.56
0.59
0.49
0.62
0.30
0.29
5.79
0.27
0.25
0.23
0.24
0.21
0.88
0.80
0.79
0.80
0.60
0.84
0.67
1.10
0.48
0.37
0.57
0.43
0.53	101.92
0.64
0.57
0.49
0.15
0.15
0.15
0.14
0.31
0.25
0.19
0.17
0.20
0.18
0.27
0.49
0.20
0.18
0.18
0.37
0.63
0.31
0.54
0.28
0.16
0.17
0.16
0.20
0.19
0.17
0.17
0.34
CorWatt	PkgWatt
37.40	235.11
1.06	123.38
0.73
0.79
0.64
1.14
1.22
0.92
1.10
0.47
0.41
0.37
0.25
0.25
0.25
5.75
0.31
0.19
0.19
0.20
0.19
0.40
0.25
0.33
0.28
0.44
0.40
0.51
0.48
0.40
0.34
0.37
0.66
0.48	111.82
0.45
0.49
0.57
0.35
0.29
0.30
0.26
0.26
0.58
0.46
0.27
0.25
0.30
0.19
0.22
0.21
0.21
0.22
0.34
0.40
0.29
0.30
0.57
0.17
0.16
0.17
0.18
1.85
1.75
1.57
2.02
CorWatt	PkgWatt
37.30	230.82
1.39	126.81
1.13
0.93
1.33
1.20
0.98
0.88
0.74
0.29
0.25
0.26
0.26
0.82
0.77
4.09
0.67
1.36
1.07
0.88
0.78
0.38
0.32
0.35
0.25
0.60
0.74
0.61
0.62
0.66
0.72
0.57
0.73
0.43	104.04
0.59
0.36
0.42
0.15
0.15
0.15
0.15
0.14
0.14
0.14
0.14
0.41
0.34
0.59
0.31
0.15
0.15
0.15
0.15
0.36
0.33
0.26
0.31
0.15
0.15
0.15
0.18
0.99
1.03
0.69
0.85
CorWatt	PkgWatt
35.50	228.94
1.33	120.56
1.03
1.20
0.89
0.47
0.33
0.28
0.26
3.43
0.61
0.47
0.43
0.40
0.34
0.60
0.49
0.81
0.95
1.05
0.67
0.24
0.21
0.22
0.20
0.25
0.38
0.30
0.38
0.62
0.59
0.54
0.72
0.37	108.42
0.38
0.29
0.37
0.53
0.98
0.49
0.50
0.19
0.20
0.19
0.20
0.21
0.29
0.23
0.25
0.22
0.20
0.21
0.20
0.95
1.07
0.99
0.86
0.26
0.22
0.23
0.32
0.97
0.86
0.97
0.65
CorWatt	PkgWatt
35.50	229.06
1.00	122.60
0.62
2.06
0.49
2.69
0.79
0.74
1.00
0.23
0.33
0.27
0.27
0.49
0.26
0.27
0.47
0.27
0.27
0.37
0.70
0.34
0.24
0.33
0.26
1.57
1.20
1.24
1.17
0.76
0.77
0.88
0.69
0.58	106.40
0.45
0.43
0.51
1.00
0.68
0.77
0.61
0.14
0.14
0.14
0.14
0.47
0.34
0.39
0.40
0.15
0.15
0.15
0.15
0.76
0.84
0.93
0.69
0.15
0.16
0.16
0.17
0.20
0.19
0.21
0.20
CorWatt	PkgWatt
37.26	231.80
0.75	118.80
0.55
0.56
0.60
4.60
0.63
0.64
0.62
0.36
0.42
0.49
0.42
0.42
0.52
0.41
0.52
0.19
0.21
0.19
0.19
0.57
0.73
0.60
0.64
0.58
0.47
0.66
0.50
0.30
0.25
0.22
0.23
2.13	112.95
1.73
1.82
1.98
0.50
0.27
0.34
0.27
0.29
0.25
0.28
0.41
0.74
0.60
0.67
0.75
0.17
0.16
0.16
0.16
0.75
0.65
0.81
0.58
0.27
0.24
0.24
0.24
0.18
0.18
0.20
0.19
CorWatt	PkgWatt
37.69	231.08
0.57	115.86
0.34
0.34
0.32
4.79
0.48
0.58
0.64
0.18
0.18
0.17
0.23
0.24
0.25
0.23
0.30
0.32
0.36
0.38
0.33
0.61
0.59
0.58
0.72
0.27
0.33
0.24
0.24
0.23
0.23
0.36
0.33
1.76	115.27
1.40
1.41
1.39
0.25
0.40
0.24
0.23
1.52
1.62
1.47
1.38
0.59
0.46
0.40
0.71
0.62
0.42
0.49
0.49
0.66
0.55
0.72
0.73
0.27
0.24
0.25
0.24
0.20
0.19
0.22
0.20
CorWatt	PkgWatt
37.81	234.74
0.86	118.52
0.82
0.45
0.63
4.95
0.72
0.83
0.64
0.18
0.19
0.19
0.23
0.34
0.33
0.20
0.26
0.25
0.36
0.49
0.25
0.60
0.67
0.59
0.63
0.19
0.19
0.20
0.20
0.21
0.22
0.28
0.33
1.00	116.15
0.77
0.68
0.74
0.23
0.24
0.28
0.23
0.52
0.52
0.85
0.67
0.77
0.80
0.74
0.78
0.22
0.19
0.22
0.18
0.90
0.81
0.59
0.57
0.90
0.84
0.70
0.67
0.92
0.97
0.89
0.93
CorWatt	PkgWatt
38.29	234.09
1.26	120.15
0.87
1.14
0.96
5.14
0.36
0.77
0.36
0.19
0.18
0.19
0.23
0.22
0.33
0.19
0.20
0.21
0.21
0.33
0.21
0.25
0.29
0.40
0.51
0.55
0.24
0.25
0.29
0.84
0.72
0.72
0.93
2.11	113.89
1.55
2.13
1.41
1.49
0.88
0.82
0.94
0.17
0.17
0.16
0.16
1.01
0.68
0.57
0.60
0.19
0.19
0.18
0.18
0.28
0.30
0.27
0.63
0.21
0.34
0.23
0.20
0.19
0.17
0.20
0.18
CorWatt	PkgWatt
37.96	238.02
0.48	119.66
0.38
0.40
0.26
5.29
0.49
0.60
0.70
0.18
0.18
0.17
0.23
0.19
0.25
0.19
0.26
0.18
0.18
0.18
0.19
0.24
0.39
0.30
0.26
0.75
0.38
0.33
0.47
0.70
0.91
0.79
0.54
0.68	118.47
0.64
0.60
0.61
0.68
0.73
0.45
0.45
0.53
0.41
0.45
0.43
1.22
0.99
1.08
1.11
0.39
0.39
0.36
0.29
1.26
1.03
1.36
1.06
0.38
0.42
0.38
0.47
0.61
0.46
0.47
0.52
CorWatt	PkgWatt
38.02	234.93
0.76	120.08
0.72
0.57
0.49
5.43
0.32
0.34
0.38
0.19
0.26
0.26
0.24
0.24
0.31
0.45
0.31
0.18
0.18
0.18
0.19
0.57
0.27
0.38
0.40
0.58
0.41
0.43
0.86
0.54
0.77
0.52
0.69
2.15	114.82
1.49
1.87
1.49
0.23
0.31
0.20
0.19
0.43
0.46
0.37
0.52
0.96
1.10
1.28
0.98
0.56
0.33
0.43
0.36
0.19
0.25
0.26
0.19
0.77
0.53
0.39
0.46
0.20
0.23
0.22
0.23
CorWatt	PkgWatt
38.79	236.79
0.76	120.86
0.58
0.52
0.47
5.57
0.48
0.43
0.53
0.49
0.67
0.47
0.57
0.30
0.37
0.35
0.37
0.19
0.19
0.19
0.20
0.20
0.19
0.19
0.19
0.70
0.48
0.53
0.62
0.51
0.56
0.53
0.41
1.30	115.94
1.31
1.19
1.23
1.00
0.99
1.11
0.89
0.35
0.23
0.34
0.22
0.37
0.43
0.38
0.48
0.50
0.46
0.36
0.40
0.21
0.25
0.20
0.19
0.44
0.34
0.55
0.43
0.96
0.83
1.02
1.00
CorWatt	PkgWatt
36.78	228.53
1.23	114.59
0.61
0.57
0.58
3.45
0.32
0.27
0.33
0.27
0.24
0.46
0.43
0.72
0.63
0.56
0.68
0.51
0.36
0.40
0.53
0.42
0.25
0.25
0.38
0.33
0.27
0.23
0.31
0.25
0.27
0.23
0.41
1.71	113.88
1.26
1.36
1.25
0.33
0.48
0.53
0.43
0.39
0.21
0.25
0.22
0.74
0.83
1.00
0.90
0.86
0.84
0.63
0.66
0.53
0.38
0.38
0.35
0.33
0.32
0.29
0.25
0.69
0.54
0.58
0.48
CorWatt	PkgWatt
38.14	231.85
0.86	110.74
0.30
0.29
0.29
1.17
0.96
0.90
0.96
0.27
0.44
0.27
0.27
0.34
0.25
0.26
0.26
1.09
0.41
0.42
0.83
0.28
0.26
0.27
0.26
0.25
0.24
0.25
0.25
0.22
0.23
0.23
0.23
0.63	121.20
0.54
0.67
0.50
1.17
0.93
1.08
0.94
0.70
0.64
0.65
0.65
0.93
1.03
0.76
0.94
0.36
0.25
0.24
0.24
1.21
1.35
1.17
1.14
0.90
0.89
0.65
0.92
0.58
0.74
0.44
0.50
CorWatt	PkgWatt
35.38	225.50
0.45	106.16
0.22
0.22
0.21
0.72
0.71
0.80
0.76
0.22
0.39
0.27
0.24
0.20
0.32
0.19
0.19
1.46
0.40
0.40
0.63
0.20
0.18
0.19
0.18
0.17
0.17
0.17
0.17
0.17
0.16
0.16
0.16
1.33	119.32
1.08
1.15
1.14
0.85
1.10
0.89
0.75
0.49
0.54
0.36
0.26
1.10
0.97
0.85
0.75
0.41
0.29
0.26
0.26
0.80
0.58
0.79
0.64
0.34
0.27
0.36
0.50
1.55
1.11
1.22
1.28
CorWatt	PkgWatt
35.70	228.48
0.59	108.45
0.38
0.32
0.33
0.62
0.40
0.44
0.30
0.18
0.24
0.19
0.18
0.69
0.81
0.62
0.73
0.62
0.40
0.41
1.51
0.20
0.19
0.19
0.18
0.18
0.17
0.18
0.17
0.17
0.17
0.17
0.17
0.46	120.01
0.38
0.43
0.40
0.58
0.57
0.53
0.49
0.39
0.35
0.42
0.35
0.77
0.78
0.77
0.93
0.26
0.18
0.18
0.18
1.74
1.62
1.62
1.91
0.73
0.61
0.82
0.72
1.15
1.03
1.11
1.15
CorWatt	PkgWatt
34.56	229.66
0.48	108.69
0.27
0.31
0.30
0.21
0.21
0.41
0.22
0.18
0.23
0.17
0.18
0.75
0.74
0.60
0.72
0.41
0.40
0.41
1.71
0.20
0.19
0.18
0.18
0.18
0.17
0.17
0.17
0.17
0.17
0.16
0.17
0.76	121.01
0.70
0.62
0.60
0.77
0.85
0.70
0.71
0.26
0.22
0.22
0.23
0.81
0.82
0.77
0.98
0.58
0.49
0.52
0.45
1.04
0.99
1.08
0.90
0.38
0.35
0.78
0.50
1.30
1.32
1.31
1.50
CorWatt	PkgWatt
35.76	225.31
1.23	106.63
0.94
0.95
0.71
0.33
0.27
0.25
0.28
0.18
0.24
0.18
0.18
0.20
0.30
0.19
0.19
1.30
0.41
0.41
0.87
0.20
0.19
0.19
0.19
0.17
0.17
0.17
0.17
0.17
0.17
0.17
0.17
2.08	118.65
1.55
1.46
1.78
0.38
0.47
0.44
0.89
0.54
0.46
0.42
0.51
0.67
0.46
0.39
0.59
0.48
0.67
0.43
0.66
0.97
0.86
0.79
0.68
1.23
0.95
1.17
1.23
0.20
0.20
0.19
0.22
CorWatt	PkgWatt
34.92	226.76
1.01	109.07
0.83
0.82
0.72
0.41
0.27
0.36
0.26
0.19
0.21
0.22
0.19
0.58
0.59
0.60
0.65
1.36
0.31
0.32
1.03
0.20
0.19
0.19
0.18
0.18
0.17
0.17
0.17
0.17
0.17
0.17
0.17
1.16	117.65
1.10
1.10
0.95
0.38
0.26
0.25
0.26
0.37
0.30
0.29
0.32
1.21
1.06
1.14
0.87
1.40
1.44
1.38
1.37
0.41
0.51
0.44
0.29
0.43
0.36
0.47
0.44
0.56
0.44
0.46
0.47
CorWatt	PkgWatt
26.03	205.50
0.72	102.46
0.56
0.68
0.48
0.22
0.22
0.22
0.21
0.19
0.19
0.23
0.20
0.54
0.35
0.41
0.40
1.26
0.46
0.30
0.93
0.21
0.20
0.19
0.19
0.19
0.18
0.18
0.18
0.17
0.17
0.17
0.21
1.10	103.15
0.83
0.87
1.11
0.27
0.24
0.23
0.38
0.51
0.43
0.44
0.51
0.34
0.37
0.35
0.31
0.66
0.42
0.33
0.32
0.29
0.56
0.34
0.45
0.45
0.45
0.61
0.58
0.36
0.29
0.32
0.28
CorWatt	PkgWatt
10.60	176.02
0.22	97.53
0.23
0.20
0.21
0.19
0.18
0.19
0.18
0.17
0.18
0.26
0.17
0.16
0.16
0.16
0.16
1.94
0.28
0.29
0.28
0.20
0.19
0.18
0.19
0.17
0.18
0.17
0.18
0.17
0.16
0.16
0.16
0.08	78.52
0.08
0.09
0.08
0.08
0.09
0.08
0.08
0.08
0.08
0.08
0.08
0.08
0.08
0.07
0.07
0.08
0.08
0.08
0.09
0.08
0.08
0.09
0.09
0.08
0.09
0.08
0.08
0.09
0.09
0.09
0.10
CorWatt	PkgWatt
10.18	161.91
0.21	85.49
0.22
0.20
0.21
0.18
0.18
0.18
0.18
0.17
0.17
0.18
0.17
0.16
0.16
0.16
0.16
1.94
0.28
0.28
0.28
0.19
0.18
0.18
0.18
0.17
0.17
0.17
0.17
0.16
0.16
0.16
0.16
0.08	76.35
0.08
0.08
0.08
0.08
0.08
0.08
0.08
0.08
0.08
0.07
0.07
0.07
0.07
0.07
0.07
0.08
0.08
0.08
0.08
0.08
0.08
0.08
0.08
0.08
0.09
0.08
0.08
0.08
0.08
0.08
0.09
CorWatt	PkgWatt
10.22	161.49
0.21	85.19
0.22
0.20
0.21
0.18
0.18
0.18
0.18
0.17
0.17
0.18
0.17
0.16
0.16
0.16
0.16
0.84
1.46
0.28
0.28
0.19
0.18
0.18
0.18
0.17
0.17
0.17
0.17
0.16
0.16
0.16
0.16
0.08	76.38
0.08
0.08
0.08
0.08
0.08
0.08
0.08
0.07
0.07
0.07
0.07
0.07
0.07
0.07
0.07
0.08
0.08
0.08
0.08
0.08
0.08
0.08
0.08
0.08
0.09
0.08
0.08
0.08
0.08
0.08
0.08
CorWatt	PkgWatt
10.49	162.13
0.21	85.40
0.23
0.20
0.21
0.18
0.18
0.18
0.18
0.17
0.17
0.19
0.17
0.16
0.16
0.16
0.16
0.35
1.96
0.29
0.28
0.20
0.19
0.18
0.18
0.17
0.17
0.17
0.17
0.16
0.16
0.16
0.16
0.08	76.67
0.08
0.08
0.08
0.08
0.08
0.08
0.08
0.08
0.08
0.08
0.08
0.07
0.08
0.07
0.07
0.08
0.08
0.08
0.08
0.08
0.08
0.08
0.08
0.08
0.09
0.08
0.08
0.08
0.08
0.08
0.09
CorWatt	PkgWatt
10.18	161.54
0.21	85.15
0.23
0.20
0.21
0.18
0.17
0.18
0.17
0.17
0.17
0.18
0.17
0.16
0.16
0.16
0.16
0.31
1.96
0.28
0.28
0.19
0.18
0.18
0.18
0.17
0.17
0.17
0.17
0.16
0.16
0.16
0.16
0.08	76.39
0.08
0.08
0.08
0.08
0.08
0.08
0.08
0.07
0.07
0.07
0.07
0.07
0.07
0.07
0.07
0.08
0.08
0.08
0.08
0.08
0.08
0.08
0.08
0.08
0.09
0.08
0.08
0.08
0.08
0.07
0.08
CorWatt	PkgWatt
10.20	161.42
0.20	85.16
0.22
0.20
0.21
0.18
0.18
0.18
0.18
0.17
0.17
0.18
0.17
0.16
0.16
0.16
0.16
1.22
1.07
0.28
0.28
0.19
0.18
0.18
0.18
0.18
0.18
0.17
0.17
0.16
0.16
0.17
0.16
0.08	76.35
0.08
0.08
0.08
0.08
0.08
0.08
0.08
0.07
0.07
0.07
0.07
0.07
0.07
0.07
0.07
0.08
0.08
0.08
0.08
0.08
0.08
0.08
0.08
0.08
0.09
0.08
0.08
0.08
0.08
0.08
0.08
CorWatt	PkgWatt
10.12	161.40
0.21	85.08
0.22
0.20
0.20
0.18
0.18
0.18
0.18
0.17
0.16
0.18
0.16
0.16
0.16
0.16
0.16
2.01
0.34
0.27
0.27
0.19
0.18
0.18
0.18
0.17
0.17
0.16
0.17
0.16
0.16
0.16
0.16
0.07	76.23
0.07
0.07
0.08
0.08
0.08
0.08
0.08
0.07
0.07
0.07
0.06
0.07
0.07
0.06
0.07
0.08
0.07
0.07
0.08
0.08
0.08
0.08
0.08
0.08
0.09
0.07
0.08
0.07
0.07
0.07
0.08
CorWatt	PkgWatt
10.45	162.06
0.21	85.33
0.22
0.20
0.21
0.18
0.18
0.18
0.18
0.17
0.17
0.18
0.17
0.16
0.16
0.16
0.16
0.36
1.97
0.28
0.28
0.20
0.18
0.18
0.18
0.17
0.17
0.17
0.17
0.16
0.16
0.16
0.16
0.08	76.72
0.08
0.08
0.08
0.08
0.08
0.08
0.08
0.08
0.08
0.07
0.07
0.07
0.08
0.07
0.07
0.08
0.08
0.08
0.08
0.08
0.09
0.08
0.08
0.08
0.09
0.08
0.08
0.08
0.08
0.08
0.09
CorWatt	PkgWatt
10.10	161.27
0.21	85.13
0.22
0.20
0.21
0.18
0.18
0.18
0.18
0.17
0.17
0.18
0.17
0.16
0.16
0.16
0.16
0.32
1.96
0.28
0.28
0.19
0.18
0.18
0.18
0.17
0.17
0.17
0.17
0.16
0.16
0.16
0.16
0.08	76.24
0.08
0.08
0.08
0.08
0.08
0.08
0.08
0.07
0.07
0.06
0.06
0.06
0.07
0.06
0.07
0.08
0.08
0.07
0.08
0.08
0.08
0.08
0.08
0.08
0.08
0.07
0.07
0.07
0.07
0.07
0.08
CorWatt	PkgWatt
12.54	172.97
0.25	90.79
0.24
0.23
0.24
0.20
0.19
0.20
0.19
0.21
0.18
0.22
0.19
0.19
0.23
0.20
0.22
0.32
1.46
0.39
0.72
0.23
0.19
0.19
0.19
0.20
0.18
0.18
0.20
0.17
0.17
0.17
0.18
0.11	82.22
0.11
0.10
0.14
0.12
0.11
0.11
0.11
0.15
0.12
0.12
0.11
0.12
0.11
0.12
0.12
0.10
0.11
0.11
0.13
0.11
0.12
0.13
0.14
0.11
0.11
0.12
0.11
0.18
0.16
0.21
0.18
CorWatt	PkgWatt
21.03	192.91
0.35	99.70
0.40
0.35
0.35
0.37
0.28
0.31
0.41
0.56
0.42
0.52
0.29
0.46
0.35
0.35
0.42
0.33
0.36
0.53
0.41
0.34
0.47
0.32
0.37
0.40
0.24
0.26
0.43
0.26
1.10
0.34
0.30
0.30	93.24
0.19
0.23
0.25
0.28
0.28
0.20
0.30
0.26
0.17
0.23
0.24
0.24
0.22
0.24
0.37
0.19
0.28
0.25
0.24
0.26
0.18
0.23
0.27
0.25
0.35
0.27
0.19
0.51
0.30
0.31
0.28
CorWatt	PkgWatt
21.62	179.92
0.38	99.72
0.46
0.31
0.38
0.44
0.29
0.30
0.27
1.07
1.60
0.97
1.22
0.83
0.88
0.84
0.80
0.56
0.75
0.64
0.49
0.37
0.37
0.26
0.28
0.28
0.22
0.21
0.35
0.55
0.54
0.55
0.56
0.11	80.05
0.11
0.11
0.12
0.12
0.11
0.14
0.10
0.11
0.10
0.10
0.10
0.10
0.12
0.10
0.10
0.12
0.11
0.11
0.11
0.10
0.11
0.10
0.10
0.12
0.12
0.10
0.17
0.12
0.12
0.11
0.14
CorWatt	PkgWatt
30.13	185.96
0.73	106.03
0.77
0.55
0.64
0.53
0.42
0.50
0.49
0.64
0.79
0.61
1.20
0.66
0.67
0.74
0.59
2.47
2.66
2.38
2.77
0.29
0.43
0.39
0.36
0.40
0.36
0.26
0.32
1.05
0.74
0.88
0.79
0.09	79.93
0.09
0.10
0.10
0.09
0.10
0.09
0.09
0.09
0.09
0.09
0.09
0.09
0.09
0.08
0.08
0.10
0.10
0.09
0.10
0.10
0.10
0.10
0.10
0.10
0.12
0.10
0.10
0.10
0.10
0.09
0.14
CorWatt	PkgWatt
31.30	186.63
0.77	106.43
0.67
0.35
0.39
0.50
0.60
0.50
0.58
1.93
1.98
1.59
2.18
1.15
0.75
0.39
0.41
1.87
2.05
1.83
2.03
0.43
0.55
0.46
0.56
0.34
0.22
0.21
0.21
0.55
0.49
0.58
0.48
0.20	80.18
0.23
0.21
0.23
0.10
0.10
0.10
0.10
0.09
0.10
0.09
0.09
0.09
0.09
0.09
0.09
0.10
0.10
0.10
0.11
0.10
0.10
0.10
0.10
0.11
0.12
0.10
0.10
0.11
0.10
0.10
0.14
CorWatt	PkgWatt
33.75	217.21
0.73	116.70
0.45
0.67
0.65
0.91
0.81
0.95
0.66
0.30
0.43
0.31
0.36
1.38
1.21
1.67
1.44
0.87
0.77
1.23
0.86
0.58
0.52
0.49
0.54
0.68
0.67
0.68
0.65
0.75
0.67
0.79
0.65
0.76	100.54
0.77
0.82
1.03
0.24
0.24
0.23
0.25
0.19
0.21
0.18
0.18
0.14
0.14
0.14
0.14
0.16
0.15
0.15
0.15
0.16
0.15
0.16
0.16
0.15
0.15
0.15
0.13
0.50
0.44
0.51
0.53
CorWatt	PkgWatt
32.81	199.42
0.87	110.26
0.64
0.71
0.76
0.40
0.60
0.49
0.32
0.26
0.41
0.29
0.28
0.80
0.33
0.44
0.41
1.23
0.93
0.99
0.86
0.39
0.56
0.52
0.52
1.13
0.62
0.42
0.83
2.44
2.54
2.35
2.68
0.22	89.13
0.38
0.39
0.31
0.32
0.22
0.21
0.22
0.12
0.14
0.12
0.12
0.12
0.11
0.11
0.11
0.13
0.13
0.12
0.13
0.13
0.13
0.13
0.13
0.12
0.14
0.12
0.12
0.30
0.27
0.25
0.21
CorWatt	PkgWatt
30.75	184.37
1.09	104.50
0.98
0.79
0.80
0.28
0.27
0.28
0.32
0.68
0.59
0.98
0.63
0.39
0.29
0.34
0.23
0.31
0.46
0.31
0.49
0.42
0.42
0.53
0.39
0.67
1.37
0.99
0.73
2.64
2.65
2.58
3.44
0.10	79.86
0.10
0.10
0.10
0.10
0.10
0.10
0.10
0.10
0.12
0.10
0.10
0.09
0.09
0.09
0.09
0.10
0.10
0.10
0.10
0.10
0.10
0.10
0.10
0.10
0.13
0.10
0.10
0.12
0.20
0.12
0.15
CorWatt	PkgWatt
32.49	184.53
1.26	107.59
1.08
1.06
1.15
0.76
0.67
0.56
0.52
0.40
0.39
0.43
0.52
2.64
2.20
2.39
2.38
0.35
0.45
0.49
0.36
0.43
0.25
0.29
0.22
0.36
4.03
0.43
0.35
0.90
0.72
0.70
0.81
0.09	77.37
0.09
0.09
0.09
0.09
0.09
0.09
0.09
0.09
0.11
0.09
0.09
0.09
0.08
0.08
0.08
0.09
0.10
0.09
0.10
0.09
0.09
0.09
0.09
0.10
0.12
0.10
0.10
0.09
0.09
0.09
0.13
CorWatt	PkgWatt
33.59	186.66
0.60	108.29
0.53
0.72
0.39
1.15
1.42
1.02
0.89
0.38
0.27
0.47
0.25
0.34
0.40
0.43
0.50
3.09
2.55
2.82
2.74
0.31
0.51
0.24
0.26
0.47
4.20
0.69
0.64
0.35
0.35
0.73
0.45
0.10	77.95
0.10
0.10
0.10
0.13
0.11
0.11
0.24
0.10
0.11
0.09
0.09
0.09
0.09
0.09
0.09
0.10
0.10
0.10
0.10
0.10
0.10
0.10
0.10
0.10
0.12
0.10
0.10
0.10
0.10
0.10
0.13
CorWatt	PkgWatt
33.63	193.35
1.04	110.53
1.05
1.00
0.96
2.14
2.54
2.13
2.26
0.40
0.27
0.32
0.40
0.59
0.77
0.52
0.55
0.64
0.66
0.92
0.89
0.21
0.20
0.19
0.19
0.94
2.31
0.63
2.52
0.36
0.35
0.34
0.55
0.11	83.26
0.11
0.11
0.11
0.11
0.11
0.11
0.11
0.53
0.45
0.46
0.44
0.10
0.10
0.09
0.09
0.11
0.11
0.11
0.11
0.11
0.11
0.11
0.11
0.11
0.12
0.11
0.11
0.11
0.10
0.10
0.15
CorWatt	PkgWatt
36.04	224.28
1.11	116.07
1.01
0.81
0.82
0.48
0.44
0.57
0.28
0.18
0.18
0.25
0.20
0.63
0.60
0.81
0.53
0.59
0.48
0.78
0.61
0.27
0.28
0.20
0.20
0.74
0.65
0.48
4.34
0.43
0.73
0.48
0.84
0.73	107.77
0.71
0.69
0.72
0.24
0.27
0.22
0.21
0.91
0.71
0.86
0.91
1.23
1.00
1.41
1.09
0.24
0.21
0.22
0.22
0.16
0.16
0.16
0.16
0.16
0.18
0.16
0.16
0.24
0.21
0.21
0.25
CorWatt	PkgWatt
35.54	219.62
1.29	113.01
1.39
1.21
1.54
0.55
0.26
0.35
0.26
0.26
0.32
0.27
0.37
0.25
0.39
0.43
0.26
0.35
0.53
0.58
0.53
0.22
0.20
0.20
0.32
0.29
0.27
0.44
4.33
0.42
0.45
0.46
0.48
0.37	106.87
0.39
0.34
0.35
0.25
0.22
0.24
0.37
1.37
1.02
1.31
1.27
0.30
0.26
0.26
0.25
0.69
0.86
0.71
0.65
0.22
0.20
0.20
0.20
0.24
0.21
0.17
0.17
0.85
0.76
0.73
0.62
CorWatt	PkgWatt
36.20	224.99
0.64	112.73
0.52
0.44
0.60
0.42
0.38
0.43
0.37
0.32
0.29
0.51
0.59
0.54
0.25
0.58
0.38
0.41
0.66
0.50
0.33
0.21
0.19
0.19
0.19
0.26
0.24
0.32
4.31
0.47
0.44
0.60
0.62
1.49	111.91
1.26
1.23
1.02
0.17
0.17
0.17
0.17
1.14
1.04
0.98
1.04
0.41
0.25
0.43
0.36
0.24
0.29
0.28
0.26
0.89
0.84
0.72
0.85
0.38
0.28
0.26
0.23
0.56
0.42
0.54
0.60
CorWatt	PkgWatt
35.25	221.03
0.54	115.64
0.28
0.48
0.26
0.34
0.40
0.44
0.43
1.05
0.83
0.91
1.14
0.32
0.28
0.45
0.24
0.27
0.48
0.42
0.32
1.05
1.02
1.00
1.49
0.26
0.27
0.26
4.31
0.38
0.34
0.56
0.42
0.39	105.37
0.37
0.34
0.27
0.75
0.55
0.55
0.59
0.43
0.44
0.41
0.50
0.18
0.18
0.48
0.19
0.70
0.56
0.64
0.72
0.34
0.18
0.19
0.18
0.24
0.22
0.23
0.22
0.98
0.70
0.64
0.65
CorWatt	PkgWatt
36.95	227.55
0.78	114.29
0.66
0.93
0.58
0.36
0.29
0.46
0.29
0.30
0.37
0.27
0.37
0.80
0.48
0.47
0.53
0.53
0.51
0.66
0.40
0.26
0.24
0.25
0.42
0.27
0.26
0.25
4.34
0.48
0.30
0.62
0.35
0.93	113.31
0.86
0.79
0.85
0.28
0.26
0.28
0.26
0.25
0.43
0.36
0.28
0.96
0.73
0.92
0.78
1.17
1.12
1.00
1.26
0.36
0.34
0.45
0.37
0.20
0.22
0.18
0.18
0.79
0.73
0.63
0.61
CorWatt	PkgWatt
36.08	225.52
1.04	115.84
0.97
0.98
0.95
0.52
0.28
0.47
0.48
0.20
0.19
0.26
0.19
0.51
0.51
0.33
0.43
0.61
0.91
0.58
0.54
0.85
0.30
0.47
0.32
0.32
0.26
0.24
4.32
0.47
0.42
0.66
0.43
0.23	109.70
0.22
0.23
0.30
0.60
0.43
0.55
0.30
0.16
0.17
0.16
0.18
0.52
0.44
0.54
0.43
0.47
0.31
0.39
0.34
0.86
0.62
0.73
0.68
0.16
0.19
0.16
0.16
1.74
1.22
1.40
1.19
CorWatt	PkgWatt
36.82	227.72
0.69	113.75
0.53
0.68
0.55
0.26
0.23
0.24
0.47
0.40
0.32
0.36
0.47
0.53
0.40
0.46
0.40
0.47
0.41
0.49
0.60
0.43
0.25
0.25
0.31
0.25
0.24
0.24
4.35
0.46
0.54
0.63
0.61
1.01	113.95
0.85
0.81
0.94
1.27
1.00
0.90
1.04
0.19
0.18
0.18
0.19
0.16
0.15
0.16
0.15
0.23
0.25
0.22
0.22
0.72
0.63
0.56
0.62
0.77
0.60
0.65
0.57
1.09
1.02
1.08
0.87
CorWatt	PkgWatt
33.81	218.46
0.58	114.02
0.54
0.49
0.47
0.39
0.28
0.28
0.28
1.22
1.18
1.07
1.15
0.54
0.46
0.56
0.52
0.72
0.42
0.47
0.32
0.43
0.40
0.28
0.24
0.45
0.32
0.35
3.29
0.54
0.67
0.61
0.61
0.15	104.89
0.15
0.15
0.15
0.29
0.34
0.33
0.26
0.16
0.16
0.15
0.17
0.14
0.14
0.15
0.14
0.50
0.34
0.46
0.34
0.37
0.30
0.23
0.23
0.41
0.39
0.45
0.40
2.05
1.50
1.37
1.38
CorWatt	PkgWatt
37.45	225.47
1.08	110.41
0.80
0.84
0.69
1.53
1.31
1.31
1.26
0.27
0.27
0.29
0.39
0.90
0.36
0.38
0.65
0.27
0.26
0.26
0.30
0.27
0.27
0.26
0.27
0.27
0.26
0.30
0.34
0.35
0.55
0.35
0.43
0.62	114.55
0.57
0.61
0.87
1.11
1.13
1.33
0.98
1.28
0.98
1.10
1.05
0.20
0.20
0.20
0.19
0.33
0.30
0.41
0.31
1.19
1.04
0.90
1.13
0.23
0.21
0.20
0.21
0.27
0.30
0.30
0.25
CorWatt	PkgWatt
33.87	225.36
0.78	114.25
0.61
0.80
0.54
1.09
1.06
0.87
1.03
0.42
0.32
0.43
0.35
0.43
0.24
0.24
0.26
0.53
0.43
0.39
0.41
0.41
0.32
0.44
0.39
0.18
0.18
0.17
0.18
1.16
1.16
1.08
1.53
1.21	111.46
0.81
0.95
1.20
0.68
0.88
0.80
0.67
0.35
0.19
0.21
0.19
0.18
0.17
0.16
0.17
0.17
0.17
0.17
0.17
0.62
0.65
0.61
0.72
0.20
0.17
0.17
0.17
0.42
0.81
0.98
0.47
CorWatt	PkgWatt
34.57	225.54
0.65	103.95
0.47
0.45
0.43
0.45
0.47
0.47
0.47
0.17
0.18
0.25
0.18
0.15
0.15
0.15
0.15
0.18
0.18
0.17
0.17
0.18
0.17
0.17
0.17
0.16
0.16
0.16
0.16
0.33
0.47
0.34
0.59
0.75	121.33
0.84
0.65
0.75
0.88
0.50
0.77
0.51
0.90
1.07
1.32
0.96
0.59
0.51
0.35
0.46
0.58
0.60
0.60
0.62
0.93
0.87
0.78
0.79
0.38
0.30
0.32
0.28
1.67
1.96
1.57
1.54
CorWatt	PkgWatt
35.81	225.40
0.78	106.75
0.64
0.71
0.71
0.31
0.25
0.27
0.38
0.58
0.80
0.57
0.58
0.16
0.16
0.16
0.16
0.18
0.18
0.18
0.18
0.20
0.18
0.18
0.18
0.21
0.24
0.20
0.36
0.63
0.71
0.58
0.58
1.75	118.64
1.26
1.17
1.13
0.65
0.41
1.17
0.67
0.75
0.63
0.74
0.96
0.65
0.55
0.64
1.00
0.31
0.25
0.22
0.42
0.45
0.55
0.43
0.93
0.70
0.54
0.58
0.51
1.01
0.84
0.81
0.97
CorWatt	PkgWatt
34.65	224.75
0.61	104.66
0.42
0.44
0.43
0.29
0.19
0.23
0.20
0.49
0.59
0.58
0.63
0.15
0.15
0.15
0.15
0.17
0.17
0.17
0.17
0.19
0.17
0.17
0.17
0.16
0.16
0.16
0.17
0.62
0.62
0.58
0.52
1.09	120.05
1.33
0.98
0.90
0.62
1.05
1.16
1.06
1.14
1.16
1.14
0.98
0.97
1.09
0.89
1.25
0.17
0.18
0.17
0.17
0.49
0.51
0.49
0.57
0.44
0.45
0.32
0.38
0.90
0.74
0.84
0.91
CorWatt	PkgWatt
34.35	224.22
0.83	106.72
0.61
0.55
0.47
0.32
0.22
0.27
0.26
0.54
0.52
0.57
0.48
0.16
0.16
0.15
0.16
0.18
0.18
0.18
0.17
0.25
0.27
0.24
0.26
0.17
0.17
0.17
0.17
0.91
0.85
0.68
0.87
1.31	117.49
1.42
1.38
1.27
1.54
1.01
1.14
1.25
1.29
0.85
1.08
0.84
0.48
0.32
0.39
0.38
0.19
0.19
0.18
0.18
0.33
0.63
0.56
0.42
0.44
0.54
0.43
0.54
0.34
0.45
0.42
0.60
CorWatt	PkgWatt
34.47	227.92
0.59	105.40
0.51
0.58
0.56
0.47
0.20
0.22
0.28
0.29
0.41
0.37
0.42
0.15
0.15
0.14
0.15
0.17
0.17
0.17
0.16
0.18
0.17
0.17
0.17
0.16
0.16
0.16
0.16
0.50
0.47
0.41
0.32
0.60	122.52
0.53
0.63
0.46
1.66
1.94
1.58
1.90
0.39
0.38
0.42
0.56
0.86
0.72
0.93
0.75
0.39
0.32
0.37
0.30
0.57
0.75
0.77
0.64
1.50
1.53
1.54
1.39
0.24
0.19
0.19
0.31
CorWatt	PkgWatt
35.24	222.22
1.01	104.96
0.76
0.81
0.79
0.50
0.47
0.49
0.44
0.31
0.51
0.38
0.40
0.16
0.16
0.16
0.16
0.18
0.18
0.18
0.18
0.20
0.19
0.18
0.18
0.17
0.17
0.17
0.17
0.37
0.37
0.48
0.57
0.59	117.33
0.62
0.58
0.61
1.19
1.23
1.17
1.06
0.62
0.43
0.45
0.47
1.65
1.40
1.57
1.82
0.58
0.64
0.55
0.61
0.70
0.57
0.52
0.64
0.45
0.54
0.48
0.53
0.44
0.38
0.36
0.31
CorWatt	PkgWatt
34.59	222.29
1.24	105.78
0.98
1.01
0.90
0.33
0.21
0.21
0.25
0.17
0.17
0.16
0.17
0.16
0.16
0.16
0.16
0.18
0.18
0.18
0.18
0.20
0.20
0.19
0.19
0.17
0.17
0.17
0.17
0.50
1.31
0.57
0.86
1.26	116.66
1.54
1.10
1.17
0.76
0.94
0.83
0.91
0.63
0.54
0.40
0.38
1.09
1.06
0.97
1.02
0.46
0.27
0.37
0.41
0.38
0.33
0.38
0.37
0.35
0.41
0.53
0.30
0.93
1.10
0.75
0.80
CorWatt	PkgWatt
34.10	222.37
1.21	106.67
0.93
0.81
0.90
0.32
0.26
0.34
0.32
0.28
0.34
0.27
0.43
0.16
0.16
0.16
0.16
0.18
0.18
0.18
0.18
0.20
0.20
0.19
0.19
0.18
0.17
0.17
0.18
0.47
1.31
0.81
0.72
1.38	115.53
1.47
1.28
1.40
0.48
0.51
0.51
0.60
1.13
1.02
1.09
1.06
0.53
0.42
0.36
0.53
0.63
0.57
0.61
0.70
0.36
0.27
0.27
0.42
0.71
0.60
0.56
0.55
0.40
0.29
0.30
0.50
CorWatt	PkgWatt
35.12	223.80
0.99	107.02
0.81
0.80
0.78
0.50
0.43
0.37
0.38
0.38
0.36
0.58
0.38
0.16
0.16
0.16
0.16
0.18
0.18
0.18
0.18
0.20
0.19
0.19
0.18
0.17
0.17
0.17
0.17
0.93
0.99
0.71
0.53
0.99	116.74
0.96
0.95
1.06
0.40
0.31
0.42
0.30
0.69
0.72
0.75
0.64
0.30
0.42
0.50
0.39
1.45
1.26
1.29
1.74
0.47
0.49
0.44
0.42
0.52
0.69
0.68
0.64
0.71
0.55
0.62
0.61
CorWatt	PkgWatt
35.86	225.16
0.83	108.59
0.73
0.77
0.76
0.64
0.59
0.95
0.69
0.49
0.57
0.54
0.44
0.17
0.16
0.16
0.17
0.18
0.18
0.19
0.18
0.21
0.20
0.19
0.19
0.18
0.18
0.17
0.18
0.81
0.43
1.32
0.54
1.25	116.63
0.99
1.29
1.30
0.61
0.55
0.63
0.46
0.54
0.45
0.43
0.39
0.84
0.75
0.76
0.85
0.65
0.47
0.72
0.45
0.40
0.35
0.35
0.31
1.04
1.10
1.02
0.95
0.51
0.54
0.50
0.47
CorWatt	PkgWatt
34.40	222.23
0.73	107.05
0.51
0.62
0.53
0.69
0.51
0.69
0.45
0.68
0.39
0.67
0.41
0.17
0.16
0.16
0.16
0.18
0.18
0.18
0.18
0.21
0.21
0.20
0.20
0.17
0.17
0.17
0.17
0.93
0.53
0.97
0.86
1.26	115.11
1.16
1.24
1.14
0.53
0.40
0.39
0.52
0.34
0.34
0.30
0.36
0.35
0.30
0.46
0.45
0.45
0.43
0.38
0.42
1.27
1.64
1.27
1.35
0.79
0.77
0.84
0.84
0.32
0.35
0.34
0.34
CorWatt	PkgWatt
34.57	224.83
0.60	104.52
0.33
0.53
0.32
0.51
0.67
0.61
0.56
0.53
0.56
0.52
0.58
0.15
0.15
0.15
0.15
0.17
0.17
0.17
0.17
0.19
0.18
0.17
0.17
0.16
0.16
0.16
0.16
0.19
0.18
0.29
0.27
0.69	120.28
0.51
0.69
0.58
0.61
0.46
0.59
0.56
0.38
0.34
0.36
0.31
1.16
0.93
1.30
1.12
1.49
1.14
1.29
1.14
0.86
0.73
0.82
0.92
1.23
0.75
0.77
0.78
0.47
0.58
0.53
0.61
CorWatt	PkgWatt
34.31	226.86
0.56	106.37
0.59
0.47
0.39
0.66
0.49
0.46
0.82
0.70
0.45
0.49
0.38
0.15
0.16
0.15
0.15
0.18
0.17
0.17
0.17
0.19
0.18
0.17
0.17
0.16
0.16
0.16
0.16
0.26
0.28
0.52
0.30
0.48	120.47
0.47
0.39
0.37
1.52
1.33
1.40
1.78
0.63
0.46
0.55
0.46
0.66
0.58
0.66
0.59
0.50
0.62
0.71
0.48
0.42
0.31
0.23
0.28
1.45
0.96
1.75
0.98
0.72
0.62
0.59
0.82
CorWatt	PkgWatt
14.98	177.49
0.20	84.61
0.24
0.17
0.15
0.29
0.28
0.20
0.18
0.15
0.16
0.14
0.19
0.11
0.11
0.11
0.12
0.14
0.13
0.14
0.15
0.13
0.13
0.12
0.16
0.12
0.12
0.12
0.12
0.13
0.14
0.14
0.12
0.69	92.98
0.50
1.00
0.51
0.41
0.40
1.15
0.75
0.16
0.18
0.16
0.16
0.17
0.16
0.16
0.18
0.30
0.19
0.18
0.18
0.19
0.18
0.17
0.19
0.20
0.20
0.18
0.29
0.18
0.28
0.22
0.18
CorWatt	PkgWatt
9.98	161.02
0.11	77.00
0.10
0.10
0.10
0.10
0.12
0.10
0.10
0.08
0.08
0.08
0.08
0.08
0.08
0.08
0.08
0.09
0.09
0.09
0.09
0.11
0.10
0.09
0.09
0.09
0.09
0.08
0.09
0.09
0.08
0.08
0.08
0.16	83.97
0.16
0.16
0.17
0.39
0.39
0.88
0.96
0.15
0.16
0.15
0.15
0.15
0.15
0.15
0.15
0.16
0.16
0.16
0.16
0.16
0.16
0.16
0.16
0.16
0.17
0.16
0.16
0.16
0.16
0.17
0.15
CorWatt	PkgWatt
12.44	165.82
0.20	83.35
0.21
0.19
0.20
0.15
0.22
0.19
0.19
0.19
0.19
0.18
0.30
0.19
0.19
0.19
0.19
0.20
0.19
0.20
0.20
0.20
0.19
0.19
0.19
0.17
0.17
0.18
0.18
0.52
0.18
0.57
0.18
0.16	82.53
0.16
0.16
0.17
0.23
0.23
0.23
0.55
0.14
0.15
0.14
0.13
0.14
0.14
0.14
0.14
0.16
0.16
0.16
0.16
0.15
0.15
0.15
0.16
0.16
0.17
0.16
0.16
0.16
0.15
0.17
0.16
CorWatt	PkgWatt
11.92	174.64
0.18	97.89
0.18
0.17
0.17
0.18
0.17
0.17
0.17
0.22
0.22
0.21
3.97
0.15
0.15
0.15
0.15
0.17
0.17
0.17
0.17
0.19
0.18
0.17
0.17
0.16
0.16
0.16
0.16
0.18
0.16
0.16
0.16
0.08	76.71
0.08
0.08
0.09
0.08
0.08
0.08
0.08
0.08
0.09
0.08
0.08
0.07
0.08
0.07
0.07
0.08
0.08
0.08
0.08
0.08
0.08
0.08
0.08
0.08
0.09
0.09
0.08
0.08
0.08
0.08
0.08
CorWatt	PkgWatt
14.72	189.88
0.19	112.96
0.22
0.18
0.18
0.18
0.17
0.18
0.17
0.21
0.21
0.20
6.43
0.15
0.15
0.15
0.15
0.18
0.17
0.17
0.17
0.19
0.18
0.21
0.17
0.16
0.17
0.17
0.17
0.21
0.17
0.17
0.17
0.09	76.99
0.09
0.09
0.09
0.09
0.09
0.09
0.09
0.08
0.09
0.08
0.08
0.08
0.08
0.08
0.08
0.09
0.09
0.09
0.09
0.09
0.09
0.09
0.09
0.09
0.10
0.10
0.09
0.08
0.08
0.08
0.08
CorWatt	PkgWatt
14.49	189.54
0.19	112.88
0.19
0.20
0.18
0.18
0.17
0.17
0.17
0.22
0.21
0.20
6.45
0.15
0.16
0.15
0.15
0.17
0.17
0.17
0.17
0.19
0.18
0.18
0.17
0.17
0.16
0.16
0.18
0.17
0.17
0.18
0.16
0.08	76.69
0.08
0.08
0.09
0.08
0.08
0.08
0.08
0.08
0.08
0.08
0.08
0.07
0.07
0.07
0.07
0.08
0.08
0.08
0.08
0.08
0.08
0.08
0.08
0.09
0.09
0.09
0.08
0.08
0.08
0.08
0.08
CorWatt	PkgWatt
14.61	191.69
0.19	113.08
0.18
0.18
0.18
0.17
0.17
0.17
0.17
0.21
0.21
0.27
6.48
0.15
0.16
0.15
0.15
0.18
0.17
0.18
0.17
0.19
0.18
0.18
0.17
0.18
0.17
0.17
0.17
0.17
0.17
0.18
0.16
0.09	78.53
0.08
0.09
0.09
0.08
0.08
0.08
0.08
0.08
0.09
0.08
0.08
0.08
0.07
0.08
0.07
0.08
0.08
0.08
0.08
0.08
0.08
0.08
0.08
0.09
0.10
0.09
0.08
0.08
0.08
0.08
0.08
CorWatt	PkgWatt
14.29	189.22
0.18	112.71
0.18
0.18
0.18
0.17
0.17
0.17
0.17
0.21
0.21
0.20
6.47
0.15
0.15
0.15
0.15
0.17
0.17
0.17
0.17
0.19
0.18
0.17
0.17
0.16
0.16
0.16
0.16
0.16
0.16
0.18
0.16
0.08	76.46
0.08
0.08
0.09
0.08
0.08
0.08
0.08
0.08
0.08
0.07
0.07
0.07
0.07
0.07
0.07
0.08
0.08
0.08
0.08
0.08
0.08
0.08
0.08
0.08
0.09
0.09
0.08
0.07
0.07
0.07
0.07
CorWatt	PkgWatt
14.50	189.50
0.18	112.72
0.18
0.18
0.18
0.18
0.17
0.17
0.17
0.21
0.21
0.20
6.46
0.16
0.16
0.15
0.15
0.17
0.17
0.18
0.17
0.19
0.18
0.17
0.17
0.16
0.16
0.16
0.16
0.17
0.16
0.18
0.16
0.09	76.82
0.09
0.09
0.09
0.09
0.08
0.08
0.08
0.08
0.09
0.08
0.08
0.08
0.07
0.07
0.07
0.08
0.08
0.08
0.08
0.09
0.09
0.09
0.09
0.09
0.09
0.09
0.09
0.08
0.08
0.08
0.08
CorWatt	PkgWatt
14.29	189.15
0.18	112.68
0.18
0.17
0.18
0.17
0.17
0.17
0.17
0.21
0.21
0.20
6.52
0.15
0.15
0.15
0.15
0.17
0.17
0.17
0.17
0.19
0.17
0.17
0.17
0.16
0.16
0.16
0.16
0.16
0.16
0.18
0.16
0.08	76.49
0.08
0.08
0.09
0.08
0.08
0.08
0.08
0.07
0.08
0.07
0.07
0.07
0.07
0.07
0.07
0.08
0.08
0.08
0.08
0.08
0.08
0.08
0.08
0.08
0.09
0.09
0.08
0.07
0.07
0.07
0.07
CorWatt	PkgWatt
23.78	211.27
0.48	119.66
0.69
0.43
0.52
0.61
0.42
0.29
0.25
0.43
0.25
0.24
6.50
0.29
0.27
0.41
0.37
0.42
0.24
0.26
0.41
0.54
0.42
0.26
0.24
0.22
0.28
0.46
0.46
0.40
0.23
0.40
0.27
0.18	91.93
0.19
0.15
0.15
0.16
0.17
0.16
0.17
0.15
0.29
0.19
0.14
0.21
0.26
0.20
0.20
0.18
0.17
0.18
0.18
0.19
0.24
0.23
0.17
0.14
0.18
0.18
0.15
0.14
0.17
0.17
0.21
CorWatt	PkgWatt
15.72	193.12
0.23	113.45
0.19
0.19
0.21
0.18
0.18
0.19
0.18
0.22
0.21
0.20
6.33
0.17
0.17
0.17
0.19
0.23
0.21
0.22
0.23
0.20
0.19
0.19
0.19
0.17
0.17
0.16
0.17
0.19
0.17
0.17
0.17
0.11	79.43
0.09
0.11
0.10
0.11
0.09
0.10
0.09
0.11
0.09
0.10
0.09
0.10
0.18
0.09
0.08
0.11
0.11
0.14
0.11
0.12
0.11
0.13
0.10
0.10
0.10
0.11
0.14
0.16
0.11
0.09
0.08
CorWatt	PkgWatt
35.27	226.65
0.73	130.81
0.58
0.53
0.48
0.43
0.42
0.39
0.51
0.35
0.42
0.36
6.41
1.37
1.71
1.43
1.98
0.66
0.48
0.57
0.56
0.77
0.64
0.61
0.77
0.35
0.52
0.64
0.53
1.34
1.13
0.92
0.89
0.12	96.06
0.12
0.12
0.12
0.12
0.12
0.12
0.12
0.11
0.12
0.13
0.11
0.11
0.11
0.11
0.11
0.68
0.53
0.57
0.69
0.13
0.13
0.15
0.12
0.12
0.12
0.14
0.13
0.11
0.11
0.11
0.11
CorWatt	PkgWatt
37.43	234.17
1.62	129.75
1.25
1.84
1.31
0.72
0.74
0.59
0.99
0.24
0.26
0.24
6.47
0.40
0.25
0.39
0.38
0.71
0.54
0.55
0.58
0.80
0.98
0.95
0.92
0.31
0.26
0.24
0.68
0.52
0.27
0.52
0.40
0.14	104.15
0.14
0.14
0.13
0.14
0.14
0.14
0.14
0.16
0.16
0.16
0.16
0.15
0.16
0.19
0.15
0.90
0.86
0.78
1.16
0.72
0.68
0.77
0.54
0.37
0.27
0.26
0.27
0.13
0.13
0.13
0.13
CorWatt	PkgWatt
37.50	228.78
0.68	132.81
0.53
0.71
0.83
1.80
1.88
1.76
1.42
1.18
1.02
1.19
6.60
0.49
0.52
0.45
0.74
0.55
0.28
0.32
0.30
0.37
0.79
0.46
0.57
1.03
0.96
0.85
1.19
0.33
0.53
0.33
0.36
0.78	96.45
0.44
0.59
0.55
0.15
0.15
0.20
0.15
0.14
0.17
0.16
0.12
0.12
0.11
0.13
0.11
0.17
0.17
0.17
0.16
0.17
0.16
0.17
0.17
0.16
0.16
0.17
0.15
0.12
0.12
0.14
0.14
CorWatt	PkgWatt
35.31	228.78
1.43	129.23
0.97
1.14
0.88
1.16
0.81
0.87
0.87
0.90
0.93
0.90
1.08
0.29
0.26
0.31
0.29
4.48
1.40
1.57
0.89
0.80
0.69
1.08
0.92
0.64
0.41
0.43
0.39
0.47
0.46
0.43
0.53
0.64	99.02
0.49
0.77
0.56
0.24
0.39
0.21
0.18
0.13
0.15
0.13
0.13
0.12
0.12
0.12
0.12
0.13
0.14
0.13
0.13
0.13
0.13
0.13
0.13
0.13
0.13
0.15
0.13
0.12
0.12
0.12
0.12
CorWatt	PkgWatt
35.23	225.02
1.53	128.44
1.24
0.90
1.06
0.25
0.25
0.32
0.41
0.44
0.52
0.49
0.48
1.47
1.64
1.41
1.52
0.66
0.47
0.73
0.45
0.55
0.43
0.38
0.43
5.03
0.99
0.98
1.09
0.25
0.31
0.41
0.32
0.31	96.65
0.42
0.47
0.34
0.21
0.31
0.21
0.19
0.12
0.14
0.12
0.12
0.12
0.12
0.12
0.12
0.12
0.13
0.12
0.12
0.13
0.13
0.12
0.12
0.63
0.73
0.78
0.75
0.12
0.11
0.12
0.12
CorWatt	PkgWatt
34.23	225.82
2.84	128.75
1.15
1.29
1.32
0.67
0.64
0.50
0.72
1.31
1.53
1.59
1.83
0.44
0.39
0.51
0.52
0.38
0.50
0.31
0.50
1.42
0.50
0.41
0.32
0.43
0.39
0.40
0.27
2.13
0.96
0.98
0.89
0.13	97.42
0.13
0.13
0.13
0.36
0.15
0.15
0.15
0.13
0.15
0.12
0.13
0.12
0.12
0.12
0.12
0.13
0.13
0.13
0.13
0.13
0.13
0.13
0.13
0.58
0.56
0.67
0.56
0.12
0.12
0.12
0.12
CorWatt	PkgWatt
35.49	221.97
0.90	129.77
0.72
0.69
0.93
1.27
1.17
1.08
0.99
0.24
0.36
0.32
0.24
0.57
0.46
0.33
0.60
3.19
0.34
0.35
0.34
2.17
0.60
0.96
0.66
0.68
0.63
0.73
0.63
1.69
1.60
1.79
1.57
0.60	91.81
0.68
0.61
0.98
0.12
0.13
0.11
0.11
0.11
0.13
0.11
0.11
0.30
0.13
0.13
0.13
0.11
0.11
0.11
0.11
0.12
0.13
0.12
0.12
0.14
0.19
0.13
0.12
0.19
0.15
0.14
0.13
CorWatt	PkgWatt
35.85	225.61
1.20	129.30
1.18
1.38
1.32
0.41
0.37
0.38
0.52
2.38
2.06
1.62
1.77
0.59
0.45
0.40
0.50
4.55
0.42
0.41
0.40
0.50
0.38
0.33
0.29
0.99
0.70
0.95
0.72
0.46
0.58
0.34
0.60
0.29	96.27
0.45
0.31
0.43
0.36
0.37
0.28
0.33
0.12
0.14
0.12
0.12
0.12
0.12
0.11
0.11
0.13
0.13
0.13
0.13
0.14
0.14
0.13
0.13
0.44
0.39
0.23
0.33
0.12
0.12
0.12
0.12
CorWatt	PkgWatt
36.31	222.71
0.85	117.69
0.59
0.64
0.62
0.97
1.12
0.82
1.27
0.72
0.36
0.35
0.34
1.62
1.16
1.43
1.07
0.36
0.40
0.37
0.41
0.66
0.63
0.56
0.63
1.03
0.85
1.25
0.84
0.49
0.40
0.49
0.47
0.54	105.16
0.54
0.43
0.63
0.33
0.43
0.31
0.43
0.45
0.67
0.55
0.57
0.20
0.20
0.20
0.25
0.22
0.25
0.28
0.23
0.47
0.62
0.55
0.64
0.25
0.29
0.26
0.27
0.47
0.35
0.24
0.41
CorWatt	PkgWatt
32.82	224.30
1.07	119.16
0.80
0.68
0.70
0.78
0.78
1.05
0.62
1.78
1.58
1.88
1.91
0.19
0.19
0.19
0.19
0.25
0.20
0.20
0.20
0.58
0.46
0.41
0.41
1.05
0.78
1.32
1.34
0.40
0.22
0.22
0.31
0.44	104.97
0.71
0.62
0.52
0.14
0.14
0.14
0.14
0.24
0.22
0.20
0.25
0.13
0.13
0.13
0.13
0.26
0.21
0.24
0.20
0.54
0.59
0.62
0.58
0.15
0.17
0.15
0.15
0.42
0.47
0.34
0.69
CorWatt	PkgWatt
36.08	228.00
0.49	112.07
0.28
0.44
0.42
0.64
0.38
0.62
0.37
0.62
0.61
1.06
0.77
0.50
0.33
0.67
0.37
0.24
0.22
0.20
0.20
0.36
0.53
0.46
0.46
1.30
0.39
0.62
1.18
0.26
0.24
0.28
0.52
0.66	116.10
0.46
0.48
0.34
0.94
0.77
0.84
0.74
0.42
0.57
0.42
0.65
0.41
0.29
0.42
0.30
0.33
0.28
0.26
0.26
0.68
0.62
0.59
0.86
0.70
0.56
0.57
0.63
1.42
1.12
1.20
1.27
CorWatt	PkgWatt
33.59	220.16
1.04	116.17
0.63
0.66
0.58
0.28
0.49
0.49
0.30
0.32
0.31
0.28
0.31
0.75
0.57
0.54
0.97
2.07
2.00
2.64
1.90
0.22
0.20
0.20
0.20
1.48
0.32
0.41
0.96
0.27
0.29
0.34
0.25
0.19	103.81
0.18
0.19
0.24
0.75
0.92
0.95
0.86
0.25
0.47
0.24
0.29
0.19
0.24
0.15
0.15
0.61
0.39
0.46
0.36
0.33
0.38
0.50
0.36
0.15
0.17
0.15
0.15
0.28
0.32
0.21
0.22
CorWatt	PkgWatt
33.75	224.73
1.26	118.63
1.27
1.20
1.13
0.32
0.24
0.23
0.26
1.02
1.11
0.85
0.97
0.94
0.64
0.71
0.78
0.76
0.60
0.58
0.71
0.52
0.41
0.69
0.37
1.21
0.43
0.58
1.33
0.29
0.39
0.45
0.33
0.16	106.13
0.16
0.16
0.16
0.88
0.96
1.17
1.34
0.31
0.19
0.21
0.24
0.52
0.37
0.67
0.56
0.27
0.25
0.20
0.21
0.25
0.31
0.19
0.18
0.16
0.18
0.15
0.16
0.15
0.15
0.15
0.16
CorWatt	PkgWatt
33.05	224.26
1.57	118.49
1.10
1.25
1.21
0.44
0.25
0.25
0.34
0.40
0.46
0.26
0.29
1.31
0.71
0.94
0.95
0.94
1.27
0.93
0.89
0.41
0.56
0.73
0.36
0.60
0.40
0.37
2.11
0.18
0.18
0.18
0.18
0.22	105.81
0.18
0.17
0.16
0.95
0.82
0.67
0.60
0.16
0.14
0.15
0.14
0.16
0.20
0.16
0.26
0.29
0.32
0.33
0.34
0.84
0.74
0.98
0.93
0.14
0.16
0.14
0.14
0.13
0.13
0.13
0.13
CorWatt	PkgWatt
33.33	220.79
0.73	120.49
0.69
0.83
0.73
0.98
0.86
0.57
0.79
1.00
0.72
0.76
0.72
1.10
0.95
0.93
0.98
0.31
0.34
0.31
0.26
0.94
0.85
0.76
0.74
1.39
1.68
1.31
1.76
0.62
0.43
0.47
0.31
0.26	100.35
0.21
0.20
0.17
0.34
0.32
0.51
0.27
0.14
0.14
0.15
0.14
0.13
0.13
0.13
0.13
0.27
0.51
0.36
0.48
0.24
0.44
0.51
0.29
0.14
0.17
0.14
0.14
0.13
0.13
0.13
0.14
CorWatt	PkgWatt
32.41	215.00
0.51	117.54
0.64
0.35
0.47
0.83
0.53
0.48
0.58
1.08
1.15
0.80
0.97
0.97
0.99
0.85
0.96
0.73
0.47
0.68
0.57
1.19
1.04
0.94
0.96
0.82
1.33
0.73
0.35
0.66
0.64
0.93
0.93
0.13	97.42
0.14
0.13
0.13
0.83
0.82
0.93
0.91
0.12
0.12
0.14
0.12
0.12
0.11
0.11
0.11
0.15
0.15
0.26
0.15
0.13
0.13
0.13
0.13
0.13
0.15
0.13
0.13
0.12
0.12
0.12
0.12
CorWatt	PkgWatt
31.80	206.47
0.81	113.08
0.91
0.92
0.61
0.81
0.39
0.54
0.44
1.47
1.32
1.30
1.38
0.59
0.47
0.54
0.47
0.59
0.28
0.26
0.28
0.35
0.30
0.41
0.32
2.14
1.79
1.30
1.28
0.88
0.67
0.85
0.83
0.13	93.36
0.13
0.13
0.13
0.50
0.58
0.52
0.46
0.12
0.12
0.14
0.12
0.11
0.11
0.11
0.11
0.16
0.16
0.26
0.16
0.21
0.24
0.20
0.36
0.13
0.14
0.12
0.12
0.12
0.12
0.12
0.13
CorWatt	PkgWatt
32.91	221.11
1.96	115.38
1.59
1.64
1.93
0.46
0.25
0.29
0.24
0.59
0.46
0.54
0.50
0.57
0.70
0.94
0.71
0.31
0.35
0.44
0.46
0.30
0.27
0.62
0.33
0.45
1.59
0.56
0.95
0.32
0.23
0.21
0.20
0.14	105.83
0.14
0.14
0.14
0.46
0.33
0.37
0.41
0.19
0.18
0.19
0.17
0.13
0.13
0.13
0.13
1.06
0.79
0.84
0.78
0.19
0.17
0.16
0.16
0.98
0.90
1.04
0.90
0.15
0.15
0.14
0.14
CorWatt	PkgWatt
33.77	216.01
1.78	114.60
1.78
1.77
2.01
0.54
0.39
0.47
0.67
0.26
0.37
0.25
0.28
0.48
0.39
0.55
0.49
1.19
0.80
0.75
0.81
0.69
0.73
0.38
0.48
0.83
0.92
0.57
1.86
0.45
0.47
0.44
0.50
0.35	101.36
0.25
0.24
0.24
0.51
0.49
0.58
0.46
0.14
0.14
0.16
0.14
0.13
0.13
0.13
0.13
0.19
0.18
0.19
0.29
0.36
0.42
0.28
0.39
0.66
0.63
0.49
0.56
0.14
0.13
0.13
0.14
CorWatt	PkgWatt
33.90	221.62
0.81	119.60
0.86
0.61
0.57
0.59
0.37
0.34
0.37
1.00
0.99
0.82
0.96
0.23
0.21
0.21
0.45
0.81
0.84
0.75
1.07
0.56
0.75
0.43
0.57
1.61
1.55
1.78
1.49
0.85
0.75
0.84
0.79
0.14	102.00
0.14
0.14
0.14
0.28
0.46
0.30
0.38
0.14
0.14
0.17
0.14
0.13
0.13
0.13
0.13
0.51
0.53
0.61
0.70
0.15
0.15
0.15
0.15
0.54
0.61
0.69
0.63
0.13
0.13
0.13
0.14
CorWatt	PkgWatt
33.99	210.67
1.31	115.09
1.23
1.40
1.24
0.84
0.73
0.79
1.03
1.05
0.78
0.81
1.14
0.41
0.56
0.44
0.32
0.79
0.66
0.70
0.67
0.86
1.27
0.27
0.29
1.28
1.56
1.32
1.47
0.22
0.25
0.21
0.23
0.33	95.64
0.24
0.22
0.38
0.49
0.39
0.23
0.36
0.14
0.14
0.15
0.13
0.13
0.13
0.12
0.12
0.43
0.52
0.79
0.75
0.14
0.14
0.14
0.14
0.14
0.16
0.14
0.14
0.13
0.13
0.13
0.13
CorWatt	PkgWatt
33.50	216.92
2.10	118.56
1.58
1.48
1.66
0.92
1.08
0.78
0.97
0.46
0.38
0.35
0.31
1.01
0.72
0.97
1.27
1.52
1.03
0.70
0.88
1.82
0.43
0.61
0.41
0.28
0.57
0.44
0.30
0.20
0.24
0.26
0.20
0.64	98.29
0.71
0.66
0.61
0.38
0.36
0.34
0.33
0.12
0.12
0.14
0.12
0.12
0.11
0.11
0.11
0.23
0.24
0.35
0.27
0.13
0.13
0.13
0.13
0.13
0.14
0.13
0.13
0.12
0.12
0.12
0.12
CorWatt	PkgWatt
33.45	217.19
1.41	118.58
1.45
1.42
1.36
0.35
0.33
0.47
0.28
1.13
1.11
1.30
1.21
0.88
1.34
0.80
0.82
1.38
0.82
0.91
0.74
1.56
1.31
0.72
0.46
0.32
0.29
0.26
0.27
0.40
0.82
0.39
0.37
0.15	98.59
0.19
0.16
0.16
0.73
0.86
0.69
0.73
0.13
0.13
0.14
0.13
0.12
0.12
0.12
0.12
0.13
0.13
0.13
0.13
0.13
0.13
0.13
0.13
0.13
0.15
0.13
0.13
0.12
0.12
0.12
0.13
CorWatt	PkgWatt
34.00	217.55
1.67	117.10
1.03
1.21
1.30
0.72
0.44
0.77
0.59
0.78
0.97
0.79
0.59
1.46
2.01
1.36
1.51
0.28
0.25
0.35
0.26
0.98
1.53
0.37
0.68
0.72
0.65
0.78
0.59
0.18
0.18
0.17
0.17
0.34	100.44
0.75
0.51
0.36
0.93
0.96
0.77
0.73
0.13
0.13
0.15
0.13
0.12
0.12
0.12
0.12
0.14
0.19
0.14
0.14
0.14
0.14
0.14
0.14
0.14
0.16
0.14
0.14
0.13
0.13
0.13
0.13
CorWatt	PkgWatt
33.30	217.24
1.45	118.34
1.10
1.09
1.08
0.88
0.73
0.87
0.81
0.88
0.81
0.74
0.79
0.46
0.35
0.51
0.43
0.49
0.40
0.68
0.44
1.80
0.65
0.56
0.59
1.19
1.26
1.57
1.27
0.60
0.55
0.44
0.42
0.32	99.07
0.38
0.28
0.38
0.79
0.67
0.67
0.45
0.13
0.13
0.15
0.13
0.12
0.12
0.12
0.12
0.17
0.30
0.19
0.18
0.14
0.14
0.14
0.14
0.14
0.16
0.14
0.14
0.13
0.13
0.13
0.13
CorWatt	PkgWatt
36.38	215.04
0.57	118.60
0.39
0.52
0.50
0.85
0.66
0.53
0.99
0.99
0.81
1.04
0.73
1.13
1.21
1.15
1.32
1.43
1.04
0.94
0.82
1.00
0.75
0.79
0.74
0.76
0.96
0.86
0.97
0.99
0.91
0.87
0.86
0.35	96.34
0.38
0.46
0.45
0.32
0.42
0.57
0.38
0.21
0.18
0.20
0.18
0.15
0.15
0.15
0.15
0.17
0.17
0.18
0.17
0.43
0.32
0.32
0.37
0.18
0.21
0.21
0.19
0.15
0.16
0.16
0.16
CorWatt	PkgWatt
32.96	221.79
2.66	115.82
2.99
2.66
2.53
0.44
0.38
0.33
0.27
0.23
0.22
0.27
0.21
0.25
0.82
0.25
0.25
0.37
0.50
0.37
0.33
0.48
0.25
0.24
0.23
0.24
0.53
0.42
0.29
0.67
0.34
0.33
1.02
0.15	105.90
0.15
0.15
0.15
0.24
0.35
0.25
0.24
0.56
0.80
0.69
0.95
0.14
0.14
0.14
0.14
0.48
0.79
0.46
0.66
0.44
0.52
0.36
0.46
0.26
0.65
0.38
0.30
0.14
0.14
0.14
0.15
CorWatt	PkgWatt
33.66	222.28
1.24	117.98
1.12
1.10
1.33
0.57
0.55
0.52
0.50
0.43
0.61
0.49
0.51
0.95
0.96
0.77
0.85
0.37
0.41
0.27
0.25
1.62
1.09
1.17
1.09
0.48
0.47
0.49
0.42
0.65
0.49
0.42
1.21
0.15	104.39
0.15
0.15
0.15
0.24
0.25
0.30
0.25
0.79
0.43
0.48
0.49
0.14
0.13
0.13
0.13
0.36
0.48
0.58
0.52
0.27
0.28
0.25
0.45
0.53
0.51
0.49
0.63
0.14
0.14
0.14
0.15
CorWatt	PkgWatt
33.15	214.59
1.48	114.99
1.67
1.28
1.17
0.63
0.74
0.51
0.66
0.50
0.32
0.28
0.49
0.97
0.80
0.82
1.21
0.33
0.25
0.25
0.53
1.01
1.02
0.89
0.86
0.86
0.82
0.70
0.75
0.48
0.42
0.45
0.80
0.16	99.57
0.15
0.15
0.15
0.17
0.17
0.17
0.26
0.24
0.23
0.31
0.30
0.14
0.14
0.14
0.14
0.19
0.19
0.19
0.23
0.39
0.46
0.45
0.46
0.97
0.83
0.53
0.68
0.14
0.14
0.14
0.15
CorWatt	PkgWatt
34.35	222.44
1.44	117.18
1.07
0.98
1.04
0.53
0.61
0.56
0.41
0.89
0.87
0.71
0.78
0.36
0.32
0.33
0.63
0.31
0.23
0.26
0.23
0.88
0.74
0.67
0.63
1.13
1.18
1.27
1.14
0.67
0.50
0.45
0.43
0.16	105.21
0.16
0.16
0.16
0.32
0.61
0.30
0.28
0.30
0.67
0.59
0.58
0.15
0.15
0.15
0.15
0.28
0.24
0.24
0.38
0.59
0.42
0.40
0.67
0.84
1.19
0.56
0.79
0.15
0.15
0.15
0.16
CorWatt	PkgWatt
34.94	218.90
1.28	114.08
1.20
1.12
0.94
0.96
0.50
0.59
0.59
0.52
0.36
0.33
0.47
0.91
0.89
0.64
0.68
0.63
0.50
0.61
0.33
0.62
0.62
0.53
0.43
0.87
1.23
1.17
1.20
0.27
0.62
0.34
0.29
0.35	104.88
0.20
0.20
0.19
0.22
0.19
0.21
0.20
1.40
1.09
1.23
1.03
0.26
0.23
0.24
0.23
0.26
0.25
0.23
0.22
0.20
0.19
0.20
0.25
0.77
0.52
1.10
0.42
0.16
0.15
0.15
0.17
CorWatt	PkgWatt
33.39	220.66
2.54	116.61
1.64
1.74
1.83
0.62
0.68
0.77
0.75
1.04
0.79
0.73
0.63
0.28
0.21
0.21
0.24
1.13
0.96
1.25
0.90
0.22
0.21
0.20
0.20
0.23
0.25
0.25
0.25
0.55
0.46
0.64
0.63
0.18	104.00
0.18
0.17
0.17
0.17
0.17
0.17
0.17
0.42
0.37
0.48
0.37
0.59
0.70
0.69
0.77
0.17
0.18
0.16
0.17
0.18
0.18
0.20
0.18
0.39
0.48
0.68
1.01
0.16
0.15
0.15
0.16
CorWatt	PkgWatt
10.64	166.22
0.13	80.49
0.12
0.12
0.11
0.12
0.11
0.14
0.12
0.12
0.30
0.10
0.11
0.10
0.10
0.10
0.10
0.11
0.11
0.11
0.11
0.12
0.11
0.11
0.11
0.10
0.11
0.10
0.11
0.10
0.10
0.10
0.11
0.18	85.80
0.18
0.17
0.17
0.18
0.17
0.17
0.18
0.16
0.17
0.16
0.16
0.17
0.15
0.17
0.15
0.17
0.17
0.17
0.21
0.17
0.19
0.19
0.17
0.34
0.35
0.35
1.11
0.16
0.17
0.15
0.16
CorWatt	PkgWatt
9.74	160.82
0.12	77.58
0.11
0.11
0.11
0.11
0.11
0.11
0.13
0.10
0.09
0.09
0.09
0.09
0.09
0.09
0.09
0.11
0.11
0.11
0.11
0.12
0.10
0.10
0.10
0.10
0.10
0.10
0.10
0.09
0.09
0.09
0.09
0.16	83.27
0.16
0.16
0.16
0.16
0.16
0.16
0.16
0.15
0.16
0.15
0.15
0.16
0.15
0.17
0.15
0.16
0.16
0.16
0.16
0.16
0.16
0.16
0.16
0.33
0.35
0.33
1.11
0.16
0.15
0.15
0.15
CorWatt	PkgWatt
9.74	160.90
0.12	77.60
0.11
0.11
0.11
0.11
0.10
0.11
0.13
0.10
0.09
0.16
0.09
0.09
0.09
0.09
0.09
0.10
0.10
0.11
0.10
0.11
0.10
0.10
0.10
0.10
0.10
0.09
0.10
0.09
0.09
0.09
0.09
0.16	83.26
0.16
0.16
0.16
0.16
0.16
0.16
0.16
0.15
0.16
0.15
0.15
0.15
0.15
0.17
0.15
0.16
0.16
0.16
0.16
0.16
0.16
0.16
0.16
0.33
0.35
0.33
1.11
0.15
0.14
0.14
0.15
CorWatt	PkgWatt
9.43	160.28
0.11	77.22
0.10
0.10
0.10
0.10
0.10
0.10
0.12
0.10
0.09
0.09
0.09
0.09
0.09
0.09
0.09
0.10
0.10
0.10
0.10
0.11
0.10
0.09
0.09
0.09
0.09
0.09
0.09
0.09
0.09
0.09
0.09
0.15	83.03
0.15
0.16
0.15
0.16
0.16
0.16
0.16
0.15
0.16
0.15
0.15
0.15
0.15
0.16
0.15
0.16
0.16
0.16
0.16
0.16
0.16
0.16
0.16
0.33
0.35
1.09
0.34
0.15
0.14
0.14
0.14
CorWatt	PkgWatt
9.66	160.65
0.12	77.44
0.11
0.11
0.11
0.11
0.10
0.11
0.13
0.10
0.09
0.09
0.09
0.09
0.09
0.09
0.09
0.10
0.10
0.10
0.10
0.11
0.10
0.10
0.10
0.10
0.09
0.09
0.09
0.09
0.09
0.09
0.09
0.16	83.25
0.16
0.16
0.16
0.16
0.16
0.16
0.16
0.15
0.16
0.15
0.15
0.15
0.15
0.17
0.15
0.16
0.16
0.16
0.16
0.16
0.16
0.16
0.16
0.33
0.35
1.07
0.38
0.15
0.15
0.15
0.15
CorWatt	PkgWatt
9.52	160.48
0.11	77.25
0.10
0.10
0.10
0.10
0.10
0.10
0.12
0.10
0.09
0.09
0.09
0.09
0.09
0.09
0.09
0.10
0.10
0.10
0.09
0.11
0.10
0.10
0.10
0.10
0.09
0.09
0.09
0.09
0.09
0.09
0.09
0.16	83.21
0.16
0.16
0.16
0.16
0.16
0.16
0.16
0.15
0.17
0.15
0.15
0.16
0.15
0.17
0.15
0.16
0.16
0.16
0.16
0.16
0.16
0.16
0.16
0.33
0.35
0.33
1.11
0.15
0.14
0.14
0.15
CorWatt	PkgWatt
9.41	160.25
0.11	77.08
0.10
0.10
0.10
0.10
0.10
0.10
0.12
0.10
0.09
0.09
0.09
0.08
0.08
0.08
0.08
0.09
0.09
0.10
0.09
0.10
0.09
0.09
0.09
0.09
0.09
0.09
0.09
0.09
0.09
0.09
0.09
0.15	83.13
0.15
0.16
0.15
0.16
0.16
0.16
0.16
0.15
0.16
0.14
0.14
0.15
0.15
0.16
0.15
0.16
0.16
0.15
0.16
0.16
0.16
0.16
0.16
0.33
0.35
0.33
1.13
0.15
0.14
0.14
0.15
CorWatt	PkgWatt
9.61	160.35
0.12	77.29
0.11
0.11
0.10
0.10
0.10
0.11
0.12
0.10
0.09
0.09
0.09
0.09
0.09
0.09
0.09
0.10
0.10
0.10
0.10
0.11
0.10
0.10
0.10
0.10
0.09
0.09
0.09
0.09
0.09
0.09
0.09
0.16	83.14
0.15
0.16
0.15
0.16
0.16
0.16
0.16
0.15
0.16
0.15
0.15
0.15
0.15
0.17
0.15
0.16
0.16
0.15
0.16
0.16
0.16
0.16
0.16
0.34
0.36
0.34
1.14
0.15
0.14
0.14
0.15
CorWatt	PkgWatt
9.65	160.69
0.11	77.29
0.11
0.10
0.10
0.10
0.10
0.11
0.12
0.10
0.09
0.09
0.09
0.09
0.09
0.09
0.09
0.10
0.10
0.10
0.10
0.11
0.10
0.10
0.10
0.09
0.09
0.09
0.09
0.09
0.09
0.09
0.09
0.16	83.33
0.16
0.16
0.16
0.16
0.16
0.16
0.16
0.15
0.16
0.15
0.15
0.15
0.15
0.17
0.15
0.16
0.16
0.16
0.16
0.16
0.16
0.16
0.16
0.34
0.36
0.35
1.14
0.15
0.15
0.15
0.15
CorWatt	PkgWatt
9.52	160.34
0.11	77.21
0.10
0.10
0.10
0.10
0.10
0.10
0.12
0.10
0.09
0.09
0.09
0.09
0.09
0.09
0.09
0.09
0.09
0.10
0.09
0.11
0.09
0.09
0.09
0.09
0.09
0.09
0.09
0.09
0.09
0.09
0.09
0.16	83.19
0.15
0.16
0.15
0.16
0.16
0.16
0.16
0.15
0.16
0.15
0.15
0.15
0.15
0.16
0.15
0.16
0.16
0.15
0.16
0.16
0.16
0.16
0.16
0.34
0.36
0.34
1.15
0.15
0.14
0.14
0.15
CorWatt	PkgWatt
19.54	199.18
0.35	98.16
0.29
0.25
0.34
0.18
0.30
0.34
0.27
0.31
0.38
0.59
0.29
0.17
0.43
0.38
0.16
0.22
0.33
0.33
0.17
0.25
0.28
0.32
0.26
0.17
0.34
0.37
0.23
0.20
0.21
0.37
0.25
0.38	101.22
0.36
0.24
0.25
0.33
0.29
0.21
0.22
0.21
0.32
0.23
0.22
0.38
0.48
0.23
0.22
0.28
0.24
0.22
0.30
0.22
0.26
0.27
0.22
0.87
0.38
0.55
0.62
0.25
0.31
0.35
0.32
