CorWatt	PkgWatt
15.56	128.14
0.56	128.15
0.47
0.50
0.47
0.51
0.55
0.52
0.52
0.48
0.45
0.43
0.41
0.63
0.54
0.60
0.56
0.50
0.48
0.46
0.49
0.40
0.41
0.40
0.40
0.39
0.39
0.46
0.40
0.54
0.56
0.56
0.52
CorWatt	PkgWatt
14.77	127.31
0.55	127.28
0.44
0.48
0.45
0.53
0.51
0.49
0.50
0.42
0.46
0.45
0.38
0.52
0.53
0.59
0.53
0.50
0.46
0.45
0.47
0.40
0.38
0.39
0.38
0.36
0.36
0.39
0.35
0.52
0.51
0.52
0.50
CorWatt	PkgWatt
67.49	181.66
0.97	181.76
2.14
2.18
2.17
2.19
2.25
2.19
2.16
2.10
3.70
2.10
2.04
2.30
2.25
2.27
2.24
2.19
2.14
1.95
1.98
2.06
2.02
1.86
1.81
2.03
2.00
1.84
1.87
2.21
2.21
2.06
2.03
