CorWatt	PkgWatt
15.76	129.08
0.55	129.09
0.46
0.48
0.46
0.55
0.52
0.53
0.53
0.54
0.47
0.41
0.45
0.56
0.57
0.55
0.56
0.49
0.50
0.53
0.58
0.44
0.44
0.44
0.42
0.38
0.40
0.39
0.37
0.57
0.53
0.56
0.55
CorWatt	PkgWatt
15.23	128.27
0.52	128.70
0.45
0.48
0.45
0.52
0.52
0.55
0.54
0.42
0.46
0.39
0.40
0.57
0.54
0.53
0.54
0.48
0.50
0.48
0.57
0.41
0.43
0.45
0.41
0.37
0.38
0.38
0.37
0.56
0.52
0.54
0.53
CorWatt	PkgWatt
71.01	186.10
0.91	185.59
2.22
2.27
2.27
2.39
2.36
2.39
2.32
2.22
2.18
2.18
2.16
2.37
2.33
3.85
2.36
2.24
2.24
2.09
2.12
2.15
2.16
1.96
1.92
2.13
2.09
1.93
1.94
2.34
2.31
2.15
2.33
