CorWatt	PkgWatt
15.20	127.31
0.53	127.33
0.46
0.56
0.43
0.51
0.54
0.49
0.50
0.46
0.51
0.44
0.44
0.50
0.53
0.50
0.56
0.51
0.48
0.49
0.50
0.41
0.47
0.43
0.48
0.35
0.35
0.39
0.35
0.51
0.51
0.51
0.50
CorWatt	PkgWatt
14.65	126.51
0.52	126.99
0.46
0.54
0.44
0.49
0.49
0.49
0.48
0.42
0.47
0.37
0.38
0.50
0.50
0.50
0.53
0.46
0.47
0.48
0.46
0.39
0.40
0.44
0.48
0.36
0.37
0.38
0.36
0.51
0.52
0.52
0.50
CorWatt	PkgWatt
17.45	130.01
0.59	129.54
0.50
0.65
0.52
0.69
0.65
0.58
0.60
0.47
0.51
0.40
0.56
0.60
0.70
0.59
0.60
0.58
0.54
0.54
0.55
0.46
0.49
0.51
0.49
0.41
0.48
0.49
0.41
0.52
0.54
0.65
0.54
CorWatt	PkgWatt
15.15	127.25
0.52	127.17
0.44
0.50
0.46
0.51
0.53
0.51
0.52
0.40
0.46
0.38
0.39
0.52
0.56
0.54
0.53
0.50
0.54
0.54
0.49
0.39
0.46
0.45
0.45
0.36
0.41
0.37
0.36
0.52
0.52
0.52
0.51
