CorWatt	PkgWatt
15.11	126.94
0.52	126.94
0.48
0.53
0.46
0.50
0.53
0.53
0.50
0.38
0.48
0.40
0.40
0.50
0.51
0.56
0.62
0.48
0.46
0.45
0.47
0.46
0.41
0.42
0.43
0.36
0.36
0.36
0.36
0.55
0.52
0.53
0.59
CorWatt	PkgWatt
14.64	126.27
0.53	126.39
0.45
0.48
0.44
0.50
0.50
0.52
0.50
0.39
0.44
0.39
0.38
0.50
0.52
0.56
0.52
0.49
0.47
0.47
0.47
0.39
0.40
0.40
0.43
0.36
0.36
0.37
0.36
0.51
0.51
0.52
0.54
CorWatt	PkgWatt
62.82	175.37
0.99	175.32
2.00
2.03
1.98
2.22
3.50
2.05
2.07
2.01
1.98
1.94
1.93
2.08
2.07
2.06
2.09
1.89
1.89
1.72
1.82
1.90
1.86
1.69
1.73
1.88
1.87
1.71
1.77
2.11
2.07
1.91
1.99
CorWatt	PkgWatt
47.00	160.47
0.67	160.42
1.53
1.54
1.52
1.58
2.28
1.56
1.53
1.48
1.51
1.46
1.45
1.63
1.58
1.61
1.58
1.50
1.48
1.38
1.39
1.44
1.42
1.28
1.26
1.39
1.39
1.27
1.25
1.59
1.59
1.44
1.42
