CorWatt	PkgWatt
144.27	358.30
2.30	180.81
2.32
2.34
2.32
2.30
2.31
2.30
2.35
2.25
2.18
2.14
2.27
2.19
2.30
2.18
2.26
2.28
2.34
2.31
2.27
2.36
2.36
2.35
2.30
2.27
2.23
2.36
2.32
2.23
2.22
2.22
2.29
2.32	181.09
2.29
2.27
2.29
2.28
2.31
2.30
2.22
2.29
2.27
2.25
2.22
2.24
2.21
2.24
2.30
2.24
2.23
2.28
2.26
2.29
2.30
2.34
2.30
2.20
2.24
2.21
2.27
2.29
2.27
2.21
2.26
CorWatt	PkgWatt
145.84	362.28
2.32	180.82
2.29
2.26
2.32
2.32
2.30
2.30
2.33
2.21
2.22
2.13
2.23
2.25
2.25
2.25
2.26
2.30
2.31
2.38
2.33
2.39
2.37
2.35
2.32
2.27
2.21
2.32
2.35
2.24
2.25
2.31
2.27
2.36	181.26
2.28
2.31
2.31
2.31
2.35
2.31
2.26
2.28
2.26
2.25
2.26
2.24
2.20
2.25
2.29
2.20
2.22
2.22
2.30
2.31
2.31
2.31
2.30
2.19
2.20
2.25
2.20
2.28
2.27
2.20
2.24
CorWatt	PkgWatt
145.19	357.83
2.22	178.25
2.26
2.28
2.20
2.32
2.28
2.27
2.21
2.10
2.17
2.16
2.17
2.18
2.12
2.19
2.14
2.24
2.26
2.30
2.22
2.08
2.06
2.05
2.06
2.21
2.15
2.27
2.26
2.12
2.16
2.17
2.16
2.40	185.26
2.40
2.34
2.34
2.39
2.46
2.39
2.35
2.35
2.38
2.35
2.32
2.43
2.36
2.34
2.40
2.34
2.34
2.33
2.38
2.48
2.39
2.39
2.47
2.36
2.31
2.41
2.36
2.37
2.35
2.29
2.33
CorWatt	PkgWatt
144.65	359.69
2.18	175.70
2.11
2.24
2.04
2.24
2.24
2.15
2.18
2.14
2.00
2.03
2.03
2.12
2.12
2.08
2.14
2.11
2.26
2.29
2.19
1.96
1.96
1.93
1.92
2.08
2.19
2.29
2.18
2.23
2.14
2.22
2.17
2.41	187.67
2.42
2.36
2.49
2.45
2.43
2.49
2.41
2.38
2.40
2.44
2.38
2.49
2.35
2.38
2.37
2.45
2.34
2.44
2.46
2.47
2.41
2.42
2.46
2.39
2.34
2.41
2.38
2.42
2.38
2.46
2.38
