CorWatt	PkgWatt
157.04	379.71
2.48	188.76
2.50
2.46
2.44
2.52
2.49
2.48
2.47
2.41
2.43
2.37
2.41
2.43
2.42
2.41
2.43
2.45
2.46
2.53
2.49
2.51
2.51
2.53
2.48
2.46
2.45
2.47
2.49
2.41
2.44
2.43
2.44
2.44	187.99
2.45
2.47
2.47
2.42
2.45
2.46
2.45
2.43
2.39
2.41
2.41
2.43
2.44
2.43
2.42
2.43
2.40
2.43
2.42
2.47
2.47
2.47
2.43
2.39
2.41
2.40
2.39
2.40
2.43
2.39
2.40
CorWatt	PkgWatt
157.09	372.79
2.49	186.41
2.49
2.48
2.49
2.47
2.49
2.50
2.44
2.43
2.41
2.40
2.41
2.41
2.41
2.44
2.43
2.45
2.50
2.51
2.49
2.51
2.50
2.50
2.50
2.46
2.47
2.48
2.50
2.46
2.47
2.44
2.44
2.45	185.88
2.45
2.43
2.45
2.43
2.49
2.45
2.44
2.41
2.42
2.44
2.42
2.45
2.46
2.45
2.42
2.40
2.43
2.40
2.41
2.48
2.45
2.46
2.44
2.38
2.43
2.44
2.42
2.44
2.40
2.41
2.40
CorWatt	PkgWatt
156.30	365.37
2.52	188.53
2.54
2.54
2.50
2.70
2.55
2.53
2.53
2.45
2.48
2.41
2.44
2.47
2.44
2.44
2.47
2.53
2.53
2.58
2.52
2.57
2.56
2.62
2.54
2.53
2.53
2.56
2.51
2.45
2.50
2.51
2.50
2.50	186.68
2.47
2.46
2.50
2.48
2.48
2.48
2.48
2.42
2.43
2.44
2.42
2.47
2.46
2.43
2.45
2.44
2.42
2.41
2.41
2.50
2.49
2.50
2.48
2.44
2.45
2.46
2.46
2.43
2.48
2.46
2.45
CorWatt	PkgWatt
157.62	373.19
2.52	186.72
2.53
2.54
2.47
2.50
2.48
2.51
2.45
2.43
2.40
2.40
2.45
2.43
2.44
2.42
2.39
2.51
2.48
2.53
2.46
2.53
2.51
2.55
2.51
2.48
2.47
2.50
2.49
2.45
2.49
2.43
2.44
2.46	186.60
2.46
2.46
2.49
2.45
2.50
2.47
2.45
2.44
2.42
2.45
2.41
2.47
2.45
2.45
2.44
2.41
2.40
2.41
2.44
2.47
2.45
2.48
2.49
2.40
2.43
2.41
2.44
2.44
2.45
2.43
2.44
CorWatt	PkgWatt
156.32	370.30
2.46	185.83
2.53
2.50
2.48
2.47
2.45
2.47
2.45
2.39
2.45
2.40
2.43
2.40
2.41
2.40
2.41
2.47
2.50
2.51
2.42
2.52
2.54
2.54
2.50
2.46
2.45
2.46
2.47
2.38
2.42
2.46
2.44
2.42	184.77
2.43
2.45
2.43
2.48
2.44
2.45
2.48
2.37
2.38
2.41
2.38
2.43
2.40
2.41
2.41
2.39
2.41
2.37
2.40
2.45
2.45
2.45
2.45
2.40
2.41
2.39
2.42
2.39
2.43
2.42
2.40
CorWatt	PkgWatt
154.67	365.10
2.49	186.88
2.52
2.53
2.47
2.51
2.47
2.50
2.50
2.41
2.43
2.37
2.44
2.43
2.45
2.43
2.43
2.48
2.48
2.54
2.52
2.51
2.56
2.53
2.54
2.50
2.50
2.49
2.49
2.48
2.46
2.48
2.45
2.45	187.26
2.52
2.47
2.46
2.48
2.45
2.47
2.48
2.41
2.44
2.45
2.42
2.43
2.48
2.43
2.41
2.43
2.40
2.40
2.46
2.46
2.47
2.48
2.47
2.38
2.44
2.44
2.43
2.44
2.45
2.44
2.43
