CorWatt	PkgWatt
5.01	154.60
0.08	76.03
0.08
0.08
0.08
0.08
0.08
0.08
0.08
0.07
0.07
0.07
0.07
0.07
0.07
0.07
0.07
0.08
0.08
0.08
0.08
0.09
0.08
0.08
0.08
0.08
0.08
0.08
0.08
0.07
0.07
0.07
0.07
0.08	78.49
0.08
0.08
0.09
0.10
0.09
0.08
0.08
0.08
0.07
0.07
0.07
0.07
0.07
0.07
0.07
0.12
0.08
0.08
0.09
0.09
0.10
0.09
0.09
0.08
0.09
0.09
0.09
0.07
0.07
0.07
0.07
CorWatt	PkgWatt
5.01	152.09
0.08	75.87
0.09
0.08
0.08
0.09
0.08
0.08
0.08
0.07
0.07
0.14
0.08
0.07
0.06
0.06
0.08
0.08
0.08
0.08
0.09
0.09
0.10
0.08
0.08
0.09
0.08
0.08
0.09
0.06
0.07
0.07
0.06
0.08	76.27
0.07
0.08
0.08
0.08
0.08
0.08
0.08
0.08
0.07
0.07
0.07
0.07
0.07
0.07
0.07
0.08
0.08
0.07
0.08
0.08
0.08
0.09
0.08
0.08
0.08
0.08
0.08
0.07
0.07
0.07
0.07
CorWatt	PkgWatt
12.90	173.12
0.35	92.37
0.23
0.24
0.29
0.27
0.25
0.27
0.20
0.20
0.19
0.21
0.23
0.29
2.04
0.22
0.22
0.24
0.20
0.25
0.25
0.29
0.25
0.20
0.22
0.38
0.27
0.24
0.29
0.18
0.21
0.29
0.23
0.10	81.20
0.09
0.09
0.10
0.11
0.10
0.10
0.10
0.14
0.11
0.09
0.09
0.09
0.09
0.08
0.09
0.12
0.10
0.09
0.10
0.10
0.11
0.11
0.10
0.13
0.13
0.12
0.10
0.09
0.09
0.09
0.09
