CorWatt	PkgWatt
15.22	128.78
0.51	127.14
0.50
0.55
0.48
0.54
0.51
0.49
0.49
0.41
0.45
0.37
0.39
0.53
0.52
0.51
0.54
0.48
0.51
0.49
0.51
0.47
0.52
0.41
0.43
0.35
0.35
0.37
0.40
0.51
0.51
0.51
0.50
CorWatt	PkgWatt
15.04	126.80
0.50	127.11
0.48
0.53
0.48
0.51
0.50
0.50
0.49
0.42
0.44
0.37
0.38
0.54
0.52
0.51
0.51
0.53
0.53
0.52
0.52
0.45
0.45
0.40
0.45
0.40
0.35
0.38
0.37
0.52
0.52
0.52
0.50
CorWatt	PkgWatt
21.40	132.99
0.70	132.68
0.59
0.95
0.67
0.65
0.67
0.75
0.60
0.60
0.56
0.50
0.60
0.65
2.37
0.61
0.66
0.62
0.64
0.60
0.61
0.68
0.58
0.59
0.57
0.49
0.47
0.44
0.45
0.63
0.64
0.62
0.62
CorWatt	PkgWatt
16.86	128.47
0.56	128.46
0.51
0.55
0.55
0.53
0.49
0.57
0.49
0.65
0.67
0.65
1.12
0.53
0.63
0.49
0.51
0.46
0.49
0.46
0.46
0.56
0.44
0.46
0.41
0.38
0.38
0.37
0.37
0.54
0.53
0.52
0.56
CorWatt	PkgWatt
16.32	128.02
0.56	128.00
0.44
0.55
0.46
0.49
0.50
0.50
0.48
0.72
0.67
0.61
1.11
0.51
0.62
0.49
0.52
0.47
0.50
0.46
0.46
0.47
0.47
0.44
0.40
0.35
0.35
0.35
0.35
0.51
0.51
0.50
0.50
CorWatt	PkgWatt
16.80	128.41
0.55	128.41
0.46
0.56
0.46
0.53
0.54
0.53
0.52
1.20
0.68
0.63
0.62
0.53
0.62
0.53
0.55
0.47
0.51
0.46
0.48
0.50
0.44
0.44
0.41
0.37
0.36
0.37
0.37
0.54
0.52
0.53
0.51
CorWatt	PkgWatt
16.19	128.05
0.51	128.05
0.46
0.55
0.44
0.48
0.49
0.49
0.48
1.21
0.67
0.61
0.62
0.53
0.65
0.49
0.51
0.45
0.49
0.45
0.45
0.47
0.45
0.44
0.39
0.35
0.35
0.35
0.35
0.51
0.50
0.50
0.50
CorWatt	PkgWatt
16.39	128.24
0.51	128.24
0.44
0.54
0.44
0.51
0.48
0.49
0.48
1.29
0.81
0.59
0.59
0.51
0.62
0.49
0.51
0.50
0.48
0.45
0.49
0.46
0.46
0.43
0.39
0.35
0.35
0.35
0.35
0.51
0.51
0.50
0.49
CorWatt	PkgWatt
17.28	129.80
0.53	129.79
0.43
0.54
0.42
0.49
0.49
0.48
0.48
3.15
0.45
0.38
0.38
0.51
0.61
0.49
0.50
0.45
0.48
0.44
0.46
0.45
0.43
0.43
0.39
0.35
0.35
0.35
0.35
0.50
0.51
0.50
0.50
CorWatt	PkgWatt
17.75	130.05
0.54	130.06
0.46
0.53
0.45
0.50
0.50
0.50
0.49
3.15
0.46
0.42
0.41
0.56
0.64
0.55
0.52
0.45
0.49
0.46
0.46
0.45
0.43
0.43
0.39
0.38
0.36
0.37
0.37
0.51
0.51
0.50
0.51
CorWatt	PkgWatt
17.79	130.19
0.58	130.19
0.47
0.57
0.48
0.48
0.49
0.48
0.47
3.15
0.47
0.41
0.40
0.51
0.62
0.49
0.51
0.48
0.51
0.48
0.53
0.48
0.46
0.43
0.39
0.35
0.35
0.36
0.36
0.51
0.51
0.50
0.51
CorWatt	PkgWatt
17.25	129.74
0.53	129.73
0.43
0.52
0.43
0.48
0.48
0.48
0.47
3.15
0.44
0.38
0.39
0.51
0.61
0.49
0.50
0.45
0.48
0.44
0.46
0.46
0.44
0.42
0.39
0.35
0.35
0.36
0.36
0.52
0.51
0.50
0.49
CorWatt	PkgWatt
17.37	129.82
0.53	129.82
0.44
0.51
0.43
0.48
0.49
0.49
0.47
3.15
0.46
0.38
0.40
0.51
0.62
0.49
0.50
0.45
0.49
0.44
0.50
0.45
0.44
0.43
0.40
0.35
0.35
0.35
0.35
0.51
0.50
0.51
0.50
CorWatt	PkgWatt
17.95	130.20
0.55	130.21
0.48
0.52
0.48
0.49
0.49
0.52
0.48
3.13
0.45
0.44
0.39
0.52
0.60
0.49
0.51
0.48
0.48
0.47
0.52
0.45
0.43
0.44
0.40
0.39
0.39
0.39
0.37
0.53
0.54
0.54
0.57
CorWatt	PkgWatt
17.36	130.03
0.53	130.02
0.46
0.53
0.45
0.48
0.50
0.50
0.47
3.15
0.44
0.38
0.38
0.51
0.61
0.50
0.51
0.45
0.46
0.44
0.46
0.46
0.44
0.43
0.38
0.35
0.36
0.36
0.35
0.51
0.51
0.50
0.51
CorWatt	PkgWatt
17.48	129.87
0.53	129.87
0.45
0.51
0.45
0.50
0.49
0.48
0.47
3.15
0.44
0.38
0.39
0.51
0.59
0.49
0.51
0.46
0.45
0.46
0.50
0.47
0.44
0.44
0.39
0.36
0.35
0.36
0.35
0.51
0.53
0.51
0.55
CorWatt	PkgWatt
17.29	129.76
0.52	129.75
0.46
0.51
0.43
0.50
0.49
0.49
0.47
3.15
0.44
0.40
0.39
0.51
0.61
0.49
0.51
0.45
0.46
0.44
0.46
0.44
0.43
0.44
0.39
0.35
0.36
0.35
0.35
0.51
0.50
0.50
0.50
CorWatt	PkgWatt
17.54	130.00
0.55	130.00
0.47
0.53
0.45
0.49
0.49
0.52
0.49
3.15
0.45
0.38
0.39
0.51
0.61
0.49
0.51
0.44
0.48
0.45
0.47
0.46
0.47
0.44
0.40
0.36
0.35
0.36
0.35
0.51
0.51
0.50
0.50
CorWatt	PkgWatt
17.37	130.05
0.56	130.06
0.45
0.51
0.42
0.48
0.49
0.50
0.47
3.15
0.45
0.39
0.39
0.51
0.60
0.49
0.51
0.46
0.46
0.44
0.45
0.44
0.47
0.41
0.38
0.36
0.37
0.37
0.36
0.51
0.51
0.50
0.50
CorWatt	PkgWatt
17.17	129.65
0.55	129.64
0.44
0.52
0.42
0.48
0.49
0.50
0.47
2.97
0.45
0.37
0.39
0.52
0.62
0.50
0.51
0.49
0.47
0.45
0.45
0.45
0.44
0.41
0.38
0.35
0.35
0.35
0.35
0.51
0.53
0.50
0.49
CorWatt	PkgWatt
18.19	129.80
0.57	129.82
0.52
0.54
0.53
0.52
0.55
0.58
0.52
0.50
0.50
0.44
0.47
0.60
0.65
0.59
0.59
1.07
0.52
0.50
0.51
1.10
0.66
0.64
0.63
0.40
0.43
0.43
0.41
0.56
0.55
0.55
0.55
CorWatt	PkgWatt
16.87	128.63
0.53	128.61
0.45
0.47
0.48
0.49
0.50
0.50
0.52
0.40
0.43
0.38
0.39
0.52
0.53
0.50
0.53
0.56
0.48
0.45
0.48
0.80
1.45
0.78
0.77
0.36
0.36
0.36
0.35
0.51
0.51
0.51
0.50
CorWatt	PkgWatt
16.80	128.51
0.53	128.51
0.47
0.49
0.49
0.48
0.48
0.50
0.47
0.38
0.43
0.38
0.39
0.51
0.53
0.52
0.52
0.58
0.48
0.45
0.49
1.51
0.76
0.77
0.77
0.35
0.36
0.35
0.35
0.50
0.52
0.50
0.50
CorWatt	PkgWatt
16.59	128.37
0.53	128.37
0.46
0.44
0.46
0.48
0.49
0.49
0.47
0.38
0.43
0.42
0.37
0.51
0.51
0.48
0.52
0.57
0.47
0.44
0.48
1.03
1.21
0.77
0.76
0.37
0.35
0.35
0.35
0.51
0.50
0.50
0.49
CorWatt	PkgWatt
16.74	128.39
0.51	128.39
0.46
0.44
0.46
0.48
0.49
0.49
0.47
0.38
0.43
0.38
0.38
0.51
0.52
0.49
0.50
0.58
0.47
0.46
0.51
0.78
1.43
0.78
0.76
0.37
0.37
0.37
0.37
0.53
0.53
0.50
0.53
CorWatt	PkgWatt
16.94	128.76
0.52	128.77
0.48
0.46
0.47
0.49
0.50
0.49
0.48
0.41
0.44
0.39
0.38
0.52
0.52
0.50
0.51
0.57
0.50
0.46
0.51
0.78
1.43
0.77
0.78
0.39
0.36
0.37
0.37
0.52
0.52
0.51
0.50
CorWatt	PkgWatt
18.02	129.64
0.52	129.63
0.44
0.44
0.48
0.48
0.49
0.49
0.47
0.39
0.43
0.38
0.38
0.50
0.52
0.48
0.51
0.58
0.51
0.45
0.49
0.98
2.14
0.98
0.98
0.37
0.39
0.36
0.36
0.52
0.51
0.50
0.51
CorWatt	PkgWatt
19.88	131.31
0.52	131.31
0.44
0.44
0.47
0.48
0.49
0.48
0.48
0.40
0.44
0.38
0.37
0.51
0.51
0.50
0.50
0.57
0.49
0.45
0.49
3.28
1.23
1.23
1.24
0.35
0.35
0.35
0.35
0.52
0.53
0.50
0.50
CorWatt	PkgWatt
19.68	131.42
0.55	131.42
0.47
0.47
0.51
0.49
0.49
0.49
0.48
0.41
0.43
0.37
0.37
0.51
0.51
0.48
0.50
0.57
0.49
0.45
0.48
1.23
3.04
1.23
1.24
0.35
0.35
0.35
0.35
0.51
0.52
0.51
0.50
CorWatt	PkgWatt
19.85	131.39
0.53	131.39
0.45
0.45
0.48
0.50
0.53
0.49
0.49
0.38
0.42
0.37
0.38
0.51
0.51
0.49
0.51
0.58
0.51
0.48
0.49
2.06
2.30
1.23
1.24
0.38
0.35
0.36
0.35
0.51
0.51
0.51
0.50
CorWatt	PkgWatt
19.62	131.20
0.51	131.20
0.46
0.47
0.47
0.51
0.49
0.49
0.48
0.39
0.42
0.37
0.37
0.51
0.51
0.48
0.50
0.57
0.49
0.45
0.52
1.23
3.06
1.23
1.24
0.35
0.35
0.35
0.35
0.51
0.51
0.50
0.50
CorWatt	PkgWatt
19.59	131.18
0.52	131.18
0.44
0.44
0.47
0.49
0.49
0.48
0.47
0.37
0.42
0.39
0.37
0.50
0.51
0.50
0.50
0.57
0.51
0.46
0.48
1.23
1.37
2.91
1.24
0.37
0.35
0.37
0.37
0.51
0.50
0.50
0.49
CorWatt	PkgWatt
19.74	131.38
0.54	131.38
0.45
0.46
0.48
0.49
0.49
0.50
0.48
0.39
0.42
0.38
0.39
0.50
0.51
0.50
0.50
0.57
0.52
0.45
0.49
1.23
3.04
1.23
1.24
0.37
0.36
0.36
0.37
0.51
0.51
0.50
0.50
CorWatt	PkgWatt
20.06	131.55
0.54	131.55
0.49
0.46
0.50
0.50
0.50
0.50
0.49
0.39
0.44
0.43
0.38
0.51
0.51
0.49
0.51
0.57
0.50
0.48
0.49
1.23
2.25
2.01
1.24
0.39
0.39
0.37
0.37
0.54
0.56
0.52
0.54
CorWatt	PkgWatt
19.63	131.13
0.54	131.12
0.45
0.46
0.47
0.49
0.49
0.50
0.48
0.40
0.42
0.38
0.38
0.52
0.50
0.48
0.50
0.58
0.50
0.47
0.49
1.23
1.25
3.02
1.24
0.35
0.35
0.35
0.35
0.51
0.51
0.50
0.50
CorWatt	PkgWatt
19.69	131.18
0.52	131.18
0.46
0.48
0.51
0.49
0.49
0.48
0.48
0.37
0.43
0.38
0.37
0.52
0.51
0.50
0.52
0.57
0.47
0.45
0.49
1.23
1.24
2.90
1.37
0.35
0.35
0.35
0.35
0.53
0.51
0.51
0.49
CorWatt	PkgWatt
19.74	131.42
0.52	131.42
0.48
0.48
0.49
0.48
0.49
0.49
0.47
0.41
0.45
0.38
0.39
0.52
0.53
0.50
0.51
0.58
0.48
0.45
0.47
1.23
1.24
3.04
1.24
0.35
0.35
0.36
0.35
0.51
0.51
0.50
0.50
CorWatt	PkgWatt
19.51	131.13
0.73	131.13
0.52
0.53
0.54
0.56
0.55
0.88
0.55
0.46
0.50
0.44
0.44
0.54
0.54
0.55
0.55
0.64
0.54
0.52
0.57
0.89
0.91
1.82
0.88
0.41
0.40
0.41
0.43
0.56
0.55
0.55
0.55
CorWatt	PkgWatt
16.00	127.85
0.61	127.84
0.52
0.47
0.47
0.72
0.72
0.70
1.24
0.38
0.44
0.38
0.37
0.50
0.51
0.49
0.51
0.46
0.47
0.45
0.46
0.39
0.46
0.45
0.38
0.36
0.35
0.37
0.35
0.51
0.52
0.50
0.50
CorWatt	PkgWatt
16.23	128.01
0.60	128.02
0.53
0.46
0.49
0.74
0.74
0.72
1.15
0.39
0.43
0.42
0.41
0.53
0.55
0.52
0.51
0.45
0.49
0.46
0.47
0.40
0.47
0.44
0.38
0.37
0.35
0.35
0.37
0.50
0.54
0.50
0.50
CorWatt	PkgWatt
15.89	127.79
0.61	127.79
0.52
0.46
0.47
1.08
0.73
0.72
0.81
0.37
0.42
0.37
0.37
0.50
0.51
0.48
0.50
0.46
0.47
0.44
0.50
0.40
0.47
0.44
0.38
0.35
0.35
0.36
0.35
0.50
0.50
0.50
0.50
CorWatt	PkgWatt
16.05	127.79
0.58	127.78
0.50
0.46
0.47
1.14
0.74
0.73
0.75
0.39
0.43
0.38
0.38
0.51
0.51
0.49
0.51
0.46
0.48
0.45
0.47
0.41
0.47
0.44
0.39
0.37
0.36
0.36
0.39
0.51
0.51
0.50
0.50
CorWatt	PkgWatt
16.22	128.27
0.59	128.27
0.52
0.51
0.46
1.48
0.70
0.70
0.72
0.41
0.42
0.37
0.39
0.50
0.51
0.48
0.50
0.44
0.48
0.44
0.46
0.40
0.47
0.45
0.40
0.35
0.35
0.36
0.36
0.50
0.51
0.50
0.50
CorWatt	PkgWatt
18.76	133.13
0.60	133.13
0.50
0.52
0.47
4.42
0.51
0.50
0.51
0.41
0.44
0.42
0.37
0.51
0.50
0.48
0.50
0.45
0.47
0.44
0.47
0.40
0.48
0.38
0.38
0.38
0.37
0.37
0.35
0.54
0.54
0.52
0.54
CorWatt	PkgWatt
18.90	133.38
0.58	133.38
0.51
0.54
0.44
4.43
0.51
0.49
0.52
0.44
0.42
0.37
0.37
0.55
0.57
0.54
0.53
0.45
0.50
0.47
0.49
0.40
0.48
0.40
0.41
0.39
0.38
0.36
0.35
0.50
0.50
0.50
0.50
CorWatt	PkgWatt
18.63	133.00
0.58	132.99
0.49
0.50
0.47
4.43
0.50
0.50
0.51
0.39
0.42
0.38
0.37
0.51
0.54
0.49
0.51
0.47
0.47
0.47
0.48
0.40
0.47
0.39
0.39
0.36
0.35
0.36
0.35
0.51
0.56
0.51
0.50
CorWatt	PkgWatt
18.64	133.04
0.58	133.03
0.51
0.51
0.46
4.43
0.50
0.50
0.53
0.39
0.43
0.39
0.39
0.51
0.55
0.49
0.51
0.50
0.47
0.45
0.48
0.40
0.47
0.39
0.39
0.35
0.35
0.36
0.35
0.51
0.51
0.50
0.51
CorWatt	PkgWatt
18.52	132.93
0.59	132.93
0.50
0.50
0.46
4.43
0.50
0.51
0.52
0.39
0.42
0.37
0.37
0.50
0.53
0.48
0.50
0.44
0.46
0.44
0.46
0.41
0.49
0.40
0.40
0.35
0.36
0.36
0.36
0.50
0.51
0.50
0.49
CorWatt	PkgWatt
19.04	133.54
0.61	133.55
0.52
0.51
0.47
4.43
0.53
0.52
0.55
0.42
0.46
0.41
0.41
0.54
0.57
0.52
0.53
0.45
0.46
0.44
0.46
0.39
0.50
0.39
0.38
0.38
0.38
0.39
0.39
0.51
0.51
0.50
0.50
CorWatt	PkgWatt
18.67	133.07
0.59	133.06
0.50
0.48
0.49
4.43
0.50
0.50
0.52
0.43
0.44
0.38
0.39
0.52
0.53
0.50
0.51
0.45
0.47
0.45
0.46
0.40
0.47
0.38
0.39
0.36
0.35
0.36
0.36
0.51
0.53
0.50
0.49
CorWatt	PkgWatt
18.44	132.91
0.58	132.90
0.49
0.45
0.48
4.43
0.50
0.49
0.52
0.41
0.44
0.37
0.40
0.51
0.53
0.49
0.51
0.44
0.46
0.44
0.46
0.39
0.48
0.39
0.38
0.35
0.35
0.35
0.35
0.50
0.50
0.50
0.50
CorWatt	PkgWatt
18.57	133.17
0.58	133.17
0.50
0.45
0.45
4.43
0.50
0.50
0.55
0.39
0.42
0.38
0.39
0.52
0.56
0.48
0.52
0.45
0.46
0.44
0.46
0.41
0.53
0.39
0.38
0.35
0.35
0.35
0.35
0.51
0.51
0.50
0.50
CorWatt	PkgWatt
18.65	133.05
0.60	133.05
0.50
0.47
0.46
4.43
0.50
0.49
0.52
0.42
0.42
0.38
0.38
0.51
0.56
0.51
0.52
0.50
0.49
0.44
0.46
0.39
0.48
0.39
0.38
0.38
0.35
0.36
0.35
0.51
0.51
0.50
0.50
CorWatt	PkgWatt
18.63	133.12
0.60	133.12
0.48
0.45
0.46
4.43
0.52
0.50
0.51
0.40
0.43
0.42
0.38
0.50
0.52
0.50
0.51
0.47
0.50
0.45
0.46
0.41
0.48
0.38
0.39
0.39
0.35
0.36
0.35
0.51
0.51
0.50
0.50
CorWatt	PkgWatt
18.59	133.04
0.59	133.04
0.50
0.45
0.44
4.43
0.50
0.49
0.51
0.40
0.42
0.39
0.37
0.50
0.51
0.48
0.50
0.46
0.50
0.47
0.48
0.39
0.47
0.41
0.38
0.38
0.35
0.37
0.38
0.52
0.52
0.50
0.52
CorWatt	PkgWatt
18.18	130.17
0.66	130.18
0.55
0.74
0.54
0.92
0.64
0.61
0.91
0.49
0.51
0.44
0.44
0.57
0.58
0.58
0.59
0.50
0.55
0.51
0.52
0.48
0.56
0.50
0.47
0.78
0.43
0.42
0.42
0.58
0.58
0.57
0.56
CorWatt	PkgWatt
16.28	127.97
0.51	127.97
0.44
0.57
0.50
0.75
0.73
0.72
1.23
0.41
0.43
0.37
0.39
0.52
0.51
0.51
0.51
0.46
0.52
0.47
0.49
0.39
0.48
0.43
0.39
0.39
0.37
0.36
0.36
0.53
0.52
0.50
0.52
CorWatt	PkgWatt
16.20	128.02
0.50	128.02
0.44
0.56
0.48
0.84
0.73
0.72
1.15
0.42
0.44
0.38
0.39
0.51
0.51
0.51
0.52
0.47
0.50
0.50
0.46
0.40
0.49
0.40
0.40
0.38
0.35
0.36
0.36
0.52
0.53
0.50
0.50
CorWatt	PkgWatt
16.16	128.13
0.58	128.13
0.45
0.57
0.50
0.75
0.73
0.72
1.22
0.40
0.43
0.38
0.38
0.52
0.50
0.48
0.50
0.47
0.49
0.50
0.48
0.40
0.48
0.39
0.38
0.37
0.36
0.36
0.35
0.51
0.50
0.50
0.50
CorWatt	PkgWatt
16.02	127.90
0.49	127.90
0.43
0.57
0.49
0.96
0.74
0.71
1.02
0.39
0.43
0.37
0.39
0.50
0.50
0.48
0.50
0.46
0.50
0.52
0.47
0.40
0.47
0.38
0.38
0.38
0.35
0.35
0.35
0.51
0.51
0.50
0.49
CorWatt	PkgWatt
16.37	128.26
0.52	128.27
0.47
0.59
0.49
0.73
0.70
0.69
1.62
0.43
0.43
0.37
0.39
0.50
0.50
0.49
0.50
0.45
0.49
0.50
0.47
0.38
0.46
0.39
0.38
0.36
0.35
0.35
0.35
0.51
0.51
0.50
0.50
CorWatt	PkgWatt
17.73	130.00
0.54	129.99
0.44
0.56
0.44
0.63
0.61
0.61
3.18
0.40
0.43
0.37
0.39
0.51
0.51
0.51
0.51
0.46
0.50
0.51
0.46
0.40
0.46
0.38
0.38
0.39
0.36
0.40
0.38
0.51
0.50
0.50
0.50
CorWatt	PkgWatt
17.70	130.24
0.55	130.24
0.43
0.58
0.44
0.65
0.61
0.61
3.15
0.42
0.42
0.38
0.39
0.51
0.50
0.50
0.50
0.47
0.52
0.49
0.46
0.38
0.46
0.39
0.38
0.40
0.37
0.36
0.37
0.51
0.50
0.50
0.50
CorWatt	PkgWatt
17.99	130.28
0.56	130.28
0.44
0.57
0.49
0.64
0.62
0.61
3.15
0.38
0.43
0.42
0.37
0.52
0.50
0.48
0.50
0.46
0.51
0.51
0.50
0.41
0.47
0.40
0.41
0.41
0.39
0.37
0.36
0.53
0.53
0.51
0.54
CorWatt	PkgWatt
17.59	130.05
0.54	130.04
0.43
0.56
0.47
0.64
0.62
0.61
3.15
0.38
0.42
0.37
0.38
0.51
0.50
0.48
0.50
0.47
0.51
0.52
0.48
0.38
0.46
0.39
0.38
0.37
0.35
0.35
0.35
0.51
0.50
0.50
0.50
CorWatt	PkgWatt
17.80	130.19
0.54	130.19
0.44
0.58
0.46
0.64
0.62
0.61
3.18
0.38
0.45
0.40
0.39
0.52
0.50
0.51
0.52
0.45
0.47
0.50
0.49
0.40
0.47
0.38
0.38
0.39
0.35
0.36
0.35
0.53
0.52
0.52
0.50
CorWatt	PkgWatt
17.76	130.31
0.55	130.31
0.45
0.58
0.49
0.64
0.62
0.61
3.14
0.40
0.44
0.38
0.41
0.52
0.52
0.49
0.50
0.46
0.47
0.51
0.51
0.38
0.46
0.39
0.38
0.38
0.35
0.35
0.35
0.51
0.50
0.50
0.51
CorWatt	PkgWatt
17.67	130.05
0.54	130.05
0.45
0.57
0.48
3.15
0.62
0.61
0.69
0.39
0.45
0.39
0.40
0.53
0.51
0.48
0.51
0.45
0.46
0.50
0.49
0.40
0.46
0.38
0.38
0.38
0.35
0.35
0.35
0.50
0.50
0.50
0.49
CorWatt	PkgWatt
17.64	129.92
0.55	129.91
0.45
0.58
0.49
0.68
0.61
0.61
3.14
0.38
0.43
0.37
0.38
0.51
0.50
0.50
0.51
0.47
0.46
0.49
0.49
0.38
0.47
0.38
0.38
0.38
0.35
0.35
0.35
0.51
0.50
0.50
0.50
CorWatt	PkgWatt
17.97	130.16
0.54	130.17
0.45
0.55
0.49
0.63
0.62
0.61
3.18
0.39
0.43
0.41
0.43
0.55
0.54
0.53
0.52
0.46
0.47
0.50
0.50
0.40
0.48
0.38
0.38
0.40
0.35
0.36
0.37
0.51
0.52
0.50
0.50
CorWatt	PkgWatt
17.60	130.13
0.55	130.14
0.45
0.57
0.48
0.64
0.62
0.61
3.15
0.38
0.43
0.37
0.38
0.52
0.50
0.48
0.50
0.44
0.46
0.49
0.51
0.41
0.48
0.38
0.38
0.37
0.35
0.35
0.35
0.50
0.50
0.50
0.50
CorWatt	PkgWatt
17.55	129.72
0.52	129.71
0.43
0.57
0.47
3.13
0.62
0.61
0.70
0.36
0.42
0.37
0.38
0.51
0.50
0.50
0.51
0.45
0.46
0.49
0.49
0.40
0.47
0.38
0.38
0.37
0.35
0.35
0.35
0.50
0.50
0.50
0.49
CorWatt	PkgWatt
17.13	129.20
0.54	129.22
0.46
0.59
0.52
2.25
0.58
0.56
0.65
0.41
0.42
0.37
0.40
0.53
0.50
0.75
0.51
0.44
0.46
0.49
0.49
0.40
0.50
0.42
0.40
0.40
0.36
0.38
0.38
0.51
0.50
0.50
0.50
CorWatt	PkgWatt
17.99	129.46
0.55	129.46
0.50
0.50
0.56
0.54
0.55
0.57
0.58
0.60
1.01
0.77
0.59
0.62
0.55
0.87
0.56
0.51
0.51
0.49
0.56
0.46
0.51
0.44
0.44
0.43
0.45
0.44
0.47
0.59
0.59
0.57
0.60
CorWatt	PkgWatt
16.13	127.96
0.50	127.96
0.45
0.47
0.50
0.49
0.49
0.48
0.55
0.63
1.14
0.70
0.62
0.54
0.50
0.62
0.50
0.44
0.46
0.44
0.49
0.39
0.49
0.40
0.38
0.35
0.35
0.36
0.41
0.51
0.50
0.50
0.50
CorWatt	PkgWatt
16.15	127.98
0.51	127.97
0.44
0.44
0.50
0.48
0.48
0.48
0.54
0.62
0.68
1.20
0.61
0.53
0.50
0.61
0.50
0.47
0.45
0.45
0.51
0.40
0.48
0.38
0.38
0.35
0.35
0.36
0.40
0.52
0.52
0.50
0.50
CorWatt	PkgWatt
16.37	128.06
0.51	128.06
0.45
0.47
0.50
0.50
0.49
0.49
0.54
0.63
0.67
1.22
0.62
0.54
0.51
0.61
0.51
0.47
0.47
0.45
0.51
0.40
0.48
0.39
0.39
0.36
0.35
0.37
0.40
0.51
0.54
0.52
0.51
CorWatt	PkgWatt
16.38	128.08
0.52	128.09
0.44
0.48
0.51
0.49
0.50
0.51
0.48
0.62
0.88
0.69
0.97
0.53
0.51
0.60
0.53
0.49
0.46
0.44
0.50
0.41
0.50
0.40
0.40
0.36
0.37
0.39
0.37
0.52
0.52
0.51
0.50
CorWatt	PkgWatt
17.23	129.47
0.56	129.47
0.46
0.46
0.48
0.49
0.48
0.48
0.48
0.43
0.49
0.41
2.92
0.54
0.50
0.60
0.50
0.53
0.46
0.44
0.48
0.38
0.46
0.38
0.39
0.36
0.36
0.35
0.35
0.51
0.50
0.50
0.50
CorWatt	PkgWatt
17.39	129.88
0.54	129.87
0.44
0.45
0.43
0.49
0.49
0.49
0.47
0.40
0.47
0.38
3.25
0.54
0.50
0.59
0.51
0.52
0.46
0.45
0.48
0.39
0.46
0.38
0.38
0.35
0.35
0.35
0.35
0.51
0.52
0.50
0.49
CorWatt	PkgWatt
17.37	129.85
0.54	129.85
0.43
0.44
0.43
0.48
0.49
0.48
0.48
0.42
0.48
0.40
3.25
0.53
0.50
0.59
0.52
0.48
0.46
0.44
0.48
0.38
0.48
0.38
0.38
0.35
0.35
0.36
0.35
0.52
0.51
0.50
0.50
CorWatt	PkgWatt
17.66	130.25
0.52	130.25
0.43
0.45
0.44
0.49
0.49
0.50
0.51
0.40
0.46
0.40
3.25
0.53
0.53
0.60
0.53
0.50
0.47
0.45
0.49
0.41
0.48
0.40
0.40
0.36
0.36
0.35
0.35
0.51
0.56
0.51
0.50
CorWatt	PkgWatt
17.49	129.91
0.56	129.91
0.44
0.46
0.44
0.48
0.48
0.48
0.48
0.41
0.45
0.38
3.25
0.54
0.53
0.51
0.62
0.53
0.46
0.44
0.48
0.39
0.46
0.38
0.39
0.37
0.35
0.36
0.35
0.51
0.51
0.50
0.50
CorWatt	PkgWatt
17.36	129.90
0.55	129.90
0.42
0.44
0.43
0.48
0.48
0.48
0.47
0.39
0.45
0.43
3.25
0.52
0.51
0.49
0.62
0.50
0.46
0.44
0.50
0.39
0.45
0.38
0.38
0.40
0.36
0.35
0.35
0.51
0.50
0.50
0.49
CorWatt	PkgWatt
17.56	130.02
0.53	130.03
0.44
0.44
0.43
0.48
0.49
0.48
0.48
0.42
0.44
0.39
3.25
0.52
0.51
0.50
0.61
0.51
0.46
0.46
0.52
0.39
0.46
0.39
0.38
0.39
0.35
0.37
0.37
0.53
0.52
0.50
0.52
CorWatt	PkgWatt
17.56	130.17
0.55	130.17
0.45
0.45
0.44
0.50
0.49
0.49
0.47
0.41
0.45
0.38
3.25
0.52
0.51
0.49
0.61
0.50
0.48
0.47
0.50
0.40
0.49
0.40
0.38
0.40
0.35
0.36
0.36
0.51
0.50
0.51
0.50
CorWatt	PkgWatt
17.44	129.96
0.53	129.95
0.42
0.44
0.43
0.48
0.48
0.48
0.49
0.41
0.44
0.38
3.25
0.53
0.50
0.49
0.60
0.50
0.47
0.46
0.49
0.38
0.47
0.38
0.38
0.39
0.37
0.36
0.35
0.53
0.50
0.50
0.52
CorWatt	PkgWatt
17.38	129.88
0.53	129.88
0.42
0.44
0.44
0.48
0.48
0.48
0.47
0.42
0.44
0.38
3.25
0.51
0.50
0.50
0.60
0.50
0.46
0.44
0.50
0.39
0.47
0.39
0.38
0.38
0.35
0.35
0.35
0.51
0.55
0.50
0.50
CorWatt	PkgWatt
17.39	129.87
0.56	129.87
0.45
0.46
0.46
0.48
0.48
0.48
0.48
0.40
0.45
0.38
3.25
0.51
0.50
0.49
0.61
0.51
0.46
0.44
0.49
0.38
0.46
0.38
0.39
0.38
0.35
0.36
0.35
0.51
0.50
0.50
0.50
CorWatt	PkgWatt
17.54	130.23
0.54	130.23
0.43
0.45
0.44
0.49
0.50
0.48
0.48
0.39
0.45
0.39
3.25
0.51
0.51
0.49
0.59
0.54
0.47
0.47
0.51
0.40
0.46
0.38
0.39
0.41
0.36
0.36
0.35
0.51
0.51
0.51
0.50
CorWatt	PkgWatt
18.23	129.93
0.59	129.95
1.04
0.54
0.51
0.78
0.76
0.63
0.63
0.46
0.50
0.43
1.04
0.63
0.58
0.59
0.69
0.52
0.50
0.49
0.59
0.44
0.50
0.45
0.44
0.43
0.41
0.44
0.41
0.56
0.54
0.55
0.55
CorWatt	PkgWatt
16.66	128.26
0.50	128.24
0.55
0.44
0.48
1.55
0.89
0.83
0.83
0.37
0.43
0.37
0.39
0.56
0.51
0.51
0.51
0.46
0.47
0.45
0.49
0.40
0.41
0.38
0.38
0.40
0.36
0.37
0.37
0.52
0.51
0.50
0.49
CorWatt	PkgWatt
16.78	128.49
0.51	128.50
0.55
0.44
0.47
1.39
1.04
0.83
0.84
0.40
0.43
0.39
0.39
0.57
0.50
0.51
0.52
0.49
0.48
0.44
0.50
0.39
0.42
0.38
0.38
0.38
0.39
0.36
0.37
0.50
0.50
0.50
0.50
CorWatt	PkgWatt
17.13	128.55
0.54	128.55
0.58
0.46
0.46
1.54
0.86
0.83
0.83
0.38
0.43
0.42
0.37
0.56
0.51
0.51
0.52
0.50
0.49
0.47
0.49
0.42
0.41
0.41
0.41
0.39
0.42
0.37
0.37
0.53
0.55
0.52
0.55
CorWatt	PkgWatt
16.58	128.18
0.54	128.17
0.55
0.44
0.44
1.53
0.85
0.83
0.84
0.37
0.42
0.37
0.38
0.58
0.50
0.48
0.51
0.52
0.47
0.46
0.51
0.39
0.40
0.38
0.38
0.35
0.37
0.35
0.35
0.50
0.50
0.50
0.50
CorWatt	PkgWatt
16.73	128.31
0.55	128.31
0.54
0.46
0.47
1.54
0.85
0.83
0.83
0.41
0.45
0.40
0.37
0.57
0.50
0.50
0.53
0.53
0.46
0.44
0.49
0.40
0.40
0.38
0.38
0.35
0.37
0.35
0.35
0.52
0.52
0.52
0.49
CorWatt	PkgWatt
17.20	128.86
0.52	128.87
0.54
0.46
0.51
1.47
1.27
0.92
0.92
0.39
0.44
0.38
0.38
0.60
0.52
0.49
0.51
0.51
0.46
0.45
0.49
0.38
0.41
0.38
0.38
0.35
0.37
0.35
0.35
0.50
0.50
0.50
0.50
CorWatt	PkgWatt
20.13	131.23
0.55	131.23
0.56
0.48
0.50
2.03
2.47
1.34
1.33
0.42
0.45
0.41
0.40
0.57
0.51
0.50
0.52
0.50
0.47
0.46
0.50
0.41
0.42
0.40
0.40
0.37
0.38
0.36
0.36
0.52
0.51
0.51
0.51
CorWatt	PkgWatt
19.73	130.90
0.53	130.90
0.56
0.47
0.48
1.34
3.14
1.34
1.33
0.37
0.43
0.37
0.37
0.58
0.50
0.49
0.51
0.52
0.46
0.44
0.49
0.39
0.41
0.38
0.38
0.36
0.38
0.35
0.35
0.50
0.50
0.50
0.50
CorWatt	PkgWatt
19.96	131.11
0.55	131.11
0.56
0.46
0.45
1.34
3.13
1.34
1.33
0.37
0.43
0.40
0.42
0.61
0.54
0.52
0.51
0.51
0.48
0.47
0.49
0.39
0.41
0.38
0.38
0.37
0.37
0.35
0.36
0.50
0.51
0.50
0.50
CorWatt	PkgWatt
19.75	131.16
0.56	131.16
0.55
0.45
0.46
2.79
1.70
1.34
1.33
0.37
0.43
0.37
0.37
0.56
0.51
0.49
0.52
0.51
0.46
0.45
0.53
0.40
0.41
0.38
0.38
0.35
0.38
0.36
0.35
0.50
0.50
0.50
0.50
CorWatt	PkgWatt
19.87	131.04
0.52	131.04
0.55
0.46
0.48
3.14
1.34
1.34
1.33
0.40
0.44
0.38
0.37
0.56
0.51
0.50
0.53
0.50
0.47
0.46
0.50
0.41
0.41
0.39
0.39
0.36
0.39
0.36
0.36
0.51
0.51
0.50
0.50
CorWatt	PkgWatt
19.73	130.96
0.54	130.96
0.55
0.44
0.48
1.34
3.14
1.34
1.33
0.39
0.42
0.37
0.38
0.57
0.50
0.48
0.51
0.49
0.46
0.45
0.49
0.39
0.42
0.39
0.40
0.36
0.38
0.36
0.35
0.50
0.50
0.50
0.50
CorWatt	PkgWatt
20.00	131.18
0.53	131.18
0.55
0.47
0.49
1.34
3.14
1.34
1.33
0.39
0.43
0.43
0.37
0.59
0.50
0.48
0.51
0.50
0.46
0.45
0.51
0.40
0.42
0.38
0.38
0.39
0.39
0.37
0.35
0.54
0.51
0.52
0.54
CorWatt	PkgWatt
19.72	131.09
0.57	131.08
0.55
0.47
0.44
1.34
3.14
1.34
1.33
0.37
0.42
0.37
0.37
0.59
0.50
0.48
0.51
0.49
0.46
0.45
0.49
0.40
0.42
0.41
0.38
0.36
0.35
0.36
0.35
0.50
0.50
0.50
0.50
CorWatt	PkgWatt
19.87	131.27
0.56	131.27
0.53
0.46
0.47
3.13
1.35
1.34
1.33
0.38
0.42
0.38
0.37
0.59
0.50
0.49
0.51
0.53
0.46
0.48
0.51
0.40
0.41
0.40
0.40
0.37
0.36
0.36
0.35
0.51
0.53
0.50
0.50
CorWatt	PkgWatt
19.71	130.99
0.54	130.99
0.58
0.48
0.45
1.55
2.94
1.34
1.33
0.37
0.42
0.37
0.37
0.59
0.50
0.48
0.51
0.51
0.47
0.45
0.49
0.39
0.41
0.38
0.38
0.36
0.35
0.36
0.35
0.50
0.50
0.50
0.50
CorWatt	PkgWatt
18.65	130.14
0.54	130.15
0.56
0.47
0.46
2.32
1.38
1.14
1.13
0.37
0.42
0.37
0.38
0.57
0.50
0.48
0.51
0.50
0.46
0.45
0.51
0.41
0.43
0.40
0.40
0.36
0.37
0.37
0.36
0.52
0.51
0.51
0.49
CorWatt	PkgWatt
20.02	134.16
0.61	134.17
0.59
0.53
0.52
0.59
0.56
0.57
0.55
0.45
0.49
0.44
1.00
3.63
0.64
0.60
0.60
0.52
0.51
0.49
0.56
0.45
0.47
0.44
0.43
0.41
0.39
0.40
0.39
0.55
0.55
0.55
0.56
CorWatt	PkgWatt
20.17	136.91
0.52	136.90
0.51
0.46
0.44
0.53
0.50
0.50
0.48
0.38
0.44
0.38
0.48
5.98
0.59
0.51
0.52
0.46
0.47
0.47
0.49
0.40
0.41
0.38
0.38
0.37
0.35
0.36
0.35
0.51
0.53
0.50
0.50
CorWatt	PkgWatt
20.08	136.87
0.53	136.87
0.43
0.46
0.50
0.52
0.49
0.49
0.48
0.40
0.45
0.40
0.50
5.99
0.58
0.52
0.53
0.46
0.45
0.44
0.49
0.39
0.42
0.38
0.38
0.36
0.35
0.36
0.35
0.50
0.50
0.49
0.50
CorWatt	PkgWatt
20.21	137.19
0.52	137.18
0.47
0.44
0.44
0.55
0.49
0.50
0.52
0.38
0.43
0.39
0.49
5.99
0.60
0.53
0.53
0.47
0.47
0.45
0.49
0.41
0.44
0.39
0.40
0.37
0.35
0.35
0.35
0.50
0.50
0.49
0.50
CorWatt	PkgWatt
20.10	136.96
0.55	136.96
0.45
0.46
0.44
0.50
0.49
0.49
0.49
0.37
0.43
0.38
0.49
5.99
0.59
0.55
0.53
0.50
0.45
0.44
0.49
0.38
0.42
0.38
0.39
0.37
0.37
0.35
0.35
0.50
0.50
0.49
0.50
CorWatt	PkgWatt
20.25	137.07
0.56	137.07
0.43
0.46
0.44
0.49
0.49
0.51
0.49
0.41
0.44
0.43
0.48
5.99
0.58
0.52
0.52
0.50
0.47
0.46
0.49
0.39
0.41
0.39
0.38
0.40
0.37
0.36
0.35
0.51
0.51
0.51
0.51
CorWatt	PkgWatt
20.14	137.27
0.53	137.27
0.45
0.44
0.48
0.48
0.49
0.49
0.49
0.38
0.43
0.39
0.49
5.99
0.57
0.51
0.52
0.50
0.45
0.45
0.50
0.38
0.40
0.39
0.38
0.40
0.37
0.37
0.37
0.52
0.52
0.50
0.52
CorWatt	PkgWatt
20.08	137.13
0.54	137.13
0.45
0.44
0.50
0.48
0.48
0.49
0.48
0.38
0.43
0.38
0.48
5.99
0.60
0.51
0.51
0.49
0.48
0.46
0.51
0.39
0.40
0.38
0.38
0.40
0.36
0.35
0.36
0.50
0.50
0.50
0.49
CorWatt	PkgWatt
20.25	137.19
0.55	137.18
0.44
0.44
0.45
0.48
0.49
0.49
0.49
0.39
0.42
0.39
0.49
5.99
0.58
0.53
0.52
0.55
0.46
0.45
0.49
0.39
0.40
0.39
0.38
0.38
0.39
0.36
0.36
0.52
0.54
0.50
0.53
CorWatt	PkgWatt
20.37	137.23
0.54	137.23
0.44
0.46
0.45
0.50
0.50
0.50
0.49
0.39
0.43
0.39
0.48
5.99
0.58
0.54
0.53
0.53
0.47
0.47
0.51
0.41
0.42
0.39
0.39
0.39
0.38
0.38
0.37
0.52
0.51
0.51
0.51
CorWatt	PkgWatt
20.10	137.22
0.58	137.22
0.47
0.45
0.47
0.48
0.48
0.48
0.50
0.38
0.43
0.39
0.49
5.99
0.57
0.51
0.51
0.50
0.46
0.45
0.49
0.39
0.40
0.38
0.38
0.39
0.37
0.36
0.35
0.50
0.51
0.50
0.50
CorWatt	PkgWatt
20.09	137.06
0.53	137.06
0.48
0.44
0.44
0.48
0.49
0.48
0.49
0.38
0.42
0.38
0.48
5.99
0.59
0.51
0.52
0.52
0.47
0.47
0.51
0.39
0.40
0.38
0.38
0.40
0.36
0.35
0.35
0.51
0.50
0.50
0.49
CorWatt	PkgWatt
20.07	137.10
0.53	137.10
0.51
0.46
0.45
0.50
0.49
0.49
0.50
0.38
0.42
0.38
0.48
5.99
0.60
0.51
0.51
0.49
0.45
0.45
0.50
0.38
0.40
0.38
0.38
0.37
0.36
0.36
0.35
0.50
0.50
0.50
0.50
CorWatt	PkgWatt
20.54	137.46
0.53	137.45
0.47
0.46
0.46
0.50
0.50
0.50
0.49
0.40
0.44
0.39
0.48
5.99
0.60
0.53
0.53
0.54
0.49
0.49
0.51
0.41
0.43
0.38
0.40
0.41
0.38
0.38
0.37
0.51
0.52
0.52
0.52
CorWatt	PkgWatt
20.48	137.55
0.55	137.56
0.44
0.46
0.48
0.49
0.49
0.50
0.50
0.39
0.43
0.40
0.50
5.99
0.58
0.55
0.54
0.51
0.48
0.51
0.46
0.40
0.42
0.38
0.39
0.42
0.40
0.37
0.37
0.51
0.54
0.51
0.52
CorWatt	PkgWatt
20.44	137.46
0.54	137.47
0.45
0.45
0.50
0.48
0.49
0.49
0.48
0.38
0.44
0.42
0.49
5.99
0.57
0.52
0.52
0.47
0.48
0.47
0.45
0.41
0.41
0.40
0.40
0.40
0.45
0.36
0.36
0.54
0.54
0.52
0.56
CorWatt	PkgWatt
20.11	137.16
0.54	137.15
0.44
0.46
0.47
0.48
0.49
0.49
0.48
0.38
0.43
0.38
0.49
5.99
0.58
0.52
0.52
0.46
0.47
0.47
0.46
0.39
0.41
0.38
0.38
0.35
0.42
0.36
0.35
0.51
0.51
0.51
0.53
CorWatt	PkgWatt
19.43	133.19
0.77	133.20
0.55
0.58
0.56
0.56
0.56
0.58
0.82
0.48
0.51
0.77
0.55
2.42
0.66
0.61
0.60
0.49
0.51
0.50
0.52
0.45
0.47
0.46
0.46
0.40
0.47
0.41
0.39
0.58
0.58
0.58
0.60
CorWatt	PkgWatt
17.66	130.34
0.61	130.34
0.51
0.48
0.50
0.52
0.55
0.52
3.24
0.41
0.45
0.39
0.40
0.54
0.58
0.52
0.52
0.45
0.46
0.46
0.46
0.39
0.41
0.38
0.38
0.35
0.38
0.36
0.35
0.53
0.51
0.50
0.55
CorWatt	PkgWatt
17.84	130.34
0.62	130.32
0.51
0.48
0.46
0.55
0.57
0.52
3.20
0.41
0.47
0.41
0.42
0.52
0.58
0.52
0.53
0.46
0.47
0.47
0.47
0.40
0.43
0.39
0.39
0.36
0.38
0.37
0.36
0.57
0.52
0.51
0.55
CorWatt	PkgWatt
17.50	130.30
0.61	130.30
0.49
0.46
0.45
0.53
0.56
0.52
3.18
0.39
0.44
0.37
0.39
0.53
0.57
0.52
0.52
0.47
0.45
0.45
0.45
0.39
0.41
0.38
0.38
0.36
0.38
0.37
0.35
0.56
0.53
0.50
0.55
CorWatt	PkgWatt
18.19	130.57
0.63	130.58
0.54
0.50
0.50
0.54
0.56
0.52
3.18
0.40
0.48
0.42
0.43
0.54
0.61
0.57
0.54
0.49
0.50
0.50
0.49
0.43
0.45
0.38
0.39
0.38
0.38
0.37
0.37
0.57
0.51
0.50
0.54
CorWatt	PkgWatt
17.52	130.14
0.63	130.13
0.46
0.45
0.53
0.52
0.54
0.51
3.19
0.38
0.44
0.38
0.39
0.52
0.58
0.54
0.52
0.45
0.46
0.46
0.47
0.42
0.41
0.38
0.38
0.35
0.38
0.36
0.35
0.57
0.51
0.50
0.54
CorWatt	PkgWatt
17.33	130.15
0.60	130.14
0.44
0.45
0.49
0.51
0.54
0.51
3.20
0.38
0.43
0.37
0.38
0.50
0.57
0.51
0.51
0.46
0.45
0.46
0.46
0.40
0.40
0.38
0.38
0.35
0.37
0.36
0.35
0.58
0.50
0.50
0.53
CorWatt	PkgWatt
17.43	130.10
0.60	130.10
0.48
0.44
0.46
0.52
0.54
0.51
3.17
0.40
0.43
0.37
0.41
0.51
0.57
0.52
0.52
0.44
0.45
0.45
0.45
0.40
0.41
0.41
0.40
0.37
0.37
0.36
0.35
0.56
0.51
0.50
0.54
CorWatt	PkgWatt
17.85	130.38
0.57	130.39
0.55
0.48
0.49
0.52
0.56
0.54
3.18
0.38
0.44
0.43
0.39
0.51
0.57
0.53
0.51
0.48
0.46
0.46
0.46
0.40
0.43
0.38
0.38
0.39
0.39
0.37
0.36
0.59
0.53
0.53
0.59
CorWatt	PkgWatt
17.43	130.10
0.53	130.10
0.57
0.47
0.46
0.51
0.55
0.51
3.19
0.39
0.43
0.37
0.39
0.51
0.56
0.53
0.51
0.44
0.45
0.45
0.46
0.39
0.43
0.40
0.38
0.36
0.35
0.37
0.35
0.57
0.52
0.50
0.54
CorWatt	PkgWatt
17.41	130.16
0.51	130.16
0.58
0.46
0.46
0.51
0.54
0.50
3.18
0.38
0.42
0.37
0.38
0.51
0.56
0.52
0.51
0.47
0.45
0.48
0.49
0.41
0.41
0.38
0.38
0.37
0.35
0.36
0.35
0.56
0.51
0.50
0.53
CorWatt	PkgWatt
17.39	129.98
0.55	129.98
0.59
0.46
0.47
0.51
0.54
0.51
3.18
0.38
0.42
0.37
0.38
0.50
0.56
0.52
0.50
0.45
0.45
0.46
0.46
0.39
0.41
0.38
0.38
0.36
0.35
0.36
0.35
0.58
0.51
0.50
0.55
CorWatt	PkgWatt
17.73	130.25
0.54	130.25
0.58
0.47
0.47
0.52
0.55
0.54
3.17
0.39
0.43
0.38
0.40
0.50
0.58
0.53
0.51
0.46
0.47
0.46
0.47
0.42
0.43
0.40
0.40
0.37
0.38
0.37
0.37
0.57
0.54
0.52
0.54
CorWatt	PkgWatt
17.64	130.08
0.57	130.08
0.60
0.47
0.48
0.51
0.55
0.51
3.19
0.40
0.43
0.37
0.40
0.50
0.56
0.51
0.51
0.48
0.47
0.47
0.49
0.39
0.41
0.38
0.38
0.38
0.37
0.39
0.36
0.56
0.51
0.50
0.54
CorWatt	PkgWatt
17.39	130.18
0.53	130.18
0.59
0.47
0.45
0.51
0.54
0.51
3.18
0.38
0.45
0.37
0.39
0.50
0.56
0.52
0.51
0.46
0.45
0.46
0.46
0.40
0.40
0.38
0.38
0.37
0.35
0.35
0.35
0.56
0.53
0.50
0.54
CorWatt	PkgWatt
17.35	129.95
0.54	129.95
0.58
0.44
0.45
0.51
0.54
0.50
3.18
0.40
0.44
0.39
0.40
0.50
0.56
0.52
0.51
0.44
0.45
0.45
0.45
0.39
0.40
0.38
0.38
0.36
0.35
0.36
0.35
0.54
0.52
0.50
0.55
CorWatt	PkgWatt
17.69	130.25
0.52	130.25
0.58
0.47
0.45
0.52
0.55
0.53
3.18
0.38
0.43
0.40
0.39
0.51
0.59
0.51
0.53
0.47
0.46
0.47
0.48
0.43
0.44
0.40
0.40
0.37
0.36
0.37
0.36
0.56
0.51
0.50
0.56
CorWatt	PkgWatt
17.35	130.12
0.52	130.12
0.59
0.47
0.46
0.51
0.54
0.51
3.03
0.37
0.43
0.38
0.39
0.51
0.59
0.54
0.53
0.46
0.45
0.45
0.45
0.40
0.42
0.38
0.40
0.38
0.37
0.36
0.35
0.54
0.52
0.50
0.56
CorWatt	PkgWatt
18.10	129.87
0.55	129.88
0.59
0.52
0.50
0.55
0.58
0.57
0.60
0.45
0.47
0.46
0.41
0.55
0.61
0.55
0.56
0.52
0.51
0.51
0.52
0.47
0.50
0.47
0.51
0.58
0.56
0.96
0.55
0.61
0.59
0.81
0.90
CorWatt	PkgWatt
16.56	128.47
0.52	128.46
0.49
0.47
0.44
0.49
0.49
0.49
0.55
0.38
0.43
0.40
0.39
0.52
0.58
0.49
0.51
0.45
0.45
0.47
0.47
0.39
0.41
0.39
0.43
0.66
0.64
1.24
0.66
0.57
0.53
0.64
0.52
CorWatt	PkgWatt
16.71	128.70
0.52	128.69
0.50
0.46
0.44
0.49
0.49
0.49
0.54
0.39
0.44
0.38
0.39
0.53
0.57
0.51
0.54
0.47
0.49
0.48
0.48
0.41
0.41
0.38
0.43
0.66
0.64
1.25
0.67
0.55
0.54
0.62
0.53
CorWatt	PkgWatt
16.58	128.83
0.52	128.83
0.49
0.46
0.44
0.48
0.48
0.48
0.55
0.40
0.43
0.38
0.40
0.51
0.58
0.50
0.50
0.47
0.45
0.46
0.46
0.39
0.41
0.40
0.43
0.65
0.65
1.27
0.64
0.57
0.57
0.63
0.53
CorWatt	PkgWatt
16.30	128.44
0.51	128.44
0.47
0.45
0.43
0.48
0.48
0.48
0.54
0.37
0.43
0.37
0.38
0.50
0.58
0.51
0.50
0.45
0.45
0.46
0.46
0.39
0.40
0.38
0.38
0.65
0.64
1.28
0.64
0.55
0.57
0.62
0.50
CorWatt	PkgWatt
17.74	129.77
0.55	129.77
0.51
0.49
0.48
0.49
0.49
0.49
0.55
0.40
0.45
0.39
0.39
0.51
0.58
0.53
0.52
0.49
0.46
0.46
0.48
0.40
0.42
0.38
0.39
0.78
0.77
0.82
1.75
0.56
0.59
0.63
0.53
CorWatt	PkgWatt
19.62	131.43
0.52	131.43
0.48
0.45
0.44
0.49
0.50
0.49
0.54
0.39
0.44
0.38
0.39
0.52
0.57
0.50
0.51
0.48
0.47
0.48
0.49
0.39
0.41
0.38
0.38
1.06
1.05
3.09
1.05
0.56
0.57
0.63
0.51
CorWatt	PkgWatt
19.59	131.47
0.52	131.47
0.49
0.45
0.45
0.50
0.49
0.48
0.54
0.37
0.44
0.38
0.39
0.50
0.58
0.49
0.51
0.44
0.45
0.45
0.47
0.39
0.41
0.38
0.38
1.09
1.09
3.09
1.09
0.56
0.57
0.63
0.51
CorWatt	PkgWatt
19.59	131.45
0.51	131.45
0.48
0.44
0.43
0.48
0.48
0.48
0.52
0.39
0.44
0.38
0.39
0.50
0.58
0.51
0.51
0.46
0.45
0.46
0.46
0.40
0.42
0.38
0.38
1.10
1.09
1.11
3.08
0.56
0.57
0.63
0.50
CorWatt	PkgWatt
19.54	131.24
0.54	131.24
0.48
0.46
0.44
0.48
0.48
0.48
0.49
0.38
0.44
0.39
0.41
0.50
0.58
0.53
0.52
0.44
0.47
0.45
0.45
0.38
0.42
0.38
0.38
1.06
1.06
1.07
3.08
0.55
0.59
0.63
0.52
CorWatt	PkgWatt
20.00	131.58
0.53	131.59
0.49
0.46
0.45
0.49
0.50
0.49
0.48
0.39
0.46
0.42
0.40
0.51
0.58
0.51
0.52
0.47
0.48
0.48
0.49
0.42
0.42
0.41
0.40
1.10
1.10
1.13
3.05
0.57
0.60
0.64
0.56
CorWatt	PkgWatt
19.56	131.36
0.52	131.35
0.46
0.44
0.43
0.48
0.49
0.48
0.49
0.38
0.43
0.38
0.39
0.50
0.57
0.51
0.51
0.46
0.47
0.47
0.47
0.38
0.41
0.38
0.38
1.09
1.10
1.45
2.73
0.56
0.58
0.63
0.52
CorWatt	PkgWatt
19.63	131.28
0.52	131.28
0.46
0.47
0.45
0.48
0.48
0.48
0.48
0.37
0.43
0.39
0.40
0.50
0.59
0.51
0.54
0.46
0.45
0.46
0.46
0.39
0.40
0.38
0.38
1.10
1.10
1.10
3.08
0.57
0.59
0.64
0.51
CorWatt	PkgWatt
19.64	131.26
0.53	131.26
0.49
0.48
0.47
0.48
0.48
0.48
0.49
0.41
0.46
0.38
0.40
0.51
0.58
0.51
0.51
0.45
0.45
0.46
0.46
0.38
0.40
0.38
0.38
1.07
1.08
2.59
1.58
0.56
0.58
0.63
0.52
CorWatt	PkgWatt
19.72	131.17
0.54	131.17
0.46
0.51
0.43
0.51
0.51
0.49
0.49
0.40
0.44
0.40
0.41
0.52
0.58
0.52
0.51
0.45
0.46
0.46
0.47
0.40
0.41
0.38
0.38
1.07
1.07
1.09
3.06
0.56
0.58
0.62
0.51
CorWatt	PkgWatt
19.68	131.35
0.53	131.35
0.46
0.53
0.46
0.50
0.48
0.49
0.51
0.39
0.44
0.38
0.39
0.51
0.57
0.51
0.51
0.47
0.46
0.45
0.46
0.38
0.41
0.38
0.38
1.09
1.10
2.69
1.48
0.56
0.58
0.62
0.52
CorWatt	PkgWatt
19.80	131.32
0.52	131.33
0.50
0.44
0.44
0.49
0.50
0.48
0.48
0.39
0.44
0.42
0.41
0.54
0.59
0.54
0.52
0.46
0.45
0.47
0.48
0.40
0.40
0.38
0.38
1.10
1.10
3.09
1.11
0.56
0.59
0.63
0.51
CorWatt	PkgWatt
19.02	130.51
0.59	130.53
0.55
0.54
0.54
0.56
0.54
0.52
0.50
0.44
0.47
0.41
0.42
0.56
0.60
0.65
0.55
0.47
0.50
0.46
0.52
0.42
0.46
0.40
0.39
0.81
0.81
0.82
1.72
0.66
0.75
0.74
0.65
