CorWatt	PkgWatt
15.47	128.67
0.54	128.68
0.51
0.51
0.47
0.54
0.56
0.53
0.52
0.40
0.56
0.41
0.42
0.52
0.54
0.58
0.54
0.48
0.49
0.49
0.49
0.40
0.41
0.41
0.40
0.40
0.41
0.40
0.39
0.56
0.54
0.53
0.52
CorWatt	PkgWatt
15.08	127.07
0.53	128.02
0.48
0.49
0.45
0.53
0.57
0.52
0.50
0.39
0.44
0.38
0.39
0.52
0.56
0.58
0.54
0.52
0.47
0.50
0.47
0.40
0.40
0.41
0.40
0.39
0.41
0.42
0.39
0.52
0.51
0.52
0.51
CorWatt	PkgWatt
67.84	164.54
0.91	185.27
2.18
2.26
2.23
2.29
2.31
2.30
2.26
2.24
2.23
2.23
3.88
2.40
2.39
2.36
2.45
2.34
2.31
2.14
2.16
2.25
2.22
2.03
2.00
2.21
2.20
2.03
2.01
2.38
2.38
2.22
2.18
