CorWatt	PkgWatt
14.57	126.84
0.55	126.83
0.43
0.45
0.52
0.49
0.49
0.48
0.48
0.42
0.44
0.37
0.40
0.51
0.51
0.50
0.52
0.47
0.49
0.46
0.47
0.40
0.46
0.41
0.41
0.35
0.36
0.37
0.36
0.51
0.50
0.50
0.50
CorWatt	PkgWatt
14.44	125.95
0.52	126.61
0.42
0.44
0.48
0.49
0.48
0.49
0.48
0.38
0.45
0.38
0.37
0.51
0.50
0.51
0.54
0.46
0.50
0.47
0.47
0.39
0.44
0.39
0.39
0.37
0.38
0.38
0.37
0.51
0.51
0.49
0.49
CorWatt	PkgWatt
16.94	129.51
0.64	128.87
0.45
0.51
0.47
0.49
0.49
0.48
0.57
0.48
0.53
0.54
0.49
0.51
0.52
0.61
0.56
0.58
0.63
0.52
0.56
0.59
0.50
0.58
0.54
0.54
0.45
0.46
0.44
0.54
0.52
0.62
0.52
CorWatt	PkgWatt
14.52	126.71
0.51	126.67
0.42
0.48
0.42
0.49
0.48
0.48
0.47
0.41
0.43
0.37
0.37
0.50
0.50
0.49
0.52
0.47
0.47
0.44
0.46
0.47
0.47
0.43
0.48
0.39
0.35
0.39
0.35
0.50
0.51
0.50
0.51
CorWatt	PkgWatt
14.48	126.71
0.50	126.71
0.44
0.49
0.44
0.49
0.49
0.49
0.48
0.38
0.45
0.38
0.37
0.50
0.50
0.49
0.54
0.47
0.47
0.44
0.46
0.45
0.42
0.45
0.42
0.36
0.36
0.37
0.36
0.51
0.51
0.50
0.50
CorWatt	PkgWatt
14.86	126.89
0.50	126.92
0.42
0.45
0.49
0.50
0.48
0.48
0.47
0.46
0.50
0.45
0.45
0.49
0.50
0.48
0.51
0.45
0.47
0.44
0.45
0.46
0.42
0.43
0.48
0.41
0.40
0.41
0.38
0.50
0.51
0.52
0.49
CorWatt	PkgWatt
14.22	126.39
0.50	126.38
0.42
0.45
0.46
0.50
0.49
0.48
0.47
0.38
0.44
0.37
0.37
0.50
0.50
0.48
0.51
0.45
0.47
0.44
0.46
0.42
0.39
0.40
0.40
0.36
0.37
0.37
0.36
0.50
0.51
0.49
0.50
CorWatt	PkgWatt
14.36	126.63
0.50	126.61
0.42
0.44
0.46
0.49
0.48
0.48
0.47
0.39
0.43
0.41
0.37
0.50
0.50
0.48
0.51
0.45
0.47
0.51
0.45
0.43
0.39
0.41
0.45
0.37
0.35
0.36
0.36
0.50
0.50
0.49
0.51
CorWatt	PkgWatt
14.36	126.63
0.50	126.63
0.43
0.45
0.48
0.49
0.49
0.48
0.48
0.38
0.44
0.37
0.37
0.50
0.50
0.49
0.53
0.46
0.48
0.50
0.46
0.42
0.39
0.39
0.42
0.36
0.36
0.37
0.36
0.51
0.51
0.50
0.50
CorWatt	PkgWatt
14.15	126.39
0.50	126.39
0.42
0.44
0.47
0.49
0.48
0.47
0.47
0.37
0.43
0.38
0.38
0.50
0.50
0.48
0.52
0.46
0.46
0.44
0.45
0.44
0.38
0.40
0.41
0.35
0.35
0.36
0.35
0.50
0.52
0.49
0.49
CorWatt	PkgWatt
14.13	126.30
0.49	126.29
0.42
0.44
0.47
0.48
0.49
0.47
0.47
0.38
0.43
0.36
0.38
0.50
0.51
0.51
0.52
0.47
0.47
0.44
0.46
0.41
0.38
0.39
0.41
0.35
0.36
0.35
0.35
0.50
0.50
0.49
0.50
CorWatt	PkgWatt
14.14	126.54
0.50	126.54
0.42
0.44
0.47
0.49
0.48
0.47
0.47
0.38
0.43
0.36
0.37
0.49
0.50
0.49
0.53
0.47
0.46
0.44
0.45
0.41
0.38
0.39
0.41
0.37
0.36
0.37
0.35
0.50
0.51
0.49
0.49
CorWatt	PkgWatt
14.44	126.59
0.50	126.59
0.43
0.45
0.47
0.49
0.49
0.48
0.48
0.39
0.43
0.41
0.37
0.50
0.50
0.50
0.51
0.48
0.48
0.47
0.47
0.41
0.40
0.38
0.41
0.36
0.37
0.37
0.41
0.50
0.50
0.50
0.54
CorWatt	PkgWatt
14.18	126.42
0.49	126.41
0.42
0.44
0.47
0.49
0.48
0.48
0.47
0.38
0.42
0.36
0.36
0.50
0.50
0.48
0.51
0.48
0.46
0.45
0.46
0.41
0.39
0.39
0.42
0.36
0.35
0.36
0.42
0.50
0.50
0.49
0.49
CorWatt	PkgWatt
14.13	126.33
0.49	126.33
0.42
0.45
0.46
0.48
0.49
0.48
0.47
0.37
0.43
0.37
0.37
0.50
0.50
0.48
0.51
0.47
0.47
0.44
0.46
0.40
0.39
0.39
0.41
0.35
0.35
0.36
0.39
0.50
0.50
0.49
0.50
CorWatt	PkgWatt
14.09	126.38
0.50	126.38
0.42
0.44
0.47
0.49
0.48
0.48
0.47
0.37
0.43
0.37
0.36
0.49
0.50
0.48
0.51
0.47
0.46
0.44
0.45
0.40
0.38
0.40
0.43
0.36
0.35
0.36
0.35
0.50
0.50
0.49
0.49
CorWatt	PkgWatt
14.26	126.52
0.50	126.52
0.44
0.46
0.46
0.49
0.49
0.48
0.48
0.39
0.44
0.37
0.37
0.50
0.50
0.49
0.52
0.47
0.47
0.44
0.46
0.41
0.39
0.40
0.41
0.36
0.36
0.37
0.35
0.51
0.50
0.50
0.50
CorWatt	PkgWatt
14.16	126.30
0.49	126.30
0.42
0.44
0.47
0.49
0.48
0.48
0.47
0.36
0.43
0.36
0.36
0.49
0.50
0.48
0.51
0.47
0.46
0.44
0.45
0.42
0.39
0.39
0.43
0.36
0.35
0.36
0.35
0.51
0.51
0.49
0.51
CorWatt	PkgWatt
14.20	126.31
0.50	126.30
0.45
0.44
0.47
0.48
0.48
0.48
0.47
0.38
0.43
0.36
0.36
0.49
0.50
0.48
0.51
0.47
0.46
0.46
0.46
0.41
0.38
0.38
0.41
0.35
0.35
0.37
0.35
0.50
0.51
0.50
0.55
CorWatt	PkgWatt
14.20	126.50
0.50	126.51
0.47
0.44
0.42
0.49
0.48
0.47
0.47
0.37
0.42
0.36
0.36
0.49
0.50
0.50
0.51
0.47
0.46
0.44
0.45
0.45
0.38
0.39
0.45
0.35
0.35
0.36
0.35
0.50
0.52
0.49
0.50
CorWatt	PkgWatt
14.26	126.40
0.51	126.39
0.47
0.48
0.43
0.49
0.49
0.48
0.47
0.39
0.42
0.37
0.38
0.50
0.50
0.49
0.51
0.44
0.46
0.44
0.46
0.43
0.39
0.38
0.41
0.35
0.35
0.36
0.35
0.50
0.51
0.50
0.53
CorWatt	PkgWatt
14.09	126.37
0.50	126.37
0.42
0.49
0.43
0.49
0.48
0.48
0.47
0.37
0.42
0.36
0.36
0.49
0.50
0.48
0.51
0.44
0.47
0.44
0.45
0.42
0.38
0.38
0.41
0.37
0.35
0.36
0.35
0.50
0.51
0.49
0.49
CorWatt	PkgWatt
14.16	126.35
0.50	126.36
0.43
0.50
0.42
0.48
0.49
0.48
0.47
0.37
0.42
0.41
0.36
0.49
0.50
0.48
0.51
0.44
0.48
0.44
0.46
0.42
0.38
0.38
0.41
0.35
0.36
0.35
0.35
0.50
0.50
0.49
0.53
CorWatt	PkgWatt
14.13	126.46
0.51	126.46
0.42
0.48
0.42
0.49
0.48
0.48
0.48
0.37
0.42
0.36
0.36
0.50
0.50
0.48
0.52
0.44
0.47
0.44
0.45
0.42
0.39
0.39
0.42
0.37
0.35
0.36
0.35
0.50
0.52
0.49
0.49
CorWatt	PkgWatt
14.33	126.40
0.50	126.40
0.43
0.49
0.43
0.49
0.50
0.48
0.47
0.38
0.44
0.39
0.38
0.50
0.50
0.49
0.52
0.44
0.47
0.45
0.47
0.42
0.38
0.43
0.42
0.35
0.36
0.36
0.35
0.51
0.50
0.49
0.56
CorWatt	PkgWatt
14.10	126.29
0.50	126.29
0.42
0.47
0.42
0.49
0.48
0.47
0.47
0.38
0.43
0.37
0.37
0.50
0.50
0.48
0.51
0.44
0.46
0.45
0.45
0.42
0.38
0.39
0.45
0.36
0.35
0.36
0.35
0.50
0.51
0.49
0.49
CorWatt	PkgWatt
14.12	126.26
0.50	126.25
0.44
0.46
0.47
0.48
0.48
0.47
0.47
0.37
0.43
0.36
0.36
0.50
0.51
0.49
0.52
0.44
0.46
0.44
0.46
0.42
0.38
0.39
0.41
0.35
0.36
0.37
0.35
0.50
0.50
0.49
0.50
CorWatt	PkgWatt
14.08	126.43
0.50	126.43
0.42
0.44
0.47
0.49
0.48
0.47
0.47
0.37
0.43
0.36
0.36
0.49
0.50
0.49
0.52
0.44
0.48
0.44
0.45
0.42
0.39
0.38
0.42
0.36
0.35
0.35
0.35
0.50
0.50
0.49
0.50
CorWatt	PkgWatt
14.28	126.37
0.51	126.38
0.43
0.45
0.47
0.49
0.50
0.48
0.48
0.38
0.43
0.37
0.37
0.50
0.50
0.49
0.52
0.46
0.50
0.45
0.46
0.41
0.39
0.38
0.41
0.36
0.35
0.37
0.35
0.51
0.50
0.50
0.50
CorWatt	PkgWatt
14.08	126.27
0.51	126.27
0.42
0.44
0.47
0.49
0.49
0.47
0.47
0.36
0.42
0.36
0.36
0.49
0.50
0.48
0.51
0.45
0.46
0.44
0.46
0.44
0.38
0.38
0.41
0.36
0.35
0.37
0.35
0.50
0.50
0.49
0.49
CorWatt	PkgWatt
14.18	126.37
0.52	126.37
0.43
0.45
0.47
0.48
0.48
0.48
0.47
0.38
0.44
0.36
0.36
0.50
0.50
0.48
0.51
0.45
0.47
0.46
0.46
0.40
0.38
0.38
0.41
0.35
0.36
0.36
0.35
0.50
0.50
0.49
0.55
CorWatt	PkgWatt
14.25	126.47
0.51	126.46
0.42
0.44
0.47
0.49
0.48
0.49
0.48
0.37
0.43
0.38
0.36
0.49
0.50
0.50
0.51
0.46
0.46
0.45
0.45
0.40
0.39
0.39
0.46
0.37
0.36
0.38
0.35
0.50
0.50
0.49
0.49
CorWatt	PkgWatt
14.45	126.50
0.52	126.50
0.43
0.45
0.47
0.49
0.49
0.48
0.47
0.38
0.42
0.42
0.37
0.50
0.50
0.49
0.52
0.46
0.50
0.45
0.47
0.42
0.41
0.40
0.42
0.36
0.37
0.36
0.38
0.50
0.52
0.50
0.51
CorWatt	PkgWatt
14.10	126.30
0.50	126.29
0.42
0.44
0.47
0.49
0.48
0.47
0.47
0.37
0.42
0.36
0.36
0.50
0.50
0.49
0.52
0.45
0.46
0.45
0.45
0.39
0.40
0.38
0.41
0.36
0.35
0.37
0.36
0.51
0.50
0.49
0.49
CorWatt	PkgWatt
14.08	126.13
0.51	126.14
0.43
0.45
0.47
0.48
0.48
0.47
0.47
0.36
0.43
0.37
0.36
0.49
0.50
0.48
0.52
0.45
0.47
0.45
0.46
0.39
0.38
0.38
0.41
0.35
0.35
0.36
0.35
0.50
0.52
0.50
0.50
CorWatt	PkgWatt
14.09	126.32
0.52	126.32
0.42
0.44
0.47
0.49
0.48
0.47
0.47
0.39
0.43
0.37
0.37
0.50
0.50
0.48
0.52
0.45
0.46
0.45
0.45
0.39
0.38
0.38
0.41
0.35
0.35
0.36
0.35
0.50
0.50
0.49
0.49
CorWatt	PkgWatt
14.31	126.35
0.52	126.35
0.44
0.45
0.46
0.48
0.48
0.48
0.47
0.38
0.44
0.37
0.37
0.50
0.50
0.49
0.51
0.45
0.47
0.49
0.47
0.39
0.39
0.38
0.41
0.36
0.36
0.37
0.40
0.50
0.52
0.49
0.50
CorWatt	PkgWatt
14.13	126.27
0.52	126.27
0.42
0.47
0.46
0.49
0.48
0.47
0.47
0.36
0.43
0.36
0.36
0.50
0.50
0.48
0.51
0.45
0.46
0.46
0.45
0.40
0.39
0.38
0.46
0.36
0.35
0.35
0.35
0.50
0.50
0.49
0.49
CorWatt	PkgWatt
14.15	126.27
0.51	126.27
0.43
0.49
0.42
0.49
0.49
0.48
0.47
0.38
0.44
0.36
0.36
0.50
0.50
0.50
0.52
0.45
0.46
0.45
0.46
0.39
0.40
0.38
0.41
0.36
0.35
0.37
0.35
0.50
0.51
0.49
0.50
CorWatt	PkgWatt
14.08	126.42
0.51	126.42
0.42
0.48
0.42
0.49
0.48
0.48
0.48
0.37
0.42
0.36
0.36
0.49
0.50
0.48
0.52
0.46
0.46
0.46
0.45
0.41
0.38
0.38
0.41
0.36
0.35
0.36
0.35
0.50
0.50
0.49
0.49
CorWatt	PkgWatt
14.34	126.41
0.50	126.42
0.44
0.49
0.43
0.49
0.49
0.48
0.47
0.39
0.44
0.37
0.37
0.52
0.51
0.49
0.52
0.47
0.46
0.45
0.46
0.41
0.38
0.38
0.41
0.36
0.37
0.42
0.35
0.50
0.53
0.49
0.50
CorWatt	PkgWatt
14.39	126.44
0.50	126.46
0.42
0.49
0.42
0.49
0.48
0.47
0.47
0.38
0.46
0.39
0.38
0.52
0.50
0.49
0.51
0.47
0.46
0.46
0.45
0.40
0.38
0.38
0.42
0.37
0.37
0.40
0.35
0.50
0.58
0.51
0.49
CorWatt	PkgWatt
14.72	126.80
0.51	126.80
0.43
0.50
0.43
0.49
0.49
0.48
0.47
0.39
0.45
0.42
0.37
0.50
0.51
0.50
0.52
0.47
0.47
0.46
0.47
0.41
0.38
0.41
0.41
0.40
0.40
0.38
0.40
0.52
0.57
0.56
0.59
CorWatt	PkgWatt
14.23	126.34
0.50	126.31
0.42
0.49
0.42
0.49
0.48
0.47
0.47
0.37
0.44
0.37
0.37
0.49
0.50
0.49
0.52
0.48
0.47
0.46
0.45
0.40
0.39
0.38
0.46
0.37
0.35
0.37
0.35
0.50
0.52
0.49
0.50
CorWatt	PkgWatt
14.28	126.38
0.50	126.38
0.44
0.50
0.43
0.49
0.49
0.48
0.48
0.37
0.43
0.37
0.37
0.50
0.51
0.50
0.52
0.48
0.47
0.46
0.47
0.40
0.38
0.38
0.41
0.35
0.36
0.37
0.36
0.50
0.50
0.51
0.50
CorWatt	PkgWatt
14.07	126.32
0.50	126.31
0.47
0.44
0.43
0.49
0.48
0.47
0.47
0.37
0.42
0.37
0.36
0.50
0.50
0.48
0.51
0.47
0.46
0.45
0.46
0.41
0.38
0.38
0.40
0.35
0.35
0.36
0.35
0.50
0.50
0.50
0.49
CorWatt	PkgWatt
14.26	126.35
0.50	126.35
0.50
0.47
0.44
0.49
0.49
0.47
0.47
0.37
0.43
0.37
0.37
0.50
0.50
0.49
0.52
0.47
0.47
0.46
0.47
0.42
0.39
0.38
0.41
0.35
0.35
0.36
0.35
0.50
0.51
0.49
0.51
