CorWatt	PkgWatt
15.40	127.54
0.54	127.55
0.52
0.49
0.47
0.53
0.55
0.51
0.52
0.48
0.47
0.45
0.40
0.56
0.54
0.54
0.53
0.45
0.48
0.48
0.53
0.41
0.39
0.42
0.39
0.37
0.38
0.41
0.39
0.56
0.51
0.57
0.54
CorWatt	PkgWatt
14.73	127.17
0.52	127.25
0.46
0.46
0.44
0.50
0.52
0.49
0.51
0.40
0.44
0.40
0.41
0.55
0.54
0.52
0.54
0.45
0.47
0.45
0.54
0.40
0.38
0.42
0.38
0.36
0.36
0.37
0.37
0.52
0.51
0.55
0.50
CorWatt	PkgWatt
24.29	135.71
0.70	135.66
0.66
0.66
0.70
0.79
0.73
0.70
0.77
0.61
0.60
0.58
0.57
0.70
0.68
0.63
0.72
0.66
0.78
0.74
0.75
0.62
0.64
0.69
0.60
0.66
0.63
0.65
0.66
0.97
0.83
2.83
0.79
CorWatt	PkgWatt
17.19	128.92
0.53	128.90
0.48
0.54
0.48
0.52
0.50
0.50
0.52
0.46
0.48
0.38
0.40
0.54
0.54
0.53
0.51
0.50
0.52
0.48
0.59
0.42
0.41
0.44
0.39
0.66
0.64
0.93
0.93
0.57
0.55
0.71
0.56
CorWatt	PkgWatt
17.24	129.08
0.57	129.08
0.47
0.50
0.45
0.50
0.50
0.51
0.53
0.43
0.48
0.40
0.42
0.53
0.55
0.55
0.56
0.51
0.49
0.46
0.53
0.44
0.42
0.45
0.42
0.76
0.62
0.69
1.04
0.59
0.61
0.71
0.54
CorWatt	PkgWatt
18.16	129.68
0.58	129.70
0.47
0.48
0.46
0.57
0.59
0.56
0.56
0.47
0.51
0.45
0.44
0.60
0.63
0.59
0.56
0.52
0.57
0.54
0.59
0.48
0.55
0.50
0.47
0.91
0.62
0.62
0.92
0.59
0.55
0.67
0.54
CorWatt	PkgWatt
17.57	129.20
0.58	129.17
0.50
0.55
0.55
0.56
0.60
0.55
0.60
0.44
0.46
0.44
0.47
0.61
0.56
0.56
0.54
0.47
0.47
0.47
0.55
0.41
0.39
0.45
0.39
0.94
0.62
0.66
0.89
0.55
0.54
0.64
0.55
CorWatt	PkgWatt
17.10	129.04
0.53	129.04
0.51
0.57
0.51
0.53
0.56
0.55
0.63
0.41
0.45
0.39
0.39
0.55
0.58
0.53
0.54
0.45
0.47
0.49
0.54
0.41
0.39
0.43
0.41
0.87
0.59
0.62
0.97
0.55
0.52
0.64
0.53
CorWatt	PkgWatt
18.44	130.78
0.54	130.79
0.47
0.54
0.43
0.52
0.55
0.51
0.53
0.43
0.50
0.50
0.48
0.60
0.57
0.63
0.56
0.44
0.46
0.46
0.56
0.43
0.41
0.41
0.39
0.38
0.37
0.42
3.02
0.56
0.58
0.65
0.55
CorWatt	PkgWatt
18.28	130.91
0.57	130.91
0.49
0.55
0.50
0.59
0.58
0.53
0.53
0.40
0.45
0.40
0.39
0.54
0.55
0.53
0.54
0.44
0.47
0.47
0.55
0.44
0.41
0.44
0.40
0.37
0.36
0.39
3.11
0.55
0.54
0.63
0.57
CorWatt	PkgWatt
18.33	130.71
0.54	130.71
0.47
0.49
0.46
0.50
0.54
0.49
0.49
0.43
0.46
0.43
0.42
0.54
0.56
0.53
0.52
0.50
0.49
0.47
0.54
0.43
0.42
0.44
0.42
0.38
0.37
0.42
3.10
0.59
0.60
0.65
0.62
CorWatt	PkgWatt
18.09	130.86
0.54	130.85
0.48
0.51
0.50
0.49
0.53
0.50
0.48
0.48
0.48
0.45
0.43
0.56
0.61
0.55
0.54
0.44
0.45
0.45
0.52
0.42
0.39
0.46
0.42
0.37
0.36
0.39
3.11
0.52
0.51
0.51
0.63
CorWatt	PkgWatt
21.25	133.08
0.71	133.11
0.67
0.61
0.62
0.61
0.76
0.73
0.62
0.46
0.48
0.44
0.51
0.69
0.67
0.62
0.59
0.57
0.54
0.54
0.53
0.51
0.45
0.47
0.47
0.53
0.56
0.52
2.74
0.83
0.68
0.72
0.78
