CorWatt	PkgWatt
4.71	153.27
0.09	77.25
0.09
0.09
0.17
0.08
0.08
0.08
0.08
0.08
0.08
0.08
0.08
0.08
0.08
0.08
0.08
0.08
0.08
0.08
0.08
0.10
0.09
0.09
0.09
0.08
0.08
0.08
0.08
0.08
0.08
0.08
0.08
0.07	76.11
0.07
0.07
0.07
0.07
0.07
0.07
0.07
0.06
0.05
0.05
0.05
0.05
0.05
0.05
0.05
0.07
0.07
0.07
0.07
0.07
0.07
0.07
0.07
0.06
0.06
0.06
0.06
0.05
0.05
0.06
0.06
CorWatt	PkgWatt
4.82	151.55
0.08	75.84
0.08
0.08
0.08
0.08
0.08
0.08
0.08
0.07
0.07
0.07
0.07
0.07
0.07
0.07
0.07
0.08
0.08
0.08
0.08
0.09
0.08
0.08
0.08
0.07
0.08
0.07
0.07
0.08
0.08
0.09
0.08
0.08	75.85
0.07
0.07
0.08
0.07
0.07
0.07
0.09
0.07
0.06
0.07
0.06
0.07
0.06
0.06
0.06
0.08
0.08
0.07
0.16
0.07
0.07
0.09
0.08
0.07
0.09
0.07
0.07
0.07
0.06
0.06
0.06
