CorWatt	PkgWatt
15.45	127.10
0.52	127.10
0.50
0.56
0.46
0.52
0.55
0.60
0.53
0.50
0.46
0.39
0.48
0.57
0.54
0.60
0.55
0.45
0.47
0.46
0.48
0.40
0.44
0.40
0.38
0.40
0.37
0.39
0.36
0.54
0.51
0.53
0.54
CorWatt	PkgWatt
14.94	126.55
0.48	126.78
0.49
0.53
0.44
0.50
0.50
0.52
0.50
0.52
0.46
0.42
0.49
0.59
0.51
0.57
0.60
0.44
0.45
0.44
0.46
0.41
0.40
0.38
0.39
0.35
0.35
0.37
0.35
0.51
0.49
0.49
0.54
CorWatt	PkgWatt
62.57	175.43
0.97	175.23
1.91
1.95
1.98
2.01
2.00
1.99
1.93
2.02
1.96
1.91
1.91
2.14
2.08
2.12
2.08
2.02
1.97
1.83
1.83
1.96
1.90
1.75
1.74
1.85
1.87
1.72
1.75
2.04
2.04
1.88
3.47
CorWatt	PkgWatt
47.67	162.19
0.71	162.15
1.50
1.56
1.54
1.57
1.57
1.57
1.58
1.52
1.49
1.44
1.43
1.62
1.59
1.66
1.64
1.51
1.52
1.39
1.40
1.46
1.48
1.32
1.29
1.43
1.41
1.30
1.32
1.63
1.60
1.46
2.16
