CorWatt	PkgWatt
15.63	128.10
0.58	128.11
0.46
0.51
0.47
0.54
0.55
0.51
0.52
0.46
0.47
0.50
0.44
0.55
0.54
0.61
0.54
0.53
0.49
0.50
0.52
0.44
0.40
0.41
0.40
0.41
0.39
0.39
0.40
0.53
0.52
0.52
0.52
CorWatt	PkgWatt
14.67	126.82
0.53	127.38
0.44
0.46
0.47
0.50
0.52
0.49
0.50
0.39
0.44
0.39
0.41
0.50
0.51
0.58
0.51
0.49
0.51
0.46
0.53
0.39
0.38
0.38
0.38
0.37
0.36
0.37
0.38
0.52
0.51
0.50
0.49
CorWatt	PkgWatt
68.75	161.33
0.92	186.69
2.23
2.29
2.27
2.33
2.34
2.34
2.29
2.28
2.26
2.25
2.23
2.37
2.37
2.41
2.39
2.36
2.38
2.35
2.22
2.37
2.31
2.12
2.12
2.30
2.28
2.08
2.09
2.49
2.51
2.28
3.80
