CorWatt	PkgWatt
174.80	422.49
2.86	196.81
2.93
2.74
2.72
2.86
2.75
2.74
2.72
2.70
2.75
2.63
2.72
2.63
2.75
2.66
2.60
2.74
2.71
2.76
2.67
2.80
2.77
2.73
2.69
2.67
2.66
2.81
2.68
2.56
2.68
2.60
2.52
2.58	190.94
2.57
2.60
2.53
2.58
2.57
2.54
2.55
2.47
2.56
2.38
2.41
2.49
2.48
2.53
2.44
2.41
2.40
2.37
2.45
2.47
2.47
2.44
2.43
2.36
2.38
2.40
2.38
2.38
2.39
2.42
2.34
CorWatt	PkgWatt
164.19	403.57
2.48	185.66
2.47
2.46
2.44
2.45
2.44
2.44
2.45
2.34
2.42
2.33
2.39
2.37
2.41
2.34
2.39
2.41
2.44
2.48
2.41
2.52
2.51
2.49
2.46
2.43
2.43
2.48
2.44
2.38
2.41
2.44
2.42
2.41	185.07
2.46
2.42
2.41
2.37
2.47
2.46
2.41
2.39
2.41
2.38
2.39
2.40
2.40
2.40
2.39
2.35
2.39
2.36
2.43
2.41
2.48
2.42
2.42
2.35
2.37
2.35
2.44
2.36
2.42
2.42
2.34
CorWatt	PkgWatt
151.53	363.75
2.41	181.90
2.43
2.42
2.39
2.39
2.38
2.39
2.39
2.32
2.36
2.34
2.35
2.32
2.36
2.33
2.35
2.34
2.41
2.45
2.36
2.41
2.45
2.43
2.40
2.37
2.40
2.37
2.40
2.36
2.35
2.37
2.34
2.35	181.83
2.37
2.39
2.36
2.37
2.40
2.38
2.36
2.36
2.38
2.33
2.35
2.44
2.33
2.33
2.36
2.31
2.33
2.32
2.36
2.39
2.41
2.37
2.38
2.32
2.33
2.33
2.32
2.35
2.35
2.35
2.31
CorWatt	PkgWatt
227.24	430.71
3.62	215.30
3.39
3.61
3.53
3.62
3.44
3.66
3.56
3.55
3.43
3.59
3.58
3.48
3.47
3.57
3.46
3.66
3.41
3.69
3.53
3.53
3.70
3.88
3.48
3.52
3.53
3.53
3.61
3.44
3.55
3.59
3.42
3.54	215.44
3.43
3.64
3.55
3.54
3.63
3.45
3.49
3.74
3.57
3.56
3.52
3.61
3.62
3.54
3.58
3.50
3.49
3.57
3.58
3.66
3.64
3.54
3.57
3.57
3.30
3.38
3.52
3.66
3.58
3.59
3.48
CorWatt	PkgWatt
286.95	480.89
4.50	240.35
4.37
4.44
4.52
4.47
4.57
4.55
4.40
4.45
4.25
4.38
4.45
4.49
4.32
4.51
4.49
4.47
4.39
4.55
4.32
4.44
4.62
4.65
4.59
4.44
4.53
4.63
4.65
4.48
4.59
4.56
4.48
4.53	241.25
4.41
4.52
4.61
4.54
4.58
4.37
4.44
4.56
4.56
4.54
4.53
4.59
4.54
4.52
4.53
4.37
4.22
4.52
4.52
4.62
4.57
4.40
4.56
4.37
4.15
4.29
4.48
4.66
4.60
4.65
4.39
CorWatt	PkgWatt
287.00	482.19
4.60	240.51
4.54
4.43
4.48
4.51
4.60
4.58
4.34
4.39
4.38
4.19
4.45
4.45
4.26
4.42
4.50
4.43
4.37
4.52
4.26
4.38
4.59
4.62
4.51
4.61
4.62
4.51
4.59
4.51
4.55
4.56
4.50
4.54	241.30
4.42
4.42
4.66
4.48
4.57
4.44
4.47
4.59
4.55
4.56
4.53
4.66
4.55
4.53
4.51
4.18
4.21
4.52
4.61
4.49
4.56
4.40
4.60
4.30
4.26
4.35
4.50
4.57
4.60
4.62
4.30
CorWatt	PkgWatt
288.55	483.32
4.24	240.96
4.58
4.53
4.53
4.53
4.52
4.67
4.45
4.41
4.55
4.12
4.48
4.48
4.45
4.33
4.49
4.50
4.36
4.47
4.28
4.45
4.68
4.65
4.52
4.59
4.58
4.37
4.54
4.56
4.58
4.62
4.56
4.53	242.13
4.37
4.52
4.64
4.54
4.51
4.44
4.47
4.65
4.66
4.61
4.59
4.70
4.57
4.54
4.55
4.40
4.37
4.59
4.65
4.54
4.54
4.46
4.56
4.52
4.24
4.33
4.57
4.61
4.59
4.57
4.35
CorWatt	PkgWatt
282.10	477.50
4.18	238.81
4.43
4.46
4.37
4.53
4.46
4.45
4.44
4.32
4.42
4.11
4.33
4.42
4.42
4.47
4.47
4.39
4.25
4.51
4.49
4.41
4.57
4.47
4.52
4.53
4.53
4.40
4.47
4.39
4.41
4.36
4.45
4.38	238.65
4.25
4.50
4.40
4.42
4.46
4.35
4.36
4.30
4.53
4.32
4.47
4.48
4.56
4.36
4.55
4.35
4.22
4.53
4.34
4.42
4.39
4.50
4.54
4.35
4.22
4.11
4.42
4.53
4.47
4.42
4.21
CorWatt	PkgWatt
277.98	473.53
4.17	236.16
4.31
4.19
4.34
4.43
4.38
4.42
4.26
4.17
4.39
4.09
4.11
4.40
4.23
4.25
4.39
4.33
4.12
4.35
4.29
4.29
4.50
4.45
4.42
4.52
4.41
4.41
4.52
4.33
4.39
4.22
4.41
4.30	237.65
4.08
4.42
4.39
4.36
4.42
4.33
4.25
4.33
4.41
4.17
4.30
4.36
4.59
4.34
4.46
4.42
4.22
4.32
4.49
4.41
4.50
4.40
4.44
4.48
4.22
4.41
4.33
4.41
4.43
4.45
4.13
CorWatt	PkgWatt
275.37	471.52
4.10	236.01
4.41
4.20
4.25
4.42
4.27
4.45
4.34
4.20
4.43
4.11
4.18
4.38
4.10
4.33
4.41
4.22
4.12
4.41
4.53
4.45
4.47
4.55
4.27
4.49
4.46
4.18
4.39
4.29
4.39
4.29
4.44
4.32	235.09
4.11
4.41
4.43
4.40
4.39
4.11
4.20
4.29
4.30
4.01
4.12
4.31
4.40
4.31
4.28
4.26
3.95
4.24
4.35
4.47
4.37
4.38
4.38
4.12
4.15
4.12
4.29
4.33
4.42
4.36
4.08
CorWatt	PkgWatt
284.18	478.38
4.34	238.81
4.50
4.33
4.33
4.48
4.26
4.21
4.41
4.15
4.24
4.12
4.37
4.56
4.46
4.44
4.37
4.11
4.27
4.71
4.48
4.60
4.58
4.50
4.40
4.42
4.52
4.29
4.45
4.45
4.71
4.28
4.16
4.53	239.42
4.29
4.55
4.51
4.57
4.59
4.32
4.23
4.59
4.65
4.29
4.36
4.54
4.27
4.60
4.61
4.50
4.40
4.65
4.23
4.63
4.71
4.37
4.59
4.30
4.56
4.68
4.48
4.58
4.64
4.42
4.23
