CorWatt	PkgWatt
6.01	158.03
0.11	79.20
0.10
0.10
0.10
0.10
0.10
0.10
0.10
0.09
0.09
0.09
0.09
0.09
0.09
0.08
0.09
0.10
0.10
0.10
0.10
0.20
0.11
0.11
0.11
0.10
0.10
0.10
0.10
0.09
0.09
0.09
0.09
0.10	78.91
0.09
0.09
0.11
0.09
0.09
0.09
0.09
0.08
0.08
0.09
0.08
0.08
0.08
0.08
0.08
0.09
0.09
0.09
0.09
0.10
0.09
0.09
0.09
0.09
0.09
0.08
0.08
0.08
0.08
0.08
0.08
CorWatt	PkgWatt
5.45	154.01
0.10	77.12
0.09
0.09
0.09
0.09
0.09
0.09
0.09
0.08
0.08
0.08
0.08
0.08
0.08
0.08
0.08
0.09
0.09
0.09
0.09
0.10
0.10
0.09
0.09
0.09
0.09
0.09
0.09
0.08
0.08
0.08
0.08
0.08	77.06
0.09
0.08
0.09
0.10
0.09
0.09
0.09
0.07
0.07
0.08
0.08
0.07
0.07
0.08
0.07
0.08
0.08
0.07
0.09
0.09
0.09
0.10
0.09
0.08
0.08
0.07
0.10
0.08
0.11
0.08
0.07
CorWatt	PkgWatt
15.69	185.79
0.21	89.39
0.19
0.15
0.14
0.16
0.19
0.16
0.18
0.13
0.13
0.13
0.14
0.14
0.18
0.13
0.13
0.17
0.17
0.16
0.18
0.14
0.16
0.13
0.13
0.24
0.21
0.16
0.19
0.21
0.22
0.19
0.22
0.34	96.32
0.23
0.25
0.24
0.25
0.28
0.23
0.25
0.20
0.19
0.23
0.29
0.23
0.36
0.28
0.24
0.24
0.25
0.22
0.24
0.33
0.24
0.27
0.29
0.29
0.32
0.25
0.22
2.34
0.27
0.21
0.22
