CorWatt	PkgWatt
4.62	153.62
0.09	76.68
0.08
0.09
0.08
0.08
0.08
0.08
0.08
0.07
0.06
0.06
0.06
0.06
0.06
0.07
0.06
0.08
0.08
0.08
0.08
0.08
0.07
0.07
0.07
0.07
0.07
0.07
0.07
0.06
0.07
0.06
0.07
0.07	76.94
0.07
0.15
0.07
0.07
0.07
0.07
0.07
0.07
0.07
0.07
0.06
0.07
0.07
0.07
0.07
0.07
0.07
0.08
0.07
0.07
0.07
0.07
0.07
0.07
0.07
0.06
0.07
0.07
0.06
0.06
0.07
CorWatt	PkgWatt
4.56	151.87
0.08	75.79
0.08
0.09
0.08
0.08
0.08
0.08
0.08
0.06
0.06
0.06
0.06
0.06
0.07
0.06
0.06
0.08
0.08
0.08
0.08
0.08
0.07
0.07
0.07
0.07
0.07
0.07
0.07
0.06
0.06
0.06
0.06
0.07	76.05
0.08
0.07
0.07
0.07
0.07
0.07
0.07
0.07
0.06
0.06
0.06
0.10
0.07
0.06
0.07
0.07
0.07
0.08
0.07
0.07
0.07
0.07
0.08
0.07
0.08
0.06
0.06
0.06
0.06
0.06
0.12
CorWatt	PkgWatt
12.38	174.92
0.15	84.05
0.10
0.14
0.10
0.13
0.13
0.14
0.17
0.08
0.08
0.08
0.08
0.09
0.08
0.08
0.08
0.10
0.13
0.14
0.09
0.11
0.09
0.09
0.09
0.10
0.09
0.09
0.13
0.08
0.08
0.08
0.08
0.24	91.09
0.32
0.29
0.25
0.29
0.35
0.21
0.28
0.26
0.23
0.38
0.33
0.32
0.31
0.16
0.33
0.23
0.20
0.34
0.26
0.32
0.24
0.22
0.37
0.33
0.27
0.49
0.25
0.18
0.38
0.20
0.29
CorWatt	PkgWatt
5.23	154.16
0.09	77.42
0.08
0.09
0.08
0.08
0.08
0.08
0.08
0.07
0.07
0.06
0.07
0.07
0.07
0.07
0.06
0.08
0.08
0.08
0.08
0.09
0.08
0.08
0.08
0.07
0.07
0.07
0.07
0.07
0.07
0.07
0.07
0.08	76.59
0.10
0.10
0.09
0.09
0.08
0.08
0.15
0.08
0.11
0.09
0.08
0.07
0.10
0.08
0.07
0.12
0.10
0.08
0.09
0.09
0.09
0.10
0.09
0.09
0.07
0.07
0.09
0.08
0.07
0.07
0.09
CorWatt	PkgWatt
5.30	152.39
0.09	75.86
0.08
0.09
0.08
0.10
0.08
0.08
0.08
0.07
0.07
0.13
0.07
0.07
0.06
0.07
0.06
0.08
0.08
0.08
0.08
0.08
0.08
0.08
0.07
0.07
0.07
0.07
0.07
0.07
0.07
0.07
0.07
0.08	76.63
0.09
0.09
0.08
0.11
0.09
0.08
0.09
0.08
0.12
0.09
0.08
0.09
0.07
0.07
0.07
0.09
0.10
0.10
0.09
0.08
0.09
0.10
0.09
0.09
0.08
0.08
0.08
0.10
0.08
0.08
0.12
CorWatt	PkgWatt
8.10	163.71
0.14	81.42
0.13
0.11
0.11
0.13
0.13
0.14
0.13
0.12
0.12
0.12
0.11
0.12
0.11
0.11
0.11
0.13
0.13
0.13
0.13
0.13
0.09
0.08
0.08
0.12
0.12
0.12
0.12
0.11
0.11
0.12
0.12
0.13	82.36
0.14
0.13
0.14
0.15
0.14
0.13
0.13
0.13
0.13
0.12
0.14
0.19
0.13
0.12
0.12
0.14
0.13
0.15
0.14
0.14
0.13
0.15
0.13
0.16
0.14
0.13
0.13
0.13
0.12
0.13
0.14
CorWatt	PkgWatt
5.06	155.64
0.09	78.02
0.09
0.11
0.10
0.10
0.09
0.09
0.11
0.09
0.08
0.08
0.12
0.09
0.07
0.07
0.07
0.08
0.08
0.10
0.08
0.10
0.09
0.08
0.08
0.08
0.08
0.08
0.15
0.07
0.07
0.08
0.07
0.07	77.52
0.07
0.07
0.07
0.08
0.07
0.07
0.07
0.07
0.07
0.08
0.07
0.07
0.06
0.06
0.06
0.07
0.07
0.07
0.07
0.07
0.07
0.07
0.07
0.07
0.07
0.06
0.06
0.06
0.06
0.06
0.07
CorWatt	PkgWatt
5.19	156.25
0.10	77.98
0.09
0.11
0.09
0.09
0.08
0.08
0.08
0.07
0.07
0.07
0.07
0.07
0.07
0.07
0.07
0.08
0.08
0.08
0.08
0.09
0.08
0.08
0.08
0.08
0.08
0.08
0.08
0.07
0.07
0.07
0.07
0.08	78.20
0.09
0.08
0.08
0.15
0.09
0.08
0.08
0.07
0.08
0.07
0.07
0.08
0.07
0.07
0.07
0.08
0.08
0.08
0.11
0.08
0.09
0.13
0.09
0.08
0.08
0.07
0.07
0.07
0.07
0.07
0.08
CorWatt	PkgWatt
5.05	155.63
0.09	77.57
0.08
0.09
0.09
0.08
0.08
0.08
0.08
0.07
0.07
0.06
0.07
0.06
0.06
0.07
0.06
0.08
0.08
0.08
0.08
0.09
0.08
0.08
0.08
0.07
0.07
0.07
0.07
0.07
0.07
0.07
0.07
0.08	78.14
0.09
0.08
0.09
0.09
0.09
0.09
0.08
0.07
0.07
0.14
0.07
0.08
0.07
0.07
0.07
0.08
0.09
0.08
0.08
0.09
0.08
0.08
0.08
0.12
0.09
0.07
0.07
0.08
0.08
0.08
0.09
CorWatt	PkgWatt
4.91	155.44
0.09	77.41
0.08
0.09
0.09
0.08
0.08
0.08
0.08
0.07
0.06
0.06
0.06
0.06
0.06
0.06
0.06
0.08
0.08
0.08
0.08
0.08
0.08
0.07
0.07
0.07
0.07
0.07
0.07
0.06
0.07
0.07
0.06
0.08	77.95
0.08
0.07
0.09
0.13
0.09
0.08
0.08
0.07
0.07
0.07
0.08
0.08
0.09
0.08
0.08
0.08
0.07
0.07
0.14
0.09
0.07
0.08
0.07
0.08
0.07
0.07
0.07
0.07
0.08
0.07
0.07
CorWatt	PkgWatt
4.89	155.63
0.09	77.58
0.09
0.09
0.10
0.08
0.08
0.08
0.08
0.06
0.06
0.06
0.06
0.06
0.06
0.06
0.06
0.08
0.08
0.08
0.08
0.08
0.08
0.07
0.07
0.07
0.07
0.07
0.07
0.06
0.06
0.07
0.06
0.08	78.03
0.07
0.07
0.08
0.15
0.08
0.08
0.08
0.07
0.07
0.08
0.07
0.08
0.07
0.07
0.07
0.08
0.07
0.07
0.10
0.12
0.09
0.08
0.08
0.09
0.08
0.08
0.07
0.08
0.07
0.07
0.07
CorWatt	PkgWatt
5.18	155.80
0.10	77.78
0.09
0.10
0.10
0.08
0.08
0.08
0.08
0.07
0.07
0.07
0.07
0.07
0.07
0.07
0.07
0.08
0.08
0.08
0.08
0.09
0.08
0.08
0.08
0.08
0.08
0.08
0.08
0.07
0.07
0.07
0.07
0.08	78.11
0.12
0.08
0.08
0.10
0.08
0.08
0.08
0.08
0.07
0.07
0.07
0.07
0.11
0.11
0.07
0.08
0.07
0.07
0.09
0.10
0.09
0.09
0.08
0.07
0.07
0.08
0.07
0.08
0.07
0.07
0.09
CorWatt	PkgWatt
6.45	157.61
0.10	77.73
0.09
0.10
0.10
0.08
0.09
0.08
0.08
0.07
0.07
0.07
0.07
0.07
0.07
0.07
0.07
0.08
0.09
0.08
0.09
0.09
0.08
0.08
0.08
0.08
0.08
0.08
0.07
0.07
0.07
0.07
0.07
0.10	79.81
0.16
0.11
0.11
0.13
0.13
0.15
0.12
0.11
0.18
0.11
0.12
0.15
0.15
0.16
0.13
0.10
0.12
0.11
0.12
0.12
0.13
0.13
0.12
0.11
0.11
0.11
0.11
0.12
0.10
0.10
0.09
