CorWatt	PkgWatt
5.73	155.89
0.11	77.50
0.11
0.11
0.11
0.10
0.10
0.10
0.10
0.09
0.09
0.09
0.09
0.09
0.08
0.08
0.08
0.10
0.10
0.10
0.11
0.11
0.10
0.10
0.10
0.10
0.10
0.09
0.09
0.13
0.09
0.09
0.09
0.09	76.88
0.08
0.08
0.08
0.09
0.08
0.08
0.08
0.07
0.07
0.07
0.07
0.08
0.08
0.07
0.07
0.08
0.08
0.08
0.08
0.09
0.09
0.09
0.09
0.08
0.08
0.08
0.08
0.07
0.07
0.07
0.08
CorWatt	PkgWatt
5.82	153.66
0.14	77.48
0.12
0.11
0.11
0.10
0.10
0.10
0.12
0.11
0.09
0.13
0.09
0.09
0.17
0.10
0.09
0.11
0.11
0.10
0.11
0.13
0.10
0.10
0.10
0.10
0.09
0.09
0.09
0.09
0.09
0.09
0.10
0.10	76.58
0.08
0.08
0.08
0.08
0.07
0.07
0.07
0.07
0.07
0.07
0.07
0.07
0.08
0.07
0.07
0.07
0.07
0.07
0.08
0.08
0.08
0.11
0.11
0.08
0.07
0.07
0.08
0.07
0.07
0.07
0.08
CorWatt	PkgWatt
15.20	177.99
0.37	94.46
0.36
0.36
0.34
0.24
0.27
0.28
0.29
0.28
0.24
0.24
0.25
0.22
0.19
0.20
0.22
0.30
0.29
0.26
0.31
0.25
0.27
0.31
0.26
0.37
2.27
0.27
0.30
0.23
0.25
0.23
0.29
0.15	83.22
0.13
0.12
0.13
0.21
0.14
0.12
0.13
0.11
0.10
0.10
0.16
0.12
0.16
0.18
0.13
0.12
0.13
0.11
0.14
0.16
0.17
0.16
0.16
0.13
0.12
0.12
0.14
0.16
0.11
0.11
0.14
