CorWatt	PkgWatt
4.69	152.85
0.10	77.05
0.09
0.09
0.09
0.08
0.08
0.08
0.08
0.09
0.09
0.09
0.08
0.07
0.15
0.07
0.07
0.08
0.08
0.08
0.08
0.10
0.09
0.10
0.09
0.08
0.08
0.08
0.08
0.07
0.08
0.08
0.07
0.06	75.92
0.06
0.06
0.06
0.07
0.07
0.06
0.06
0.06
0.06
0.05
0.06
0.06
0.06
0.06
0.05
0.06
0.06
0.06
0.06
0.07
0.07
0.07
0.07
0.06
0.06
0.06
0.06
0.06
0.07
0.06
0.06
CorWatt	PkgWatt
4.44	152.21
0.08	76.15
0.08
0.08
0.08
0.08
0.08
0.08
0.08
0.08
0.07
0.07
0.07
0.06
0.07
0.06
0.06
0.08
0.08
0.08
0.08
0.09
0.08
0.08
0.08
0.08
0.07
0.07
0.07
0.07
0.07
0.07
0.06
0.06	75.88
0.06
0.06
0.07
0.10
0.07
0.06
0.06
0.05
0.06
0.05
0.05
0.06
0.06
0.06
0.06
0.06
0.06
0.06
0.06
0.08
0.08
0.07
0.08
0.06
0.06
0.10
0.06
0.07
0.06
0.06
0.06
