CorWatt	PkgWatt
15.21	127.12
0.53	127.14
0.51
0.50
0.47
0.51
0.50
0.50
0.49
0.47
0.45
0.44
0.44
0.53
0.55
0.52
0.54
0.52
0.47
0.46
0.48
0.44
0.41
0.40
0.41
0.37
0.37
0.39
0.37
0.53
0.62
0.53
0.52
CorWatt	PkgWatt
14.47	126.38
0.51	126.45
0.48
0.48
0.45
0.49
0.49
0.48
0.47
0.43
0.42
0.39
0.41
0.49
0.54
0.50
0.54
0.44
0.45
0.44
0.47
0.41
0.38
0.38
0.38
0.36
0.41
0.36
0.37
0.51
0.51
0.50
0.53
CorWatt	PkgWatt
62.07	175.83
0.99	175.85
1.94
1.98
1.97
2.07
3.37
2.03
1.97
1.97
1.90
1.90
1.87
2.05
2.01
2.02
2.24
1.96
1.97
1.78
1.82
1.81
1.79
1.66
1.67
1.87
1.92
1.81
1.76
2.09
2.03
1.95
1.89
CorWatt	PkgWatt
48.84	162.66
0.67	162.59
1.54
1.58
1.56
1.63
2.37
1.66
1.59
1.54
1.53
1.50
1.48
1.66
1.63
1.69
1.70
1.56
1.55
1.41
1.44
1.50
1.51
1.35
1.32
1.47
1.44
1.36
1.33
1.64
1.62
1.51
1.50
