CorWatt	PkgWatt
15.58	128.68
0.57	128.69
0.48
0.51
0.46
0.52
0.56
0.52
0.53
0.41
0.46
0.52
0.44
0.53
0.55
0.61
0.56
0.47
0.50
0.46
0.47
0.41
0.40
0.40
0.40
0.41
0.43
0.41
0.42
0.55
0.53
0.53
0.54
CorWatt	PkgWatt
15.13	127.41
0.56	128.31
0.49
0.48
0.45
0.53
0.51
0.51
0.50
0.40
0.44
0.40
0.41
0.53
0.56
0.59
0.56
0.48
0.49
0.47
0.50
0.39
0.39
0.40
0.40
0.40
0.40
0.40
0.39
0.55
0.51
0.52
0.51
CorWatt	PkgWatt
70.62	167.04
1.59	187.48
2.27
2.33
2.29
2.36
2.37
2.36
2.34
2.32
2.34
2.39
2.32
2.45
2.45
2.45
2.63
2.37
2.36
2.16
2.20
2.34
2.37
2.15
2.09
3.33
2.31
2.14
2.14
2.53
2.53
2.27
2.28
