CorWatt	PkgWatt
15.36	127.85
0.54	127.86
0.48
0.50
0.45
0.52
0.52
0.50
0.49
0.40
0.53
0.43
0.43
0.53
0.55
0.53
0.56
0.49
0.50
0.49
0.57
0.44
0.43
0.43
0.44
0.37
0.38
0.38
0.36
0.54
0.53
0.53
0.52
CorWatt	PkgWatt
14.90	127.39
0.52	127.57
0.49
0.51
0.45
0.49
0.51
0.49
0.49
0.39
0.47
0.37
0.41
0.50
0.52
0.55
0.57
0.47
0.47
0.47
0.53
0.42
0.39
0.41
0.50
0.36
0.37
0.37
0.35
0.52
0.51
0.53
0.52
CorWatt	PkgWatt
73.27	189.01
2.13	188.83
3.00
2.53
2.33
2.41
2.40
2.40
2.38
2.25
2.25
2.24
2.23
2.41
2.39
2.41
2.43
2.31
2.31
2.12
2.13
2.27
2.25
2.07
1.99
2.22
2.18
1.99
1.99
2.42
2.41
2.17
2.20
