CorWatt	PkgWatt
15.52	127.55
0.55	127.55
0.47
0.49
0.47
0.51
0.51
0.51
0.50
0.41
0.51
0.42
0.46
0.54
0.54
0.54
0.54
0.49
0.49
0.48
0.51
0.41
0.40
0.41
0.44
0.39
0.53
0.39
0.38
0.53
0.59
0.53
0.55
CorWatt	PkgWatt
14.63	126.73
0.52	126.83
0.45
0.47
0.45
0.50
0.51
0.52
0.48
0.39
0.47
0.37
0.37
0.56
0.50
0.51
0.52
0.44
0.46
0.46
0.48
0.40
0.38
0.39
0.41
0.36
0.42
0.41
0.37
0.52
0.56
0.50
0.50
CorWatt	PkgWatt
20.86	132.03
0.73	131.97
0.77
0.74
0.63
0.62
0.64
0.70
0.63
0.69
0.70
0.58
0.61
0.78
0.72
0.80
0.73
0.56
0.56
0.72
0.65
0.53
0.50
0.52
0.62
0.53
0.55
0.61
0.58
0.69
0.76
0.67
0.73
CorWatt	PkgWatt
15.51	127.59
0.50	127.57
0.52
0.45
0.46
0.54
0.54
0.54
0.52
0.42
0.62
0.45
0.45
0.58
0.55
0.59
0.57
0.44
0.46
0.53
0.46
0.45
0.38
0.42
0.43
0.37
0.39
0.40
0.35
0.53
0.57
0.54
0.50
CorWatt	PkgWatt
15.88	127.59
0.55	127.59
0.55
0.51
0.50
0.55
0.54
0.59
0.58
0.40
0.49
0.38
0.43
0.60
0.61
0.58
0.58
0.46
0.47
0.54
0.46
0.40
0.40
0.43
0.44
0.43
0.40
0.42
0.39
0.52
0.56
0.55
0.54
CorWatt	PkgWatt
16.93	128.39
0.55	128.42
0.53
0.54
0.52
0.53
0.56
0.56
0.57
0.44
0.54
0.48
0.49
0.74
0.66
0.72
0.67
0.48
0.52
0.57
0.49
0.47
0.45
0.42
0.44
0.45
0.43
0.42
0.39
0.56
0.60
0.58
0.56
CorWatt	PkgWatt
15.65	127.58
0.55	127.55
0.58
0.54
0.49
0.54
0.54
0.50
0.55
0.42
0.49
0.40
0.44
0.57
0.57
0.59
0.57
0.46
0.46
0.52
0.48
0.43
0.42
0.40
0.42
0.41
0.36
0.38
0.36
0.52
0.57
0.55
0.56
CorWatt	PkgWatt
15.57	127.46
0.50	127.46
0.47
0.50
0.55
0.49
0.50
0.54
0.53
0.42
0.50
0.43
0.42
0.58
0.55
0.64
0.58
0.44
0.46
0.50
0.49
0.45
0.40
0.42
0.43
0.40
0.39
0.42
0.38
0.55
0.56
0.55
0.56
CorWatt	PkgWatt
15.40	127.49
0.50	127.48
0.44
0.48
0.51
0.49
0.49
0.49
0.53
0.43
0.47
0.37
0.39
0.53
0.53
0.51
0.56
0.50
0.50
0.52
0.52
0.47
0.40
0.49
0.48
0.43
0.39
0.40
0.39
0.52
0.57
0.54
0.56
CorWatt	PkgWatt
15.10	127.12
0.50	127.12
0.43
0.45
0.53
0.49
0.48
0.49
0.53
0.40
0.47
0.36
0.37
0.51
0.52
0.54
0.55
0.45
0.47
0.48
0.46
0.44
0.38
0.39
0.38
0.44
0.42
0.40
0.46
0.55
0.59
0.57
0.57
CorWatt	PkgWatt
15.77	127.66
0.52	127.66
0.52
0.50
0.54
0.53
0.53
0.49
0.52
0.43
0.45
0.37
0.44
0.63
0.56
0.52
0.53
0.46
0.46
0.48
0.46
0.45
0.42
0.39
0.39
0.45
0.41
0.43
0.49
0.60
0.56
0.57
0.66
CorWatt	PkgWatt
15.34	127.27
0.50	127.27
0.52
0.57
0.51
0.53
0.54
0.55
0.55
0.43
0.48
0.41
0.39
0.52
0.54
0.53
0.51
0.48
0.49
0.49
0.48
0.44
0.38
0.38
0.42
0.39
0.38
0.39
0.38
0.53
0.54
0.52
0.58
CorWatt	PkgWatt
19.58	130.73
0.60	130.76
0.63
0.66
0.53
0.63
0.60
0.59
0.63
0.48
0.53
0.56
0.52
0.59
0.63
0.73
0.60
0.60
0.68
0.67
0.65
0.63
0.53
0.63
0.59
0.54
0.52
0.54
0.57
0.70
0.79
0.66
0.75
