CorWatt	PkgWatt
15.41	127.90
0.56	127.91
0.50
0.48
0.46
0.52
0.52
0.52
0.50
0.42
0.45
0.48
0.44
0.52
0.54
0.59
0.54
0.54
0.50
0.52
0.50
0.41
0.45
0.40
0.41
0.38
0.38
0.38
0.37
0.53
0.53
0.52
0.53
CorWatt	PkgWatt
15.00	127.32
0.51	127.62
0.49
0.48
0.51
0.51
0.52
0.50
0.54
0.40
0.45
0.38
0.43
0.51
0.52
0.58
0.53
0.54
0.47
0.48
0.48
0.41
0.39
0.42
0.40
0.36
0.36
0.38
0.36
0.52
0.54
0.52
0.53
CorWatt	PkgWatt
63.08	176.46
0.96	176.19
1.95
1.96
2.03
2.13
2.02
2.03
1.99
3.28
1.97
1.89
1.92
2.00
2.02
2.04
2.23
2.01
1.94
1.82
1.85
1.91
1.92
1.81
1.74
1.95
2.00
1.84
1.79
2.15
2.08
1.91
1.91
CorWatt	PkgWatt
47.56	162.07
0.71	161.99
1.55
1.55
1.53
1.57
1.58
1.57
1.53
2.18
1.51
1.46
1.46
1.59
1.59
1.63
1.61
1.52
1.51
1.40
1.40
1.48
1.47
1.31
1.30
1.44
1.43
1.29
1.32
1.59
1.58
1.44
1.43
