CorWatt	PkgWatt
15.12	126.99
0.50	127.00
0.46
0.46
0.45
0.53
0.56
0.53
0.52
0.40
0.48
0.40
0.42
0.56
0.54
0.56
0.53
0.48
0.49
0.47
0.51
0.40
0.39
0.42
0.40
0.41
0.45
0.38
0.37
0.53
0.53
0.51
0.51
CorWatt	PkgWatt
14.66	126.43
0.49	126.49
0.46
0.48
0.47
0.51
0.55
0.50
0.51
0.38
0.44
0.44
0.43
0.51
0.52
0.51
0.51
0.46
0.48
0.45
0.47
0.40
0.38
0.42
0.38
0.38
0.41
0.37
0.35
0.52
0.50
0.49
0.49
CorWatt	PkgWatt
21.28	132.50
0.64	132.46
0.55
0.59
0.61
0.71
0.65
0.66
0.68
0.50
0.65
0.52
0.55
0.68
2.64
0.63
0.64
0.60
0.61
0.55
0.63
0.51
0.49
0.59
0.49
0.57
0.60
0.57
0.48
0.68
0.71
0.64
0.63
CorWatt	PkgWatt
16.50	127.99
0.50	127.98
0.44
0.44
0.47
0.54
0.49
0.48
0.56
0.63
1.13
0.64
0.63
0.53
0.62
0.52
0.54
0.44
0.51
0.44
0.47
0.39
0.38
0.46
0.40
0.43
0.47
0.44
0.41
0.51
0.56
0.53
0.51
CorWatt	PkgWatt
16.67	127.98
0.53	127.98
0.45
0.45
0.50
0.52
0.50
0.50
0.55
0.62
0.97
0.90
0.64
0.51
0.61
0.52
0.51
0.46
0.49
0.45
0.47
0.41
0.38
0.45
0.42
0.44
0.45
0.39
0.39
0.54
0.57
0.53
0.57
CorWatt	PkgWatt
16.45	127.81
0.49	127.80
0.44
0.45
0.48
0.52
0.49
0.48
0.54
0.65
0.68
1.20
0.61
0.50
0.62
0.52
0.52
0.48
0.51
0.46
0.46
0.39
0.40
0.45
0.40
0.40
0.44
0.41
0.37
0.54
0.51
0.50
0.52
CorWatt	PkgWatt
16.16	127.81
0.50	127.80
0.44
0.45
0.49
0.50
0.48
0.48
0.55
0.62
0.67
1.21
0.61
0.50
0.61
0.54
0.51
0.45
0.49
0.45
0.47
0.38
0.38
0.41
0.39
0.36
0.44
0.36
0.35
0.54
0.50
0.51
0.51
CorWatt	PkgWatt
16.36	127.92
0.54	127.92
0.44
0.45
0.44
0.48
0.48
0.48
0.54
0.57
1.29
0.87
0.57
0.50
0.63
0.53
0.53
0.48
0.48
0.49
0.46
0.41
0.38
0.42
0.39
0.38
0.41
0.36
0.35
0.50
0.50
0.50
0.50
CorWatt	PkgWatt
17.50	129.63
0.53	129.63
0.45
0.46
0.45
0.49
0.49
0.55
0.54
0.39
3.13
0.43
0.42
0.52
0.61
0.54
0.52
0.45
0.48
0.48
0.47
0.39
0.38
0.42
0.39
0.36
0.40
0.37
0.36
0.52
0.50
0.49
0.51
CorWatt	PkgWatt
17.16	129.47
0.52	129.47
0.44
0.44
0.43
0.51
0.48
0.52
0.58
0.38
3.14
0.40
0.39
0.49
0.59
0.51
0.51
0.45
0.48
0.49
0.45
0.39
0.38
0.41
0.39
0.36
0.35
0.35
0.36
0.50
0.49
0.49
0.50
CorWatt	PkgWatt
17.53	129.88
0.53	129.88
0.44
0.46
0.45
0.49
0.51
0.52
0.53
0.40
3.16
0.43
0.42
0.52
0.64
0.54
0.53
0.47
0.48
0.49
0.47
0.38
0.38
0.41
0.39
0.40
0.38
0.36
0.37
0.50
0.49
0.49
0.51
CorWatt	PkgWatt
17.24	129.53
0.53	129.52
0.43
0.46
0.42
0.49
0.49
0.51
0.54
0.40
3.16
0.39
0.39
0.50
0.60
0.51
0.51
0.44
0.50
0.52
0.46
0.38
0.38
0.42
0.40
0.38
0.35
0.35
0.35
0.50
0.50
0.49
0.51
CorWatt	PkgWatt
17.42	129.60
0.50	129.61
0.44
0.44
0.44
0.49
0.50
0.54
0.54
0.40
3.16
0.40
0.41
0.51
0.60
0.54
0.51
0.45
0.49
0.49
0.47
0.39
0.38
0.42
0.39
0.42
0.35
0.37
0.35
0.51
0.49
0.49
0.51
CorWatt	PkgWatt
17.66	129.97
0.55	129.97
0.42
0.47
0.46
0.49
0.48
0.51
0.53
0.37
3.16
0.41
0.40
0.53
0.63
0.54
0.55
0.49
0.52
0.48
0.48
0.42
0.41
0.43
0.41
0.39
0.39
0.35
0.40
0.50
0.49
0.49
0.50
CorWatt	PkgWatt
17.53	129.76
0.55	129.76
0.43
0.46
0.47
0.50
0.48
0.51
0.55
0.37
3.15
0.47
0.40
0.50
0.61
0.49
0.52
0.45
0.49
0.50
0.47
0.39
0.38
0.41
0.38
0.39
0.38
0.35
0.35
0.52
0.53
0.52
0.54
CorWatt	PkgWatt
17.20	129.59
0.53	129.59
0.43
0.46
0.42
0.49
0.48
0.52
0.54
0.38
3.16
0.39
0.40
0.49
0.61
0.49
0.52
0.44
0.48
0.48
0.45
0.41
0.38
0.42
0.38
0.39
0.37
0.35
0.35
0.50
0.50
0.50
0.50
CorWatt	PkgWatt
17.39	129.84
0.53	129.83
0.44
0.45
0.46
0.51
0.49
0.52
0.56
0.38
3.14
0.40
0.40
0.50
0.59
0.51
0.53
0.46
0.49
0.51
0.47
0.38
0.38
0.42
0.39
0.37
0.36
0.36
0.36
0.51
0.51
0.50
0.52
CorWatt	PkgWatt
17.24	129.47
0.55	129.48
0.44
0.47
0.45
0.49
0.48
0.53
0.54
0.37
3.13
0.40
0.39
0.49
0.60
0.49
0.52
0.45
0.49
0.49
0.46
0.39
0.38
0.41
0.39
0.37
0.37
0.35
0.35
0.51
0.50
0.49
0.50
CorWatt	PkgWatt
17.41	129.61
0.54	129.61
0.43
0.46
0.44
0.48
0.48
0.52
0.54
0.38
3.14
0.39
0.40
0.50
0.60
0.49
0.52
0.44
0.48
0.48
0.47
0.41
0.41
0.43
0.40
0.45
0.37
0.38
0.36
0.51
0.51
0.50
0.52
CorWatt	PkgWatt
16.98	129.33
0.53	129.33
0.42
0.44
0.43
0.49
0.48
0.52
0.54
0.38
2.95
0.39
0.39
0.49
0.60
0.49
0.52
0.48
0.48
0.48
0.45
0.39
0.38
0.41
0.39
0.38
0.36
0.35
0.36
0.50
0.50
0.49
0.51
CorWatt	PkgWatt
18.43	129.87
0.79	129.89
0.67
0.69
1.03
0.57
0.56
0.60
1.10
0.47
0.51
0.46
0.48
0.60
0.65
0.59
0.61
0.53
0.54
0.56
0.58
0.45
0.45
0.48
0.46
0.47
0.42
0.42
0.45
0.56
0.55
0.56
0.57
CorWatt	PkgWatt
16.54	128.03
1.49	128.01
0.77
0.82
0.82
0.50
0.49
0.48
0.60
0.39
0.48
0.36
0.40
0.49
0.52
0.48
0.52
0.44
0.50
0.49
0.52
0.39
0.38
0.41
0.39
0.37
0.35
0.36
0.35
0.50
0.50
0.49
0.50
CorWatt	PkgWatt
16.72	128.08
1.48	128.08
0.77
0.82
0.82
0.49
0.49
0.50
0.62
0.39
0.44
0.38
0.39
0.52
0.53
0.50
0.54
0.45
0.49
0.49
0.53
0.40
0.41
0.42
0.43
0.36
0.35
0.35
0.35
0.50
0.50
0.49
0.51
CorWatt	PkgWatt
16.61	127.98
0.90	127.98
0.83
0.83
1.35
0.49
0.49
0.48
0.60
0.37
0.42
0.36
0.38
0.52
0.51
0.53
0.56
0.46
0.49
0.49
0.53
0.43
0.38
0.41
0.39
0.36
0.35
0.35
0.37
0.50
0.50
0.50
0.51
CorWatt	PkgWatt
16.73	128.24
0.83	128.23
0.79
0.82
1.47
0.51
0.49
0.50
0.60
0.39
0.43
0.42
0.38
0.50
0.50
0.50
0.54
0.46
0.48
0.49
0.54
0.39
0.40
0.41
0.39
0.39
0.37
0.36
0.37
0.51
0.50
0.50
0.51
CorWatt	PkgWatt
16.73	128.17
0.82	128.17
1.23
0.83
1.06
0.50
0.50
0.49
0.59
0.40
0.42
0.37
0.38
0.49
0.50
0.50
0.55
0.45
0.51
0.50
0.52
0.40
0.38
0.42
0.39
0.40
0.35
0.37
0.38
0.52
0.52
0.50
0.52
CorWatt	PkgWatt
18.22	129.43
1.04	129.43
2.19
1.05
1.03
0.50
0.50
0.50
0.58
0.37
0.44
0.38
0.38
0.51
0.51
0.49
0.54
0.47
0.52
0.53
0.55
0.39
0.39
0.42
0.40
0.37
0.38
0.38
0.39
0.51
0.50
0.51
0.51
CorWatt	PkgWatt
19.60	130.78
1.28	130.78
2.37
1.29
1.96
0.50
0.49
0.49
0.59
0.39
0.42
0.37
0.38
0.49
0.50
0.50
0.52
0.47
0.50
0.49
0.52
0.39
0.38
0.42
0.39
0.38
0.35
0.38
0.37
0.50
0.50
0.51
0.52
CorWatt	PkgWatt
19.61	130.67
1.28	130.67
1.86
1.29
2.44
0.50
0.49
0.50
0.60
0.39
0.44
0.38
0.40
0.50
0.50
0.49
0.53
0.45
0.49
0.50
0.53
0.39
0.38
0.42
0.39
0.37
0.35
0.36
0.36
0.51
0.50
0.50
0.52
CorWatt	PkgWatt
19.42	130.58
1.29	130.58
1.63
1.29
2.67
0.50
0.49
0.48
0.61
0.38
0.42
0.38
0.37
0.49
0.50
0.48
0.53
0.46
0.49
0.50
0.51
0.39
0.38
0.40
0.39
0.36
0.35
0.35
0.37
0.50
0.49
0.49
0.50
CorWatt	PkgWatt
19.53	130.72
3.06	130.71
1.27
1.29
1.28
0.49
0.49
0.50
0.60
0.36
0.42
0.37
0.38
0.49
0.50
0.48
0.52
0.46
0.49
0.50
0.55
0.39
0.38
0.40
0.39
0.40
0.36
0.35
0.36
0.50
0.49
0.49
0.51
CorWatt	PkgWatt
19.48	130.66
1.28	130.66
1.28
1.29
3.04
0.49
0.49
0.49
0.59
0.37
0.42
0.38
0.37
0.48
0.50
0.49
0.52
0.45
0.50
0.49
0.57
0.39
0.38
0.41
0.39
0.36
0.35
0.35
0.37
0.50
0.50
0.49
0.50
CorWatt	PkgWatt
19.65	130.77
1.72	130.77
1.27
1.29
2.59
0.50
0.49
0.49
0.59
0.40
0.43
0.37
0.39
0.49
0.51
0.50
0.53
0.46
0.49
0.51
0.53
0.39
0.39
0.41
0.39
0.38
0.37
0.38
0.37
0.51
0.49
0.49
0.51
CorWatt	PkgWatt
19.55	130.66
1.80	130.66
1.27
1.29
2.52
0.50
0.49
0.49
0.59
0.37
0.42
0.39
0.39
0.49
0.50
0.48
0.53
0.44
0.51
0.52
0.53
0.39
0.38
0.41
0.38
0.36
0.37
0.37
0.40
0.50
0.49
0.49
0.50
CorWatt	PkgWatt
19.82	130.92
1.60	130.92
1.28
1.29
2.71
0.50
0.50
0.51
0.59
0.37
0.42
0.42
0.38
0.49
0.50
0.48
0.50
0.46
0.49
0.50
0.55
0.41
0.39
0.43
0.41
0.39
0.37
0.36
0.38
0.53
0.54
0.53
0.55
CorWatt	PkgWatt
19.44	130.81
1.28	130.81
1.27
1.29
3.04
0.50
0.49
0.49
0.60
0.38
0.42
0.37
0.37
0.48
0.50
0.48
0.50
0.47
0.50
0.50
0.53
0.40
0.38
0.41
0.38
0.36
0.35
0.35
0.37
0.50
0.49
0.49
0.50
CorWatt	PkgWatt
19.72	130.76
2.74	130.76
1.27
1.29
1.58
0.50
0.49
0.49
0.58
0.37
0.43
0.41
0.38
0.49
0.51
0.51
0.51
0.48
0.49
0.51
0.53
0.39
0.39
0.41
0.40
0.41
0.35
0.36
0.38
0.52
0.50
0.52
0.52
CorWatt	PkgWatt
19.71	131.00
1.87	130.99
0.91
0.92
0.94
0.58
0.56
0.60
0.68
0.44
0.49
0.45
0.45
0.56
0.61
0.59
0.58
0.52
0.54
0.54
0.89
0.47
0.46
0.46
0.60
0.47
0.44
0.44
0.46
0.55
0.54
0.54
0.56
CorWatt	PkgWatt
16.14	127.90
0.52	127.90
0.47
0.47
0.54
0.50
0.49
0.49
0.48
0.37
0.43
0.41
0.41
0.50
0.51
0.49
0.51
0.67
0.67
0.66
1.21
0.39
0.38
0.41
0.52
0.39
0.35
0.42
0.45
0.52
0.51
0.50
0.51
CorWatt	PkgWatt
15.88	127.56
0.50	127.56
0.45
0.44
0.52
0.53
0.48
0.49
0.50
0.36
0.41
0.38
0.37
0.49
0.50
0.48
0.50
1.02
0.69
0.69
0.81
0.39
0.38
0.41
0.51
0.38
0.35
0.41
0.44
0.50
0.50
0.49
0.50
CorWatt	PkgWatt
16.32	127.84
0.52	127.84
0.45
0.46
0.55
0.51
0.51
0.48
0.48
0.42
0.44
0.41
0.42
0.52
0.54
0.52
0.53
0.72
0.70
0.70
1.12
0.40
0.39
0.41
0.50
0.38
0.35
0.40
0.45
0.51
0.51
0.50
0.51
CorWatt	PkgWatt
15.89	127.65
0.50	127.65
0.44
0.48
0.50
0.49
0.48
0.48
0.48
0.36
0.42
0.40
0.38
0.50
0.50
0.48
0.50
0.79
0.71
0.69
1.05
0.40
0.38
0.42
0.49
0.37
0.35
0.40
0.46
0.50
0.50
0.49
0.49
CorWatt	PkgWatt
16.16	128.29
0.51	128.29
0.44
0.44
0.49
0.49
0.49
0.48
0.47
0.40
0.42
0.38
0.38
0.49
0.51
0.49
0.50
0.72
0.67
0.66
1.41
0.38
0.38
0.41
0.49
0.45
0.36
0.40
0.44
0.50
0.49
0.49
0.52
CorWatt	PkgWatt
18.61	133.14
0.52	133.13
0.43
0.51
0.45
0.49
0.49
0.49
0.49
0.39
0.43
0.36
0.39
0.48
0.50
0.48
0.52
0.48
0.47
0.46
4.44
0.41
0.40
0.45
0.50
0.39
0.38
0.41
0.42
0.50
0.49
0.49
0.49
CorWatt	PkgWatt
19.05	133.47
0.55	133.47
0.45
0.51
0.49
0.50
0.50
0.49
0.52
0.38
0.42
0.44
0.39
0.50
0.50
0.49
0.52
0.50
0.48
0.48
4.44
0.41
0.40
0.42
0.50
0.39
0.41
0.41
0.42
0.54
0.55
0.52
0.53
CorWatt	PkgWatt
18.60	133.26
0.52	133.26
0.46
0.52
0.44
0.49
0.49
0.49
0.49
0.38
0.42
0.37
0.38
0.49
0.50
0.48
0.52
0.48
0.48
0.46
4.44
0.42
0.40
0.43
0.49
0.36
0.37
0.41
0.43
0.50
0.50
0.49
0.50
CorWatt	PkgWatt
18.88	133.37
0.56	133.37
0.45
0.47
0.46
0.50
0.50
0.49
0.49
0.37
0.43
0.38
0.40
0.51
0.51
0.49
0.52
0.55
0.48
0.48
4.44
0.41
0.41
0.43
0.51
0.37
0.38
0.41
0.42
0.51
0.51
0.50
0.52
CorWatt	PkgWatt
18.59	133.24
0.55	133.24
0.45
0.47
0.46
0.49
0.49
0.49
0.49
0.37
0.42
0.36
0.38
0.49
0.50
0.49
0.53
0.49
0.48
0.46
4.44
0.41
0.40
0.43
0.51
0.36
0.38
0.40
0.41
0.50
0.50
0.49
0.50
CorWatt	PkgWatt
18.95	133.50
0.57	133.51
0.46
0.48
0.46
0.50
0.50
0.50
0.50
0.38
0.42
0.37
0.39
0.50
0.50
0.49
0.53
0.49
0.48
0.47
4.44
0.42
0.42
0.44
0.52
0.42
0.39
0.42
0.43
0.51
0.52
0.51
0.52
CorWatt	PkgWatt
18.53	133.34
0.54	133.33
0.44
0.45
0.44
0.50
0.49
0.49
0.50
0.37
0.42
0.37
0.37
0.49
0.50
0.48
0.51
0.49
0.48
0.47
4.44
0.41
0.40
0.42
0.50
0.36
0.37
0.41
0.43
0.50
0.50
0.50
0.50
CorWatt	PkgWatt
18.66	133.39
0.54	133.40
0.46
0.45
0.46
0.50
0.49
0.49
0.49
0.37
0.42
0.37
0.41
0.49
0.50
0.48
0.52
0.49
0.48
0.46
4.45
0.41
0.41
0.43
0.50
0.36
0.37
0.42
0.42
0.50
0.51
0.52
0.51
CorWatt	PkgWatt
18.53	133.20
0.54	133.20
0.44
0.45
0.43
0.49
0.49
0.49
0.49
0.38
0.43
0.36
0.39
0.49
0.50
0.48
0.52
0.48
0.48
0.46
4.44
0.40
0.40
0.42
0.51
0.36
0.37
0.41
0.42
0.50
0.50
0.50
0.50
CorWatt	PkgWatt
18.97	133.56
0.54	133.56
0.46
0.46
0.44
0.51
0.51
0.52
0.51
0.37
0.42
0.38
0.40
0.54
0.52
0.49
0.53
0.53
0.48
0.47
4.44
0.42
0.44
0.45
0.51
0.37
0.39
0.41
0.42
0.51
0.52
0.50
0.51
CorWatt	PkgWatt
18.79	133.56
0.56	133.56
0.44
0.45
0.45
0.51
0.50
0.49
0.50
0.38
0.42
0.37
0.38
0.52
0.50
0.52
0.57
0.50
0.48
0.46
4.44
0.42
0.40
0.43
0.49
0.38
0.37
0.42
0.42
0.50
0.51
0.50
0.50
CorWatt	PkgWatt
18.92	133.60
0.54	133.59
0.47
0.47
0.46
0.50
0.49
0.49
0.49
0.39
0.42
0.42
0.39
0.50
0.50
0.48
0.52
0.51
0.49
0.48
4.45
0.40
0.40
0.42
0.51
0.46
0.38
0.42
0.44
0.51
0.51
0.50
0.51
CorWatt	PkgWatt
18.40	130.19
0.61	130.20
0.54
0.75
0.56
0.62
0.65
0.63
0.88
0.46
0.48
0.47
0.45
0.57
0.57
0.57
0.61
0.53
0.54
0.51
0.82
0.53
0.48
0.50
0.54
0.52
0.42
0.46
0.78
0.59
0.59
0.57
0.59
CorWatt	PkgWatt
16.58	128.30
0.54	128.29
0.46
0.56
0.50
1.24
0.74
0.73
0.75
0.38
0.43
0.39
0.43
0.53
0.51
0.50
0.54
0.48
0.50
0.48
0.52
0.45
0.39
0.43
0.40
0.45
0.38
0.39
0.38
0.52
0.52
0.52
0.53
CorWatt	PkgWatt
16.13	127.88
0.53	127.88
0.43
0.57
0.49
1.11
0.72
0.71
0.89
0.39
0.42
0.36
0.39
0.51
0.50
0.50
0.53
0.46
0.46
0.44
0.48
0.45
0.39
0.42
0.40
0.45
0.35
0.37
0.36
0.50
0.51
0.51
0.51
CorWatt	PkgWatt
15.98	127.73
0.55	127.73
0.44
0.58
0.48
1.23
0.73
0.72
0.73
0.38
0.43
0.38
0.39
0.52
0.50
0.48
0.53
0.46
0.45
0.44
0.46
0.45
0.38
0.41
0.38
0.44
0.35
0.35
0.35
0.50
0.50
0.50
0.51
CorWatt	PkgWatt
15.93	127.71
0.52	127.71
0.45
0.60
0.50
0.74
0.72
0.72
1.21
0.36
0.42
0.37
0.37
0.51
0.50
0.48
0.53
0.45
0.46
0.46
0.45
0.44
0.38
0.41
0.38
0.44
0.35
0.36
0.36
0.50
0.50
0.50
0.50
CorWatt	PkgWatt
16.56	128.47
0.52	128.47
0.44
0.58
0.50
0.72
0.71
0.70
1.63
0.38
0.43
0.38
0.41
0.52
0.50
0.49
0.53
0.46
0.46
0.46
0.49
0.46
0.38
0.42
0.39
0.46
0.37
0.36
0.35
0.51
0.50
0.50
0.52
CorWatt	PkgWatt
17.62	129.72
0.54	129.72
0.46
0.57
0.51
0.64
0.61
0.61
3.18
0.37
0.42
0.38
0.37
0.51
0.50
0.48
0.54
0.45
0.47
0.44
0.47
0.43
0.38
0.41
0.38
0.45
0.35
0.36
0.36
0.50
0.50
0.50
0.50
CorWatt	PkgWatt
17.64	129.79
0.54	129.78
0.44
0.57
0.51
0.64
0.61
0.61
3.16
0.36
0.42
0.36
0.38
0.52
0.51
0.50
0.53
0.46
0.45
0.45
0.47
0.42
0.38
0.41
0.38
0.46
0.36
0.38
0.35
0.50
0.50
0.50
0.51
CorWatt	PkgWatt
17.73	129.94
0.54	129.95
0.44
0.56
0.51
0.64
0.61
0.61
3.16
0.38
0.42
0.40
0.39
0.52
0.50
0.49
0.53
0.45
0.48
0.44
0.47
0.43
0.38
0.42
0.38
0.44
0.38
0.37
0.37
0.50
0.50
0.50
0.50
CorWatt	PkgWatt
18.10	130.13
0.56	130.13
0.46
0.56
0.53
0.66
0.62
0.62
3.16
0.38
0.42
0.42
0.39
0.53
0.50
0.49
0.51
0.47
0.47
0.47
0.46
0.44
0.39
0.43
0.41
0.43
0.39
0.37
0.37
0.54
0.56
0.53
0.55
CorWatt	PkgWatt
17.58	129.71
0.55	129.70
0.45
0.55
0.52
0.64
0.61
0.60
3.18
0.37
0.42
0.36
0.37
0.52
0.50
0.48
0.50
0.46
0.48
0.46
0.46
0.43
0.38
0.42
0.38
0.42
0.36
0.35
0.35
0.50
0.50
0.50
0.49
CorWatt	PkgWatt
17.77	129.91
0.55	129.92
0.44
0.57
0.53
0.64
0.61
0.61
3.17
0.37
0.43
0.39
0.38
0.53
0.50
0.53
0.51
0.46
0.45
0.44
0.46
0.42
0.39
0.42
0.38
0.46
0.36
0.35
0.35
0.52
0.51
0.52
0.52
CorWatt	PkgWatt
17.72	129.91
0.55	129.90
0.46
0.58
0.52
0.64
0.61
0.60
3.16
0.37
0.43
0.38
0.38
0.53
0.51
0.50
0.51
0.47
0.47
0.45
0.46
0.44
0.38
0.41
0.39
0.43
0.36
0.36
0.35
0.50
0.51
0.50
0.51
CorWatt	PkgWatt
17.90	129.88
0.56	129.88
0.46
0.58
0.55
0.64
0.61
0.62
3.16
0.37
0.43
0.38
0.40
0.54
0.51
0.52
0.52
0.47
0.46
0.45
0.46
0.42
0.40
0.42
0.38
0.47
0.38
0.37
0.35
0.51
0.50
0.50
0.51
CorWatt	PkgWatt
17.59	129.65
0.54	129.65
0.44
0.60
0.49
0.65
0.60
0.62
3.15
0.37
0.42
0.37
0.38
0.54
0.50
0.49
0.50
0.45
0.46
0.45
0.46
0.43
0.38
0.42
0.38
0.44
0.36
0.36
0.36
0.50
0.50
0.50
0.50
CorWatt	PkgWatt
17.83	129.85
0.56	129.85
0.45
0.59
0.50
0.65
0.63
0.61
3.10
0.41
0.45
0.40
0.41
0.55
0.54
0.51
0.52
0.46
0.45
0.45
0.47
0.42
0.38
0.42
0.38
0.42
0.36
0.35
0.37
0.52
0.51
0.50
0.50
CorWatt	PkgWatt
17.58	129.89
0.55	129.89
0.45
0.60
0.50
0.64
0.61
0.61
3.13
0.38
0.42
0.36
0.37
0.53
0.50
0.48
0.50
0.45
0.47
0.44
0.47
0.43
0.38
0.41
0.38
0.43
0.36
0.36
0.35
0.51
0.50
0.50
0.50
CorWatt	PkgWatt
17.24	129.25
0.55	129.26
0.48
0.62
0.53
2.27
0.58
0.60
0.63
0.39
0.43
0.37
0.60
0.55
0.53
0.51
0.53
0.49
0.47
0.45
0.47
0.43
0.41
0.42
0.38
0.44
0.37
0.37
0.35
0.51
0.51
0.50
0.51
CorWatt	PkgWatt
17.87	129.64
1.14	129.65
0.75
0.67
0.71
0.55
0.58
0.82
0.58
0.44
0.50
0.45
0.57
0.59
0.62
0.55
0.57
0.49
0.49
0.48
0.50
0.50
0.44
0.48
0.45
0.49
0.41
0.41
0.41
0.56
0.56
0.56
0.56
CorWatt	PkgWatt
16.33	128.34
1.10	128.33
0.86
0.69
0.72
0.52
0.50
0.60
0.52
0.36
0.42
0.44
0.38
0.53
0.56
0.48
0.50
0.46
0.45
0.46
0.46
0.44
0.38
0.41
0.38
0.44
0.37
0.36
0.35
0.54
0.54
0.52
0.55
CorWatt	PkgWatt
16.12	128.06
1.23	128.06
0.73
0.69
0.70
0.48
0.49
0.60
0.50
0.38
0.42
0.36
0.39
0.54
0.57
0.48
0.52
0.44
0.46
0.44
0.45
0.44
0.38
0.43
0.38
0.38
0.35
0.38
0.41
0.53
0.52
0.50
0.54
CorWatt	PkgWatt
16.19	128.16
0.81	128.16
1.22
0.69
0.72
0.49
0.50
0.60
0.49
0.38
0.43
0.38
0.39
0.53
0.57
0.49
0.51
0.47
0.46
0.46
0.47
0.38
0.39
0.42
0.38
0.36
0.35
0.36
0.44
0.51
0.51
0.50
0.52
CorWatt	PkgWatt
16.26	128.22
0.97	128.22
1.04
0.70
0.74
0.49
0.51
0.59
0.49
0.38
0.43
0.38
0.37
0.53
0.52
0.49
0.52
0.48
0.47
0.45
0.47
0.40
0.39
0.41
0.39
0.44
0.39
0.37
0.42
0.51
0.51
0.50
0.51
CorWatt	PkgWatt
17.31	129.84
0.72	129.84
2.85
0.55
0.56
0.48
0.50
0.60
0.49
0.37
0.42
0.36
0.38
0.53
0.52
0.48
0.50
0.47
0.45
0.44
0.46
0.39
0.40
0.43
0.40
0.36
0.36
0.37
0.42
0.51
0.52
0.50
0.52
CorWatt	PkgWatt
17.27	129.83
0.56	129.82
3.28
0.48
0.49
0.49
0.50
0.58
0.51
0.37
0.42
0.37
0.37
0.51
0.51
0.49
0.51
0.45
0.46
0.45
0.46
0.38
0.38
0.40
0.38
0.37
0.35
0.35
0.41
0.50
0.50
0.50
0.50
CorWatt	PkgWatt
17.55	129.91
0.56	129.91
3.28
0.48
0.50
0.49
0.50
0.57
0.49
0.38
0.43
0.37
0.41
0.53
0.53
0.50
0.51
0.46
0.47
0.45
0.47
0.38
0.38
0.41
0.38
0.37
0.41
0.37
0.41
0.52
0.54
0.50
0.51
CorWatt	PkgWatt
17.25	129.76
0.55	129.76
3.28
0.48
0.50
0.48
0.50
0.58
0.49
0.38
0.43
0.36
0.38
0.52
0.51
0.48
0.50
0.44
0.46
0.44
0.46
0.39
0.38
0.40
0.38
0.36
0.35
0.36
0.41
0.50
0.50
0.50
0.49
CorWatt	PkgWatt
17.56	130.05
0.57	130.06
3.28
0.49
0.49
0.49
0.50
0.59
0.51
0.37
0.42
0.38
0.39
0.55
0.53
0.48
0.53
0.46
0.45
0.44
0.47
0.40
0.42
0.44
0.41
0.36
0.36
0.35
0.41
0.50
0.52
0.50
0.51
CorWatt	PkgWatt
17.46	129.83
0.56	129.83
3.28
0.48
0.50
0.51
0.49
0.58
0.49
0.37
0.42
0.36
0.37
0.54
0.53
0.52
0.54
0.45
0.46
0.44
0.45
0.40
0.38
0.42
0.39
0.36
0.40
0.35
0.40
0.50
0.50
0.50
0.50
CorWatt	PkgWatt
17.56	129.86
0.57	129.86
3.28
0.46
0.49
0.50
0.51
0.57
0.50
0.38
0.43
0.42
0.39
0.51
0.53
0.49
0.52
0.50
0.47
0.46
0.46
0.39
0.38
0.42
0.39
0.36
0.36
0.36
0.40
0.51
0.51
0.50
0.52
CorWatt	PkgWatt
17.37	129.82
0.57	129.82
3.28
0.44
0.48
0.49
0.51
0.57
0.49
0.36
0.42
0.37
0.37
0.50
0.53
0.48
0.52
0.44
0.46
0.44
0.45
0.39
0.38
0.42
0.39
0.40
0.35
0.38
0.43
0.52
0.52
0.50
0.52
CorWatt	PkgWatt
17.37	129.85
0.59	129.85
3.28
0.45
0.48
0.48
0.49
0.58
0.48
0.37
0.42
0.36
0.38
0.50
0.52
0.48
0.52
0.45
0.47
0.46
0.47
0.38
0.38
0.41
0.38
0.36
0.37
0.38
0.42
0.51
0.51
0.51
0.51
CorWatt	PkgWatt
17.49	129.88
0.58	129.88
3.28
0.44
0.50
0.49
0.50
0.59
0.50
0.39
0.42
0.36
0.39
0.51
0.53
0.52
0.52
0.46
0.46
0.44
0.46
0.40
0.39
0.43
0.39
0.38
0.35
0.37
0.41
0.50
0.51
0.52
0.52
CorWatt	PkgWatt
17.44	129.79
0.59	129.79
3.28
0.46
0.48
0.49
0.49
0.59
0.49
0.40
0.43
0.37
0.39
0.50
0.53
0.49
0.53
0.46
0.46
0.45
0.46
0.39
0.39
0.44
0.38
0.36
0.35
0.35
0.41
0.51
0.51
0.50
0.51
CorWatt	PkgWatt
17.40	129.91
0.59	129.91
3.29
0.48
0.52
0.49
0.49
0.58
0.49
0.38
0.42
0.37
0.38
0.50
0.52
0.48
0.52
0.47
0.46
0.45
0.46
0.38
0.38
0.44
0.38
0.37
0.37
0.35
0.40
0.50
0.50
0.50
0.51
CorWatt	PkgWatt
18.08	129.78
0.78	129.79
1.15
0.50
0.50
0.62
0.64
0.93
0.65
0.43
0.46
0.41
0.45
0.54
0.57
0.54
0.58
0.84
0.54
0.52
0.54
0.48
0.46
0.51
0.45
0.44
0.42
0.41
0.46
0.56
0.56
0.55
0.60
CorWatt	PkgWatt
16.55	128.20
0.61	128.19
0.49
0.45
0.43
0.83
0.85
1.55
0.86
0.37
0.43
0.36
0.39
0.50
0.52
0.48
0.52
0.44
0.47
0.44
0.46
0.44
0.38
0.42
0.38
0.36
0.35
0.36
0.41
0.50
0.51
0.50
0.50
CorWatt	PkgWatt
16.85	128.59
0.62	128.59
0.51
0.45
0.44
0.84
0.85
1.24
1.20
0.40
0.45
0.38
0.39
0.51
0.53
0.50
0.52
0.46
0.46
0.45
0.47
0.38
0.39
0.42
0.39
0.38
0.37
0.38
0.41
0.51
0.53
0.50
0.52
CorWatt	PkgWatt
16.60	128.43
0.61	128.43
0.49
0.44
0.43
0.83
0.84
1.54
0.85
0.40
0.42
0.39
0.39
0.52
0.52
0.48
0.52
0.44
0.47
0.44
0.47
0.38
0.38
0.41
0.38
0.36
0.37
0.37
0.44
0.50
0.52
0.50
0.50
CorWatt	PkgWatt
16.85	128.50
0.63	128.50
0.51
0.45
0.45
0.83
0.84
1.54
0.85
0.37
0.42
0.42
0.38
0.52
0.51
0.49
0.53
0.47
0.45
0.46
0.46
0.40
0.38
0.43
0.40
0.37
0.37
0.37
0.42
0.52
0.56
0.52
0.54
CorWatt	PkgWatt
16.54	128.21
0.64	128.21
0.48
0.44
0.43
0.83
0.84
1.54
0.86
0.37
0.42
0.37
0.38
0.51
0.50
0.49
0.53
0.47
0.47
0.46
0.45
0.39
0.39
0.41
0.38
0.36
0.37
0.35
0.42
0.50
0.51
0.50
0.50
CorWatt	PkgWatt
17.23	128.98
0.62	128.98
0.49
0.46
0.45
0.91
0.92
1.76
0.92
0.37
0.45
0.39
0.39
0.53
0.51
0.53
0.55
0.47
0.46
0.45
0.46
0.38
0.38
0.41
0.38
0.37
0.35
0.36
0.42
0.52
0.51
0.52
0.52
CorWatt	PkgWatt
20.01	131.27
0.59	131.28
0.56
0.47
0.45
3.06
1.34
1.44
1.33
0.39
0.43
0.40
0.39
0.53
0.53
0.49
0.54
0.48
0.47
0.46
0.48
0.42
0.39
0.42
0.39
0.37
0.36
0.36
0.42
0.51
0.51
0.51
0.51
CorWatt	PkgWatt
19.72	131.01
0.56	131.01
0.58
0.47
0.46
3.14
1.35
1.34
1.34
0.36
0.42
0.37
0.39
0.52
0.50
0.49
0.53
0.45
0.46
0.45
0.47
0.39
0.40
0.42
0.38
0.37
0.35
0.35
0.42
0.50
0.51
0.50
0.51
CorWatt	PkgWatt
20.15	131.32
0.57	131.32
0.60
0.47
0.47
2.30
1.35
2.17
1.34
0.40
0.44
0.39
0.40
0.54
0.53
0.51
0.55
0.46
0.49
0.48
0.48
0.39
0.38
0.43
0.39
0.39
0.37
0.37
0.43
0.52
0.52
0.52
0.51
CorWatt	PkgWatt
20.44	131.72
0.60	131.73
0.57
0.51
0.51
1.34
1.35
3.15
1.33
0.39
0.49
0.44
0.42
0.54
0.55
0.53
0.55
0.49
0.50
0.50
0.50
0.39
0.39
0.41
0.39
0.40
0.36
0.39
0.42
0.51
0.51
0.50
0.52
CorWatt	PkgWatt
19.84	131.17
0.57	131.16
0.58
0.46
0.44
3.01
1.35
1.49
1.34
0.37
0.43
0.38
0.37
0.53
0.50
0.48
0.53
0.46
0.49
0.45
0.48
0.41
0.38
0.41
0.38
0.37
0.37
0.36
0.42
0.51
0.52
0.50
0.50
CorWatt	PkgWatt
19.67	131.10
0.55	131.10
0.57
0.45
0.45
1.74
1.35
2.74
1.33
0.38
0.43
0.36
0.39
0.52
0.50
0.48
0.53
0.46
0.46
0.45
0.46
0.38
0.38
0.42
0.38
0.37
0.35
0.35
0.41
0.51
0.51
0.50
0.51
CorWatt	PkgWatt
19.69	131.08
0.56	131.08
0.57
0.45
0.44
2.80
1.35
1.68
1.34
0.36
0.44
0.36
0.40
0.52
0.52
0.48
0.52
0.44
0.46
0.45
0.46
0.39
0.38
0.44
0.40
0.36
0.35
0.35
0.41
0.50
0.50
0.50
0.50
CorWatt	PkgWatt
20.17	131.40
0.58	131.40
0.57
0.49
0.48
1.34
1.35
3.13
1.33
0.39
0.44
0.43
0.39
0.52
0.53
0.49
0.51
0.47
0.47
0.48
0.47
0.40
0.39
0.42
0.39
0.39
0.38
0.36
0.41
0.53
0.56
0.52
0.57
CorWatt	PkgWatt
19.69	131.16
0.56	131.16
0.60
0.47
0.45
1.34
1.35
3.15
1.33
0.37
0.43
0.37
0.38
0.51
0.52
0.48
0.50
0.45
0.47
0.45
0.46
0.40
0.38
0.43
0.38
0.36
0.35
0.35
0.41
0.50
0.51
0.50
0.50
CorWatt	PkgWatt
19.72	131.22
0.57	131.21
0.58
0.45
0.47
1.34
1.35
3.16
1.34
0.36
0.43
0.37
0.39
0.52
0.52
0.48
0.50
0.46
0.46
0.47
0.46
0.38
0.39
0.41
0.38
0.36
0.35
0.36
0.41
0.50
0.50
0.50
0.52
CorWatt	PkgWatt
18.70	130.20
0.57	130.21
0.56
0.47
0.46
1.60
1.17
2.17
1.16
0.38
0.43
0.37
0.39
0.52
0.53
0.50
0.50
0.45
0.47
0.45
0.46
0.39
0.38
0.41
0.38
0.36
0.37
0.35
0.41
0.50
0.52
0.50
0.50
CorWatt	PkgWatt
20.39	135.02
0.64	135.02
0.57
0.58
0.53
0.54
0.55
0.61
0.57
0.45
0.48
0.42
0.46
0.60
0.59
0.56
0.61
0.54
0.52
0.52
1.08
0.50
0.85
3.01
0.52
0.43
0.43
0.44
0.50
0.58
0.59
0.56
0.58
CorWatt	PkgWatt
19.89	138.43
0.53	138.41
0.42
0.50
0.43
0.48
0.50
0.52
0.48
0.37
0.44
0.37
0.39
0.51
0.52
0.48
0.50
0.45
0.46
0.45
0.56
0.39
0.45
5.70
0.42
0.37
0.35
0.36
0.41
0.51
0.52
0.50
0.51
CorWatt	PkgWatt
19.99	138.36
0.53	138.35
0.44
0.50
0.45
0.48
0.49
0.53
0.47
0.40
0.44
0.36
0.43
0.53
0.52
0.49
0.51
0.47
0.47
0.44
0.55
0.38
0.46
5.71
0.42
0.36
0.35
0.35
0.41
0.50
0.52
0.50
0.52
CorWatt	PkgWatt
19.80	138.22
0.54	138.22
0.44
0.47
0.42
0.47
0.49
0.50
0.48
0.37
0.43
0.36
0.39
0.53
0.53
0.49
0.51
0.44
0.46
0.44
0.56
0.39
0.45
5.70
0.42
0.36
0.35
0.35
0.42
0.51
0.51
0.50
0.50
CorWatt	PkgWatt
20.13	138.35
0.53	138.35
0.50
0.48
0.43
0.47
0.50
0.50
0.49
0.38
0.43
0.39
0.40
0.54
0.55
0.49
0.53
0.47
0.46
0.45
0.55
0.41
0.45
5.70
0.46
0.36
0.36
0.37
0.42
0.51
0.51
0.50
0.51
CorWatt	PkgWatt
19.99	138.57
0.55	138.58
0.47
0.45
0.48
0.49
0.49
0.48
0.48
0.37
0.43
0.37
0.38
0.54
0.52
0.51
0.54
0.46
0.46
0.45
0.57
0.42
0.42
5.70
0.42
0.37
0.40
0.35
0.41
0.51
0.51
0.50
0.51
CorWatt	PkgWatt
19.92	138.43
0.53	138.43
0.47
0.44
0.47
0.47
0.50
0.48
0.47
0.37
0.42
0.42
0.39
0.53
0.50
0.48
0.52
0.47
0.47
0.46
0.56
0.41
0.42
5.71
0.44
0.36
0.35
0.35
0.42
0.51
0.51
0.50
0.52
CorWatt	PkgWatt
19.86	138.38
0.53	138.38
0.47
0.44
0.46
0.47
0.50
0.48
0.47
0.37
0.42
0.37
0.38
0.52
0.50
0.48
0.52
0.44
0.46
0.44
0.56
0.39
0.42
5.71
0.42
0.39
0.35
0.38
0.44
0.53
0.53
0.50
0.52
CorWatt	PkgWatt
20.15	138.74
0.54	138.74
0.46
0.45
0.46
0.48
0.52
0.49
0.49
0.37
0.43
0.37
0.39
0.53
0.51
0.49
0.52
0.50
0.49
0.47
0.58
0.39
0.42
5.70
0.42
0.37
0.38
0.39
0.46
0.52
0.51
0.52
0.53
CorWatt	PkgWatt
19.89	138.55
0.54	138.55
0.45
0.44
0.47
0.47
0.50
0.48
0.47
0.39
0.42
0.36
0.39
0.52
0.50
0.51
0.52
0.46
0.46
0.45
0.56
0.39
0.43
5.70
0.42
0.37
0.35
0.39
0.42
0.51
0.51
0.52
0.51
CorWatt	PkgWatt
19.99	138.57
0.54	138.57
0.46
0.45
0.45
0.48
0.50
0.49
0.48
0.38
0.43
0.38
0.40
0.53
0.51
0.49
0.53
0.48
0.46
0.46
0.57
0.39
0.43
5.71
0.43
0.37
0.35
0.38
0.42
0.53
0.51
0.52
0.52
CorWatt	PkgWatt
19.96	138.64
0.57	138.64
0.46
0.46
0.50
0.47
0.49
0.47
0.48
0.37
0.43
0.37
0.39
0.52
0.50
0.48
0.52
0.45
0.46
0.46
0.56
0.39
0.42
5.70
0.44
0.37
0.40
0.36
0.42
0.51
0.51
0.51
0.51
CorWatt	PkgWatt
20.09	138.77
0.54	138.77
0.47
0.46
0.47
0.48
0.50
0.49
0.48
0.40
0.44
0.38
0.39
0.53
0.51
0.49
0.53
0.46
0.48
0.47
0.58
0.39
0.42
5.70
0.45
0.38
0.37
0.36
0.43
0.52
0.51
0.51
0.53
CorWatt	PkgWatt
20.00	138.67
0.55	138.67
0.48
0.46
0.47
0.49
0.50
0.49
0.49
0.37
0.43
0.37
0.41
0.53
0.51
0.49
0.53
0.44
0.48
0.45
0.58
0.40
0.41
5.71
0.43
0.36
0.35
0.37
0.42
0.52
0.52
0.51
0.49
CorWatt	PkgWatt
20.27	138.75
0.52	138.75
0.44
0.45
0.47
0.49
0.51
0.50
0.48
0.38
0.43
0.36
0.42
0.55
0.52
0.51
0.54
0.49
0.46
0.46
0.55
0.48
0.41
5.70
0.43
0.38
0.37
0.39
0.43
0.52
0.57
0.53
0.51
CorWatt	PkgWatt
20.02	138.64
0.51	138.64
0.42
0.44
0.46
0.47
0.49
0.48
0.50
0.39
0.43
0.39
0.40
0.52
0.52
0.49
0.53
0.44
0.48
0.45
0.58
0.40
0.42
5.70
0.43
0.36
0.37
0.38
0.44
0.52
0.53
0.57
0.52
CorWatt	PkgWatt
20.31	139.01
0.52	139.02
0.44
0.45
0.51
0.48
0.49
0.49
0.47
0.38
0.43
0.42
0.40
0.51
0.52
0.49
0.54
0.47
0.46
0.47
0.57
0.42
0.42
5.71
0.45
0.38
0.38
0.38
0.43
0.55
0.56
0.57
0.54
CorWatt	PkgWatt
19.16	133.47
0.55	133.48
0.46
0.50
0.71
0.55
0.56
0.73
0.56
0.44
0.45
0.42
0.43
0.56
0.60
0.58
0.60
0.53
0.54
0.54
0.63
0.46
0.50
2.34
0.49
0.44
0.46
0.42
0.78
0.57
0.57
0.61
0.57
CorWatt	PkgWatt
17.75	130.27
0.58	130.26
0.48
0.50
3.15
0.49
0.52
0.62
0.49
0.38
0.46
0.38
0.40
0.53
0.60
0.57
0.61
0.46
0.46
0.46
0.47
0.39
0.38
0.40
0.42
0.37
0.35
0.37
0.35
0.54
0.52
0.52
0.53
CorWatt	PkgWatt
17.58	130.32
0.60	130.32
0.47
0.49
3.12
0.49
0.50
0.61
0.49
0.38
0.45
0.40
0.41
0.50
0.57
0.53
0.60
0.48
0.47
0.47
0.46
0.41
0.38
0.39
0.43
0.37
0.35
0.36
0.35
0.51
0.51
0.51
0.52
CorWatt	PkgWatt
17.92	130.38
0.58	130.38
0.49
0.50
3.10
0.53
0.53
0.62
0.51
0.39
0.44
0.39
0.42
0.53
0.57
0.55
0.61
0.53
0.48
0.47
0.47
0.41
0.41
0.40
0.43
0.38
0.37
0.38
0.36
0.53
0.52
0.51
0.54
CorWatt	PkgWatt
17.41	130.10
0.59	130.09
0.49
0.47
3.10
0.50
0.50
0.61
0.51
0.38
0.43
0.37
0.39
0.50
0.56
0.53
0.59
0.47
0.46
0.46
0.47
0.40
0.38
0.38
0.42
0.37
0.35
0.36
0.35
0.51
0.52
0.50
0.50
CorWatt	PkgWatt
17.71	130.27
0.60	130.27
0.46
0.49
3.10
0.49
0.53
0.61
0.50
0.40
0.45
0.40
0.43
0.52
0.61
0.56
0.60
0.48
0.45
0.47
0.46
0.41
0.40
0.39
0.42
0.36
0.35
0.36
0.36
0.51
0.53
0.50
0.52
CorWatt	PkgWatt
17.49	130.04
0.60	130.04
0.49
0.48
3.11
0.49
0.50
0.62
0.50
0.39
0.43
0.37
0.38
0.51
0.57
0.55
0.59
0.45
0.49
0.45
0.48
0.41
0.38
0.38
0.42
0.36
0.37
0.36
0.35
0.51
0.51
0.50
0.50
CorWatt	PkgWatt
17.55	130.30
0.58	130.30
0.47
0.48
3.10
0.50
0.51
0.61
0.51
0.39
0.43
0.37
0.41
0.52
0.57
0.55
0.60
0.47
0.46
0.46
0.47
0.39
0.38
0.39
0.42
0.37
0.36
0.36
0.35
0.52
0.52
0.51
0.54
CorWatt	PkgWatt
17.78	130.27
0.60	130.28
0.46
0.50
3.10
0.49
0.50
0.61
0.49
0.38
0.48
0.37
0.41
0.56
0.59
0.56
0.63
0.45
0.49
0.45
0.49
0.44
0.39
0.39
0.43
0.38
0.38
0.36
0.35
0.52
0.51
0.50
0.50
CorWatt	PkgWatt
17.70	130.26
0.59	130.26
0.46
0.49
3.10
0.49
0.51
0.60
0.52
0.38
0.43
0.44
0.39
0.52
0.55
0.53
0.60
0.46
0.45
0.47
0.46
0.39
0.38
0.38
0.42
0.41
0.37
0.36
0.35
0.54
0.57
0.52
0.55
CorWatt	PkgWatt
17.37	130.20
0.58	130.20
0.48
0.49
3.11
0.49
0.50
0.60
0.49
0.38
0.43
0.37
0.38
0.51
0.58
0.53
0.57
0.44
0.46
0.45
0.46
0.40
0.38
0.39
0.42
0.39
0.35
0.35
0.35
0.52
0.51
0.50
0.50
CorWatt	PkgWatt
17.56	130.13
0.59	130.12
0.48
0.49
3.10
0.49
0.51
0.59
0.50
0.39
0.43
0.38
0.40
0.52
0.57
0.53
0.59
0.47
0.46
0.48
0.48
0.39
0.39
0.39
0.42
0.39
0.35
0.36
0.36
0.53
0.51
0.50
0.51
CorWatt	PkgWatt
17.40	129.98
0.59	129.98
0.47
0.50
3.10
0.49
0.50
0.61
0.49
0.38
0.43
0.37
0.39
0.51
0.57
0.53
0.58
0.46
0.46
0.45
0.46
0.41
0.38
0.38
0.42
0.38
0.36
0.36
0.35
0.51
0.51
0.50
0.50
CorWatt	PkgWatt
17.62	130.19
0.59	130.19
0.47
0.49
3.10
0.50
0.51
0.60
0.50
0.38
0.43
0.37
0.41
0.53
0.56
0.53
0.58
0.48
0.45
0.46
0.46
0.40
0.40
0.41
0.44
0.39
0.38
0.38
0.37
0.52
0.54
0.50
0.52
CorWatt	PkgWatt
17.29	130.15
0.58	130.15
0.46
0.47
3.11
0.49
0.50
0.60
0.49
0.39
0.43
0.37
0.38
0.51
0.55
0.52
0.58
0.46
0.46
0.46
0.45
0.40
0.38
0.38
0.41
0.39
0.35
0.36
0.35
0.51
0.51
0.50
0.50
CorWatt	PkgWatt
17.63	130.14
0.57	130.14
0.51
0.50
3.09
0.50
0.51
0.60
0.50
0.40
0.45
0.37
0.44
0.53
0.56
0.53
0.58
0.46
0.47
0.46
0.46
0.39
0.38
0.39
0.42
0.41
0.35
0.36
0.35
0.52
0.53
0.51
0.51
CorWatt	PkgWatt
17.29	129.89
0.57	129.88
0.47
0.47
3.10
0.49
0.51
0.61
0.49
0.38
0.43
0.37
0.39
0.51
0.56
0.53
0.58
0.44
0.46
0.45
0.45
0.39
0.38
0.38
0.41
0.38
0.35
0.36
0.35
0.51
0.50
0.50
0.50
CorWatt	PkgWatt
17.43	129.96
0.57	129.96
0.46
0.48
2.94
0.49
0.51
0.61
0.52
0.39
0.43
0.39
0.40
0.54
0.58
0.53
0.61
0.47
0.45
0.45
0.45
0.41
0.42
0.39
0.45
0.39
0.36
0.36
0.35
0.51
0.51
0.50
0.51
CorWatt	PkgWatt
18.36	130.40
1.07	130.41
0.65
0.64
0.70
0.58
0.61
1.14
0.61
0.47
0.51
0.44
0.47
0.60
0.62
0.62
0.63
0.52
0.51
0.51
0.52
0.52
0.46
0.47
0.52
0.42
0.45
0.41
0.40
0.57
0.58
0.56
0.57
CorWatt	PkgWatt
16.65	128.51
0.98	128.50
1.10
0.74
0.75
0.49
0.51
0.61
0.52
0.39
0.45
0.43
0.40
0.52
0.51
0.53
0.58
0.49
0.48
0.49
0.47
0.46
0.40
0.40
0.43
0.37
0.36
0.36
0.35
0.52
0.52
0.51
0.52
CorWatt	PkgWatt
16.45	128.48
0.78	128.47
1.20
0.86
0.74
0.49
0.53
0.61
0.51
0.39
0.44
0.37
0.39
0.52
0.51
0.53
0.57
0.45
0.46
0.46
0.47
0.45
0.38
0.38
0.42
0.39
0.35
0.38
0.37
0.53
0.53
0.51
0.51
CorWatt	PkgWatt
16.47	128.53
0.76	128.52
0.74
1.35
0.76
0.49
0.51
0.61
0.50
0.39
0.44
0.37
0.39
0.52
0.51
0.53
0.59
0.46
0.48
0.47
0.47
0.44
0.38
0.38
0.42
0.36
0.37
0.38
0.37
0.51
0.51
0.50
0.50
CorWatt	PkgWatt
16.45	128.67
0.76	128.67
0.74
1.36
0.74
0.49
0.50
0.61
0.49
0.39
0.44
0.37
0.39
0.51
0.51
0.55
0.62
0.46
0.46
0.45
0.46
0.40
0.40
0.40
0.42
0.39
0.35
0.38
0.35
0.51
0.51
0.52
0.51
CorWatt	PkgWatt
17.36	129.18
0.86	129.18
0.84
1.80
0.86
0.50
0.51
0.61
0.50
0.40
0.45
0.38
0.40
0.53
0.53
0.54
0.61
0.49
0.46
0.46
0.47
0.39
0.40
0.39
0.43
0.38
0.38
0.37
0.36
0.52
0.52
0.51
0.51
CorWatt	PkgWatt
19.28	131.01
1.15	131.01
3.12
1.14
1.13
0.49
0.51
0.60
0.49
0.39
0.45
0.37
0.39
0.52
0.51
0.53
0.59
0.47
0.46
0.46
0.46
0.40
0.38
0.38
0.42
0.37
0.37
0.36
0.35
0.51
0.51
0.50
0.50
CorWatt	PkgWatt
19.46	131.26
1.18	131.26
1.29
3.01
1.17
0.49
0.52
0.61
0.50
0.37
0.45
0.37
0.40
0.52
0.51
0.53
0.60
0.45
0.48
0.47
0.49
0.39
0.38
0.38
0.41
0.38
0.37
0.37
0.35
0.52
0.51
0.50
0.50
CorWatt	PkgWatt
19.36	131.14
1.19	131.14
3.10
1.19
1.17
0.49
0.51
0.60
0.50
0.38
0.44
0.37
0.39
0.53
0.51
0.53
0.60
0.46
0.46
0.45
0.46
0.39
0.38
0.38
0.42
0.36
0.35
0.36
0.35
0.52
0.51
0.50
0.50
CorWatt	PkgWatt
19.56	131.31
1.15	131.31
1.47
1.14
2.76
0.50
0.53
0.60
0.51
0.39
0.46
0.37
0.40
0.52
0.52
0.54
0.59
0.47
0.46
0.46
0.46
0.39
0.42
0.39
0.44
0.38
0.37
0.38
0.39
0.52
0.54
0.50
0.50
CorWatt	PkgWatt
19.61	131.35
1.18	131.34
1.17
1.18
3.10
0.49
0.56
0.60
0.53
0.39
0.45
0.39
0.40
0.53
0.51
0.52
0.60
0.46
0.49
0.45
0.48
0.39
0.39
0.38
0.43
0.37
0.36
0.38
0.38
0.52
0.53
0.52
0.51
CorWatt	PkgWatt
19.62	131.34
1.19	131.34
2.08
1.18
2.19
0.50
0.55
0.61
0.50
0.38
0.43
0.41
0.39
0.53
0.50
0.52
0.59
0.46
0.46
0.47
0.46
0.41
0.39
0.38
0.44
0.38
0.37
0.38
0.35
0.53
0.54
0.51
0.53
CorWatt	PkgWatt
19.39	131.19
1.19	131.18
1.17
1.18
3.09
0.50
0.52
0.64
0.50
0.38
0.44
0.37
0.38
0.52
0.50
0.52
0.59
0.47
0.48
0.47
0.46
0.40
0.38
0.38
0.42
0.37
0.37
0.37
0.35
0.51
0.51
0.50
0.49
CorWatt	PkgWatt
19.63	131.22
2.09	131.23
1.16
1.16
2.18
0.50
0.51
0.60
0.50
0.40
0.45
0.39
0.39
0.54
0.53
0.58
0.64
0.47
0.46
0.46
0.47
0.40
0.39
0.39
0.42
0.38
0.36
0.38
0.35
0.54
0.51
0.52
0.51
CorWatt	PkgWatt
19.35	131.04
3.13	131.05
1.15
1.16
1.15
0.49
0.51
0.60
0.50
0.37
0.44
0.40
0.40
0.53
0.51
0.52
0.60
0.46
0.46
0.45
0.46
0.42
0.38
0.38
0.42
0.38
0.35
0.38
0.35
0.51
0.51
0.50
0.49
CorWatt	PkgWatt
19.45	131.30
3.12	131.30
1.17
1.19
1.17
0.51
0.51
0.60
0.50
0.39
0.43
0.38
0.39
0.53
0.53
0.52
0.60
0.47
0.46
0.45
0.46
0.39
0.39
0.38
0.42
0.38
0.35
0.36
0.35
0.51
0.52
0.50
0.51
CorWatt	PkgWatt
19.44	131.23
1.88	131.23
1.17
1.18
2.41
0.51
0.51
0.60
0.51
0.37
0.43
0.37
0.38
0.52
0.51
0.53
0.60
0.48
0.46
0.46
0.47
0.40
0.38
0.38
0.42
0.39
0.35
0.37
0.35
0.52
0.51
0.50
0.49
CorWatt	PkgWatt
19.38	131.26
1.90	131.29
1.01
0.90
0.89
0.60
0.63
0.69
0.63
0.49
0.49
0.45
0.45
0.60
0.58
0.62
0.70
0.51
0.48
0.47
0.47
0.46
0.42
0.43
0.47
0.44
0.38
0.42
0.44
0.64
0.58
0.58
0.60
