CorWatt	PkgWatt
4.54	153.30
0.09	76.96
0.08
0.08
0.08
0.08
0.08
0.08
0.08
0.07
0.07
0.07
0.07
0.07
0.07
0.07
0.07
0.08
0.08
0.08
0.08
0.09
0.08
0.08
0.08
0.08
0.08
0.08
0.08
0.07
0.07
0.07
0.07
0.07	76.39
0.07
0.07
0.07
0.07
0.07
0.07
0.06
0.06
0.06
0.06
0.06
0.06
0.06
0.06
0.06
0.07
0.15
0.06
0.07
0.07
0.07
0.07
0.07
0.06
0.06
0.06
0.06
0.06
0.06
0.06
0.06
CorWatt	PkgWatt
4.90	151.76
0.10	76.31
0.09
0.09
0.13
0.09
0.09
0.09
0.13
0.08
0.11
0.11
0.08
0.07
0.07
0.07
0.08
0.10
0.09
0.11
0.10
0.09
0.09
0.09
0.09
0.09
0.08
0.08
0.08
0.07
0.08
0.08
0.08
0.07	75.48
0.07
0.07
0.07
0.07
0.08
0.07
0.06
0.06
0.06
0.06
0.06
0.06
0.06
0.06
0.06
0.07
0.06
0.06
0.06
0.07
0.07
0.07
0.07
0.06
0.06
0.06
0.06
0.06
0.06
0.06
0.06
CorWatt	PkgWatt
103.55	298.46
0.49	143.27
1.54
1.63
1.62
1.62
1.64
1.53
1.54
1.70
1.70
1.71
1.69
1.54
1.54
1.43
1.43
1.57
1.57
1.58
1.55
1.57
1.56
1.49
1.48
1.57
1.55
1.55
1.54
1.54
1.56
1.45
1.45
1.64	155.22
1.62
1.61
1.63
1.70
1.66
1.55
1.62
1.67
1.67
1.67
1.68
1.68
1.66
1.58
1.61
1.64
1.60
1.62
1.67
1.66
1.70
1.57
1.56
3.57
1.69
1.72
1.68
1.70
1.77
1.66
1.52
