CorWatt	PkgWatt
16.05	129.74
0.55	129.74
0.50
0.50
0.49
0.55
0.54
0.60
0.55
0.47
0.45
0.43
0.43
0.56
0.55
0.55
0.69
0.49
0.48
0.47
0.50
0.43
0.43
0.42
0.47
0.43
0.42
0.42
0.41
0.59
0.56
0.57
0.55
CorWatt	PkgWatt
15.29	128.69
0.54	128.83
0.48
0.48
0.45
0.52
0.52
0.56
0.56
0.46
0.45
0.41
0.42
0.53
0.56
0.54
0.57
0.46
0.48
0.47
0.47
0.41
0.39
0.39
0.43
0.41
0.37
0.39
0.43
0.54
0.52
0.53
0.53
CorWatt	PkgWatt
71.52	187.14
0.92	187.00
2.20
2.25
2.21
2.33
2.34
2.33
2.28
2.20
2.17
2.17
2.13
2.34
2.31
2.33
2.35
2.28
2.25
2.09
2.09
2.19
2.20
2.00
3.46
2.23
2.20
2.05
2.07
2.45
2.42
2.28
2.42
