CorWatt	PkgWatt
4.24	151.35
0.08	75.90
0.08
0.08
0.08
0.07
0.07
0.07
0.07
0.07
0.07
0.06
0.06
0.06
0.06
0.06
0.06
0.07
0.07
0.07
0.07
0.08
0.08
0.08
0.08
0.07
0.07
0.07
0.07
0.07
0.07
0.07
0.07
0.07	75.61
0.06
0.06
0.06
0.07
0.07
0.07
0.07
0.05
0.05
0.05
0.05
0.05
0.05
0.05
0.05
0.07
0.07
0.06
0.07
0.07
0.07
0.07
0.07
0.06
0.06
0.06
0.06
0.06
0.06
0.05
0.06
CorWatt	PkgWatt
4.53	151.17
0.08	75.51
0.08
0.07
0.08
0.07
0.07
0.07
0.07
0.06
0.07
0.06
0.06
0.06
0.06
0.06
0.06
0.07
0.07
0.07
0.07
0.09
0.08
0.08
0.08
0.07
0.07
0.07
0.07
0.07
0.06
0.07
0.07
0.07	75.64
0.06
0.06
0.08
0.07
0.07
0.07
0.08
0.06
0.07
0.06
0.06
0.06
0.06
0.06
0.07
0.08
0.15
0.07
0.08
0.07
0.07
0.09
0.07
0.07
0.07
0.06
0.07
0.07
0.07
0.06
0.07
