CorWatt	PkgWatt
15.05	127.49
0.51	127.50
0.45
0.54
0.49
0.49
0.52
0.49
0.48
0.41
0.45
0.38
0.40
0.53
0.51
0.49
0.51
0.51
0.50
0.54
0.51
0.41
0.41
0.42
0.40
0.37
0.39
0.49
0.39
0.53
0.51
0.51
0.51
CorWatt	PkgWatt
15.23	126.75
0.51	127.39
0.46
0.55
0.48
0.51
0.52
0.51
0.50
0.42
0.46
0.38
0.39
0.52
0.52
0.51
0.53
0.57
0.61
0.55
0.50
0.40
0.41
0.40
0.40
0.40
0.40
0.39
0.39
0.52
0.53
0.52
0.51
CorWatt	PkgWatt
17.92	130.37
0.64	129.73
0.57
0.63
0.58
0.60
0.56
0.59
0.64
0.52
0.52
0.49
0.47
0.66
0.71
0.70
0.69
0.56
0.54
0.67
0.57
0.46
0.45
0.46
0.48
0.45
0.48
0.52
0.45
0.54
0.54
0.58
0.58
CorWatt	PkgWatt
14.83	127.27
0.50	127.24
0.49
0.50
0.48
0.49
0.49
0.49
0.49
0.42
0.44
0.39
0.38
0.53
0.57
0.54
0.55
0.45
0.49
0.52
0.47
0.40
0.40
0.39
0.39
0.36
0.38
0.39
0.40
0.53
0.51
0.51
0.51
CorWatt	PkgWatt
15.12	127.31
0.53	127.30
0.53
0.53
0.48
0.49
0.49
0.52
0.51
0.42
0.45
0.38
0.39
0.60
0.57
0.56
0.58
0.46
0.46
0.52
0.48
0.39
0.40
0.39
0.39
0.38
0.40
0.37
0.40
0.52
0.51
0.51
0.52
