CorWatt	PkgWatt
29.49	199.52
0.30	100.25
0.20
0.67
1.22
0.19
0.19
0.19
1.45
0.19
0.18
2.13
0.19
0.18
0.18
0.17
1.74
0.22
2.74
0.22
0.41
1.62
0.20
0.20
0.20
0.20
2.04
0.20
0.19
0.18
0.17
0.21
0.40
0.23	99.34
0.78
0.24
0.55
0.21
0.47
0.19
0.22
0.35
0.18
0.17
0.34
0.17
0.18
0.37
0.28
0.19
0.19
0.50
0.20
0.19
0.18
0.18
0.32
0.43
1.63
0.26
0.27
0.19
0.19
0.19
0.69
CorWatt	PkgWatt
29.75	219.63
0.38	110.57
0.19
0.21
0.19
0.21
0.21
0.22
3.13
0.17
0.16
0.16
0.16
0.49
0.16
0.16
0.35
0.22
0.30
0.23
3.25
0.20
0.19
0.19
0.31
0.22
0.22
0.21
3.17
0.20
0.17
0.22
0.17
0.31	109.14
0.20
0.68
0.22
0.23
2.69
0.22
0.30
0.43
0.19
0.19
0.41
0.30
0.18
0.35
0.21
0.57
0.20
0.19
0.20
0.20
0.31
0.47
0.21
2.26
0.30
0.29
0.29
0.19
0.57
0.19
0.20
CorWatt	PkgWatt
35.42	202.89
0.38	95.27
0.39
0.40
0.35
0.31
0.31
0.43
0.62
0.36
0.29
0.27
0.25
0.31
0.30
0.31
0.30
0.29
0.35
0.47
0.40
0.29
0.36
0.39
0.38
0.27
0.57
0.23
0.43
0.35
0.50
0.30
0.30
0.47	107.57
0.34
0.25
0.75
0.29
0.45
1.03
1.13
0.23
1.72
0.20
0.39
0.31
0.21
0.30
2.15
1.19
2.10
0.21
0.25
0.22
0.23
0.22
2.91
0.43
0.62
0.26
1.90
0.23
2.51
0.21
0.26
CorWatt	PkgWatt
29.21	213.29
0.32	102.77
0.19
0.23
0.21
0.18
0.20
0.19
0.88
0.18
0.16
0.16
0.15
0.16
0.16
0.16
0.22
0.18
0.17
0.21
0.22
0.20
0.81
0.19
0.19
0.18
0.17
0.17
0.62
0.22
0.18
0.18
1.36
0.23	110.46
0.23
0.24
1.76
0.22
0.58
0.40
1.04
1.65
0.27
0.26
0.70
0.20
0.20
0.83
0.20
2.79
0.21
0.20
0.21
0.22
0.23
0.22
2.49
1.09
0.21
0.21
1.49
0.20
0.53
0.51
0.38
CorWatt	PkgWatt
29.34	213.20
0.27	101.44
0.20
0.19
0.18
0.18
0.17
0.19
0.25
0.17
0.17
0.18
0.38
0.16
0.16
0.15
0.18
0.21
0.18
0.22
0.19
0.22
0.21
0.21
2.80
0.17
0.16
0.16
0.18
0.25
0.18
0.17
0.16
0.22	111.66
0.21
0.22
3.18
1.38
0.28
0.21
0.57
2.27
0.29
0.28
0.29
0.20
0.20
0.22
2.21
0.82
0.22
0.21
0.39
0.22
0.22
0.22
3.20
0.22
0.32
0.20
0.64
0.21
0.22
0.21
0.77
CorWatt	PkgWatt
34.80	219.20
0.33	105.13
0.26
0.24
0.22
0.23
0.22
0.22
0.25
0.22
0.20
0.21
0.56
0.22
0.22
0.21
3.64
0.27
0.20
0.21
0.22
0.28
0.25
0.25
1.29
0.20
0.20
0.19
0.22
0.23
0.20
0.20
0.19
0.23	114.25
0.21
0.22
3.10
0.22
0.48
0.32
1.16
2.26
0.29
0.29
0.31
1.47
0.20
0.20
2.15
0.23
0.21
0.20
2.84
0.25
0.22
0.22
1.29
0.23
0.24
0.41
0.69
0.22
0.20
0.20
2.02
CorWatt	PkgWatt
36.22	203.34
0.35	94.33
0.19
0.20
0.18
0.19
0.18
0.17
0.17
0.23
0.17
0.18
0.16
0.19
0.20
0.19
5.81
0.17
0.16
0.17
0.18
0.19
0.17
0.18
0.18
0.17
0.17
0.17
0.18
0.17
0.16
0.16
0.20
0.54	108.88
0.22
0.22
1.34
0.21
0.22
0.22
3.40
0.30
2.36
0.29
0.29
0.20
0.20
0.20
2.48
0.21
0.21
0.20
3.52
1.46
0.23
0.37
0.43
0.28
0.75
0.27
0.86
0.20
0.20
0.20
2.60
CorWatt	PkgWatt
35.53	225.02
0.34	108.86
0.25
0.20
0.34
0.21
0.21
0.21
3.08
0.20
0.17
0.17
0.16
0.19
0.20
0.19
5.93
0.19
0.19
0.18
0.22
0.19
0.18
0.20
0.18
0.16
0.18
0.17
0.16
0.16
0.17
0.17
0.16
1.38	116.16
0.21
0.21
1.09
0.21
1.36
0.29
0.33
0.20
2.10
0.26
0.21
0.94
0.22
0.50
0.22
0.21
0.21
0.20
2.12
0.98
0.22
0.23
0.22
0.41
1.75
0.27
0.38
3.14
0.20
0.20
0.22
CorWatt	PkgWatt
35.20	222.27
0.28	112.28
0.82
0.44
0.19
0.37
0.18
0.18
0.30
0.22
0.18
0.17
0.44
0.20
0.20
0.20
5.95
0.19
0.19
0.18
0.21
0.29
0.36
0.26
0.18
0.86
0.19
0.19
0.86
0.20
1.70
0.21
1.58
0.30	109.99
0.21
0.28
0.75
0.20
0.33
0.22
0.44
0.18
0.29
0.19
0.39
0.20
0.20
0.22
3.13
0.27
0.21
0.20
0.67
2.45
0.23
0.23
0.98
0.42
2.22
0.29
0.29
0.27
0.19
0.19
0.59
CorWatt	PkgWatt
34.73	221.98
0.24	112.10
0.18
0.20
0.18
1.64
0.20
0.20
0.43
0.22
0.17
0.16
0.16
0.20
0.20
0.19
5.96
0.19
0.18
0.19
0.19
0.23
0.22
0.22
3.09
0.24
0.19
0.19
1.34
0.16
0.16
0.20
0.18
1.47	109.90
0.20
0.22
0.30
1.32
0.33
0.21
0.35
0.20
0.22
0.20
1.28
0.20
0.20
0.91
0.31
0.19
0.18
0.18
0.38
0.81
0.23
0.23
2.59
1.32
1.32
0.29
0.29
0.40
0.18
0.18
0.36
CorWatt	PkgWatt
35.28	225.00
0.30	112.25
0.19
0.20
0.23
0.20
1.53
0.19
0.21
0.23
0.17
0.17
0.17
0.20
0.20
0.19
5.99
0.18
0.18
0.18
0.21
0.20
0.18
0.23
0.19
0.21
0.21
1.54
1.78
0.21
0.19
0.19
1.78
0.23	112.74
0.46
0.22
0.53
2.58
0.22
0.22
0.74
0.21
0.25
0.21
3.15
0.18
0.18
0.59
0.22
0.26
0.23
0.22
0.67
0.20
0.20
0.23
0.69
2.38
0.30
0.29
0.29
0.21
0.40
0.18
0.35
CorWatt	PkgWatt
36.37	225.87
0.42	116.15
0.29
0.65
0.25
0.22
0.74
1.44
1.48
0.26
0.18
0.18
0.17
0.21
0.21
0.20
5.89
0.28
0.20
0.19
0.32
0.21
0.85
0.21
0.88
0.69
0.63
0.22
1.04
1.02
0.21
0.27
1.84
0.28	109.73
0.21
0.21
2.38
0.21
0.38
0.20
0.30
0.62
1.14
0.26
0.40
0.22
0.21
0.75
0.25
0.41
0.20
0.20
0.33
0.21
0.21
0.21
1.26
1.41
0.25
0.25
0.45
0.19
0.43
0.18
0.32
CorWatt	PkgWatt
37.03	224.12
2.92	114.29
0.35
0.23
0.31
0.18
0.18
0.19
0.63
0.28
0.17
0.17
0.17
0.20
0.20
0.20
5.99
0.22
0.21
0.22
2.19
1.30
0.51
0.20
0.20
0.21
2.98
0.21
0.21
0.18
1.18
0.18
0.17
0.36	109.81
0.26
0.26
0.45
0.32
0.40
0.22
0.45
0.38
0.33
1.57
0.37
0.31
0.21
0.22
0.69
0.27
0.22
0.24
0.55
0.95
0.32
0.27
0.41
0.27
0.23
0.34
2.01
0.28
0.48
0.22
0.40
