CorWatt	PkgWatt
4.47	151.83
0.09	76.67
0.08
0.09
0.09
0.08
0.09
0.09
0.08
0.08
0.08
0.07
0.07
0.07
0.07
0.07
0.07
0.08
0.08
0.08
0.08
0.09
0.09
0.09
0.09
0.08
0.08
0.08
0.08
0.08
0.08
0.08
0.07
0.06	75.24
0.06
0.06
0.06
0.07
0.07
0.07
0.06
0.05
0.05
0.05
0.05
0.05
0.05
0.05
0.05
0.07
0.06
0.06
0.06
0.07
0.07
0.07
0.07
0.06
0.06
0.05
0.05
0.05
0.05
0.06
0.06
CorWatt	PkgWatt
4.75	151.54
0.12	76.36
0.09
0.09
0.16
0.08
0.09
0.09
0.09
0.08
0.08
0.07
0.07
0.07
0.16
0.08
0.07
0.08
0.08
0.10
0.09
0.10
0.09
0.10
0.09
0.09
0.08
0.09
0.10
0.08
0.08
0.09
0.09
0.06	75.24
0.06
0.06
0.06
0.07
0.07
0.06
0.06
0.05
0.05
0.05
0.05
0.05
0.05
0.05
0.05
0.06
0.06
0.05
0.06
0.07
0.07
0.07
0.07
0.06
0.06
0.05
0.05
0.05
0.05
0.06
0.05
