CorWatt	PkgWatt
15.09	127.20
0.51	127.22
0.47
0.49
0.51
0.50
0.51
0.52
0.50
0.48
0.46
0.39
0.42
0.55
0.53
0.52
0.52
0.46
0.53
0.44
0.47
0.46
0.44
0.40
0.40
0.37
0.40
0.39
0.40
0.56
0.51
0.50
0.51
CorWatt	PkgWatt
14.74	126.97
0.52	127.02
0.47
0.48
0.49
0.51
0.53
0.50
0.50
0.44
0.43
0.39
0.41
0.55
0.51
0.51
0.51
0.45
0.52
0.45
0.46
0.42
0.42
0.38
0.38
0.36
0.37
0.37
0.36
0.52
0.51
0.50
0.50
CorWatt	PkgWatt
23.54	134.66
2.36	134.66
0.66
0.63
0.65
0.77
0.83
0.69
0.73
0.63
0.71
0.54
0.62
0.68
0.71
0.63
0.66
0.74
0.80
0.68
0.73
0.75
0.66
0.65
0.62
0.56
0.56
0.54
0.83
0.73
0.74
0.70
0.76
CorWatt	PkgWatt
17.43	129.06
0.63	129.03
0.49
0.48
0.50
0.75
0.74
0.73
1.25
0.41
0.45
0.41
0.50
0.57
0.55
0.57
0.54
0.57
0.59
0.55
0.51
0.46
0.43
0.47
0.42
0.38
0.39
0.39
0.41
0.57
0.62
0.56
0.56
CorWatt	PkgWatt
17.20	128.66
0.60	128.66
0.53
0.57
0.48
0.77
0.75
0.75
1.28
0.40
0.47
0.40
0.43
0.57
0.53
0.54
0.54
0.47
0.54
0.51
0.52
0.48
0.41
0.44
0.42
0.41
0.37
0.38
0.40
0.55
0.51
0.58
0.59
CorWatt	PkgWatt
17.87	129.56
0.75	129.58
0.70
1.04
0.65
0.62
0.61
0.76
0.64
0.45
0.50
0.46
0.46
0.59
0.58
0.56
0.57
0.54
0.59
0.52
0.54
0.49
0.49
0.49
0.43
0.40
0.43
0.40
0.35
0.56
0.56
0.56
0.55
CorWatt	PkgWatt
17.05	128.62
0.76	128.60
0.90
1.08
0.67
0.53
0.51
0.54
0.54
0.41
0.44
0.40
0.41
0.58
0.54
0.49
0.55
0.47
0.52
0.53
0.51
0.45
0.42
0.45
0.43
0.41
0.41
0.42
0.41
0.53
0.61
0.57
0.58
CorWatt	PkgWatt
17.30	128.88
0.78	128.87
1.21
0.79
0.76
0.53
0.53
0.50
0.50
0.42
0.46
0.45
0.40
0.55
0.51
0.53
0.52
0.50
0.59
0.54
0.56
0.43
0.44
0.52
0.45
0.40
0.41
0.38
0.37
0.53
0.59
0.58
0.57
CorWatt	PkgWatt
17.92	130.19
0.58	130.19
3.10
0.49
0.48
0.52
0.49
0.49
0.52
0.40
0.46
0.38
0.39
0.56
0.53
0.49
0.50
0.47
0.51
0.51
0.51
0.40
0.39
0.45
0.40
0.40
0.41
0.42
0.42
0.55
0.54
0.56
0.61
CorWatt	PkgWatt
18.25	130.66
0.58	130.66
3.15
0.49
0.49
0.50
0.51
0.49
0.52
0.42
0.46
0.39
0.43
0.57
0.51
0.54
0.54
0.50
0.53
0.53
0.54
0.39
0.39
0.46
0.40
0.41
0.47
0.41
0.39
0.56
0.54
0.57
0.56
CorWatt	PkgWatt
18.07	130.32
0.59	130.32
3.15
0.51
0.48
0.52
0.51
0.50
0.53
0.41
0.43
0.38
0.42
0.57
0.54
0.52
0.53
0.54
0.51
0.50
0.53
0.45
0.42
0.47
0.46
0.40
0.36
0.37
0.39
0.55
0.55
0.51
0.50
CorWatt	PkgWatt
18.18	130.61
0.57	130.62
3.15
0.59
0.46
0.51
0.50
0.51
0.52
0.39
0.42
0.36
0.43
0.57
0.55
0.52
0.53
0.51
0.52
0.48
0.51
0.45
0.50
0.47
0.46
0.38
0.38
0.40
0.38
0.51
0.54
0.51
0.58
CorWatt	PkgWatt
20.45	131.95
0.64	131.95
2.89
0.67
0.52
0.58
0.59
0.55
0.56
0.51
0.58
0.59
0.58
0.68
0.62
0.65
0.68
0.49
0.50
0.60
0.62
0.44
0.39
0.45
0.44
0.55
0.55
0.51
0.52
0.67
0.60
0.64
0.61
