CorWatt	PkgWatt
4.40	152.75
0.08	76.54
0.08
0.08
0.08
0.08
0.08
0.08
0.08
0.07
0.07
0.06
0.06
0.06
0.07
0.06
0.07
0.08
0.08
0.08
0.08
0.09
0.08
0.08
0.08
0.08
0.08
0.08
0.08
0.07
0.07
0.06
0.06
0.06	76.18
0.06
0.06
0.06
0.06
0.06
0.06
0.06
0.06
0.06
0.06
0.06
0.06
0.06
0.06
0.06
0.15
0.07
0.06
0.07
0.07
0.07
0.07
0.07
0.06
0.06
0.06
0.06
0.06
0.06
0.06
0.06
CorWatt	PkgWatt
4.77	151.43
0.11	76.28
0.11
0.09
0.09
0.08
0.09
0.08
0.08
0.08
0.12
0.12
0.08
0.07
0.07
0.07
0.12
0.09
0.09
0.10
0.08
0.10
0.14
0.09
0.10
0.08
0.08
0.08
0.10
0.07
0.07
0.09
0.07
0.06	75.13
0.06
0.06
0.06
0.06
0.06
0.06
0.06
0.05
0.05
0.05
0.05
0.05
0.05
0.05
0.05
0.06
0.06
0.07
0.07
0.07
0.07
0.07
0.07
0.06
0.06
0.06
0.06
0.05
0.05
0.05
0.06
CorWatt	PkgWatt
100.79	292.98
0.51	141.68
1.60
1.59
1.62
1.55
1.56
1.46
1.40
1.63
1.64
1.61
1.65
1.52
1.51
1.46
1.42
1.53
1.52
1.53
1.52
1.54
1.55
1.45
1.45
1.56
1.54
1.55
1.54
1.55
1.53
1.42
1.41
1.61	151.28
1.60
1.57
1.59
1.61
1.59
1.49
1.48
1.64
1.64
1.69
1.66
1.63
1.62
1.51
1.59
3.45
1.62
1.64
1.73
1.60
1.60
1.49
1.54
1.61
1.58
1.63
1.61
1.62
1.61
1.51
1.52
CorWatt	PkgWatt
124.93	337.08
0.30	164.65
1.97
2.12
2.09
1.97
1.99
1.83
1.83
2.00
1.96
1.95
2.00
1.93
1.92
1.75
1.76
1.97
1.95
1.97
1.95
1.95
1.95
1.81
1.82
1.97
1.94
1.95
1.93
1.90
1.93
1.77
1.77
2.07	172.69
2.06
2.01
2.05
2.09
2.03
1.86
1.86
2.05
2.07
2.02
2.05
2.06
2.08
1.90
1.89
3.08
1.99
2.03
2.04
2.03
2.03
1.88
1.90
2.05
2.02
2.05
2.03
2.05
2.04
1.89
1.81
