CorWatt	PkgWatt
5.06	152.92
0.08	75.99
0.09
0.08
0.09
0.08
0.08
0.08
0.08
0.09
0.07
0.07
0.07
0.06
0.07
0.07
0.06
0.08
0.08
0.08
0.08
0.09
0.08
0.08
0.08
0.08
0.08
0.08
0.08
0.07
0.07
0.07
0.07
0.08	77.02
0.08
0.08
0.08
0.08
0.08
0.08
0.08
0.08
0.07
0.07
0.07
0.07
0.07
0.07
0.07
0.16
0.08
0.08
0.08
0.09
0.08
0.08
0.08
0.09
0.08
0.08
0.08
0.08
0.08
0.07
0.09
CorWatt	PkgWatt
5.38	152.49
0.14	76.21
0.13
0.10
0.10
0.08
0.08
0.13
0.08
0.11
0.14
0.07
0.07
0.07
0.07
0.08
0.07
0.08
0.08
0.10
0.08
0.11
0.09
0.08
0.09
0.08
0.08
0.08
0.09
0.08
0.08
0.07
0.07
0.09	76.41
0.08
0.08
0.08
0.08
0.08
0.08
0.08
0.08
0.07
0.07
0.07
0.07
0.07
0.07
0.07
0.08
0.08
0.07
0.08
0.08
0.08
0.08
0.08
0.09
0.09
0.08
0.08
0.07
0.07
0.07
0.09
