CorWatt	PkgWatt
6.26	159.14
0.12	79.80
0.12
0.11
0.11
0.11
0.11
0.11
0.11
0.09
0.09
0.10
0.09
0.09
0.09
0.09
0.09
0.11
0.11
0.11
0.11
0.12
0.11
0.11
0.11
0.10
0.10
0.10
0.10
0.09
0.09
0.09
0.09
0.10	79.42
0.10
0.09
0.09
0.10
0.09
0.09
0.09
0.09
0.10
0.09
0.09
0.09
0.09
0.09
0.09
0.09
0.09
0.09
0.09
0.10
0.10
0.10
0.10
0.09
0.09
0.09
0.09
0.09
0.09
0.09
0.09
CorWatt	PkgWatt
6.55	156.28
0.12	78.09
0.11
0.11
0.11
0.11
0.11
0.11
0.11
0.10
0.10
0.10
0.10
0.17
0.10
0.10
0.10
0.11
0.11
0.11
0.11
0.12
0.11
0.11
0.11
0.10
0.10
0.10
0.10
0.10
0.10
0.10
0.10
0.09	78.08
0.11
0.10
0.09
0.10
0.09
0.09
0.11
0.09
0.09
0.09
0.10
0.09
0.09
0.09
0.09
0.09
0.09
0.10
0.09
0.10
0.10
0.10
0.12
0.17
0.10
0.09
0.09
0.09
0.09
0.09
0.10
CorWatt	PkgWatt
15.01	177.68
0.30	92.85
0.26
0.23
0.24
0.25
2.11
0.27
0.28
0.21
0.23
0.24
0.23
0.24
0.21
0.22
0.30
0.22
0.20
0.25
0.24
0.24
0.24
0.28
0.36
0.24
0.29
0.23
0.28
0.26
0.24
0.21
0.19
0.15	85.01
0.14
0.15
0.18
0.20
0.15
0.18
0.16
0.16
0.21
0.14
0.18
0.14
0.17
0.14
0.16
0.16
0.15
0.16
0.17
0.17
0.18
0.18
0.19
0.13
0.16
0.17
0.15
0.18
0.16
0.13
0.18
