CorWatt	PkgWatt
15.04	127.21
0.56	127.22
0.50
0.48
0.45
0.51
0.50
0.50
0.49
0.42
0.52
0.39
0.40
0.53
0.54
0.53
0.55
0.50
0.46
0.58
0.49
0.43
0.38
0.40
0.38
0.35
0.36
0.39
0.35
0.54
0.53
0.52
0.52
CorWatt	PkgWatt
14.78	126.09
0.52	126.89
0.47
0.44
0.42
0.51
0.50
0.50
0.47
0.41
0.55
0.40
0.42
0.51
0.57
0.49
0.57
0.48
0.46
0.46
0.50
0.44
0.43
0.41
0.39
0.36
0.35
0.37
0.35
0.51
0.49
0.50
0.50
CorWatt	PkgWatt
21.33	133.73
0.70	132.89
0.65
0.71
0.60
0.73
0.65
0.67
0.77
0.52
0.59
0.54
0.50
0.63
2.47
0.61
0.71
0.60
0.64
0.61
0.61
0.53
0.58
0.51
0.53
0.43
0.75
0.46
0.52
0.68
0.59
0.58
0.64
CorWatt	PkgWatt
16.57	128.19
0.50	128.17
0.50
0.50
0.45
0.55
0.49
0.50
0.55
0.64
0.77
1.07
0.63
0.51
0.64
0.51
0.53
0.51
0.52
0.50
0.53
0.42
0.40
0.40
0.44
0.36
0.37
0.39
0.35
0.53
0.50
0.51
0.50
CorWatt	PkgWatt
16.13	127.93
0.51	127.92
0.47
0.46
0.44
0.53
0.49
0.48
0.49
0.64
1.09
0.73
0.61
0.50
0.62
0.52
0.54
0.49
0.47
0.49
0.48
0.40
0.39
0.39
0.43
0.35
0.36
0.37
0.37
0.52
0.50
0.50
0.50
CorWatt	PkgWatt
17.06	128.60
0.55	128.63
0.54
0.51
0.47
0.54
0.49
0.49
0.49
0.84
0.78
1.05
0.67
0.53
0.65
0.53
0.57
0.47
0.51
0.48
0.48
0.42
0.43
0.40
0.41
0.39
0.41
0.41
0.40
0.56
0.56
0.54
0.50
CorWatt	PkgWatt
15.97	127.91
0.52	127.87
0.46
0.46
0.43
0.50
0.49
0.48
0.49
1.07
0.81
0.62
0.61
0.50
0.62
0.49
0.52
0.45
0.46
0.46
0.48
0.39
0.38
0.39
0.41
0.36
0.36
0.38
0.35
0.51
0.50
0.51
0.50
CorWatt	PkgWatt
16.42	128.29
0.49	128.29
0.47
0.45
0.43
0.52
0.51
0.51
0.50
0.98
1.18
0.57
0.59
0.50
0.63
0.49
0.51
0.49
0.49
0.46
0.49
0.40
0.38
0.38
0.43
0.39
0.38
0.41
0.37
0.51
0.50
0.51
0.50
CorWatt	PkgWatt
17.27	129.75
0.51	129.75
0.46
0.44
0.44
0.49
0.48
0.48
0.49
0.41
3.16
0.41
0.39
0.50
0.62
0.51
0.51
0.47
0.46
0.46
0.48
0.38
0.38
0.40
0.41
0.35
0.36
0.37
0.37
0.51
0.50
0.52
0.56
CorWatt	PkgWatt
17.15	129.76
0.55	129.76
0.46
0.46
0.42
0.49
0.49
0.48
0.49
0.41
3.16
0.41
0.38
0.50
0.61
0.49
0.51
0.46
0.46
0.45
0.48
0.39
0.39
0.38
0.41
0.35
0.36
0.37
0.35
0.51
0.49
0.50
0.49
CorWatt	PkgWatt
17.18	129.82
0.53	129.81
0.43
0.45
0.43
0.49
0.49
0.49
0.51
0.39
3.16
0.41
0.39
0.50
0.61
0.49
0.51
0.49
0.47
0.46
0.48
0.39
0.38
0.38
0.41
0.36
0.35
0.36
0.35
0.51
0.50
0.50
0.50
CorWatt	PkgWatt
17.17	129.75
0.54	129.76
0.45
0.47
0.43
0.50
0.48
0.49
0.49
0.40
3.16
0.39
0.38
0.50
0.60
0.49
0.51
0.45
0.48
0.47
0.50
0.40
0.38
0.38
0.41
0.35
0.36
0.37
0.35
0.51
0.50
0.50
0.49
CorWatt	PkgWatt
17.18	129.70
0.52	129.69
0.47
0.45
0.42
0.49
0.48
0.48
0.49
0.40
3.16
0.41
0.41
0.50
0.61
0.50
0.51
0.48
0.46
0.46
0.48
0.39
0.38
0.38
0.41
0.35
0.36
0.39
0.37
0.51
0.50
0.50
0.50
CorWatt	PkgWatt
17.40	129.90
0.51	129.90
0.48
0.45
0.42
0.51
0.49
0.49
0.50
0.43
3.16
0.41
0.40
0.50
0.62
0.51
0.51
0.46
0.48
0.46
0.51
0.39
0.38
0.38
0.42
0.36
0.38
0.40
0.36
0.51
0.50
0.50
0.53
CorWatt	PkgWatt
17.48	130.15
0.53	130.15
0.47
0.47
0.45
0.49
0.49
0.51
0.50
0.41
3.16
0.42
0.39
0.50
0.61
0.50
0.52
0.46
0.47
0.46
0.46
0.40
0.39
0.40
0.43
0.35
0.38
0.39
0.36
0.52
0.53
0.52
0.53
CorWatt	PkgWatt
17.24	129.69
0.52	129.70
0.43
0.49
0.43
0.49
0.49
0.48
0.50
0.40
3.16
0.45
0.38
0.50
0.61
0.49
0.51
0.46
0.47
0.46
0.45
0.40
0.38
0.38
0.41
0.37
0.38
0.36
0.36
0.51
0.51
0.52
0.50
CorWatt	PkgWatt
17.16	129.72
0.52	129.72
0.43
0.49
0.44
0.49
0.50
0.48
0.53
0.39
3.16
0.40
0.38
0.51
0.62
0.51
0.51
0.46
0.45
0.46
0.46
0.38
0.38
0.38
0.41
0.35
0.35
0.36
0.35
0.51
0.50
0.50
0.50
CorWatt	PkgWatt
17.34	129.87
0.51	129.87
0.43
0.49
0.43
0.49
0.49
0.48
0.50
0.43
3.16
0.41
0.39
0.52
0.63
0.53
0.53
0.50
0.47
0.47
0.46
0.39
0.39
0.38
0.41
0.35
0.36
0.37
0.35
0.52
0.51
0.50
0.49
CorWatt	PkgWatt
17.25	129.87
0.52	129.86
0.44
0.49
0.43
0.49
0.49
0.48
0.50
0.40
3.16
0.42
0.41
0.51
0.61
0.51
0.53
0.48
0.46
0.46
0.46
0.39
0.38
0.39
0.42
0.35
0.35
0.36
0.35
0.51
0.50
0.50
0.50
CorWatt	PkgWatt
17.21	129.79
0.52	129.79
0.44
0.50
0.44
0.49
0.48
0.48
0.50
0.41
3.10
0.40
0.38
0.50
0.61
0.49
0.51
0.48
0.46
0.46
0.46
0.39
0.39
0.38
0.41
0.38
0.36
0.36
0.35
0.51
0.50
0.50
0.54
CorWatt	PkgWatt
17.79	129.45
0.74	129.47
0.48
0.54
0.47
0.83
0.99
0.70
0.70
0.42
0.49
0.44
0.45
0.57
0.64
0.58
0.56
0.87
0.52
0.52
0.51
0.47
0.46
0.46
0.48
0.41
0.42
0.41
0.42
0.57
0.55
0.55
0.57
CorWatt	PkgWatt
16.69	128.50
0.59	128.48
0.43
0.52
0.45
1.27
1.18
0.83
0.84
0.40
0.48
0.38
0.38
0.52
0.53
0.51
0.50
0.47
0.46
0.46
0.45
0.40
0.38
0.38
0.42
0.35
0.36
0.39
0.35
0.51
0.50
0.51
0.51
CorWatt	PkgWatt
16.56	128.30
0.59	128.29
0.44
0.52
0.45
0.89
1.52
0.83
0.84
0.40
0.45
0.37
0.37
0.50
0.50
0.49
0.50
0.48
0.46
0.46
0.48
0.39
0.38
0.39
0.41
0.35
0.35
0.37
0.35
0.52
0.50
0.51
0.50
CorWatt	PkgWatt
16.72	128.24
0.58	128.25
0.44
0.49
0.46
0.89
1.52
0.83
0.85
0.39
0.45
0.38
0.39
0.50
0.51
0.49
0.51
0.47
0.46
0.48
0.48
0.43
0.39
0.39
0.43
0.36
0.38
0.38
0.36
0.52
0.51
0.51
0.50
CorWatt	PkgWatt
16.39	128.24
0.57	128.24
0.43
0.44
0.50
0.87
1.51
0.83
0.83
0.39
0.43
0.37
0.37
0.50
0.50
0.48
0.50
0.45
0.46
0.46
0.48
0.38
0.38
0.39
0.41
0.36
0.35
0.36
0.36
0.52
0.49
0.50
0.50
CorWatt	PkgWatt
16.92	128.56
0.58	128.57
0.46
0.46
0.51
0.89
1.52
0.84
0.83
0.39
0.43
0.42
0.38
0.51
0.51
0.50
0.51
0.46
0.45
0.47
0.48
0.40
0.39
0.38
0.42
0.42
0.37
0.42
0.37
0.59
0.53
0.52
0.52
CorWatt	PkgWatt
17.96	129.65
0.57	129.64
0.44
0.47
0.51
1.09
2.25
1.07
1.07
0.40
0.45
0.38
0.37
0.50
0.50
0.49
0.51
0.46
0.46
0.47
0.49
0.39
0.41
0.41
0.41
0.35
0.35
0.36
0.35
0.51
0.50
0.50
0.50
CorWatt	PkgWatt
19.68	131.02
0.58	131.03
0.44
0.46
0.49
1.34
3.11
1.34
1.33
0.41
0.44
0.37
0.38
0.51
0.51
0.50
0.51
0.51
0.48
0.47
0.50
0.41
0.39
0.38
0.42
0.35
0.35
0.37
0.35
0.51
0.50
0.50
0.49
CorWatt	PkgWatt
19.49	130.74
0.58	130.75
0.44
0.47
0.50
2.72
1.71
1.34
1.33
0.38
0.44
0.37
0.38
0.51
0.50
0.49
0.50
0.47
0.46
0.46
0.48
0.38
0.38
0.39
0.41
0.35
0.35
0.36
0.35
0.50
0.49
0.50
0.50
CorWatt	PkgWatt
19.63	130.92
0.58	130.93
0.43
0.48
0.48
2.46
1.98
1.34
1.34
0.37
0.44
0.37
0.37
0.50
0.51
0.49
0.50
0.46
0.46
0.46
0.50
0.40
0.39
0.40
0.42
0.35
0.38
0.38
0.36
0.51
0.51
0.51
0.49
CorWatt	PkgWatt
19.72	131.09
0.59	131.08
0.47
0.47
0.51
1.34
3.11
1.34
1.33
0.40
0.44
0.37
0.37
0.50
0.50
0.50
0.52
0.47
0.46
0.49
0.50
0.39
0.38
0.39
0.41
0.38
0.35
0.37
0.36
0.51
0.50
0.50
0.51
CorWatt	PkgWatt
19.68	131.00
0.58	131.01
0.43
0.45
0.49
1.90
2.55
1.34
1.34
0.40
0.44
0.39
0.37
0.50
0.51
0.48
0.51
0.47
0.48
0.48
0.48
0.40
0.40
0.41
0.42
0.37
0.36
0.38
0.35
0.51
0.49
0.50
0.49
CorWatt	PkgWatt
19.62	131.04
0.60	131.05
0.45
0.45
0.45
1.34
3.10
1.35
1.34
0.40
0.44
0.38
0.38
0.50
0.50
0.50
0.50
0.48
0.46
0.49
0.48
0.41
0.39
0.42
0.41
0.35
0.35
0.37
0.35
0.51
0.49
0.50
0.50
CorWatt	PkgWatt
19.80	131.11
0.61	131.11
0.45
0.47
0.51
1.34
3.10
1.35
1.34
0.39
0.42
0.38
0.37
0.51
0.53
0.50
0.51
0.48
0.47
0.48
0.50
0.43
0.41
0.38
0.44
0.35
0.36
0.38
0.35
0.52
0.50
0.50
0.50
CorWatt	PkgWatt
19.65	131.01
0.59	131.01
0.44
0.45
0.53
1.63
2.81
1.35
1.33
0.38
0.43
0.38
0.38
0.50
0.50
0.51
0.50
0.46
0.47
0.46
0.46
0.41
0.40
0.39
0.44
0.35
0.36
0.36
0.35
0.52
0.49
0.50
0.50
CorWatt	PkgWatt
19.70	131.12
0.59	131.13
0.45
0.45
0.46
1.34
3.11
1.34
1.33
0.38
0.42
0.41
0.37
0.50
0.50
0.48
0.50
0.46
0.46
0.48
0.46
0.43
0.40
0.40
0.41
0.36
0.38
0.40
0.37
0.52
0.52
0.50
0.50
CorWatt	PkgWatt
19.47	130.87
0.58	130.86
0.45
0.45
0.44
3.10
1.35
1.34
1.34
0.38
0.44
0.38
0.37
0.50
0.52
0.49
0.51
0.47
0.46
0.47
0.46
0.39
0.38
0.39
0.41
0.35
0.35
0.37
0.37
0.51
0.49
0.50
0.50
CorWatt	PkgWatt
19.04	130.68
0.66	130.66
0.52
0.50
0.52
1.90
1.10
1.01
1.01
0.45
0.49
0.42
0.44
0.54
0.97
0.54
0.55
0.49
0.50
0.49
0.50
0.44
0.41
0.41
0.44
0.40
0.39
0.39
0.38
0.55
0.54
0.55
0.53
CorWatt	PkgWatt
16.33	128.19
0.52	128.21
0.46
0.46
0.50
0.56
0.51
0.49
0.51
0.62
0.66
0.59
1.10
0.52
0.71
0.54
0.52
0.49
0.47
0.47
0.46
0.40
0.39
0.41
0.41
0.36
0.37
0.39
0.37
0.52
0.50
0.53
0.53
CorWatt	PkgWatt
15.90	127.78
0.53	127.79
0.47
0.48
0.49
0.54
0.48
0.48
0.50
1.03
0.67
0.62
0.63
0.50
0.63
0.49
0.51
0.47
0.46
0.47
0.45
0.39
0.38
0.39
0.41
0.35
0.36
0.37
0.35
0.51
0.49
0.50
0.49
CorWatt	PkgWatt
15.89	127.78
0.50	127.79
0.44
0.45
0.46
0.54
0.49
0.49
0.51
0.64
0.68
0.61
1.03
0.50
0.62
0.49
0.51
0.48
0.47
0.47
0.46
0.39
0.38
0.39
0.41
0.40
0.35
0.37
0.35
0.51
0.49
0.50
0.51
CorWatt	PkgWatt
15.83	127.73
0.50	127.73
0.46
0.46
0.46
0.55
0.50
0.49
0.50
1.01
0.66
0.62
0.63
0.50
0.63
0.49
0.51
0.46
0.48
0.46
0.47
0.40
0.39
0.38
0.41
0.35
0.36
0.37
0.35
0.51
0.49
0.50
0.49
CorWatt	PkgWatt
16.06	128.28
0.50	128.28
0.43
0.45
0.50
0.50
0.49
0.49
0.51
0.70
0.65
0.60
1.18
0.51
0.63
0.50
0.50
0.45
0.46
0.48
0.46
0.39
0.38
0.39
0.41
0.35
0.37
0.39
0.37
0.51
0.49
0.50
0.50
CorWatt	PkgWatt
18.65	132.95
0.52	132.96
0.43
0.45
0.49
0.49
0.49
0.49
0.50
0.41
0.46
0.39
4.29
0.51
0.62
0.51
0.52
0.46
0.49
0.48
0.49
0.40
0.40
0.38
0.42
0.39
0.39
0.40
0.36
0.52
0.50
0.50
0.50
CorWatt	PkgWatt
18.63	133.03
0.53	133.04
0.45
0.46
0.49
0.48
0.49
0.50
0.47
0.41
0.45
0.39
4.30
0.51
0.62
0.50
0.52
0.46
0.46
0.47
0.47
0.40
0.38
0.40
0.43
0.35
0.36
0.39
0.37
0.52
0.52
0.52
0.53
CorWatt	PkgWatt
18.48	132.87
0.52	132.87
0.43
0.45
0.47
0.48
0.48
0.48
0.47
0.40
0.44
0.42
4.29
0.52
0.62
0.52
0.52
0.45
0.45
0.47
0.47
0.39
0.38
0.38
0.41
0.37
0.38
0.39
0.37
0.51
0.52
0.52
0.50
CorWatt	PkgWatt
18.60	133.14
0.52	133.13
0.43
0.46
0.48
0.49
0.52
0.49
0.49
0.42
0.46
0.38
4.30
0.52
0.63
0.52
0.53
0.46
0.46
0.47
0.47
0.39
0.39
0.39
0.41
0.35
0.35
0.38
0.36
0.52
0.50
0.50
0.54
CorWatt	PkgWatt
18.53	133.03
0.52	133.04
0.43
0.45
0.49
0.48
0.49
0.48
0.47
0.42
0.46
0.40
4.30
0.53
0.64
0.54
0.54
0.46
0.46
0.48
0.47
0.40
0.38
0.38
0.41
0.35
0.36
0.36
0.36
0.52
0.52
0.50
0.50
CorWatt	PkgWatt
18.47	132.98
0.53	132.98
0.45
0.44
0.48
0.48
0.49
0.48
0.47
0.42
0.47
0.40
4.30
0.51
0.62
0.53
0.54
0.46
0.45
0.47
0.47
0.39
0.38
0.38
0.41
0.35
0.36
0.36
0.36
0.52
0.50
0.50
0.50
CorWatt	PkgWatt
19.81	134.19
0.60	134.20
0.51
0.53
0.55
0.52
0.52
0.52
0.51
0.47
0.48
0.41
4.29
0.57
0.66
0.54
0.56
0.49
0.50
0.54
0.52
0.42
0.46
0.38
0.45
0.43
0.43
0.41
0.38
0.55
0.54
0.54
0.54
CorWatt	PkgWatt
18.68	133.16
0.53	133.14
0.43
0.47
0.49
0.49
0.50
0.49
0.48
0.41
0.46
0.39
4.29
0.54
0.64
0.52
0.54
0.47
0.47
0.49
0.47
0.40
0.38
0.39
0.42
0.36
0.36
0.37
0.36
0.53
0.51
0.51
0.51
CorWatt	PkgWatt
18.69	133.30
0.53	133.32
0.43
0.46
0.49
0.48
0.51
0.48
0.47
0.40
0.48
0.42
4.30
0.55
0.65
0.52
0.53
0.46
0.46
0.48
0.47
0.39
0.38
0.38
0.41
0.41
0.36
0.39
0.36
0.52
0.50
0.50
0.52
CorWatt	PkgWatt
18.54	133.37
0.54	133.37
0.44
0.47
0.50
0.48
0.49
0.48
0.47
0.43
0.45
0.38
4.30
0.51
0.63
0.50
0.52
0.46
0.45
0.48
0.49
0.39
0.38
0.39
0.40
0.35
0.35
0.36
0.36
0.52
0.50
0.50
0.55
CorWatt	PkgWatt
18.47	133.19
0.51	133.19
0.43
0.44
0.49
0.48
0.48
0.48
0.49
0.41
0.47
0.40
4.30
0.50
0.62
0.50
0.52
0.46
0.45
0.49
0.48
0.41
0.38
0.39
0.42
0.35
0.36
0.37
0.36
0.52
0.51
0.50
0.50
CorWatt	PkgWatt
18.53	133.29
0.52	133.27
0.44
0.45
0.48
0.49
0.49
0.49
0.49
0.41
0.46
0.40
4.30
0.51
0.60
0.51
0.52
0.46
0.46
0.47
0.48
0.39
0.38
0.39
0.42
0.35
0.37
0.38
0.36
0.52
0.50
0.51
0.52
CorWatt	PkgWatt
18.13	130.39
0.55	130.43
0.50
0.51
0.75
0.62
0.86
0.63
0.62
0.45
0.49
0.48
0.84
0.55
0.62
0.58
0.58
0.54
0.53
0.54
0.56
0.78
0.45
0.43
0.47
0.50
0.46
0.47
0.43
0.60
0.58
0.56
0.58
CorWatt	PkgWatt
16.07	128.31
0.52	128.30
0.45
0.47
0.56
0.73
0.76
1.21
0.72
0.39
0.45
0.38
0.41
0.50
0.51
0.50
0.52
0.47
0.46
0.46
0.49
0.39
0.40
0.40
0.41
0.41
0.36
0.36
0.36
0.52
0.50
0.50
0.50
CorWatt	PkgWatt
16.01	128.19
0.52	128.19
0.44
0.46
0.56
0.72
0.76
1.22
0.72
0.41
0.43
0.36
0.39
0.50
0.51
0.49
0.52
0.49
0.47
0.46
0.49
0.39
0.38
0.38
0.42
0.43
0.35
0.35
0.36
0.51
0.50
0.50
0.50
CorWatt	PkgWatt
16.02	128.06
0.53	128.05
0.45
0.48
0.57
0.72
1.15
0.82
0.74
0.39
0.44
0.37
0.40
0.50
0.51
0.50
0.52
0.46
0.46
0.46
0.48
0.38
0.38
0.39
0.41
0.41
0.35
0.36
0.36
0.52
0.50
0.50
0.50
CorWatt	PkgWatt
16.10	128.13
0.53	128.15
0.45
0.47
0.56
0.73
1.21
0.74
0.72
0.40
0.45
0.38
0.39
0.52
0.51
0.49
0.52
0.46
0.46
0.46
0.49
0.39
0.38
0.40
0.44
0.40
0.37
0.37
0.38
0.51
0.52
0.51
0.50
CorWatt	PkgWatt
16.29	128.52
0.53	128.52
0.47
0.46
0.56
0.70
1.56
0.81
0.70
0.41
0.45
0.37
0.38
0.50
0.50
0.49
0.51
0.47
0.45
0.46
0.48
0.38
0.38
0.38
0.41
0.40
0.36
0.36
0.35
0.51
0.50
0.50
0.50
CorWatt	PkgWatt
17.68	129.94
0.53	129.93
0.43
0.45
0.55
0.61
0.67
3.19
0.63
0.40
0.44
0.41
0.39
0.50
0.51
0.49
0.52
0.47
0.45
0.46
0.48
0.39
0.40
0.41
0.42
0.40
0.35
0.35
0.36
0.51
0.50
0.50
0.49
CorWatt	PkgWatt
17.74	130.12
0.54	130.11
0.45
0.45
0.54
0.63
0.64
3.17
0.66
0.39
0.43
0.38
0.38
0.50
0.51
0.51
0.53
0.49
0.46
0.46
0.48
0.38
0.40
0.42
0.43
0.39
0.35
0.36
0.36
0.51
0.51
0.51
0.51
CorWatt	PkgWatt
17.74	130.13
0.55	130.14
0.43
0.46
0.56
0.61
0.63
3.18
0.65
0.40
0.42
0.38
0.38
0.50
0.51
0.49
0.51
0.48
0.46
0.48
0.50
0.41
0.40
0.38
0.45
0.41
0.36
0.35
0.36
0.52
0.50
0.50
0.50
CorWatt	PkgWatt
17.78	130.20
0.56	130.19
0.44
0.45
0.55
0.62
2.16
1.68
0.63
0.39
0.43
0.38
0.38
0.51
0.51
0.50
0.51
0.48
0.47
0.47
0.47
0.40
0.38
0.39
0.42
0.42
0.37
0.39
0.37
0.52
0.51
0.51
0.52
CorWatt	PkgWatt
17.74	130.09
0.52	130.10
0.49
0.44
0.55
0.61
3.20
0.63
0.63
0.40
0.42
0.41
0.38
0.50
0.51
0.49
0.51
0.46
0.46
0.48
0.46
0.41
0.40
0.40
0.42
0.39
0.37
0.38
0.38
0.53
0.52
0.50
0.50
CorWatt	PkgWatt
17.59	129.89
0.53	129.87
0.47
0.45
0.54
0.62
3.18
0.65
0.64
0.38
0.43
0.37
0.38
0.50
0.50
0.49
0.51
0.46
0.47
0.49
0.46
0.38
0.38
0.39
0.42
0.40
0.35
0.35
0.36
0.52
0.50
0.50
0.51
CorWatt	PkgWatt
17.63	130.00
0.52	130.01
0.47
0.44
0.54
0.63
3.18
0.66
0.64
0.40
0.42
0.36
0.38
0.50
0.51
0.49
0.51
0.47
0.49
0.47
0.48
0.39
0.38
0.38
0.42
0.42
0.36
0.36
0.37
0.51
0.50
0.50
0.50
CorWatt	PkgWatt
17.62	130.10
0.53	130.10
0.48
0.44
0.55
0.61
3.18
0.64
0.64
0.40
0.43
0.36
0.38
0.50
0.50
0.51
0.50
0.47
0.46
0.47
0.45
0.39
0.38
0.40
0.41
0.40
0.36
0.37
0.38
0.51
0.50
0.51
0.52
CorWatt	PkgWatt
17.54	129.85
0.54	129.84
0.47
0.47
0.55
0.60
3.20
0.63
0.62
0.39
0.42
0.37
0.38
0.50
0.51
0.49
0.51
0.46
0.46
0.47
0.45
0.39
0.38
0.38
0.42
0.39
0.36
0.35
0.36
0.51
0.50
0.51
0.50
CorWatt	PkgWatt
17.65	130.01
0.54	130.01
0.44
0.46
0.55
0.62
0.88
2.95
0.64
0.39
0.43
0.37
0.38
0.50
0.50
0.49
0.52
0.49
0.47
0.47
0.46
0.38
0.38
0.39
0.42
0.41
0.35
0.35
0.36
0.51
0.50
0.50
0.51
CorWatt	PkgWatt
17.56	130.00
0.52	130.01
0.48
0.46
0.55
0.62
0.66
3.18
0.63
0.39
0.43
0.36
0.38
0.50
0.51
0.49
0.52
0.47
0.47
0.47
0.48
0.39
0.38
0.38
0.42
0.39
0.35
0.35
0.36
0.51
0.50
0.50
0.49
CorWatt	PkgWatt
17.03	129.35
0.55	129.36
0.49
0.46
0.57
0.60
0.62
2.35
0.59
0.40
0.45
0.37
0.40
0.50
0.67
0.51
0.51
0.47
0.46
0.47
0.47
0.38
0.38
0.38
0.42
0.41
0.38
0.37
0.38
0.51
0.50
0.50
0.50
CorWatt	PkgWatt
17.76	129.55
0.58	129.56
0.56
0.51
0.76
0.72
1.21
0.73
0.73
0.47
0.48
0.45
0.47
0.56
0.73
0.59
0.57
0.51
0.51
0.52
0.53
0.44
0.43
0.43
0.47
0.44
0.41
0.40
0.41
0.55
0.53
0.53
0.53
CorWatt	PkgWatt
16.59	128.45
0.52	128.43
0.49
0.47
0.56
0.74
0.95
1.05
0.73
0.43
0.46
0.41
0.39
0.53
0.52
0.50
0.52
0.48
0.48
0.49
0.48
0.41
0.40
0.42
0.44
0.42
0.38
0.39
0.39
0.53
0.53
0.53
0.54
CorWatt	PkgWatt
16.03	128.19
0.50	128.19
0.46
0.44
0.55
0.72
0.75
1.29
0.71
0.39
0.43
0.39
0.38
0.50
0.51
0.49
0.51
0.46
0.45
0.48
0.47
0.39
0.38
0.38
0.41
0.42
0.37
0.37
0.37
0.51
0.52
0.50
0.50
CorWatt	PkgWatt
16.00	128.00
0.51	128.00
0.48
0.45
0.56
0.72
0.76
1.30
0.73
0.39
0.43
0.39
0.39
0.51
0.52
0.51
0.51
0.47
0.46
0.48
0.47
0.38
0.38
0.38
0.41
0.35
0.35
0.35
0.36
0.51
0.50
0.50
0.50
CorWatt	PkgWatt
16.13	128.03
0.52	128.03
0.49
0.44
0.54
0.72
0.74
1.31
0.71
0.41
0.45
0.38
0.40
0.52
0.53
0.53
0.53
0.47
0.46
0.49
0.47
0.40
0.38
0.38
0.42
0.35
0.35
0.35
0.37
0.52
0.51
0.50
0.49
CorWatt	PkgWatt
17.23	129.68
0.52	129.67
0.47
0.45
0.53
0.54
3.00
0.58
0.54
0.41
0.45
0.39
0.38
0.51
0.51
0.51
0.52
0.47
0.46
0.49
0.48
0.38
0.38
0.39
0.41
0.35
0.35
0.36
0.36
0.52
0.50
0.50
0.51
CorWatt	PkgWatt
17.42	130.22
0.54	130.22
0.49
0.46
0.55
0.49
3.38
0.51
0.50
0.40
0.42
0.37
0.38
0.50
0.51
0.49
0.50
0.46
0.46
0.50
0.47
0.39
0.38
0.38
0.41
0.37
0.35
0.35
0.37
0.51
0.50
0.51
0.55
CorWatt	PkgWatt
17.36	129.94
0.55	129.94
0.47
0.46
0.55
0.49
3.38
0.51
0.49
0.38
0.42
0.36
0.38
0.52
0.52
0.50
0.51
0.46
0.46
0.48
0.48
0.38
0.38
0.38
0.42
0.35
0.35
0.35
0.35
0.51
0.50
0.50
0.52
CorWatt	PkgWatt
17.44	130.02
0.57	130.03
0.44
0.46
0.54
0.49
3.38
0.51
0.49
0.39
0.45
0.41
0.39
0.52
0.52
0.51
0.50
0.46
0.46
0.47
0.47
0.39
0.39
0.38
0.43
0.35
0.35
0.37
0.36
0.51
0.49
0.50
0.51
CorWatt	PkgWatt
17.43	130.02
0.55	130.00
0.44
0.47
0.54
0.49
3.38
0.52
0.50
0.40
0.44
0.37
0.39
0.50
0.50
0.49
0.51
0.46
0.46
0.48
0.49
0.38
0.38
0.40
0.42
0.35
0.35
0.36
0.36
0.52
0.50
0.50
0.51
CorWatt	PkgWatt
17.34	130.15
0.55	130.16
0.43
0.44
0.53
0.49
3.38
0.51
0.50
0.39
0.44
0.38
0.40
0.50
0.50
0.50
0.51
0.46
0.45
0.48
0.48
0.41
0.38
0.38
0.42
0.35
0.36
0.36
0.36
0.51
0.50
0.50
0.49
CorWatt	PkgWatt
17.37	129.94
0.55	129.93
0.43
0.45
0.53
0.49
3.38
0.52
0.50
0.39
0.43
0.40
0.38
0.50
0.50
0.49
0.50
0.46
0.46
0.45
0.48
0.39
0.38
0.38
0.41
0.38
0.35
0.35
0.37
0.51
0.50
0.50
0.55
CorWatt	PkgWatt
17.60	130.07
0.53	130.08
0.45
0.46
0.57
0.51
3.38
0.53
0.50
0.39
0.43
0.40
0.38
0.50
0.51
0.49
0.51
0.46
0.45
0.45
0.48
0.39
0.38
0.38
0.41
0.43
0.38
0.38
0.36
0.54
0.53
0.51
0.52
CorWatt	PkgWatt
17.44	130.19
0.53	130.18
0.44
0.47
0.55
0.50
3.39
0.52
0.51
0.38
0.44
0.37
0.38
0.51
0.51
0.50
0.51
0.46
0.46
0.45
0.48
0.38
0.40
0.40
0.41
0.36
0.36
0.36
0.36
0.51
0.51
0.51
0.51
CorWatt	PkgWatt
17.29	130.00
0.53	130.00
0.43
0.47
0.55
0.49
3.38
0.51
0.51
0.39
0.43
0.36
0.39
0.50
0.51
0.49
0.50
0.48
0.47
0.45
0.50
0.39
0.38
0.38
0.41
0.35
0.35
0.35
0.35
0.51
0.50
0.50
0.49
CorWatt	PkgWatt
17.25	129.86
0.54	129.86
0.43
0.46
0.57
0.49
3.38
0.52
0.52
0.37
0.42
0.36
0.39
0.50
0.50
0.49
0.50
0.45
0.45
0.45
0.48
0.38
0.38
0.38
0.41
0.35
0.35
0.35
0.35
0.51
0.50
0.50
0.50
CorWatt	PkgWatt
17.45	130.12
0.52	130.13
0.43
0.47
0.57
0.50
3.38
0.53
0.50
0.39
0.44
0.37
0.39
0.50
0.50
0.48
0.50
0.45
0.46
0.45
0.48
0.39
0.38
0.39
0.43
0.35
0.38
0.36
0.37
0.51
0.52
0.51
0.53
CorWatt	PkgWatt
18.08	130.00
0.57	130.01
0.52
0.54
0.64
0.55
1.28
0.59
0.57
0.51
0.54
0.68
0.51
0.55
0.57
0.55
1.05
0.52
0.52
0.52
0.54
0.44
0.44
0.44
0.48
0.42
0.42
0.42
0.45
0.58
0.56
0.56
0.58
CorWatt	PkgWatt
16.73	128.63
0.51	128.63
0.43
0.46
0.47
0.50
0.51
0.49
0.52
0.75
0.76
0.79
1.41
0.50
0.52
0.50
0.64
0.47
0.46
0.46
0.49
0.39
0.40
0.41
0.42
0.38
0.36
0.36
0.36
0.52
0.50
0.50
0.50
CorWatt	PkgWatt
16.59	128.57
0.52	128.57
0.43
0.44
0.46
0.50
0.51
0.52
0.53
0.74
0.75
0.87
1.30
0.51
0.51
0.51
0.63
0.46
0.45
0.46
0.48
0.38
0.39
0.40
0.42
0.35
0.35
0.35
0.35
0.51
0.50
0.50
0.50
CorWatt	PkgWatt
16.67	128.56
0.50	128.56
0.42
0.46
0.49
0.48
0.50
0.49
0.53
0.75
0.76
0.74
1.41
0.52
0.53
0.52
0.64
0.48
0.45
0.48
0.49
0.40
0.40
0.38
0.45
0.35
0.36
0.35
0.36
0.51
0.50
0.50
0.49
CorWatt	PkgWatt
16.67	128.62
0.50	128.62
0.48
0.44
0.46
0.49
0.49
0.49
0.51
0.74
0.75
0.76
1.40
0.51
0.52
0.51
0.62
0.47
0.47
0.47
0.46
0.38
0.38
0.39
0.41
0.39
0.38
0.36
0.37
0.52
0.50
0.51
0.52
CorWatt	PkgWatt
16.92	128.78
0.52	128.78
0.48
0.45
0.43
0.49
0.49
0.50
0.52
1.34
0.76
0.75
0.82
0.51
0.52
0.50
0.64
0.48
0.47
0.51
0.47
0.41
0.40
0.40
0.43
0.38
0.39
0.40
0.38
0.54
0.53
0.51
0.51
CorWatt	PkgWatt
16.87	128.72
0.50	128.72
0.47
0.44
0.42
0.49
0.52
0.49
0.51
1.45
0.82
0.81
0.99
0.50
0.51
0.50
0.63
0.45
0.46
0.47
0.46
0.38
0.38
0.39
0.41
0.35
0.35
0.35
0.36
0.51
0.50
0.50
0.50
CorWatt	PkgWatt
19.61	131.05
0.52	131.05
0.47
0.44
0.43
0.49
0.49
0.49
0.50
2.21
1.23
1.23
2.04
0.50
0.52
0.50
0.63
0.46
0.48
0.47
0.47
0.38
0.38
0.38
0.41
0.39
0.36
0.37
0.36
0.51
0.50
0.50
0.50
CorWatt	PkgWatt
19.80	131.18
0.52	131.18
0.48
0.45
0.43
0.49
0.49
0.49
0.51
1.91
1.23
1.23
2.31
0.52
0.54
0.52
0.62
0.48
0.46
0.48
0.46
0.39
0.39
0.40
0.43
0.36
0.38
0.37
0.38
0.52
0.51
0.53
0.52
CorWatt	PkgWatt
19.64	130.99
0.53	130.99
0.50
0.47
0.44
0.48
0.48
0.49
0.51
2.72
1.23
1.23
1.51
0.53
0.53
0.50
0.62
0.45
0.48
0.47
0.45
0.38
0.38
0.38
0.42
0.35
0.36
0.36
0.37
0.51
0.50
0.51
0.50
CorWatt	PkgWatt
19.58	131.03
0.52	131.03
0.47
0.45
0.42
0.48
0.49
0.49
0.51
2.83
1.23
1.23
1.41
0.50
0.52
0.50
0.63
0.47
0.47
0.47
0.46
0.38
0.38
0.38
0.41
0.39
0.35
0.36
0.36
0.52
0.50
0.50
0.51
CorWatt	PkgWatt
19.59	131.01
0.54	131.01
0.46
0.47
0.42
0.49
0.48
0.49
0.52
3.01
1.23
1.23
1.23
0.50
0.53
0.50
0.61
0.45
0.48
0.47
0.47
0.38
0.38
0.38
0.41
0.35
0.36
0.36
0.36
0.51
0.50
0.50
0.49
CorWatt	PkgWatt
19.63	131.11
0.55	131.11
0.43
0.44
0.43
0.49
0.49
0.49
0.50
2.64
1.23
1.23
1.59
0.51
0.53
0.53
0.62
0.45
0.46
0.48
0.46
0.38
0.38
0.39
0.42
0.36
0.37
0.38
0.37
0.52
0.50
0.51
0.51
CorWatt	PkgWatt
19.62	131.16
0.54	131.17
0.44
0.44
0.44
0.48
0.48
0.49
0.50
1.23
1.23
1.23
2.99
0.50
0.52
0.53
0.62
0.45
0.47
0.48
0.48
0.38
0.38
0.38
0.42
0.37
0.38
0.38
0.36
0.51
0.50
0.50
0.49
CorWatt	PkgWatt
19.85	131.06
0.54	131.07
0.46
0.46
0.47
0.49
0.49
0.48
0.48
1.93
1.23
1.24
2.28
0.50
0.52
0.51
0.63
0.46
0.46
0.48
0.47
0.39
0.38
0.40
0.43
0.38
0.38
0.41
0.39
0.52
0.53
0.52
0.54
CorWatt	PkgWatt
19.78	131.25
0.52	131.25
0.48
0.45
0.44
0.48
0.49
0.49
0.48
1.23
1.42
2.25
1.78
0.52
0.56
0.55
0.63
0.45
0.45
0.49
0.47
0.38
0.38
0.38
0.42
0.38
0.39
0.40
0.37
0.52
0.53
0.50
0.51
CorWatt	PkgWatt
19.80	131.14
0.52	131.13
0.48
0.46
0.45
0.49
0.51
0.50
0.51
1.23
2.21
2.01
1.23
0.52
0.55
0.53
0.63
0.45
0.46
0.50
0.48
0.39
0.39
0.39
0.41
0.36
0.36
0.37
0.36
0.52
0.51
0.51
0.51
CorWatt	PkgWatt
18.80	130.28
0.53	130.31
0.50
0.44
0.44
0.49
0.49
0.48
0.48
1.06
1.10
2.51
1.08
0.53
0.56
0.57
0.62
0.45
0.46
0.48
0.48
0.40
0.38
0.38
0.42
0.35
0.36
0.36
0.36
0.52
0.51
0.50
0.50
CorWatt	PkgWatt
20.06	134.79
0.57	134.79
0.53
0.74
0.49
3.35
0.58
0.55
0.55
0.51
0.53
0.52
0.52
0.60
0.58
0.61
0.65
0.54
0.51
0.84
0.55
0.46
0.46
0.45
0.49
0.41
0.42
0.41
0.42
0.57
0.55
0.55
0.55
CorWatt	PkgWatt
20.21	138.24
0.53	138.25
0.49
0.57
0.44
5.86
0.52
0.49
0.49
0.45
0.47
0.42
0.45
0.51
0.53
0.51
0.52
0.48
0.46
0.46
0.48
0.39
0.38
0.37
0.41
0.39
0.36
0.37
0.37
0.52
0.50
0.51
0.50
CorWatt	PkgWatt
20.16	138.37
0.54	138.33
0.47
0.56
0.46
5.87
0.53
0.50
0.50
0.39
0.44
0.39
0.44
0.54
0.53
0.53
0.53
0.48
0.46
0.46
0.48
0.38
0.38
0.38
0.41
0.38
0.35
0.36
0.36
0.53
0.51
0.51
0.52
CorWatt	PkgWatt
19.97	138.29
0.53	138.30
0.46
0.56
0.45
5.87
0.53
0.49
0.49
0.40
0.44
0.40
0.43
0.53
0.52
0.51
0.51
0.46
0.46
0.45
0.49
0.38
0.38
0.38
0.41
0.35
0.36
0.37
0.35
0.51
0.50
0.50
0.51
CorWatt	PkgWatt
19.82	138.10
0.54	138.10
0.46
0.56
0.46
5.86
0.52
0.49
0.49
0.38
0.43
0.38
0.43
0.51
0.50
0.49
0.51
0.46
0.45
0.44
0.50
0.38
0.38
0.39
0.41
0.35
0.35
0.36
0.35
0.51
0.50
0.50
0.50
CorWatt	PkgWatt
20.66	138.70
0.55	138.71
0.52
0.58
0.48
5.86
0.56
0.52
0.53
0.43
0.46
0.42
0.47
0.53
0.54
0.55
0.51
0.50
0.50
0.47
0.49
0.43
0.39
0.41
0.42
0.38
0.39
0.35
0.38
0.51
0.53
0.52
0.49
CorWatt	PkgWatt
20.10	138.45
0.53	138.43
0.44
0.55
0.49
5.87
0.54
0.50
0.50
0.39
0.43
0.44
0.43
0.50
0.51
0.50
0.53
0.48
0.47
0.45
0.47
0.39
0.39
0.39
0.42
0.37
0.36
0.36
0.39
0.52
0.51
0.51
0.51
CorWatt	PkgWatt
20.39	138.41
0.53	138.42
0.45
0.57
0.51
5.87
0.53
0.52
0.51
0.39
0.43
0.40
0.39
0.52
0.52
0.50
0.52
0.49
0.46
0.46
0.47
0.40
0.39
0.39
0.43
0.40
0.40
0.40
0.38
0.55
0.53
0.52
0.55
CorWatt	PkgWatt
20.03	138.14
0.53	138.13
0.45
0.58
0.48
5.88
0.54
0.50
0.50
0.39
0.44
0.39
0.41
0.50
0.51
0.50
0.52
0.48
0.46
0.46
0.46
0.38
0.40
0.40
0.41
0.35
0.35
0.35
0.37
0.52
0.51
0.50
0.51
CorWatt	PkgWatt
19.93	138.26
0.53	138.26
0.44
0.58
0.48
5.87
0.52
0.49
0.50
0.39
0.42
0.38
0.39
0.51
0.51
0.50
0.51
0.49
0.47
0.45
0.48
0.39
0.39
0.38
0.42
0.35
0.35
0.35
0.37
0.52
0.51
0.51
0.49
CorWatt	PkgWatt
20.14	138.18
0.55	138.18
0.45
0.57
0.50
5.88
0.54
0.51
0.52
0.39
0.43
0.39
0.41
0.50
0.51
0.50
0.52
0.49
0.47
0.48
0.47
0.39
0.39
0.39
0.42
0.35
0.35
0.36
0.37
0.52
0.50
0.51
0.51
CorWatt	PkgWatt
20.22	137.99
0.53	138.00
0.45
0.58
0.48
5.91
0.57
0.51
0.50
0.39
0.44
0.39
0.41
0.50
0.52
0.50
0.52
0.48
0.47
0.47
0.47
0.39
0.38
0.40
0.43
0.35
0.37
0.37
0.39
0.51
0.52
0.52
0.50
CorWatt	PkgWatt
20.10	138.10
0.54	138.10
0.46
0.57
0.50
5.91
0.54
0.51
0.50
0.38
0.43
0.38
0.39
0.50
0.51
0.50
0.52
0.48
0.46
0.47
0.47
0.39
0.39
0.39
0.43
0.38
0.35
0.36
0.37
0.51
0.50
0.50
0.50
CorWatt	PkgWatt
20.21	137.87
0.53	137.87
0.44
0.57
0.48
5.91
0.53
0.51
0.52
0.39
0.45
0.40
0.38
0.50
0.52
0.50
0.53
0.50
0.46
0.46
0.47
0.39
0.41
0.42
0.43
0.36
0.35
0.36
0.37
0.51
0.50
0.50
0.54
CorWatt	PkgWatt
20.34	137.86
0.53	137.86
0.45
0.56
0.48
5.92
0.55
0.54
0.55
0.40
0.43
0.39
0.40
0.51
0.53
0.52
0.53
0.49
0.47
0.47
0.47
0.40
0.41
0.41
0.43
0.35
0.36
0.38
0.37
0.52
0.50
0.51
0.52
CorWatt	PkgWatt
20.34	137.90
0.53	137.90
0.46
0.57
0.52
5.92
0.53
0.51
0.52
0.39
0.43
0.40
0.39
0.52
0.52
0.54
0.54
0.51
0.47
0.46
0.48
0.41
0.41
0.38
0.46
0.35
0.36
0.36
0.37
0.52
0.50
0.50
0.49
CorWatt	PkgWatt
20.15	137.96
0.53	137.96
0.46
0.56
0.48
5.92
0.53
0.50
0.50
0.39
0.43
0.43
0.40
0.51
0.51
0.51
0.53
0.46
0.47
0.47
0.47
0.39
0.39
0.39
0.42
0.36
0.35
0.36
0.39
0.51
0.50
0.51
0.51
CorWatt	PkgWatt
19.87	134.09
0.59	134.11
0.55
0.62
0.56
2.53
0.60
0.58
0.59
0.47
0.50
0.48
0.48
0.59
0.59
0.59
0.62
0.54
0.53
0.73
0.55
0.48
0.49
0.96
0.50
0.46
0.46
0.47
0.46
0.59
0.57
0.56
0.58
CorWatt	PkgWatt
18.13	131.30
0.56	131.29
0.51
0.48
0.45
0.55
0.55
0.53
0.53
0.39
0.45
0.39
0.41
0.52
0.53
0.51
0.54
0.54
0.53
3.25
0.53
0.41
0.41
0.50
0.43
0.38
0.37
0.37
0.41
0.53
0.52
0.52
0.53
CorWatt	PkgWatt
17.67	130.91
0.54	130.90
0.49
0.46
0.46
0.51
0.50
0.50
0.49
0.40
0.43
0.38
0.39
0.50
0.53
0.50
0.52
0.52
0.53
3.19
0.53
0.40
0.40
0.51
0.44
0.38
0.37
0.37
0.40
0.51
0.50
0.51
0.51
CorWatt	PkgWatt
17.59	130.71
0.52	130.71
0.50
0.45
0.44
0.50
0.51
0.50
0.49
0.40
0.44
0.38
0.41
0.50
0.51
0.52
0.52
0.53
0.50
3.17
0.50
0.41
0.40
0.54
0.43
0.35
0.36
0.37
0.39
0.52
0.50
0.51
0.51
CorWatt	PkgWatt
17.61	130.92
0.55	130.92
0.50
0.48
0.48
0.50
0.50
0.50
0.49
0.39
0.43
0.39
0.40
0.50
0.53
0.50
0.52
0.52
0.52
3.18
0.51
0.40
0.40
0.51
0.43
0.36
0.36
0.36
0.39
0.51
0.50
0.51
0.51
CorWatt	PkgWatt
17.74	130.86
0.54	130.86
0.46
0.47
0.49
0.50
0.51
0.51
0.52
0.40
0.43
0.38
0.40
0.50
0.52
0.50
0.52
0.54
0.53
3.18
0.52
0.40
0.40
0.51
0.44
0.39
0.37
0.37
0.38
0.52
0.51
0.51
0.52
CorWatt	PkgWatt
17.58	130.73
0.53	130.73
0.49
0.47
0.49
0.51
0.50
0.50
0.49
0.38
0.43
0.38
0.38
0.50
0.52
0.50
0.52
0.62
0.53
3.09
0.52
0.41
0.40
0.52
0.44
0.35
0.36
0.37
0.38
0.52
0.50
0.50
0.50
CorWatt	PkgWatt
17.61	130.72
0.53	130.72
0.46
0.46
0.49
0.49
0.51
0.49
0.49
0.38
0.43
0.38
0.39
0.50
0.52
0.52
0.52
2.67
0.54
1.07
0.50
0.41
0.40
0.50
0.42
0.37
0.37
0.38
0.40
0.52
0.51
0.50
0.52
CorWatt	PkgWatt
17.69	131.04
0.53	131.07
0.47
0.46
0.48
0.50
0.50
0.50
0.49
0.40
0.42
0.39
0.41
0.50
0.52
0.52
0.52
0.52
0.55
3.19
0.51
0.41
0.40
0.51
0.43
0.37
0.38
0.39
0.38
0.51
0.51
0.51
0.51
CorWatt	PkgWatt
17.95	131.14
0.56	131.12
0.47
0.48
0.49
0.50
0.51
0.50
0.49
0.40
0.43
0.43
0.40
0.50
0.52
0.50
0.52
0.53
0.55
3.17
0.51
0.42
0.41
0.52
0.45
0.36
0.37
0.39
0.39
0.54
0.54
0.53
0.55
CorWatt	PkgWatt
17.57	130.86
0.53	130.83
0.47
0.47
0.49
0.50
0.50
0.50
0.49
0.39
0.43
0.38
0.39
0.50
0.52
0.50
0.52
0.51
0.54
3.17
0.50
0.41
0.40
0.50
0.43
0.37
0.38
0.39
0.36
0.52
0.52
0.50
0.51
CorWatt	PkgWatt
17.72	131.07
0.54	131.08
0.48
0.48
0.50
0.52
0.54
0.50
0.51
0.40
0.43
0.38
0.39
0.51
0.53
0.53
0.52
0.51
0.55
3.18
0.50
0.40
0.40
0.52
0.42
0.35
0.36
0.38
0.35
0.53
0.51
0.50
0.51
CorWatt	PkgWatt
17.68	131.10
0.57	131.10
0.46
0.46
0.49
0.50
0.50
0.50
0.50
0.40
0.44
0.38
0.39
0.52
0.54
0.53
0.54
0.52
0.53
3.17
0.50
0.43
0.40
0.53
0.42
0.36
0.37
0.36
0.35
0.52
0.51
0.50
0.50
CorWatt	PkgWatt
17.79	131.04
0.54	131.05
0.47
0.46
0.49
0.50
0.51
0.51
0.51
0.43
0.45
0.39
0.39
0.54
0.52
0.53
0.53
0.52
0.53
3.19
0.51
0.40
0.40
0.52
0.43
0.36
0.36
0.37
0.36
0.53
0.51
0.51
0.54
CorWatt	PkgWatt
17.58	130.79
0.57	130.79
0.50
0.47
0.46
0.50
0.50
0.50
0.49
0.39
0.43
0.39
0.39
0.50
0.52
0.50
0.52
0.51
0.53
3.18
0.50
0.41
0.40
0.51
0.43
0.38
0.36
0.36
0.35
0.51
0.50
0.51
0.51
CorWatt	PkgWatt
17.68	130.93
0.57	130.92
0.48
0.49
0.49
0.50
0.51
0.50
0.49
0.38
0.43
0.38
0.39
0.54
0.55
0.52
0.52
0.53
0.52
3.18
0.50
0.42
0.40
0.52
0.42
0.35
0.35
0.36
0.35
0.52
0.50
0.50
0.51
CorWatt	PkgWatt
17.59	130.78
0.55	130.78
0.49
0.46
0.45
0.50
0.51
0.49
0.49
0.40
0.45
0.39
0.39
0.51
0.53
0.51
0.52
0.52
0.55
3.18
0.50
0.41
0.40
0.51
0.42
0.35
0.36
0.38
0.35
0.51
0.50
0.50
0.52
CorWatt	PkgWatt
17.59	130.58
0.56	130.59
0.49
0.48
0.49
0.50
0.51
0.50
0.49
0.39
0.43
0.38
0.39
0.50
0.52
0.50
0.53
0.53
0.53
3.07
0.53
0.41
0.40
0.50
0.42
0.38
0.36
0.37
0.36
0.53
0.51
0.51
0.52
CorWatt	PkgWatt
18.28	130.35
0.80	130.38
0.54
0.54
0.52
0.67
1.05
0.67
0.67
0.47
0.83
0.47
0.47
0.57
0.58
0.59
0.58
0.56
0.54
0.59
0.54
0.50
0.47
0.50
0.51
0.41
0.45
0.41
0.43
0.60
0.57
0.57
0.59
CorWatt	PkgWatt
16.47	128.91
0.62	128.89
0.44
0.46
0.45
0.76
0.81
1.35
0.75
0.38
0.43
0.44
0.39
0.50
0.52
0.50
0.52
0.47
0.47
0.53
0.48
0.40
0.39
0.39
0.42
0.37
0.36
0.37
0.39
0.53
0.51
0.52
0.53
CorWatt	PkgWatt
16.56	128.80
0.61	128.80
0.46
0.47
0.47
0.77
1.37
0.80
0.76
0.39
0.44
0.39
0.39
0.50
0.52
0.50
0.52
0.48
0.46
0.52
0.48
0.41
0.39
0.39
0.42
0.39
0.39
0.39
0.37
0.54
0.52
0.52
0.52
CorWatt	PkgWatt
16.79	129.05
0.61	129.05
0.47
0.48
0.46
0.77
1.39
0.78
0.76
0.40
0.44
0.42
0.40
0.53
0.53
0.51
0.53
0.48
0.51
0.53
0.49
0.41
0.42
0.41
0.44
0.37
0.37
0.39
0.39
0.54
0.52
0.52
0.53
CorWatt	PkgWatt
16.36	128.73
0.60	128.73
0.44
0.48
0.44
0.76
1.39
0.80
0.76
0.39
0.43
0.37
0.39
0.50
0.52
0.50
0.52
0.48
0.48
0.52
0.49
0.41
0.39
0.38
0.43
0.35
0.37
0.37
0.38
0.52
0.50
0.50
0.50
CorWatt	PkgWatt
17.30	129.48
0.63	129.48
0.45
0.49
0.46
0.88
1.80
0.94
0.89
0.38
0.45
0.38
0.42
0.50
0.51
0.51
0.51
0.46
0.48
0.51
0.47
0.39
0.39
0.40
0.42
0.35
0.37
0.37
0.39
0.56
0.50
0.50
0.52
CorWatt	PkgWatt
19.48	131.62
0.61	131.62
0.48
0.47
0.44
1.17
3.20
1.18
1.17
0.39
0.44
0.38
0.39
0.50
0.52
0.50
0.51
0.47
0.48
0.49
0.47
0.41
0.40
0.39
0.44
0.35
0.37
0.38
0.40
0.52
0.53
0.52
0.51
CorWatt	PkgWatt
19.63	131.80
0.61	131.80
0.51
0.49
0.46
1.22
3.11
1.32
1.22
0.40
0.43
0.38
0.39
0.50
0.52
0.50
0.52
0.47
0.47
0.47
0.48
0.41
0.40
0.39
0.43
0.35
0.36
0.37
0.38
0.52
0.51
0.51
0.52
CorWatt	PkgWatt
19.60	131.62
0.59	131.62
0.51
0.47
0.45
1.23
3.19
1.24
1.22
0.39
0.44
0.40
0.39
0.50
0.52
0.50
0.52
0.49
0.47
0.45
0.48
0.41
0.41
0.42
0.43
0.36
0.36
0.36
0.38
0.51
0.50
0.50
0.50
CorWatt	PkgWatt
19.52	131.54
0.60	131.54
0.49
0.46
0.44
1.23
2.72
1.71
1.23
0.38
0.44
0.38
0.39
0.50
0.52
0.52
0.52
0.48
0.46
0.46
0.48
0.40
0.41
0.41
0.43
0.35
0.36
0.36
0.39
0.53
0.50
0.50
0.50
CorWatt	PkgWatt
19.74	131.71
0.60	131.71
0.49
0.48
0.48
1.23
1.25
3.17
1.23
0.40
0.43
0.39
0.39
0.51
0.52
0.52
0.53
0.50
0.46
0.46
0.50
0.42
0.42
0.39
0.46
0.36
0.36
0.36
0.39
0.53
0.50
0.50
0.51
CorWatt	PkgWatt
19.55	131.70
0.60	131.69
0.49
0.46
0.45
1.19
1.21
3.18
1.18
0.39
0.44
0.44
0.39
0.50
0.52
0.51
0.52
0.50
0.47
0.47
0.48
0.40
0.39
0.40
0.42
0.36
0.36
0.37
0.37
0.54
0.51
0.52
0.52
CorWatt	PkgWatt
19.61	131.59
0.59	131.59
0.52
0.46
0.44
1.22
1.25
3.17
1.22
0.40
0.43
0.39
0.38
0.50
0.52
0.50
0.52
0.49
0.46
0.47
0.47
0.42
0.41
0.40
0.42
0.35
0.39
0.40
0.37
0.53
0.52
0.51
0.50
CorWatt	PkgWatt
19.51	131.47
0.59	131.47
0.51
0.46
0.45
1.23
2.37
2.06
1.22
0.38
0.43
0.40
0.38
0.50
0.52
0.50
0.52
0.50
0.46
0.46
0.48
0.40
0.39
0.40
0.42
0.35
0.35
0.38
0.37
0.52
0.50
0.51
0.50
CorWatt	PkgWatt
19.61	131.71
0.59	131.71
0.51
0.47
0.45
1.23
3.19
1.25
1.23
0.38
0.43
0.38
0.39
0.50
0.52
0.51
0.52
0.49
0.49
0.46
0.49
0.42
0.40
0.38
0.42
0.38
0.37
0.37
0.37
0.52
0.50
0.52
0.52
CorWatt	PkgWatt
19.67	131.89
0.59	131.89
0.52
0.48
0.46
1.21
3.18
1.22
1.21
0.41
0.42
0.38
0.40
0.50
0.52
0.52
0.53
0.51
0.47
0.46
0.48
0.40
0.40
0.42
0.42
0.36
0.36
0.37
0.37
0.53
0.51
0.51
0.53
CorWatt	PkgWatt
19.46	131.41
0.60	131.41
0.49
0.53
0.44
1.20
3.19
1.21
1.20
0.39
0.42
0.39
0.38
0.50
0.52
0.50
0.51
0.48
0.49
0.46
0.48
0.41
0.40
0.39
0.42
0.36
0.36
0.36
0.36
0.52
0.50
0.51
0.50
CorWatt	PkgWatt
19.31	131.14
0.64	131.17
0.51
0.55
0.48
0.90
1.94
0.93
0.92
0.46
0.53
0.43
0.46
0.59
0.52
0.55
0.53
0.65
0.60
0.55
0.62
0.58
0.50
0.53
0.51
0.42
0.39
0.41
0.46
0.58
0.52
0.51
0.55
