CorWatt	PkgWatt
4.25	151.49
0.08	75.90
0.08
0.08
0.08
0.07
0.07
0.07
0.07
0.07
0.07
0.06
0.07
0.06
0.06
0.06
0.06
0.07
0.07
0.07
0.07
0.08
0.08
0.08
0.08
0.07
0.07
0.07
0.07
0.07
0.07
0.07
0.07
0.07	75.63
0.06
0.06
0.06
0.07
0.07
0.07
0.06
0.05
0.05
0.06
0.05
0.05
0.05
0.05
0.05
0.07
0.07
0.06
0.07
0.07
0.07
0.07
0.07
0.06
0.07
0.06
0.06
0.06
0.06
0.05
0.06
CorWatt	PkgWatt
4.61	151.33
0.08	75.62
0.08
0.08
0.08
0.07
0.08
0.07
0.07
0.07
0.07
0.06
0.06
0.06
0.07
0.06
0.06
0.07
0.07
0.07
0.07
0.09
0.08
0.08
0.08
0.07
0.07
0.07
0.07
0.07
0.07
0.07
0.07
0.07	75.79
0.07
0.07
0.07
0.07
0.07
0.07
0.09
0.06
0.06
0.06
0.08
0.06
0.15
0.06
0.06
0.07
0.07
0.06
0.08
0.08
0.07
0.07
0.08
0.07
0.07
0.06
0.08
0.06
0.06
0.07
0.06
