CorWatt	PkgWatt
15.60	128.11
0.55	128.12
0.47
0.49
0.51
0.55
0.54
0.51
0.54
0.43
0.46
0.47
0.54
0.52
0.54
0.60
0.54
0.51
0.51
0.52
0.50
0.42
0.41
0.40
0.40
0.39
0.39
0.40
0.38
0.55
0.52
0.52
0.53
CorWatt	PkgWatt
14.98	127.38
0.59	127.35
0.46
0.47
0.50
0.51
0.51
0.50
0.52
0.44
0.44
0.41
0.41
0.50
0.52
0.58
0.51
0.49
0.47
0.53
0.47
0.40
0.39
0.40
0.39
0.37
0.36
0.38
0.38
0.52
0.51
0.52
0.51
CorWatt	PkgWatt
67.10	181.47
0.92	181.58
2.09
2.10
2.09
2.18
2.20
2.15
2.16
2.13
2.09
2.09
2.17
2.21
2.19
2.26
2.24
2.19
2.12
1.97
2.15
2.07
2.03
1.83
1.89
2.04
1.98
1.84
3.32
2.25
2.19
2.00
1.99
