CorWatt	PkgWatt
15.44	128.65
0.54	128.65
0.52
0.50
0.46
0.52
0.53
0.51
0.50
0.41
0.47
0.40
0.53
0.55
0.55
0.53
0.53
0.48
0.50
0.50
0.56
0.45
0.42
0.42
0.41
0.40
0.38
0.41
0.37
0.53
0.51
0.52
0.54
CorWatt	PkgWatt
15.14	127.72
0.52	127.87
0.48
0.50
0.44
0.50
0.53
0.50
0.52
0.42
0.44
0.39
0.44
0.53
0.53
0.51
0.54
0.47
0.48
0.48
0.55
0.46
0.42
0.40
0.42
0.42
0.42
0.41
0.36
0.52
0.51
0.52
0.52
CorWatt	PkgWatt
75.55	191.85
2.08	191.70
2.39
2.47
2.41
3.46
2.47
2.48
2.44
2.38
2.39
2.35
2.32
2.51
2.48
2.47
2.50
2.36
2.36
2.17
2.21
2.33
2.33
2.09
2.05
2.27
2.25
2.07
2.05
2.46
2.46
2.25
2.24
