CorWatt	PkgWatt
4.62	151.59
0.09	76.30
0.09
0.09
0.08
0.08
0.08
0.08
0.08
0.08
0.08
0.07
0.16
0.07
0.07
0.07
0.07
0.08
0.08
0.08
0.08
0.09
0.08
0.09
0.09
0.08
0.08
0.08
0.08
0.08
0.08
0.08
0.08
0.07	75.31
0.07
0.07
0.07
0.07
0.07
0.07
0.07
0.05
0.05
0.05
0.05
0.05
0.06
0.05
0.05
0.07
0.07
0.06
0.07
0.07
0.07
0.07
0.07
0.06
0.06
0.06
0.06
0.06
0.06
0.05
0.06
CorWatt	PkgWatt
4.93	152.52
0.10	76.60
0.09
0.08
0.09
0.08
0.08
0.09
0.08
0.09
0.08
0.07
0.08
0.08
0.07
0.08
0.08
0.08
0.08
0.11
0.09
0.10
0.13
0.09
0.10
0.09
0.09
0.09
0.09
0.09
0.08
0.08
0.08
0.07	75.82
0.08
0.07
0.07
0.07
0.11
0.11
0.07
0.06
0.06
0.05
0.05
0.08
0.07
0.06
0.07
0.07
0.06
0.06
0.07
0.07
0.07
0.07
0.07
0.06
0.06
0.06
0.06
0.06
0.06
0.05
0.06
CorWatt	PkgWatt
101.06	299.76
0.53	155.85
1.57
1.70
1.67
1.71
1.69
3.40
1.61
1.78
1.78
1.80
1.88
1.62
1.61
1.51
1.51
1.66
1.64
1.66
1.63
1.65
1.64
1.57
1.57
1.68
1.73
1.65
1.63
1.61
1.64
1.52
1.53
1.55	143.94
1.53
1.53
1.50
1.55
1.53
1.44
1.42
1.54
1.53
1.53
1.54
1.53
1.52
1.41
1.41
1.50
1.48
1.50
1.51
1.53
1.53
1.43
1.43
1.51
1.50
1.51
1.50
1.50
1.49
1.38
1.35
CorWatt	PkgWatt
125.86	335.53
0.30	171.51
1.96
2.18
2.13
2.15
2.14
2.91
1.99
2.10
2.10
2.10
2.10
2.06
2.05
1.90
1.90
2.08
2.06
2.11
2.07
2.06
2.05
1.90
1.93
2.08
2.07
2.08
2.03
2.00
2.04
1.90
1.88
2.02	164.81
2.00
1.98
1.94
1.98
1.96
1.81
1.80
2.00
1.99
2.02
2.01
1.98
1.96
1.82
1.80
1.96
1.94
1.96
1.97
1.97
1.97
1.83
1.83
1.95
1.92
1.94
1.93
1.96
1.94
1.76
1.70
