CorWatt	PkgWatt
15.21	127.87
0.51	127.87
0.45
0.51
0.50
0.49
0.49
0.49
0.50
0.49
0.45
0.41
0.41
0.55
0.52
0.57
0.65
0.49
0.50
0.48
0.49
0.41
0.46
0.40
0.40
0.38
0.37
0.38
0.37
0.57
0.52
0.51
0.51
CorWatt	PkgWatt
14.49	126.82
0.48	126.89
0.45
0.45
0.47
0.50
0.49
0.48
0.48
0.46
0.45
0.39
0.38
0.53
0.50
0.53
0.53
0.44
0.49
0.44
0.49
0.39
0.42
0.39
0.42
0.35
0.35
0.36
0.35
0.53
0.50
0.51
0.49
CorWatt	PkgWatt
62.54	175.87
1.05	175.89
1.96
2.07
2.04
2.04
2.09
2.01
1.99
1.90
1.93
1.88
1.88
2.02
1.98
2.02
2.23
2.02
2.04
3.20
1.94
1.96
1.91
1.75
1.72
1.84
1.81
1.71
1.71
2.04
2.02
1.92
1.85
CorWatt	PkgWatt
49.54	163.75
0.69	163.71
1.59
1.62
1.57
1.64
1.70
1.63
1.58
1.57
1.56
1.53
1.54
1.71
1.64
1.63
1.66
1.58
1.61
2.17
1.51
1.52
1.55
1.41
1.35
1.49
1.47
1.35
1.34
1.66
1.65
1.51
1.52
