CorWatt	PkgWatt
14.96	127.19
0.54	127.19
0.47
0.48
0.48
0.57
0.53
0.52
0.54
0.41
0.44
0.38
0.39
0.51
0.53
0.49
0.55
0.47
0.47
0.47
0.50
0.41
0.41
0.44
0.42
0.36
0.36
0.36
0.35
0.52
0.57
0.53
0.50
CorWatt	PkgWatt
15.38	126.97
0.51	127.64
0.49
0.47
0.45
0.59
0.57
0.56
0.53
0.39
0.46
0.40
0.37
0.57
0.60
0.56
0.61
0.49
0.54
0.47
0.52
0.43
0.43
0.40
0.41
0.36
0.36
0.37
0.36
0.54
0.55
0.55
0.52
CorWatt	PkgWatt
17.61	130.27
0.58	129.64
0.53
0.50
0.57
0.64
0.57
0.53
0.61
0.53
0.52
0.50
0.50
0.65
0.69
0.62
0.73
0.51
0.50
0.51
0.65
0.43
0.44
0.52
0.42
0.44
0.41
0.56
0.39
0.61
0.68
0.64
0.58
CorWatt	PkgWatt
15.63	127.85
0.49	127.71
0.46
0.56
0.45
0.56
0.55
0.54
0.51
0.45
0.44
0.43
0.47
0.54
0.55
0.61
0.58
0.46
0.48
0.47
0.51
0.40
0.40
0.42
0.44
0.37
0.37
0.42
0.42
0.55
0.59
0.60
0.52
