CorWatt	PkgWatt
5.75	155.25
0.11	78.01
0.11
0.11
0.11
0.10
0.10
0.10
0.10
0.09
0.09
0.09
0.09
0.09
0.09
0.08
0.08
0.11
0.11
0.11
0.12
0.11
0.10
0.10
0.10
0.10
0.10
0.09
0.09
0.09
0.09
0.09
0.17
0.08	77.19
0.08
0.08
0.08
0.08
0.08
0.08
0.08
0.07
0.07
0.07
0.07
0.07
0.07
0.07
0.07
0.08
0.08
0.08
0.08
0.09
0.09
0.09
0.09
0.08
0.08
0.08
0.08
0.08
0.08
0.08
0.08
CorWatt	PkgWatt
5.35	153.34
0.10	77.23
0.11
0.11
0.10
0.10
0.10
0.10
0.10
0.08
0.09
0.08
0.08
0.08
0.08
0.08
0.09
0.10
0.10
0.10
0.13
0.11
0.10
0.10
0.10
0.09
0.12
0.09
0.09
0.09
0.09
0.08
0.10
0.07	76.38
0.07
0.07
0.07
0.07
0.07
0.07
0.07
0.07
0.07
0.07
0.07
0.07
0.07
0.07
0.07
0.07
0.07
0.07
0.07
0.08
0.08
0.08
0.08
0.07
0.07
0.07
0.07
0.07
0.07
0.07
0.07
CorWatt	PkgWatt
16.09	183.62
0.20	88.29
0.16
0.24
0.16
0.16
0.16
0.16
0.14
0.12
0.14
0.13
0.12
0.13
0.20
0.14
0.14
0.30
0.27
0.31
0.28
0.17
0.18
0.16
0.14
0.14
0.14
0.17
0.18
0.15
0.13
0.12
0.14
0.36	95.21
0.23
0.21
0.20
2.33
0.30
0.26
0.25
0.21
0.22
0.19
0.25
0.22
0.23
0.32
0.28
0.23
0.29
0.28
0.30
0.27
0.26
0.43
0.37
0.22
0.26
0.31
0.21
0.30
0.27
0.26
0.27
