CorWatt	PkgWatt
15.27	128.27
0.54	128.27
0.50
0.48
0.47
0.53
0.54
0.51
0.52
0.44
0.46
0.39
0.41
0.66
0.53
0.59
0.55
0.47
0.48
0.50
0.49
0.41
0.40
0.41
0.40
0.37
0.38
0.38
0.38
0.53
0.51
0.53
0.52
CorWatt	PkgWatt
14.94	127.70
0.58	127.86
0.51
0.48
0.45
0.51
0.52
0.50
0.49
0.44
0.46
0.41
0.42
0.52
0.53
0.58
0.54
0.46
0.46
0.50
0.48
0.41
0.40
0.38
0.39
0.36
0.39
0.40
0.35
0.52
0.51
0.51
0.51
CorWatt	PkgWatt
69.04	184.60
1.29	184.47
2.14
2.18
2.13
2.24
2.25
2.22
2.13
2.13
2.17
2.13
2.09
2.25
2.26
2.30
2.25
2.18
2.18
3.24
2.03
2.17
2.16
1.95
1.90
2.12
2.09
1.93
1.99
2.48
2.26
2.08
2.10
