CorWatt	PkgWatt
15.93	127.81
0.54	127.85
0.45
0.51
0.53
0.53
0.55
0.56
0.52
0.47
0.51
0.43
0.46
0.54
0.57
0.55
0.56
0.52
0.53
0.51
0.53
0.50
0.47
0.50
0.49
0.36
0.40
0.41
0.36
0.51
0.53
0.52
0.50
CorWatt	PkgWatt
14.76	126.60
0.50	127.10
0.44
0.45
0.49
0.50
0.51
0.51
0.49
0.43
0.45
0.39
0.38
0.50
0.51
0.51
0.53
0.44
0.51
0.47
0.53
0.45
0.39
0.44
0.44
0.35
0.36
0.37
0.37
0.53
0.51
0.52
0.51
CorWatt	PkgWatt
17.40	129.76
0.60	129.24
0.58
0.50
0.51
0.53
0.61
0.54
0.49
0.62
0.51
0.49
0.46
0.62
0.68
0.70
0.64
0.58
0.54
0.50
0.53
0.46
0.52
0.45
0.54
0.45
0.43
0.49
0.43
0.64
0.56
0.59
0.60
CorWatt	PkgWatt
17.42	129.21
0.55	128.89
0.53
0.53
0.55
0.60
0.58
0.58
0.57
0.47
0.50
0.51
0.46
0.61
0.62
0.59
0.62
0.54
0.55
0.54
0.61
0.49
0.47
0.51
0.49
0.44
0.45
0.45
0.51
0.61
0.59
0.59
0.68
