CorWatt	PkgWatt
14.75	127.08
0.51	127.07
0.48
0.48
0.44
0.49
0.49
0.48
0.48
0.43
0.46
0.39
0.45
0.51
0.52
0.49
0.52
0.48
0.50
0.50
0.48
0.40
0.39
0.41
0.45
0.35
0.41
0.37
0.35
0.51
0.53
0.50
0.51
CorWatt	PkgWatt
15.92	127.22
0.57	127.73
0.48
0.55
0.47
0.54
0.53
0.53
0.53
0.45
0.47
0.47
0.45
0.56
0.56
0.56
0.57
0.47
0.56
0.52
0.49
0.43
0.43
0.42
0.49
0.42
0.39
0.39
0.41
0.54
0.58
0.55
0.55
CorWatt	PkgWatt
17.35	129.77
0.59	129.30
0.59
0.62
0.52
0.59
0.66
0.61
0.56
0.55
0.56
0.47
0.49
0.55
0.53
0.54
0.64
0.50
0.62
0.58
0.56
0.50
0.44
0.42
0.45
0.43
0.54
0.51
0.45
0.54
0.57
0.61
0.53
CorWatt	PkgWatt
14.74	126.95
0.53	126.85
0.44
0.48
0.46
0.51
0.52
0.51
0.51
0.39
0.45
0.38
0.38
0.52
0.51
0.50
0.53
0.45
0.52
0.49
0.48
0.39
0.39
0.39
0.41
0.36
0.36
0.42
0.41
0.52
0.52
0.51
0.51
