CorWatt	PkgWatt
15.45	128.14
0.53	128.15
0.52
0.50
0.47
0.52
0.54
0.51
0.51
0.40
0.54
0.39
0.45
0.51
0.52
0.58
0.53
0.49
0.49
0.51
0.49
0.43
0.47
0.41
0.42
0.41
0.39
0.39
0.38
0.54
0.55
0.54
0.52
CorWatt	PkgWatt
14.95	126.83
0.50	127.48
0.49
0.47
0.46
0.52
0.51
0.50
0.49
0.41
0.46
0.40
0.43
0.51
0.52
0.60
0.53
0.47
0.47
0.49
0.48
0.40
0.43
0.41
0.45
0.38
0.36
0.38
0.36
0.52
0.52
0.51
0.50
CorWatt	PkgWatt
69.89	163.98
0.90	187.63
2.25
2.34
2.30
2.35
2.38
2.36
2.29
2.34
2.37
2.33
2.36
2.43
2.46
2.62
2.48
2.40
2.39
2.19
3.77
2.35
2.35
2.14
2.11
2.31
2.30
2.11
2.11
2.52
2.49
2.30
2.28
