CorWatt	PkgWatt
4.31	150.98
0.09	75.91
0.17
0.09
0.09
0.08
0.08
0.08
0.08
0.07
0.07
0.07
0.08
0.07
0.07
0.07
0.07
0.08
0.09
0.08
0.08
0.09
0.08
0.08
0.08
0.07
0.07
0.07
0.07
0.07
0.07
0.07
0.07
0.06	75.07
0.06
0.06
0.06
0.06
0.06
0.06
0.06
0.05
0.05
0.05
0.05
0.05
0.05
0.05
0.05
0.06
0.05
0.05
0.06
0.06
0.06
0.06
0.06
0.06
0.05
0.05
0.05
0.05
0.05
0.05
0.06
CorWatt	PkgWatt
4.26	150.62
0.08	75.85
0.08
0.09
0.09
0.11
0.10
0.08
0.08
0.07
0.07
0.07
0.08
0.08
0.07
0.07
0.06
0.09
0.09
0.08
0.08
0.09
0.08
0.08
0.09
0.08
0.07
0.07
0.08
0.07
0.11
0.07
0.07
0.06	74.84
0.05
0.05
0.05
0.05
0.05
0.05
0.05
0.05
0.05
0.05
0.05
0.05
0.05
0.05
0.05
0.05
0.05
0.05
0.05
0.06
0.06
0.06
0.06
0.05
0.05
0.05
0.05
0.05
0.05
0.05
0.05
CorWatt	PkgWatt
13.59	176.15
0.31	92.18
0.28
0.32
0.32
0.32
0.34
0.19
0.26
0.31
0.25
0.22
0.23
0.29
0.30
0.55
0.29
0.30
0.32
0.25
0.30
0.28
0.23
0.28
0.19
0.32
0.29
0.30
0.24
0.24
0.37
0.32
0.32
0.13	84.04
0.17
0.13
0.13
0.14
0.11
0.11
0.30
0.12
0.11
0.10
0.12
0.12
0.11
0.12
0.13
0.10
0.10
0.12
0.15
0.13
0.11
0.13
0.16
0.11
0.13
0.18
0.12
0.12
0.18
0.13
0.13
CorWatt	PkgWatt
4.92	153.53
0.11	78.27
0.11
0.10
0.11
0.10
0.09
0.09
0.09
0.08
0.08
0.12
0.11
0.09
0.09
0.12
0.09
0.09
0.10
0.09
0.10
0.11
0.09
0.09
0.10
0.08
0.08
0.13
0.09
0.08
0.07
0.07
0.09
0.06	75.22
0.06
0.06
0.06
0.07
0.07
0.07
0.07
0.06
0.06
0.06
0.06
0.06
0.06
0.06
0.06
0.06
0.06
0.06
0.06
0.06
0.06
0.06
0.06
0.06
0.06
0.06
0.06
0.06
0.06
0.05
0.06
CorWatt	PkgWatt
4.55	154.96
0.09	77.52
0.08
0.09
0.09
0.08
0.08
0.08
0.08
0.07
0.06
0.07
0.07
0.06
0.06
0.06
0.06
0.08
0.08
0.08
0.08
0.09
0.08
0.07
0.08
0.07
0.07
0.07
0.07
0.06
0.07
0.06
0.06
0.07	77.39
0.07
0.06
0.06
0.07
0.07
0.07
0.09
0.06
0.06
0.06
0.09
0.07
0.06
0.06
0.11
0.06
0.06
0.06
0.07
0.07
0.07
0.06
0.08
0.07
0.06
0.06
0.07
0.13
0.06
0.06
0.06
CorWatt	PkgWatt
11.22	166.52
0.14	80.96
0.14
0.13
0.13
0.13
0.12
0.12
0.13
0.11
0.11
0.11
0.11
0.12
0.12
0.12
0.12
0.13
0.14
0.14
0.14
0.13
0.12
0.12
0.12
0.12
0.12
0.12
0.12
0.11
0.12
0.11
0.11
0.16	85.73
0.15
0.15
0.13
0.15
0.12
0.12
0.18
0.13
3.42
0.13
0.14
0.11
0.11
0.10
0.15
0.12
0.11
0.11
0.13
0.13
0.12
0.12
0.14
0.11
0.12
0.11
0.12
0.11
0.12
0.10
0.10
CorWatt	PkgWatt
13.29	166.53
0.10	77.75
0.09
0.09
0.09
0.08
0.08
0.08
0.08
0.07
0.07
0.07
0.07
0.07
0.07
0.07
0.07
0.08
0.08
0.09
0.08
0.09
0.08
0.08
0.08
0.08
0.08
0.08
0.08
0.07
0.07
0.07
0.07
0.15	88.56
0.15
0.14
0.16
0.16
0.15
0.15
0.15
0.18
5.97
0.18
0.18
0.14
0.15
0.13
0.15
0.16
0.18
0.15
0.19
0.15
0.17
0.15
0.15
0.14
0.14
0.14
0.16
0.15
0.14
0.13
0.18
CorWatt	PkgWatt
12.96	165.75
0.09	77.43
0.08
0.09
0.09
0.08
0.08
0.08
0.08
0.07
0.07
0.07
0.07
0.06
0.06
0.06
0.06
0.09
0.09
0.09
0.09
0.09
0.08
0.08
0.08
0.07
0.07
0.07
0.07
0.07
0.07
0.07
0.07
0.15	88.34
0.14
0.14
0.16
0.15
0.16
0.15
0.15
0.18
5.87
0.18
0.18
0.13
0.14
0.13
0.20
0.16
0.15
0.14
0.15
0.15
0.15
0.15
0.16
0.15
0.14
0.14
0.19
0.14
0.13
0.13
0.15
CorWatt	PkgWatt
13.15	164.11
0.10	77.88
0.10
0.11
0.10
0.09
0.09
0.09
0.08
0.07
0.07
0.11
0.11
0.07
0.07
0.07
0.08
0.08
0.09
0.09
0.10
0.11
0.08
0.08
0.08
0.08
0.08
0.08
0.12
0.07
0.08
0.07
0.08
0.14	86.31
0.14
0.14
0.14
0.14
0.14
0.14
0.14
0.18
5.98
0.18
0.18
0.13
0.13
0.13
0.13
0.14
0.14
0.14
0.14
0.14
0.14
0.14
0.14
0.14
0.14
0.14
0.14
0.13
0.13
0.13
0.13
CorWatt	PkgWatt
12.93	162.52
0.10	76.29
0.09
0.09
0.10
0.10
0.08
0.08
0.08
0.09
0.08
0.12
0.09
0.08
0.07
0.07
0.07
0.08
0.09
0.08
0.09
0.10
0.08
0.08
0.08
0.08
0.08
0.13
0.08
0.07
0.07
0.08
0.08
0.14	86.10
0.14
0.14
0.14
0.14
0.14
0.14
0.14
0.18
5.84
0.18
0.18
0.13
0.13
0.13
0.13
0.14
0.14
0.14
0.14
0.14
0.14
0.14
0.14
0.14
0.14
0.14
0.14
0.13
0.13
0.13
0.13
CorWatt	PkgWatt
13.16	164.28
0.10	78.01
0.09
0.09
0.10
0.15
0.09
0.09
0.09
0.09
0.08
0.08
0.08
0.07
0.07
0.07
0.09
0.10
0.09
0.09
0.13
0.10
0.09
0.09
0.08
0.08
0.08
0.08
0.09
0.07
0.08
0.07
0.08
0.14	86.28
0.15
0.14
0.14
0.14
0.14
0.14
0.14
0.18
5.91
0.18
0.18
0.13
0.13
0.13
0.13
0.14
0.14
0.14
0.14
0.14
0.14
0.14
0.14
0.14
0.14
0.14
0.14
0.13
0.13
0.13
0.14
CorWatt	PkgWatt
12.93	162.11
0.10	76.00
0.09
0.09
0.10
0.09
0.08
0.08
0.08
0.07
0.07
0.13
0.08
0.07
0.07
0.07
0.08
0.09
0.09
0.10
0.10
0.11
0.08
0.08
0.08
0.08
0.07
0.12
0.08
0.08
0.08
0.07
0.07
0.14	86.21
0.14
0.14
0.14
0.14
0.14
0.14
0.14
0.18
5.85
0.18
0.18
0.13
0.13
0.13
0.13
0.14
0.14
0.14
0.14
0.14
0.14
0.14
0.14
0.14
0.14
0.14
0.14
0.13
0.13
0.13
0.13
CorWatt	PkgWatt
14.44	167.98
0.13	79.46
0.11
0.11
0.13
0.11
0.11
0.10
0.11
0.10
0.11
0.12
0.09
0.13
0.10
0.16
0.08
0.11
0.11
0.12
0.13
0.16
0.17
0.10
0.10
0.12
0.15
0.09
0.10
0.13
0.09
0.09
0.17
0.14	88.50
0.14
0.14
0.16
0.16
0.15
0.15
0.18
0.18
5.89
0.18
0.18
0.14
0.14
0.15
0.16
0.16
0.15
0.15
0.16
0.16
0.17
0.16
0.18
0.14
0.15
0.14
0.15
0.14
0.15
0.14
0.15
