CorWatt	PkgWatt
5.32	155.31
0.09	77.44
0.09
0.09
0.09
0.09
0.09
0.08
0.08
0.08
0.08
0.09
0.07
0.08
0.08
0.07
0.11
0.09
0.09
0.09
0.09
0.10
0.09
0.09
0.09
0.08
0.09
0.09
0.09
0.07
0.08
0.08
0.08
0.08	77.45
0.08
0.08
0.08
0.09
0.09
0.09
0.08
0.08
0.07
0.07
0.07
0.07
0.07
0.07
0.07
0.09
0.08
0.08
0.10
0.09
0.09
0.09
0.09
0.09
0.09
0.09
0.08
0.08
0.07
0.08
0.08
CorWatt	PkgWatt
5.17	152.48
0.10	76.37
0.09
0.08
0.09
0.09
0.08
0.08
0.09
0.09
0.08
0.10
0.08
0.07
0.07
0.08
0.07
0.09
0.08
0.08
0.11
0.09
0.11
0.09
0.08
0.08
0.08
0.09
0.10
0.15
0.08
0.07
0.07
0.07	76.11
0.07
0.07
0.07
0.08
0.08
0.08
0.08
0.08
0.07
0.07
0.07
0.07
0.06
0.06
0.06
0.08
0.07
0.07
0.07
0.08
0.09
0.08
0.08
0.08
0.08
0.08
0.08
0.07
0.07
0.07
0.07
CorWatt	PkgWatt
12.87	169.28
0.29	89.97
0.24
2.12
0.27
0.21
0.20
0.23
0.19
0.17
0.27
0.21
0.26
0.17
0.19
0.27
0.17
0.26
0.22
0.26
0.35
0.33
0.27
0.33
0.27
0.20
0.35
0.22
0.27
0.24
0.27
0.22
0.17
0.10	79.32
0.09
0.09
0.10
0.11
0.10
0.10
0.10
0.10
0.09
0.09
0.09
0.08
0.09
0.08
0.08
0.11
0.10
0.09
0.12
0.10
0.10
0.11
0.10
0.13
0.11
0.11
0.10
0.10
0.09
0.09
0.09
