CorWatt	PkgWatt
16.19	129.85
0.56	129.85
0.55
0.51
0.50
0.54
0.57
0.54
0.53
0.45
0.59
0.45
0.44
0.55
0.55
0.60
0.57
0.48
0.50
0.49
0.51
0.48
0.43
0.42
0.46
0.43
0.40
0.45
0.39
0.59
0.55
0.56
0.57
CorWatt	PkgWatt
15.31	128.27
0.60	128.96
0.51
0.50
0.49
0.54
0.52
0.51
0.50
0.41
0.50
0.42
0.41
0.53
0.55
0.58
0.55
0.48
0.47
0.47
0.49
0.42
0.43
0.42
0.40
0.41
0.37
0.38
0.37
0.54
0.52
0.52
0.52
CorWatt	PkgWatt
69.95	163.08
0.95	187.83
2.30
2.34
2.33
2.37
2.37
2.35
2.34
2.26
2.27
2.27
2.24
2.43
2.41
2.44
2.47
2.38
2.39
2.18
2.22
2.31
2.36
2.13
2.06
2.41
2.35
2.15
2.18
2.58
2.53
2.32
4.05
