CorWatt	PkgWatt
5.34	153.10
0.10	76.34
0.09
0.10
0.09
0.08
0.08
0.08
0.08
0.08
0.07
0.07
0.07
0.07
0.07
0.07
0.07
0.08
0.08
0.08
0.08
0.10
0.08
0.09
0.08
0.08
0.08
0.08
0.08
0.07
0.07
0.09
0.07
0.09	76.75
0.09
0.08
0.08
0.09
0.09
0.09
0.08
0.08
0.08
0.08
0.08
0.07
0.07
0.07
0.07
0.17
0.08
0.08
0.09
0.09
0.09
0.09
0.09
0.08
0.09
0.09
0.08
0.09
0.08
0.08
0.08
CorWatt	PkgWatt
5.29	154.09
0.14	75.98
0.09
0.13
0.09
0.09
0.08
0.08
0.08
0.08
0.11
0.08
0.08
0.07
0.06
0.06
0.07
0.08
0.08
0.12
0.08
0.10
0.08
0.08
0.08
0.09
0.08
0.08
0.08
0.07
0.07
0.12
0.07
0.08	78.14
0.08
0.08
0.08
0.08
0.08
0.08
0.08
0.07
0.07
0.07
0.08
0.07
0.07
0.07
0.07
0.09
0.08
0.08
0.08
0.08
0.08
0.08
0.08
0.09
0.09
0.09
0.08
0.09
0.08
0.08
0.09
