CorWatt	PkgWatt
9.81	163.05
0.18	82.38
0.17
0.17
0.16
0.18
0.18
0.18
0.19
0.16
0.17
0.16
0.17
0.16
0.16
0.17
0.16
0.19
0.19
0.19
0.19
0.28
0.16
0.19
0.17
0.18
0.17
0.18
0.17
0.17
0.17
0.17
0.17
0.14	80.69
0.14
0.13
0.14
0.14
0.15
0.13
0.14
0.12
0.12
0.12
0.12
0.11
0.11
0.11
0.11
0.13
0.13
0.14
0.13
0.14
0.14
0.14
0.14
0.14
0.13
0.13
0.13
0.12
0.12
0.13
0.12
CorWatt	PkgWatt
150.10	306.97
2.84	153.27
2.32
2.82
2.39
2.29
2.18
2.90
2.37
2.30
2.27
2.23
2.84
2.03
2.36
2.32
1.97
2.33
2.37
2.37
1.98
2.36
2.47
2.88
2.35
2.12
1.97
2.33
2.36
2.30
1.97
2.32
2.19
2.65	153.48
2.43
2.27
2.40
2.22
2.62
2.20
2.37
2.29
2.60
2.22
2.38
2.44
2.34
2.14
2.16
2.25
2.05
2.12
2.61
2.08
2.38
2.23
2.13
2.06
2.26
2.25
2.02
2.62
2.75
2.66
2.76
CorWatt	PkgWatt
319.50	485.11
6.47	239.66
4.99
6.28
4.82
4.32
4.24
5.67
4.81
5.18
5.23
4.78
4.92
4.01
4.78
4.69
4.17
4.71
4.73
4.90
4.35
4.90
5.76
5.83
5.13
4.26
4.52
4.68
4.91
4.70
4.37
4.54
4.69
5.29	245.45
5.13
5.09
5.12
4.75
5.62
4.79
5.06
5.16
6.02
4.83
5.11
5.24
5.11
4.95
4.75
4.87
4.59
4.28
5.26
4.60
4.85
5.08
4.70
4.65
4.66
4.81
4.59
6.09
6.03
6.02
6.07
CorWatt	PkgWatt
291.79	479.97
5.39	234.47
4.07
5.80
4.82
2.97
3.77
4.14
4.97
5.35
4.98
4.66
3.64
3.47
3.98
4.72
4.78
4.58
3.28
4.41
4.15
4.09
5.50
4.60
4.96
3.82
4.42
4.12
4.21
3.94
4.63
3.20
3.85
5.04	245.36
4.32
4.55
4.57
4.42
5.24
4.58
4.83
4.90
4.63
4.55
5.03
5.15
4.75
4.75
4.68
4.65
4.27
4.26
4.69
3.97
4.53
4.18
4.59
4.21
4.74
4.79
4.41
5.98
5.88
5.48
5.85
CorWatt	PkgWatt
307.57	485.23
4.70	239.97
4.81
5.97
5.03
4.98
4.08
4.71
4.30
5.03
5.83
4.57
4.52
4.90
4.34
4.49
5.03
4.47
4.74
5.36
4.59
4.44
5.30
5.27
4.59
4.13
4.45
4.87
4.28
4.12
4.73
3.98
4.77
5.38	245.51
4.90
4.78
4.78
4.54
5.23
4.49
5.07
5.05
4.88
4.79
5.06
5.09
4.84
4.63
4.92
4.59
4.56
4.68
4.65
4.53
4.36
4.37
4.40
4.43
4.88
4.55
4.56
5.99
5.90
5.67
5.73
CorWatt	PkgWatt
340.83	490.99
5.12	245.52
5.59
6.50
5.29
6.72
4.48
6.71
4.56
5.48
6.44
4.58
5.58
6.66
6.37
4.48
4.48
5.34
5.38
5.44
4.54
5.53
5.56
6.87
4.60
4.79
4.76
4.52
5.06
4.67
5.44
5.40
4.72
5.89	245.42
5.10
5.25
5.68
4.81
5.67
4.96
5.10
5.49
5.58
5.36
4.94
5.77
5.45
4.80
4.86
5.09
4.79
5.43
4.87
5.31
4.78
4.93
4.79
4.96
4.92
5.13
4.73
6.68
6.54
5.81
5.68
CorWatt	PkgWatt
342.90	490.81
5.14	245.33
6.18
5.71
4.94
6.70
4.49
6.69
4.56
5.47
5.34
5.34
5.35
6.67
6.39
4.50
4.48
5.38
5.44
5.44
4.59
5.65
6.23
6.22
4.95
4.84
4.58
4.52
5.42
4.81
4.96
5.37
5.39
5.42	245.26
5.45
5.66
6.02
4.89
5.38
5.31
4.86
5.93
5.45
5.47
5.21
5.64
5.69
4.77
4.78
5.67
4.80
4.67
4.85
4.85
4.75
5.61
4.76
5.39
4.86
5.45
4.70
6.66
6.63
5.76
5.72
CorWatt	PkgWatt
336.64	488.60
5.47	243.63
4.85
5.28
4.49
6.02
4.52
6.60
4.59
4.97
5.24
6.57
5.44
6.67
6.49
4.55
4.54
4.70
4.76
4.99
4.74
5.28
5.81
5.86
5.57
4.59
4.61
4.64
5.41
4.87
5.31
4.98
5.07
4.78	245.41
5.77
5.47
6.01
5.29
4.93
5.34
4.88
5.78
5.52
5.60
5.18
5.47
5.39
4.79
5.03
5.17
4.70
4.68
5.37
5.23
4.77
5.04
4.78
4.86
4.88
5.21
4.83
6.63
6.58
5.78
5.64
CorWatt	PkgWatt
285.27	475.54
2.81	229.78
2.94
3.36
2.64
2.85
3.82
5.14
5.01
4.14
3.49
3.56
4.48
7.43
7.07
4.48
4.21
3.16
2.75
4.38
3.36
3.71
4.11
4.17
5.11
4.52
4.22
4.47
4.58
4.82
4.53
4.06
4.63
4.03	245.49
3.27
5.07
4.19
4.59
4.16
4.72
4.64
4.77
3.57
5.36
4.86
5.04
5.01
4.81
4.75
4.02
4.71
4.86
4.60
5.35
4.87
4.67
4.81
3.35
4.43
4.31
4.85
6.35
6.42
5.38
5.30
CorWatt	PkgWatt
272.66	463.99
3.36	218.75
2.59
3.19
3.06
3.12
3.98
3.39
4.78
4.26
2.99
2.81
3.94
6.26
5.90
4.94
5.01
3.27
2.83
3.54
3.13
3.16
3.56
3.04
4.05
2.75
3.92
4.23
4.31
4.43
4.00
3.03
5.04
3.62	245.23
4.21
4.10
3.82
4.67
4.18
5.24
4.69
4.80
4.42
5.01
5.17
3.88
5.18
4.85
3.86
4.44
4.89
4.82
4.50
4.84
4.77
4.53
4.88
4.51
4.55
3.96
5.01
5.87
6.29
5.89
5.33
CorWatt	PkgWatt
272.98	464.12
3.46	218.97
3.16
3.16
3.59
4.31
3.59
4.27
3.69
3.48
3.53
3.66
3.72
3.87
5.51
4.50
5.82
3.81
3.08
3.90
2.86
4.57
3.12
2.55
3.64
3.24
4.55
4.12
4.41
3.72
4.65
3.22
4.02
3.80	245.22
4.43
4.43
4.01
5.09
4.80
4.65
5.02
5.10
5.15
5.12
5.16
3.29
4.86
5.03
4.31
4.65
4.56
4.23
4.33
4.60
4.35
3.95
4.46
4.63
4.51
3.84
4.78
6.09
5.65
6.03
5.30
CorWatt	PkgWatt
215.88	415.61
2.14	198.21
3.73
3.64
2.51
3.37
2.74
2.69
2.70
2.27
2.77
2.77
3.48
3.83
3.76
3.17
3.52
3.26
2.39
3.02
2.55
3.28
2.83
2.97
2.81
3.71
3.49
3.31
3.78
2.92
2.96
2.62
2.99
3.19	217.57
3.45
3.54
3.13
3.96
3.85
4.09
4.01
4.04
3.94
4.13
4.10
2.85
3.37
3.72
3.70
3.42
3.68
3.54
3.44
3.57
3.21
3.11
3.62
3.71
3.56
2.22
3.74
4.84
4.28
4.85
4.08
CorWatt	PkgWatt
27.21	218.62
0.35	106.69
0.33
0.48
0.35
0.36
0.44
0.36
0.63
0.30
0.55
0.42
0.30
0.27
0.35
0.27
0.31
0.37
0.33
0.31
0.42
0.44
0.42
0.34
0.58
0.34
0.30
0.30
0.33
0.38
0.34
0.44
0.59
0.33	111.94
0.32
0.31
0.31
0.57
0.37
0.38
3.71
0.47
0.35
0.30
0.41
0.31
0.33
0.28
0.39
0.34
0.41
0.37
0.42
0.34
0.47
0.34
0.34
0.43
0.45
0.31
0.36
0.29
0.29
0.29
0.28
CorWatt	PkgWatt
35.54	212.79
0.57	109.94
0.53
0.57
0.54
0.54
0.56
0.63
0.56
0.50
0.50
0.58
0.51
0.49
0.48
0.53
0.57
0.53
0.64
0.52
0.81
0.69
0.61
0.56
0.72
0.52
0.55
0.56
0.57
0.52
0.51
0.53
3.53
0.44	103.26
0.45
0.45
0.50
0.47
0.43
0.44
0.90
0.52
0.55
0.41
0.41
0.39
0.38
0.37
0.37
0.43
0.43
0.43
0.44
0.45
0.57
0.47
0.44
0.43
0.44
0.42
0.57
0.41
0.40
0.38
0.38
CorWatt	PkgWatt
22.29	188.24
0.25	87.29
0.23
0.27
0.28
0.24
0.26
0.25
0.23
0.24
0.22
0.19
0.23
0.21
0.21
0.21
0.21
0.30
0.26
0.24
0.24
0.25
0.26
0.23
0.24
0.23
0.22
0.22
0.21
0.19
0.21
0.19
0.19
0.34	100.55
0.34
0.34
0.34
3.90
0.39
0.37
0.39
0.32
0.30
0.32
0.34
0.39
0.34
0.34
0.37
0.35
0.37
0.36
0.36
0.37
0.40
0.35
0.41
0.37
0.37
0.35
0.38
0.34
0.34
0.30
0.31
