CorWatt	PkgWatt
4.63	154.57
0.09	77.59
0.09
0.09
0.09
0.08
0.08
0.08
0.08
0.08
0.08
0.09
0.07
0.07
0.07
0.07
0.07
0.08
0.08
0.08
0.08
0.10
0.09
0.09
0.09
0.08
0.08
0.08
0.08
0.07
0.07
0.07
0.07
0.07	76.97
0.07
0.07
0.07
0.08
0.07
0.06
0.06
0.06
0.06
0.06
0.06
0.06
0.06
0.06
0.06
0.07
0.06
0.06
0.06
0.07
0.07
0.07
0.07
0.06
0.06
0.06
0.06
0.06
0.06
0.06
0.06
CorWatt	PkgWatt
4.95	152.61
0.09	76.68
0.09
0.09
0.09
0.08
0.09
0.08
0.08
0.11
0.08
0.08
0.08
0.08
0.15
0.08
0.07
0.09
0.09
0.09
0.09
0.10
0.09
0.09
0.09
0.08
0.08
0.08
0.09
0.08
0.08
0.08
0.08
0.07	75.92
0.07
0.07
0.07
0.07
0.06
0.06
0.07
0.06
0.06
0.06
0.09
0.06
0.06
0.06
0.07
0.07
0.06
0.06
0.10
0.07
0.07
0.08
0.07
0.07
0.06
0.06
0.07
0.06
0.06
0.06
0.07
