CorWatt	PkgWatt
4.59	152.39
0.09	76.76
0.08
0.08
0.08
0.08
0.08
0.08
0.08
0.08
0.08
0.07
0.07
0.07
0.07
0.07
0.06
0.08
0.08
0.08
0.08
0.09
0.08
0.08
0.08
0.08
0.08
0.08
0.08
0.07
0.08
0.07
0.07
0.07	75.56
0.07
0.07
0.07
0.07
0.07
0.07
0.07
0.06
0.06
0.06
0.06
0.06
0.06
0.06
0.06
0.07
0.15
0.06
0.07
0.07
0.07
0.07
0.07
0.06
0.06
0.06
0.06
0.06
0.06
0.06
0.06
CorWatt	PkgWatt
4.63	151.28
0.09	76.19
0.11
0.09
0.08
0.11
0.09
0.10
0.09
0.08
0.08
0.07
0.08
0.14
0.10
0.08
0.07
0.09
0.08
0.08
0.10
0.11
0.09
0.09
0.09
0.09
0.10
0.08
0.08
0.07
0.08
0.07
0.07
0.06	75.13
0.06
0.06
0.06
0.06
0.06
0.06
0.06
0.05
0.05
0.05
0.05
0.05
0.05
0.05
0.05
0.06
0.06
0.05
0.06
0.07
0.07
0.07
0.07
0.05
0.05
0.05
0.05
0.05
0.05
0.05
0.05
CorWatt	PkgWatt
97.90	295.21
0.53	152.87
1.50
1.65
1.63
1.61
1.61
1.56
1.56
1.58
1.56
1.56
1.57
1.62
3.24
1.52
1.50
1.73
1.71
1.80
1.76
1.83
1.57
1.47
1.56
1.61
1.69
1.60
1.57
1.54
1.58
1.51
1.49
1.51	142.26
1.48
1.51
1.46
1.49
1.47
1.38
1.37
1.47
1.46
1.45
1.47
1.47
1.45
1.36
1.36
1.46
1.44
1.46
1.47
1.48
1.47
1.37
1.37
1.45
1.45
1.45
1.44
1.45
1.45
1.33
1.31
CorWatt	PkgWatt
126.72	337.52
0.31	172.87
1.93
2.19
2.16
2.16
2.15
2.03
2.01
2.13
2.06
2.07
2.09
2.19
3.11
1.94
1.94
2.12
2.09
2.12
2.09
2.08
2.05
1.92
1.92
2.11
2.06
2.08
2.05
2.02
2.07
1.88
1.89
2.04	165.10
2.07
1.98
1.96
2.02
2.02
1.83
1.84
1.99
1.96
1.95
1.98
1.99
1.97
1.82
1.81
1.97
1.93
1.96
1.97
1.99
1.99
1.82
1.86
1.96
1.94
1.95
1.92
1.95
1.91
1.74
1.69
