CorWatt	PkgWatt
15.40	127.52
0.51	127.55
0.46
0.49
0.46
0.49
0.56
0.50
0.49
0.42
0.57
0.43
0.46
0.54
0.55
0.54
0.53
0.46
0.51
0.47
0.47
0.42
0.41
0.46
0.42
0.37
0.39
0.38
0.38
0.61
0.55
0.55
0.57
CorWatt	PkgWatt
14.86	126.65
0.48	127.22
0.45
0.45
0.42
0.48
0.53
0.49
0.48
0.40
0.46
0.40
0.43
0.54
0.53
0.51
0.52
0.48
0.50
0.49
0.47
0.41
0.38
0.46
0.40
0.35
0.35
0.36
0.36
0.62
0.55
0.54
0.58
CorWatt	PkgWatt
21.27	134.44
0.63	133.86
0.55
0.54
0.60
0.73
0.63
0.64
0.55
0.50
0.53
0.49
0.64
0.63
0.64
0.62
0.70
0.59
0.58
0.67
0.59
0.50
2.59
0.51
0.50
0.58
0.58
0.64
0.56
0.69
0.64
0.65
0.73
CorWatt	PkgWatt
16.61	128.93
0.50	128.89
0.45
0.46
0.45
0.54
0.50
0.52
0.49
0.39
0.45
0.38
0.40
0.51
0.52
0.50
0.52
0.69
0.71
1.08
0.87
0.41
0.51
0.45
0.40
0.41
0.36
0.38
0.40
0.61
0.58
0.61
0.59
CorWatt	PkgWatt
16.55	128.64
0.51	128.63
0.46
0.47
0.43
0.53
0.52
0.55
0.51
0.39
0.43
0.37
0.41
0.51
0.51
0.51
0.52
0.71
0.72
1.06
0.94
0.41
0.50
0.46
0.41
0.41
0.38
0.40
0.39
0.54
0.52
0.54
0.53
CorWatt	PkgWatt
17.06	129.26
0.52	129.29
0.44
0.47
0.48
0.53
0.56
0.48
0.50
0.43
0.44
0.37
0.42
0.59
0.60
0.56
0.58
0.70
0.71
0.91
1.10
0.40
0.54
0.44
0.40
0.40
0.40
0.43
0.41
0.56
0.57
0.54
0.60
CorWatt	PkgWatt
16.11	128.28
0.51	128.25
0.43
0.44
0.43
0.50
0.53
0.48
0.49
0.40
0.47
0.37
0.39
0.51
0.51
0.51
0.51
0.70
0.70
1.25
0.72
0.41
0.52
0.39
0.38
0.38
0.35
0.39
0.37
0.53
0.50
0.51
0.54
CorWatt	PkgWatt
16.33	128.48
0.50	128.48
0.45
0.45
0.42
0.48
0.51
0.55
0.48
0.39
0.44
0.37
0.39
0.50
0.56
0.48
0.52
0.68
0.67
0.71
1.40
0.40
0.51
0.40
0.39
0.40
0.39
0.40
0.37
0.54
0.50
0.54
0.52
CorWatt	PkgWatt
17.65	130.70
0.53	130.69
0.44
0.46
0.44
0.51
0.52
0.53
0.51
0.38
0.43
0.37
0.41
0.50
0.50
0.49
0.51
0.50
0.50
0.54
3.29
0.40
0.50
0.39
0.40
0.41
0.36
0.38
0.37
0.56
0.50
0.51
0.52
CorWatt	PkgWatt
17.41	130.42
0.52	130.42
0.44
0.45
0.43
0.49
0.50
0.52
0.48
0.38
0.43
0.37
0.38
0.50
0.53
0.51
0.51
0.48
0.48
0.50
3.29
0.40
0.51
0.40
0.39
0.38
0.35
0.39
0.37
0.51
0.50
0.50
0.53
CorWatt	PkgWatt
17.28	130.23
0.52	130.23
0.43
0.45
0.43
0.49
0.49
0.52
0.48
0.38
0.43
0.36
0.39
0.50
0.50
0.50
0.50
0.48
0.48
0.49
3.29
0.40
0.49
0.40
0.39
0.37
0.35
0.38
0.35
0.52
0.51
0.50
0.52
CorWatt	PkgWatt
17.33	130.40
0.54	130.41
0.45
0.47
0.44
0.49
0.50
0.53
0.48
0.38
0.42
0.36
0.38
0.50
0.50
0.48
0.50
0.48
0.48
0.48
3.29
0.40
0.50
0.39
0.39
0.37
0.35
0.37
0.36
0.52
0.50
0.51
0.53
CorWatt	PkgWatt
17.62	130.46
0.52	130.46
0.47
0.46
0.44
0.53
0.50
0.54
0.49
0.39
0.44
0.37
0.39
0.51
0.50
0.49
0.51
0.49
0.52
0.54
3.29
0.40
0.49
0.41
0.40
0.37
0.37
0.38
0.36
0.52
0.51
0.52
0.52
CorWatt	PkgWatt
17.36	130.30
0.52	130.30
0.43
0.46
0.44
0.49
0.50
0.52
0.48
0.38
0.43
0.36
0.38
0.50
0.50
0.48
0.50
0.49
0.47
0.49
3.29
0.40
0.50
0.39
0.39
0.37
0.39
0.38
0.35
0.52
0.50
0.54
0.51
CorWatt	PkgWatt
17.41	130.44
0.53	130.44
0.44
0.46
0.44
0.49
0.50
0.53
0.49
0.37
0.42
0.37
0.38
0.50
0.50
0.48
0.50
0.49
0.47
0.50
3.28
0.40
0.49
0.39
0.39
0.37
0.37
0.40
0.38
0.57
0.50
0.50
0.52
CorWatt	PkgWatt
17.57	130.41
0.53	130.41
0.45
0.48
0.45
0.49
0.49
0.49
0.51
0.42
0.43
0.40
0.40
0.50
0.50
0.49
0.50
0.50
0.49
0.50
3.29
0.41
0.48
0.38
0.39
0.37
0.35
0.39
0.39
0.51
0.51
0.50
0.53
CorWatt	PkgWatt
17.65	130.42
0.53	130.42
0.45
0.46
0.44
0.50
0.50
0.49
0.49
0.39
0.47
0.39
0.40
0.50
0.50
0.49
0.51
0.49
0.48
0.50
3.29
0.42
0.50
0.41
0.41
0.38
0.35
0.36
0.39
0.54
0.53
0.53
0.56
CorWatt	PkgWatt
17.38	130.30
0.53	130.30
0.44
0.45
0.43
0.52
0.51
0.50
0.50
0.39
0.43
0.38
0.40
0.50
0.50
0.48
0.51
0.48
0.47
0.48
3.29
0.40
0.48
0.40
0.39
0.38
0.35
0.35
0.36
0.53
0.49
0.52
0.53
CorWatt	PkgWatt
17.52	130.40
0.54	130.40
0.43
0.45
0.44
0.49
0.49
0.48
0.48
0.41
0.43
0.40
0.39
0.52
0.54
0.53
0.53
0.51
0.47
0.50
3.28
0.39
0.50
0.39
0.39
0.38
0.35
0.35
0.37
0.53
0.51
0.50
0.52
CorWatt	PkgWatt
17.52	130.47
0.55	130.47
0.45
0.45
0.43
0.50
0.49
0.48
0.48
0.39
0.44
0.39
0.40
0.51
0.52
0.51
0.51
0.49
0.47
0.48
3.29
0.40
0.49
0.40
0.41
0.37
0.37
0.35
0.36
0.51
0.49
0.56
0.55
CorWatt	PkgWatt
18.11	129.67
0.57	129.68
0.50
0.51
0.50
0.56
0.55
0.59
0.55
0.48
0.49
0.44
1.00
1.07
0.71
0.70
0.71
0.54
0.53
0.54
0.57
0.46
0.52
0.47
0.47
0.44
0.39
0.43
0.42
0.64
0.56
0.58
0.60
CorWatt	PkgWatt
16.56	128.48
0.50	128.47
0.44
0.46
0.42
0.50
0.48
0.53
0.49
0.39
0.42
0.37
0.50
1.54
0.89
0.84
0.86
0.47
0.46
0.46
0.46
0.39
0.38
0.38
0.40
0.38
0.35
0.36
0.37
0.55
0.51
0.51
0.51
CorWatt	PkgWatt
16.81	128.53
0.52	128.53
0.43
0.46
0.42
0.48
0.49
0.51
0.50
0.41
0.45
0.40
0.53
1.54
0.90
0.86
0.87
0.47
0.46
0.47
0.45
0.38
0.38
0.40
0.41
0.37
0.35
0.38
0.38
0.54
0.51
0.52
0.55
CorWatt	PkgWatt
16.58	128.45
0.51	128.45
0.45
0.47
0.42
0.48
0.48
0.48
0.52
0.40
0.43
0.37
0.49
1.14
1.32
0.84
0.86
0.47
0.46
0.49
0.45
0.39
0.38
0.38
0.40
0.37
0.35
0.36
0.36
0.52
0.50
0.50
0.53
CorWatt	PkgWatt
16.92	128.81
0.50	128.81
0.44
0.45
0.45
0.50
0.51
0.50
0.52
0.40
0.46
0.39
0.50
1.13
1.31
0.85
0.87
0.48
0.47
0.48
0.48
0.39
0.40
0.39
0.40
0.40
0.38
0.39
0.38
0.55
0.52
0.52
0.54
CorWatt	PkgWatt
17.35	128.81
0.53	128.82
0.46
0.48
0.46
0.52
0.49
0.51
0.54
0.42
0.47
0.41
0.55
0.88
1.42
0.83
0.85
0.50
0.49
0.50
0.48
0.39
0.41
0.38
0.38
0.42
0.43
0.52
0.45
0.57
0.53
0.56
0.54
CorWatt	PkgWatt
18.19	129.64
0.51	129.63
0.47
0.46
0.47
0.51
0.48
0.54
0.50
0.40
0.47
0.41
0.51
0.59
0.51
0.49
0.50
0.47
0.47
0.47
0.45
0.39
0.38
0.38
0.38
0.90
0.90
1.92
1.06
0.57
0.54
0.53
0.56
CorWatt	PkgWatt
19.62	131.10
0.52	131.09
0.44
0.47
0.43
0.48
0.48
0.53
0.47
0.39
0.44
0.37
0.50
0.52
0.51
0.49
0.51
0.46
0.45
0.46
0.45
0.40
0.39
0.39
0.38
1.18
1.18
1.18
3.04
0.52
0.51
0.52
0.53
CorWatt	PkgWatt
19.81	131.09
0.52	131.09
0.44
0.46
0.43
0.49
0.50
0.53
0.48
0.40
0.44
0.38
0.50
0.53
0.51
0.49
0.51
0.49
0.49
0.46
0.47
0.39
0.38
0.38
0.39
1.21
1.21
1.67
2.52
0.54
0.53
0.51
0.53
CorWatt	PkgWatt
19.60	130.91
0.52	130.91
0.45
0.47
0.46
0.48
0.48
0.52
0.48
0.39
0.44
0.37
0.50
0.52
0.51
0.49
0.51
0.46
0.46
0.46
0.45
0.38
0.38
0.38
0.38
1.63
1.21
1.21
2.56
0.53
0.50
0.50
0.51
CorWatt	PkgWatt
19.82	131.03
0.52	131.03
0.43
0.48
0.45
0.49
0.50
0.53
0.48
0.39
0.45
0.38
0.49
0.53
0.51
0.49
0.53
0.46
0.46
0.46
0.46
0.38
0.39
0.38
0.40
1.21
1.20
1.21
3.00
0.56
0.54
0.52
0.55
CorWatt	PkgWatt
19.58	131.00
0.51	130.99
0.43
0.44
0.42
0.48
0.48
0.52
0.47
0.40
0.43
0.37
0.50
0.52
0.51
0.49
0.51
0.47
0.46
0.46
0.45
0.39
0.39
0.38
0.39
2.99
1.21
1.21
1.21
0.54
0.51
0.52
0.52
CorWatt	PkgWatt
19.87	131.08
0.51	131.09
0.43
0.46
0.45
0.49
0.49
0.53
0.48
0.39
0.45
0.38
0.51
0.53
0.51
0.50
0.51
0.48
0.46
0.47
0.46
0.38
0.42
0.41
0.41
2.68
1.21
1.21
1.52
0.56
0.53
0.52
0.54
CorWatt	PkgWatt
19.59	130.89
0.52	130.88
0.43
0.44
0.42
0.48
0.48
0.52
0.47
0.39
0.44
0.38
0.51
0.52
0.51
0.51
0.51
0.47
0.45
0.46
0.45
0.38
0.38
0.38
0.39
2.98
1.21
1.21
1.21
0.54
0.51
0.50
0.52
CorWatt	PkgWatt
20.49	131.46
0.55	131.48
0.48
0.51
0.48
0.53
0.52
0.54
0.50
0.42
0.47
0.37
0.50
0.57
0.53
0.51
0.54
0.50
0.50
0.49
0.49
0.40
0.42
0.41
0.43
2.98
1.21
1.21
1.21
0.55
0.56
0.53
0.57
CorWatt	PkgWatt
19.78	131.17
0.51	131.16
0.44
0.47
0.45
0.48
0.48
0.52
0.49
0.39
0.44
0.37
0.50
0.56
0.52
0.52
0.51
0.47
0.48
0.47
0.45
0.39
0.40
0.38
0.40
2.93
1.21
1.21
1.26
0.54
0.51
0.50
0.52
CorWatt	PkgWatt
19.85	131.02
0.50	131.02
0.43
0.44
0.43
0.49
0.49
0.52
0.51
0.43
0.49
0.38
0.51
0.53
0.51
0.50
0.52
0.47
0.47
0.46
0.48
0.40
0.40
0.38
0.39
2.78
1.21
1.21
1.41
0.56
0.52
0.51
0.54
CorWatt	PkgWatt
19.00	130.54
0.52	130.53
0.46
0.48
0.46
0.52
0.52
0.52
0.56
0.45
0.46
0.42
0.55
0.58
0.55
0.53
0.53
0.82
0.50
0.50
0.50
0.46
0.42
0.44
0.44
1.91
0.89
0.90
0.90
0.58
0.54
0.54
0.56
CorWatt	PkgWatt
16.46	128.39
0.73	128.40
0.64
0.65
1.12
0.52
0.52
0.77
0.55
0.40
0.47
0.38
0.39
0.52
0.51
0.50
0.51
0.49
0.49
0.51
0.47
0.40
0.40
0.40
0.40
0.41
0.37
0.38
0.45
0.54
0.51
0.52
0.54
CorWatt	PkgWatt
15.88	127.70
0.73	127.70
0.67
0.68
1.08
0.48
0.49
0.61
0.54
0.39
0.44
0.36
0.37
0.50
0.53
0.52
0.50
0.47
0.45
0.46
0.45
0.39
0.39
0.40
0.38
0.38
0.35
0.37
0.45
0.52
0.49
0.51
0.53
CorWatt	PkgWatt
16.00	127.71
0.75	127.70
0.69
0.69
1.06
0.49
0.49
0.59
0.52
0.39
0.45
0.37
0.39
0.52
0.52
0.50
0.50
0.47
0.47
0.47
0.46
0.39
0.39
0.38
0.38
0.38
0.41
0.36
0.43
0.55
0.50
0.50
0.53
CorWatt	PkgWatt
15.73	127.66
0.78	127.67
0.69
0.69
1.01
0.48
0.48
0.59
0.51
0.40
0.44
0.36
0.38
0.50
0.51
0.48
0.50
0.47
0.45
0.46
0.45
0.39
0.38
0.38
0.38
0.35
0.35
0.37
0.43
0.54
0.49
0.51
0.51
CorWatt	PkgWatt
15.86	127.84
0.73	127.84
0.67
0.68
1.10
0.54
0.49
0.61
0.54
0.38
0.45
0.36
0.39
0.50
0.50
0.48
0.50
0.47
0.48
0.48
0.45
0.38
0.38
0.39
0.38
0.36
0.35
0.35
0.40
0.53
0.50
0.51
0.52
CorWatt	PkgWatt
18.31	132.69
0.54	132.68
0.45
0.45
4.32
0.49
0.51
0.58
0.51
0.40
0.44
0.36
0.36
0.49
0.51
0.48
0.50
0.47
0.46
0.47
0.46
0.39
0.38
0.38
0.38
0.35
0.36
0.36
0.37
0.52
0.49
0.54
0.55
CorWatt	PkgWatt
18.65	133.01
0.54	133.01
0.46
0.46
4.32
0.50
0.50
0.59
0.53
0.39
0.46
0.38
0.38
0.51
0.51
0.50
0.51
0.49
0.47
0.47
0.47
0.40
0.40
0.40
0.40
0.37
0.37
0.37
0.41
0.53
0.50
0.51
0.53
CorWatt	PkgWatt
18.59	132.92
0.55	132.93
0.47
0.48
4.33
0.49
0.49
0.59
0.53
0.42
0.47
0.40
0.39
0.51
0.51
0.52
0.51
0.48
0.48
0.46
0.46
0.39
0.38
0.38
0.38
0.36
0.35
0.38
0.39
0.51
0.50
0.51
0.54
CorWatt	PkgWatt
18.49	133.02
0.54	133.02
0.45
0.45
4.32
0.49
0.49
0.59
0.53
0.39
0.48
0.38
0.37
0.50
0.50
0.48
0.50
0.47
0.46
0.45
0.46
0.39
0.39
0.39
0.39
0.38
0.35
0.35
0.37
0.55
0.51
0.56
0.55
CorWatt	PkgWatt
18.25	132.75
0.53	132.74
0.45
0.45
4.32
0.51
0.50
0.62
0.53
0.38
0.45
0.36
0.37
0.50
0.51
0.48
0.50
0.47
0.46
0.46
0.46
0.39
0.38
0.38
0.38
0.35
0.35
0.35
0.36
0.50
0.49
0.50
0.52
CorWatt	PkgWatt
18.69	132.99
0.54	132.99
0.45
0.46
4.33
0.50
0.49
0.60
0.53
0.43
0.45
0.41
0.40
0.52
0.54
0.56
0.53
0.49
0.46
0.46
0.46
0.39
0.38
0.39
0.39
0.36
0.35
0.35
0.38
0.54
0.52
0.53
0.53
CorWatt	PkgWatt
18.38	133.07
0.54	133.06
0.47
0.45
4.32
0.49
0.49
0.59
0.52
0.39
0.46
0.39
0.38
0.50
0.53
0.50
0.50
0.47
0.45
0.46
0.46
0.39
0.38
0.38
0.40
0.35
0.35
0.35
0.36
0.51
0.49
0.54
0.52
CorWatt	PkgWatt
18.30	132.81
0.54	132.81
0.45
0.47
4.32
0.49
0.49
0.60
0.55
0.38
0.44
0.37
0.38
0.50
0.51
0.49
0.50
0.47
0.47
0.46
0.46
0.38
0.38
0.38
0.38
0.36
0.35
0.35
0.37
0.52
0.49
0.50
0.52
CorWatt	PkgWatt
18.35	132.78
0.55	132.79
0.45
0.47
4.32
0.50
0.49
0.59
0.54
0.40
0.44
0.37
0.37
0.50
0.52
0.49
0.53
0.47
0.46
0.46
0.46
0.40
0.38
0.38
0.38
0.35
0.35
0.35
0.36
0.51
0.49
0.55
0.51
CorWatt	PkgWatt
18.68	133.14
0.55	133.15
0.45
0.48
4.33
0.50
0.51
0.58
0.52
0.40
0.46
0.40
0.42
0.52
0.54
0.49
0.52
0.48
0.47
0.46
0.46
0.39
0.38
0.38
0.39
0.37
0.35
0.37
0.38
0.55
0.50
0.52
0.54
CorWatt	PkgWatt
18.36	132.82
0.55	132.81
0.46
0.48
4.32
0.49
0.49
0.58
0.52
0.40
0.45
0.37
0.37
0.50
0.52
0.48
0.51
0.48
0.46
0.48
0.46
0.39
0.38
0.39
0.39
0.35
0.35
0.35
0.36
0.51
0.49
0.52
0.51
CorWatt	PkgWatt
18.34	132.95
0.54	132.95
0.45
0.46
4.32
0.49
0.51
0.59
0.52
0.38
0.47
0.39
0.37
0.50
0.50
0.48
0.51
0.48
0.46
0.45
0.46
0.39
0.40
0.39
0.39
0.35
0.35
0.35
0.38
0.52
0.49
0.50
0.52
CorWatt	PkgWatt
18.01	130.22
0.58	130.24
0.52
0.72
1.03
0.62
0.63
0.69
0.88
0.47
0.49
0.48
0.46
0.57
0.57
0.56
0.89
0.52
0.52
0.52
0.51
0.47
0.45
0.46
0.45
0.43
0.41
0.42
0.43
0.57
0.54
0.62
0.56
CorWatt	PkgWatt
16.37	128.23
0.51	128.23
0.47
0.57
0.47
0.92
0.75
0.74
1.13
0.40
0.48
0.39
0.38
0.51
0.51
0.49
0.51
0.47
0.46
0.46
0.46
0.39
0.38
0.38
0.38
0.40
0.38
0.39
0.40
0.56
0.52
0.58
0.53
CorWatt	PkgWatt
15.86	127.77
0.51	127.77
0.45
0.58
0.43
0.75
0.75
0.71
1.20
0.39
0.44
0.36
0.38
0.50
0.51
0.48
0.50
0.47
0.46
0.46
0.45
0.40
0.39
0.38
0.38
0.35
0.35
0.36
0.38
0.52
0.49
0.58
0.52
CorWatt	PkgWatt
15.88	127.83
0.49	127.83
0.43
0.58
0.43
0.74
0.76
0.71
1.20
0.39
0.44
0.37
0.38
0.50
0.50
0.49
0.50
0.49
0.48
0.45
0.47
0.39
0.38
0.39
0.38
0.36
0.35
0.35
0.38
0.54
0.50
0.56
0.52
CorWatt	PkgWatt
15.80	127.84
0.50	127.84
0.46
0.57
0.44
0.73
0.75
0.72
1.19
0.38
0.42
0.36
0.37
0.53
0.51
0.49
0.50
0.47
0.46
0.46
0.45
0.38
0.38
0.38
0.38
0.35
0.35
0.35
0.39
0.52
0.49
0.56
0.52
CorWatt	PkgWatt
16.48	128.32
0.51	128.32
0.45
0.59
0.47
0.73
0.77
0.71
1.47
0.40
0.45
0.37
0.40
0.50
0.50
0.49
0.50
0.48
0.47
0.47
0.47
0.39
0.41
0.38
0.40
0.39
0.38
0.37
0.39
0.53
0.51
0.57
0.54
CorWatt	PkgWatt
17.54	129.66
0.53	129.66
0.44
0.57
0.45
0.63
0.64
0.60
3.17
0.39
0.45
0.37
0.38
0.50
0.50
0.48
0.50
0.47
0.45
0.46
0.45
0.39
0.38
0.39
0.38
0.36
0.35
0.36
0.39
0.52
0.49
0.58
0.51
CorWatt	PkgWatt
17.53	129.64
0.53	129.64
0.44
0.58
0.44
1.19
0.66
0.61
2.63
0.39
0.44
0.37
0.40
0.50
0.50
0.49
0.50
0.47
0.45
0.45
0.45
0.38
0.39
0.38
0.40
0.36
0.35
0.35
0.39
0.52
0.49
0.54
0.53
CorWatt	PkgWatt
17.52	129.83
0.50	129.83
0.44
0.56
0.43
2.42
0.66
0.62
1.44
0.39
0.43
0.37
0.38
0.50
0.51
0.48
0.50
0.47
0.45
0.46
0.45
0.38
0.38
0.39
0.38
0.35
0.35
0.36
0.38
0.52
0.49
0.57
0.52
CorWatt	PkgWatt
17.74	129.83
0.57	129.84
0.45
0.57
0.43
3.12
0.65
0.62
0.65
0.38
0.44
0.38
0.38
0.52
0.51
0.51
0.51
0.47
0.48
0.45
0.46
0.41
0.40
0.39
0.41
0.36
0.35
0.36
0.40
0.55
0.50
0.56
0.52
CorWatt	PkgWatt
17.66	129.73
0.66	129.73
3.08
0.69
0.58
0.50
0.53
0.49
0.52
0.38
0.44
0.37
0.39
0.52
0.53
0.50
0.51
0.47
0.49
0.47
0.46
0.39
0.40
0.38
0.40
0.36
0.35
0.36
0.38
0.51
0.49
0.53
0.52
CorWatt	PkgWatt
17.63	129.85
0.64	129.86
3.07
0.68
0.56
0.49
0.53
0.48
0.52
0.41
0.48
0.37
0.37
0.50
0.51
0.49
0.53
0.46
0.45
0.45
0.48
0.40
0.39
0.38
0.38
0.38
0.36
0.37
0.40
0.54
0.49
0.54
0.53
CorWatt	PkgWatt
17.40	129.64
1.05	129.64
2.69
0.68
0.56
0.48
0.53
0.48
0.51
0.39
0.44
0.36
0.37
0.50
0.50
0.49
0.51
0.47
0.46
0.45
0.45
0.38
0.38
0.38
0.38
0.35
0.35
0.36
0.38
0.51
0.49
0.55
0.51
CorWatt	PkgWatt
17.62	129.78
3.08	129.78
0.61
0.68
0.56
0.51
0.56
0.49
0.54
0.38
0.44
0.38
0.37
0.50
0.50
0.49
0.51
0.48
0.48
0.49
0.46
0.38
0.38
0.39
0.38
0.37
0.35
0.36
0.38
0.53
0.49
0.55
0.54
CorWatt	PkgWatt
17.48	129.64
3.11	129.64
0.61
0.66
0.55
0.48
0.54
0.48
0.50
0.39
0.43
0.37
0.37
0.50
0.52
0.50
0.50
0.47
0.46
0.47
0.46
0.39
0.40
0.39
0.38
0.37
0.35
0.37
0.39
0.50
0.49
0.55
0.52
CorWatt	PkgWatt
17.40	129.74
3.09	129.74
0.61
0.68
0.57
0.49
0.54
0.48
0.51
0.38
0.44
0.37
0.39
0.50
0.50
0.48
0.50
0.47
0.46
0.45
0.45
0.38
0.39
0.38
0.38
0.36
0.35
0.36
0.38
0.51
0.49
0.54
0.52
CorWatt	PkgWatt
17.35	129.56
3.09	129.56
0.61
0.67
0.55
0.48
0.55
0.48
0.51
0.39
0.43
0.37
0.36
0.50
0.50
0.48
0.50
0.47
0.45
0.46
0.45
0.38
0.38
0.38
0.38
0.36
0.35
0.35
0.37
0.53
0.49
0.55
0.51
CorWatt	PkgWatt
17.00	129.00
2.36	129.00
0.57
0.66
0.53
0.52
0.55
0.52
0.52
0.39
0.43
0.38
0.40
0.52
0.51
0.49
0.52
0.48
0.49
0.48
0.46
0.39
0.39
0.47
0.39
0.39
0.36
0.36
0.38
0.52
0.49
0.55
0.53
CorWatt	PkgWatt
18.04	129.60
0.58	129.61
0.51
0.78
0.51
0.91
1.03
0.73
0.69
0.46
0.50
0.43
0.44
0.57
0.59
0.56
0.58
0.52
0.51
0.52
0.51
0.45
0.45
0.68
0.45
0.41
0.43
0.43
0.45
0.59
0.55
0.62
0.58
CorWatt	PkgWatt
15.92	127.82
0.50	127.80
0.43
0.56
0.43
1.26
0.77
0.74
0.73
0.38
0.45
0.36
0.37
0.50
0.50
0.48
0.51
0.47
0.46
0.45
0.45
0.38
0.38
0.38
0.38
0.36
0.35
0.36
0.40
0.52
0.50
0.57
0.52
CorWatt	PkgWatt
16.46	128.05
0.50	128.05
0.46
0.58
0.46
1.29
0.75
0.74
0.72
0.43
0.46
0.40
0.40
0.51
0.51
0.51
0.52
0.50
0.49
0.47
0.46
0.40
0.40
0.40
0.40
0.37
0.36
0.39
0.40
0.52
0.52
0.57
0.56
CorWatt	PkgWatt
16.09	127.86
0.50	127.86
0.44
0.55
0.43
0.78
1.28
0.76
0.72
0.39
0.49
0.38
0.38
0.50
0.50
0.49
0.51
0.47
0.46
0.45
0.46
0.39
0.39
0.39
0.39
0.36
0.35
0.36
0.38
0.54
0.52
0.52
0.54
CorWatt	PkgWatt
15.82	127.62
0.49	127.62
0.43
0.56
0.43
1.12
0.99
0.76
0.72
0.39
0.44
0.36
0.38
0.50
0.50
0.48
0.50
0.47
0.46
0.45
0.45
0.38
0.38
0.38
0.38
0.35
0.35
0.36
0.37
0.50
0.49
0.50
0.51
CorWatt	PkgWatt
17.10	129.39
0.52	129.39
0.43
0.55
0.44
2.99
0.57
0.57
0.53
0.39
0.45
0.40
0.37
0.52
0.53
0.52
0.53
0.48
0.45
0.45
0.45
0.38
0.38
0.39
0.38
0.35
0.35
0.35
0.37
0.52
0.50
0.50
0.51
CorWatt	PkgWatt
17.37	129.80
0.91	129.80
0.46
0.55
0.43
3.01
0.51
0.54
0.49
0.39
0.45
0.39
0.39
0.50
0.53
0.50
0.51
0.47
0.46
0.45
0.45
0.38
0.38
0.38
0.40
0.35
0.35
0.35
0.37
0.55
0.49
0.51
0.51
CorWatt	PkgWatt
17.32	129.59
3.30	129.59
0.48
0.56
0.44
0.49
0.51
0.55
0.52
0.39
0.43
0.37
0.39
0.50
0.51
0.49
0.51
0.47
0.47
0.46
0.46
0.38
0.39
0.39
0.39
0.35
0.35
0.35
0.38
0.53
0.49
0.50
0.52
CorWatt	PkgWatt
17.20	129.63
3.30	129.63
0.49
0.56
0.44
0.50
0.52
0.53
0.49
0.38
0.43
0.37
0.37
0.50
0.52
0.50
0.52
0.47
0.46
0.45
0.45
0.38
0.38
0.38
0.38
0.35
0.35
0.35
0.37
0.51
0.49
0.50
0.51
CorWatt	PkgWatt
17.34	129.75
3.31	129.75
0.48
0.57
0.43
0.49
0.52
0.53
0.49
0.41
0.47
0.39
0.41
0.52
0.53
0.49
0.51
0.47
0.45
0.45
0.45
0.38
0.38
0.38
0.38
0.35
0.35
0.37
0.38
0.51
0.49
0.50
0.53
CorWatt	PkgWatt
17.16	129.51
3.30	129.50
0.49
0.57
0.44
0.48
0.51
0.53
0.47
0.39
0.44
0.36
0.37
0.50
0.51
0.49
0.52
0.47
0.46
0.48
0.45
0.38
0.38
0.38
0.38
0.35
0.35
0.35
0.37
0.51
0.49
0.50
0.51
CorWatt	PkgWatt
17.35	129.67
3.30	129.67
0.48
0.54
0.44
0.50
0.53
0.55
0.47
0.39
0.45
0.38
0.38
0.50
0.50
0.49
0.51
0.48
0.47
0.46
0.46
0.38
0.40
0.38
0.39
0.35
0.35
0.35
0.39
0.52
0.49
0.54
0.53
CorWatt	PkgWatt
17.27	129.78
3.31	129.78
0.49
0.55
0.45
0.49
0.53
0.53
0.48
0.39
0.46
0.37
0.37
0.50
0.51
0.48
0.51
0.46
0.46
0.47
0.46
0.39
0.38
0.38
0.38
0.35
0.35
0.35
0.36
0.55
0.49
0.51
0.52
CorWatt	PkgWatt
17.64	130.03
3.30	130.03
0.51
0.57
0.47
0.52
0.53
0.54
0.49
0.38
0.48
0.38
0.38
0.51
0.51
0.49
0.51
0.46
0.46
0.46
0.45
0.39
0.38
0.38
0.38
0.36
0.36
0.37
0.40
0.57
0.53
0.56
0.55
CorWatt	PkgWatt
17.23	129.84
3.30	129.84
0.49
0.56
0.45
0.48
0.51
0.52
0.47
0.38
0.44
0.36
0.36
0.50
0.52
0.48
0.52
0.47
0.45
0.46
0.45
0.40
0.40
0.39
0.38
0.35
0.35
0.35
0.37
0.53
0.50
0.50
0.51
CorWatt	PkgWatt
17.33	130.08
3.31	130.08
0.48
0.56
0.45
0.50
0.53
0.53
0.47
0.38
0.44
0.37
0.37
0.50
0.51
0.49
0.51
0.48
0.48
0.45
0.47
0.39
0.38
0.39
0.38
0.35
0.37
0.36
0.37
0.54
0.49
0.51
0.53
CorWatt	PkgWatt
17.16	129.83
3.30	129.83
0.50
0.57
0.47
0.48
0.50
0.54
0.47
0.39
0.43
0.36
0.36
0.50
0.51
0.50
0.50
0.47
0.45
0.45
0.45
0.38
0.38
0.38
0.38
0.35
0.35
0.35
0.37
0.52
0.49
0.50
0.51
CorWatt	PkgWatt
18.05	130.25
1.51	130.26
0.50
0.65
0.55
0.58
0.63
0.81
0.59
0.44
0.83
0.43
0.44
0.58
0.58
0.56
0.59
0.51
0.52
0.49
0.51
0.43
0.46
0.44
0.45
0.39
0.41
0.40
0.40
0.59
0.61
0.57
0.59
CorWatt	PkgWatt
16.62	128.54
0.60	128.53
0.43
0.51
0.46
0.84
0.84
1.53
0.84
0.38
0.46
0.36
0.37
0.52
0.52
0.52
0.50
0.47
0.46
0.45
0.46
0.40
0.39
0.38
0.38
0.37
0.36
0.35
0.38
0.54
0.51
0.52
0.52
CorWatt	PkgWatt
16.59	128.58
0.59	128.58
0.44
0.50
0.45
0.84
0.84
1.53
0.84
0.40
0.46
0.37
0.40
0.50
0.51
0.49
0.52
0.49
0.46
0.46
0.46
0.38
0.40
0.38
0.40
0.36
0.35
0.36
0.37
0.51
0.50
0.50
0.53
CorWatt	PkgWatt
16.39	128.20
0.58	128.20
0.42
0.50
0.45
0.83
0.84
1.53
0.85
0.38
0.45
0.36
0.37
0.50
0.51
0.48
0.50
0.47
0.46
0.46
0.45
0.39
0.38
0.40
0.40
0.35
0.35
0.35
0.36
0.51
0.49
0.51
0.52
CorWatt	PkgWatt
16.50	128.24
0.59	128.24
0.44
0.51
0.44
0.85
0.84
1.51
0.85
0.39
0.46
0.36
0.38
0.50
0.50
0.50
0.50
0.48
0.47
0.45
0.46
0.40
0.38
0.39
0.40
0.35
0.35
0.35
0.38
0.50
0.49
0.51
0.52
CorWatt	PkgWatt
16.73	128.54
0.58	128.54
0.44
0.53
0.48
0.95
0.84
1.41
0.86
0.39
0.44
0.37
0.38
0.52
0.53
0.51
0.51
0.48
0.50
0.47
0.46
0.39
0.41
0.38
0.40
0.37
0.36
0.36
0.39
0.51
0.50
0.51
0.52
CorWatt	PkgWatt
17.16	128.78
0.58	128.78
0.43
0.45
0.48
1.72
0.90
0.93
0.91
0.40
0.49
0.39
0.38
0.50
0.52
0.49
0.51
0.48
0.46
0.46
0.48
0.40
0.40
0.39
0.39
0.37
0.37
0.39
0.41
0.55
0.51
0.51
0.53
CorWatt	PkgWatt
19.55	130.82
0.57	130.81
0.44
0.46
0.49
3.13
1.35
1.34
1.34
0.40
0.43
0.37
0.38
0.50
0.51
0.48
0.50
0.47
0.47
0.47
0.46
0.39
0.38
0.38
0.38
0.35
0.35
0.36
0.37
0.50
0.52
0.50
0.52
CorWatt	PkgWatt
19.57	130.83
0.59	130.84
0.44
0.50
0.45
1.68
1.35
2.77
1.34
0.37
0.43
0.36
0.38
0.50
0.51
0.49
0.50
0.48
0.47
0.48
0.46
0.38
0.38
0.38
0.38
0.37
0.35
0.36
0.38
0.52
0.49
0.50
0.52
CorWatt	PkgWatt
19.61	130.96
0.57	130.96
0.44
0.51
0.44
1.34
1.35
3.11
1.33
0.39
0.43
0.36
0.37
0.50
0.52
0.51
0.51
0.47
0.46
0.45
0.46
0.39
0.41
0.40
0.38
0.36
0.37
0.36
0.40
0.50
0.49
0.52
0.51
CorWatt	PkgWatt
19.63	130.94
0.60	130.94
0.45
0.53
0.46
1.53
1.35
2.92
1.33
0.38
0.43
0.37
0.38
0.50
0.50
0.49
0.51
0.48
0.48
0.46
0.46
0.39
0.39
0.38
0.39
0.36
0.35
0.36
0.38
0.52
0.49
0.50
0.51
CorWatt	PkgWatt
19.53	130.91
0.58	130.91
0.45
0.50
0.45
1.34
1.35
3.13
1.34
0.38
0.43
0.36
0.36
0.50
0.51
0.48
0.50
0.47
0.47
0.46
0.46
0.39
0.38
0.38
0.38
0.35
0.35
0.35
0.37
0.54
0.51
0.51
0.50
CorWatt	PkgWatt
19.52	130.83
0.59	130.83
0.45
0.49
0.44
3.12
1.35
1.35
1.34
0.38
0.43
0.36
0.37
0.51
0.50
0.48
0.50
0.47
0.49
0.47
0.46
0.40
0.39
0.38
0.38
0.35
0.35
0.35
0.38
0.51
0.49
0.50
0.52
CorWatt	PkgWatt
19.56	131.04
0.58	131.04
0.43
0.51
0.44
2.24
1.35
2.21
1.34
0.37
0.43
0.36
0.36
0.50
0.52
0.48
0.50
0.48
0.46
0.47
0.46
0.39
0.38
0.38
0.39
0.35
0.36
0.37
0.39
0.53
0.51
0.51
0.51
CorWatt	PkgWatt
19.67	130.96
0.60	130.96
0.43
0.49
0.46
3.11
1.35
1.34
1.34
0.37
0.43
0.37
0.38
0.51
0.51
0.51
0.50
0.48
0.48
0.45
0.46
0.39
0.38
0.39
0.39
0.36
0.38
0.37
0.41
0.52
0.49
0.50
0.52
CorWatt	PkgWatt
19.85	131.11
0.62	131.11
0.45
0.47
0.46
1.34
1.35
3.11
1.33
0.43
0.44
0.42
0.39
0.51
0.50
0.51
0.50
0.48
0.48
0.46
0.46
0.41
0.40
0.40
0.40
0.36
0.35
0.38
0.39
0.52
0.51
0.51
0.53
CorWatt	PkgWatt
19.61	131.07
0.60	131.08
0.43
0.45
0.46
2.45
1.35
2.02
1.34
0.38
0.47
0.37
0.38
0.50
0.50
0.49
0.50
0.47
0.46
0.45
0.46
0.39
0.39
0.38
0.38
0.35
0.35
0.35
0.38
0.54
0.52
0.52
0.54
CorWatt	PkgWatt
18.60	130.21
0.58	130.20
0.43
0.45
0.44
2.71
1.20
1.21
1.20
0.39
0.44
0.37
0.37
0.50
0.51
0.49
0.50
0.47
0.46
0.45
0.46
0.39
0.38
0.38
0.38
0.35
0.35
0.35
0.38
0.51
0.51
0.50
0.52
CorWatt	PkgWatt
20.06	134.35
0.66	134.37
0.54
0.55
0.53
0.63
0.58
0.58
0.57
0.48
0.50
0.45
0.45
0.60
0.61
0.59
0.60
0.56
0.52
0.52
1.09
0.48
0.46
3.00
0.49
0.42
0.42
0.42
0.45
0.59
0.56
0.58
0.58
CorWatt	PkgWatt
19.87	138.29
0.52	138.27
0.45
0.48
0.44
0.52
0.48
0.48
0.47
0.39
0.45
0.40
0.41
0.50
0.52
0.50
0.52
0.47
0.46
0.46
0.57
0.39
0.39
5.68
0.43
0.35
0.35
0.35
0.37
0.51
0.53
0.51
0.52
CorWatt	PkgWatt
20.02	138.50
0.51	138.51
0.46
0.51
0.48
0.53
0.49
0.50
0.49
0.37
0.46
0.39
0.41
0.50
0.50
0.48
0.51
0.46
0.50
0.46
0.56
0.38
0.39
5.69
0.43
0.35
0.37
0.35
0.37
0.53
0.50
0.53
0.53
CorWatt	PkgWatt
19.80	138.35
0.51	138.34
0.42
0.50
0.43
0.54
0.49
0.48
0.49
0.39
0.44
0.36
0.37
0.50
0.53
0.50
0.54
0.47
0.46
0.46
0.57
0.39
0.39
5.68
0.41
0.35
0.35
0.35
0.37
0.52
0.52
0.51
0.52
CorWatt	PkgWatt
19.95	138.48
0.53	138.48
0.42
0.49
0.44
0.53
0.50
0.47
0.47
0.41
0.46
0.40
0.41
0.52
0.53
0.49
0.51
0.47
0.46
0.46
0.56
0.39
0.40
5.69
0.41
0.35
0.35
0.38
0.39
0.52
0.50
0.51
0.54
CorWatt	PkgWatt
19.68	138.28
0.53	138.27
0.43
0.50
0.44
0.49
0.48
0.47
0.47
0.38
0.43
0.37
0.37
0.50
0.51
0.50
0.51
0.47
0.47
0.48
0.56
0.39
0.39
5.69
0.41
0.35
0.35
0.35
0.37
0.52
0.50
0.50
0.52
CorWatt	PkgWatt
19.69	138.46
0.51	138.46
0.43
0.50
0.44
0.48
0.51
0.47
0.47
0.38
0.45
0.38
0.38
0.50
0.51
0.49
0.50
0.47
0.45
0.45
0.56
0.38
0.41
5.68
0.41
0.35
0.35
0.35
0.39
0.52
0.50
0.50
0.52
CorWatt	PkgWatt
19.67	138.36
0.53	138.35
0.42
0.48
0.43
0.47
0.48
0.47
0.47
0.40
0.44
0.37
0.38
0.50
0.51
0.49
0.51
0.47
0.47
0.46
0.56
0.39
0.40
5.68
0.41
0.36
0.35
0.35
0.37
0.51
0.54
0.51
0.51
CorWatt	PkgWatt
20.43	138.84
0.52	138.86
0.46
0.49
0.49
0.52
0.50
0.50
0.50
0.40
0.49
0.40
0.41
0.52
0.51
0.50
0.52
0.48
0.48
0.47
0.56
0.40
0.41
5.68
0.42
0.38
0.39
0.39
0.41
0.56
0.53
0.56
0.56
CorWatt	PkgWatt
19.68	138.63
0.51	138.62
0.43
0.49
0.43
0.47
0.48
0.47
0.47
0.38
0.44
0.36
0.38
0.50
0.51
0.48
0.51
0.47
0.45
0.46
0.57
0.41
0.41
5.68
0.40
0.35
0.35
0.36
0.38
0.55
0.50
0.50
0.52
CorWatt	PkgWatt
19.73	138.42
0.51	138.42
0.42
0.49
0.43
0.48
0.49
0.47
0.47
0.39
0.44
0.36
0.38
0.50
0.50
0.48
0.51
0.50
0.47
0.45
0.58
0.39
0.41
5.69
0.41
0.35
0.36
0.35
0.37
0.53
0.50
0.50
0.53
CorWatt	PkgWatt
19.67	138.48
0.51	138.48
0.44
0.52
0.45
0.47
0.48
0.48
0.47
0.39
0.43
0.37
0.38
0.50
0.51
0.48
0.51
0.47
0.46
0.46
0.57
0.39
0.40
5.68
0.42
0.35
0.35
0.36
0.37
0.51
0.50
0.50
0.51
CorWatt	PkgWatt
19.98	138.59
0.52	138.59
0.42
0.51
0.45
0.48
0.50
0.49
0.48
0.39
0.46
0.37
0.39
0.51
0.52
0.49
0.52
0.48
0.48
0.47
0.56
0.39
0.42
5.68
0.43
0.35
0.38
0.37
0.37
0.54
0.52
0.51
0.53
CorWatt	PkgWatt
19.82	138.72
0.52	138.72
0.42
0.51
0.44
0.48
0.48
0.48
0.47
0.40
0.44
0.37
0.38
0.50
0.51
0.50
0.51
0.47
0.45
0.46
0.57
0.40
0.41
5.68
0.41
0.37
0.36
0.36
0.37
0.51
0.56
0.52
0.52
CorWatt	PkgWatt
19.78	138.54
0.52	138.55
0.42
0.48
0.43
0.48
0.48
0.48
0.47
0.39
0.44
0.37
0.40
0.51
0.50
0.51
0.51
0.47
0.45
0.46
0.56
0.39
0.42
5.69
0.42
0.35
0.35
0.36
0.38
0.52
0.53
0.51
0.53
CorWatt	PkgWatt
19.76	138.53
0.51	138.52
0.42
0.49
0.43
0.48
0.49
0.49
0.48
0.39
0.44
0.37
0.38
0.50
0.51
0.49
0.51
0.47
0.45
0.46
0.56
0.40
0.40
5.68
0.43
0.35
0.36
0.37
0.37
0.56
0.50
0.51
0.52
CorWatt	PkgWatt
20.03	138.78
0.52	138.79
0.48
0.51
0.43
0.51
0.49
0.48
0.52
0.39
0.45
0.37
0.40
0.51
0.51
0.51
0.52
0.48
0.47
0.46
0.56
0.41
0.40
5.68
0.44
0.35
0.35
0.37
0.40
0.54
0.50
0.52
0.52
CorWatt	PkgWatt
19.41	134.23
0.59	134.25
0.51
0.56
0.53
0.58
0.57
0.56
0.56
0.48
0.48
0.43
0.42
0.56
0.58
1.05
0.57
0.57
0.55
0.54
0.63
0.44
0.48
2.66
0.50
0.44
0.41
0.42
0.43
0.58
0.59
0.58
0.60
CorWatt	PkgWatt
18.02	130.59
0.55	130.57
0.48
0.47
0.46
0.50
0.51
0.50
0.50
3.13
0.56
0.43
0.42
0.52
0.54
0.62
0.55
0.49
0.47
0.47
0.50
0.42
0.41
0.39
0.40
0.39
0.38
0.41
0.40
0.55
0.54
0.52
0.56
CorWatt	PkgWatt
17.32	130.18
0.52	130.17
0.48
0.44
0.44
0.48
0.49
0.49
0.49
3.06
0.49
0.40
0.40
0.52
0.53
0.63
0.54
0.47
0.46
0.46
0.46
0.40
0.38
0.38
0.39
0.35
0.35
0.37
0.38
0.52
0.53
0.50
0.52
CorWatt	PkgWatt
17.52	130.36
0.51	130.37
0.48
0.45
0.46
0.52
0.52
0.49
0.50
3.03
0.50
0.40
0.41
0.51
0.52
0.61
0.55
0.49
0.48
0.50
0.47
0.39
0.38
0.39
0.39
0.38
0.35
0.37
0.38
0.54
0.53
0.51
0.53
CorWatt	PkgWatt
17.41	130.13
0.51	130.14
0.47
0.44
0.44
0.49
0.50
0.48
0.48
3.04
0.49
0.41
0.41
0.51
0.54
0.63
0.54
0.48
0.46
0.48
0.46
0.39
0.40
0.40
0.38
0.37
0.37
0.36
0.39
0.53
0.51
0.53
0.52
CorWatt	PkgWatt
17.35	130.13
0.53	130.13
0.49
0.47
0.46
0.50
0.50
0.48
0.48
3.05
0.50
0.40
0.41
0.51
0.52
0.62
0.56
0.49
0.47
0.47
0.46
0.39
0.38
0.38
0.38
0.36
0.35
0.35
0.37
0.52
0.50
0.50
0.52
CorWatt	PkgWatt
17.34	130.05
0.51	130.04
0.47
0.45
0.45
0.53
0.49
0.49
0.48
3.03
0.49
0.40
0.40
0.53
0.53
0.63
0.56
0.48
0.47
0.48
0.46
0.39
0.38
0.38
0.38
0.35
0.35
0.36
0.37
0.53
0.50
0.51
0.51
CorWatt	PkgWatt
17.36	130.27
0.52	130.28
0.49
0.45
0.44
0.51
0.50
0.50
0.49
3.02
0.50
0.40
0.41
0.52
0.53
0.61
0.54
0.48
0.49
0.48
0.46
0.39
0.38
0.38
0.38
0.35
0.35
0.36
0.37
0.52
0.51
0.51
0.52
CorWatt	PkgWatt
17.30	130.09
0.52	130.09
0.47
0.45
0.44
0.49
0.50
0.48
0.48
3.04
0.49
0.40
0.40
0.50
0.52
0.62
0.53
0.47
0.45
0.47
0.46
0.40
0.38
0.38
0.38
0.35
0.37
0.38
0.38
0.54
0.52
0.50
0.51
CorWatt	PkgWatt
17.31	130.08
0.52	130.08
0.47
0.45
0.46
0.49
0.49
0.48
0.49
2.96
0.56
0.41
0.40
0.50
0.52
0.61
0.53
0.49
0.47
0.46
0.46
0.39
0.39
0.38
0.38
0.35
0.35
0.37
0.40
0.53
0.52
0.50
0.52
CorWatt	PkgWatt
17.56	130.26
0.53	130.26
0.49
0.48
0.45
0.49
0.49
0.49
0.49
0.47
3.02
0.45
0.44
0.51
0.53
0.62
0.53
0.49
0.47
0.47
0.46
0.41
0.40
0.40
0.40
0.37
0.35
0.38
0.40
0.52
0.52
0.51
0.53
CorWatt	PkgWatt
17.41	130.29
0.53	130.29
0.47
0.45
0.45
0.50
0.50
0.48
0.48
0.44
3.04
0.41
0.42
0.50
0.53
0.62
0.53
0.49
0.46
0.46
0.46
0.39
0.38
0.39
0.39
0.36
0.37
0.38
0.39
0.54
0.53
0.53
0.54
CorWatt	PkgWatt
17.22	129.95
0.52	129.95
0.47
0.45
0.44
0.49
0.51
0.50
0.50
0.44
3.03
0.41
0.40
0.50
0.53
0.63
0.53
0.47
0.45
0.47
0.46
0.39
0.38
0.38
0.38
0.35
0.35
0.36
0.38
0.53
0.50
0.50
0.52
CorWatt	PkgWatt
17.38	130.10
0.52	130.11
0.46
0.46
0.44
0.50
0.49
0.48
0.48
0.46
3.05
0.42
0.41
0.52
0.55
0.65
0.55
0.48
0.45
0.47
0.46
0.38
0.38
0.38
0.38
0.35
0.35
0.39
0.38
0.55
0.54
0.50
0.52
CorWatt	PkgWatt
17.26	130.06
0.53	130.04
0.49
0.45
0.43
0.48
0.49
0.48
0.48
0.44
3.03
0.42
0.43
0.51
0.54
0.61
0.56
0.47
0.45
0.46
0.46
0.39
0.38
0.38
0.40
0.35
0.35
0.36
0.37
0.52
0.52
0.51
0.52
CorWatt	PkgWatt
17.39	130.28
0.52	130.29
0.49
0.46
0.43
0.49
0.49
0.51
0.51
0.45
3.03
0.41
0.42
0.50
0.55
0.52
0.64
0.47
0.47
0.48
0.46
0.38
0.38
0.39
0.38
0.36
0.36
0.37
0.39
0.52
0.50
0.51
0.53
CorWatt	PkgWatt
17.27	130.11
0.51	130.12
0.46
0.48
0.45
0.51
0.51
0.49
0.50
0.43
3.02
0.40
0.40
0.50
0.55
0.54
0.65
0.47
0.46
0.47
0.45
0.39
0.38
0.38
0.38
0.35
0.35
0.36
0.38
0.53
0.50
0.51
0.51
CorWatt	PkgWatt
17.41	130.16
0.54	130.17
0.46
0.48
0.43
0.50
0.50
0.51
0.48
0.46
3.02
0.42
0.43
0.54
0.56
0.52
0.64
0.47
0.46
0.47
0.46
0.39
0.38
0.38
0.38
0.36
0.35
0.36
0.40
0.52
0.50
0.50
0.54
CorWatt	PkgWatt
18.21	130.30
0.58	130.30
0.55
0.53
0.52
0.54
0.56
0.55
0.56
0.50
0.55
0.46
0.44
0.60
0.62
0.60
0.65
1.05
0.57
0.54
0.53
0.62
0.58
0.56
0.92
0.42
0.42
0.43
0.45
0.62
0.56
0.55
0.57
CorWatt	PkgWatt
16.41	128.64
0.50	128.64
0.47
0.45
0.45
0.49
0.52
0.49
0.49
0.45
0.47
0.39
0.39
0.51
0.52
0.50
0.53
0.57
0.50
0.46
0.46
1.24
0.67
0.66
0.69
0.35
0.35
0.37
0.41
0.52
0.50
0.50
0.52
CorWatt	PkgWatt
16.35	128.57
0.49	128.57
0.47
0.47
0.44
0.48
0.49
0.48
0.48
0.44
0.46
0.37
0.40
0.51
0.53
0.50
0.52
0.57
0.50
0.47
0.46
0.69
0.65
0.66
1.26
0.36
0.35
0.36
0.38
0.54
0.53
0.50
0.51
CorWatt	PkgWatt
17.40	129.33
0.53	129.34
0.47
0.53
0.52
0.55
0.49
0.53
0.53
0.48
0.51
0.41
0.43
0.55
0.56
0.58
0.56
0.61
0.52
0.50
0.47
0.68
0.65
0.66
1.27
0.41
0.39
0.42
0.39
0.56
0.54
0.56
0.56
CorWatt	PkgWatt
16.37	128.70
0.50	128.69
0.45
0.52
0.45
0.49
0.50
0.49
0.49
0.44
0.44
0.37
0.39
0.51
0.52
0.50
0.53
0.58
0.50
0.47
0.46
0.69
0.66
0.67
1.28
0.35
0.35
0.36
0.37
0.52
0.50
0.50
0.51
CorWatt	PkgWatt
16.98	129.08
0.52	129.08
0.49
0.48
0.43
0.49
0.51
0.49
0.48
0.44
0.44
0.37
0.39
0.51
0.51
0.49
0.52
0.58
0.51
0.46
0.48
0.76
0.74
0.75
1.60
0.36
0.35
0.36
0.37
0.55
0.53
0.50
0.51
CorWatt	PkgWatt
19.35	131.45
0.51	131.45
0.50
0.48
0.46
0.49
0.49
0.49
0.48
0.43
0.44
0.38
0.38
0.50
0.52
0.51
0.51
0.56
0.49
0.47
0.47
1.08
1.07
1.07
3.10
0.35
0.35
0.36
0.37
0.52
0.50
0.50
0.51
CorWatt	PkgWatt
19.65	131.68
0.52	131.69
0.48
0.48
0.47
0.51
0.51
0.49
0.49
0.43
0.46
0.38
0.39
0.52
0.52
0.49
0.52
0.56
0.50
0.47
0.47
3.07
1.12
1.12
1.14
0.35
0.36
0.36
0.37
0.54
0.52
0.51
0.54
CorWatt	PkgWatt
19.63	131.76
0.54	131.75
0.47
0.47
0.46
0.49
0.49
0.49
0.49
0.43
0.45
0.38
0.38
0.51
0.52
0.53
0.54
0.57
0.49
0.47
0.47
1.68
1.12
1.13
2.53
0.37
0.35
0.36
0.37
0.53
0.52
0.51
0.51
CorWatt	PkgWatt
19.42	131.51
0.53	131.51
0.47
0.45
0.45
0.49
0.50
0.49
0.49
0.42
0.44
0.37
0.41
0.50
0.52
0.50
0.52
0.57
0.49
0.47
0.47
3.08
1.09
1.09
1.10
0.35
0.36
0.37
0.37
0.53
0.50
0.50
0.51
CorWatt	PkgWatt
19.51	131.61
0.52	131.61
0.48
0.45
0.44
0.49
0.51
0.50
0.51
0.42
0.44
0.37
0.38
0.51
0.51
0.50
0.51
0.57
0.49
0.47
0.47
1.13
1.12
1.12
3.07
0.35
0.35
0.37
0.38
0.54
0.53
0.50
0.51
CorWatt	PkgWatt
19.97	131.96
0.53	131.98
0.50
0.51
0.49
0.50
0.50
0.49
0.51
0.46
0.45
0.39
0.45
0.53
0.51
0.50
0.51
0.59
0.53
0.49
0.50
2.17
1.12
1.13
2.03
0.38
0.38
0.39
0.38
0.52
0.50
0.50
0.51
CorWatt	PkgWatt
19.54	131.86
0.52	131.84
0.49
0.47
0.48
0.49
0.50
0.49
0.49
0.40
0.43
0.37
0.39
0.52
0.52
0.50
0.52
0.56
0.52
0.49
0.47
2.00
1.13
1.12
2.21
0.36
0.35
0.36
0.35
0.52
0.50
0.50
0.51
CorWatt	PkgWatt
19.74	131.74
0.52	131.75
0.47
0.46
0.47
0.49
0.50
0.49
0.50
0.41
0.47
0.39
0.39
0.50
0.51
0.51
0.53
0.56
0.50
0.48
0.50
1.13
1.12
1.12
3.08
0.37
0.37
0.40
0.38
0.56
0.51
0.51
0.53
CorWatt	PkgWatt
19.41	131.54
0.51	131.53
0.50
0.47
0.48
0.49
0.50
0.49
0.49
0.41
0.43
0.37
0.39
0.51
0.52
0.49
0.53
0.56
0.50
0.47
0.47
1.43
1.09
1.09
2.75
0.36
0.35
0.37
0.35
0.53
0.52
0.50
0.52
CorWatt	PkgWatt
19.56	131.68
0.52	131.67
0.50
0.45
0.46
0.51
0.51
0.49
0.50
0.39
0.43
0.37
0.39
0.51
0.52
0.49
0.52
0.57
0.52
0.51
0.47
3.06
1.12
1.12
1.13
0.37
0.35
0.37
0.35
0.54
0.51
0.51
0.51
CorWatt	PkgWatt
19.58	131.86
0.52	131.86
0.48
0.45
0.46
0.49
0.50
0.50
0.49
0.41
0.43
0.38
0.39
0.53
0.53
0.51
0.52
0.56
0.50
0.48
0.47
3.06
1.13
1.12
1.14
0.37
0.37
0.37
0.36
0.52
0.50
0.52
0.51
CorWatt	PkgWatt
19.35	131.18
0.56	131.23
0.52
0.51
0.53
0.52
0.55
0.51
0.54
0.44
0.52
0.41
0.46
0.56
0.56
0.55
0.60
0.64
0.63
0.54
0.52
1.97
0.96
0.90
0.90
0.38
0.37
0.42
0.41
0.66
0.58
0.55
0.57
