CorWatt	PkgWatt
14.73	126.94
0.53	126.95
0.44
0.48
0.47
0.57
0.49
0.49
0.49
0.40
0.42
0.37
0.38
0.51
0.51
0.49
0.53
0.50
0.49
0.47
0.52
0.43
0.42
0.44
0.40
0.36
0.36
0.39
0.36
0.52
0.50
0.51
0.50
CorWatt	PkgWatt
15.63	126.92
0.57	127.72
0.44
0.49
0.45
0.57
0.58
0.55
0.56
0.49
0.53
0.44
0.46
0.56
0.54
0.49
0.53
0.49
0.54
0.53
0.57
0.44
0.40
0.41
0.45
0.37
0.38
0.39
0.37
0.53
0.53
0.53
0.50
CorWatt	PkgWatt
17.59	130.38
0.59	129.60
0.49
0.49
0.57
0.66
0.61
0.56
0.57
0.58
0.60
0.63
0.49
0.67
0.61
0.57
0.62
0.58
0.57
0.49
0.53
0.51
0.42
0.45
0.42
0.45
0.51
0.58
0.46
0.56
0.53
0.54
0.65
CorWatt	PkgWatt
15.51	127.90
0.54	127.76
0.45
0.47
0.47
0.53
0.59
0.57
0.54
0.47
0.49
0.40
0.51
0.52
0.53
0.51
0.53
0.53
0.51
0.47
0.48
0.46
0.40
0.40
0.41
0.37
0.43
0.42
0.37
0.54
0.53
0.53
0.53
