CorWatt	PkgWatt
15.16	127.40
0.52	127.40
0.43
0.45
0.48
0.53
0.52
0.52
0.53
0.40
0.48
0.41
0.41
0.51
0.53
0.50
0.55
0.48
0.53
0.47
0.48
0.42
0.40
0.42
0.39
0.41
0.40
0.40
0.39
0.57
0.56
0.53
0.53
CorWatt	PkgWatt
14.80	127.02
0.51	127.00
0.42
0.45
0.47
0.48
0.48
0.51
0.50
0.41
0.43
0.37
0.43
0.51
0.50
0.51
0.53
0.46
0.52
0.45
0.46
0.38
0.41
0.41
0.38
0.38
0.38
0.38
0.47
0.58
0.54
0.54
0.52
CorWatt	PkgWatt
18.24	129.68
0.57	129.73
0.47
0.55
0.51
0.57
0.54
0.58
0.62
0.54
0.59
0.55
0.56
0.60
0.62
0.55
0.67
0.65
0.71
0.57
0.62
0.46
0.54
0.51
0.47
0.48
0.51
0.47
0.50
0.71
0.65
0.65
0.65
CorWatt	PkgWatt
15.24	127.35
0.53	127.32
0.45
0.50
0.44
0.53
0.51
0.53
0.50
0.42
0.44
0.39
0.45
0.51
0.51
0.50
0.55
0.47
0.57
0.46
0.47
0.39
0.40
0.43
0.39
0.41
0.41
0.48
0.44
0.59
0.52
0.52
0.54
CorWatt	PkgWatt
14.92	127.17
0.51	127.17
0.44
0.49
0.47
0.55
0.51
0.51
0.49
0.41
0.44
0.39
0.47
0.50
0.51
0.49
0.54
0.46
0.52
0.48
0.47
0.39
0.43
0.41
0.38
0.36
0.38
0.39
0.39
0.58
0.52
0.51
0.53
CorWatt	PkgWatt
14.87	127.08
0.49	127.08
0.44
0.47
0.47
0.52
0.49
0.51
0.51
0.43
0.46
0.38
0.45
0.50
0.50
0.48
0.54
0.46
0.54
0.48
0.46
0.38
0.38
0.41
0.38
0.41
0.38
0.42
0.40
0.58
0.51
0.52
0.51
CorWatt	PkgWatt
14.63	126.85
0.48	126.84
0.45
0.44
0.47
0.53
0.49
0.51
0.49
0.38
0.44
0.38
0.45
0.50
0.50
0.50
0.53
0.46
0.52
0.47
0.47
0.38
0.39
0.40
0.38
0.36
0.39
0.38
0.35
0.60
0.50
0.50
0.52
CorWatt	PkgWatt
14.71	126.83
0.49	126.82
0.43
0.45
0.48
0.51
0.55
0.53
0.48
0.41
0.44
0.39
0.37
0.50
0.54
0.50
0.51
0.46
0.53
0.47
0.49
0.41
0.39
0.42
0.38
0.35
0.38
0.39
0.36
0.58
0.51
0.50
0.50
CorWatt	PkgWatt
15.10	127.19
0.48	127.20
0.46
0.47
0.49
0.54
0.57
0.54
0.49
0.40
0.47
0.40
0.40
0.50
0.51
0.51
0.51
0.48
0.53
0.47
0.47
0.39
0.42
0.42
0.41
0.38
0.38
0.41
0.39
0.59
0.55
0.52
0.55
CorWatt	PkgWatt
14.39	126.69
0.49	126.68
0.44
0.47
0.48
0.52
0.55
0.52
0.48
0.38
0.43
0.38
0.38
0.50
0.50
0.48
0.50
0.45
0.49
0.45
0.46
0.38
0.38
0.40
0.38
0.35
0.35
0.38
0.36
0.58
0.51
0.50
0.49
CorWatt	PkgWatt
14.58	126.79
0.48	126.80
0.44
0.49
0.47
0.52
0.55
0.51
0.47
0.39
0.44
0.40
0.39
0.51
0.54
0.50
0.54
0.47
0.45
0.45
0.47
0.38
0.40
0.40
0.38
0.35
0.35
0.39
0.36
0.59
0.50
0.51
0.51
CorWatt	PkgWatt
14.52	126.71
0.50	126.71
0.43
0.45
0.46
0.51
0.55
0.51
0.48
0.39
0.45
0.36
0.39
0.51
0.50
0.50
0.52
0.46
0.45
0.45
0.48
0.40
0.39
0.40
0.40
0.35
0.42
0.38
0.36
0.59
0.50
0.50
0.49
CorWatt	PkgWatt
14.70	126.97
0.49	126.98
0.44
0.48
0.48
0.52
0.55
0.52
0.48
0.39
0.44
0.39
0.39
0.52
0.51
0.50
0.52
0.46
0.46
0.45
0.47
0.39
0.39
0.48
0.39
0.35
0.36
0.38
0.37
0.58
0.50
0.52
0.54
CorWatt	PkgWatt
14.64	126.83
0.50	126.83
0.44
0.47
0.47
0.54
0.54
0.51
0.49
0.38
0.42
0.39
0.39
0.51
0.50
0.49
0.50
0.50
0.46
0.45
0.48
0.38
0.38
0.46
0.38
0.37
0.36
0.40
0.38
0.58
0.50
0.52
0.49
CorWatt	PkgWatt
14.65	126.71
0.50	126.71
0.43
0.44
0.47
0.51
0.56
0.53
0.50
0.39
0.46
0.40
0.40
0.53
0.53
0.49
0.53
0.45
0.45
0.46
0.47
0.38
0.39
0.41
0.38
0.35
0.35
0.39
0.38
0.59
0.50
0.50
0.53
CorWatt	PkgWatt
14.48	126.90
0.51	126.90
0.43
0.47
0.47
0.51
0.54
0.50
0.48
0.38
0.43
0.37
0.37
0.50
0.52
0.48
0.51
0.48
0.47
0.46
0.47
0.38
0.39
0.41
0.39
0.36
0.35
0.38
0.37
0.59
0.50
0.50
0.49
CorWatt	PkgWatt
14.54	126.77
0.50	126.77
0.44
0.45
0.43
0.52
0.56
0.51
0.49
0.39
0.44
0.39
0.38
0.50
0.50
0.49
0.53
0.48
0.46
0.45
0.46
0.38
0.39
0.42
0.39
0.36
0.38
0.37
0.35
0.59
0.50
0.51
0.52
CorWatt	PkgWatt
14.59	126.70
0.50	126.70
0.43
0.45
0.43
0.52
0.54
0.48
0.49
0.41
0.47
0.37
0.37
0.52
0.52
0.50
0.52
0.48
0.45
0.45
0.46
0.38
0.38
0.42
0.40
0.43
0.36
0.41
0.38
0.58
0.51
0.50
0.52
CorWatt	PkgWatt
15.45	127.47
0.52	127.43
0.46
0.47
0.46
0.54
0.56
0.51
0.50
0.40
0.46
0.40
0.40
0.53
0.53
0.53
0.55
0.55
0.48
0.48
0.51
0.41
0.41
0.49
0.41
0.39
0.41
0.39
0.39
0.65
0.53
0.56
0.57
