CorWatt	PkgWatt
15.32	128.13
0.56	128.13
0.51
0.50
0.49
0.54
0.52
0.52
0.52
0.42
0.44
0.40
0.44
0.52
0.54
0.58
0.52
0.58
0.50
0.46
0.49
0.40
0.40
0.39
0.41
0.38
0.37
0.38
0.40
0.54
0.53
0.55
0.54
CorWatt	PkgWatt
15.05	127.66
0.54	127.63
0.53
0.48
0.47
0.52
0.53
0.52
0.51
0.41
0.45
0.40
0.40
0.53
0.53
0.58
0.53
0.45
0.48
0.46
0.47
0.41
0.40
0.39
0.40
0.37
0.38
0.38
0.40
0.53
0.51
0.55
0.53
CorWatt	PkgWatt
71.77	186.76
0.92	186.87
2.21
2.28
2.28
2.33
2.34
2.32
2.26
2.22
2.22
2.25
2.18
2.32
2.31
2.34
2.35
2.28
2.28
2.12
2.12
2.20
2.21
2.01
1.96
2.27
2.25
3.73
2.10
2.41
2.36
2.22
2.18
