CorWatt	PkgWatt
4.39	151.69
0.08	76.54
0.08
0.08
0.08
0.08
0.08
0.08
0.08
0.08
0.08
0.07
0.07
0.07
0.07
0.08
0.07
0.08
0.08
0.08
0.08
0.09
0.08
0.08
0.08
0.08
0.08
0.08
0.08
0.07
0.08
0.07
0.07
0.06	75.27
0.06
0.06
0.06
0.07
0.07
0.06
0.06
0.05
0.05
0.05
0.05
0.05
0.05
0.05
0.05
0.07
0.06
0.05
0.06
0.07
0.07
0.07
0.07
0.06
0.06
0.05
0.05
0.05
0.05
0.05
0.06
CorWatt	PkgWatt
4.54	151.27
0.09	76.26
0.08
0.08
0.09
0.08
0.09
0.08
0.17
0.09
0.08
0.07
0.07
0.07
0.08
0.08
0.07
0.08
0.08
0.10
0.09
0.10
0.08
0.08
0.09
0.08
0.08
0.08
0.08
0.08
0.09
0.08
0.07
0.06	75.13
0.06
0.06
0.06
0.07
0.06
0.06
0.06
0.05
0.05
0.05
0.05
0.05
0.05
0.05
0.05
0.06
0.06
0.05
0.06
0.07
0.07
0.07
0.07
0.06
0.05
0.05
0.05
0.05
0.05
0.05
0.05
