CorWatt	PkgWatt
6.49	157.79
0.12	79.09
0.12
0.12
0.11
0.11
0.11
0.11
0.10
0.10
0.10
0.11
0.10
0.10
0.10
0.09
0.10
0.11
0.11
0.11
0.11
0.12
0.11
0.11
0.11
0.11
0.10
0.10
0.10
0.10
0.10
0.10
0.10
0.10	78.82
0.10
0.10
0.10
0.10
0.10
0.10
0.10
0.09
0.09
0.08
0.08
0.09
0.08
0.08
0.08
0.10
0.10
0.10
0.10
0.10
0.10
0.10
0.10
0.10
0.18
0.10
0.10
0.09
0.09
0.09
0.09
CorWatt	PkgWatt
5.86	154.74
0.11	77.60
0.10
0.10
0.10
0.10
0.10
0.09
0.09
0.09
0.09
0.08
0.09
0.08
0.08
0.08
0.08
0.09
0.09
0.09
0.10
0.11
0.10
0.10
0.10
0.09
0.09
0.09
0.09
0.09
0.09
0.09
0.09
0.10	77.67
0.10
0.09
0.09
0.09
0.09
0.09
0.10
0.08
0.10
0.08
0.08
0.09
0.08
0.08
0.08
0.09
0.12
0.09
0.09
0.09
0.09
0.09
0.13
0.10
0.09
0.09
0.09
0.08
0.08
0.08
0.09
CorWatt	PkgWatt
15.80	181.25
0.29	92.70
0.24
0.23
0.23
0.38
0.42
0.35
0.34
0.24
0.21
0.19
0.24
0.20
0.19
0.18
0.23
0.21
0.30
0.27
0.21
0.28
0.20
0.19
0.22
0.24
0.21
0.19
0.20
2.11
0.24
0.21
0.20
0.24	88.08
0.23
0.19
0.16
0.18
0.27
0.19
0.17
0.14
0.17
0.16
0.16
0.24
0.16
0.14
0.20
0.16
0.22
0.23
0.17
0.21
0.20
0.23
0.24
0.18
0.19
0.24
0.24
0.15
0.13
0.18
0.16
