CorWatt	PkgWatt
4.40	151.83
0.08	76.28
0.09
0.08
0.08
0.08
0.08
0.08
0.08
0.08
0.08
0.07
0.07
0.07
0.08
0.07
0.07
0.08
0.08
0.08
0.08
0.09
0.08
0.08
0.08
0.08
0.08
0.08
0.08
0.08
0.08
0.08
0.08
0.07	75.58
0.07
0.06
0.07
0.07
0.07
0.07
0.06
0.05
0.05
0.05
0.05
0.05
0.05
0.05
0.05
0.07
0.07
0.06
0.07
0.07
0.07
0.07
0.07
0.06
0.06
0.06
0.06
0.06
0.05
0.05
0.06
CorWatt	PkgWatt
4.72	151.65
0.10	76.53
0.11
0.08
0.08
0.08
0.10
0.08
0.08
0.09
0.09
0.07
0.08
0.08
0.09
0.08
0.07
0.09
0.09
0.12
0.14
0.09
0.09
0.10
0.09
0.08
0.09
0.09
0.08
0.09
0.08
0.08
0.08
0.06	75.13
0.06
0.06
0.06
0.06
0.06
0.06
0.06
0.05
0.05
0.05
0.05
0.05
0.05
0.05
0.05
0.06
0.06
0.06
0.06
0.07
0.07
0.07
0.07
0.06
0.06
0.05
0.06
0.05
0.05
0.05
0.05
