CorWatt	PkgWatt
15.26	127.55
0.51	127.58
0.44
0.45
0.49
0.51
0.50
0.49
0.49
0.42
0.45
0.40
0.41
0.54
0.56
0.56
0.65
0.46
0.53
0.49
0.47
0.51
0.46
0.45
0.45
0.35
0.35
0.37
0.37
0.56
0.52
0.51
0.53
CorWatt	PkgWatt
14.92	126.89
0.50	127.47
0.44
0.44
0.50
0.51
0.49
0.51
0.49
0.39
0.45
0.40
0.42
0.57
0.53
0.51
0.53
0.45
0.52
0.49
0.46
0.48
0.42
0.40
0.49
0.36
0.37
0.38
0.36
0.55
0.51
0.50
0.52
CorWatt	PkgWatt
21.51	133.93
2.34	133.33
0.71
0.67
0.66
0.66
0.66
0.71
0.62
0.57
0.53
0.46
0.79
0.61
0.59
0.65
0.72
0.63
0.72
0.72
0.69
0.55
0.51
0.52
0.61
0.44
0.55
0.50
0.53
0.69
0.67
0.57
0.60
CorWatt	PkgWatt
16.30	128.44
0.58	128.42
0.43
0.45
0.49
0.73
1.21
0.79
0.72
0.40
0.44
0.39
0.40
0.51
0.53
0.53
0.52
0.49
0.54
0.47
0.48
0.51
0.38
0.42
0.39
0.35
0.36
0.39
0.37
0.53
0.50
0.50
0.51
CorWatt	PkgWatt
16.66	128.87
0.61	128.87
0.45
0.48
0.48
0.77
1.21
0.83
0.72
0.40
0.45
0.40
0.44
0.52
0.52
0.50
0.53
0.48
0.52
0.48
0.48
0.52
0.44
0.43
0.44
0.36
0.35
0.38
0.37
0.54
0.52
0.51
0.54
CorWatt	PkgWatt
17.09	129.02
0.64	129.05
0.49
0.51
0.51
0.76
0.77
1.30
0.78
0.43
0.50
0.41
0.43
0.50
0.51
0.52
0.56
0.51
0.55
0.51
0.53
0.52
0.39
0.41
0.43
0.35
0.35
0.37
0.35
0.54
0.56
0.56
0.52
CorWatt	PkgWatt
16.43	128.64
0.60	128.60
0.44
0.47
0.47
0.76
0.75
1.30
0.76
0.40
0.46
0.40
0.42
0.51
0.55
0.52
0.55
0.48
0.50
0.48
0.48
0.42
0.39
0.40
0.40
0.36
0.36
0.37
0.36
0.53
0.51
0.51
0.52
CorWatt	PkgWatt
16.57	128.77
0.61	128.77
0.46
0.44
0.45
0.70
0.71
1.57
0.72
0.39
0.45
0.40
0.40
0.51
0.54
0.51
0.59
0.49
0.51
0.46
0.49
0.42
0.39
0.38
0.43
0.36
0.36
0.37
0.35
0.56
0.51
0.50
0.55
CorWatt	PkgWatt
17.36	130.24
0.58	130.24
0.44
0.45
0.44
0.50
0.50
3.30
0.51
0.40
0.43
0.41
0.40
0.50
0.54
0.51
0.52
0.47
0.49
0.47
0.47
0.41
0.38
0.38
0.39
0.35
0.35
0.36
0.35
0.55
0.50
0.50
0.52
CorWatt	PkgWatt
17.28	130.29
0.58	130.30
0.46
0.46
0.47
0.49
0.51
3.30
0.53
0.38
0.42
0.37
0.40
0.50
0.51
0.49
0.52
0.47
0.50
0.47
0.47
0.40
0.38
0.38
0.38
0.36
0.35
0.36
0.35
0.52
0.50
0.50
0.50
CorWatt	PkgWatt
17.48	130.50
0.56	130.49
0.44
0.47
0.49
0.53
0.53
3.30
0.53
0.40
0.43
0.37
0.38
0.50
0.54
0.51
0.54
0.47
0.50
0.47
0.48
0.41
0.39
0.38
0.39
0.35
0.35
0.36
0.35
0.53
0.50
0.50
0.51
CorWatt	PkgWatt
17.35	130.45
0.58	130.45
0.44
0.47
0.49
0.49
0.51
3.30
0.51
0.40
0.45
0.38
0.41
0.51
0.53
0.49
0.52
0.46
0.49
0.46
0.47
0.40
0.38
0.38
0.38
0.35
0.35
0.36
0.37
0.52
0.50
0.50
0.52
CorWatt	PkgWatt
17.30	130.45
0.59	130.45
0.44
0.47
0.46
0.51
0.51
3.30
0.52
0.39
0.43
0.37
0.38
0.50
0.51
0.49
0.52
0.47
0.51
0.48
0.47
0.41
0.38
0.38
0.39
0.35
0.35
0.36
0.35
0.53
0.50
0.50
0.51
CorWatt	PkgWatt
17.33	130.42
0.57	130.42
0.44
0.45
0.45
0.49
0.53
3.29
0.51
0.39
0.44
0.38
0.38
0.50
0.51
0.49
0.52
0.46
0.50
0.46
0.48
0.41
0.40
0.39
0.39
0.37
0.35
0.36
0.35
0.56
0.50
0.50
0.52
CorWatt	PkgWatt
17.39	130.48
0.58	130.47
0.44
0.46
0.46
0.50
0.52
3.29
0.52
0.39
0.45
0.37
0.39
0.51
0.52
0.50
0.52
0.45
0.51
0.47
0.48
0.41
0.39
0.38
0.38
0.37
0.35
0.36
0.35
0.54
0.50
0.50
0.51
CorWatt	PkgWatt
17.50	130.51
0.58	130.52
0.47
0.46
0.50
0.51
0.50
3.29
0.53
0.38
0.45
0.40
0.38
0.50
0.52
0.49
0.51
0.44
0.50
0.46
0.47
0.41
0.38
0.38
0.38
0.37
0.36
0.38
0.36
0.55
0.51
0.52
0.53
CorWatt	PkgWatt
17.35	130.43
0.57	130.43
0.45
0.48
0.50
0.50
0.51
3.30
0.53
0.39
0.43
0.38
0.38
0.50
0.52
0.50
0.51
0.44
0.50
0.46
0.47
0.43
0.40
0.40
0.38
0.35
0.35
0.36
0.35
0.53
0.50
0.50
0.51
CorWatt	PkgWatt
17.37	130.25
0.57	130.25
0.43
0.46
0.49
0.50
0.51
3.30
0.51
0.38
0.42
0.37
0.38
0.51
0.51
0.49
0.52
0.46
0.54
0.46
0.49
0.42
0.41
0.38
0.40
0.36
0.35
0.36
0.35
0.53
0.50
0.50
0.51
CorWatt	PkgWatt
17.43	130.24
0.57	130.24
0.46
0.47
0.50
0.51
0.52
3.29
0.51
0.40
0.43
0.37
0.38
0.50
0.52
0.50
0.52
0.46
0.51
0.47
0.48
0.44
0.38
0.38
0.38
0.35
0.35
0.36
0.35
0.53
0.50
0.50
0.51
CorWatt	PkgWatt
17.43	130.25
0.56	130.25
0.44
0.47
0.49
0.49
0.52
3.30
0.51
0.38
0.44
0.37
0.39
0.50
0.51
0.49
0.52
0.45
0.51
0.47
0.48
0.42
0.39
0.38
0.40
0.37
0.36
0.36
0.35
0.57
0.51
0.51
0.52
CorWatt	PkgWatt
18.19	130.43
0.64	130.44
0.54
0.54
0.55
0.56
0.55
0.56
0.59
0.46
0.50
0.66
0.47
1.06
0.76
0.72
0.73
0.51
0.58
0.54
0.55
0.80
0.45
0.44
0.45
0.42
0.41
0.42
0.41
0.59
0.56
0.56
0.59
CorWatt	PkgWatt
16.77	128.89
0.52	128.88
0.44
0.44
0.44
0.49
0.49
0.51
0.48
0.40
0.44
0.50
0.42
1.08
0.89
1.36
0.88
0.45
0.50
0.47
0.47
0.41
0.40
0.38
0.41
0.35
0.36
0.37
0.36
0.52
0.50
0.51
0.51
CorWatt	PkgWatt
16.98	128.99
0.50	128.98
0.49
0.45
0.47
0.51
0.50
0.52
0.53
0.39
0.44
0.50
0.40
1.49
0.90
0.95
0.88
0.45
0.52
0.47
0.48
0.41
0.38
0.40
0.41
0.38
0.36
0.38
0.35
0.54
0.51
0.51
0.52
CorWatt	PkgWatt
16.84	129.02
0.50	129.03
0.48
0.47
0.46
0.48
0.49
0.49
0.50
0.42
0.43
0.50
0.40
0.91
0.89
1.53
0.87
0.46
0.54
0.47
0.49
0.42
0.39
0.38
0.40
0.35
0.36
0.37
0.36
0.52
0.50
0.50
0.51
CorWatt	PkgWatt
16.95	128.86
0.51	128.86
0.49
0.47
0.46
0.49
0.51
0.48
0.50
0.41
0.46
0.50
0.39
0.89
0.89
1.53
0.89
0.46
0.51
0.50
0.48
0.40
0.38
0.38
0.38
0.40
0.38
0.39
0.38
0.54
0.50
0.50
0.51
CorWatt	PkgWatt
16.81	128.90
0.50	128.90
0.48
0.45
0.46
0.48
0.49
0.48
0.49
0.40
0.44
0.50
0.39
0.86
0.88
1.52
0.88
0.46
0.48
0.46
0.50
0.42
0.39
0.38
0.38
0.40
0.37
0.39
0.38
0.55
0.51
0.52
0.52
CorWatt	PkgWatt
18.22	130.15
0.52	130.14
0.50
0.46
0.46
0.50
0.51
0.50
0.51
0.40
0.44
0.49
0.40
1.29
1.08
1.94
1.07
0.47
0.51
0.48
0.49
0.41
0.39
0.39
0.39
0.40
0.38
0.38
0.36
0.53
0.52
0.52
0.53
CorWatt	PkgWatt
19.83	131.39
0.52	131.39
0.49
0.45
0.44
0.49
0.50
0.48
0.49
0.38
0.44
0.50
0.40
3.16
1.37
1.36
1.37
0.46
0.53
0.48
0.48
0.40
0.38
0.38
0.38
0.39
0.35
0.37
0.35
0.52
0.50
0.51
0.51
CorWatt	PkgWatt
19.96	131.55
0.51	131.55
0.49
0.45
0.44
0.50
0.50
0.49
0.49
0.40
0.44
0.51
0.39
3.14
1.37
1.37
1.37
0.47
0.50
0.47
0.49
0.41
0.41
0.40
0.38
0.37
0.37
0.37
0.37
0.53
0.51
0.52
0.52
CorWatt	PkgWatt
19.78	131.44
0.54	131.43
0.47
0.47
0.48
0.48
0.50
0.49
0.48
0.40
0.43
0.50
0.39
3.14
1.37
1.37
1.37
0.46
0.51
0.47
0.48
0.40
0.38
0.38
0.38
0.36
0.36
0.37
0.35
0.52
0.50
0.51
0.50
CorWatt	PkgWatt
20.01	131.69
0.50	131.69
0.46
0.45
0.49
0.52
0.50
0.50
0.51
0.40
0.44
0.50
0.39
3.16
1.37
1.36
1.37
0.46
0.52
0.48
0.48
0.42
0.38
0.38
0.42
0.38
0.36
0.38
0.37
0.55
0.51
0.51
0.52
CorWatt	PkgWatt
19.80	131.48
0.52	131.47
0.45
0.44
0.49
0.50
0.50
0.50
0.50
0.40
0.44
0.49
0.39
1.59
1.37
2.91
1.37
0.46
0.50
0.48
0.48
0.39
0.38
0.38
0.38
0.38
0.36
0.37
0.35
0.52
0.50
0.51
0.50
CorWatt	PkgWatt
19.98	131.50
0.54	131.51
0.47
0.44
0.49
0.49
0.52
0.50
0.52
0.39
0.44
0.50
0.39
1.83
1.37
2.67
1.37
0.47
0.51
0.48
0.48
0.40
0.38
0.38
0.40
0.37
0.37
0.38
0.37
0.56
0.50
0.51
0.51
CorWatt	PkgWatt
19.81	131.49
0.53	131.49
0.43
0.44
0.49
0.48
0.49
0.48
0.49
0.41
0.44
0.51
0.39
3.04
1.37
1.47
1.37
0.48
0.51
0.46
0.48
0.40
0.38
0.38
0.39
0.36
0.36
0.38
0.37
0.52
0.50
0.51
0.50
CorWatt	PkgWatt
20.18	131.96
0.55	131.96
0.46
0.47
0.50
0.49
0.50
0.49
0.49
0.42
0.47
0.50
0.40
3.13
1.37
1.37
1.37
0.48
0.51
0.47
0.46
0.42
0.40
0.40
0.40
0.37
0.37
0.40
0.38
0.53
0.53
0.52
0.54
CorWatt	PkgWatt
19.80	131.47
0.52	131.47
0.43
0.44
0.48
0.48
0.49
0.48
0.48
0.39
0.45
0.51
0.39
3.16
1.37
1.36
1.37
0.46
0.49
0.46
0.46
0.40
0.38
0.38
0.38
0.36
0.36
0.37
0.36
0.54
0.52
0.53
0.52
CorWatt	PkgWatt
19.83	131.55
0.52	131.55
0.44
0.44
0.45
0.50
0.51
0.49
0.51
0.41
0.44
0.51
0.38
2.68
1.37
1.84
1.38
0.47
0.50
0.48
0.47
0.42
0.38
0.38
0.38
0.36
0.36
0.36
0.35
0.53
0.50
0.51
0.51
CorWatt	PkgWatt
19.22	131.09
0.58	131.10
0.50
0.47
0.49
0.51
0.52
0.51
0.54
0.44
0.49
0.59
0.45
2.10
1.07
1.06
1.05
0.54
0.54
0.51
0.50
0.43
0.42
0.73
0.44
0.42
0.38
0.39
0.38
0.56
0.54
0.54
0.54
CorWatt	PkgWatt
16.91	129.27
0.51	129.27
0.47
0.48
0.52
0.51
0.52
0.51
0.53
0.43
0.47
0.69
0.45
1.22
0.76
0.74
0.77
0.49
0.54
0.49
0.48
0.44
0.41
0.42
0.42
0.39
0.38
0.39
0.38
0.54
0.52
0.52
0.52
CorWatt	PkgWatt
16.00	128.27
0.51	128.26
0.45
0.45
0.49
0.48
0.50
0.50
0.50
0.39
0.44
0.49
0.40
0.81
1.17
0.76
0.77
0.46
0.51
0.47
0.46
0.40
0.38
0.38
0.38
0.35
0.35
0.37
0.35
0.51
0.50
0.50
0.50
CorWatt	PkgWatt
16.03	128.21
0.50	128.22
0.43
0.46
0.46
0.50
0.51
0.49
0.50
0.40
0.43
0.49
0.40
0.94
1.01
0.75
0.80
0.47
0.50
0.48
0.46
0.41
0.38
0.38
0.38
0.37
0.35
0.37
0.35
0.55
0.50
0.50
0.51
CorWatt	PkgWatt
15.91	128.17
0.52	128.16
0.43
0.45
0.44
0.48
0.50
0.50
0.48
0.40
0.45
0.50
0.41
1.13
0.79
0.75
0.78
0.46
0.51
0.47
0.46
0.40
0.38
0.38
0.38
0.35
0.35
0.36
0.37
0.52
0.50
0.51
0.52
CorWatt	PkgWatt
16.15	128.57
0.55	128.57
0.45
0.47
0.45
0.49
0.50
0.49
0.49
0.40
0.44
0.48
0.40
0.77
1.07
0.89
0.77
0.47
0.53
0.48
0.46
0.41
0.38
0.38
0.40
0.36
0.36
0.37
0.35
0.54
0.51
0.51
0.52
CorWatt	PkgWatt
18.64	133.45
0.55	133.46
0.44
0.44
0.45
0.48
0.51
0.48
0.48
0.38
0.45
0.50
0.39
0.54
0.54
4.48
0.57
0.47
0.50
0.46
0.45
0.39
0.39
0.38
0.39
0.40
0.35
0.36
0.35
0.52
0.50
0.50
0.51
CorWatt	PkgWatt
18.59	133.44
0.55	133.43
0.43
0.45
0.47
0.49
0.50
0.48
0.49
0.40
0.46
0.50
0.39
0.53
0.53
4.48
0.55
0.47
0.49
0.47
0.45
0.40
0.38
0.38
0.38
0.36
0.35
0.36
0.35
0.53
0.51
0.50
0.51
CorWatt	PkgWatt
18.76	133.68
0.54	133.68
0.46
0.44
0.46
0.50
0.50
0.50
0.52
0.39
0.44
0.51
0.40
0.52
0.54
4.48
0.55
0.46
0.49
0.47
0.45
0.39
0.38
0.38
0.38
0.39
0.37
0.38
0.37
0.55
0.50
0.53
0.52
CorWatt	PkgWatt
18.76	133.57
0.55	133.56
0.45
0.47
0.45
0.49
0.50
0.49
0.49
0.41
0.44
0.49
0.39
0.53
0.53
4.48
0.55
0.47
0.49
0.46
0.47
0.43
0.40
0.40
0.39
0.36
0.36
0.37
0.36
0.57
0.51
0.51
0.51
CorWatt	PkgWatt
18.82	133.63
0.55	133.63
0.44
0.46
0.46
0.49
0.51
0.49
0.49
0.39
0.45
0.50
0.41
0.53
0.54
4.49
0.56
0.51
0.51
0.47
0.48
0.41
0.39
0.38
0.39
0.37
0.36
0.37
0.35
0.53
0.51
0.51
0.51
CorWatt	PkgWatt
18.61	133.48
0.53	133.48
0.45
0.47
0.48
0.48
0.51
0.49
0.49
0.39
0.43
0.49
0.39
0.53
0.54
4.49
0.57
0.47
0.48
0.46
0.46
0.41
0.38
0.38
0.38
0.36
0.35
0.36
0.35
0.52
0.50
0.50
0.51
CorWatt	PkgWatt
18.70	133.73
0.54	133.74
0.44
0.46
0.45
0.48
0.51
0.48
0.49
0.39
0.44
0.49
0.40
0.52
0.53
4.49
0.56
0.47
0.50
0.46
0.46
0.41
0.39
0.38
0.40
0.40
0.37
0.36
0.35
0.53
0.52
0.51
0.52
CorWatt	PkgWatt
18.75	133.58
0.55	133.58
0.44
0.48
0.48
0.49
0.50
0.49
0.49
0.39
0.44
0.49
0.39
0.54
0.53
4.49
0.56
0.48
0.49
0.46
0.46
0.41
0.38
0.38
0.39
0.36
0.36
0.37
0.36
0.54
0.51
0.51
0.52
CorWatt	PkgWatt
18.57	133.51
0.54	133.51
0.44
0.44
0.44
0.48
0.50
0.48
0.48
0.39
0.43
0.49
0.41
0.52
0.53
4.49
0.55
0.47
0.49
0.46
0.47
0.40
0.40
0.38
0.40
0.40
0.35
0.36
0.35
0.52
0.50
0.50
0.50
CorWatt	PkgWatt
18.76	133.70
0.55	133.70
0.45
0.45
0.45
0.51
0.50
0.50
0.53
0.41
0.43
0.49
0.39
0.53
0.53
4.49
0.55
0.49
0.49
0.46
0.47
0.41
0.38
0.39
0.40
0.35
0.35
0.37
0.35
0.58
0.50
0.50
0.51
CorWatt	PkgWatt
18.76	133.62
0.55	133.62
0.44
0.48
0.46
0.48
0.50
0.48
0.50
0.40
0.43
0.49
0.40
0.54
0.53
4.49
0.57
0.46
0.53
0.46
0.47
0.42
0.40
0.38
0.41
0.37
0.35
0.37
0.36
0.52
0.50
0.50
0.50
CorWatt	PkgWatt
18.79	133.60
0.56	133.60
0.45
0.46
0.46
0.49
0.50
0.49
0.50
0.40
0.47
0.49
0.39
0.53
0.54
4.49
0.56
0.46
0.51
0.47
0.47
0.41
0.39
0.38
0.40
0.37
0.36
0.38
0.36
0.53
0.51
0.51
0.51
CorWatt	PkgWatt
18.51	131.13
0.60	131.15
0.50
0.52
0.53
0.55
0.56
0.55
0.57
0.49
0.51
0.55
0.47
0.57
0.58
1.18
0.61
0.50
0.56
0.54
0.52
0.49
0.46
0.44
0.47
0.59
0.51
0.53
0.74
1.12
0.58
0.56
0.58
CorWatt	PkgWatt
16.27	128.66
0.51	128.64
0.45
0.45
0.50
0.51
0.52
0.48
0.51
0.40
0.44
0.40
0.39
0.51
0.53
0.53
0.53
0.45
0.50
0.49
0.47
0.42
0.38
0.38
0.39
0.66
0.60
0.61
1.10
0.65
0.52
0.51
0.51
CorWatt	PkgWatt
16.38	128.62
0.53	128.63
0.46
0.45
0.51
0.49
0.50
0.49
0.49
0.39
0.44
0.39
0.39
0.51
0.52
0.53
0.52
0.46
0.52
0.48
0.47
0.41
0.39
0.39
0.39
0.75
0.60
0.61
1.06
0.65
0.52
0.53
0.51
CorWatt	PkgWatt
16.28	128.65
0.51	128.65
0.45
0.45
0.50
0.49
0.50
0.49
0.49
0.40
0.43
0.38
0.39
0.51
0.55
0.53
0.54
0.46
0.50
0.47
0.47
0.41
0.41
0.40
0.39
0.67
0.60
0.60
1.08
0.65
0.51
0.52
0.52
CorWatt	PkgWatt
16.08	128.43
0.55	128.43
0.46
0.47
0.51
0.48
0.50
0.48
0.48
0.38
0.43
0.38
0.40
0.50
0.52
0.51
0.52
0.45
0.50
0.46
0.46
0.41
0.39
0.38
0.38
0.87
0.59
0.60
0.87
0.64
0.50
0.50
0.51
CorWatt	PkgWatt
16.38	128.73
0.53	128.73
0.45
0.44
0.48
0.51
0.50
0.49
0.48
0.40
0.43
0.38
0.38
0.50
0.52
0.53
0.52
0.45
0.50
0.51
0.46
0.41
0.38
0.38
0.42
1.06
0.57
0.58
0.95
0.64
0.52
0.50
0.52
CorWatt	PkgWatt
17.77	130.40
0.54	130.40
0.46
0.44
0.47
0.50
0.50
0.51
0.50
0.39
0.43
0.39
0.40
0.51
0.52
0.50
0.52
0.47
0.52
0.49
0.47
0.40
0.38
0.38
0.38
3.05
0.48
0.48
0.54
0.63
0.50
0.50
0.51
CorWatt	PkgWatt
17.93	130.69
0.55	130.69
0.44
0.45
0.48
0.49
0.51
0.49
0.50
0.41
0.45
0.39
0.39
0.51
0.53
0.51
0.52
0.46
0.50
0.48
0.47
0.42
0.39
0.38
0.40
0.57
0.50
0.51
3.03
0.64
0.52
0.51
0.53
CorWatt	PkgWatt
17.79	130.55
0.55	130.55
0.43
0.44
0.49
0.48
0.50
0.48
0.49
0.40
0.44
0.40
0.39
0.51
0.52
0.52
0.52
0.49
0.52
0.46
0.46
0.40
0.38
0.38
0.39
0.56
0.49
0.50
3.04
0.63
0.51
0.51
0.51
CorWatt	PkgWatt
18.08	130.65
0.55	130.65
0.45
0.47
0.47
0.48
0.50
0.48
0.48
0.42
0.47
0.40
0.40
0.52
0.53
0.52
0.53
0.47
0.52
0.49
0.47
0.43
0.40
0.40
0.41
0.54
0.48
0.50
3.05
0.64
0.53
0.51
0.54
CorWatt	PkgWatt
17.69	130.37
0.54	130.37
0.43
0.44
0.45
0.48
0.50
0.48
0.48
0.39
0.44
0.39
0.39
0.50
0.52
0.51
0.53
0.47
0.50
0.46
0.47
0.40
0.39
0.38
0.39
2.98
0.48
0.49
0.58
0.66
0.53
0.52
0.54
CorWatt	PkgWatt
17.98	130.76
0.51	130.75
0.44
0.45
0.49
0.51
0.52
0.50
0.51
0.41
0.44
0.41
0.38
0.51
0.54
0.53
0.52
0.48
0.50
0.47
0.47
0.42
0.38
0.38
0.39
2.51
0.49
0.50
1.08
0.65
0.53
0.51
0.53
CorWatt	PkgWatt
17.94	130.50
0.53	130.50
0.45
0.44
0.50
0.48
0.51
0.48
0.48
0.41
0.45
0.40
0.39
0.52
0.54
0.53
0.54
0.49
0.51
0.46
0.47
0.41
0.38
0.38
0.41
3.04
0.51
0.49
0.54
0.63
0.52
0.51
0.53
CorWatt	PkgWatt
18.17	130.63
0.51	130.64
0.47
0.46
0.50
0.48
0.50
0.48
0.48
0.40
0.47
0.44
0.44
0.50
0.55
0.54
0.53
0.47
0.54
0.50
0.51
0.41
0.39
0.38
0.38
3.02
0.54
0.49
0.49
0.65
0.51
0.55
0.56
CorWatt	PkgWatt
17.70	130.46
0.54	130.45
0.44
0.46
0.48
0.48
0.50
0.50
0.50
0.39
0.43
0.38
0.39
0.50
0.52
0.52
0.52
0.47
0.51
0.47
0.47
0.41
0.39
0.38
0.41
3.02
0.50
0.49
0.49
0.63
0.50
0.51
0.52
CorWatt	PkgWatt
17.96	130.64
0.52	130.64
0.44
0.46
0.49
0.50
0.52
0.50
0.51
0.41
0.45
0.39
0.39
0.52
0.55
0.53
0.54
0.47
0.50
0.47
0.48
0.41
0.39
0.39
0.40
3.02
0.51
0.49
0.49
0.64
0.53
0.51
0.52
CorWatt	PkgWatt
17.76	130.52
0.53	130.52
0.43
0.45
0.47
0.48
0.50
0.50
0.48
0.39
0.45
0.41
0.41
0.51
0.54
0.51
0.51
0.47
0.51
0.47
0.47
0.40
0.38
0.38
0.39
3.02
0.50
0.50
0.53
0.64
0.50
0.51
0.53
CorWatt	PkgWatt
17.21	129.79
0.54	129.79
0.43
0.45
0.48
0.49
0.50
0.48
0.49
0.41
0.48
0.38
0.38
0.51
0.54
0.51
0.53
0.48
0.52
0.51
0.49
0.40
0.38
0.38
0.39
1.86
0.46
0.45
1.06
0.66
0.54
0.51
0.53
CorWatt	PkgWatt
18.12	130.12
0.58	130.13
0.48
0.49
0.53
0.56
0.58
0.54
0.56
0.44
0.96
0.44
0.43
0.72
0.74
0.73
1.22
0.52
0.57
0.53
0.53
0.46
0.46
0.44
0.46
0.48
0.43
0.42
0.42
0.60
0.57
0.58
0.63
CorWatt	PkgWatt
16.39	128.55
0.54	128.53
0.45
0.46
0.50
0.49
0.50
0.49
0.49
0.41
0.56
0.41
0.40
0.96
0.77
0.75
1.11
0.45
0.52
0.47
0.48
0.43
0.39
0.38
0.39
0.42
0.35
0.37
0.36
0.54
0.51
0.51
0.52
CorWatt	PkgWatt
16.35	128.56
0.50	128.57
0.51
0.45
0.51
0.51
0.51
0.50
0.50
0.39
0.53
0.39
0.39
0.78
0.75
0.74
1.33
0.44
0.50
0.46
0.47
0.40
0.38
0.38
0.39
0.44
0.37
0.37
0.37
0.53
0.50
0.54
0.51
CorWatt	PkgWatt
16.14	128.49
0.50	128.48
0.48
0.48
0.44
0.49
0.50
0.48
0.48
0.40
0.54
0.39
0.39
0.89
0.76
0.74
1.23
0.45
0.51
0.46
0.46
0.42
0.40
0.40
0.39
0.36
0.35
0.36
0.35
0.52
0.51
0.50
0.51
CorWatt	PkgWatt
16.37	128.57
0.51	128.57
0.48
0.47
0.47
0.49
0.52
0.50
0.49
0.41
0.54
0.40
0.40
0.78
0.76
0.75
1.35
0.47
0.53
0.46
0.49
0.41
0.39
0.39
0.39
0.37
0.36
0.37
0.36
0.53
0.52
0.52
0.51
CorWatt	PkgWatt
17.49	130.23
0.52	130.22
0.48
0.49
0.52
0.49
0.51
0.49
0.50
0.41
0.52
0.39
0.39
0.58
0.58
0.56
3.03
0.45
0.51
0.46
0.47
0.42
0.40
0.38
0.39
0.35
0.35
0.36
0.35
0.53
0.51
0.55
0.53
CorWatt	PkgWatt
17.57	130.59
0.52	130.60
0.43
0.46
0.48
0.48
0.50
0.48
0.49
0.40
0.51
0.40
0.39
0.54
0.52
0.51
3.43
0.45
0.51
0.46
0.47
0.41
0.39
0.38
0.40
0.35
0.37
0.36
0.35
0.53
0.52
0.52
0.56
CorWatt	PkgWatt
17.52	130.68
0.54	130.68
0.44
0.47
0.49
0.48
0.50
0.49
0.48
0.41
0.50
0.39
0.39
0.55
0.53
0.51
3.43
0.45
0.50
0.46
0.46
0.41
0.38
0.38
0.39
0.36
0.35
0.37
0.35
0.54
0.51
0.51
0.51
CorWatt	PkgWatt
17.42	130.41
0.52	130.41
0.44
0.44
0.48
0.48
0.50
0.48
0.48
0.40
0.51
0.38
0.41
0.54
0.52
0.52
3.43
0.45
0.50
0.46
0.47
0.40
0.41
0.38
0.40
0.36
0.35
0.36
0.35
0.52
0.50
0.50
0.50
CorWatt	PkgWatt
17.71	130.66
0.51	130.66
0.45
0.46
0.48
0.51
0.51
0.51
0.52
0.40
0.51
0.39
0.39
0.54
0.53
0.53
3.43
0.46
0.51
0.46
0.47
0.41
0.39
0.40
0.41
0.36
0.36
0.37
0.35
0.54
0.52
0.52
0.51
CorWatt	PkgWatt
17.67	130.62
0.53	130.63
0.44
0.47
0.49
0.49
0.50
0.49
0.51
0.40
0.51
0.39
0.40
0.55
0.53
0.53
3.43
0.47
0.53
0.46
0.48
0.42
0.39
0.38
0.41
0.36
0.35
0.36
0.35
0.52
0.50
0.51
0.55
CorWatt	PkgWatt
17.57	130.70
0.53	130.70
0.44
0.45
0.50
0.48
0.50
0.48
0.48
0.39
0.54
0.40
0.39
0.53
0.53
0.51
3.43
0.47
0.50
0.47
0.46
0.41
0.38
0.38
0.39
0.36
0.35
0.36
0.35
0.52
0.51
0.54
0.52
CorWatt	PkgWatt
17.66	130.63
0.53	130.63
0.44
0.45
0.47
0.48
0.50
0.48
0.49
0.42
0.51
0.39
0.39
0.53
0.52
0.51
3.43
0.47
0.49
0.46
0.48
0.42
0.40
0.38
0.38
0.37
0.37
0.38
0.38
0.53
0.52
0.51
0.57
CorWatt	PkgWatt
17.74	130.69
0.55	130.69
0.44
0.45
0.47
0.51
0.52
0.49
0.50
0.43
0.51
0.41
0.40
0.53
0.53
0.52
3.43
0.47
0.49
0.48
0.47
0.41
0.38
0.39
0.40
0.37
0.36
0.37
0.36
0.53
0.51
0.52
0.52
CorWatt	PkgWatt
17.52	130.71
0.54	130.70
0.44
0.44
0.45
0.49
0.50
0.48
0.48
0.40
0.50
0.39
0.39
0.52
0.52
0.51
3.43
0.49
0.50
0.47
0.46
0.40
0.38
0.38
0.38
0.40
0.37
0.38
0.37
0.52
0.51
0.52
0.53
CorWatt	PkgWatt
17.61	130.64
0.54	130.64
0.43
0.45
0.46
0.48
0.50
0.49
0.49
0.42
0.51
0.39
0.40
0.53
0.55
0.52
3.43
0.47
0.48
0.46
0.46
0.41
0.41
0.40
0.40
0.37
0.37
0.36
0.36
0.53
0.51
0.52
0.52
CorWatt	PkgWatt
17.52	130.56
0.55	130.56
0.46
0.47
0.47
0.48
0.50
0.48
0.48
0.40
0.50
0.38
0.39
0.53
0.52
0.51
3.43
0.47
0.50
0.46
0.46
0.41
0.38
0.38
0.39
0.36
0.35
0.36
0.35
0.52
0.51
0.55
0.53
CorWatt	PkgWatt
18.52	130.94
0.59	130.95
0.51
0.52
0.54
0.56
0.57
0.55
0.55
0.48
0.59
0.49
0.45
0.62
0.61
0.59
1.45
0.57
0.77
0.58
0.58
0.57
0.45
0.44
0.89
0.43
0.42
0.43
0.43
0.61
0.56
0.57
0.58
CorWatt	PkgWatt
16.97	129.12
0.53	129.11
0.47
0.45
0.49
0.51
0.51
0.50
0.51
0.39
0.44
0.39
0.40
0.52
0.54
0.51
0.56
0.83
1.10
1.28
0.83
0.41
0.39
0.38
0.52
0.35
0.35
0.37
0.37
0.53
0.51
0.51
0.53
CorWatt	PkgWatt
17.01	129.19
0.51	129.18
0.45
0.46
0.49
0.50
0.53
0.49
0.49
0.41
0.43
0.41
0.39
0.51
0.52
0.51
0.54
0.84
0.97
1.40
0.83
0.41
0.40
0.39
0.52
0.36
0.38
0.39
0.38
0.55
0.51
0.51
0.52
CorWatt	PkgWatt
17.05	129.24
0.55	129.25
0.46
0.47
0.48
0.49
0.51
0.49
0.51
0.41
0.44
0.43
0.40
0.52
0.51
0.53
0.52
1.49
0.88
0.84
0.83
0.40
0.40
0.40
0.52
0.36
0.37
0.40
0.38
0.51
0.51
0.51
0.51
CorWatt	PkgWatt
17.23	129.56
0.56	129.56
0.46
0.48
0.45
0.50
0.51
0.50
0.50
0.45
0.48
0.42
0.40
0.51
0.52
0.52
0.52
1.49
0.87
0.84
0.82
0.43
0.41
0.41
0.51
0.36
0.39
0.40
0.36
0.56
0.53
0.52
0.56
CorWatt	PkgWatt
16.66	129.01
0.53	129.00
0.44
0.44
0.45
0.49
0.50
0.49
0.48
0.39
0.44
0.40
0.39
0.50
0.51
0.50
0.53
1.48
0.85
0.82
0.82
0.41
0.38
0.38
0.52
0.36
0.35
0.36
0.35
0.54
0.52
0.52
0.51
CorWatt	PkgWatt
17.21	129.50
0.51	129.51
0.44
0.46
0.49
0.51
0.52
0.49
0.51
0.41
0.44
0.43
0.38
0.51
0.54
0.53
0.52
1.69
0.91
0.89
0.88
0.41
0.38
0.38
0.51
0.35
0.35
0.37
0.35
0.53
0.52
0.50
0.51
CorWatt	PkgWatt
20.05	132.19
0.57	132.19
0.46
0.46
0.49
0.51
0.51
0.50
0.49
0.41
0.44
0.41
0.40
0.52
0.53
0.52
0.54
1.32
3.15
1.32
1.33
0.41
0.40
0.39
0.52
0.35
0.35
0.36
0.35
0.53
0.50
0.50
0.52
CorWatt	PkgWatt
20.35	132.31
0.54	132.31
0.46
0.48
0.53
0.53
0.52
0.52
0.51
0.41
0.45
0.43
0.41
0.52
0.55
0.52
0.54
1.32
3.10
1.35
1.33
0.44
0.42
0.41
0.53
0.36
0.36
0.37
0.36
0.53
0.51
0.51
0.52
CorWatt	PkgWatt
19.89	131.93
0.55	131.93
0.44
0.46
0.50
0.51
0.50
0.51
0.50
0.39
0.43
0.39
0.39
0.50
0.51
0.50
0.52
1.32
3.13
1.32
1.33
0.42
0.40
0.40
0.51
0.35
0.35
0.36
0.35
0.51
0.50
0.50
0.52
CorWatt	PkgWatt
20.16	132.04
0.55	132.04
0.44
0.49
0.50
0.52
0.53
0.52
0.51
0.41
0.44
0.41
0.39
0.52
0.56
0.52
0.53
1.32
1.33
3.13
1.33
0.43
0.40
0.40
0.50
0.35
0.35
0.36
0.35
0.53
0.50
0.51
0.54
CorWatt	PkgWatt
19.96	132.09
0.56	132.09
0.44
0.47
0.49
0.51
0.51
0.50
0.49
0.38
0.45
0.42
0.39
0.50
0.51
0.50
0.53
1.32
3.01
1.45
1.33
0.42
0.40
0.40
0.51
0.35
0.35
0.37
0.36
0.52
0.50
0.50
0.51
CorWatt	PkgWatt
20.06	131.97
0.56	131.97
0.45
0.48
0.50
0.51
0.51
0.50
0.50
0.40
0.43
0.41
0.38
0.50
0.52
0.52
0.52
1.32
1.34
3.12
1.33
0.43
0.40
0.40
0.52
0.37
0.35
0.37
0.35
0.54
0.50
0.51
0.51
CorWatt	PkgWatt
19.95	131.87
0.54	131.87
0.44
0.48
0.49
0.51
0.53
0.50
0.50
0.39
0.44
0.42
0.39
0.50
0.51
0.50
0.52
1.32
1.56
2.90
1.33
0.42
0.42
0.40
0.51
0.35
0.35
0.37
0.35
0.51
0.50
0.50
0.51
CorWatt	PkgWatt
20.11	132.09
0.53	132.09
0.45
0.48
0.52
0.50
0.51
0.50
0.49
0.39
0.47
0.43
0.40
0.52
0.53
0.52
0.52
1.32
1.45
3.00
1.33
0.43
0.40
0.40
0.50
0.35
0.35
0.36
0.35
0.56
0.51
0.51
0.51
CorWatt	PkgWatt
20.23	132.05
0.53	132.06
0.47
0.47
0.50
0.52
0.51
0.52
0.51
0.41
0.43
0.40
0.39
0.50
0.51
0.51
0.52
1.32
3.13
1.32
1.33
0.42
0.40
0.40
0.53
0.37
0.40
0.41
0.39
0.54
0.52
0.55
0.51
CorWatt	PkgWatt
20.13	131.96
0.52	131.95
0.46
0.49
0.48
0.51
0.51
0.50
0.50
0.40
0.43
0.41
0.40
0.50
0.52
0.51
0.52
1.32
3.15
1.32
1.34
0.44
0.43
0.42
0.52
0.36
0.36
0.37
0.35
0.53
0.51
0.51
0.52
CorWatt	PkgWatt
19.21	131.24
0.53	131.24
0.46
0.49
0.48
0.51
0.51
0.50
0.49
0.38
0.43
0.40
0.42
0.50
0.51
0.50
0.51
1.19
2.68
1.31
1.21
0.41
0.40
0.39
0.50
0.35
0.36
0.38
0.35
0.53
0.50
0.50
0.51
CorWatt	PkgWatt
19.83	134.36
0.60	134.38
0.51
0.55
2.93
0.56
0.57
0.79
0.55
0.46
0.48
0.45
0.43
0.56
0.58
0.58
0.59
0.56
0.54
0.57
0.54
0.50
0.47
0.48
0.54
0.43
0.42
0.43
0.75
0.62
0.58
0.58
0.62
CorWatt	PkgWatt
20.73	138.99
0.59	138.99
0.48
0.50
5.68
0.53
0.50
0.62
0.52
0.42
0.46
0.44
0.43
0.53
0.55
0.55
0.55
0.50
0.51
0.52
0.51
0.40
0.40
0.38
0.38
0.39
0.40
0.40
0.37
0.53
0.56
0.54
0.59
CorWatt	PkgWatt
20.22	138.79
0.58	138.78
0.49
0.50
5.69
0.51
0.50
0.58
0.49
0.42
0.46
0.41
0.39
0.52
0.53
0.53
0.53
0.47
0.46
0.49
0.47
0.42
0.38
0.38
0.38
0.36
0.38
0.40
0.36
0.53
0.52
0.53
0.57
CorWatt	PkgWatt
19.78	138.36
0.55	138.36
0.44
0.47
5.69
0.49
0.50
0.60
0.48
0.39
0.43
0.42
0.41
0.50
0.51
0.50
0.52
0.47
0.46
0.48
0.46
0.39
0.40
0.38
0.39
0.35
0.36
0.37
0.35
0.51
0.50
0.50
0.51
CorWatt	PkgWatt
19.96	138.59
0.56	138.59
0.46
0.48
5.69
0.52
0.50
0.61
0.52
0.39
0.43
0.41
0.39
0.52
0.53
0.53
0.51
0.47
0.45
0.48
0.46
0.40
0.38
0.39
0.40
0.36
0.35
0.37
0.35
0.53
0.50
0.50
0.52
CorWatt	PkgWatt
19.93	138.53
0.56	138.53
0.44
0.50
5.69
0.49
0.50
0.59
0.50
0.41
0.44
0.40
0.40
0.52
0.53
0.52
0.52
0.47
0.49
0.46
0.47
0.41
0.39
0.38
0.40
0.35
0.35
0.37
0.35
0.51
0.50
0.50
0.50
CorWatt	PkgWatt
20.02	138.83
0.58	138.83
0.47
0.49
5.69
0.50
0.50
0.60
0.50
0.39
0.47
0.39
0.39
0.51
0.52
0.51
0.53
0.48
0.47
0.45
0.48
0.40
0.38
0.38
0.38
0.37
0.37
0.37
0.35
0.53
0.51
0.51
0.54
CorWatt	PkgWatt
20.00	138.69
0.57	138.69
0.44
0.48
5.69
0.50
0.50
0.59
0.49
0.41
0.44
0.39
0.38
0.50
0.51
0.50
0.52
0.47
0.46
0.45
0.48
0.41
0.39
0.38
0.38
0.38
0.40
0.38
0.38
0.53
0.51
0.55
0.53
CorWatt	PkgWatt
19.95	138.63
0.58	138.63
0.46
0.47
5.69
0.51
0.51
0.60
0.50
0.39
0.43
0.39
0.38
0.52
0.54
0.50
0.52
0.47
0.46
0.46
0.47
0.41
0.38
0.38
0.38
0.36
0.36
0.37
0.36
0.52
0.50
0.53
0.53
CorWatt	PkgWatt
19.92	138.89
0.55	138.89
0.49
0.47
5.70
0.50
0.50
0.59
0.49
0.39
0.43
0.39
0.38
0.50
0.52
0.50
0.52
0.48
0.48
0.47
0.47
0.39
0.38
0.39
0.38
0.40
0.37
0.38
0.36
0.52
0.50
0.52
0.52
CorWatt	PkgWatt
20.08	138.78
0.55	138.78
0.50
0.48
5.69
0.52
0.50
0.59
0.49
0.40
0.43
0.40
0.39
0.52
0.55
0.52
0.53
0.48
0.46
0.45
0.46
0.40
0.41
0.41
0.39
0.37
0.37
0.37
0.37
0.53
0.51
0.52
0.53
CorWatt	PkgWatt
19.83	138.65
0.58	138.64
0.50
0.48
5.69
0.50
0.50
0.59
0.48
0.39
0.43
0.39
0.39
0.50
0.51
0.51
0.52
0.46
0.47
0.44
0.46
0.40
0.38
0.38
0.38
0.37
0.38
0.37
0.35
0.51
0.50
0.50
0.51
CorWatt	PkgWatt
19.90	138.73
0.57	138.73
0.49
0.48
5.70
0.52
0.50
0.60
0.49
0.39
0.43
0.38
0.38
0.50
0.52
0.50
0.51
0.46
0.47
0.47
0.45
0.40
0.38
0.39
0.38
0.36
0.38
0.36
0.36
0.54
0.50
0.51
0.53
CorWatt	PkgWatt
20.00	138.80
0.56	138.79
0.51
0.47
5.69
0.52
0.50
0.61
0.49
0.41
0.43
0.38
0.38
0.51
0.51
0.50
0.51
0.49
0.48
0.44
0.47
0.39
0.38
0.39
0.38
0.36
0.38
0.36
0.37
0.52
0.51
0.57
0.52
CorWatt	PkgWatt
20.13	138.75
0.57	138.75
0.49
0.48
5.69
0.55
0.53
0.59
0.49
0.40
0.43
0.39
0.39
0.51
0.54
0.50
0.52
0.48
0.47
0.47
0.47
0.41
0.38
0.39
0.39
0.36
0.38
0.39
0.37
0.55
0.50
0.53
0.53
CorWatt	PkgWatt
19.92	138.77
0.55	138.77
0.48
0.49
5.69
0.51
0.50
0.60
0.49
0.40
0.43
0.41
0.38
0.51
0.51
0.52
0.51
0.48
0.48
0.45
0.45
0.39
0.38
0.38
0.38
0.37
0.37
0.39
0.36
0.52
0.50
0.51
0.51
CorWatt	PkgWatt
20.22	139.12
0.58	139.12
0.51
0.50
5.70
0.51
0.50
0.60
0.49
0.42
0.47
0.41
0.40
0.52
0.52
0.51
0.52
0.47
0.46
0.45
0.47
0.41
0.40
0.40
0.39
0.37
0.38
0.39
0.36
0.54
0.52
0.51
0.55
CorWatt	PkgWatt
19.65	134.73
0.63	134.74
0.56
0.57
2.89
0.59
0.57
0.67
0.59
0.46
0.51
0.79
0.45
0.58
0.60
0.60
0.61
0.52
0.53
0.52
0.52
0.47
0.44
0.47
0.47
0.44
0.43
0.42
0.41
0.61
0.57
0.58
0.59
CorWatt	PkgWatt
18.15	131.03
0.57	131.02
0.46
0.49
0.58
0.60
0.57
0.56
3.26
0.42
0.44
0.43
0.39
0.52
0.54
0.56
0.54
0.49
0.47
0.47
0.48
0.42
0.40
0.42
0.42
0.37
0.39
0.37
0.36
0.56
0.53
0.53
0.53
CorWatt	PkgWatt
17.71	130.92
0.56	130.92
0.47
0.49
0.57
0.57
0.53
0.52
3.21
0.40
0.46
0.42
0.39
0.53
0.53
0.51
0.54
0.50
0.47
0.45
0.47
0.40
0.39
0.39
0.41
0.36
0.38
0.37
0.35
0.52
0.50
0.53
0.52
CorWatt	PkgWatt
17.67	130.69
0.52	130.69
0.48
0.50
0.58
0.58
0.53
0.54
3.19
0.41
0.43
0.42
0.40
0.52
0.54
0.51
0.53
0.49
0.47
0.46
0.47
0.41
0.39
0.41
0.39
0.36
0.36
0.36
0.35
0.53
0.50
0.51
0.52
CorWatt	PkgWatt
17.68	130.73
0.53	130.74
0.49
0.49
0.58
0.55
0.53
0.53
3.19
0.40
0.44
0.41
0.40
0.51
0.52
0.51
0.53
0.48
0.49
0.46
0.47
0.42
0.40
0.40
0.40
0.37
0.38
0.37
0.36
0.52
0.50
0.52
0.52
CorWatt	PkgWatt
17.97	131.07
0.54	131.07
0.50
0.53
0.56
0.58
0.56
0.55
3.19
0.42
0.44
0.41
0.41
0.55
0.57
0.54
0.55
0.49
0.48
0.46
0.47
0.41
0.40
0.40
0.40
0.37
0.37
0.38
0.37
0.54
0.51
0.52
0.53
CorWatt	PkgWatt
17.54	130.61
0.53	130.61
0.50
0.48
0.56
0.54
0.52
0.52
3.21
0.39
0.44
0.41
0.39
0.51
0.52
0.50
0.52
0.48
0.48
0.46
0.47
0.40
0.39
0.39
0.39
0.36
0.36
0.37
0.37
0.52
0.50
0.51
0.52
CorWatt	PkgWatt
17.62	130.67
0.54	130.67
0.50
0.51
0.56
0.56
0.52
0.52
3.18
0.40
0.44
0.40
0.38
0.52
0.52
0.51
0.53
0.48
0.48
0.46
0.49
0.42
0.39
0.39
0.39
0.36
0.38
0.36
0.35
0.54
0.50
0.51
0.52
CorWatt	PkgWatt
17.50	130.66
0.54	130.66
0.48
0.46
0.56
0.54
0.54
0.52
3.19
0.40
0.45
0.42
0.38
0.50
0.51
0.50
0.52
0.48
0.47
0.45
0.47
0.40
0.42
0.40
0.40
0.36
0.38
0.36
0.35
0.51
0.50
0.51
0.51
CorWatt	PkgWatt
17.84	131.07
0.53	131.08
0.50
0.47
0.56
0.57
0.54
0.52
3.19
0.41
0.48
0.43
0.40
0.51
0.55
0.51
0.53
0.49
0.49
0.46
0.47
0.42
0.40
0.39
0.40
0.38
0.38
0.38
0.36
0.55
0.52
0.52
0.53
CorWatt	PkgWatt
17.61	130.68
0.54	130.68
0.50
0.46
0.56
0.58
0.52
0.54
3.21
0.40
0.43
0.41
0.39
0.50
0.51
0.50
0.51
0.48
0.47
0.45
0.47
0.41
0.39
0.40
0.39
0.38
0.38
0.39
0.38
0.52
0.50
0.53
0.51
CorWatt	PkgWatt
17.60	130.69
0.57	130.69
0.48
0.47
0.56
0.56
0.52
0.52
3.18
0.40
0.43
0.41
0.38
0.51
0.52
0.52
0.52
0.49
0.47
0.46
0.47
0.42
0.41
0.41
0.39
0.36
0.36
0.36
0.36
0.54
0.51
0.51
0.52
CorWatt	PkgWatt
17.52	130.64
0.56	130.64
0.45
0.48
0.56
0.55
0.54
0.52
3.18
0.40
0.43
0.41
0.39
0.50
0.51
0.51
0.52
0.50
0.48
0.45
0.49
0.40
0.40
0.39
0.39
0.36
0.36
0.36
0.35
0.52
0.50
0.53
0.51
CorWatt	PkgWatt
17.71	130.79
0.57	130.80
0.46
0.50
0.58
0.55
0.54
0.53
3.18
0.40
0.45
0.41
0.39
0.51
0.52
0.50
0.52
0.49
0.48
0.46
0.47
0.41
0.41
0.39
0.41
0.38
0.37
0.37
0.36
0.53
0.50
0.52
0.52
CorWatt	PkgWatt
17.58	130.63
0.57	130.63
0.44
0.48
0.56
0.56
0.52
0.52
3.20
0.41
0.43
0.41
0.40
0.50
0.51
0.50
0.52
0.49
0.48
0.45
0.47
0.41
0.39
0.39
0.39
0.37
0.39
0.36
0.35
0.53
0.51
0.53
0.55
CorWatt	PkgWatt
17.50	130.77
0.58	130.77
0.46
0.48
0.56
0.56
0.53
0.53
3.19
0.40
0.44
0.41
0.38
0.50
0.52
0.50
0.53
0.48
0.47
0.46
0.47
0.41
0.39
0.39
0.39
0.36
0.37
0.36
0.35
0.53
0.50
0.51
0.52
CorWatt	PkgWatt
17.44	130.51
0.56	130.50
0.45
0.46
0.55
0.54
0.53
0.53
3.18
0.40
0.43
0.41
0.41
0.50
0.51
0.50
0.52
0.48
0.48
0.45
0.47
0.40
0.41
0.39
0.41
0.36
0.36
0.36
0.35
0.52
0.50
0.51
0.51
CorWatt	PkgWatt
17.78	130.70
0.55	130.70
0.46
0.47
0.57
0.57
0.54
0.54
3.17
0.40
0.43
0.43
0.38
0.51
0.53
0.52
0.53
0.51
0.48
0.47
0.47
0.41
0.40
0.42
0.42
0.36
0.38
0.37
0.35
0.54
0.50
0.53
0.54
CorWatt	PkgWatt
18.51	130.77
0.61	130.79
0.51
0.57
0.63
0.58
0.58
0.56
0.64
0.48
0.49
0.46
0.46
0.60
0.60
0.60
0.60
0.56
0.55
0.50
0.53
0.48
0.47
0.45
0.48
0.71
0.56
0.55
0.75
1.17
0.61
0.57
0.60
CorWatt	PkgWatt
16.63	129.10
0.54	129.09
0.46
0.47
0.50
0.50
0.50
0.50
0.49
0.40
0.48
0.39
0.40
0.51
0.53
0.51
0.52
0.49
0.49
0.46
0.47
0.41
0.39
0.38
0.39
1.06
0.67
0.64
0.84
0.64
0.53
0.52
0.54
CorWatt	PkgWatt
16.54	128.88
0.53	128.88
0.44
0.46
0.48
0.50
0.51
0.49
0.51
0.41
0.43
0.40
0.38
0.50
0.52
0.51
0.52
0.49
0.47
0.45
0.49
0.42
0.41
0.38
0.39
0.99
0.65
0.64
0.93
0.66
0.53
0.52
0.53
CorWatt	PkgWatt
16.61	128.88
0.54	128.88
0.45
0.47
0.46
0.52
0.52
0.50
0.51
0.40
0.44
0.39
0.39
0.51
0.52
0.52
0.53
0.49
0.48
0.49
0.48
0.41
0.39
0.38
0.40
1.25
0.64
0.63
0.65
0.64
0.53
0.53
0.53
CorWatt	PkgWatt
16.46	129.04
0.54	129.05
0.44
0.46
0.45
0.51
0.50
0.49
0.49
0.39
0.43
0.39
0.38
0.50
0.51
0.50
0.51
0.49
0.50
0.47
0.47
0.40
0.38
0.38
0.39
0.77
0.65
0.72
1.14
0.64
0.52
0.54
0.51
CorWatt	PkgWatt
16.95	129.36
0.56	129.36
0.45
0.46
0.45
0.50
0.50
0.49
0.48
0.40
0.43
0.38
0.39
0.50
0.54
0.52
0.51
0.48
0.47
0.46
0.47
0.41
0.40
0.40
0.39
0.75
0.72
1.55
0.70
0.64
0.53
0.51
0.51
CorWatt	PkgWatt
19.66	131.76
0.85	131.77
0.77
1.79
0.77
0.52
0.52
0.50
0.50
0.40
0.44
0.39
0.40
0.51
0.52
0.51
0.52
0.49
0.48
0.48
0.48
0.42
0.40
0.40
0.40
1.80
0.74
0.73
0.71
0.65
0.52
0.52
0.52
CorWatt	PkgWatt
19.78	131.75
0.89	131.75
0.83
1.96
0.84
0.53
0.51
0.50
0.49
0.40
0.43
0.39
0.39
0.51
0.53
0.51
0.53
0.50
0.49
0.49
0.47
0.41
0.39
0.39
0.40
1.62
0.71
0.70
0.70
0.64
0.55
0.52
0.54
CorWatt	PkgWatt
19.56	131.69
0.54	131.69
0.46
0.52
0.47
0.52
0.50
0.51
0.50
0.40
0.43
0.39
0.39
0.51
0.52
0.50
0.52
0.51
0.49
0.45
0.48
0.40
0.38
0.38
0.39
3.07
1.03
1.04
1.04
0.65
0.51
0.53
0.52
CorWatt	PkgWatt
19.64	131.61
0.52	131.61
0.44
0.48
0.49
0.50
0.51
0.49
0.48
0.41
0.43
0.38
0.38
0.50
0.53
0.50
0.52
0.52
0.46
0.47
0.47
0.41
0.38
0.38
0.39
3.06
1.09
1.09
1.09
0.66
0.53
0.53
0.53
CorWatt	PkgWatt
19.57	131.63
0.53	131.63
0.44
0.47
0.48
0.49
0.50
0.49
0.50
0.41
0.44
0.40
0.40
0.51
0.52
0.52
0.52
0.50
0.48
0.45
0.47
0.40
0.38
0.38
0.39
1.09
3.05
1.08
1.08
0.65
0.53
0.52
0.52
CorWatt	PkgWatt
20.00	131.93
0.57	131.94
0.48
0.49
0.48
0.50
0.50
0.49
0.49
0.42
0.48
0.40
0.41
0.51
0.53
0.52
0.53
0.49
0.49
0.46
0.47
0.43
0.41
0.40
0.41
1.10
3.05
1.10
1.09
0.66
0.55
0.54
0.57
CorWatt	PkgWatt
19.67	131.67
0.54	131.67
0.44
0.49
0.51
0.50
0.50
0.48
0.49
0.40
0.44
0.39
0.40
0.50
0.52
0.50
0.52
0.49
0.46
0.45
0.47
0.40
0.39
0.38
0.39
3.06
1.10
1.10
1.10
0.65
0.52
0.54
0.55
CorWatt	PkgWatt
19.69	131.58
0.53	131.58
0.44
0.46
0.50
0.51
0.52
0.50
0.50
0.41
0.44
0.42
0.38
0.50
0.53
0.54
0.53
0.48
0.46
0.46
0.47
0.41
0.39
0.38
0.39
3.06
1.07
1.07
1.07
0.65
0.54
0.52
0.56
CorWatt	PkgWatt
19.73	131.68
0.56	131.68
0.46
0.47
0.47
0.49
0.50
0.50
0.49
0.40
0.45
0.40
0.39
0.52
0.53
0.51
0.54
0.51
0.46
0.45
0.47
0.40
0.38
0.38
0.40
3.06
1.09
1.10
1.10
0.64
0.52
0.53
0.55
CorWatt	PkgWatt
19.89	131.96
0.56	131.96
0.45
0.49
0.47
0.52
0.50
0.51
0.50
0.41
0.44
0.41
0.42
0.52
0.55
0.53
0.53
0.48
0.47
0.47
0.47
0.42
0.39
0.38
0.40
3.06
1.10
1.10
1.10
0.65
0.53
0.52
0.53
CorWatt	PkgWatt
19.60	131.62
0.56	131.62
0.44
0.47
0.46
0.50
0.50
0.49
0.49
0.39
0.44
0.39
0.40
0.51
0.52
0.52
0.52
0.49
0.47
0.46
0.47
0.41
0.39
0.38
0.39
1.11
3.04
1.10
1.10
0.65
0.53
0.52
0.52
CorWatt	PkgWatt
19.55	131.42
0.60	131.45
0.56
0.55
0.50
0.59
0.57
0.53
0.55
0.43
0.44
0.40
0.41
0.57
0.59
0.58
0.57
0.60
0.54
0.51
0.54
0.50
0.46
0.54
0.48
0.83
1.90
0.87
0.84
0.72
0.59
0.59
0.61
