CorWatt	PkgWatt
5.81	156.22
0.11	78.43
0.10
0.11
0.11
0.10
0.10
0.10
0.10
0.09
0.09
0.09
0.09
0.09
0.08
0.08
0.09
0.10
0.10
0.10
0.10
0.11
0.10
0.10
0.10
0.10
0.10
0.10
0.10
0.09
0.09
0.09
0.17
0.08	77.78
0.08
0.08
0.08
0.09
0.09
0.09
0.08
0.08
0.08
0.07
0.08
0.07
0.08
0.08
0.07
0.09
0.08
0.08
0.09
0.09
0.09
0.09
0.09
0.08
0.08
0.08
0.08
0.08
0.07
0.08
0.08
CorWatt	PkgWatt
5.36	153.53
0.10	77.21
0.10
0.12
0.10
0.10
0.10
0.10
0.10
0.08
0.08
0.12
0.08
0.08
0.08
0.08
0.09
0.10
0.10
0.10
0.10
0.11
0.10
0.13
0.11
0.10
0.09
0.09
0.10
0.08
0.10
0.09
0.08
0.08	76.43
0.07
0.07
0.07
0.08
0.08
0.08
0.07
0.07
0.07
0.07
0.07
0.07
0.07
0.07
0.07
0.07
0.07
0.07
0.07
0.08
0.08
0.08
0.08
0.07
0.07
0.07
0.07
0.07
0.07
0.07
0.07
CorWatt	PkgWatt
16.07	183.17
0.28	93.97
0.23
0.25
0.20
0.22
0.24
0.27
0.28
0.25
0.22
0.21
0.21
0.19
0.17
0.17
0.22
0.22
0.19
0.19
0.20
0.26
0.24
0.25
2.34
0.35
0.28
0.27
0.31
0.25
0.24
0.31
0.35
0.22	89.29
0.16
0.15
0.23
0.27
0.20
0.16
0.15
0.16
0.24
0.16
0.23
0.18
0.15
0.20
0.17
0.16
0.27
0.19
0.23
0.19
0.20
0.23
0.21
0.15
0.14
0.17
0.21
0.18
0.19
0.27
0.22
