CorWatt	PkgWatt
15.64	127.62
0.55	127.62
0.50
0.52
0.52
0.53
0.54
0.49
0.54
0.41
0.47
0.40
0.47
0.52
0.54
0.52
0.54
0.47
0.52
0.48
0.48
0.41
0.42
0.40
0.43
0.40
0.38
0.47
0.39
0.59
0.55
0.63
0.54
CorWatt	PkgWatt
14.76	126.77
0.51	126.91
0.45
0.48
0.50
0.51
0.57
0.50
0.49
0.40
0.45
0.37
0.42
0.50
0.51
0.50
0.54
0.48
0.48
0.45
0.51
0.40
0.38
0.40
0.43
0.35
0.35
0.42
0.35
0.52
0.53
0.51
0.51
CorWatt	PkgWatt
20.77	132.33
0.75	132.22
0.61
0.68
0.61
0.71
0.73
0.75
0.76
0.65
0.71
0.64
0.68
0.73
0.72
0.67
0.77
0.60
0.60
0.59
0.69
0.60
0.50
0.51
0.61
0.51
0.48
0.61
0.48
0.74
0.74
0.64
0.71
CorWatt	PkgWatt
15.84	127.73
0.52	127.71
0.48
0.47
0.47
0.53
0.57
0.52
0.59
0.54
0.47
0.41
0.50
0.54
0.56
0.56
0.51
0.47
0.53
0.51
0.52
0.43
0.42
0.50
0.45
0.44
0.39
0.47
0.38
0.55
0.50
0.50
0.54
CorWatt	PkgWatt
15.86	127.89
0.55	127.89
0.50
0.57
0.48
0.62
0.57
0.55
0.60
0.44
0.48
0.39
0.45
0.54
0.56
0.54
0.58
0.45
0.51
0.46
0.49
0.47
0.41
0.39
0.39
0.41
0.41
0.46
0.40
0.56
0.55
0.54
0.53
CorWatt	PkgWatt
15.80	127.71
0.58	127.72
0.44
0.52
0.44
0.50
0.57
0.51
0.52
0.51
0.52
0.45
0.47
0.64
0.57
0.52
0.55
0.47
0.54
0.49
0.47
0.43
0.41
0.40
0.42
0.41
0.36
0.44
0.38
0.59
0.55
0.56
0.58
CorWatt	PkgWatt
16.23	128.09
0.56	128.08
0.47
0.54
0.45
0.53
0.58
0.55
0.53
0.47
0.48
0.44
0.51
0.55
0.56
0.53
0.53
0.48
0.53
0.48
0.50
0.47
0.40
0.40
0.51
0.45
0.42
0.49
0.41
0.59
0.64
0.61
0.56
CorWatt	PkgWatt
15.22	127.32
0.56	127.31
0.43
0.46
0.46
0.49
0.54
0.49
0.53
0.41
0.46
0.37
0.42
0.55
0.54
0.55
0.53
0.45
0.50
0.45
0.45
0.41
0.38
0.38
0.42
0.42
0.41
0.49
0.39
0.60
0.54
0.54
0.59
CorWatt	PkgWatt
16.02	128.06
0.51	128.06
0.49
0.55
0.46
0.53
0.60
0.54
0.52
0.45
0.47
0.42
0.43
0.53
0.56
0.59
0.55
0.48
0.54
0.46
0.47
0.46
0.45
0.45
0.46
0.48
0.42
0.47
0.40
0.60
0.55
0.55
0.56
CorWatt	PkgWatt
15.58	127.55
0.48	127.56
0.47
0.49
0.49
0.51
0.57
0.51
0.50
0.46
0.51
0.41
0.46
0.55
0.55
0.55
0.55
0.51
0.53
0.51
0.49
0.44
0.48
0.44
0.46
0.41
0.37
0.46
0.35
0.56
0.53
0.50
0.49
CorWatt	PkgWatt
15.48	127.63
0.53	127.62
0.45
0.47
0.54
0.49
0.54
0.49
0.49
0.55
0.49
0.41
0.46
0.56
0.55
0.55
0.55
0.45
0.52
0.45
0.47
0.40
0.43
0.42
0.47
0.41
0.35
0.43
0.36
0.59
0.54
0.53
0.53
CorWatt	PkgWatt
15.42	127.44
0.53	127.44
0.44
0.47
0.52
0.49
0.49
0.53
0.49
0.44
0.46
0.38
0.45
0.56
0.55
0.55
0.55
0.45
0.52
0.50
0.49
0.42
0.49
0.45
0.44
0.41
0.37
0.46
0.36
0.60
0.54
0.51
0.51
CorWatt	PkgWatt
18.85	130.45
0.62	130.46
0.50
0.51
0.58
0.54
0.63
0.56
0.57
0.60
0.54
0.53
0.54
0.54
0.62
0.62
0.58
0.68
0.63
0.68
0.68
0.72
0.66
0.71
0.73
0.50
0.45
0.49
0.42
0.64
0.62
0.57
0.58
