CorWatt	PkgWatt
4.47	153.65
0.09	77.31
0.09
0.08
0.08
0.08
0.08
0.08
0.08
0.08
0.08
0.09
0.08
0.07
0.07
0.07
0.07
0.08
0.08
0.08
0.08
0.09
0.08
0.08
0.08
0.08
0.08
0.08
0.08
0.07
0.07
0.07
0.07
0.06	76.49
0.06
0.06
0.06
0.07
0.06
0.06
0.06
0.06
0.06
0.06
0.06
0.06
0.06
0.06
0.06
0.06
0.06
0.06
0.06
0.07
0.07
0.07
0.07
0.06
0.06
0.06
0.06
0.06
0.06
0.06
0.06
CorWatt	PkgWatt
4.47	151.70
0.08	76.04
0.08
0.08
0.08
0.08
0.08
0.08
0.08
0.07
0.07
0.08
0.08
0.07
0.07
0.07
0.07
0.08
0.08
0.08
0.08
0.09
0.08
0.08
0.08
0.08
0.08
0.08
0.08
0.07
0.07
0.07
0.07
0.06	75.48
0.06
0.06
0.07
0.07
0.06
0.06
0.09
0.06
0.06
0.06
0.06
0.06
0.06
0.05
0.06
0.06
0.06
0.06
0.09
0.08
0.07
0.07
0.08
0.06
0.06
0.06
0.07
0.06
0.06
0.06
0.06
