CorWatt	PkgWatt
15.19	127.70
0.52	127.34
0.51
0.56
0.46
0.51
0.54
0.51
0.49
0.45
0.44
0.39
0.45
0.51
0.52
0.50
0.52
0.47
0.50
0.47
0.50
0.43
0.42
0.40
0.39
0.43
0.39
0.41
0.38
0.53
0.51
0.55
0.50
CorWatt	PkgWatt
14.64	126.80
0.52	126.79
0.45
0.57
0.48
0.51
0.52
0.48
0.48
0.41
0.43
0.37
0.37
0.52
0.51
0.49
0.50
0.44
0.49
0.45
0.47
0.39
0.38
0.39
0.38
0.43
0.39
0.42
0.36
0.52
0.50
0.54
0.50
CorWatt	PkgWatt
20.55	131.58
0.71	131.63
0.68
0.68
0.59
0.60
0.70
0.63
0.59
0.57
0.54
0.57
0.66
0.73
0.73
0.72
0.73
0.59
0.60
0.51
0.74
0.60
0.57
0.56
0.61
0.63
0.62
0.69
0.61
0.68
0.64
0.76
0.74
CorWatt	PkgWatt
15.63	127.65
0.55	127.62
0.54
0.63
0.47
0.53
0.55
0.54
0.55
0.49
0.47
0.39
0.41
0.52
0.59
0.53
0.51
0.46
0.53
0.47
0.48
0.40
0.41
0.40
0.41
0.41
0.41
0.46
0.37
0.52
0.50
0.58
0.57
CorWatt	PkgWatt
15.54	127.63
0.53	127.62
0.50
0.64
0.50
0.54
0.53
0.54
0.54
0.48
0.49
0.42
0.45
0.52
0.52
0.50
0.54
0.46
0.49
0.48
0.50
0.39
0.39
0.40
0.43
0.41
0.39
0.47
0.40
0.52
0.50
0.54
0.55
CorWatt	PkgWatt
15.97	127.90
0.56	127.91
0.55
0.58
0.54
0.56
0.62
0.58
0.55
0.48
0.45
0.41
0.40
0.55
0.58
0.52
0.56
0.47
0.54
0.45
0.48
0.43
0.46
0.45
0.44
0.38
0.38
0.45
0.38
0.55
0.52
0.58
0.54
CorWatt	PkgWatt
16.07	127.86
0.52	127.85
0.47
0.56
0.52
0.51
0.52
0.54
0.56
0.49
0.48
0.38
0.45
0.57
0.55
0.52
0.57
0.51
0.55
0.51
0.52
0.52
0.47
0.48
0.44
0.40
0.39
0.46
0.38
0.55
0.55
0.61
0.55
CorWatt	PkgWatt
15.45	127.29
0.53	127.29
0.49
0.57
0.51
0.49
0.53
0.49
0.48
0.46
0.44
0.37
0.43
0.57
0.55
0.53
0.52
0.50
0.53
0.50
0.53
0.49
0.44
0.42
0.41
0.35
0.36
0.42
0.39
0.54
0.51
0.56
0.53
CorWatt	PkgWatt
15.86	127.71
0.55	127.71
0.58
0.57
0.49
0.56
0.55
0.57
0.56
0.47
0.46
0.42
0.42
0.55
0.52
0.50
0.59
0.46
0.52
0.49
0.52
0.45
0.43
0.43
0.45
0.38
0.40
0.44
0.40
0.52
0.50
0.57
0.56
CorWatt	PkgWatt
15.44	127.30
0.52	127.29
0.54
0.56
0.49
0.53
0.54
0.57
0.56
0.49
0.50
0.45
0.45
0.53
0.56
0.52
0.52
0.44
0.50
0.49
0.46
0.39
0.39
0.39
0.41
0.36
0.36
0.45
0.39
0.53
0.51
0.50
0.52
CorWatt	PkgWatt
15.31	127.10
0.53	127.12
0.46
0.53
0.44
0.50
0.50
0.49
0.52
0.45
0.54
0.45
0.45
0.53
0.56
0.54
0.55
0.49
0.51
0.44
0.47
0.41
0.43
0.44
0.44
0.36
0.37
0.43
0.37
0.54
0.52
0.52
0.52
CorWatt	PkgWatt
15.08	127.17
0.53	127.16
0.47
0.50
0.44
0.50
0.50
0.51
0.54
0.45
0.44
0.40
0.41
0.50
0.51
0.49
0.51
0.48
0.51
0.50
0.50
0.50
0.43
0.44
0.42
0.35
0.35
0.47
0.39
0.53
0.49
0.50
0.52
CorWatt	PkgWatt
19.17	130.26
0.68	130.27
0.64
0.60
0.61
0.54
0.54
0.54
0.60
0.52
0.52
0.55
0.55
0.68
0.76
0.72
0.77
0.56
0.56
0.62
0.66
0.65
0.65
0.62
0.59
0.49
0.51
0.50
0.54
0.62
0.59
0.61
0.60
