CorWatt	PkgWatt
15.19	127.32
0.53	127.33
0.44
0.52
0.43
0.55
0.53
0.51
0.51
0.40
0.49
0.43
0.39
0.55
0.51
0.54
0.52
0.46
0.49
0.50
0.51
0.43
0.40
0.40
0.46
0.39
0.37
0.37
0.49
0.52
0.52
0.52
0.53
CorWatt	PkgWatt
15.00	126.93
0.52	127.03
0.44
0.52
0.43
0.57
0.58
0.50
0.52
0.41
0.45
0.45
0.40
0.52
0.51
0.51
0.52
0.47
0.48
0.47
0.50
0.41
0.40
0.39
0.45
0.38
0.37
0.37
0.39
0.53
0.51
0.53
0.54
CorWatt	PkgWatt
17.68	129.42
0.63	129.34
0.60
0.64
0.53
0.69
0.72
0.67
0.73
0.50
0.51
0.52
0.49
0.61
0.59
0.64
0.62
0.51
0.52
0.54
0.50
0.45
0.41
0.45
0.53
0.45
0.45
0.45
0.42
0.61
0.57
0.57
0.57
CorWatt	PkgWatt
18.66	130.38
0.59	129.63
0.56
0.60
0.56
0.61
0.62
0.62
0.66
0.52
0.54
0.54
0.51
0.63
0.64
0.62
0.71
0.58
0.60
0.59
0.60
0.52
0.52
0.53
0.53
0.50
0.49
0.49
0.48
0.66
0.64
0.64
0.70
