CorWatt	PkgWatt
15.40	127.54
0.51	127.56
0.49
0.47
0.48
0.49
0.52
0.53
0.49
0.44
0.45
0.42
0.40
0.57
0.53
0.64
0.59
0.48
0.50
0.50
0.49
0.40
0.40
0.40
0.43
0.40
0.39
0.44
0.43
0.54
0.53
0.52
0.53
CorWatt	PkgWatt
14.71	127.01
0.50	127.01
0.47
0.51
0.49
0.48
0.48
0.48
0.48
0.42
0.45
0.42
0.41
0.56
0.60
0.50
0.52
0.46
0.46
0.46
0.45
0.39
0.38
0.38
0.42
0.36
0.37
0.42
0.36
0.52
0.50
0.51
0.50
CorWatt	PkgWatt
23.44	134.83
2.68	134.86
0.61
0.63
0.69
0.68
0.70
0.66
0.84
0.63
0.62
0.66
0.64
0.77
0.78
0.78
0.84
0.64
0.60
0.65
0.63
0.52
0.43
0.50
0.57
0.59
0.66
0.57
0.66
0.79
0.94
0.75
0.75
CorWatt	PkgWatt
17.27	129.02
0.62	128.98
0.49
0.50
0.46
0.88
0.81
1.09
0.72
0.49
0.48
0.42
0.46
0.60
0.61
0.54
0.63
0.49
0.50
0.47
0.48
0.39
0.39
0.45
0.40
0.39
0.35
0.46
0.42
0.60
0.55
0.56
0.59
CorWatt	PkgWatt
17.30	128.97
0.62	128.95
0.46
0.50
0.45
1.11
0.75
0.96
0.74
0.54
0.48
0.44
0.38
0.62
0.62
0.57
0.59
0.48
0.47
0.46
0.50
0.40
0.40
0.45
0.42
0.41
0.41
0.47
0.43
0.60
0.51
0.55
0.52
CorWatt	PkgWatt
18.43	129.86
0.64	129.92
0.54
0.53
0.48
0.88
0.69
0.79
0.65
0.50
0.54
0.50
0.49
0.64
0.60
0.56
0.61
0.50
0.54
0.52
0.54
0.45
0.40
0.46
0.46
0.52
0.45
0.49
0.46
0.72
0.94
0.69
0.66
CorWatt	PkgWatt
17.29	128.96
0.62	128.92
0.46
0.49
0.48
0.52
0.56
0.52
0.51
0.52
0.49
0.41
0.40
0.60
0.60
0.54
0.59
0.49
0.50
0.51
0.47
0.46
0.43
0.43
0.39
0.39
0.39
0.44
0.40
0.76
0.94
1.24
0.75
CorWatt	PkgWatt
17.53	129.18
0.56	129.19
0.49
0.60
0.50
0.52
0.55
0.51
0.53
0.44
0.47
0.42
0.44
0.57
0.59
0.53
0.56
0.48
0.49
0.51
0.51
0.44
0.43
0.47
0.44
0.43
0.42
0.49
0.40
1.14
0.79
1.03
0.78
CorWatt	PkgWatt
18.58	131.20
0.53	131.18
0.46
0.59
0.45
0.49
0.52
0.53
0.51
0.45
0.46
0.39
0.44
0.60
0.56
0.55
0.60
0.50
0.51
0.51
0.52
0.43
0.40
0.53
0.45
0.41
0.38
0.41
0.43
3.34
0.55
0.53
0.54
CorWatt	PkgWatt
18.68	131.13
0.57	131.14
0.48
0.61
0.51
0.50
0.54
0.54
0.48
0.44
0.48
0.45
0.44
0.60
0.56
0.55
0.66
0.48
0.48
0.48
0.50
0.43
0.42
0.45
0.41
0.40
0.42
0.41
0.37
3.34
0.57
0.55
0.56
CorWatt	PkgWatt
18.50	131.14
0.55	131.14
0.46
0.61
0.47
0.50
0.54
0.49
0.48
0.45
0.47
0.41
0.43
0.59
0.53
0.53
0.55
0.49
0.50
0.56
0.53
0.45
0.47
0.47
0.46
0.40
0.39
0.40
0.40
3.34
0.52
0.52
0.55
CorWatt	PkgWatt
18.42	131.05
0.55	131.06
0.50
0.61
0.49
0.48
0.56
0.49
0.47
0.45
0.43
0.39
0.42
0.55
0.54
0.53
0.55
0.50
0.50
0.57
0.52
0.44
0.46
0.47
0.44
0.40
0.39
0.41
0.39
3.35
0.52
0.52
0.54
CorWatt	PkgWatt
20.86	132.93
0.65	132.92
0.55
0.74
0.56
0.58
0.60
0.65
0.64
0.49
0.51
0.45
0.46
0.61
0.56
0.69
0.59
0.64
0.67
0.65
0.73
0.45
0.56
0.49
0.45
0.53
0.52
0.51
0.57
3.06
0.57
0.57
0.57
