CorWatt	PkgWatt
4.58	152.29
0.09	76.81
0.10
0.11
0.10
0.08
0.08
0.08
0.08
0.07
0.07
0.07
0.07
0.07
0.07
0.07
0.07
0.08
0.08
0.08
0.08
0.09
0.08
0.08
0.10
0.07
0.07
0.07
0.07
0.07
0.07
0.07
0.07
0.07	75.50
0.07
0.06
0.06
0.06
0.06
0.06
0.06
0.06
0.06
0.06
0.06
0.06
0.06
0.06
0.06
0.07
0.07
0.07
0.07
0.07
0.07
0.07
0.07
0.07
0.06
0.06
0.06
0.06
0.06
0.06
0.06
CorWatt	PkgWatt
4.50	151.21
0.10	75.94
0.10
0.09
0.08
0.08
0.08
0.08
0.09
0.07
0.07
0.07
0.08
0.08
0.07
0.07
0.14
0.08
0.08
0.09
0.08
0.09
0.08
0.08
0.08
0.08
0.07
0.07
0.08
0.08
0.07
0.07
0.07
0.06	75.20
0.06
0.06
0.06
0.06
0.06
0.06
0.06
0.06
0.06
0.06
0.06
0.06
0.06
0.06
0.05
0.06
0.06
0.06
0.06
0.06
0.06
0.06
0.06
0.08
0.06
0.06
0.06
0.06
0.06
0.06
0.06
CorWatt	PkgWatt
7.72	166.27
0.13	82.67
0.17
0.18
0.13
0.12
0.11
0.10
0.12
0.10
0.10
0.09
0.11
0.15
0.10
0.08
0.10
0.12
0.11
0.13
0.13
0.12
0.11
0.10
0.12
0.09
0.09
0.09
0.11
0.10
0.09
0.08
0.10
0.12	83.78
0.12
0.11
0.15
0.17
0.10
0.09
0.10
0.14
0.14
0.15
0.16
0.13
0.15
0.11
0.16
0.11
0.10
0.15
0.15
0.12
0.11
0.10
0.12
0.13
0.10
0.14
0.11
0.23
0.11
0.16
0.14
CorWatt	PkgWatt
4.51	151.54
0.08	75.50
0.08
0.09
0.08
0.07
0.07
0.08
0.07
0.06
0.06
0.06
0.06
0.06
0.06
0.06
0.06
0.08
0.08
0.08
0.08
0.08
0.07
0.07
0.07
0.07
0.07
0.07
0.07
0.06
0.06
0.06
0.06
0.07	75.92
0.07
0.07
0.07
0.07
0.07
0.07
0.07
0.08
0.08
0.07
0.08
0.07
0.07
0.07
0.08
0.07
0.07
0.07
0.08
0.08
0.07
0.07
0.07
0.08
0.07
0.07
0.07
0.07
0.07
0.08
0.07
CorWatt	PkgWatt
4.55	151.50
0.08	75.42
0.08
0.09
0.08
0.07
0.08
0.08
0.08
0.06
0.06
0.06
0.06
0.06
0.06
0.06
0.06
0.08
0.08
0.08
0.08
0.08
0.07
0.07
0.07
0.07
0.07
0.07
0.06
0.06
0.06
0.06
0.06
0.07	76.04
0.07
0.07
0.07
0.07
0.07
0.07
0.07
0.08
0.07
0.07
0.07
0.07
0.09
0.07
0.08
0.07
0.07
0.07
0.08
0.08
0.08
0.08
0.07
0.08
0.07
0.07
0.07
0.07
0.07
0.07
0.07
