CorWatt	PkgWatt
6.25	157.87
0.12	79.26
0.11
0.11
0.12
0.11
0.10
0.11
0.11
0.10
0.10
0.10
0.10
0.10
0.10
0.10
0.10
0.11
0.11
0.11
0.11
0.13
0.11
0.11
0.11
0.10
0.10
0.10
0.10
0.10
0.10
0.10
0.10
0.09	78.71
0.09
0.09
0.09
0.09
0.09
0.09
0.09
0.09
0.09
0.09
0.11
0.09
0.09
0.08
0.09
0.09
0.09
0.09
0.09
0.09
0.10
0.10
0.10
0.09
0.09
0.09
0.09
0.09
0.09
0.09
0.09
CorWatt	PkgWatt
6.27	155.59
0.12	77.78
0.11
0.11
0.11
0.10
0.10
0.10
0.10
0.09
0.09
0.09
0.09
0.09
0.09
0.09
0.09
0.11
0.11
0.11
0.11
0.12
0.11
0.10
0.10
0.10
0.10
0.10
0.10
0.09
0.09
0.09
0.09
0.10	77.77
0.09
0.09
0.09
0.10
0.09
0.09
0.10
0.08
0.08
0.08
0.09
0.10
0.09
0.09
0.09
0.09
0.09
0.10
0.09
0.09
0.09
0.09
0.18
0.10
0.09
0.09
0.09
0.09
0.11
0.09
0.10
CorWatt	PkgWatt
15.48	186.41
0.21	88.80
0.17
0.16
0.15
0.15
0.14
0.14
0.15
0.15
0.13
0.13
0.16
0.13
0.12
0.12
0.13
0.14
0.16
0.14
0.14
0.21
0.18
0.15
0.15
0.14
0.14
0.18
0.14
0.13
0.14
0.13
0.14
0.36	97.59
0.28
0.28
2.10
0.23
0.29
0.25
0.27
0.29
0.23
0.21
0.38
0.31
0.26
0.24
0.32
0.23
0.29
0.29
0.24
0.26
0.26
0.28
0.25
0.32
0.27
0.25
0.21
0.30
0.35
0.29
0.35
