CorWatt	PkgWatt
15.66	128.68
0.55	128.69
0.50
0.49
0.47
0.54
0.56
0.53
0.52
0.42
0.56
0.40
0.42
0.54
0.55
0.59
0.54
0.47
0.51
0.48
0.49
0.43
0.42
0.42
0.41
0.45
0.39
0.44
0.42
0.54
0.53
0.55
0.53
CorWatt	PkgWatt
14.93	127.22
0.52	127.74
0.50
0.51
0.45
0.51
0.53
0.50
0.49
0.39
0.47
0.39
0.38
0.53
0.52
0.59
0.53
0.44
0.48
0.46
0.48
0.39
0.39
0.38
0.40
0.44
0.36
0.44
0.43
0.53
0.50
0.51
0.51
CorWatt	PkgWatt
71.23	186.46
0.90	185.76
2.20
2.27
2.24
2.32
2.34
2.30
3.79
2.24
2.24
2.23
2.39
2.39
2.38
2.38
2.43
2.21
2.23
2.04
2.10
2.21
2.20
1.99
1.96
2.19
2.12
1.94
1.98
2.33
2.32
2.11
2.08
