CorWatt	PkgWatt
144.64	357.64
2.28	180.31
2.33
2.31
2.23
2.30
2.29
2.30
2.28
2.22
2.19
2.20
2.25
2.19
2.29
2.22
2.19
2.29
2.33
2.27
2.29
2.35
2.33
2.37
2.34
2.30
2.31
2.29
2.31
2.24
2.27
2.24
2.24
2.30	181.45
2.28
2.34
2.26
2.30
2.29
2.31
2.30
2.28
2.24
2.28
2.21
2.29
2.26
2.25
2.26
2.28
2.25
2.20
2.25
2.33
2.30
2.33
2.30
2.24
2.21
2.23
2.28
2.27
2.28
2.26
2.25
CorWatt	PkgWatt
136.79	336.36
2.27	179.40
2.28
2.30
2.25
2.27
2.23
2.28
2.31
2.23
2.22
2.18
2.26
2.20
2.22
2.23
2.22
2.26
2.25
2.31
2.23
2.29
2.30
2.35
2.27
2.28
2.32
2.24
2.27
2.23
2.23
2.21
2.23
2.23	179.09
2.27
2.28
2.27
2.26
2.24
2.24
2.24
2.18
2.18
2.19
2.22
2.22
2.21
2.19
2.22
2.20
2.22
2.22
2.23
2.24
2.23
2.23
2.23
2.18
2.18
2.18
2.21
2.22
2.21
2.20
2.21
CorWatt	PkgWatt
125.11	327.24
1.99	165.11
2.05
2.01
1.97
2.05
2.00
1.99
2.00
1.94
1.93
1.97
1.97
1.96
2.01
1.96
1.93
2.02
2.01
2.03
2.00
2.04
2.04
2.09
2.03
2.06
2.07
2.05
2.06
1.98
1.97
1.99
1.95
2.01	164.50
1.93
1.96
1.93
1.95
1.89
1.94
1.95
1.90
1.92
1.92
1.92
1.92
1.90
1.93
1.94
1.89
1.91
1.88
1.91
1.94
1.95
1.96
1.93
1.87
1.91
1.93
1.93
1.89
1.92
1.90
1.92
CorWatt	PkgWatt
123.49	313.65
2.00	162.76
2.01
2.02
2.00
2.00
2.00
2.01
1.99
1.93
1.96
1.94
1.95
1.95
1.95
1.94
1.96
2.01
2.01
2.03
1.99
2.03
2.03
2.02
2.02
1.99
2.00
1.98
2.01
1.95
1.96
1.97
1.96
1.99	161.82
1.97
1.99
1.98
1.97
1.97
1.98
1.98
1.93
1.95
1.93
1.93
1.96
1.95
1.95
1.94
1.93
1.94
1.92
1.95
1.99
1.99
2.00
1.98
1.92
1.95
1.94
1.93
1.95
1.96
1.95
1.94
