CorWatt	PkgWatt
15.37	127.78
0.51	127.78
0.49
0.51
0.45
0.53
0.50
0.49
0.51
0.52
0.45
0.44
0.41
0.52
0.53
0.52
0.53
0.50
0.50
0.54
0.60
0.47
0.42
0.44
0.41
0.37
0.38
0.39
0.37
0.53
0.51
0.51
0.52
CorWatt	PkgWatt
15.10	126.83
0.56	127.48
0.44
0.50
0.47
0.50
0.52
0.49
0.49
0.50
0.47
0.39
0.41
0.52
0.55
0.54
0.51
0.51
0.49
0.53
0.49
0.44
0.41
0.41
0.43
0.39
0.38
0.39
0.40
0.52
0.50
0.50
0.51
CorWatt	PkgWatt
18.33	130.66
0.65	130.01
0.65
0.71
0.63
0.65
0.65
0.60
0.62
0.56
0.60
0.50
0.51
0.60
0.61
0.60
0.62
0.55
0.59
0.52
0.58
0.50
0.49
0.53
0.48
0.47
0.49
0.49
0.44
0.61
0.58
0.59
0.61
CorWatt	PkgWatt
15.14	127.42
0.51	127.38
0.47
0.55
0.51
0.50
0.50
0.50
0.50
0.46
0.45
0.40
0.41
0.51
0.52
0.51
0.53
0.48
0.51
0.46
0.49
0.43
0.43
0.42
0.46
0.41
0.38
0.38
0.38
0.53
0.51
0.51
0.51
CorWatt	PkgWatt
14.87	127.34
0.52	127.34
0.44
0.52
0.51
0.50
0.52
0.49
0.48
0.47
0.44
0.39
0.39
0.51
0.52
0.49
0.52
0.45
0.51
0.46
0.47
0.42
0.42
0.43
0.40
0.40
0.39
0.37
0.37
0.52
0.52
0.51
0.52
CorWatt	PkgWatt
16.42	128.21
0.56	128.19
0.47
0.57
0.51
0.52
0.53
0.52
0.58
0.47
0.46
0.44
0.42
0.54
0.54
0.53
0.55
0.48
0.53
0.52
0.54
0.45
0.43
0.51
0.62
0.45
0.47
0.44
0.45
0.55
0.54
0.60
0.61
