CorWatt	PkgWatt
4.47	151.51
0.09	76.26
0.09
0.08
0.09
0.08
0.08
0.08
0.08
0.08
0.08
0.07
0.08
0.07
0.08
0.07
0.07
0.09
0.08
0.08
0.08
0.10
0.09
0.09
0.09
0.08
0.08
0.08
0.08
0.07
0.08
0.08
0.08
0.06	75.27
0.06
0.06
0.06
0.07
0.06
0.06
0.06
0.05
0.05
0.05
0.05
0.05
0.05
0.05
0.05
0.06
0.06
0.06
0.06
0.07
0.07
0.07
0.07
0.06
0.06
0.06
0.05
0.06
0.05
0.05
0.06
CorWatt	PkgWatt
4.62	151.47
0.10	76.38
0.08
0.08
0.08
0.10
0.08
0.08
0.08
0.09
0.08
0.08
0.13
0.07
0.07
0.08
0.07
0.11
0.09
0.09
0.12
0.10
0.09
0.10
0.10
0.09
0.08
0.08
0.08
0.08
0.09
0.08
0.07
0.06	75.09
0.06
0.06
0.06
0.06
0.06
0.06
0.06
0.05
0.05
0.05
0.05
0.05
0.05
0.05
0.05
0.06
0.05
0.05
0.06
0.07
0.07
0.07
0.07
0.05
0.05
0.05
0.05
0.06
0.05
0.05
0.05
