CorWatt	PkgWatt
14.94	127.23
0.52	127.22
0.48
0.45
0.45
0.56
0.53
0.60
0.48
0.39
0.43
0.40
0.39
0.51
0.50
0.49
0.54
0.47
0.52
0.46
0.46
0.39
0.42
0.40
0.40
0.40
0.37
0.43
0.40
0.53
0.54
0.52
0.52
CorWatt	PkgWatt
14.98	126.93
0.51	127.05
0.45
0.49
0.44
0.54
0.58
0.48
0.47
0.42
0.45
0.39
0.37
0.50
0.52
0.50
0.57
0.45
0.53
0.47
0.47
0.39
0.43
0.41
0.38
0.41
0.39
0.42
0.40
0.57
0.56
0.52
0.52
CorWatt	PkgWatt
18.39	129.95
0.66	129.86
0.58
0.55
0.65
0.66
0.71
0.65
0.64
0.55
0.53
0.59
0.54
0.73
0.59
0.66
0.64
0.60
0.58
0.53
0.54
0.45
0.63
0.50
0.43
0.45
0.45
0.47
0.48
0.60
0.58
0.56
0.64
CorWatt	PkgWatt
19.37	134.98
0.58	132.83
0.58
0.59
0.91
0.61
0.62
0.61
0.61
0.53
0.52
0.52
0.54
0.64
0.64
1.08
0.66
0.67
0.60
0.59
0.60
0.52
0.53
0.52
0.57
0.48
0.47
0.47
0.49
0.61
0.60
0.59
0.65
