CorWatt	PkgWatt
15.44	127.47
0.51	127.48
0.50
0.49
0.46
0.56
0.50
0.52
0.49
0.48
0.46
0.41
0.46
0.57
0.54
0.54
0.60
0.50
0.49
0.56
0.47
0.43
0.46
0.40
0.45
0.37
0.38
0.40
0.37
0.53
0.52
0.52
0.51
CorWatt	PkgWatt
14.65	126.54
0.52	126.58
0.46
0.44
0.43
0.54
0.50
0.48
0.48
0.47
0.43
0.43
0.42
0.53
0.55
0.51
0.54
0.45
0.46
0.44
0.46
0.39
0.43
0.40
0.40
0.35
0.35
0.37
0.35
0.52
0.50
0.53
0.50
CorWatt	PkgWatt
62.16	175.23
0.91	175.28
1.87
1.89
1.92
1.94
2.00
1.96
1.90
1.99
1.93
1.93
1.86
2.03
2.04
2.06
2.02
1.99
1.97
1.81
1.93
1.88
1.91
1.72
1.81
1.90
2.03
1.77
1.83
2.09
3.46
1.92
1.93
CorWatt	PkgWatt
50.28	164.53
0.66	164.48
1.57
1.60
1.61
1.66
1.65
1.65
1.60
1.60
1.56
1.58
1.51
1.69
1.65
1.67
1.73
1.60
1.62
1.47
1.51
1.58
1.57
1.45
1.40
1.52
1.52
1.41
1.38
1.70
2.44
1.56
1.55
