CorWatt	PkgWatt
4.41	152.34
0.09	76.40
0.09
0.08
0.08
0.08
0.09
0.08
0.08
0.06
0.07
0.07
0.06
0.06
0.07
0.06
0.06
0.08
0.08
0.08
0.08
0.08
0.08
0.08
0.07
0.07
0.07
0.07
0.07
0.07
0.07
0.07
0.06
0.06	75.96
0.06
0.06
0.06
0.06
0.06
0.06
0.06
0.06
0.06
0.06
0.06
0.06
0.06
0.06
0.06
0.07
0.06
0.06
0.15
0.06
0.06
0.06
0.06
0.07
0.06
0.06
0.06
0.06
0.06
0.06
0.06
CorWatt	PkgWatt
4.69	152.04
0.09	76.49
0.15
0.10
0.09
0.08
0.10
0.08
0.08
0.07
0.07
0.09
0.08
0.07
0.09
0.07
0.07
0.09
0.08
0.10
0.10
0.09
0.08
0.08
0.08
0.07
0.08
0.07
0.07
0.07
0.08
0.07
0.07
0.06	75.86
0.06
0.06
0.06
0.06
0.06
0.06
0.06
0.06
0.06
0.06
0.06
0.06
0.06
0.06
0.06
0.06
0.06
0.06
0.06
0.06
0.06
0.07
0.06
0.07
0.06
0.07
0.06
0.06
0.11
0.11
0.06
CorWatt	PkgWatt
10.13	168.27
0.15	82.24
0.12
0.14
0.11
0.09
0.09
0.11
0.10
0.08
0.08
0.12
0.08
0.18
0.13
0.12
0.11
0.11
0.11
0.11
0.11
0.12
0.14
0.11
0.18
0.09
0.09
0.09
0.10
0.08
0.09
0.08
0.08
0.25	85.84
0.17
0.10
0.23
0.12
0.12
0.28
0.33
0.16
0.12
0.20
0.21
0.13
0.30
0.26
0.17
0.20
0.17
0.12
0.22
0.23
0.17
0.28
0.16
0.28
0.13
0.17
0.20
0.47
0.25
0.22
0.23
CorWatt	PkgWatt
4.77	152.00
0.09	75.95
0.10
0.09
0.09
0.08
0.08
0.08
0.08
0.07
0.07
0.07
0.07
0.07
0.08
0.07
0.07
0.09
0.09
0.08
0.08
0.09
0.08
0.08
0.08
0.08
0.08
0.08
0.07
0.07
0.07
0.07
0.07
0.07	75.83
0.08
0.07
0.07
0.07
0.07
0.07
0.07
0.07
0.07
0.07
0.07
0.07
0.07
0.07
0.06
0.07
0.07
0.07
0.07
0.07
0.07
0.07
0.07
0.07
0.07
0.07
0.08
0.07
0.07
0.07
0.07
