CorWatt	PkgWatt
15.64	128.22
0.54	128.23
0.51
0.49
0.51
0.54
0.51
0.51
0.50
0.41
0.45
0.39
0.40
0.54
0.55
0.55
0.55
0.48
0.54
0.51
0.57
0.49
0.44
0.54
0.45
0.38
0.37
0.40
0.38
0.53
0.52
0.52
0.54
CorWatt	PkgWatt
14.76	126.87
0.49	127.33
0.48
0.46
0.46
0.51
0.51
0.49
0.48
0.40
0.44
0.38
0.38
0.52
0.51
0.52
0.52
0.47
0.52
0.48
0.55
0.44
0.39
0.40
0.42
0.39
0.36
0.39
0.38
0.53
0.51
0.50
0.51
CorWatt	PkgWatt
71.33	186.29
0.89	185.69
2.23
2.28
2.25
2.34
2.33
2.30
2.26
2.18
2.19
2.16
2.16
2.35
2.35
3.87
2.34
2.26
2.23
2.07
2.09
2.18
2.17
1.97
1.96
2.37
2.15
1.99
1.99
2.42
2.38
2.19
2.24
