CorWatt	PkgWatt
24.89	176.73
0.17	86.16
0.17
0.16
0.15
0.15
0.15
0.15
0.15
0.14
0.15
0.14
0.13
0.14
0.14
0.13
0.13
0.16
0.15
0.15
0.16
0.21
0.19
0.20
5.83
0.14
0.15
0.15
0.14
0.13
0.14
0.14
0.13
0.20	90.52
0.20
5.68
0.20
0.15
0.15
0.15
0.15
0.15
0.15
0.14
0.14
0.14
0.15
0.14
0.13
0.15
0.15
0.15
0.15
0.20
0.20
0.20
3.93
0.15
0.15
0.14
0.14
0.15
0.15
0.16
0.15
CorWatt	PkgWatt
25.16	177.68
0.17	86.65
0.19
0.16
0.23
0.15
0.15
0.15
0.19
0.15
0.14
0.14
0.15
0.14
0.15
0.14
0.14
0.15
0.17
0.17
0.16
0.21
0.21
0.20
5.82
0.15
0.14
0.16
0.15
0.14
0.14
0.15
0.14
0.20	90.91
0.20
5.68
0.21
0.15
0.16
0.16
0.16
0.14
0.13
0.13
0.13
0.14
0.16
0.13
0.13
0.16
0.15
0.15
0.16
0.20
0.20
0.20
3.92
0.15
0.15
0.14
0.15
0.15
0.15
0.16
0.14
CorWatt	PkgWatt
27.00	185.46
0.24	92.03
0.23
0.18
0.18
0.22
0.22
0.20
0.19
0.26
0.34
0.26
0.27
0.21
0.18
0.17
0.17
0.20
0.22
0.22
0.21
0.22
0.20
0.20
5.83
0.20
0.34
0.17
0.16
0.30
0.30
0.24
0.23
0.21	93.47
0.20
5.70
0.21
0.15
0.15
0.15
0.16
0.15
0.14
0.14
0.14
0.14
0.16
0.13
0.13
0.19
0.16
0.15
0.16
0.17
0.18
0.17
0.32
0.15
0.15
0.16
0.15
0.18
0.18
3.47
0.20
CorWatt	PkgWatt
26.37	178.01
0.16	85.85
0.15
0.15
0.15
0.15
0.14
0.14
0.14
0.13
0.13
0.13
0.13
0.13
0.13
0.13
0.13
0.15
0.15
0.15
0.16
0.21
0.19
0.19
5.73
0.14
0.14
0.14
0.15
0.13
0.13
0.13
0.13
0.19	92.27
0.20
5.72
0.20
0.15
0.15
0.15
0.15
0.14
0.13
0.13
0.13
0.13
0.13
0.13
0.13
0.15
0.14
0.14
0.15
0.15
0.16
0.15
0.16
0.14
0.14
0.14
0.14
0.19
0.19
5.83
0.20
CorWatt	PkgWatt
26.78	178.88
0.17	85.98
0.15
0.16
0.15
0.15
0.15
0.15
0.15
0.14
0.13
0.13
0.13
0.13
0.13
0.13
0.13
0.17
0.17
0.17
0.16
0.21
0.20
0.20
5.74
0.14
0.14
0.14
0.14
0.13
0.14
0.13
0.13
0.20	92.62
0.20
5.74
0.20
0.15
0.15
0.15
0.15
0.15
0.14
0.14
0.14
0.14
0.14
0.13
0.13
0.15
0.15
0.16
0.15
0.16
0.16
0.16
0.16
0.15
0.15
0.15
0.15
0.20
0.20
5.84
0.21
