CorWatt	PkgWatt
15.56	127.54
0.53	127.55
0.49
0.47
0.52
0.54
0.54
0.53
0.53
0.41
0.46
0.40
0.42
0.53
0.53
0.52
0.53
0.49
0.52
0.55
0.48
0.43
0.43
0.41
0.43
0.39
0.39
0.41
0.48
0.59
0.52
0.54
0.54
CorWatt	PkgWatt
14.77	127.04
0.49	127.08
0.45
0.48
0.49
0.51
0.50
0.49
0.49
0.40
0.43
0.37
0.41
0.52
0.52
0.50
0.50
0.50
0.47
0.52
0.46
0.42
0.40
0.39
0.45
0.36
0.38
0.39
0.40
0.56
0.52
0.52
0.50
CorWatt	PkgWatt
18.28	129.89
0.57	129.88
0.45
0.61
0.53
0.57
0.57
0.54
0.60
0.48
0.60
0.50
0.50
0.61
0.60
0.58
0.61
0.60
0.61
0.69
0.64
0.66
0.54
0.53
0.59
0.47
0.50
0.49
0.50
0.64
0.58
0.64
0.69
CorWatt	PkgWatt
15.80	127.55
0.54	127.46
0.44
0.54
0.49
0.50
0.53
0.51
0.49
0.43
0.44
0.38
0.45
0.53
0.52
0.50
0.52
0.48
0.54
0.53
0.61
0.51
0.44
0.41
0.47
0.38
0.44
0.46
0.43
0.60
0.51
0.57
0.62
