CorWatt	PkgWatt
15.04	127.25
0.52	127.24
0.45
0.52
0.45
0.51
0.52
0.50
0.50
0.39
0.45
0.50
0.40
0.52
0.52
0.57
0.53
0.52
0.47
0.46
0.48
0.38
0.40
0.39
0.40
0.40
0.36
0.40
0.43
0.56
0.52
0.52
0.51
CorWatt	PkgWatt
14.66	126.55
0.50	126.77
0.45
0.55
0.44
0.51
0.50
0.49
0.49
0.39
0.42
0.40
0.39
0.51
0.52
0.56
0.52
0.48
0.46
0.45
0.46
0.41
0.39
0.39
0.38
0.38
0.37
0.41
0.42
0.51
0.50
0.51
0.51
CorWatt	PkgWatt
62.28	175.66
1.03	175.46
2.06
2.08
2.04
2.14
2.03
2.18
1.99
1.88
1.91
1.88
1.86
2.03
1.97
2.00
2.03
1.93
1.90
1.78
1.80
1.85
1.84
1.70
1.69
1.96
3.28
1.73
1.75
2.06
2.10
1.94
1.90
CorWatt	PkgWatt
47.04	160.43
1.60	160.36
1.48
1.53
1.52
1.54
1.55
1.53
1.49
1.45
1.50
1.47
1.44
1.59
1.58
1.65
1.62
1.52
1.48
1.35
1.40
1.43
1.42
1.28
1.26
1.41
1.38
1.26
1.28
1.60
1.56
1.42
1.41
