CorWatt	PkgWatt
15.10	127.16
0.50	127.17
0.46
0.46
0.48
0.52
0.50
0.51
0.49
0.41
0.44
0.42
0.39
0.52
0.53
0.51
0.53
0.46
0.51
0.52
0.49
0.41
0.41
0.41
0.46
0.43
0.39
0.39
0.40
0.52
0.52
0.53
0.58
CorWatt	PkgWatt
15.77	127.11
0.53	127.71
0.51
0.48
0.54
0.53
0.55
0.57
0.55
0.48
0.47
0.41
0.38
0.59
0.56
0.56
0.60
0.52
0.50
0.51
0.50
0.39
0.43
0.47
0.40
0.40
0.40
0.45
0.40
0.55
0.54
0.52
0.51
CorWatt	PkgWatt
17.63	130.15
0.64	129.57
0.56
0.54
0.52
0.65
0.54
0.54
0.57
0.53
0.53
0.53
0.50
0.71
0.62
0.62
0.72
0.53
0.49
0.61
0.52
0.42
0.52
0.44
0.47
0.56
0.49
0.47
0.47
0.58
0.55
0.53
0.63
CorWatt	PkgWatt
15.35	127.49
0.53	127.38
0.45
0.46
0.44
0.53
0.51
0.51
0.58
0.45
0.46
0.41
0.43
0.61
0.53
0.58
0.57
0.49
0.47
0.47
0.48
0.44
0.49
0.43
0.41
0.41
0.37
0.37
0.37
0.53
0.52
0.53
0.52
