CorWatt	PkgWatt
154.89	400.69
2.17	164.89
2.19
2.21
2.14
2.12
2.11
2.14
2.13
2.09
2.04
2.11
2.06
2.19
2.07
2.06
2.10
2.08
2.16
2.13
2.12
2.16
2.16
2.18
2.21
2.13
2.10
2.16
2.21
2.10
2.23
2.07
2.13
2.29	163.68
2.05
2.01
2.03
1.87
1.93
1.91
1.91
2.24
2.18
2.36
2.12
2.09
2.03
2.04
1.98
2.17
2.07
2.24
1.99
2.00
2.17
2.00
2.25
2.26
2.13
2.27
2.05
2.27
2.18
1.92
2.10
CorWatt	PkgWatt
135.06	327.87
2.12	164.68
2.22
2.25
2.14
2.12
2.16
2.11
2.11
2.09
2.05
2.08
2.07
2.18
2.09
2.07
2.07
2.08
2.13
2.12
2.14
2.12
2.17
2.17
2.24
2.10
2.12
2.12
2.20
2.11
2.26
2.09
2.15
2.30	163.18
2.04
2.00
2.00
1.89
1.96
1.92
1.90
2.15
2.19
2.20
2.07
2.05
2.01
2.05
1.98
2.15
2.06
2.33
2.01
2.00
2.17
2.04
2.18
2.27
2.20
2.25
2.00
2.25
2.15
1.95
2.07
CorWatt	PkgWatt
134.55	326.96
2.12	163.96
2.19
2.26
2.13
2.10
2.14
2.11
2.12
2.13
2.11
2.08
2.07
2.08
2.12
2.07
2.13
2.11
2.11
2.13
2.12
2.13
2.19
2.20
2.19
2.10
2.12
2.13
2.16
2.06
2.08
2.08
2.17
2.30	163.06
2.05
2.00
2.01
1.90
1.94
1.96
1.90
1.96
2.25
2.25
1.99
2.00
1.97
2.09
1.97
2.16
2.05
2.28
2.00
1.98
2.17
2.03
2.17
2.29
2.19
2.22
1.99
2.25
2.17
1.93
2.08
CorWatt	PkgWatt
134.42	327.52
2.14	164.64
2.28
2.18
2.13
2.09
2.11
2.14
2.13
2.06
2.11
2.12
2.07
2.06
2.17
2.09
2.07
2.11
2.10
2.14
2.15
2.14
2.16
2.16
2.18
2.10
2.15
2.08
2.12
2.03
2.11
2.10
2.16
2.23	162.86
2.02
2.06
2.02
1.87
1.95
1.98
1.92
2.15
2.23
2.33
2.02
1.94
1.94
2.03
1.96
2.12
2.03
2.27
2.01
2.03
2.13
2.03
2.14
2.27
2.12
2.14
2.05
2.28
2.17
1.95
2.05
CorWatt	PkgWatt
134.63	327.65
2.17	164.53
2.16
2.18
2.14
2.09
2.12
2.19
2.15
2.09
2.09
2.16
2.11
2.05
2.08
2.15
2.08
2.11
2.10
2.13
2.12
2.14
2.14
2.20
2.21
2.13
2.14
2.12
2.12
2.05
2.11
2.11
2.20
2.18	163.15
2.01
2.04
2.09
1.86
1.94
2.00
1.92
2.09
2.25
2.37
2.00
1.98
1.96
2.02
1.96
2.14
2.04
2.29
1.96
2.00
2.17
2.02
2.15
2.39
2.06
2.17
2.02
2.27
2.18
1.97
2.03
CorWatt	PkgWatt
134.26	327.17
2.14	163.99
2.13
2.16
2.14
2.07
2.10
2.11
2.10
2.13
2.08
2.01
2.05
2.12
2.07
2.13
2.09
2.11
2.11
2.11
2.09
2.09
2.15
2.22
2.22
2.13
2.14
2.11
2.12
2.05
2.10
2.11
2.16
2.15	163.10
2.02
2.03
2.10
1.86
1.96
2.00
1.92
2.08
2.22
2.35
2.08
2.04
1.96
2.04
1.99
2.14
2.04
2.27
1.93
1.93
2.20
2.06
2.18
2.28
2.15
2.16
2.00
2.28
2.15
1.96
2.03
CorWatt	PkgWatt
136.83	330.04
2.11	164.07
2.16
2.18
2.14
2.12
2.08
2.20
2.10
2.07
2.10
1.99
2.06
2.09
2.05
2.05
2.13
2.10
2.11
2.12
2.11
2.09
2.14
2.19
2.20
2.10
2.15
2.12
2.10
2.05
2.17
2.06
2.09
2.24	166.03
2.09
2.12
2.08
1.90
1.98
2.03
1.93
2.28
2.36
2.36
2.23
2.16
2.09
2.18
2.13
2.18
2.10
2.37
2.04
1.97
2.35
2.17
2.54
2.26
2.18
2.19
2.08
2.37
2.28
1.99
2.05
CorWatt	PkgWatt
138.28	331.40
2.10	163.92
2.11
2.20
2.14
2.07
2.06
2.23
2.18
2.11
2.09
2.07
2.06
2.06
2.04
2.04
2.12
2.11
2.11
2.13
2.05
2.09
2.11
2.16
2.16
2.15
2.14
2.13
2.10
2.05
2.16
2.10
2.06
2.29	165.64
2.13
2.14
2.03
1.88
1.95
2.01
1.92
2.33
2.47
2.38
2.32
2.27
2.25
2.23
2.18
2.21
2.05
2.45
2.00
2.04
2.38
2.23
2.56
2.35
2.13
2.14
2.15
2.51
2.31
1.98
2.04
