CorWatt	PkgWatt
15.06	126.96
0.54	126.97
0.44
0.51
0.45
0.50
0.50
0.49
0.47
0.46
0.46
0.41
0.42
0.58
0.53
0.49
0.57
0.47
0.47
0.46
0.48
0.41
0.42
0.41
0.40
0.39
0.37
0.41
0.46
0.53
0.52
0.54
0.53
CorWatt	PkgWatt
14.48	126.55
0.50	126.52
0.44
0.45
0.43
0.49
0.49
0.50
0.47
0.45
0.45
0.41
0.38
0.56
0.51
0.51
0.53
0.45
0.45
0.44
0.47
0.39
0.41
0.38
0.38
0.36
0.36
0.42
0.36
0.52
0.52
0.50
0.52
CorWatt	PkgWatt
62.09	175.67
1.04	175.86
1.97
1.98
1.99
2.01
2.01
2.03
1.97
1.89
1.89
1.85
1.80
1.99
1.94
1.95
1.96
1.99
2.00
1.82
1.84
1.93
1.92
1.75
1.80
1.88
3.42
1.77
1.78
2.10
2.06
1.91
1.87
CorWatt	PkgWatt
48.86	163.78
0.72	163.69
1.56
1.57
1.55
1.63
1.64
1.65
1.60
1.52
1.52
1.47
1.46
1.64
1.62
1.67
1.65
1.58
1.57
1.43
1.45
1.50
1.50
1.41
1.33
1.47
2.18
1.39
1.33
1.65
1.63
1.49
1.49
