CorWatt	PkgWatt
27.28	206.38
3.88	110.81
0.28
0.23
0.23
0.21
0.19
0.19
1.37
0.20
0.20
0.19
2.50
0.19
0.19
0.19
2.69
0.98
0.19
0.20
0.19
0.23
0.22
0.98
2.25
0.17
0.17
0.17
0.26
0.20
0.21
0.22
4.07
0.10	92.91
0.11
0.10
0.10
0.10
0.10
0.11
0.11
0.10
0.09
0.09
0.10
0.09
0.09
0.09
0.08
0.10
0.09
0.09
0.10
0.10
0.11
0.16
0.10
0.10
0.10
0.10
0.09
0.10
0.09
0.10
0.10
CorWatt	PkgWatt
26.34	183.49
3.88	102.91
0.23
0.23
0.23
0.21
0.21
0.21
3.31
0.20
0.21
0.20
3.28
0.20
0.20
0.20
3.30
0.22
0.20
0.18
0.18
0.19
0.18
0.19
0.17
0.17
0.16
0.16
0.18
0.20
0.21
0.21
4.06
0.12	80.92
0.09
0.10
0.10
0.09
0.09
0.18
0.09
0.08
0.08
0.08
0.09
0.08
0.09
0.11
0.08
0.11
0.09
0.09
0.09
0.10
0.10
0.17
0.10
0.10
0.10
0.12
0.11
0.08
0.09
0.09
0.11
CorWatt	PkgWatt
36.79	211.28
3.91	104.91
0.24
0.24
0.31
0.30
0.24
0.20
1.19
0.32
0.27
0.21
0.29
0.26
0.22
0.20
0.32
0.21
0.30
0.20
0.93
0.31
0.22
0.26
0.51
0.30
0.28
0.32
0.55
0.33
0.26
0.26
4.07
0.35	106.08
0.38
1.62
0.39
0.47
0.66
0.33
0.27
0.26
0.91
0.30
1.16
0.30
0.29
0.31
0.65
0.36
0.39
2.31
0.34
0.48
0.34
0.40
0.45
0.36
0.30
1.55
0.29
0.28
1.41
0.44
0.38
CorWatt	PkgWatt
30.18	208.12
3.89	101.08
0.23
0.23
0.23
0.18
0.18
0.21
0.19
0.17
0.24
0.19
0.17
0.19
0.19
0.17
0.22
0.19
0.18
0.18
0.20
0.20
0.18
0.18
0.19
0.20
0.19
0.18
0.17
0.25
0.22
0.21
4.07
0.19	106.91
0.18
0.21
0.17
0.21
0.21
0.20
0.50
0.20
0.20
0.20
3.62
0.20
0.19
0.18
1.52
0.20
0.21
2.16
0.20
0.18
0.18
0.18
0.20
0.18
0.18
0.18
1.06
0.20
2.47
0.19
0.19
CorWatt	PkgWatt
30.27	204.37
3.90	99.74
0.23
0.24
0.23
0.20
0.18
0.19
0.18
0.19
0.18
0.18
0.17
0.16
0.22
0.17
0.16
0.21
0.19
0.18
0.18
0.25
0.21
0.19
0.19
0.19
0.18
0.19
0.20
0.25
0.22
0.22
4.07
1.10	104.61
0.20
0.20
1.13
0.20
0.37
0.19
0.72
1.16
0.18
0.18
0.20
0.19
0.19
0.18
1.19
0.19
0.19
0.85
0.92
0.22
0.22
2.63
0.22
0.20
0.20
0.20
2.07
0.16
0.18
0.16
0.17
CorWatt	PkgWatt
33.33	203.99
3.92	108.10
0.27
0.26
0.27
0.23
0.21
0.22
1.55
0.22
0.21
0.19
1.50
0.21
0.20
0.27
1.45
0.21
0.27
0.21
0.23
0.31
0.24
0.25
2.02
0.25
2.03
0.30
0.25
0.28
0.25
0.26
4.10
0.18	96.38
0.18
0.18
0.18
0.19
0.19
0.20
0.19
0.16
0.18
0.16
0.16
0.15
0.16
0.15
0.18
3.50
0.20
0.20
0.19
0.17
0.17
0.19
0.19
0.17
0.18
0.18
0.18
0.18
0.18
1.91
0.20
CorWatt	PkgWatt
34.08	190.17
3.89	101.49
0.24
0.23
0.23
0.21
0.21
0.21
3.36
0.20
0.21
0.20
3.10
0.20
0.20
0.20
3.26
0.17
0.18
0.17
0.18
0.20
0.18
0.18
0.20
0.17
0.19
0.17
0.17
0.24
0.22
0.21
4.07
0.17	89.54
0.16
0.24
0.17
0.19
0.18
0.16
0.16
0.18
0.17
0.16
0.16
0.16
0.20
0.18
0.16
5.65
0.20
0.20
0.20
0.17
0.18
0.18
0.20
0.15
0.15
0.17
0.16
0.16
0.18
0.19
0.19
CorWatt	PkgWatt
34.65	192.15
3.93	102.02
0.24
0.24
0.23
0.20
0.20
0.20
1.85
0.19
0.19
1.53
0.20
0.16
0.16
0.16
0.18
0.21
2.00
0.21
0.21
0.23
0.20
0.20
1.66
0.22
0.22
0.21
3.17
0.25
0.22
0.21
4.13
0.16	89.44
0.16
0.17
0.18
0.19
0.18
0.18
0.17
0.15
0.16
0.15
0.16
0.17
0.16
0.15
0.15
5.73
0.20
0.20
0.20
0.19
0.18
0.18
0.24
0.18
0.17
0.16
0.21
0.16
0.16
0.15
0.19
CorWatt	PkgWatt
34.54	191.41
3.91	102.19
0.23
0.23
0.23
0.20
0.20
1.69
0.29
0.18
0.18
0.18
0.20
0.20
0.20
0.21
3.29
0.21
0.21
0.35
1.47
0.25
0.22
0.22
3.28
0.23
0.21
0.21
0.45
0.24
0.22
0.22
4.08
0.16	89.14
0.15
0.16
0.16
0.16
0.16
0.17
0.16
0.16
0.15
0.14
0.14
0.15
0.17
0.15
0.14
5.75
0.20
0.20
0.20
0.17
0.19
0.17
0.17
0.16
0.16
0.17
0.15
0.17
0.17
0.17
0.18
CorWatt	PkgWatt
31.99	189.52
1.65	99.88
0.22
0.22
0.28
0.18
0.18
0.20
0.21
0.21
0.22
0.21
3.01
0.20
0.20
0.20
3.29
0.19
0.25
0.19
0.26
0.20
0.19
0.19
0.22
0.22
0.22
0.21
3.11
0.25
0.22
0.21
4.12
0.16	89.31
0.15
0.17
0.18
0.16
0.21
0.17
0.20
0.17
0.16
0.15
0.19
0.14
0.17
0.15
0.14
5.74
0.20
0.19
0.20
0.18
0.20
0.18
0.18
0.18
0.17
0.16
0.15
0.16
0.15
0.16
0.18
CorWatt	PkgWatt
31.32	188.37
0.32	97.50
0.22
0.21
0.20
0.22
0.20
0.21
1.42
0.18
0.19
0.19
0.73
0.19
0.19
1.47
0.81
0.24
1.50
0.24
1.43
0.23
0.22
0.22
0.93
0.20
0.19
0.20
1.21
0.25
0.23
0.22
4.10
0.16	91.20
0.16
0.19
0.18
0.19
0.74
0.19
0.18
0.17
0.17
0.17
0.17
0.16
0.16
0.23
0.15
5.79
0.20
0.20
0.22
0.20
0.20
0.19
0.22
0.18
0.17
0.17
0.55
0.55
0.16
0.22
0.20
CorWatt	PkgWatt
30.57	218.66
0.30	113.67
0.24
0.23
3.28
0.21
0.21
0.22
3.39
0.16
0.16
0.16
0.16
0.16
0.16
0.17
0.16
0.19
0.84
0.19
0.19
0.23
0.22
2.47
0.21
0.17
0.17
0.18
0.50
0.26
0.21
0.21
4.09
0.15	104.58
0.15
0.22
0.15
0.18
0.17
0.17
0.17
0.17
0.16
0.17
0.16
0.14
0.14
0.14
0.16
5.63
0.20
0.20
0.20
0.16
0.19
0.16
0.17
0.16
0.15
0.15
0.18
0.20
0.16
0.15
0.16
CorWatt	PkgWatt
33.75	216.67
0.25	112.31
0.20
0.21
0.49
0.20
0.19
0.19
1.21
0.20
0.20
0.19
2.45
0.20
0.20
0.20
3.19
0.23
0.25
0.23
3.42
0.98
0.21
0.22
0.20
0.19
0.18
0.18
1.03
0.26
0.22
0.21
4.09
0.19	103.61
0.17
0.21
0.19
0.19
0.20
0.17
0.20
0.25
0.16
0.15
0.17
0.18
0.20
0.16
0.21
5.75
0.20
0.20
0.20
0.17
0.20
0.25
0.18
0.22
0.24
0.18
0.21
0.18
0.19
0.18
0.19
