CorWatt	PkgWatt
15.46	127.98
0.55	127.98
0.54
0.50
0.50
0.50
0.52
0.51
0.50
0.45
0.48
0.41
0.42
0.52
0.54
0.54
0.54
0.48
0.50
0.47
0.57
0.43
0.45
0.41
0.45
0.38
0.37
0.38
0.37
0.55
0.54
0.53
0.54
CorWatt	PkgWatt
14.74	126.90
0.50	127.12
0.43
0.48
0.46
0.50
0.50
0.50
0.48
0.38
0.49
0.40
0.38
0.50
0.51
0.51
0.52
0.46
0.49
0.49
0.55
0.41
0.42
0.40
0.43
0.37
0.36
0.38
0.35
0.55
0.53
0.51
0.51
CorWatt	PkgWatt
71.71	186.43
2.75	186.16
2.25
2.30
2.50
2.41
2.38
2.40
2.32
2.24
2.23
2.23
2.16
2.32
2.31
2.30
2.35
2.24
2.26
2.05
2.10
2.18
2.20
1.98
1.94
2.17
2.12
1.96
1.95
2.38
2.35
2.19
2.16
