CorWatt	PkgWatt
15.48	128.58
0.53	128.58
0.52
0.47
0.45
0.63
0.58
0.54
0.57
0.42
0.47
0.39
0.39
0.53
0.54
0.53
0.54
0.48
0.49
0.51
0.59
0.43
0.41
0.44
0.42
0.37
0.39
0.39
0.37
0.54
0.52
0.52
0.53
CorWatt	PkgWatt
15.17	127.73
0.51	128.13
0.51
0.49
0.46
0.53
0.55
0.55
0.54
0.39
0.45
0.39
0.39
0.53
0.52
0.51
0.54
0.48
0.49
0.48
0.56
0.41
0.40
0.42
0.43
0.37
0.38
0.38
0.38
0.55
0.53
0.54
0.55
CorWatt	PkgWatt
72.06	187.63
0.90	187.11
2.27
2.31
2.28
2.36
2.38
2.37
2.30
2.25
2.26
2.44
2.25
2.41
2.39
3.95
2.43
2.26
2.25
2.09
2.13
2.19
2.17
1.99
1.95
2.16
2.14
1.97
1.98
2.38
2.37
2.20
2.16
