CorWatt	PkgWatt
15.63	128.64
0.53	128.65
0.45
0.47
0.46
0.50
0.50
0.55
0.50
0.45
0.45
0.42
0.40
0.56
0.55
0.53
0.53
0.49
0.50
0.49
0.49
0.44
0.45
0.42
0.42
0.41
0.44
0.42
0.45
0.59
0.55
0.69
0.52
CorWatt	PkgWatt
15.15	127.53
0.53	128.04
0.46
0.47
0.47
0.50
0.50
0.56
0.51
0.41
0.43
0.38
0.38
0.55
0.54
0.50
0.53
0.51
0.49
0.47
0.49
0.42
0.42
0.40
0.43
0.43
0.40
0.39
0.43
0.59
0.53
0.56
0.51
CorWatt	PkgWatt
18.30	131.24
0.61	130.73
0.59
0.56
0.54
0.60
0.57
0.63
0.58
0.55
0.54
0.57
0.54
0.67
0.68
0.69
0.69
0.62
0.56
0.52
0.54
0.45
0.46
0.45
0.44
0.52
0.56
0.55
0.54
0.63
0.60
0.62
0.57
CorWatt	PkgWatt
15.71	128.32
0.60	128.19
0.49
0.48
0.50
0.52
0.52
0.56
0.51
0.40
0.46
0.42
0.42
0.55
0.61
0.55
0.56
0.48
0.49
0.48
0.49
0.44
0.43
0.41
0.42
0.39
0.39
0.44
0.41
0.61
0.54
0.57
0.55
