CorWatt	PkgWatt
15.69	129.15
0.55	129.17
0.49
0.54
0.47
0.54
0.53
0.53
0.57
0.47
0.45
0.50
0.46
0.53
0.56
0.54
0.56
0.48
0.48
0.48
0.50
0.43
0.45
0.44
0.43
0.37
0.38
0.40
0.41
0.55
0.53
0.54
0.53
CorWatt	PkgWatt
15.18	127.92
0.50	128.49
0.49
0.53
0.46
0.51
0.55
0.53
0.55
0.46
0.44
0.38
0.40
0.53
0.53
0.52
0.56
0.46
0.47
0.46
0.48
0.42
0.41
0.44
0.47
0.36
0.36
0.38
0.41
0.55
0.53
0.53
0.51
CorWatt	PkgWatt
72.17	169.28
2.91	190.50
2.65
2.49
2.47
2.52
2.51
2.51
2.48
2.36
2.36
2.35
2.33
2.52
2.50
2.52
2.56
2.37
2.38
2.18
2.21
2.36
2.36
2.14
2.10
2.38
2.31
2.10
2.11
2.56
2.53
2.32
2.31
