CorWatt	PkgWatt
15.22	127.37
0.52	127.37
0.46
0.58
0.46
0.57
0.51
0.49
0.50
0.46
0.44
0.42
0.38
0.54
0.53
0.53
0.56
0.52
0.51
0.49
0.49
0.44
0.48
0.41
0.42
0.35
0.36
0.37
0.38
0.52
0.52
0.51
0.51
CorWatt	PkgWatt
14.72	126.67
0.49	126.96
0.43
0.52
0.44
0.55
0.50
0.48
0.49
0.38
0.46
0.40
0.38
0.50
0.52
0.51
0.56
0.52
0.50
0.47
0.47
0.40
0.45
0.41
0.41
0.35
0.37
0.36
0.36
0.53
0.51
0.50
0.50
CorWatt	PkgWatt
18.56	130.25
0.76	129.99
0.56
0.66
0.67
0.58
0.62
0.57
0.62
0.52
0.55
0.52
0.47
0.71
0.74
0.60
0.69
0.56
0.64
0.58
0.59
0.50
0.57
0.48
0.47
0.41
0.46
0.48
0.46
0.63
0.64
0.63
0.60
CorWatt	PkgWatt
15.10	127.15
0.60	127.11
0.44
0.52
0.50
0.51
0.52
0.49
0.53
0.39
0.43
0.39
0.38
0.61
0.57
0.58
0.60
0.47
0.49
0.46
0.46
0.40
0.43
0.40
0.41
0.36
0.35
0.37
0.36
0.52
0.54
0.52
0.51
CorWatt	PkgWatt
14.71	127.05
0.51	127.04
0.43
0.52
0.50
0.49
0.50
0.48
0.52
0.37
0.44
0.38
0.37
0.56
0.50
0.52
0.57
0.47
0.49
0.45
0.45
0.39
0.42
0.38
0.38
0.37
0.37
0.37
0.36
0.51
0.55
0.58
0.50
CorWatt	PkgWatt
18.49	128.45
0.64	128.42
0.53
0.57
0.60
0.60
0.61
0.59
0.73
0.47
0.53
0.49
0.48
0.66
0.61
0.60
0.68
0.64
0.56
0.55
0.55
0.51
0.51
0.48
0.60
0.48
0.56
0.50
0.46
0.73
0.61
0.71
0.64
