CorWatt	PkgWatt
15.53	127.56
0.52	127.56
0.46
0.55
0.44
0.54
0.52
0.51
0.53
0.39
0.46
0.44
0.41
0.57
0.51
0.53
0.58
0.50
0.50
0.50
0.49
0.41
0.44
0.43
0.46
0.37
0.46
0.44
0.37
0.55
0.54
0.55
0.54
CorWatt	PkgWatt
14.72	126.83
0.49	126.90
0.44
0.55
0.43
0.48
0.48
0.48
0.48
0.40
0.45
0.38
0.37
0.50
0.53
0.51
0.52
0.49
0.47
0.48
0.53
0.41
0.43
0.40
0.42
0.36
0.35
0.47
0.39
0.52
0.50
0.50
0.52
CorWatt	PkgWatt
18.86	130.13
0.66	130.10
0.61
0.72
0.60
0.64
0.64
0.63
0.67
0.55
0.54
0.61
0.54
0.64
0.70
0.66
0.66
0.51
0.60
0.52
0.57
0.54
0.49
0.59
0.59
0.49
0.43
0.53
0.49
0.63
0.57
0.58
0.64
CorWatt	PkgWatt
16.28	127.87
0.61	127.74
0.55
0.71
0.53
0.51
0.53
0.52
0.51
0.56
0.45
0.55
0.43
0.53
0.56
0.65
0.53
0.47
0.48
0.48
0.50
0.59
0.43
0.44
0.48
0.38
0.38
0.38
0.38
0.54
0.53
0.53
0.56
