CorWatt	PkgWatt
4.90	152.06
0.09	76.05
0.09
0.10
0.09
0.08
0.08
0.08
0.08
0.07
0.07
0.07
0.07
0.07
0.07
0.07
0.07
0.09
0.09
0.09
0.08
0.09
0.09
0.08
0.08
0.08
0.08
0.08
0.07
0.09
0.07
0.07
0.07
0.07	75.93
0.07
0.07
0.07
0.07
0.07
0.07
0.07
0.07
0.07
0.07
0.07
0.07
0.07
0.06
0.06
0.07
0.07
0.07
0.07
0.08
0.07
0.07
0.07
0.07
0.16
0.08
0.07
0.08
0.07
0.07
0.07
CorWatt	PkgWatt
4.56	151.29
0.09	75.93
0.08
0.10
0.08
0.09
0.08
0.08
0.08
0.07
0.07
0.08
0.07
0.08
0.06
0.07
0.06
0.08
0.09
0.10
0.08
0.17
0.08
0.08
0.08
0.07
0.07
0.07
0.08
0.08
0.08
0.07
0.07
0.06	75.37
0.06
0.07
0.07
0.06
0.06
0.06
0.06
0.06
0.06
0.06
0.06
0.06
0.06
0.06
0.06
0.06
0.06
0.06
0.06
0.07
0.07
0.06
0.06
0.06
0.06
0.07
0.06
0.07
0.06
0.06
0.06
CorWatt	PkgWatt
7.27	162.32
0.16	81.61
0.12
0.15
0.13
0.12
0.12
0.11
0.20
0.10
0.08
0.08
0.12
0.12
0.08
0.10
0.12
0.16
0.13
0.15
0.18
0.12
0.14
0.11
0.11
0.13
0.12
0.10
0.11
0.10
0.13
0.11
0.12
0.09	80.89
0.15
0.13
0.09
0.09
0.08
0.08
0.10
0.10
0.16
0.11
0.15
0.09
0.10
0.08
0.08
0.10
0.08
0.10
0.09
0.11
0.09
0.09
0.09
0.10
0.09
0.10
0.10
0.13
0.16
0.09
0.13
CorWatt	PkgWatt
4.55	151.50
0.09	75.66
0.08
0.09
0.09
0.08
0.08
0.08
0.08
0.06
0.06
0.06
0.06
0.06
0.06
0.06
0.06
0.08
0.08
0.10
0.09
0.08
0.07
0.07
0.07
0.07
0.07
0.07
0.07
0.06
0.07
0.06
0.06
0.07	75.67
0.08
0.07
0.07
0.07
0.07
0.07
0.07
0.07
0.07
0.06
0.06
0.06
0.06
0.06
0.06
0.07
0.07
0.07
0.07
0.07
0.07
0.07
0.07
0.07
0.07
0.07
0.07
0.07
0.08
0.07
0.07
CorWatt	PkgWatt
4.53	151.37
0.08	75.51
0.08
0.10
0.08
0.08
0.08
0.08
0.08
0.07
0.06
0.06
0.06
0.07
0.06
0.07
0.07
0.08
0.08
0.08
0.08
0.08
0.07
0.07
0.07
0.07
0.07
0.07
0.07
0.07
0.07
0.07
0.07
0.07	75.82
0.08
0.07
0.07
0.07
0.07
0.07
0.07
0.08
0.07
0.07
0.07
0.06
0.06
0.06
0.06
0.07
0.07
0.07
0.07
0.07
0.07
0.07
0.07
0.07
0.07
0.07
0.07
0.07
0.07
0.06
0.07
