CorWatt	PkgWatt
173.68	420.45
2.69	170.45
2.30
2.67
2.44
2.36
2.68
2.44
2.63
2.07
2.11
2.08
2.08
2.07
2.10
2.08
2.09
2.19
2.56
2.17
2.28
2.38
2.51
2.33
2.57
2.37
2.55
2.44
2.36
2.59
2.88
2.96
3.26
2.10	163.51
2.18
2.10
2.32
2.08
2.13
2.36
2.66
2.23
2.22
2.15
2.17
2.27
2.01
2.22
2.30
2.15
2.02
2.00
2.18
2.12
2.03
2.29
2.12
2.07
2.21
2.14
2.15
2.18
2.17
2.21
2.72
CorWatt	PkgWatt
147.34	337.43
2.58	171.97
2.32
2.64
2.47
2.32
2.76
2.44
2.62
2.07
2.11
2.08
2.10
2.08
2.10
2.08
2.09
2.19
2.59
2.15
2.29
2.35
2.47
2.34
2.57
2.39
2.73
2.54
2.36
2.56
2.87
2.80
3.23
2.10	165.46
2.13
2.10
2.28
2.09
2.11
2.42
2.54
2.23
2.18
2.16
2.17
2.28
2.22
2.26
2.26
2.13
2.08
1.95
2.14
2.16
2.01
2.27
2.10
2.07
2.13
2.15
2.20
2.17
2.17
2.22
2.56
CorWatt	PkgWatt
147.70	338.82
2.50	172.58
2.30
2.75
2.53
2.30
2.85
2.42
2.65
2.05
2.06
2.07
2.08
2.18
2.11
2.11
2.09
2.20
2.59
2.16
2.30
2.45
2.38
2.34
2.57
2.37
2.75
2.54
2.35
2.66
2.84
2.81
3.14
2.06	166.30
2.14
2.02
2.30
1.97
2.15
2.28
2.48
2.36
2.24
2.04
2.16
2.25
2.24
2.24
2.32
2.13
2.01
1.97
2.29
2.27
2.07
2.18
2.14
2.04
2.28
2.14
2.05
2.43
2.22
2.28
2.46
CorWatt	PkgWatt
148.23	339.24
2.53	172.70
2.29
2.77
2.47
2.29
2.90
2.42
2.66
2.03
2.08
2.06
2.08
2.23
2.10
2.10
2.08
2.19
2.57
2.15
2.31
2.58
2.34
2.34
2.55
2.35
2.74
2.49
2.37
2.56
2.79
2.80
3.12
2.16	166.54
2.11
2.08
2.14
2.23
2.03
2.44
2.37
2.53
2.25
1.95
2.12
2.22
2.29
2.15
2.39
2.22
1.99
2.11
2.24
2.24
2.05
2.22
2.15
2.05
2.31
2.11
2.18
2.44
2.23
2.23
2.64
CorWatt	PkgWatt
149.64	328.06
2.54	168.59
2.33
2.71
2.51
2.38
2.84
2.46
2.63
2.06
2.10
2.07
2.07
2.25
2.09
2.10
2.08
2.19
2.60
2.16
2.27
2.82
2.46
2.31
2.59
2.40
2.82
2.56
2.46
2.89
2.84
3.01
3.17
2.21	159.47
2.07
2.19
2.11
2.26
2.04
2.60
2.46
2.31
2.24
2.27
2.03
2.09
2.18
1.91
2.31
2.14
2.03
2.22
2.22
2.12
2.16
2.20
2.14
2.09
2.30
2.20
2.13
2.31
2.54
2.27
2.51
CorWatt	PkgWatt
149.20	313.03
2.53	161.14
2.50
2.52
2.46
2.40
2.82
2.34
2.78
2.05
2.09
2.07
2.06
2.22
2.09
2.09
2.06
2.19
2.65
2.14
2.26
2.80
2.40
2.27
2.59
2.36
2.87
2.61
2.38
2.88
2.63
3.01
3.35
2.23	151.82
2.11
2.25
2.19
2.19
2.06
2.62
2.51
2.27
2.26
2.19
2.12
2.08
2.27
1.86
2.19
2.06
2.01
2.20
2.25
2.00
2.21
2.28
2.13
2.08
2.15
2.15
2.32
2.30
2.47
2.28
2.41
CorWatt	PkgWatt
149.24	305.30
2.26	155.85
2.47
2.53
2.51
2.51
2.80
2.38
2.81
2.01
2.02
2.09
2.04
2.26
2.06
2.11
1.98
2.13
2.65
2.14
2.20
2.69
2.44
2.28
2.60
2.31
2.87
2.55
2.39
2.85
2.56
2.98
3.31
2.17	148.19
2.18
2.32
2.14
2.13
2.07
2.59
2.51
2.32
2.18
2.17
2.17
2.09
2.29
1.85
2.17
2.08
2.04
2.25
2.26
2.07
2.19
2.31
2.15
2.10
2.18
2.11
2.37
2.35
2.46
2.32
2.42
