CorWatt	PkgWatt
130.22	334.91
2.22	182.00
2.27
2.24
2.21
2.18
2.13
2.23
2.16
2.17
2.18
2.12
2.17
2.06
2.16
2.14
2.12
2.18
2.21
2.18
2.15
2.24
2.52
2.23
2.20
2.02
2.12
2.10
2.15
1.98
2.18
2.17
2.18
2.08	182.58
2.09
2.08
2.05
2.08
2.09
2.08
2.07
2.08
2.08
2.08
2.07
2.08
2.09
2.10
2.07
2.04
2.05
2.04
2.05
2.12
2.11
2.11
2.10
2.05
2.07
2.05
2.04
2.09
2.08
2.07
2.06
CorWatt	PkgWatt
167.99	497.37
2.33	180.65
2.13
2.10
2.09
2.12
2.10
2.10
2.12
2.03
2.03
2.01
2.03
2.06
2.07
2.03
2.06
2.09
2.13
2.12
2.09
2.12
2.15
2.15
2.11
2.08
2.10
2.11
2.11
2.06
2.07
2.08
2.08
2.14	186.63
2.14
2.16
2.14
2.14
2.16
2.15
2.15
2.12
2.12
2.14
2.12
2.16
2.17
2.15
2.16
2.07
2.11
2.13
2.12
2.19
2.16
2.17
2.19
2.12
2.19
2.27
2.14
2.16
2.17
2.16
2.13
CorWatt	PkgWatt
137.82	382.19
2.48	190.94
2.23
2.24
2.19
2.25
2.20
2.19
2.22
2.14
2.14
2.12
2.17
2.17
2.17
2.15
2.17
2.22
2.23
2.24
2.20
2.24
2.22
2.25
2.23
2.18
2.20
2.20
2.22
2.14
2.17
2.20
2.17
2.11	191.29
2.10
2.08
2.09
2.10
2.10
2.11
2.10
2.10
2.11
2.10
2.08
2.11
2.11
2.10
2.09
2.06
2.08
2.07
2.08
2.15
2.15
2.15
2.16
2.05
2.09
2.09
2.10
2.10
2.13
2.13
2.10
CorWatt	PkgWatt
138.62	383.52
2.49	191.62
2.26
2.23
2.21
2.25
2.22
2.24
2.24
2.15
2.16
2.12
2.20
2.18
2.19
2.17
2.19
2.22
2.24
2.23
2.19
2.23
2.27
2.27
2.24
2.18
2.22
2.21
2.28
2.18
2.19
2.20
2.18
2.15	191.90
2.13
2.14
2.12
2.12
2.13
2.13
2.13
2.10
2.09
2.11
2.12
2.10
2.13
2.12
2.11
2.05
2.08
2.07
2.07
2.16
2.13
2.13
2.13
2.07
2.08
2.07
2.06
2.12
2.26
2.09
2.07
CorWatt	PkgWatt
138.02	383.17
2.49	191.47
2.26
2.24
2.22
2.24
2.20
2.23
2.23
2.14
2.19
2.12
2.17
2.18
2.18
2.16
2.17
2.21
2.23
2.24
2.20
2.25
2.26
2.25
2.23
2.19
2.22
2.20
2.21
2.16
2.19
2.20
2.17
2.10	191.68
2.11
2.11
2.09
2.10
2.11
2.11
2.10
2.08
2.08
2.08
2.07
2.11
2.11
2.12
2.09
2.08
2.08
2.07
2.08
2.16
2.15
2.16
2.14
2.06
2.10
2.06
2.07
2.11
2.11
2.09
2.08
CorWatt	PkgWatt
138.26	383.00
2.48	191.23
2.25
2.24
2.20
2.24
2.21
2.23
2.22
2.14
2.15
2.12
2.16
2.18
2.18
2.16
2.17
2.20
2.23
2.24
2.20
2.24
2.26
2.25
2.23
2.19
2.21
2.20
2.23
2.17
2.19
2.19
2.18
2.09	191.78
2.10
2.10
2.10
2.15
2.11
2.11
2.10
2.08
2.10
2.10
2.10
2.10
2.11
2.11
2.10
2.07
2.09
2.08
2.09
2.17
2.15
2.16
2.17
2.09
2.11
2.09
2.10
2.13
2.13
2.12
2.10
CorWatt	PkgWatt
138.13	382.91
2.50	191.29
2.25
2.25
2.21
2.24
2.21
2.23
2.22
2.14
2.16
2.13
2.17
2.17
2.18
2.16
2.17
2.22
2.23
2.28
2.20
2.24
2.26
2.25
2.24
2.19
2.22
2.21
2.22
2.17
2.19
2.20
2.18
2.08	191.61
2.09
2.10
2.09
2.10
2.10
2.11
2.09
2.04
2.10
2.10
2.10
2.10
2.10
2.09
2.09
2.07
2.08
2.07
2.08
2.17
2.15
2.15
2.16
2.07
2.10
2.09
2.09
2.13
2.12
2.13
2.10
CorWatt	PkgWatt
138.10	383.01
2.36	191.11
2.25
2.24
2.20
2.24
2.21
2.22
2.22
2.14
2.16
2.12
2.16
2.18
2.18
2.16
2.17
2.21
2.23
2.24
2.20
2.25
2.26
2.25
2.24
2.18
2.21
2.21
2.22
2.17
2.18
2.19
2.18
2.09	191.87
2.11
2.11
2.11
2.10
2.11
2.12
2.11
2.22
2.09
2.09
2.09
2.09
2.09
2.09
2.08
2.07
2.08
2.08
2.10
2.17
2.15
2.16
2.16
2.07
2.10
2.08
2.09
2.12
2.12
2.12
2.10
CorWatt	PkgWatt
138.17	383.17
2.23	191.01
2.24
2.24
2.21
2.23
2.20
2.27
2.22
2.14
2.17
2.12
2.16
2.17
2.18
2.16
2.17
2.21
2.24
2.24
2.21
2.24
2.26
2.25
2.25
2.19
2.21
2.21
2.21
2.17
2.19
2.19
2.19
2.10	192.17
2.12
2.13
2.11
2.11
2.12
2.14
2.11
2.33
2.08
2.07
2.08
2.08
2.09
2.08
2.08
2.07
2.09
2.08
2.09
2.18
2.16
2.17
2.16
2.07
2.09
2.08
2.08
2.12
2.11
2.11
2.09
CorWatt	PkgWatt
138.12	382.80
2.23	190.94
2.25
2.24
2.20
2.24
2.20
2.22
2.20
2.14
2.17
2.12
2.17
2.17
2.17
2.16
2.17
2.21
2.24
2.24
2.20
2.24
2.25
2.25
2.25
2.19
2.21
2.20
2.23
2.17
2.20
2.19
2.18
2.10	191.83
2.11
2.12
2.12
2.11
2.12
2.14
2.12
2.35
2.08
2.08
2.08
2.09
2.08
2.08
2.08
2.05
2.08
2.08
2.08
2.18
2.15
2.17
2.16
2.06
2.09
2.07
2.09
2.11
2.12
2.11
2.10
CorWatt	PkgWatt
137.89	382.81
2.23	190.81
2.24
2.24
2.19
2.23
2.20
2.22
2.21
2.14
2.16
2.12
2.16
2.17
2.17
2.16
2.18
2.21
2.23
2.24
2.20
2.24
2.26
2.25
2.24
2.19
2.21
2.21
2.22
2.17
2.19
2.19
2.19
2.11	192.05
2.12
2.15
2.12
2.12
2.13
2.14
2.13
2.36
2.10
2.10
2.10
2.10
2.10
2.10
2.10
2.05
2.08
2.06
2.07
2.16
2.14
2.15
2.15
2.04
2.06
2.05
2.05
2.08
2.08
2.08
2.06
CorWatt	PkgWatt
138.00	382.85
2.32	190.90
2.24
2.24
2.20
2.24
2.20
2.22
2.22
2.14
2.16
2.13
2.16
2.17
2.17
2.16
2.18
2.21
2.23
2.24
2.22
2.24
2.26
2.25
2.24
2.19
2.22
2.21
2.16
2.17
2.19
2.19
2.18
2.11	191.91
2.12
2.14
2.12
2.12
2.13
2.14
2.13
2.37
2.10
2.11
2.11
2.11
2.10
2.10
2.10
2.06
2.07
2.07
2.07
2.16
2.14
2.14
2.15
2.03
2.06
2.04
2.04
2.08
2.08
2.08
2.06
CorWatt	PkgWatt
211.43	448.49
4.23	243.52
3.68
4.52
4.14
2.90
3.82
3.98
3.84
3.99
4.15
4.03
3.99
4.50
4.06
4.11
4.04
3.65
3.94
3.82
4.02
4.53
4.59
4.42
3.99
4.16
4.13
4.32
4.45
3.58
4.24
4.56
3.96
2.35	204.89
3.77
2.38
2.38
2.35
2.36
2.38
2.36
2.59
2.33
2.35
2.35
2.34
2.35
2.35
2.34
3.89
3.10
2.98
2.34
2.39
2.38
2.38
2.39
2.29
2.32
2.31
3.71
2.32
2.32
2.32
2.30
CorWatt	PkgWatt
216.52	451.94
4.43	245.08
3.71
3.61
4.35
3.14
4.28
3.93
3.98
4.52
3.83
3.87
4.17
4.46
4.22
3.92
4.27
3.73
4.24
4.20
3.81
4.43
4.52
4.53
4.25
4.22
4.30
4.01
4.81
3.91
4.21
4.31
4.38
2.39	206.90
3.91
2.41
2.41
2.35
2.36
2.38
2.36
3.16
2.37
2.36
2.36
2.73
2.44
2.36
2.34
3.57
3.44
3.88
2.38
2.68
2.38
2.43
2.38
2.36
2.32
2.31
3.81
2.36
2.33
2.32
2.35
CorWatt	PkgWatt
277.04	472.10
4.55	242.05
4.67
4.45
4.46
4.65
4.90
4.47
4.50
4.52
4.36
4.18
4.49
4.96
4.56
4.17
4.64
4.31
4.64
4.54
4.13
5.02
4.85
4.97
4.35
4.84
4.49
4.54
4.87
4.47
4.41
4.59
4.94
4.20	229.99
4.67
4.26
4.04
3.56
3.51
3.56
3.72
4.55
3.56
3.74
3.94
4.30
4.54
4.34
4.09
4.29
4.00
4.69
4.12
4.65
3.89
4.48
3.53
4.23
3.65
3.73
3.96
3.92
4.29
4.08
4.38
CorWatt	PkgWatt
329.94	481.00
5.13	240.86
5.18
5.18
5.10
5.19
5.12
5.20
5.18
5.04
5.11
5.02
5.09
5.10
5.11
5.13
5.12
5.15
5.19
5.24
5.17
5.26
5.30
5.30
5.24
5.17
5.19
5.19
5.20
5.15
5.21
5.20
5.18
5.18	240.07
5.18
5.20
5.17
5.16
5.14
5.17
5.16
5.12
5.14
5.13
5.12
5.17
5.19
5.16
5.16
5.05
5.06
5.10
5.10
5.18
5.16
5.18
5.18
5.07
5.08
5.09
5.10
5.16
5.18
5.19
5.11
CorWatt	PkgWatt
205.05	384.66
3.27	203.34
3.26
3.70
3.25
3.58
2.75
3.30
3.07
3.30
3.26
3.24
2.98
2.75
3.04
3.72
3.26
3.39
3.24
3.65
3.61
3.23
3.36
3.20
3.30
2.78
3.07
3.53
3.12
3.45
3.51
3.30
3.40
3.33	212.23
3.06
3.54
3.35
3.29
3.35
3.14
3.24
3.16
3.29
3.28
3.19
4.38
4.20
4.49
3.72
4.12
3.73
3.75
3.82
3.85
3.62
3.57
3.78
3.33
3.63
3.17
3.69
3.43
3.84
3.19
3.41
CorWatt	PkgWatt
195.97	383.93
3.16	198.16
3.36
3.43
2.83
3.66
3.19
2.99
3.12
3.67
3.14
3.13
3.40
3.11
2.75
2.70
3.23
3.40
3.07
2.57
3.34
2.61
2.90
3.27
3.16
2.92
2.92
3.22
3.51
2.69
3.53
2.72
3.05
2.84	198.55
2.45
3.00
3.36
2.61
3.46
2.62
3.41
3.25
2.99
3.02
3.47
3.26
3.64
3.22
3.06
3.17
3.18
3.13
2.54
3.35
3.11
3.02
2.99
2.92
3.18
2.84
3.34
3.49
3.57
3.40
3.54
