CorWatt	PkgWatt
15.66	129.17
0.55	129.18
0.49
0.48
0.47
0.53
0.55
0.54
0.56
0.47
0.45
0.41
0.44
0.66
0.57
0.55
0.58
0.46
0.48
0.49
0.53
0.43
0.41
0.40
0.41
0.37
0.37
0.40
0.38
0.55
0.56
0.56
0.56
CorWatt	PkgWatt
15.24	128.22
0.53	128.79
0.49
0.48
0.47
0.54
0.54
0.52
0.55
0.46
0.45
0.38
0.39
0.54
0.57
0.59
0.58
0.46
0.47
0.48
0.48
0.41
0.40
0.40
0.41
0.37
0.37
0.41
0.37
0.54
0.55
0.55
0.54
CorWatt	PkgWatt
69.15	162.36
0.89	189.28
2.23
2.30
2.27
2.37
2.38
2.38
2.35
2.26
2.24
2.22
2.22
2.44
2.40
2.44
2.43
2.35
2.37
2.19
2.20
2.32
2.30
2.10
2.07
2.37
2.33
2.15
2.13
2.61
4.09
2.56
2.34
