CorWatt	PkgWatt
15.27	128.03
0.56	128.02
0.47
0.50
0.45
0.52
0.54
0.53
0.53
0.53
0.46
0.42
0.42
0.55
0.53
0.59
0.55
0.50
0.47
0.46
0.47
0.41
0.39
0.39
0.40
0.37
0.37
0.37
0.38
0.53
0.52
0.53
0.54
CorWatt	PkgWatt
15.34	127.85
0.56	128.13
0.52
0.52
0.46
0.53
0.53
0.52
0.51
0.42
0.48
0.40
0.40
0.54
0.53
0.63
0.55
0.51
0.48
0.47
0.48
0.44
0.42
0.41
0.41
0.38
0.39
0.39
0.38
0.54
0.52
0.52
0.52
CorWatt	PkgWatt
68.46	182.17
0.91	181.84
2.30
2.20
2.18
2.34
2.25
2.30
2.21
2.15
3.61
2.14
2.10
2.27
2.27
2.25
2.29
2.16
2.13
1.98
1.98
2.05
2.02
1.86
1.86
2.07
2.00
1.89
1.89
2.31
2.27
2.09
2.09
