CorWatt	PkgWatt
15.10	127.19
0.51	127.18
0.55
0.47
0.44
0.52
0.56
0.50
0.49
0.39
0.44
0.38
0.40
0.52
0.51
0.53
0.51
0.46
0.49
0.50
0.47
0.42
0.40
0.41
0.45
0.37
0.37
0.42
0.38
0.53
0.57
0.54
0.60
CorWatt	PkgWatt
14.71	126.72
0.49	126.78
0.46
0.45
0.45
0.49
0.54
0.48
0.49
0.38
0.44
0.43
0.40
0.50
0.52
0.50
0.51
0.48
0.49
0.46
0.46
0.40
0.42
0.41
0.42
0.37
0.37
0.40
0.37
0.51
0.51
0.54
0.59
CorWatt	PkgWatt
24.11	135.54
0.85	135.53
0.69
0.75
0.76
0.76
0.74
0.67
0.67
0.68
0.70
0.57
0.65
0.72
0.71
0.70
0.68
0.75
0.71
0.98
2.47
0.68
0.65
0.64
0.78
0.57
0.51
0.51
0.55
0.76
0.79
0.70
0.76
CorWatt	PkgWatt
17.30	128.93
0.53	128.91
0.53
0.48
0.54
0.53
0.54
0.50
0.54
0.38
0.43
0.45
0.44
0.56
0.62
0.58
0.56
0.50
0.50
0.49
0.60
0.93
0.67
0.64
0.97
0.42
0.42
0.40
0.39
0.55
0.51
0.50
0.60
CorWatt	PkgWatt
17.17	128.64
0.54	128.62
0.48
0.46
0.49
0.49
0.54
0.49
0.48
0.42
0.46
0.40
0.39
0.55
0.59
0.54
0.56
0.48
0.51
0.51
0.60
0.67
0.64
0.99
0.84
0.42
0.48
0.41
0.40
0.57
0.57
0.57
0.62
CorWatt	PkgWatt
18.40	129.91
0.55	129.94
0.50
0.53
0.55
0.54
0.56
0.56
0.52
0.46
0.54
0.48
0.48
0.61
0.59
0.52
0.53
0.55
0.55
0.54
0.66
0.68
0.68
0.87
1.00
0.47
0.44
0.46
0.46
0.66
0.63
0.60
0.62
CorWatt	PkgWatt
16.97	128.85
0.55	128.82
0.51
0.53
0.54
0.54
0.52
0.54
0.52
0.40
0.47
0.42
0.41
0.56
0.55
0.52
0.52
0.50
0.46
0.45
0.59
0.65
0.83
0.62
1.05
0.40
0.38
0.40
0.37
0.52
0.57
0.53
0.58
CorWatt	PkgWatt
17.02	128.79
0.54	128.78
0.49
0.53
0.56
0.57
0.53
0.56
0.53
0.42
0.44
0.37
0.40
0.54
0.54
0.52
0.51
0.49
0.51
0.49
0.61
0.64
1.19
0.62
0.68
0.41
0.41
0.39
0.38
0.51
0.56
0.53
0.56
CorWatt	PkgWatt
18.25	131.10
0.55	131.09
0.50
0.54
0.49
0.54
0.59
0.54
0.53
0.38
0.44
0.38
0.41
0.57
0.56
0.55
0.57
0.49
0.49
0.45
0.59
0.42
3.03
0.40
0.47
0.42
0.41
0.41
0.39
0.55
0.52
0.52
0.57
CorWatt	PkgWatt
18.84	131.65
0.61	131.67
0.57
0.57
0.54
0.53
0.53
0.54
0.53
0.42
0.50
0.47
0.43
0.58
0.54
0.51
0.54
0.50
0.56
0.57
0.58
0.47
3.13
0.43
0.45
0.42
0.40
0.40
0.41
0.54
0.54
0.50
0.57
CorWatt	PkgWatt
18.02	131.00
0.57	130.99
0.48
0.45
0.48
0.49
0.49
0.49
0.50
0.42
0.43
0.37
0.38
0.55
0.53
0.52
0.54
0.47
0.46
0.47
0.58
0.45
3.13
0.38
0.44
0.41
0.47
0.43
0.39
0.57
0.55
0.54
0.59
CorWatt	PkgWatt
18.29	131.02
0.57	131.02
0.45
0.44
0.51
0.50
0.49
0.48
0.51
0.42
0.46
0.37
0.40
0.55
0.55
0.53
0.53
0.50
0.51
0.49
0.59
0.44
3.13
0.41
0.46
0.46
0.50
0.42
0.37
0.53
0.62
0.56
0.55
CorWatt	PkgWatt
20.70	133.10
0.74	133.08
0.53
0.53
0.47
0.61
0.61
0.62
0.56
0.72
0.61
0.55
0.58
0.74
0.72
0.66
0.66
0.54
0.55
0.50
0.69
0.45
2.80
0.53
0.49
0.46
0.44
0.44
0.43
0.58
0.63
0.60
0.62
