CorWatt	PkgWatt
4.34	151.64
0.09	76.48
0.08
0.08
0.08
0.08
0.08
0.08
0.08
0.08
0.08
0.07
0.07
0.06
0.07
0.07
0.06
0.08
0.08
0.08
0.08
0.09
0.08
0.08
0.08
0.08
0.08
0.08
0.08
0.08
0.08
0.08
0.07
0.07	75.15
0.06
0.06
0.06
0.07
0.07
0.06
0.06
0.05
0.05
0.05
0.05
0.05
0.05
0.05
0.05
0.07
0.06
0.06
0.06
0.06
0.06
0.06
0.06
0.06
0.06
0.05
0.05
0.05
0.05
0.05
0.05
CorWatt	PkgWatt
4.90	151.95
0.10	76.69
0.18
0.10
0.09
0.09
0.10
0.09
0.08
0.09
0.08
0.07
0.08
0.07
0.07
0.08
0.08
0.09
0.09
0.10
0.10
0.11
0.09
0.09
0.10
0.10
0.09
0.08
0.08
0.08
0.10
0.09
0.08
0.07	75.37
0.07
0.06
0.07
0.07
0.07
0.07
0.07
0.06
0.06
0.06
0.06
0.06
0.05
0.05
0.05
0.07
0.07
0.06
0.07
0.07
0.07
0.07
0.07
0.06
0.07
0.06
0.06
0.06
0.06
0.06
0.06
