CorWatt	PkgWatt
280.90	481.12
4.60	231.17
4.26
4.47
4.26
3.89
4.44
3.83
4.25
4.18
4.00
4.02
4.41
4.27
4.02
4.55
4.17
4.20
4.21
4.02
4.12
4.34
4.51
4.34
3.80
3.99
4.04
3.92
3.39
4.49
4.22
4.34
4.15
4.00	235.37
4.69
4.16
4.32
4.33
4.51
4.29
4.18
4.35
4.68
4.44
4.48
4.55
3.48
4.02
4.48
4.38
4.27
4.45
4.68
4.23
4.58
3.94
4.51
3.99
4.59
4.25
4.28
4.41
3.97
4.38
3.87
CorWatt	PkgWatt
274.43	513.15
4.56	222.71
3.77
4.63
4.65
4.19
4.10
3.10
4.53
4.30
3.47
4.24
3.23
4.07
3.53
4.51
3.52
4.67
3.82
3.53
4.30
4.30
4.00
4.01
3.48
4.18
3.75
3.59
2.60
4.16
3.78
3.99
3.59
3.87	226.27
4.20
3.26
3.76
4.04
3.76
4.22
3.85
4.35
3.97
4.13
4.05
4.57
3.39
3.05
4.02
4.50
3.86
4.67
4.81
4.12
5.04
2.71
4.33
3.44
4.50
4.37
4.46
4.38
3.56
4.63
3.32
CorWatt	PkgWatt
319.14	534.73
4.61	241.58
4.44
4.65
4.61
4.72
4.55
4.53
4.61
4.35
4.31
4.47
4.64
4.36
4.55
4.58
4.29
4.72
4.40
4.40
4.61
4.77
4.78
4.80
4.40
4.63
4.82
4.59
4.32
4.81
4.65
4.52
4.61
4.75	241.81
4.65
4.42
4.64
4.59
4.40
4.83
4.69
4.69
4.20
4.47
4.70
4.67
4.67
3.99
4.59
4.39
4.67
4.63
4.65
4.49
4.80
4.23
4.61
4.35
4.60
4.76
4.53
4.76
4.55
4.83
4.58
CorWatt	PkgWatt
291.86	483.15
3.37	237.62
3.46
3.71
3.67
4.26
4.35
4.42
4.44
4.63
4.67
4.24
4.63
4.72
4.89
4.87
4.84
4.44
4.59
4.71
4.62
4.54
4.59
4.81
4.27
4.90
4.78
4.96
4.88
4.52
3.89
4.29
4.40
4.49	244.93
4.73
4.75
4.84
4.81
4.68
4.81
4.40
4.80
4.48
4.62
4.78
4.65
4.88
4.77
4.64
4.30
4.66
4.58
4.56
4.67
4.75
4.75
4.54
4.56
4.51
4.66
4.49
4.77
4.81
4.71
4.81
CorWatt	PkgWatt
289.41	480.09
2.91	235.18
2.90
3.15
2.77
4.29
4.60
4.58
4.40
3.86
4.62
4.44
4.27
4.33
4.70
4.60
4.57
4.59
4.65
4.73
4.59
4.80
4.73
4.82
4.61
4.90
4.51
4.90
4.80
4.57
4.15
4.56
4.76
4.56	244.97
4.82
4.89
4.91
4.75
4.53
4.68
4.32
4.71
4.55
4.51
4.71
4.70
4.80
4.78
4.82
4.35
4.68
4.61
4.61
4.85
4.81
4.84
4.82
4.74
4.61
4.57
4.60
4.78
4.81
4.53
4.54
CorWatt	PkgWatt
275.19	473.87
2.50	232.73
2.83
2.88
2.78
4.22
4.70
4.52
3.84
3.91
4.45
4.26
3.98
4.48
4.29
4.25
4.63
4.37
5.13
4.65
3.99
4.65
4.40
4.85
4.76
4.32
4.79
3.51
3.99
4.07
4.77
4.42
3.88
4.46	241.09
4.17
4.01
4.36
4.21
4.24
4.92
4.67
3.92
4.45
4.88
4.54
4.85
5.00
4.15
4.60
4.12
4.60
3.48
4.74
4.01
4.92
4.56
5.01
4.53
4.02
4.85
3.98
4.27
4.50
4.65
4.44
CorWatt	PkgWatt
270.30	467.54
2.68	229.72
2.70
2.93
2.66
4.32
4.77
4.65
4.07
4.23
4.54
4.24
3.80
4.71
4.60
3.79
4.54
3.29
4.90
4.57
4.36
4.78
4.45
4.34
4.22
4.00
4.80
3.10
4.10
3.97
5.08
4.30
3.75
4.36	237.97
4.32
4.05
4.18
3.73
4.76
5.12
3.89
3.74
4.11
5.03
3.51
4.21
4.70
4.01
4.51
4.83
4.63
3.71
4.64
4.96
3.97
4.73
5.01
4.73
3.67
4.40
4.10
4.22
4.59
4.58
4.12
CorWatt	PkgWatt
266.61	461.92
2.70	227.38
2.75
3.20
2.07
4.40
4.05
4.97
3.90
4.73
4.65
4.73
3.59
3.80
4.63
4.06
4.47
3.60
4.52
4.45
4.51
4.53
4.93
4.50
3.72
4.45
4.23
2.55
4.11
3.60
4.63
4.63
3.95
4.42	234.49
4.14
3.42
4.79
4.07
4.88
4.92
3.93
3.78
4.35
4.98
3.54
4.54
3.93
4.39
3.70
4.49
4.12
3.45
4.51
4.99
3.81
4.68
4.92
4.22
3.96
4.67
4.26
4.26
4.90
3.71
4.23
CorWatt	PkgWatt
263.17	461.51
2.37	226.09
2.55
3.16
2.98
4.38
3.58
4.75
4.09
4.87
4.55
4.15
3.79
4.11
4.75
3.91
4.30
4.04
3.10
4.48
4.52
3.57
4.19
4.41
3.53
4.22
3.85
3.45
4.08
3.70
4.59
4.59
4.20
3.72	235.55
4.43
4.11
5.16
4.34
4.24
4.46
4.22
4.56
4.51
3.78
3.97
3.97
4.54
4.36
3.67
4.36
4.30
4.14
4.07
4.76
3.72
4.79
3.88
4.05
3.63
4.85
4.38
4.12
4.19
4.44
4.70
CorWatt	PkgWatt
149.18	365.96
1.96	182.91
2.08
2.17
1.93
2.32
2.40
2.50
2.35
2.32
2.26
2.20
2.23
2.62
2.41
2.33
2.35
2.46
2.36
2.51
2.46
2.33
2.30
2.20
2.11
2.35
2.56
2.37
2.48
2.41
2.42
2.50
2.36
2.24	182.91
2.32
2.29
2.42
2.38
2.34
2.36
2.31
2.43
2.38
2.24
2.30
2.27
2.46
2.27
2.27
2.29
2.45
2.17
2.27
2.37
2.23
2.42
2.39
2.37
2.67
2.24
2.22
2.25
2.34
2.27
2.28
CorWatt	PkgWatt
144.72	359.06
2.28	179.85
2.29
2.31
2.27
2.30
2.30
2.32
2.35
2.25
2.25
2.22
2.21
2.30
2.28
2.30
2.28
2.29
2.31
2.26
2.23
2.36
2.32
2.34
2.29
2.35
2.28
2.30
2.28
2.22
2.29
2.30
2.32
2.21	179.22
2.31
2.21
2.25
2.23
2.20
2.21
2.20
2.19
2.20
2.15
2.10
2.17
2.27
2.22
2.15
2.16
2.16
2.33
2.11
2.51
2.39
2.42
2.41
2.29
2.35
2.23
2.10
2.21
2.20
2.18
2.18
CorWatt	PkgWatt
144.98	359.16
2.28	179.88
2.29
2.28
2.24
2.35
2.30
2.29
2.30
2.28
2.29
2.33
2.32
2.27
2.25
2.25
2.23
2.21
2.25
2.28
2.27
2.29
2.30
2.29
2.25
2.23
2.29
2.33
2.33
2.30
2.38
2.36
2.35
2.20	179.29
2.23
2.28
2.26
2.28
2.22
2.26
2.21
2.27
2.25
2.22
2.20
2.27
2.30
2.24
2.20
2.19
2.22
2.19
2.16
2.38
2.43
2.25
2.32
2.16
2.11
2.47
2.07
2.27
2.25
2.19
2.18
CorWatt	PkgWatt
142.15	355.45
2.22	179.31
2.29
2.27
2.21
2.26
2.24
2.44
2.26
2.43
2.23
2.23
2.25
2.26
2.24
2.24
2.23
2.29
2.25
2.26
2.29
2.35
2.33
2.28
2.31
2.34
2.28
2.25
2.33
2.34
2.31
2.33
2.27
2.14	176.16
2.14
2.11
2.16
2.15
2.13
2.13
2.17
2.15
2.15
2.14
2.10
2.22
2.13
2.29
2.09
2.16
2.15
2.12
2.12
2.28
2.25
2.27
2.28
2.05
2.09
2.07
2.07
2.30
2.12
2.13
2.20
CorWatt	PkgWatt
153.50	366.08
2.27	179.76
2.34
2.30
2.28
2.25
2.25
2.35
2.26
2.20
2.26
2.25
2.39
2.33
2.25
2.25
2.31
2.32
2.29
2.37
2.30
2.36
2.34
2.32
2.31
2.30
2.31
2.42
2.34
2.30
2.42
2.48
2.30
2.31	186.22
2.33
2.53
2.52
2.45
2.43
2.54
2.47
2.51
2.40
2.48
2.45
2.49
2.44
2.36
2.53
2.56
2.41
2.44
2.43
2.66
2.67
2.56
2.41
2.35
2.42
2.57
2.42
2.66
2.53
2.62
2.50
