CorWatt	PkgWatt
4.16	151.72
0.09	76.29
0.08
0.08
0.09
0.08
0.08
0.08
0.08
0.07
0.07
0.07
0.07
0.07
0.08
0.07
0.07
0.09
0.08
0.08
0.08
0.09
0.08
0.08
0.07
0.07
0.07
0.07
0.07
0.07
0.07
0.07
0.07
0.06	75.44
0.05
0.05
0.05
0.05
0.06
0.05
0.06
0.05
0.05
0.05
0.05
0.05
0.05
0.05
0.05
0.05
0.05
0.05
0.05
0.07
0.07
0.06
0.07
0.05
0.05
0.05
0.05
0.05
0.05
0.05
0.06
CorWatt	PkgWatt
4.25	150.86
0.09	75.96
0.08
0.13
0.08
0.09
0.08
0.08
0.08
0.07
0.07
0.07
0.07
0.07
0.11
0.07
0.06
0.09
0.08
0.08
0.09
0.09
0.08
0.09
0.08
0.08
0.07
0.07
0.08
0.08
0.07
0.07
0.07
0.05	74.86
0.05
0.05
0.05
0.05
0.05
0.05
0.06
0.05
0.05
0.05
0.05
0.05
0.05
0.05
0.05
0.05
0.05
0.05
0.05
0.06
0.06
0.06
0.06
0.05
0.05
0.05
0.05
0.05
0.05
0.05
0.05
CorWatt	PkgWatt
12.48	171.95
0.30	90.52
0.34
0.27
0.28
0.46
0.34
0.35
0.24
0.22
0.54
0.23
0.29
0.35
0.33
0.31
0.18
0.54
0.36
0.28
0.34
0.35
0.28
0.23
0.29
0.27
0.22
0.32
0.45
0.22
0.34
0.20
0.26
0.07	81.53
0.07
0.12
0.08
0.07
0.07
0.07
0.08
0.07
0.07
0.06
0.07
0.07
0.07
0.07
0.07
0.07
0.11
0.07
0.07
0.10
0.08
0.08
0.08
0.07
0.07
0.07
0.09
0.12
0.07
0.07
0.09
CorWatt	PkgWatt
5.00	152.17
0.10	76.93
0.11
0.14
0.11
0.10
0.11
0.09
0.09
0.08
0.08
0.09
0.08
0.08
0.08
0.08
0.09
0.15
0.12
0.11
0.11
0.12
0.10
0.10
0.09
0.10
0.10
0.11
0.09
0.08
0.09
0.09
0.08
0.06	75.15
0.06
0.06
0.06
0.06
0.06
0.06
0.06
0.05
0.05
0.05
0.05
0.05
0.05
0.05
0.06
0.06
0.06
0.06
0.06
0.07
0.07
0.06
0.06
0.06
0.06
0.06
0.06
0.05
0.05
0.05
0.06
CorWatt	PkgWatt
4.40	152.80
0.09	77.90
0.09
0.13
0.09
0.11
0.10
0.10
0.09
0.07
0.07
0.09
0.07
0.07
0.07
0.07
0.08
0.12
0.12
0.09
0.08
0.10
0.08
0.08
0.08
0.09
0.07
0.08
0.08
0.07
0.08
0.07
0.07
0.05	74.84
0.05
0.05
0.05
0.05
0.05
0.05
0.05
0.05
0.05
0.05
0.05
0.05
0.05
0.05
0.05
0.05
0.05
0.05
0.05
0.06
0.06
0.06
0.06
0.05
0.05
0.05
0.05
0.05
0.05
0.05
0.05
CorWatt	PkgWatt
10.42	162.01
0.18	85.19
0.16
0.17
0.17
0.18
0.19
0.18
0.17
0.14
0.13
0.15
0.14
3.43
0.18
0.17
0.17
0.19
0.18
0.17
0.17
0.19
0.16
0.15
0.15
0.18
0.16
0.15
0.17
0.21
0.15
0.14
0.14
0.09	76.88
0.06
0.06
0.06
0.06
0.06
0.05
0.06
0.05
0.05
0.05
0.05
0.05
0.05
0.05
0.05
0.06
0.08
0.06
0.06
0.06
0.06
0.06
0.06
0.05
0.05
0.05
0.05
0.05
0.05
0.05
0.07
CorWatt	PkgWatt
12.46	161.28
0.18	86.47
0.16
0.18
0.17
0.15
0.20
0.17
0.15
0.14
0.13
0.15
0.14
5.80
0.19
0.25
0.18
0.16
0.16
0.15
0.16
0.17
0.15
0.15
0.17
0.14
0.14
0.21
0.16
0.14
0.14
0.14
0.15
0.05	74.83
0.05
0.05
0.05
0.05
0.05
0.05
0.05
0.05
0.05
0.05
0.05
0.05
0.05
0.05
0.05
0.05
0.05
0.05
0.05
0.06
0.06
0.06
0.06
0.05
0.05
0.05
0.05
0.05
0.05
0.05
0.05
CorWatt	PkgWatt
12.62	161.65
0.18	86.42
0.16
0.16
0.15
0.16
0.16
0.16
0.16
0.15
0.14
0.14
0.18
5.87
0.18
0.18
0.18
0.15
0.17
0.15
0.15
0.18
0.16
0.15
0.15
0.14
0.14
0.20
0.15
0.15
0.14
0.14
0.13
0.06	75.12
0.06
0.06
0.06
0.06
0.06
0.06
0.06
0.05
0.05
0.05
0.05
0.05
0.05
0.05
0.05
0.06
0.06
0.06
0.06
0.06
0.07
0.06
0.06
0.06
0.06
0.05
0.05
0.05
0.05
0.05
0.06
CorWatt	PkgWatt
12.39	161.34
0.18	86.61
0.16
0.17
0.16
0.16
0.15
0.15
0.16
0.14
0.14
0.15
0.14
5.87
0.18
0.18
0.18
0.21
0.15
0.15
0.15
0.18
0.15
0.15
0.15
0.15
0.14
0.18
0.15
0.15
0.14
0.14
0.15
0.05	74.75
0.05
0.05
0.05
0.05
0.05
0.05
0.05
0.05
0.05
0.05
0.05
0.05
0.05
0.05
0.05
0.05
0.05
0.05
0.05
0.06
0.06
0.06
0.06
0.05
0.05
0.05
0.05
0.05
0.05
0.05
0.05
CorWatt	PkgWatt
12.46	161.33
0.17	86.61
0.16
0.16
0.17
0.16
0.20
0.16
0.15
0.15
0.14
0.16
0.15
5.88
0.18
0.18
0.18
0.18
0.15
0.15
0.15
0.18
0.16
0.16
0.15
0.20
0.15
0.14
0.15
0.15
0.14
0.14
0.14
0.05	74.80
0.05
0.06
0.05
0.05
0.05
0.05
0.05
0.05
0.05
0.05
0.05
0.05
0.05
0.05
0.05
0.05
0.05
0.05
0.05
0.06
0.06
0.06
0.06
0.05
0.05
0.05
0.05
0.05
0.05
0.05
0.05
CorWatt	PkgWatt
12.49	161.39
0.17	86.43
0.17
0.16
0.16
0.16
0.15
0.15
0.16
0.18
0.17
0.14
0.14
5.87
0.18
0.19
0.18
0.16
0.16
0.16
0.16
0.18
0.16
0.17
0.19
0.15
0.14
0.14
0.15
0.14
0.14
0.13
0.14
0.05	74.90
0.05
0.05
0.05
0.05
0.05
0.05
0.05
0.05
0.05
0.05
0.05
0.05
0.05
0.05
0.05
0.05
0.05
0.05
0.05
0.06
0.06
0.06
0.06
0.05
0.05
0.05
0.05
0.05
0.05
0.05
0.05
CorWatt	PkgWatt
12.60	161.65
0.17	86.51
0.16
0.17
0.16
0.15
0.16
0.16
0.16
0.14
0.14
0.20
0.15
5.87
0.18
0.18
0.18
0.17
0.16
0.15
0.15
0.17
0.16
0.15
0.17
0.18
0.15
0.16
0.16
0.13
0.14
0.14
0.14
0.06	75.11
0.06
0.06
0.06
0.06
0.06
0.06
0.06
0.05
0.05
0.05
0.05
0.05
0.05
0.05
0.05
0.06
0.06
0.05
0.06
0.06
0.07
0.06
0.06
0.06
0.06
0.05
0.05
0.05
0.05
0.05
0.05
CorWatt	PkgWatt
14.12	169.87
0.20	90.87
0.21
0.21
0.18
0.19
0.18
0.17
0.17
0.16
0.19
0.15
0.15
5.86
0.18
0.20
0.18
0.25
0.19
0.16
0.17
0.20
0.20
0.17
0.16
0.17
0.16
0.19
0.16
0.15
0.23
0.15
0.27
0.08	79.15
0.07
0.08
0.07
0.07
0.12
0.08
0.07
0.08
0.08
0.07
0.08
0.08
0.10
0.09
0.07
0.09
0.08
0.07
0.10
0.09
0.08
0.08
0.09
0.08
0.07
0.07
0.08
0.07
0.06
0.06
0.07
