CorWatt	PkgWatt
14.86	126.75
0.52	126.74
0.51
0.48
0.43
0.48
0.50
0.49
0.47
0.40
0.44
0.39
0.41
0.60
0.51
0.56
0.54
0.50
0.51
0.46
0.48
0.42
0.39
0.41
0.40
0.36
0.35
0.35
0.36
0.52
0.53
0.53
0.54
CorWatt	PkgWatt
14.40	126.18
0.51	126.28
0.46
0.47
0.42
0.47
0.50
0.47
0.47
0.37
0.42
0.38
0.37
0.53
0.52
0.56
0.50
0.49
0.48
0.44
0.46
0.40
0.42
0.43
0.39
0.36
0.36
0.36
0.35
0.50
0.51
0.53
0.51
CorWatt	PkgWatt
61.59	174.03
0.93	174.00
1.88
1.95
1.90
1.91
2.00
1.93
1.91
1.83
1.81
1.80
1.82
2.01
1.98
1.98
1.98
1.93
1.94
1.82
1.82
1.91
1.95
1.81
1.74
1.98
1.87
1.72
1.78
2.11
3.67
1.94
1.96
CorWatt	PkgWatt
51.17	165.14
0.66	165.10
1.61
1.64
1.61
1.67
1.68
1.66
1.62
1.56
1.58
1.59
1.53
1.76
1.71
1.78
1.72
1.69
1.64
1.50
1.56
1.60
1.58
1.43
1.41
1.54
1.54
1.40
1.40
1.75
2.51
1.62
1.60
