CorWatt	PkgWatt
15.42	127.31
0.52	127.32
0.43
0.52
0.45
0.54
0.51
0.52
0.56
0.42
0.45
0.42
0.41
0.53
0.53
0.53
0.54
0.48
0.52
0.49
0.48
0.46
0.41
0.41
0.45
0.40
0.38
0.41
0.37
0.54
0.57
0.55
0.63
CorWatt	PkgWatt
15.02	126.38
0.54	127.06
0.43
0.52
0.44
0.57
0.53
0.51
0.54
0.41
0.44
0.39
0.39
0.54
0.51
0.49
0.52
0.51
0.49
0.47
0.47
0.44
0.39
0.40
0.43
0.41
0.39
0.40
0.40
0.53
0.55
0.52
0.50
CorWatt	PkgWatt
17.89	130.16
0.62	129.49
0.51
0.55
0.47
0.56
0.55
0.52
0.57
0.54
0.60
0.62
0.60
0.71
0.72
0.74
0.71
0.55
0.58
0.53
0.51
0.48
0.47
0.47
0.50
0.44
0.49
0.45
0.43
0.57
0.60
0.61
0.57
CorWatt	PkgWatt
15.93	127.88
0.54	127.75
0.46
0.54
0.46
0.52
0.52
0.51
0.55
0.56
0.53
0.48
0.50
0.56
0.70
0.52
0.61
0.47
0.53
0.48
0.49
0.42
0.41
0.44
0.44
0.38
0.42
0.39
0.38
0.55
0.53
0.53
0.53
