CorWatt	PkgWatt
152.09	365.30
2.42	184.35
2.44
2.48
2.42
2.50
2.45
2.44
2.45
2.34
2.36
2.33
2.35
2.39
2.37
2.36
2.38
2.44
2.45
2.49
2.44
2.47
2.50
2.49
2.46
2.44
2.44
2.43
2.49
2.39
2.42
2.39
2.38
2.40	183.88
2.42
2.41
2.42
2.38
2.46
2.43
2.41
2.38
2.38
2.34
2.39
2.41
2.36
2.38
2.35
2.36
2.33
2.36
2.34
2.45
2.42
2.44
2.42
2.35
2.37
2.37
2.38
2.37
2.38
2.35
2.37
CorWatt	PkgWatt
160.91	384.53
2.47	185.95
2.47
2.50
2.44
2.45
2.45
2.46
2.50
2.36
2.42
2.35
2.42
2.39
2.41
2.40
2.41
2.42
2.46
2.50
2.44
2.49
2.51
2.49
2.52
2.43
2.44
2.47
2.42
2.37
2.40
2.41
2.37
2.43	186.04
2.45
2.47
2.55
2.45
2.49
2.47
2.46
2.43
2.41
2.43
2.40
2.41
2.45
2.41
2.40
2.43
2.36
2.41
2.38
2.49
2.48
2.45
2.44
2.42
2.42
2.41
2.41
2.43
2.41
2.39
2.45
CorWatt	PkgWatt
149.97	356.06
2.50	186.18
2.50
2.50
2.47
2.49
2.45
2.45
2.48
2.37
2.43
2.50
2.40
2.37
2.44
2.40
2.39
2.47
2.49
2.48
2.48
2.53
2.50
2.52
2.47
2.48
2.46
2.45
2.48
2.41
2.43
2.42
2.41
2.43	185.37
2.44
2.43
2.45
2.42
2.45
2.44
2.42
2.39
2.41
2.40
2.37
2.41
2.42
2.38
2.37
2.35
2.35
2.36
2.37
2.45
2.44
2.42
2.46
2.38
2.38
2.39
2.37
2.41
2.41
2.41
2.41
CorWatt	PkgWatt
153.50	367.56
2.44	184.85
2.43
2.49
2.43
2.40
2.44
2.41
2.46
2.37
2.40
2.35
2.39
2.35
2.40
2.39
2.37
2.42
2.44
2.47
2.40
2.50
2.48
2.49
2.47
2.42
2.41
2.44
2.44
2.39
2.43
2.37
2.40
2.40	183.72
2.39
2.37
2.37
2.39
2.41
2.45
2.36
2.35
2.33
2.36
2.37
2.36
2.38
2.36
2.36
2.34
2.32
2.34
2.36
2.40
2.43
2.39
2.43
2.31
2.36
2.35
2.35
2.40
2.40
2.37
2.37
CorWatt	PkgWatt
158.33	377.97
2.46	186.23
2.49
2.49
2.45
2.43
2.47
2.46
2.47
2.40
2.42
2.37
2.43
2.41
2.44
2.43
2.42
2.48
2.48
2.48
2.46
2.51
2.51
2.53
2.50
2.46
2.46
2.47
2.46
2.44
2.43
2.42
2.41
2.45	185.55
2.44
2.40
2.46
2.42
2.48
2.48
2.42
2.43
2.41
2.41
2.40
2.43
2.43
2.44
2.40
2.39
2.40
2.35
2.38
2.45
2.49
2.46
2.47
2.40
2.41
2.42
2.44
2.44
2.44
2.39
2.43
CorWatt	PkgWatt
167.64	411.91
2.42	187.27
2.43
2.50
2.43
2.46
2.47
2.49
2.61
2.42
2.41
2.41
2.41
2.46
2.40
2.40
2.43
2.47
2.53
2.46
2.44
2.54
2.54
2.50
2.41
2.35
2.48
2.51
2.51
2.48
2.45
2.43
2.43
2.45	185.24
2.38
2.44
2.44
2.43
2.45
2.44
2.32
2.37
2.46
2.43
2.39
2.41
2.41
2.40
2.39
2.39
2.33
2.36
2.32
2.41
2.42
2.46
2.46
2.42
2.38
2.43
2.41
2.35
2.41
2.38
2.35
