CorWatt	PkgWatt
15.32	128.15
0.54	128.16
0.52
0.50
0.47
0.52
0.53
0.52
0.53
0.42
0.46
0.40
0.42
0.53
0.54
0.59
0.54
0.47
0.60
0.50
0.48
0.40
0.40
0.39
0.40
0.37
0.37
0.41
0.38
0.56
0.51
0.52
0.55
CorWatt	PkgWatt
15.07	126.89
0.51	127.64
0.49
0.49
0.45
0.51
0.51
0.50
0.53
0.48
0.46
0.42
0.42
0.52
0.54
0.57
0.54
0.47
0.47
0.47
0.47
0.41
0.40
0.40
0.40
0.39
0.37
0.41
0.37
0.55
0.53
0.52
0.53
CorWatt	PkgWatt
71.66	169.01
2.87	189.00
2.33
2.39
2.37
2.44
2.42
2.42
2.38
2.34
2.37
2.38
2.35
2.47
2.48
2.49
2.50
2.39
2.37
2.17
2.17
2.36
2.35
2.13
2.07
2.33
2.32
2.28
2.12
2.56
2.56
2.36
2.32
