CorWatt	PkgWatt
6.15	159.86
0.11	79.93
0.11
0.11
0.10
0.10
0.10
0.10
0.10
0.09
0.09
0.09
0.09
0.09
0.09
0.09
0.09
0.10
0.10
0.10
0.10
0.11
0.10
0.10
0.10
0.10
0.09
0.09
0.10
0.09
0.09
0.09
0.09
0.10	80.08
0.10
0.09
0.09
0.11
0.10
0.09
0.09
0.17
0.09
0.09
0.09
0.08
0.08
0.09
0.08
0.09
0.10
0.09
0.10
0.10
0.10
0.10
0.10
0.10
0.10
0.09
0.09
0.09
0.09
0.09
0.09
CorWatt	PkgWatt
6.02	155.05
0.11	77.33
0.10
0.10
0.10
0.09
0.09
0.09
0.10
0.09
0.09
0.09
0.09
0.09
0.09
0.08
0.09
0.10
0.10
0.09
0.10
0.11
0.10
0.10
0.10
0.10
0.09
0.09
0.09
0.09
0.09
0.09
0.09
0.11	77.73
0.10
0.09
0.09
0.09
0.10
0.09
0.09
0.08
0.08
0.09
0.09
0.08
0.08
0.08
0.09
0.09
0.10
0.10
0.10
0.09
0.09
0.10
0.11
0.11
0.10
0.09
0.09
0.09
0.09
0.17
0.08
CorWatt	PkgWatt
14.98	179.39
2.15	91.29
0.25
0.26
0.24
0.29
0.20
0.19
0.22
0.17
0.21
0.18
0.19
0.19
0.18
0.18
0.18
0.21
0.24
0.33
0.22
0.24
0.22
0.19
0.20
0.21
0.21
0.20
0.33
0.21
0.19
0.17
0.18
0.19	87.99
0.26
0.23
0.19
0.21
0.22
0.22
0.24
0.21
0.16
0.14
0.18
0.19
0.16
0.14
0.17
0.16
0.21
0.19
0.23
0.18
0.15
0.22
0.21
0.17
0.26
0.18
0.15
0.17
0.14
0.19
0.19
