CorWatt	PkgWatt
4.48	152.02
0.08	76.49
0.08
0.08
0.08
0.08
0.08
0.08
0.09
0.08
0.08
0.07
0.08
0.08
0.15
0.07
0.07
0.08
0.08
0.08
0.08
0.09
0.09
0.09
0.09
0.08
0.08
0.08
0.08
0.08
0.08
0.08
0.08
0.06	75.53
0.06
0.06
0.06
0.07
0.07
0.07
0.06
0.05
0.05
0.05
0.05
0.05
0.05
0.05
0.05
0.06
0.06
0.05
0.06
0.07
0.07
0.07
0.07
0.05
0.06
0.05
0.05
0.05
0.05
0.05
0.06
CorWatt	PkgWatt
4.52	151.13
0.08	76.12
0.08
0.09
0.09
0.09
0.08
0.08
0.08
0.08
0.08
0.07
0.08
0.07
0.07
0.07
0.08
0.08
0.08
0.09
0.08
0.10
0.10
0.09
0.08
0.17
0.08
0.08
0.08
0.09
0.08
0.08
0.08
0.06	75.11
0.06
0.06
0.06
0.06
0.06
0.06
0.06
0.05
0.05
0.05
0.05
0.05
0.05
0.05
0.05
0.06
0.06
0.05
0.06
0.07
0.07
0.06
0.07
0.05
0.06
0.05
0.05
0.05
0.05
0.05
0.05
