CorWatt	PkgWatt
310.13	593.51
4.22	225.61
3.78
4.20
3.47
4.32
4.49
3.64
2.99
4.20
3.86
4.64
4.23
2.84
4.01
4.31
3.51
3.00
3.68
4.25
3.88
4.02
4.51
3.80
4.21
4.19
2.97
3.91
3.58
2.74
3.44
3.46
2.76
3.59	245.33
4.38
4.28
3.79
3.67
4.34
4.50
4.25
4.67
4.08
4.31
4.84
4.83
4.97
4.24
4.58
4.66
4.31
4.67
4.59
4.75
4.02
4.52
4.06
4.95
4.77
4.72
4.80
4.86
4.76
4.76
4.00
CorWatt	PkgWatt
264.70	471.69
4.80	226.98
3.49
3.92
3.65
3.92
4.40
3.87
3.43
4.43
3.58
4.72
4.31
3.21
3.70
4.43
3.49
2.88
3.99
4.57
3.45
3.87
4.31
4.15
4.03
4.35
3.84
3.62
3.89
3.19
2.71
3.61
2.83
3.42	244.78
4.49
4.03
3.71
4.44
4.41
4.80
3.76
4.73
3.10
4.50
5.03
5.04
4.19
4.12
4.72
4.85
4.59
4.55
4.68
4.57
4.01
4.48
4.05
4.97
4.79
4.54
5.02
4.46
4.90
4.34
4.78
CorWatt	PkgWatt
265.32	472.56
4.64	228.57
3.98
3.50
4.41
4.15
4.36
3.09
4.43
3.74
3.79
3.74
4.56
4.13
3.90
3.97
3.50
3.48
3.85
4.64
3.92
3.56
4.64
4.03
3.91
3.60
4.13
4.29
3.75
3.56
2.78
3.67
2.74
3.99	244.06
4.15
3.94
4.02
4.85
4.79
4.54
4.28
4.68
3.17
4.58
4.93
4.19
4.15
4.30
4.88
4.58
4.66
4.46
4.77
4.20
3.34
3.74
4.78
4.79
4.74
4.23
4.94
4.08
4.96
4.39
4.85
CorWatt	PkgWatt
268.39	473.72
4.09	228.28
3.95
3.76
4.02
4.63
3.71
3.81
3.89
3.57
3.66
3.73
4.38
4.24
3.96
4.21
3.47
3.78
3.90
4.77
3.93
3.55
4.36
4.01
4.14
4.06
4.48
3.86
4.10
3.63
2.85
3.57
2.85
3.84	245.27
4.28
3.93
4.46
4.45
4.62
4.74
4.27
4.41
4.09
4.70
4.67
4.72
4.12
4.43
4.62
4.66
4.77
4.59
4.93
3.95
3.51
4.54
4.77
4.27
4.78
4.60
4.97
4.39
5.00
4.72
4.64
CorWatt	PkgWatt
274.83	470.69
3.25	229.11
4.48
4.35
4.67
3.94
4.40
3.85
4.30
4.10
3.47
4.16
3.39
4.13
4.50
4.15
4.55
4.49
3.52
4.87
4.74
3.26
4.05
4.41
3.90
4.82
4.66
3.53
4.75
3.42
3.15
3.61
3.76
3.30	241.67
4.73
3.88
4.54
4.81
4.92
4.45
4.18
4.65
4.42
5.05
4.41
4.87
3.98
4.16
4.71
4.95
4.61
4.53
4.97
3.55
4.01
4.55
4.35
4.36
4.75
4.44
4.92
4.70
5.09
4.80
4.60
CorWatt	PkgWatt
261.94	457.64
3.55	223.07
4.04
3.37
3.52
3.66
4.75
4.29
4.43
4.54
2.86
3.90
3.80
4.09
4.44
4.07
4.29
3.64
3.54
4.51
4.05
2.94
4.02
4.74
3.34
4.71
4.34
3.62
3.70
2.91
3.68
3.59
4.12
3.84	234.68
3.91
4.33
4.95
4.65
4.76
4.51
4.35
3.66
4.06
3.96
4.84
3.03
3.86
3.79
3.77
4.65
4.75
4.57
4.53
3.67
4.37
4.21
4.21
4.25
3.79
4.62
4.63
4.82
5.02
4.03
4.51
CorWatt	PkgWatt
268.95	464.47
3.87	229.05
4.05
3.82
3.41
4.11
4.57
4.36
4.58
3.96
3.30
4.26
4.60
4.43
4.58
3.69
4.70
4.03
3.96
4.19
4.42
3.16
4.76
4.77
3.16
4.24
4.41
4.16
3.99
3.55
4.38
4.05
3.90
4.63	235.33
4.20
4.77
4.48
4.86
4.88
5.03
4.99
3.76
3.63
3.84
4.71
2.89
3.67
3.51
4.05
4.81
4.42
4.94
4.84
4.32
4.82
4.21
4.67
3.83
3.15
3.36
3.56
4.99
4.91
4.15
4.62
CorWatt	PkgWatt
249.96	405.21
4.67	238.62
4.24
4.60
4.32
4.52
4.49
4.50
4.53
4.01
4.61
4.38
4.34
4.19
4.21
4.60
4.19
4.24
4.46
4.47
4.48
4.28
4.45
4.66
4.06
4.33
4.39
4.54
4.74
4.48
4.55
4.60
4.56
4.19	237.48
4.90
4.74
4.76
4.95
4.81
4.84
4.73
3.83
4.05
4.73
4.47
3.85
3.77
4.00
3.85
4.90
4.78
4.90
4.80
4.93
5.07
4.85
4.91
2.98
2.74
2.84
2.42
4.84
4.92
5.04
5.02
CorWatt	PkgWatt
325.36	564.96
4.65	242.17
4.58
4.42
4.40
4.71
4.70
4.55
4.59
4.57
4.55
4.56
4.60
4.38
4.48
4.36
4.45
4.63
4.72
4.79
4.72
4.79
4.93
4.80
4.60
4.23
4.75
4.64
4.75
4.39
4.38
4.33
4.07
4.40	238.19
4.34
4.59
4.78
4.68
4.67
4.69
4.61
4.46
4.63
4.52
4.54
3.86
4.18
4.23
4.17
4.64
4.85
4.82
4.96
4.01
4.82
4.60
5.00
2.86
2.73
3.08
3.39
4.84
4.84
4.88
4.87
CorWatt	PkgWatt
156.08	359.43
2.62	180.89
2.41
2.64
2.29
2.60
2.45
2.51
2.46
2.57
2.49
2.56
2.53
2.63
2.63
2.46
2.46
2.48
2.61
2.45
2.53
2.51
2.50
2.55
2.43
2.46
2.51
2.46
2.57
2.44
2.28
2.37
2.37
2.43	178.61
2.39
2.35
2.46
2.54
2.54
2.59
2.50
2.43
2.38
2.40
2.36
2.22
2.33
2.35
2.29
2.39
2.39
2.36
2.48
2.38
2.47
2.58
2.53
2.02
2.06
2.19
2.20
2.34
2.39
2.36
2.58
CorWatt	PkgWatt
128.33	327.87
2.07	164.53
2.07
2.09
2.05
2.05
2.01
2.05
2.06
1.99
1.99
2.00
1.98
1.99
2.01
1.96
1.98
2.02
2.07
2.08
2.05
2.08
2.09
2.07
2.06
2.03
2.05
2.03
2.05
1.97
1.98
2.02
2.03
1.99	163.31
2.01
1.98
2.01
1.97
2.02
2.04
2.00
1.95
1.95
1.98
1.93
1.95
1.96
1.97
1.97
1.95
1.97
1.95
1.96
2.03
2.00
2.02
2.02
1.95
1.95
1.98
1.94
1.96
1.99
1.96
1.96
CorWatt	PkgWatt
126.04	326.67
2.03	163.79
2.04
2.03
2.00
2.02
2.00
2.00
2.03
1.95
1.97
1.93
1.94
1.94
1.95
1.93
1.95
2.00
2.02
2.05
1.99
2.06
2.05
2.05
2.02
2.01
2.01
1.97
2.02
1.96
1.97
1.97
1.98
1.95	162.89
1.98
1.94
1.96
1.97
1.97
1.96
1.97
1.91
1.93
1.92
1.93
1.93
1.93
1.95
1.93
1.92
1.92
1.92
1.94
1.95
1.97
1.98
1.98
1.92
1.92
1.96
1.93
1.96
1.93
1.93
1.97
