CorWatt	PkgWatt
14.85	127.16
0.52	127.15
0.45
0.48
0.45
0.59
0.49
0.51
0.52
0.43
0.45
0.46
0.40
0.52
0.52
0.50
0.53
0.45
0.48
0.48
0.46
0.41
0.39
0.38
0.39
0.37
0.36
0.46
0.38
0.52
0.50
0.51
0.50
CorWatt	PkgWatt
14.90	126.80
0.50	127.06
0.44
0.47
0.49
0.56
0.56
0.51
0.55
0.44
0.48
0.45
0.39
0.53
0.52
0.54
0.52
0.45
0.47
0.47
0.46
0.42
0.40
0.38
0.40
0.37
0.37
0.37
0.38
0.52
0.50
0.51
0.51
CorWatt	PkgWatt
20.23	131.85
0.65	131.62
0.59
0.63
0.62
0.64
0.57
0.58
0.73
0.62
0.61
0.62
0.67
0.74
0.77
0.87
0.76
0.74
0.63
0.68
0.71
0.56
0.58
0.60
0.61
0.52
0.46
0.50
0.55
0.66
0.59
0.54
0.62
CorWatt	PkgWatt
16.12	128.08
0.55	128.06
0.47
0.47
0.51
0.59
0.54
0.57
0.50
0.48
0.55
0.51
0.44
0.55
0.58
0.50
0.51
0.49
0.50
0.50
0.46
0.44
0.42
0.41
0.38
0.53
0.42
0.42
0.46
0.62
0.56
0.59
0.60
CorWatt	PkgWatt
15.45	127.58
0.55	127.57
0.50
0.53
0.47
0.55
0.61
0.59
0.51
0.44
0.45
0.45
0.43
0.56
0.53
0.54
0.50
0.46
0.50
0.45
0.46
0.46
0.44
0.43
0.44
0.41
0.35
0.36
0.40
0.54
0.50
0.50
0.53
CorWatt	PkgWatt
16.98	128.44
0.59	128.48
0.53
0.59
0.54
0.59
0.65
0.65
0.56
0.46
0.52
0.50
0.45
0.59
0.58
0.55
0.59
0.51
0.55
0.50
0.51
0.48
0.47
0.47
0.49
0.49
0.43
0.43
0.48
0.56
0.53
0.59
0.51
CorWatt	PkgWatt
15.59	127.64
0.59	127.61
0.50
0.49
0.49
0.58
0.57
0.58
0.51
0.43
0.48
0.46
0.48
0.57
0.53
0.51
0.54
0.46
0.50
0.45
0.46
0.47
0.42
0.42
0.41
0.39
0.39
0.40
0.43
0.55
0.51
0.50
0.53
CorWatt	PkgWatt
15.55	127.62
0.49	127.61
0.46
0.50
0.46
0.58
0.53
0.54
0.53
0.42
0.49
0.45
0.41
0.55
0.55
0.53
0.54
0.44
0.49
0.48
0.46
0.44
0.41
0.40
0.38
0.44
0.39
0.42
0.51
0.57
0.58
0.58
0.52
CorWatt	PkgWatt
15.11	127.09
0.49	127.08
0.42
0.45
0.48
0.55
0.50
0.56
0.47
0.45
0.50
0.47
0.40
0.56
0.59
0.60
0.55
0.44
0.48
0.45
0.45
0.42
0.43
0.38
0.38
0.39
0.38
0.39
0.38
0.52
0.50
0.55
0.51
CorWatt	PkgWatt
15.88	127.67
0.51	127.67
0.48
0.47
0.48
0.56
0.52
0.61
0.50
0.45
0.51
0.51
0.47
0.57
0.58
0.58
0.63
0.45
0.52
0.47
0.47
0.47
0.43
0.39
0.43
0.42
0.43
0.41
0.44
0.52
0.51
0.56
0.55
CorWatt	PkgWatt
15.31	127.36
0.51	127.36
0.42
0.45
0.47
0.55
0.49
0.58
0.47
0.44
0.49
0.49
0.45
0.56
0.55
0.54
0.63
0.47
0.49
0.50
0.48
0.42
0.45
0.40
0.40
0.40
0.38
0.36
0.37
0.51
0.50
0.51
0.55
CorWatt	PkgWatt
15.40	127.40
0.52	127.41
0.46
0.44
0.48
0.59
0.50
0.56
0.54
0.41
0.49
0.43
0.41
0.50
0.55
0.52
0.50
0.47
0.53
0.51
0.51
0.48
0.46
0.42
0.49
0.36
0.41
0.38
0.37
0.54
0.50
0.50
0.54
CorWatt	PkgWatt
18.33	130.05
0.58	130.05
0.51
0.51
0.55
0.61
0.56
0.63
0.66
0.50
0.53
0.51
0.62
0.57
0.61
0.56
0.56
0.70
0.80
0.73
0.70
0.59
0.64
0.58
0.64
0.36
0.37
0.39
0.42
0.57
0.55
0.61
0.60
