CorWatt	PkgWatt
15.02	127.27
0.51	127.26
0.47
0.48
0.45
0.52
0.49
0.49
0.49
0.45
0.51
0.47
0.47
0.52
0.52
0.50
0.54
0.49
0.49
0.48
0.49
0.41
0.40
0.43
0.40
0.36
0.36
0.37
0.36
0.52
0.51
0.58
0.50
CorWatt	PkgWatt
14.91	126.46
0.54	127.07
0.50
0.47
0.43
0.51
0.50
0.51
0.52
0.42
0.49
0.46
0.44
0.52
0.54
0.50
0.55
0.49
0.50
0.46
0.46
0.41
0.39
0.42
0.41
0.36
0.35
0.39
0.35
0.52
0.50
0.54
0.50
CorWatt	PkgWatt
16.73	129.22
0.57	128.63
0.49
0.51
0.49
0.55
0.53
0.59
0.54
0.59
0.54
0.52
0.50
0.69
0.69
0.66
0.69
0.52
0.51
0.50
0.49
0.41
0.50
0.45
0.42
0.47
0.38
0.39
0.38
0.54
0.52
0.54
0.51
CorWatt	PkgWatt
18.15	129.71
0.75	129.57
0.55
0.59
0.49
0.66
0.55
0.55
0.60
0.52
0.51
0.43
0.61
0.68
0.57
0.63
0.61
0.56
0.51
0.51
0.51
0.44
0.48
0.47
0.44
0.65
0.54
0.52
0.53
0.71
0.66
0.56
0.77
