CorWatt	PkgWatt
154.91	366.07
2.45	184.81
2.49
2.47
2.42
2.46
2.44
2.47
2.44
2.37
2.35
2.37
2.37
2.39
2.37
2.38
2.37
2.46
2.48
2.48
2.45
2.48
2.52
2.52
2.47
2.43
2.41
2.44
2.44
2.41
2.40
2.43
2.41
2.40	184.44
2.43
2.45
2.40
2.43
2.42
2.45
2.42
2.36
2.41
2.36
2.38
2.42
2.40
2.40
2.37
2.36
2.39
2.39
2.36
2.43
2.43
2.46
2.45
2.37
2.40
2.38
2.37
2.39
2.40
2.43
2.36
CorWatt	PkgWatt
153.37	365.38
2.43	185.13
2.45
2.45
2.44
2.47
2.44
2.45
2.47
2.37
2.36
2.35
2.41
2.42
2.39
2.40
2.39
2.43
2.46
2.48
2.48
2.48
2.52
2.48
2.50
2.48
2.56
2.47
2.45
2.42
2.44
2.41
2.41
2.41	185.09
2.44
2.46
2.43
2.43
2.45
2.47
2.48
2.40
2.42
2.39
2.39
2.43
2.39
2.45
2.38
2.39
2.40
2.37
2.39
2.44
2.45
2.44
2.44
2.41
2.44
2.39
2.40
2.42
2.44
2.44
2.41
CorWatt	PkgWatt
152.07	360.88
2.44	183.89
2.51
2.49
2.38
2.48
2.41
2.45
2.41
2.36
2.40
2.33
2.37
2.32
2.36
2.38
2.36
2.41
2.42
2.43
2.45
2.50
2.47
2.48
2.41
2.43
2.43
2.45
2.42
2.38
2.40
2.40
2.40
2.37	181.35
2.37
2.38
2.38
2.37
2.40
2.38
2.39
2.32
2.34
2.33
2.29
2.33
2.33
2.33
2.35
2.32
2.33
2.32
2.32
2.56
2.41
2.38
2.38
2.29
2.33
2.33
2.33
2.34
2.32
2.35
2.30
CorWatt	PkgWatt
146.23	352.43
2.34	177.02
2.34
2.35
2.31
2.36
2.32
2.34
2.33
2.26
2.22
2.23
2.27
2.26
2.23
2.25
2.28
2.30
2.33
2.33
2.29
2.37
2.39
2.38
2.34
2.33
2.34
2.33
2.33
2.28
2.29
2.36
2.31
2.33	176.69
2.30
2.31
2.32
2.30
2.32
2.32
2.30
2.28
2.26
2.28
2.25
2.26
2.28
2.29
2.26
2.23
2.27
2.27
2.27
2.33
2.32
2.31
2.32
2.22
2.26
2.26
2.26
2.28
2.27
2.28
2.26
CorWatt	PkgWatt
154.67	371.42
2.38	180.25
2.40
2.40
2.35
2.42
2.39
2.42
2.40
2.31
2.29
2.31
2.32
2.30
2.31
2.36
2.35
2.40
2.39
2.42
2.38
2.44
2.45
2.41
2.41
2.39
2.42
2.38
2.39
2.34
2.37
2.41
2.35
2.35	180.19
2.35
2.40
2.38
2.35
2.35
2.39
2.39
2.32
2.32
2.36
2.31
2.32
2.34
2.33
2.33
2.30
2.32
2.33
2.31
2.40
2.39
2.40
2.38
2.31
2.35
2.36
2.33
2.33
2.36
2.36
2.36
CorWatt	PkgWatt
150.90	360.76
2.42	182.05
2.41
2.45
2.39
2.42
2.39
2.42
2.42
2.32
2.33
2.35
2.35
2.32
2.37
2.36
2.37
2.45
2.43
2.44
2.40
2.44
2.46
2.43
2.46
2.41
2.42
2.40
2.41
2.35
2.39
2.38
2.37
2.37	181.52
2.35
2.41
2.40
2.36
2.46
2.40
2.42
2.35
2.34
2.35
2.33
2.37
2.32
2.38
2.37
2.32
2.35
2.33
2.32
2.41
2.40
2.40
2.39
2.33
2.34
2.36
2.34
2.31
2.37
2.35
2.33
CorWatt	PkgWatt
153.97	367.39
2.46	183.86
2.47
2.45
2.40
2.43
2.46
2.44
2.47
2.36
2.40
2.33
2.39
2.37
2.41
2.37
2.39
2.44
2.42
2.49
2.43
2.47
2.50
2.50
2.44
2.42
2.43
2.46
2.41
2.40
2.37
2.38
2.40
2.42	183.22
2.41
2.42
2.39
2.42
2.39
2.43
2.41
2.38
2.39
2.40
2.32
2.40
2.42
2.39
2.36
2.38
2.36
2.32
2.36
2.44
2.42
2.43
2.41
2.36
2.35
2.39
2.38
2.37
2.38
2.35
2.37
CorWatt	PkgWatt
153.05	364.59
2.40	183.36
2.41
2.44
2.42
2.42
2.41
2.45
2.44
2.37
2.36
2.34
2.39
2.37
2.38
2.34
2.35
2.43
2.41
2.50
2.43
2.49
2.49
2.49
2.42
2.43
2.44
2.40
2.41
2.36
2.40
2.39
2.38
2.39	182.60
2.41
2.42
2.39
2.41
2.40
2.40
2.40
2.37
2.34
2.32
2.34
2.37
2.40
2.36
2.38
2.34
2.32
2.38
2.38
2.43
2.39
2.39
2.42
2.34
2.35
2.35
2.38
2.36
2.38
2.37
2.34
CorWatt	PkgWatt
151.95	362.74
2.39	182.81
2.45
2.43
2.38
2.41
2.40
2.40
2.43
2.34
2.36
2.32
2.37
2.36
2.36
2.33
2.33
2.39
2.42
2.45
2.42
2.45
2.44
2.45
2.40
2.41
2.42
2.38
2.41
2.35
2.36
2.40
2.35
2.42	182.30
2.39
2.40
2.38
2.39
2.38
2.38
2.39
2.35
2.34
2.35
2.32
2.38
2.39
2.36
2.35
2.33
2.32
2.35
2.38
2.39
2.38
2.41
2.37
2.34
2.35
2.38
2.36
2.36
2.36
2.40
2.31
CorWatt	PkgWatt
156.34	375.92
2.42	184.70
2.47
2.42
2.39
2.48
2.45
2.43
2.45
2.38
2.38
2.37
2.40
2.38
2.37
2.36
2.37
2.45
2.40
2.48
2.46
2.49
2.49
2.46
2.45
2.42
2.45
2.40
2.44
2.39
2.44
2.45
2.39
2.44	184.54
2.42
2.41
2.46
2.41
2.43
2.43
2.40
2.35
2.39
2.37
2.38
2.37
2.39
2.38
2.38
2.34
2.33
2.38
2.39
2.41
2.46
2.44
2.44
2.40
2.40
2.40
2.35
2.37
2.41
2.42
2.37
CorWatt	PkgWatt
154.45	371.20
2.46	186.78
2.46
2.47
2.45
2.46
2.45
2.50
2.47
2.37
2.40
2.35
2.41
2.38
2.38
2.38
2.37
2.42
2.44
2.49
2.45
2.50
2.51
2.50
2.47
2.46
2.45
2.40
2.50
2.40
2.43
2.43
2.44
2.46	186.79
2.44
2.45
2.45
2.42
2.42
2.45
2.42
2.39
2.41
2.44
2.39
2.40
2.45
2.42
2.39
2.38
2.38
2.39
2.40
2.49
2.46
2.43
2.46
2.39
2.40
2.38
2.39
2.43
2.44
2.41
2.37
CorWatt	PkgWatt
156.85	372.87
2.51	186.75
2.49
2.49
2.43
2.47
2.47
2.48
2.48
2.39
2.45
2.37
2.46
2.43
2.40
2.41
2.42
2.46
2.47
2.49
2.46
2.52
2.55
2.54
2.52
2.47
2.45
2.46
2.51
2.43
2.44
2.52
2.45
2.47	186.31
2.45
2.45
2.43
2.44
2.47
2.47
2.44
2.39
2.41
2.40
2.42
2.42
2.42
2.43
2.42
2.40
2.39
2.41
2.44
2.50
2.46
2.46
2.48
2.42
2.42
2.41
2.41
2.47
2.43
2.44
2.40
