CorWatt	PkgWatt
15.27	128.23
0.50	127.44
0.46
0.49
0.50
0.51
0.52
0.51
0.55
0.43
0.47
0.40
0.42
0.53
0.53
0.53
0.52
0.49
0.57
0.49
0.48
0.39
0.40
0.40
0.43
0.37
0.36
0.46
0.39
0.54
0.55
0.52
0.52
CorWatt	PkgWatt
14.97	126.90
0.49	126.97
0.45
0.49
0.50
0.51
0.50
0.50
0.49
0.39
0.48
0.39
0.43
0.56
0.54
0.52
0.53
0.48
0.50
0.48
0.46
0.41
0.39
0.40
0.43
0.39
0.40
0.42
0.36
0.52
0.52
0.53
0.51
CorWatt	PkgWatt
20.43	132.41
0.65	132.40
0.54
0.67
0.69
0.62
0.69
0.64
0.69
0.68
0.54
0.51
0.57
0.61
0.68
0.59
0.69
0.65
0.68
0.76
0.67
0.61
0.55
0.60
0.67
0.60
0.54
0.60
0.53
0.82
0.66
0.73
0.69
CorWatt	PkgWatt
16.09	127.87
0.53	127.85
0.48
0.52
0.53
0.53
0.49
0.51
0.54
0.42
0.47
0.43
0.49
0.54
0.54
0.53
0.54
0.50
0.51
0.48
0.49
0.46
0.44
0.41
0.45
0.42
0.44
0.47
0.44
0.62
0.67
0.62
0.59
CorWatt	PkgWatt
15.46	127.41
0.56	127.40
0.49
0.59
0.51
0.54
0.54
0.56
0.55
0.39
0.44
0.41
0.45
0.50
0.51
0.52
0.51
0.46
0.49
0.44
0.47
0.48
0.40
0.39
0.43
0.40
0.37
0.46
0.38
0.56
0.53
0.57
0.59
CorWatt	PkgWatt
16.35	128.15
0.58	128.17
0.50
0.60
0.53
0.55
0.57
0.57
0.55
0.47
0.49
0.46
0.50
0.55
0.56
0.58
0.58
0.47
0.53
0.48
0.46
0.46
0.44
0.44
0.44
0.44
0.40
0.48
0.42
0.57
0.56
0.57
0.55
CorWatt	PkgWatt
16.03	127.66
0.57	127.65
0.46
0.49
0.45
0.51
0.49
0.54
0.55
0.42
0.53
0.45
0.48
0.52
0.51
0.54
0.58
0.49
0.52
0.48
0.48
0.49
0.45
0.43
0.46
0.41
0.41
0.47
0.43
0.57
0.67
0.62
0.59
CorWatt	PkgWatt
15.53	127.46
0.50	127.45
0.44
0.53
0.48
0.54
0.52
0.58
0.52
0.50
0.51
0.43
0.47
0.56
0.55
0.56
0.56
0.44
0.50
0.47
0.45
0.45
0.41
0.42
0.42
0.40
0.38
0.43
0.35
0.54
0.52
0.57
0.51
CorWatt	PkgWatt
15.14	127.08
0.51	127.07
0.42
0.45
0.42
0.52
0.49
0.55
0.55
0.49
0.48
0.41
0.45
0.56
0.58
0.55
0.56
0.47
0.48
0.44
0.45
0.48
0.38
0.39
0.38
0.37
0.35
0.46
0.35
0.53
0.51
0.58
0.54
CorWatt	PkgWatt
15.59	127.60
0.53	127.60
0.46
0.48
0.44
0.50
0.54
0.55
0.54
0.46
0.52
0.44
0.49
0.64
0.62
0.56
0.58
0.44
0.47
0.46
0.46
0.44
0.38
0.39
0.38
0.40
0.36
0.46
0.36
0.55
0.56
0.56
0.56
CorWatt	PkgWatt
15.11	127.14
0.54	127.13
0.44
0.48
0.44
0.48
0.49
0.50
0.54
0.44
0.49
0.40
0.47
0.61
0.56
0.54
0.54
0.44
0.51
0.47
0.47
0.43
0.39
0.39
0.38
0.39
0.35
0.43
0.35
0.51
0.52
0.57
0.55
CorWatt	PkgWatt
15.59	127.71
0.53	127.71
0.43
0.49
0.43
0.54
0.55
0.53
0.56
0.47
0.53
0.43
0.46
0.62
0.58
0.56
0.52
0.46
0.52
0.48
0.47
0.45
0.39
0.44
0.43
0.41
0.36
0.45
0.35
0.52
0.56
0.56
0.52
CorWatt	PkgWatt
19.30	130.56
0.78	130.57
0.63
0.60
0.60
0.65
0.77
0.74
0.69
0.49
0.56
0.54
0.56
0.69
0.66
0.63
0.69
0.65
0.67
0.58
0.60
0.65
0.61
0.52
0.60
0.45
0.37
0.47
0.38
0.58
0.64
0.62
0.61
