CorWatt	PkgWatt
15.16	127.30
0.52	127.30
0.46
0.52
0.45
0.51
0.51
0.51
0.51
0.48
0.46
0.49
0.41
0.55
0.55
0.56
0.56
0.47
0.46
0.45
0.47
0.42
0.40
0.40
0.40
0.39
0.38
0.37
0.38
0.53
0.52
0.55
0.52
CorWatt	PkgWatt
14.57	126.72
0.54	126.70
0.44
0.51
0.44
0.51
0.50
0.49
0.47
0.45
0.44
0.38
0.39
0.53
0.52
0.53
0.51
0.44
0.47
0.44
0.47
0.42
0.38
0.38
0.40
0.38
0.40
0.36
0.35
0.51
0.50
0.52
0.50
CorWatt	PkgWatt
62.30	175.26
0.95	175.39
1.94
1.98
1.93
2.04
2.03
2.05
2.00
1.95
1.96
1.87
1.96
2.03
2.05
2.03
2.06
1.99
3.49
1.84
1.86
1.90
1.87
1.76
1.76
1.89
1.90
1.76
1.72
2.01
1.98
1.91
1.85
CorWatt	PkgWatt
49.58	164.18
0.66	164.14
1.57
1.61
1.58
1.62
1.64
1.62
1.58
1.58
1.60
1.55
1.54
1.68
1.68
1.68
1.67
1.64
2.36
1.46
1.47
1.55
1.51
1.37
1.35
1.49
1.48
1.38
1.34
1.67
1.65
1.52
1.50
