CorWatt	PkgWatt
15.67	127.57
0.52	127.58
0.48
0.52
0.54
0.62
0.55
0.51
0.54
0.39
0.51
0.40
0.49
0.54
0.55
0.52
0.53
0.52
0.51
0.48
0.49
0.41
0.43
0.43
0.44
0.40
0.40
0.40
0.41
0.53
0.54
0.55
0.52
CorWatt	PkgWatt
14.66	126.59
0.50	126.69
0.44
0.48
0.50
0.51
0.55
0.49
0.56
0.40
0.49
0.40
0.44
0.50
0.52
0.49
0.51
0.47
0.48
0.44
0.46
0.42
0.39
0.40
0.39
0.35
0.36
0.36
0.38
0.51
0.49
0.50
0.49
CorWatt	PkgWatt
20.46	131.58
0.64	131.52
0.58
0.67
0.67
0.68
0.77
0.72
0.62
0.55
0.60
0.53
0.61
0.62
0.68
0.66
0.65
0.60
0.66
0.69
0.65
0.65
0.63
0.54
0.64
0.59
0.56
0.67
0.66
0.69
0.67
0.62
0.67
CorWatt	PkgWatt
15.74	127.54
0.51	127.52
0.43
0.46
0.53
0.54
0.57
0.54
0.50
0.44
0.52
0.39
0.47
0.59
0.53
0.54
0.55
0.46
0.49
0.48
0.51
0.40
0.42
0.39
0.40
0.45
0.44
0.47
0.54
0.55
0.51
0.56
0.55
CorWatt	PkgWatt
15.55	127.40
0.52	127.39
0.47
0.52
0.54
0.49
0.52
0.54
0.51
0.46
0.55
0.43
0.45
0.54
0.63
0.55
0.57
0.46
0.47
0.45
0.48
0.41
0.40
0.44
0.40
0.40
0.38
0.42
0.42
0.51
0.50
0.51
0.58
CorWatt	PkgWatt
15.68	127.32
0.51	127.32
0.46
0.48
0.55
0.49
0.59
0.51
0.53
0.46
0.53
0.42
0.48
0.54
0.51
0.54
0.53
0.46
0.47
0.45
0.50
0.40
0.41
0.43
0.38
0.44
0.44
0.48
0.47
0.57
0.56
0.55
0.55
CorWatt	PkgWatt
15.81	127.55
0.52	127.55
0.43
0.48
0.57
0.51
0.58
0.54
0.57
0.47
0.56
0.45
0.50
0.57
0.57
0.51
0.56
0.45
0.45
0.45
0.49
0.40
0.41
0.41
0.43
0.44
0.40
0.44
0.41
0.56
0.52
0.54
0.64
CorWatt	PkgWatt
15.69	127.35
0.49	127.35
0.44
0.52
0.56
0.50
0.54
0.54
0.51
0.51
0.51
0.43
0.43
0.57
0.57
0.55
0.56
0.51
0.50
0.50
0.50
0.41
0.43
0.45
0.42
0.39
0.40
0.42
0.44
0.52
0.50
0.51
0.53
CorWatt	PkgWatt
15.43	127.26
0.48	127.26
0.43
0.52
0.54
0.54
0.53
0.51
0.54
0.41
0.49
0.41
0.45
0.50
0.53
0.50
0.55
0.49
0.48
0.46
0.50
0.38
0.42
0.39
0.40
0.42
0.39
0.49
0.42
0.58
0.54
0.56
0.56
CorWatt	PkgWatt
15.26	126.97
0.52	126.97
0.47
0.51
0.56
0.54
0.50
0.60
0.56
0.40
0.46
0.41
0.41
0.54
0.58
0.53
0.52
0.48
0.49
0.49
0.51
0.39
0.41
0.39
0.39
0.36
0.37
0.43
0.41
0.51
0.49
0.54
0.49
CorWatt	PkgWatt
15.63	127.44
0.53	127.45
0.49
0.50
0.57
0.56
0.51
0.52
0.56
0.42
0.47
0.40
0.47
0.50
0.55
0.51
0.51
0.57
0.50
0.48
0.47
0.42
0.45
0.44
0.42
0.43
0.37
0.38
0.44
0.56
0.51
0.58
0.52
CorWatt	PkgWatt
15.15	127.00
0.53	126.99
0.54
0.53
0.52
0.57
0.55
0.53
0.51
0.39
0.47
0.37
0.41
0.50
0.54
0.51
0.51
0.47
0.46
0.44
0.49
0.40
0.38
0.41
0.44
0.37
0.35
0.44
0.42
0.53
0.49
0.54
0.53
CorWatt	PkgWatt
19.04	129.90
0.66	129.99
0.58
0.62
0.68
0.59
0.74
0.58
0.58
0.54
0.62
0.57
0.57
0.69
0.67
0.65
0.61
0.57
0.55
0.53
0.60
0.50
0.59
0.50
0.50
0.45
0.48
0.55
0.50
0.70
0.63
0.72
0.71
