CorWatt	PkgWatt
15.22	127.34
0.53	127.36
0.52
0.48
0.44
0.52
0.54
0.51
0.50
0.51
0.46
0.48
0.44
0.55
0.53
0.54
0.53
0.46
0.48
0.46
0.49
0.41
0.42
0.44
0.42
0.37
0.37
0.37
0.37
0.55
0.52
0.52
0.51
CorWatt	PkgWatt
14.96	126.78
0.49	126.88
0.48
0.45
0.45
0.51
0.50
0.51
0.48
0.47
0.46
0.42
0.41
0.60
0.52
0.55
0.56
0.45
0.48
0.46
0.49
0.40
0.41
0.43
0.40
0.38
0.37
0.36
0.36
0.58
0.51
0.52
0.50
CorWatt	PkgWatt
62.04	175.26
0.89	175.26
1.89
1.93
1.88
2.05
1.95
2.01
1.93
1.98
3.53
2.06
1.96
2.18
2.21
2.18
2.17
1.92
1.93
1.76
1.77
1.86
1.83
1.72
1.70
1.85
1.84
1.68
1.67
2.02
1.99
1.86
1.84
CorWatt	PkgWatt
47.86	161.98
0.63	161.89
1.51
1.56
1.52
1.59
1.62
1.61
1.59
1.53
2.21
1.47
1.48
1.64
1.64
1.66
1.64
1.56
1.53
1.38
1.42
1.49
1.49
1.33
1.29
1.41
1.40
1.28
1.27
1.61
1.58
1.45
1.43
