CorWatt	PkgWatt
150.83	367.86
2.32	186.08
2.34
2.37
2.32
2.41
4.00
2.34
2.38
2.31
2.29
2.26
2.74
2.26
2.21
2.29
2.27
2.40
2.39
2.37
2.34
2.41
2.34
2.37
2.40
2.28
2.31
3.96
2.37
2.30
2.33
2.27
2.28
2.38	181.36
2.32
2.29
2.35
2.30
2.31
2.26
2.42
2.23
2.27
2.22
2.22
2.28
2.24
2.26
2.25
2.20
2.25
2.22
2.28
2.32
2.23
2.30
2.24
2.24
2.20
2.22
2.33
2.25
2.27
2.22
2.23
CorWatt	PkgWatt
145.36	359.02
2.34	181.47
2.30
2.33
2.33
2.30
2.26
2.32
2.30
2.25
2.27
2.26
2.28
2.21
2.22
2.27
2.25
2.28
2.36
2.31
2.23
2.36
2.32
2.33
2.34
2.30
2.32
2.34
2.35
2.24
2.28
2.28
2.26
2.35	180.78
2.28
2.26
2.26
2.27
2.28
2.27
2.34
2.24
2.26
2.21
2.24
2.33
2.25
2.25
2.23
2.23
2.29
2.21
2.26
2.39
2.26
2.30
2.27
2.22
2.22
2.24
2.31
2.30
2.27
2.24
2.34
CorWatt	PkgWatt
178.82	360.62
3.02	204.51
3.07
2.69
3.02
2.78
3.10
3.02
3.01
2.73
2.98
2.98
2.99
3.08
3.22
3.10
3.10
3.32
3.20
3.04
3.08
3.41
3.19
3.31
3.02
3.06
3.60
3.14
3.11
3.16
3.27
3.37
3.54
3.15	198.94
3.07
2.78
2.99
2.82
3.14
2.99
3.08
2.97
2.73
2.80
3.08
3.08
2.80
3.15
3.08
2.91
2.85
3.43
3.07
2.93
2.72
2.81
2.84
2.82
2.86
2.85
2.69
3.01
2.79
3.18
2.75
CorWatt	PkgWatt
271.76	527.51
4.33	228.28
4.34
3.18
3.36
3.69
2.55
3.70
3.35
3.67
3.69
3.96
3.93
3.93
4.44
3.66
4.15
4.21
4.04
4.44
4.16
4.44
4.51
4.37
4.32
4.41
3.85
3.53
3.86
2.83
4.11
3.84
2.98
4.45	223.68
3.81
3.80
4.11
2.92
3.78
3.82
3.45
4.27
4.50
2.98
3.74
4.20
4.13
4.11
4.02
3.17
3.50
4.01
4.32
3.70
3.89
3.58
3.59
4.57
4.10
3.86
3.15
3.02
2.53
3.97
3.28
CorWatt	PkgWatt
260.86	470.03
4.60	230.47
4.51
3.64
4.03
4.02
3.48
4.02
3.72
4.30
4.27
4.04
4.30
3.87
4.03
3.87
4.42
4.70
4.28
4.37
3.84
4.28
4.13
4.41
4.13
4.05
4.31
3.80
4.00
3.71
3.95
3.65
3.31
3.89	226.30
4.20
4.28
4.42
3.19
2.95
3.47
3.23
3.67
3.88
3.44
3.65
3.79
3.96
4.22
4.28
3.86
3.89
3.97
4.22
3.72
3.72
3.87
3.59
3.71
3.85
3.87
4.29
4.83
3.48
4.57
4.05
