CorWatt	PkgWatt
15.62	128.39
0.55	128.40
0.54
0.54
0.49
0.54
0.56
0.53
0.52
0.49
0.47
0.43
0.52
0.54
0.54
0.52
0.56
0.49
0.47
0.47
0.49
0.42
0.44
0.41
0.43
0.38
0.38
0.40
0.37
0.57
0.52
0.54
0.52
CorWatt	PkgWatt
14.78	127.51
0.50	127.48
0.52
0.49
0.45
0.53
0.55
0.49
0.55
0.46
0.45
0.42
0.38
0.52
0.53
0.51
0.52
0.45
0.46
0.45
0.46
0.39
0.42
0.41
0.41
0.36
0.36
0.38
0.35
0.51
0.51
0.51
0.49
CorWatt	PkgWatt
67.80	182.51
0.92	182.65
2.12
2.17
2.13
2.22
2.27
2.22
2.18
2.17
2.31
3.55
2.07
2.29
2.24
2.27
2.26
2.20
2.17
1.97
2.02
2.10
2.08
1.91
1.90
2.00
2.03
1.80
1.83
2.20
2.23
2.02
2.01
