CorWatt	PkgWatt
4.25	153.20
0.09	77.18
0.08
0.08
0.08
0.08
0.12
0.07
0.07
0.06
0.06
0.07
0.06
0.06
0.06
0.06
0.06
0.08
0.08
0.08
0.08
0.08
0.07
0.07
0.07
0.07
0.07
0.07
0.07
0.06
0.06
0.06
0.06
0.08	75.27
0.06
0.06
0.06
0.06
0.06
0.06
0.06
0.06
0.06
0.06
0.06
0.06
0.06
0.06
0.06
0.06
0.06
0.06
0.06
0.06
0.06
0.06
0.06
0.06
0.06
0.06
0.06
0.06
0.06
0.06
0.06
CorWatt	PkgWatt
4.32	150.94
0.08	75.77
0.08
0.08
0.08
0.07
0.07
0.07
0.07
0.06
0.06
0.06
0.06
0.06
0.06
0.06
0.06
0.08
0.08
0.08
0.08
0.08
0.07
0.07
0.07
0.07
0.07
0.07
0.07
0.06
0.06
0.06
0.06
0.07	75.41
0.06
0.06
0.06
0.07
0.06
0.06
0.06
0.07
0.07
0.06
0.10
0.06
0.07
0.07
0.06
0.06
0.07
0.08
0.06
0.06
0.06
0.08
0.06
0.06
0.06
0.12
0.06
0.07
0.06
0.06
0.06
CorWatt	PkgWatt
13.68	179.59
0.24	88.59
0.16
0.26
0.12
0.10
0.23
0.21
0.11
0.23
0.09
0.10
0.20
0.21
0.09
0.10
0.18
0.38
0.24
0.22
0.21
0.13
0.24
0.23
0.11
0.11
0.27
0.10
0.19
0.20
0.11
0.10
0.19
0.32	91.29
0.27
0.25
0.20
0.24
0.20
0.19
0.24
0.57
0.44
0.17
0.14
0.20
0.26
0.19
0.21
0.17
0.33
0.19
0.23
0.38
0.24
0.36
0.33
0.28
0.19
0.17
0.24
0.21
0.22
0.22
0.21
CorWatt	PkgWatt
4.83	155.77
0.09	77.91
0.09
0.10
0.09
0.08
0.08
0.09
0.08
0.07
0.07
0.07
0.09
0.08
0.07
0.07
0.11
0.08
0.10
0.08
0.08
0.09
0.10
0.08
0.08
0.08
0.07
0.09
0.08
0.07
0.07
0.11
0.11
0.07	77.39
0.07
0.07
0.07
0.07
0.07
0.07
0.07
0.07
0.06
0.06
0.06
0.06
0.07
0.06
0.06
0.06
0.06
0.07
0.06
0.07
0.07
0.07
0.08
0.07
0.07
0.07
0.06
0.07
0.07
0.06
0.06
CorWatt	PkgWatt
4.49	154.65
0.08	77.19
0.08
0.08
0.08
0.07
0.07
0.07
0.07
0.06
0.06
0.06
0.06
0.06
0.06
0.06
0.06
0.07
0.08
0.08
0.08
0.08
0.07
0.07
0.07
0.07
0.07
0.06
0.07
0.06
0.06
0.06
0.06
0.08	77.53
0.07
0.07
0.11
0.07
0.07
0.07
0.08
0.07
0.06
0.06
0.07
0.07
0.06
0.06
0.07
0.11
0.07
0.07
0.11
0.07
0.07
0.08
0.07
0.08
0.07
0.06
0.06
0.08
0.06
0.06
0.07
CorWatt	PkgWatt
10.31	166.53
0.11	80.59
0.09
0.10
0.10
0.09
0.09
0.09
0.09
0.08
0.07
0.08
0.08
0.09
0.08
0.08
0.08
0.15
0.16
0.15
0.15
0.11
0.10
0.10
0.09
0.09
0.10
0.09
0.09
0.08
0.08
0.08
0.08
0.13	86.00
0.12
0.12
0.13
0.13
0.11
0.11
0.10
0.18
0.13
0.13
0.11
0.11
0.11
0.11
0.15
0.14
0.15
0.14
3.23
0.13
0.15
0.12
0.13
0.17
0.13
0.12
0.12
0.14
0.12
0.13
0.12
CorWatt	PkgWatt
12.40	164.97
0.09	77.38
0.08
0.08
0.08
0.07
0.07
0.08
0.07
0.07
0.07
0.06
0.06
0.06
0.06
0.14
0.06
0.08
0.08
0.08
0.08
0.09
0.07
0.07
0.07
0.07
0.07
0.07
0.07
0.07
0.07
0.06
0.07
0.14	87.45
0.13
0.13
0.14
0.14
0.20
0.14
0.14
0.13
0.12
0.12
0.12
0.12
0.12
0.12
0.14
0.18
0.18
0.17
5.63
0.15
0.14
0.14
0.20
0.13
0.15
0.13
0.13
0.14
0.13
0.13
0.13
CorWatt	PkgWatt
12.36	164.68
0.09	77.28
0.08
0.08
0.08
0.07
0.07
0.08
0.07
0.07
0.06
0.06
0.06
0.06
0.06
0.06
0.06
0.08
0.08
0.08
0.08
0.09
0.08
0.08
0.07
0.07
0.07
0.07
0.07
0.06
0.06
0.06
0.07
0.13	87.42
0.13
0.13
0.20
0.14
0.15
0.14
0.13
0.13
0.13
0.12
0.12
0.13
0.17
0.13
0.12
0.18
0.18
0.18
5.67
0.14
0.14
0.14
0.15
0.13
0.14
0.13
0.14
0.14
0.12
0.12
0.12
CorWatt	PkgWatt
12.32	164.70
0.09	77.19
0.08
0.08
0.08
0.07
0.07
0.07
0.07
0.06
0.06
0.06
0.06
0.06
0.06
0.06
0.06
0.08
0.08
0.08
0.08
0.08
0.07
0.07
0.07
0.07
0.07
0.07
0.07
0.06
0.06
0.06
0.06
0.14	87.46
0.17
0.14
0.17
0.14
0.16
0.14
0.14
0.14
0.12
0.12
0.12
0.12
0.12
0.17
0.13
0.18
0.18
0.18
5.65
0.14
0.16
0.14
0.14
0.14
0.14
0.13
0.13
0.13
0.12
0.13
0.13
CorWatt	PkgWatt
12.16	161.09
0.09	75.50
0.08
0.08
0.08
0.07
0.07
0.08
0.07
0.06
0.06
0.06
0.06
0.06
0.06
0.06
0.06
0.08
0.08
0.07
0.08
0.08
0.07
0.07
0.07
0.07
0.07
0.07
0.07
0.06
0.06
0.06
0.06
0.17	85.58
0.14
0.17
0.13
0.13
0.15
0.14
0.13
0.14
0.13
0.12
0.12
0.13
0.12
0.12
0.16
0.18
0.18
0.17
5.60
0.15
0.14
0.13
0.14
0.14
0.13
0.15
0.13
0.13
0.13
0.12
0.12
CorWatt	PkgWatt
12.17	164.42
0.08	77.06
0.08
0.08
0.08
0.07
0.07
0.07
0.07
0.06
0.06
0.06
0.06
0.06
0.06
0.06
0.06
0.07
0.07
0.07
0.07
0.08
0.07
0.07
0.07
0.06
0.06
0.06
0.06
0.06
0.06
0.06
0.06
0.14	87.42
0.18
0.14
0.13
0.14
0.15
0.14
0.14
0.13
0.13
0.12
0.12
0.13
0.12
0.12
0.13
0.18
0.18
0.17
5.64
0.15
0.21
0.14
0.14
0.14
0.14
0.14
0.13
0.13
0.12
0.14
0.12
CorWatt	PkgWatt
12.27	164.69
0.09	77.21
0.08
0.08
0.08
0.08
0.07
0.08
0.07
0.06
0.06
0.07
0.06
0.06
0.06
0.06
0.06
0.08
0.08
0.08
0.08
0.09
0.07
0.07
0.08
0.07
0.07
0.07
0.07
0.06
0.07
0.06
0.06
0.14	87.40
0.13
0.20
0.14
0.13
0.14
0.13
0.14
0.13
0.12
0.12
0.13
0.13
0.14
0.13
0.17
0.18
0.18
0.18
5.61
0.16
0.15
0.14
0.14
0.14
0.14
0.13
0.13
0.13
0.13
0.13
0.12
CorWatt	PkgWatt
13.45	168.45
0.10	77.80
0.08
0.09
0.08
0.08
0.08
0.08
0.07
0.07
0.07
0.07
0.07
0.06
0.06
0.06
0.06
0.08
0.09
0.08
0.08
0.09
0.08
0.09
0.08
0.07
0.07
0.07
0.07
0.07
0.07
0.07
0.07
0.17	90.69
0.15
0.17
0.18
0.16
0.17
0.17
0.15
0.19
0.15
0.16
0.14
0.15
0.14
0.14
0.23
0.18
0.18
0.18
5.66
0.20
0.21
0.20
0.19
0.15
0.19
0.17
0.15
0.21
0.15
0.18
0.22
