CorWatt	PkgWatt
15.40	127.81
0.52	127.81
0.52
0.48
0.47
0.51
0.52
0.49
0.51
0.47
0.46
0.40
0.45
0.60
0.52
0.54
0.57
0.48
0.51
0.47
0.52
0.41
0.43
0.40
0.42
0.38
0.38
0.41
0.38
0.55
0.55
0.55
0.52
CorWatt	PkgWatt
14.57	126.96
0.52	127.04
0.45
0.45
0.42
0.48
0.49
0.48
0.48
0.44
0.45
0.39
0.39
0.50
0.51
0.51
0.56
0.47
0.52
0.44
0.46
0.39
0.41
0.38
0.38
0.35
0.36
0.37
0.39
0.53
0.55
0.52
0.49
CorWatt	PkgWatt
62.46	176.38
0.99	176.38
1.97
1.99
1.98
2.00
2.02
2.04
1.94
2.02
1.92
1.94
1.88
2.03
2.04
2.15
2.15
2.01
1.95
1.78
1.78
1.83
1.84
1.67
1.70
1.96
1.88
1.72
1.74
2.27
3.41
1.93
1.90
CorWatt	PkgWatt
50.18	165.53
0.73	165.49
1.64
1.63
1.59
1.65
1.65
1.64
1.60
1.57
1.56
1.54
1.52
1.68
1.66
1.66
1.69
1.63
1.61
1.46
1.48
1.54
1.57
1.41
1.37
1.51
1.53
1.38
1.37
1.71
2.46
1.61
1.55
