CorWatt	PkgWatt
15.50	127.85
0.54	127.84
0.48
0.49
0.45
0.51
0.52
0.52
0.51
0.50
0.44
0.44
0.41
0.52
0.54
0.52
0.52
0.49
0.53
0.61
0.53
0.45
0.44
0.43
0.42
0.39
0.39
0.40
0.39
0.53
0.53
0.53
0.54
CorWatt	PkgWatt
14.84	127.26
0.52	127.23
0.44
0.46
0.45
0.49
0.51
0.48
0.48
0.49
0.43
0.40
0.39
0.50
0.51
0.52
0.51
0.48
0.52
0.50
0.54
0.41
0.40
0.42
0.43
0.39
0.38
0.37
0.37
0.52
0.50
0.50
0.51
CorWatt	PkgWatt
17.89	129.78
0.58	129.83
0.53
0.57
0.50
0.57
0.56
0.54
0.55
0.61
0.64
0.59
0.57
0.68
0.70
0.70
0.77
0.54
0.53
0.59
0.65
0.50
0.42
0.46
0.46
0.44
0.46
0.45
0.50
0.56
0.54
0.57
0.57
CorWatt	PkgWatt
15.14	127.42
0.50	127.35
0.45
0.54
0.45
0.51
0.52
0.50
0.51
0.51
0.50
0.43
0.46
0.53
0.53
0.56
0.60
0.46
0.50
0.48
0.48
0.41
0.39
0.39
0.40
0.38
0.37
0.40
0.37
0.52
0.51
0.51
0.51
