CorWatt	PkgWatt
4.61	153.18
0.09	76.83
0.09
0.09
0.09
0.08
0.08
0.08
0.08
0.07
0.07
0.07
0.07
0.07
0.07
0.07
0.07
0.08
0.08
0.08
0.08
0.09
0.08
0.08
0.08
0.08
0.08
0.08
0.08
0.07
0.07
0.07
0.07
0.07	76.34
0.07
0.06
0.06
0.06
0.06
0.06
0.06
0.06
0.06
0.06
0.06
0.06
0.06
0.06
0.06
0.06
0.06
0.06
0.06
0.07
0.07
0.07
0.07
0.07
0.07
0.07
0.16
0.06
0.06
0.06
0.06
CorWatt	PkgWatt
4.87	151.90
0.10	76.51
0.09
0.11
0.10
0.08
0.08
0.10
0.09
0.07
0.07
0.15
0.07
0.08
0.07
0.07
0.11
0.09
0.09
0.10
0.08
0.09
0.08
0.08
0.09
0.08
0.08
0.09
0.08
0.07
0.07
0.07
0.12
0.08	75.90
0.11
0.11
0.06
0.06
0.06
0.06
0.06
0.06
0.06
0.06
0.06
0.06
0.06
0.06
0.06
0.06
0.06
0.06
0.06
0.07
0.06
0.07
0.06
0.07
0.07
0.08
0.07
0.06
0.06
0.06
0.06
CorWatt	PkgWatt
7.36	161.91
0.30	80.79
0.23
0.24
0.23
0.11
0.11
0.10
0.10
0.10
0.10
0.09
0.09
0.08
0.08
0.08
0.10
0.10
0.10
0.10
0.10
0.11
0.10
0.11
0.10
0.09
0.09
0.11
0.09
0.08
0.08
0.08
0.08
0.14	80.66
0.14
0.13
0.19
0.13
0.09
0.08
0.09
0.09
0.09
0.12
0.08
0.14
0.14
0.09
0.09
0.13
0.10
0.10
0.17
0.10
0.10
0.10
0.11
0.14
0.10
0.13
0.10
0.13
0.13
0.13
0.10
CorWatt	PkgWatt
4.76	151.88
0.09	75.88
0.09
0.10
0.09
0.08
0.08
0.08
0.08
0.07
0.07
0.07
0.07
0.07
0.07
0.07
0.07
0.08
0.08
0.08
0.08
0.09
0.08
0.08
0.08
0.08
0.08
0.09
0.08
0.07
0.07
0.07
0.07
0.07	75.92
0.07
0.07
0.07
0.07
0.07
0.07
0.07
0.07
0.07
0.07
0.07
0.07
0.07
0.07
0.07
0.07
0.07
0.07
0.07
0.09
0.08
0.07
0.07
0.07
0.07
0.08
0.08
0.07
0.08
0.07
0.07
CorWatt	PkgWatt
4.81	151.64
0.09	75.83
0.09
0.09
0.09
0.08
0.08
0.08
0.08
0.07
0.07
0.07
0.07
0.07
0.07
0.07
0.07
0.08
0.08
0.08
0.08
0.09
0.08
0.08
0.08
0.08
0.08
0.09
0.08
0.07
0.07
0.07
0.07
0.07	75.87
0.07
0.07
0.07
0.07
0.07
0.07
0.07
0.07
0.07
0.07
0.07
0.07
0.07
0.07
0.07
0.07
0.07
0.07
0.07
0.08
0.10
0.08
0.08
0.07
0.07
0.08
0.07
0.07
0.08
0.07
0.07
