CorWatt	PkgWatt
336.76	491.98
4.91	241.83
4.74
5.31
5.12
5.15
4.61
5.62
4.87
4.49
4.68
5.07
5.35
5.95
4.43
4.46
4.43
5.09
5.46
4.63
5.47
5.06
6.33
6.04
5.88
5.83
4.85
5.61
4.93
5.98
4.54
4.66
5.37
6.01	245.48
3.86
6.42
5.99
6.02
5.06
5.78
4.77
5.10
5.36
4.89
5.38
5.89
4.89
4.90
5.70
5.27
5.00
6.03
5.15
4.72
5.25
5.22
4.39
4.69
4.68
6.04
4.42
6.02
5.89
5.68
6.38
CorWatt	PkgWatt
382.24	592.38
5.21	242.88
4.62
5.69
5.11
5.34
4.70
5.27
4.71
4.38
4.83
5.01
5.67
5.67
4.35
4.37
4.35
5.28
5.35
4.60
5.38
5.10
4.82
5.76
5.90
5.34
5.92
5.29
4.90
6.35
4.64
4.65
5.07
5.28	245.38
5.24
5.90
5.63
4.77
5.77
5.47
4.80
5.00
4.28
4.94
5.41
5.77
5.14
4.54
4.93
4.45
5.17
5.83
4.36
4.75
5.56
5.97
5.17
5.19
5.75
4.81
5.59
5.37
3.47
5.73
6.44
CorWatt	PkgWatt
322.39	488.20
5.60	243.05
4.31
5.38
5.44
5.18
4.59
5.05
4.47
4.26
4.72
4.64
5.45
5.06
4.41
4.30
4.20
5.04
4.83
4.41
5.20
5.36
5.20
5.62
5.23
5.31
5.74
5.71
4.54
6.35
5.41
4.59
4.82
5.35	245.37
4.53
5.11
4.06
5.08
4.88
5.33
4.34
5.36
4.84
5.23
5.38
4.96
5.18
5.00
5.15
4.13
5.19
5.59
4.30
3.92
6.02
5.51
5.85
5.71
5.67
5.52
5.32
4.54
3.81
5.05
6.15
CorWatt	PkgWatt
337.00	489.52
5.50	243.71
4.98
5.72
5.49
4.86
4.85
4.45
4.81
4.50
4.96
4.71
5.90
5.47
5.09
4.53
4.44
4.94
4.65
4.57
5.45
5.64
5.06
6.19
5.60
5.68
5.43
6.59
4.99
6.21
6.25
4.72
4.90
5.78	245.62
5.74
5.10
3.57
5.92
5.13
5.84
4.65
5.40
4.82
5.66
5.36
5.24
5.59
4.65
5.69
5.55
5.33
5.36
4.83
4.64
5.36
6.19
6.05
5.89
5.45
5.51
5.36
5.00
4.86
5.35
4.88
CorWatt	PkgWatt
340.82	489.79
6.05	244.28
5.22
5.68
5.48
5.04
4.77
4.38
4.58
4.60
4.98
4.76
5.65
5.67
5.12
4.53
4.57
4.78
4.51
4.60
5.57
6.24
4.59
6.49
5.54
5.63
5.39
6.84
5.07
6.79
6.39
4.99
4.67
5.53	245.27
6.01
5.53
3.72
5.06
5.54
6.19
4.90
5.49
4.18
5.58
5.15
6.09
5.19
4.69
5.43
5.83
4.85
5.76
5.04
4.83
5.37
5.99
5.66
5.67
5.00
6.52
6.10
5.17
4.27
6.31
4.88
