CorWatt	PkgWatt
6.09	158.08
0.11	78.91
0.10
0.10
0.10
0.10
0.10
0.10
0.10
0.09
0.09
0.09
0.09
0.09
0.08
0.08
0.08
0.10
0.10
0.10
0.10
0.11
0.10
0.10
0.10
0.10
0.10
0.10
0.10
0.09
0.09
0.09
0.09
0.10	79.16
0.10
0.10
0.10
0.10
0.10
0.18
0.10
0.08
0.08
0.08
0.08
0.08
0.08
0.08
0.08
0.10
0.10
0.09
0.10
0.10
0.10
0.10
0.10
0.09
0.09
0.09
0.09
0.08
0.08
0.08
0.09
CorWatt	PkgWatt
5.62	154.40
0.10	77.26
0.09
0.09
0.09
0.09
0.09
0.09
0.09
0.08
0.08
0.08
0.08
0.08
0.08
0.08
0.08
0.09
0.09
0.09
0.10
0.11
0.10
0.10
0.10
0.09
0.09
0.09
0.09
0.08
0.08
0.08
0.08
0.09	77.21
0.09
0.08
0.09
0.12
0.09
0.09
0.09
0.08
0.07
0.07
0.08
0.08
0.09
0.07
0.07
0.09
0.09
0.10
0.09
0.09
0.09
0.09
0.09
0.09
0.08
0.09
0.08
0.07
0.07
0.07
0.12
CorWatt	PkgWatt
15.87	185.28
0.17	88.51
0.13
0.13
0.13
0.27
0.29
0.27
0.26
0.12
0.11
0.11
0.11
0.11
0.15
0.11
0.11
0.12
0.12
0.12
0.12
0.13
0.12
0.12
0.12
0.12
0.12
0.12
0.12
0.11
0.11
0.11
0.12
0.26	96.81
0.34
0.25
0.24
0.31
0.32
0.29
0.30
2.37
0.26
0.26
0.27
0.29
0.27
0.31
0.27
0.30
0.22
0.31
0.24
0.27
0.35
0.39
0.31
0.32
0.27
0.36
0.26
0.23
0.24
0.39
0.32
