CorWatt	PkgWatt
15.38	127.40
0.51	127.41
0.44
0.47
0.47
0.55
0.53
0.50
0.51
0.40
0.47
0.42
0.52
0.52
0.52
0.51
0.53
0.52
0.51
0.49
0.56
0.39
0.39
0.40
0.40
0.46
0.37
0.45
0.42
0.55
0.55
0.53
0.53
CorWatt	PkgWatt
15.25	127.32
0.49	127.31
0.44
0.47
0.43
0.56
0.52
0.49
0.49
0.41
0.47
0.39
0.45
0.56
0.54
0.59
0.56
0.51
0.50
0.47
0.60
0.44
0.39
0.40
0.39
0.45
0.37
0.43
0.37
0.54
0.51
0.52
0.52
CorWatt	PkgWatt
21.63	132.67
0.72	132.72
0.62
0.64
0.68
0.77
0.67
0.68
0.71
0.59
0.73
0.62
0.65
0.76
0.74
0.72
0.77
0.60
0.68
0.67
0.74
0.52
0.49
0.60
0.69
0.57
0.70
0.62
0.59
0.82
0.69
0.82
0.78
CorWatt	PkgWatt
17.14	128.57
0.59	128.55
0.48
0.48
0.49
0.55
0.54
0.54
0.57
0.48
0.49
0.41
0.53
0.57
0.54
0.67
0.53
0.52
0.57
0.50
0.58
0.43
0.40
0.56
0.55
0.51
0.50
0.50
0.54
0.67
0.59
0.58
0.66
CorWatt	PkgWatt
16.14	127.97
0.58	127.97
0.49
0.51
0.51
0.56
0.53
0.51
0.68
0.44
0.47
0.37
0.50
0.56
0.55
0.57
0.56
0.53
0.55
0.48
0.59
0.44
0.38
0.43
0.43
0.38
0.47
0.47
0.42
0.57
0.55
0.53
0.53
CorWatt	PkgWatt
16.58	128.39
0.56	128.39
0.50
0.54
0.51
0.55
0.55
0.53
0.64
0.51
0.56
0.50
0.51
0.62
0.66
0.62
0.60
0.46
0.51
0.55
0.49
0.39
0.42
0.44
0.44
0.38
0.42
0.45
0.39
0.57
0.56
0.57
0.58
CorWatt	PkgWatt
15.34	127.41
0.53	127.39
0.45
0.45
0.45
0.49
0.52
0.50
0.60
0.44
0.49
0.44
0.43
0.58
0.54
0.56
0.62
0.44
0.47
0.47
0.53
0.42
0.41
0.41
0.41
0.37
0.44
0.44
0.37
0.58
0.51
0.50
0.50
CorWatt	PkgWatt
15.64	127.71
0.51	127.72
0.44
0.49
0.46
0.55
0.51
0.53
0.62
0.40
0.43
0.39
0.45
0.53
0.53
0.54
0.53
0.51
0.51
0.49
0.52
0.43
0.49
0.44
0.45
0.40
0.40
0.45
0.40
0.61
0.55
0.55
0.54
CorWatt	PkgWatt
15.33	127.34
0.52	127.33
0.44
0.47
0.44
0.49
0.51
0.50
0.58
0.44
0.44
0.39
0.44
0.54
0.53
0.55
0.53
0.45
0.50
0.45
0.46
0.41
0.39
0.43
0.41
0.40
0.42
0.49
0.41
0.57
0.55
0.62
0.57
CorWatt	PkgWatt
15.48	127.59
0.53	127.58
0.46
0.46
0.45
0.52
0.50
0.50
0.57
0.44
0.44
0.40
0.43
0.56
0.54
0.57
0.54
0.48
0.52
0.48
0.49
0.39
0.38
0.42
0.39
0.43
0.42
0.44
0.42
0.58
0.55
0.61
0.55
CorWatt	PkgWatt
15.40	127.41
0.52	127.42
0.43
0.45
0.43
0.49
0.54
0.53
0.57
0.41
0.45
0.42
0.44
0.50
0.50
0.55
0.52
0.46
0.49
0.53
0.54
0.45
0.40
0.43
0.44
0.42
0.41
0.46
0.40
0.55
0.55
0.55
0.56
CorWatt	PkgWatt
15.48	127.51
0.52	127.50
0.48
0.50
0.46
0.54
0.60
0.52
0.54
0.43
0.48
0.38
0.45
0.53
0.50
0.55
0.51
0.45
0.50
0.45
0.46
0.40
0.46
0.41
0.38
0.43
0.41
0.47
0.41
0.57
0.55
0.61
0.55
CorWatt	PkgWatt
19.49	130.50
0.70	130.51
0.59
0.68
0.59
0.58
0.62
0.55
0.62
0.52
0.57
0.54
0.51
0.66
0.64
0.70
0.67
0.59
0.61
0.55
0.57
0.62
0.58
0.53
0.51
0.57
0.54
0.58
0.64
0.72
0.71
0.64
0.79
