CorWatt	PkgWatt
156.04	373.43
2.47	185.23
2.45
2.46
2.44
2.43
2.42
2.49
2.44
2.35
2.40
2.34
2.39
2.36
2.40
2.43
2.37
2.46
2.46
2.49
2.45
2.50
2.52
2.50
2.46
2.44
2.46
2.46
2.46
2.42
2.43
2.43
2.42
2.44	185.41
2.42
2.45
2.44
2.41
2.45
2.47
2.42
2.36
2.39
2.38
2.41
2.40
2.42
2.41
2.39
2.37
2.41
2.36
2.42
2.46
2.46
2.47
2.45
2.40
2.40
2.39
2.42
2.38
2.43
2.42
2.39
CorWatt	PkgWatt
153.93	369.22
2.45	183.73
2.42
2.40
2.38
2.40
2.44
2.44
2.44
2.31
2.34
2.36
2.33
2.34
2.37
2.34
2.39
2.43
2.37
2.45
2.43
2.47
2.46
2.45
2.42
2.41
2.40
2.40
2.43
2.37
2.40
2.38
2.39
2.37	183.49
2.37
2.42
2.39
2.36
2.41
2.38
2.38
2.33
2.36
2.36
2.39
2.37
2.40
2.38
2.37
2.32
2.36
2.35
2.41
2.40
2.42
2.40
2.38
2.33
2.36
2.34
2.38
2.42
2.40
2.39
2.35
CorWatt	PkgWatt
172.77	407.69
2.62	187.62
2.52
2.51
2.58
2.57
2.54
2.57
2.63
2.48
2.45
2.46
2.48
2.53
2.53
2.55
2.50
2.54
2.61
2.66
2.59
2.69
2.68
2.57
2.61
2.51
2.63
2.55
2.52
2.59
2.44
2.53
2.58
2.62	188.00
2.54
2.59
2.59
2.54
2.62
2.52
2.58
2.52
2.48
2.50
2.58
2.48
2.54
2.51
2.56
2.47
2.56
2.60
2.56
2.69
2.60
2.57
2.63
2.53
2.53
2.52
2.59
2.58
2.62
2.59
2.49
CorWatt	PkgWatt
285.64	483.40
4.49	240.51
4.37
4.41
4.31
4.37
4.54
4.52
4.49
4.08
4.12
4.20
4.36
4.24
4.45
4.39
4.48
4.39
4.33
4.51
4.49
4.68
4.53
4.52
4.51
4.52
4.44
4.32
4.42
4.38
4.37
4.57
4.55
4.66	242.90
4.36
4.63
4.53
4.56
4.56
4.36
4.36
4.32
4.32
4.37
4.65
4.56
4.55
4.55
4.62
4.24
4.53
4.53
4.49
4.64
4.64
4.56
4.51
4.33
4.49
4.54
4.62
4.58
4.62
4.61
4.44
