CorWatt	PkgWatt
15.49	127.90
0.53	127.90
0.48
0.47
0.48
0.51
0.54
0.56
0.50
0.48
0.45
0.44
0.40
0.53
0.58
0.58
0.67
0.52
0.48
0.48
0.50
0.46
0.42
0.41
0.42
0.39
0.38
0.39
0.38
0.53
0.51
0.51
0.52
CorWatt	PkgWatt
15.07	126.82
0.50	127.53
0.44
0.46
0.45
0.49
0.51
0.53
0.49
0.47
0.47
0.40
0.43
0.55
0.57
0.56
0.55
0.50
0.46
0.49
0.50
0.47
0.40
0.40
0.42
0.38
0.37
0.39
0.36
0.54
0.51
0.51
0.54
CorWatt	PkgWatt
18.25	130.73
0.57	130.04
0.50
0.50
0.53
0.57
0.60
0.62
0.58
0.55
0.60
0.54
0.49
0.76
0.66
0.61
0.63
0.61
0.59
0.52
0.59
0.50
0.46
0.49
0.53
0.50
0.52
0.52
0.46
0.69
0.65
0.61
0.65
CorWatt	PkgWatt
15.88	128.11
0.49	128.01
0.46
0.50
0.46
0.50
0.52
0.55
0.52
0.47
0.45
0.44
0.41
0.53
0.54
0.52
0.57
0.56
0.59
0.60
0.58
0.45
0.43
0.42
0.41
0.38
0.38
0.38
0.38
0.54
0.58
0.59
0.67
