CorWatt	PkgWatt
15.13	127.26
0.53	127.26
0.45
0.49
0.43
0.49
0.56
0.50
0.50
0.43
0.44
0.48
0.42
0.53
0.56
0.58
0.59
0.48
0.50
0.47
0.49
0.40
0.39
0.39
0.39
0.36
0.36
0.40
0.36
0.55
0.51
0.54
0.54
CorWatt	PkgWatt
14.58	126.31
0.52	126.47
0.43
0.47
0.43
0.48
0.54
0.48
0.47
0.42
0.48
0.37
0.38
0.54
0.51
0.56
0.55
0.45
0.48
0.45
0.46
0.39
0.40
0.38
0.40
0.35
0.36
0.37
0.35
0.55
0.49
0.56
0.51
CorWatt	PkgWatt
62.66	175.86
0.96	175.75
1.97
2.03
2.03
2.02
2.05
2.03
1.96
1.97
1.91
1.90
1.86
2.05
2.10
2.05
2.05
1.96
1.95
1.81
1.87
1.91
1.89
1.72
1.70
1.90
1.89
1.78
1.72
2.16
2.07
2.13
3.27
CorWatt	PkgWatt
48.97	163.26
0.67	163.22
1.58
1.58
1.55
1.60
1.62
1.64
1.56
1.50
1.54
1.49
1.46
1.63
1.68
1.67
1.64
1.56
1.57
1.43
1.45
1.52
1.53
1.36
1.35
1.50
1.46
1.33
1.36
1.70
1.67
1.52
2.23
