CorWatt	PkgWatt
15.00	127.14
0.52	127.14
0.44
0.46
0.46
0.52
0.49
0.49
0.49
0.42
0.45
0.42
0.42
0.57
0.59
0.56
0.57
0.46
0.49
0.46
0.52
0.40
0.48
0.43
0.44
0.35
0.35
0.37
0.35
0.52
0.50
0.51
0.50
CorWatt	PkgWatt
15.16	127.39
0.51	127.44
0.43
0.44
0.44
0.53
0.49
0.49
0.49
0.40
0.43
0.45
0.40
0.65
0.66
0.60
0.66
0.45
0.48
0.47
0.50
0.40
0.45
0.42
0.39
0.36
0.37
0.40
0.37
0.53
0.50
0.51
0.51
CorWatt	PkgWatt
18.04	129.93
0.57	129.91
0.55
0.50
0.59
0.62
0.53
0.54
0.64
0.48
0.49
0.47
0.58
0.70
0.75
0.63
0.70
0.53
0.59
0.51
0.59
0.45
0.50
0.43
0.53
0.47
0.50
0.47
0.44
0.69
0.67
0.64
0.69
CorWatt	PkgWatt
16.72	128.38
0.58	128.09
0.52
0.51
0.50
0.55
0.55
0.62
0.55
0.44
0.51
0.45
0.50
0.56
0.59
0.55
0.57
0.52
0.52
0.51
0.65
0.44
0.49
0.44
0.45
0.42
0.42
0.43
0.42
0.61
0.60
0.60
0.64
