CorWatt	PkgWatt
15.14	127.57
0.51	127.56
0.46
0.52
0.48
0.52
0.53
0.51
0.55
0.42
0.45
0.43
0.45
0.54
0.52
0.52
0.56
0.48
0.46
0.54
0.47
0.40
0.42
0.38
0.42
0.35
0.35
0.37
0.48
0.52
0.50
0.50
0.51
CorWatt	PkgWatt
15.19	127.27
0.54	127.52
0.47
0.51
0.51
0.53
0.51
0.52
0.54
0.45
0.48
0.39
0.41
0.54
0.52
0.51
0.53
0.47
0.49
0.52
0.47
0.41
0.44
0.39
0.44
0.37
0.38
0.38
0.41
0.54
0.51
0.51
0.51
CorWatt	PkgWatt
21.24	133.24
0.67	133.02
0.62
0.62
0.62
0.72
0.68
0.71
0.66
0.61
0.65
0.55
0.66
0.77
0.70
0.69
0.89
0.57
0.59
0.72
0.62
0.56
0.57
0.54
0.64
0.62
0.57
0.56
0.58
0.90
0.81
0.83
0.73
CorWatt	PkgWatt
15.69	127.86
0.51	127.84
0.44
0.49
0.49
0.54
0.52
0.53
0.51
0.46
0.52
0.40
0.43
0.52
0.53
0.51
0.57
0.48
0.59
0.57
0.51
0.46
0.46
0.45
0.50
0.36
0.39
0.46
0.41
0.53
0.56
0.50
0.51
CorWatt	PkgWatt
15.78	128.09
0.50	128.09
0.46
0.54
0.49
0.55
0.53
0.54
0.52
0.44
0.49
0.40
0.40
0.52
0.52
0.52
0.63
0.53
0.47
0.56
0.52
0.44
0.44
0.48
0.49
0.39
0.35
0.42
0.37
0.58
0.58
0.53
0.56
CorWatt	PkgWatt
17.25	128.91
0.57	128.94
0.52
0.64
0.58
0.55
0.66
0.58
0.56
0.50
0.53
0.47
0.47
0.60
0.62
0.59
0.68
0.54
0.49
0.55
0.56
0.44
0.49
0.43
0.48
0.41
0.43
0.41
0.45
0.62
0.57
0.62
0.63
CorWatt	PkgWatt
15.65	127.90
0.49	127.86
0.44
0.53
0.47
0.50
0.50
0.52
0.52
0.44
0.50
0.51
0.47
0.57
0.57
0.58
0.57
0.52
0.49
0.55
0.49
0.44
0.43
0.41
0.45
0.35
0.35
0.41
0.39
0.57
0.52
0.52
0.58
CorWatt	PkgWatt
15.64	127.91
0.50	127.91
0.44
0.54
0.49
0.52
0.50
0.51
0.52
0.44
0.46
0.38
0.40
0.56
0.55
0.53
0.56
0.48
0.52
0.57
0.50
0.47
0.42
0.38
0.50
0.38
0.40
0.41
0.43
0.58
0.54
0.55
0.60
CorWatt	PkgWatt
15.61	127.81
0.49	127.80
0.46
0.53
0.53
0.54
0.50
0.53
0.52
0.43
0.47
0.41
0.41
0.53
0.54
0.53
0.52
0.50
0.49
0.56
0.49
0.39
0.40
0.38
0.45
0.41
0.40
0.43
0.44
0.58
0.62
0.57
0.57
CorWatt	PkgWatt
15.77	128.04
0.52	128.04
0.46
0.47
0.53
0.51
0.52
0.55
0.52
0.48
0.49
0.42
0.51
0.56
0.59
0.57
0.60
0.49
0.48
0.55
0.50
0.39
0.40
0.40
0.47
0.36
0.37
0.41
0.42
0.57
0.54
0.55
0.58
CorWatt	PkgWatt
15.49	127.80
0.56	127.81
0.48
0.51
0.52
0.50
0.49
0.52
0.48
0.41
0.46
0.39
0.43
0.52
0.54
0.50
0.55
0.50
0.50
0.57
0.49
0.39
0.40
0.39
0.45
0.41
0.40
0.41
0.43
0.54
0.61
0.56
0.58
CorWatt	PkgWatt
16.27	128.36
0.56	128.36
0.53
0.50
0.53
0.54
0.54
0.57
0.53
0.48
0.50
0.44
0.42
0.55
0.56
0.51
0.56
0.52
0.52
0.55
0.60
0.48
0.45
0.40
0.51
0.38
0.41
0.45
0.45
0.54
0.59
0.52
0.56
CorWatt	PkgWatt
18.39	130.05
0.64	130.10
0.49
0.52
0.52
0.55
0.53
0.57
0.54
0.60
0.67
0.63
0.63
0.78
0.80
0.82
0.83
0.58
0.54
0.55
0.54
0.42
0.45
0.42
0.53
0.39
0.41
0.47
0.42
0.63
0.62
0.63
0.68
