CorWatt	PkgWatt
29.47	185.84
0.44	92.95
0.20
0.24
1.41
0.39
0.49
2.01
0.22
0.26
0.41
0.36
0.19
0.19
0.18
0.18
0.76
0.20
0.20
0.20
0.65
0.32
0.94
0.35
0.21
0.17
0.18
0.17
0.44
0.27
0.27
1.14
1.43
0.21	92.22
0.20
2.87
0.21
4.22
0.22
0.22
0.21
0.15
0.15
0.16
0.16
0.19
0.20
2.10
0.19
0.16
0.17
0.17
0.16
0.18
0.18
0.18
0.18
0.16
0.17
0.17
0.17
0.16
0.16
0.15
0.16
CorWatt	PkgWatt
26.47	180.88
0.37	92.23
0.24
0.22
3.06
0.21
0.24
0.36
0.95
0.37
0.18
0.28
0.23
0.17
0.17
0.17
0.56
0.20
0.40
0.21
0.43
0.23
0.19
0.71
0.33
0.21
0.20
0.23
0.78
0.27
0.28
0.80
1.80
0.17	88.76
0.17
0.16
0.16
4.21
0.22
0.22
0.21
0.15
0.15
0.15
0.17
0.19
0.19
2.11
0.19
0.16
0.17
0.17
0.16
0.17
0.17
0.18
0.18
0.16
0.16
0.16
0.16
0.16
0.15
0.15
0.15
CorWatt	PkgWatt
32.31	203.95
0.49	102.10
1.64
0.45
0.45
0.56
0.70
0.30
0.29
0.45
0.53
0.56
0.49
0.29
0.69
0.40
0.48
0.65
0.40
0.41
0.33
0.40
0.32
0.64
0.50
0.38
0.53
0.42
0.37
0.39
0.46
0.55
0.51
0.27	102.32
0.25
0.25
0.58
2.62
0.25
0.31
0.24
2.68
0.29
0.26
0.29
0.21
0.21
2.11
0.31
0.31
0.26
0.19
0.26
0.26
0.19
0.24
0.35
0.31
0.42
0.30
0.23
0.71
0.64
0.25
0.24
CorWatt	PkgWatt
26.31	184.61
0.35	93.69
2.36
0.31
0.37
0.30
0.22
0.28
0.33
0.19
0.19
0.50
0.57
0.19
0.19
0.19
0.80
0.20
1.27
0.20
0.38
0.33
0.20
0.42
0.21
0.20
0.20
0.20
2.99
0.18
0.18
0.28
0.47
0.17	89.64
0.17
0.17
0.19
2.12
0.22
0.22
0.21
0.17
0.16
0.15
0.18
0.19
0.20
2.76
0.19
0.24
0.17
0.17
0.17
0.20
0.19
0.18
0.80
0.20
0.17
0.16
0.16
0.16
0.16
0.15
0.18
CorWatt	PkgWatt
28.95	186.02
0.39	93.46
0.25
1.02
0.24
0.34
0.35
0.31
0.22
0.17
0.17
0.41
0.29
0.24
0.24
0.32
1.70
3.39
0.23
0.22
0.24
1.34
0.20
0.37
0.20
0.19
0.19
0.19
0.71
0.17
0.17
0.17
0.39
0.19	92.59
0.17
0.17
0.19
2.12
0.22
0.22
0.22
0.16
0.15
0.15
0.17
0.19
0.20
3.69
0.20
0.17
0.17
0.16
0.18
0.21
0.22
0.21
2.82
0.16
0.16
0.16
0.23
0.17
0.16
0.15
0.20
CorWatt	PkgWatt
32.47	197.22
0.32	92.80
0.20
0.20
0.25
0.19
0.19
0.20
0.24
0.17
0.18
0.17
0.66
0.18
0.19
0.19
0.45
0.21
0.21
3.78
0.26
0.21
0.20
0.22
0.20
0.18
0.18
0.19
0.32
0.18
0.20
0.22
0.20
0.26	104.42
0.34
0.38
0.54
2.12
0.24
0.25
0.25
0.25
0.68
0.29
1.05
0.46
0.21
2.51
0.24
0.64
1.03
0.24
0.28
0.32
0.32
2.09
2.34
0.22
0.63
0.26
0.21
0.24
0.50
0.25
1.93
CorWatt	PkgWatt
32.88	197.87
0.32	95.83
0.20
0.20
1.78
0.17
0.17
0.29
0.18
0.16
0.16
0.91
0.16
0.15
0.15
0.15
0.22
0.21
0.23
6.01
0.22
0.18
0.17
0.17
0.17
0.16
0.16
0.16
0.16
0.16
0.16
0.20
0.21
0.38	101.95
0.21
0.20
0.62
3.02
0.23
0.22
0.21
0.62
0.35
0.22
0.40
0.21
0.19
1.34
0.42
0.23
0.35
0.24
0.67
0.31
0.30
2.31
1.00
0.23
0.22
0.18
0.69
2.59
0.19
0.19
0.29
CorWatt	PkgWatt
31.41	188.09
0.21	89.29
0.17
0.18
0.17
0.17
0.17
0.17
0.17
0.15
0.15
0.15
0.15
0.15
0.15
0.15
0.15
0.22
0.23
6.00
0.23
0.18
0.17
0.17
0.17
0.16
0.16
0.16
0.16
0.16
0.19
0.18
0.16
0.19	99.85
0.23
0.23
0.31
3.61
0.23
0.22
0.22
0.27
0.30
0.76
2.38
0.20
0.19
0.50
0.43
0.22
0.33
0.21
0.70
0.30
0.26
0.44
1.37
0.20
0.24
0.38
0.58
4.17
0.21
0.20
0.20
CorWatt	PkgWatt
28.75	186.30
0.19	89.09
0.17
0.17
0.17
0.16
0.16
0.16
0.19
0.14
0.14
0.14
0.15
0.14
0.14
0.14
0.14
0.21
0.23
5.95
0.22
0.18
0.17
0.17
0.17
0.16
0.15
0.15
0.16
0.16
0.20
0.16
0.16
0.45	96.21
0.24
0.24
0.24
1.90
0.27
0.22
0.21
0.23
0.23
1.55
0.28
0.21
0.35
0.29
0.72
0.36
0.93
0.24
0.67
0.25
0.21
0.20
1.30
0.18
0.20
0.20
0.39
4.15
0.20
0.19
0.20
CorWatt	PkgWatt
27.22	184.01
0.21	89.13
0.17
0.17
0.17
0.16
0.16
0.16
0.17
0.14
0.14
0.14
0.14
0.14
0.14
0.14
0.14
0.21
0.23
5.97
0.22
0.18
0.17
0.17
0.16
0.16
0.15
0.15
0.16
0.16
0.18
0.18
0.16
0.22	94.85
0.33
0.38
0.30
0.25
0.38
0.22
0.36
0.23
1.16
0.23
0.47
0.17
0.18
0.47
0.29
0.45
0.25
1.29
0.24
0.21
0.21
0.21
2.75
0.23
0.22
0.30
0.85
2.66
0.20
0.19
0.19
CorWatt	PkgWatt
28.84	185.56
0.20	89.49
0.17
0.19
0.17
0.17
0.16
0.16
0.19
0.16
0.15
0.15
0.21
0.15
0.15
0.17
0.16
0.21
0.23
5.98
0.22
0.19
0.18
0.18
0.20
0.17
0.16
0.17
0.17
0.16
0.18
0.20
0.16
0.20	96.09
0.20
0.20
1.40
0.30
0.53
0.19
0.21
1.77
1.39
0.24
0.24
0.31
0.19
0.72
0.24
0.31
0.24
1.15
0.31
0.21
0.21
0.21
2.32
0.40
0.19
0.22
0.53
2.10
0.20
0.19
0.20
CorWatt	PkgWatt
33.07	186.17
0.22	87.78
0.18
0.19
0.18
0.18
0.17
0.17
0.21
0.16
0.16
0.17
0.16
0.15
0.15
0.15
0.17
0.21
0.23
5.97
0.23
0.20
0.17
0.17
0.17
0.16
0.18
0.17
0.17
0.17
0.22
0.21
0.18
0.21	98.35
0.21
0.21
3.90
0.27
1.55
0.25
0.28
0.50
0.19
0.19
0.32
0.21
0.19
0.28
1.98
0.62
0.25
0.58
0.97
0.21
0.21
0.21
3.51
0.31
0.20
0.56
0.45
2.10
0.20
0.19
0.20
CorWatt	PkgWatt
30.95	189.54
0.23	92.76
0.24
0.32
0.22
0.25
0.18
0.18
0.24
0.22
0.20
0.17
0.20
0.20
0.18
0.21
0.24
0.22
0.23
5.98
0.22
0.23
0.23
0.22
0.23
0.25
0.21
0.18
0.19
0.19
0.32
0.23
0.19
0.17	96.76
0.17
0.16
0.21
0.18
0.22
0.19
0.18
0.17
0.15
0.15
0.15
0.20
0.19
0.20
2.43
0.20
0.21
0.20
4.07
0.21
0.22
0.21
4.23
0.34
0.16
0.16
0.16
2.11
0.19
0.19
0.20
