CorWatt	PkgWatt
4.66	152.72
0.09	76.77
0.09
0.09
0.09
0.08
0.09
0.09
0.08
0.08
0.08
0.08
0.08
0.07
0.07
0.07
0.07
0.09
0.09
0.09
0.09
0.10
0.09
0.09
0.09
0.08
0.08
0.08
0.08
0.08
0.08
0.08
0.08
0.06	75.98
0.07
0.06
0.07
0.07
0.07
0.07
0.06
0.06
0.06
0.06
0.06
0.06
0.06
0.06
0.06
0.07
0.06
0.06
0.06
0.07
0.07
0.07
0.07
0.06
0.06
0.06
0.06
0.06
0.06
0.06
0.06
CorWatt	PkgWatt
4.46	151.08
0.10	76.14
0.09
0.08
0.08
0.08
0.09
0.09
0.09
0.08
0.08
0.16
0.08
0.07
0.07
0.07
0.08
0.08
0.08
0.10
0.09
0.09
0.10
0.09
0.08
0.08
0.09
0.08
0.08
0.07
0.07
0.08
0.08
0.06	75.01
0.06
0.06
0.06
0.06
0.06
0.06
0.06
0.05
0.05
0.05
0.05
0.05
0.05
0.05
0.05
0.06
0.06
0.05
0.06
0.06
0.06
0.06
0.06
0.05
0.05
0.05
0.05
0.05
0.05
0.05
0.05
