CorWatt	PkgWatt
389.29	613.92
4.42	236.85
4.92
5.30
5.05
5.56
5.49
5.40
5.89
4.53
5.18
5.55
4.07
4.96
5.12
5.52
5.79
5.59
5.62
5.33
5.25
4.65
5.31
5.08
4.70
4.37
4.22
4.73
5.49
4.37
5.23
4.13
4.55
5.54	236.23
4.74
4.27
6.09
4.43
5.61
4.63
5.63
4.33
4.35
5.09
4.34
5.94
5.02
5.23
3.75
4.74
4.55
4.29
4.93
4.74
5.55
5.65
5.05
5.08
5.47
5.85
5.65
4.84
5.82
5.09
5.77
CorWatt	PkgWatt
323.31	479.83
5.05	245.06
6.17
5.70
6.02
5.48
5.81
4.89
5.28
4.68
3.83
5.13
4.38
5.29
5.88
5.56
5.64
5.17
5.83
4.86
4.97
4.51
5.09
4.75
5.23
5.96
6.51
5.42
5.85
4.36
3.83
4.58
5.43
4.68	234.68
4.72
4.96
5.39
4.91
5.11
4.98
5.02
4.82
5.03
4.91
4.78
4.86
4.95
4.91
4.80
4.70
5.18
4.81
4.74
4.69
4.89
5.07
4.60
4.96
4.71
4.91
4.47
4.88
4.95
4.71
5.01
CorWatt	PkgWatt
314.56	472.10
4.45	239.26
5.67
5.68
5.64
4.44
5.22
5.12
4.75
4.74
4.91
4.45
4.29
4.86
5.55
4.41
4.72
4.36
5.49
4.62
4.78
4.96
5.13
4.68
5.15
5.69
5.83
5.48
4.88
5.30
4.65
4.86
4.96
4.93	233.02
4.76
4.93
5.16
4.89
5.09
4.81
4.94
4.44
4.66
4.90
4.74
4.67
4.82
4.89
4.83
4.68
4.97
4.68
4.66
4.80
4.84
4.67
4.67
4.81
4.72
4.83
5.73
4.88
4.87
4.79
4.85
CorWatt	PkgWatt
298.29	457.96
3.83	226.71
4.37
4.65
4.85
5.31
4.07
5.43
5.05
5.18
4.62
3.87
4.24
4.48
4.60
4.34
4.29
5.29
5.26
5.18
4.80
4.45
4.40
4.33
4.76
5.73
5.03
5.58
5.22
4.16
4.51
4.68
4.31
5.40	231.07
4.84
4.80
4.71
4.68
4.82
4.89
5.20
3.85
4.30
3.51
4.75
4.35
4.58
4.07
4.37
4.13
3.54
4.76
4.11
4.69
4.34
4.26
4.51
4.90
4.95
4.80
5.60
4.79
4.93
5.01
4.93
CorWatt	PkgWatt
289.12	452.29
3.68	220.11
4.07
3.67
3.81
4.25
4.30
4.34
4.21
4.72
5.44
5.50
5.42
4.48
3.63
4.47
3.68
5.31
4.59
5.10
4.33
4.57
4.68
4.44
4.74
4.45
4.60
4.18
5.17
3.98
4.39
4.29
3.78
4.75	233.05
4.87
5.17
4.45
4.74
4.90
4.95
5.17
4.19
4.66
2.72
4.45
4.53
4.52
3.62
3.85
4.27
3.89
4.70
4.38
4.63
4.77
4.70
4.62
4.82
4.97
4.80
5.34
4.86
4.90
4.93
5.10
CorWatt	PkgWatt
304.45	471.42
5.25	234.50
5.10
3.88
3.68
4.47
4.81
4.06
4.75
3.76
7.18
6.60
6.51
4.81
4.47
4.85
4.19
4.07
3.99
4.17
4.24
5.21
5.66
6.04
4.93
3.90
4.79
4.05
4.03
4.64
5.21
6.01
6.35
4.55	236.70
4.94
5.25
4.49
5.01
5.02
4.95
5.14
4.51
4.56
4.81
4.47
4.92
4.48
2.93
3.57
4.42
3.87
4.51
4.74
4.38
4.58
4.87
4.63
4.82
5.04
4.80
4.43
4.75
4.86
5.47
4.86
CorWatt	PkgWatt
308.94	466.12
5.39	243.84
5.25
5.44
5.13
4.44
6.01
5.12
4.43
4.60
6.73
5.84
6.60
5.06
5.50
5.14
4.78
4.23
5.08
4.31
4.73
5.46
5.72
5.99
4.76
3.74
4.66
4.05
4.85
5.28
5.73
5.95
6.95
4.69	232.46
4.93
5.11
4.19
5.07
4.95
5.19
5.20
4.62
4.86
4.81
4.44
4.89
4.25
3.49
4.17
4.50
2.86
4.03
4.78
4.54
4.36
4.84
4.89
4.84
4.98
4.80
4.29
4.59
4.90
4.72
4.82
CorWatt	PkgWatt
306.67	475.12
4.53	233.11
4.37
4.26
4.39
4.76
4.57
3.97
4.34
3.84
3.85
3.72
3.82
4.71
5.17
5.12
4.87
3.81
4.50
4.51
4.46
5.99
5.37
5.52
5.12
5.14
5.28
4.77
4.99
5.33
6.34
5.77
6.88
4.69	231.20
4.82
4.93
4.87
4.86
4.86
5.02
5.42
4.38
5.11
4.73
4.52
4.83
3.99
3.75
4.24
4.31
3.23
3.32
3.51
4.60
4.80
4.86
4.79
4.70
5.36
4.69
5.18
4.74
4.64
4.75
4.37
CorWatt	PkgWatt
279.10	437.39
4.29	218.03
4.76
4.61
4.45
3.83
4.00
5.03
4.19
4.14
3.25
3.20
3.51
4.32
4.37
3.94
3.77
5.10
4.82
4.92
3.85
5.34
4.16
4.25
5.47
4.83
4.60
4.50
4.34
4.75
4.60
4.50
4.09
4.23	233.16
4.70
4.58
5.28
4.89
5.20
4.90
5.43
4.55
4.35
4.68
4.75
4.49
5.15
3.97
4.89
3.93
3.14
3.60
2.47
4.75
4.62
4.90
4.78
4.66
5.34
4.66
5.03
4.85
4.91
4.76
4.37
CorWatt	PkgWatt
300.36	466.16
5.24	222.53
4.35
3.99
4.69
4.93
5.04
4.84
4.83
5.00
4.17
4.76
4.43
3.71
3.49
4.88
5.39
5.95
5.51
4.34
5.28
4.26
4.73
4.48
4.43
4.73
4.76
4.85
4.76
3.67
3.82
4.26
3.28
4.25	229.99
4.13
4.24
4.82
4.77
4.95
5.22
5.72
4.67
4.33
4.52
4.75
4.30
4.93
4.20
4.82
3.56
2.76
3.71
2.60
4.76
4.97
5.18
4.80
4.63
4.90
4.74
4.90
5.07
5.28
4.82
4.69
CorWatt	PkgWatt
240.55	437.04
3.18	222.97
3.63
3.84
3.77
3.64
2.74
4.41
3.88
3.78
3.84
4.15
3.37
4.25
3.77
3.31
3.34
3.40
4.83
4.80
3.91
4.38
3.56
4.69
3.65
3.90
4.36
4.99
6.36
3.68
3.61
3.52
3.48
4.17	213.71
3.69
2.94
3.46
3.15
4.15
3.38
3.61
3.27
3.53
3.30
3.04
2.85
4.31
2.98
3.14
3.75
2.62
2.48
2.55
3.70
5.22
3.53
3.27
4.13
2.98
4.00
3.12
3.87
5.32
3.68
5.11
