CorWatt	PkgWatt
4.28	151.83
0.09	76.01
0.08
0.09
0.10
0.16
0.08
0.08
0.08
0.07
0.07
0.07
0.08
0.07
0.07
0.06
0.07
0.08
0.08
0.08
0.08
0.09
0.08
0.08
0.08
0.07
0.07
0.07
0.07
0.07
0.07
0.07
0.07
0.05	74.97
0.06
0.05
0.05
0.06
0.05
0.05
0.05
0.05
0.05
0.05
0.05
0.05
0.05
0.05
0.05
0.05
0.05
0.05
0.05
0.06
0.06
0.06
0.06
0.05
0.05
0.05
0.05
0.05
0.05
0.05
0.06
CorWatt	PkgWatt
4.53	151.26
0.09	76.04
0.08
0.14
0.08
0.10
0.08
0.08
0.08
0.07
0.07
0.08
0.09
0.07
0.07
0.08
0.09
0.08
0.09
0.09
0.08
0.10
0.08
0.08
0.08
0.07
0.11
0.08
0.07
0.07
0.07
0.07
0.08
0.06	75.24
0.06
0.06
0.06
0.06
0.06
0.06
0.06
0.05
0.06
0.05
0.06
0.05
0.05
0.05
0.05
0.06
0.06
0.06
0.06
0.08
0.07
0.07
0.07
0.06
0.06
0.06
0.06
0.05
0.05
0.06
0.06
CorWatt	PkgWatt
13.37	177.84
0.19	85.62
0.15
0.17
0.20
0.13
0.10
0.11
0.10
0.09
0.09
0.10
0.10
0.10
0.09
0.11
0.09
0.11
0.12
0.16
0.11
0.13
0.11
0.10
0.10
0.10
0.10
0.14
0.10
0.10
0.09
0.09
0.10
0.21	92.43
0.39
0.21
0.48
0.33
0.37
0.22
0.25
0.49
0.30
0.44
0.29
0.33
0.28
0.31
0.30
0.16
0.37
0.33
0.26
0.38
0.22
0.21
0.43
0.26
0.27
0.31
0.25
0.21
0.32
0.26
0.23
CorWatt	PkgWatt
4.74	155.30
0.09	77.51
0.08
0.08
0.08
0.08
0.08
0.08
0.08
0.06
0.06
0.07
0.06
0.06
0.06
0.06
0.06
0.08
0.08
0.08
0.08
0.08
0.07
0.07
0.07
0.07
0.07
0.07
0.07
0.06
0.06
0.06
0.06
0.07	77.75
0.07
0.07
0.09
0.07
0.07
0.07
0.08
0.07
0.06
0.07
0.07
0.12
0.10
0.08
0.08
0.07
0.07
0.07
0.09
0.08
0.08
0.09
0.08
0.07
0.10
0.07
0.06
0.06
0.06
0.06
0.09
CorWatt	PkgWatt
4.71	153.41
0.09	77.91
0.10
0.09
0.09
0.09
0.08
0.08
0.08
0.07
0.07
0.08
0.07
0.07
0.08
0.07
0.08
0.09
0.09
0.09
0.11
0.10
0.09
0.09
0.08
0.08
0.08
0.14
0.08
0.07
0.09
0.07
0.07
0.06	75.41
0.06
0.06
0.07
0.06
0.06
0.06
0.06
0.06
0.06
0.06
0.06
0.06
0.07
0.06
0.06
0.06
0.06
0.07
0.06
0.07
0.09
0.07
0.07
0.07
0.06
0.06
0.06
0.06
0.06
0.06
0.06
CorWatt	PkgWatt
11.17	164.05
0.15	79.35
0.16
0.15
0.14
0.20
0.13
0.10
0.10
0.12
0.11
0.09
0.09
0.11
0.09
0.09
0.09
0.09
0.11
0.09
0.10
0.17
0.11
0.12
0.10
0.08
0.08
0.09
0.08
0.07
0.09
0.08
0.07
0.14	84.81
0.14
0.13
0.14
0.16
0.16
0.17
3.26
0.14
0.15
0.15
0.15
0.13
0.13
0.14
0.13
0.15
0.13
0.14
0.15
0.14
0.15
0.14
0.14
0.14
0.14
0.11
0.13
0.14
0.14
0.14
0.14
CorWatt	PkgWatt
12.77	161.96
0.10	76.11
0.09
0.09
0.10
0.10
0.09
0.08
0.08
0.07
0.07
0.11
0.10
0.11
0.07
0.07
0.07
0.08
0.09
0.08
0.09
0.09
0.09
0.09
0.11
0.08
0.08
0.08
0.10
0.07
0.07
0.08
0.07
0.13	85.71
0.13
0.13
0.13
0.18
0.19
0.19
5.79
0.13
0.13
0.13
0.13
0.13
0.13
0.13
0.13
0.14
0.13
0.13
0.13
0.14
0.14
0.14
0.14
0.13
0.13
0.13
0.13
0.13
0.13
0.13
0.13
CorWatt	PkgWatt
12.81	161.83
0.13	76.05
0.10
0.09
0.09
0.10
0.09
0.09
0.09
0.07
0.07
0.07
0.09
0.08
0.08
0.07
0.07
0.08
0.12
0.09
0.12
0.10
0.08
0.09
0.09
0.08
0.09
0.08
0.08
0.07
0.08
0.07
0.07
0.13	85.79
0.13
0.13
0.13
0.18
0.19
0.19
5.85
0.12
0.12
0.12
0.12
0.13
0.12
0.12
0.12
0.14
0.13
0.13
0.13
0.14
0.14
0.14
0.14
0.13
0.13
0.13
0.13
0.13
0.13
0.13
0.13
CorWatt	PkgWatt
12.87	162.20
0.11	76.29
0.09
0.09
0.09
0.12
0.09
0.13
0.09
0.08
0.08
0.09
0.08
0.07
0.08
0.07
0.07
0.09
0.10
0.09
0.09
0.13
0.09
0.09
0.08
0.08
0.08
0.08
0.09
0.07
0.07
0.09
0.08
0.14	85.85
0.14
0.13
0.14
0.18
0.19
0.19
5.82
0.13
0.12
0.12
0.13
0.13
0.13
0.13
0.12
0.14
0.13
0.13
0.14
0.14
0.14
0.14
0.14
0.13
0.13
0.13
0.13
0.13
0.13
0.13
0.13
CorWatt	PkgWatt
13.04	162.27
0.11	76.53
0.09
0.09
0.09
0.15
0.10
0.09
0.09
0.09
0.08
0.08
0.08
0.07
0.09
0.14
0.07
0.09
0.13
0.10
0.09
0.10
0.09
0.10
0.10
0.08
0.08
0.08
0.10
0.08
0.07
0.09
0.08
0.14	85.87
0.14
0.14
0.14
0.18
0.19
0.19
5.83
0.13
0.13
0.13
0.13
0.13
0.13
0.13
0.12
0.14
0.14
0.13
0.14
0.14
0.14
0.14
0.14
0.13
0.13
0.13
0.13
0.13
0.13
0.13
0.13
CorWatt	PkgWatt
12.74	161.94
0.10	76.07
0.09
0.09
0.15
0.09
0.10
0.08
0.08
0.07
0.07
0.08
0.08
0.07
0.07
0.08
0.08
0.09
0.12
0.09
0.10
0.10
0.09
0.09
0.10
0.07
0.07
0.08
0.08
0.07
0.07
0.07
0.08
0.14	85.75
0.13
0.14
0.14
0.18
0.19
0.19
5.77
0.12
0.12
0.12
0.12
0.12
0.12
0.12
0.12
0.14
0.13
0.13
0.13
0.14
0.14
0.14
0.14
0.13
0.13
0.13
0.13
0.13
0.12
0.13
0.13
CorWatt	PkgWatt
12.68	161.73
0.10	76.07
0.09
0.09
0.09
0.10
0.08
0.08
0.08
0.07
0.07
0.14
0.07
0.08
0.07
0.07
0.08
0.09
0.08
0.09
0.09
0.09
0.09
0.10
0.08
0.08
0.07
0.07
0.08
0.07
0.12
0.08
0.08
0.14	85.74
0.13
0.13
0.13
0.18
0.19
0.19
5.76
0.12
0.12
0.12
0.12
0.12
0.12
0.12
0.12
0.14
0.13
0.13
0.13
0.14
0.14
0.14
0.14
0.13
0.13
0.13
0.13
0.12
0.12
0.12
0.13
CorWatt	PkgWatt
14.40	166.03
0.20	79.97
0.15
0.14
0.13
0.13
0.13
0.12
0.15
0.09
0.10
0.12
0.11
0.11
0.17
0.14
0.12
0.14
0.12
0.21
0.18
0.18
0.11
0.18
0.12
0.11
0.10
0.14
0.12
0.11
0.11
0.12
0.16
0.14	85.93
0.14
0.14
0.14
0.18
0.19
0.19
5.80
0.13
0.13
0.13
0.13
0.13
0.13
0.12
0.13
0.15
0.14
0.13
0.14
0.14
0.14
0.14
0.14
0.13
0.13
0.13
0.13
0.13
0.13
0.13
0.13
