CorWatt	PkgWatt
15.45	127.83
0.51	127.83
0.52
0.47
0.46
0.49
0.50
0.51
0.51
0.45
0.45
0.45
0.41
0.53
0.54
0.53
0.53
0.48
0.50
0.48
0.49
0.49
0.48
0.42
0.44
0.39
0.51
0.41
0.40
0.53
0.50
0.53
0.53
CorWatt	PkgWatt
15.20	127.04
0.50	127.68
0.49
0.45
0.45
0.49
0.51
0.51
0.51
0.51
0.45
0.41
0.40
0.51
0.54
0.51
0.53
0.49
0.49
0.48
0.49
0.52
0.48
0.44
0.43
0.38
0.39
0.40
0.39
0.54
0.51
0.52
0.54
CorWatt	PkgWatt
17.88	130.47
0.67	129.84
0.63
0.61
0.58
0.61
0.64
0.60
0.62
0.59
0.55
0.54
0.58
0.59
0.60
0.59
0.61
0.52
0.52
0.53
0.50
0.49
0.52
0.45
0.47
0.45
0.41
0.44
0.43
0.63
0.60
0.62
0.63
CorWatt	PkgWatt
15.22	127.75
0.51	127.70
0.58
0.53
0.53
0.52
0.53
0.51
0.53
0.50
0.45
0.43
0.40
0.51
0.53
0.51
0.53
0.48
0.47
0.46
0.47
0.41
0.41
0.40
0.40
0.37
0.37
0.37
0.38
0.54
0.52
0.51
0.55
