CorWatt	PkgWatt
15.20	127.22
0.51	127.22
0.49
0.55
0.44
0.52
0.55
0.52
0.52
0.42
0.44
0.43
0.40
0.52
0.53
0.54
0.54
0.51
0.50
0.48
0.49
0.43
0.43
0.42
0.41
0.37
0.35
0.39
0.38
0.53
0.54
0.54
0.52
CorWatt	PkgWatt
14.80	127.08
0.49	127.14
0.47
0.50
0.42
0.48
0.51
0.48
0.48
0.42
0.46
0.40
0.38
0.50
0.50
0.52
0.56
0.52
0.48
0.47
0.52
0.45
0.43
0.40
0.40
0.35
0.35
0.40
0.37
0.52
0.51
0.52
0.52
CorWatt	PkgWatt
18.36	129.95
0.66	129.92
0.60
0.69
0.56
0.65
0.62
0.63
0.61
0.48
0.52
0.54
0.48
0.63
0.57
0.62
0.68
0.67
0.62
0.59
0.55
0.63
0.59
0.54
0.56
0.41
0.36
0.46
0.40
0.63
0.56
0.63
0.62
CorWatt	PkgWatt
15.37	127.32
0.58	127.26
0.45
0.52
0.54
0.51
0.52
0.57
0.54
0.50
0.46
0.41
0.39
0.51
0.51
0.50
0.55
0.51
0.52
0.51
0.47
0.43
0.44
0.39
0.46
0.37
0.36
0.37
0.38
0.53
0.51
0.56
0.51
