CorWatt	PkgWatt
15.04	127.59
0.53	127.59
0.45
0.48
0.52
0.50
0.49
0.49
0.56
0.41
0.45
0.43
0.47
0.53
0.52
0.51
0.51
0.48
0.48
0.49
0.49
0.40
0.45
0.44
0.44
0.36
0.37
0.36
0.35
0.51
0.54
0.53
0.52
CorWatt	PkgWatt
14.86	127.02
0.49	127.15
0.46
0.48
0.49
0.50
0.50
0.48
0.54
0.37
0.44
0.38
0.39
0.52
0.50
0.50
0.51
0.49
0.47
0.53
0.49
0.41
0.43
0.47
0.45
0.38
0.35
0.36
0.37
0.53
0.51
0.51
0.56
CorWatt	PkgWatt
24.12	135.91
0.81	135.82
0.62
0.62
0.71
0.68
0.66
0.66
0.70
0.73
0.71
2.61
0.66
0.88
0.92
0.78
0.85
0.69
0.64
0.70
0.76
0.60
0.66
0.69
0.63
0.55
0.56
0.58
0.55
0.68
0.70
0.72
0.82
CorWatt	PkgWatt
17.18	129.04
0.55	129.01
0.47
0.50
0.52
0.51
0.52
0.49
0.57
0.40
0.43
0.54
0.44
0.96
1.11
0.77
0.76
0.47
0.48
0.50
0.51
0.39
0.45
0.42
0.42
0.42
0.39
0.39
0.50
0.59
0.57
0.56
0.59
CorWatt	PkgWatt
17.08	128.66
0.55	128.66
0.55
0.51
0.53
0.54
0.53
0.50
0.59
0.43
0.45
0.51
0.42
1.17
0.93
0.75
0.76
0.48
0.47
0.46
0.53
0.42
0.47
0.44
0.43
0.35
0.35
0.40
0.37
0.56
0.53
0.54
0.56
CorWatt	PkgWatt
18.00	129.59
0.61	129.63
0.54
0.52
0.58
0.57
0.57
0.56
0.58
0.46
0.48
0.52
0.46
0.85
1.34
0.79
0.79
0.52
0.51
0.50
0.52
0.46
0.48
0.45
0.48
0.39
0.39
0.43
0.40
0.59
0.55
0.57
0.55
CorWatt	PkgWatt
17.26	128.97
0.51	128.93
0.45
0.48
0.55
0.49
0.53
0.52
0.56
0.43
0.52
0.51
0.47
0.81
1.35
0.77
0.82
0.54
0.51
0.47
0.51
0.44
0.45
0.41
0.43
0.41
0.36
0.40
0.36
0.54
0.52
0.52
0.58
CorWatt	PkgWatt
17.13	128.68
0.52	128.68
0.48
0.48
0.52
0.49
0.52
0.52
0.57
0.45
0.45
0.50
0.40
1.10
1.03
0.74
0.78
0.50
0.57
0.51
0.54
0.43
0.48
0.44
0.44
0.36
0.35
0.41
0.36
0.58
0.53
0.53
0.54
CorWatt	PkgWatt
18.05	130.59
0.57	130.59
0.47
0.45
0.51
0.52
0.49
0.49
0.56
0.44
0.46
0.51
0.46
3.21
0.55
0.57
0.56
0.49
0.49
0.50
0.50
0.39
0.45
0.38
0.41
0.37
0.35
0.40
0.37
0.56
0.54
0.53
0.50
CorWatt	PkgWatt
18.53	130.82
0.59	130.82
0.50
0.49
0.47
0.51
0.49
0.49
0.56
0.46
0.53
0.49
0.50
3.27
0.55
0.57
0.57
0.52
0.52
0.46
0.55
0.44
0.46
0.41
0.43
0.40
0.35
0.42
0.38
0.56
0.55
0.51
0.50
CorWatt	PkgWatt
18.59	130.81
0.55	130.81
0.54
0.46
0.48
0.52
0.50
0.49
0.55
0.44
0.46
0.47
0.51
3.28
0.54
0.55
0.52
0.52
0.53
0.51
0.50
0.45
0.44
0.50
0.44
0.42
0.39
0.40
0.37
0.59
0.55
0.58
0.54
CorWatt	PkgWatt
18.19	130.77
0.54	130.78
0.50
0.45
0.45
0.53
0.54
0.52
0.51
0.41
0.43
0.41
0.51
3.27
0.54
0.52
0.51
0.49
0.47
0.53
0.53
0.50
0.46
0.43
0.45
0.42
0.36
0.37
0.35
0.57
0.54
0.54
0.53
CorWatt	PkgWatt
20.79	132.56
0.63	132.67
0.62
0.60
0.54
0.60
0.62
0.64
0.63
0.51
0.48
0.54
0.53
2.89
0.61
0.61
0.66
0.54
0.54
0.57
0.61
0.46
0.56
0.48
0.47
0.52
0.50
0.61
0.57
0.70
0.65
0.63
0.66
