CorWatt	PkgWatt
5.36	155.24
0.10	77.58
0.12
0.10
0.09
0.09
0.08
0.08
0.08
0.08
0.08
0.08
0.08
0.07
0.07
0.07
0.07
0.09
0.09
0.09
0.09
0.10
0.09
0.09
0.09
0.09
0.08
0.08
0.08
0.08
0.08
0.09
0.07
0.08	77.70
0.08
0.08
0.08
0.09
0.09
0.08
0.08
0.08
0.08
0.07
0.07
0.07
0.07
0.07
0.07
0.08
0.08
0.08
0.08
0.09
0.09
0.10
0.09
0.09
0.09
0.09
0.10
0.08
0.08
0.08
0.08
CorWatt	PkgWatt
5.20	152.48
0.09	76.27
0.09
0.11
0.09
0.09
0.10
0.09
0.08
0.08
0.16
0.08
0.07
0.08
0.07
0.07
0.07
0.08
0.08
0.10
0.10
0.10
0.09
0.09
0.10
0.10
0.09
0.08
0.08
0.07
0.07
0.09
0.07
0.08	76.28
0.08
0.08
0.08
0.08
0.08
0.08
0.08
0.08
0.07
0.07
0.07
0.07
0.07
0.07
0.07
0.08
0.07
0.07
0.08
0.08
0.08
0.08
0.08
0.08
0.09
0.09
0.09
0.07
0.07
0.07
0.07
CorWatt	PkgWatt
13.23	176.22
0.24	92.66
0.29
0.22
0.19
0.17
0.23
0.23
0.21
0.16
0.33
0.26
0.17
0.30
0.28
0.23
0.28
0.21
0.27
0.28
0.22
0.25
0.19
0.24
0.25
0.26
0.23
0.23
2.17
0.31
0.18
0.22
0.17
0.12	83.54
0.10
0.10
0.10
0.13
0.12
0.13
0.10
0.11
0.09
0.09
0.09
0.11
0.11
0.10
0.11
0.11
0.10
0.10
0.14
0.12
0.13
0.21
0.18
0.13
0.12
0.12
0.15
0.09
0.13
0.11
0.10
