CorWatt	PkgWatt
15.29	127.55
0.51	127.57
0.50
0.48
0.44
0.49
0.57
0.49
0.49
0.45
0.47
0.39
0.42
0.53
0.56
0.54
0.55
0.45
0.49
0.48
0.50
0.44
0.45
0.39
0.42
0.37
0.37
0.40
0.37
0.57
0.65
0.54
0.53
CorWatt	PkgWatt
15.05	126.89
0.50	127.45
0.47
0.46
0.46
0.52
0.58
0.49
0.49
0.43
0.46
0.39
0.44
0.53
0.56
0.51
0.53
0.48
0.49
0.47
0.49
0.46
0.45
0.43
0.42
0.37
0.38
0.36
0.36
0.55
0.52
0.53
0.52
CorWatt	PkgWatt
21.26	133.84
0.65	133.25
0.88
2.34
0.55
0.57
0.60
0.56
0.68
0.58
0.57
0.51
0.57
0.59
0.73
0.61
0.61
0.65
0.71
0.73
0.65
0.58
0.67
0.56
0.59
0.45
0.42
0.42
0.51
0.65
0.63
0.75
0.67
CorWatt	PkgWatt
16.28	128.44
0.50	128.41
0.43
0.57
0.45
0.73
0.78
0.74
1.19
0.41
0.47
0.38
0.42
0.52
0.52
0.51
0.52
0.47
0.51
0.46
0.46
0.43
0.46
0.42
0.42
0.35
0.36
0.37
0.35
0.53
0.50
0.54
0.49
CorWatt	PkgWatt
16.25	128.54
0.51	128.54
0.44
0.57
0.47
0.73
0.78
0.76
1.25
0.40
0.46
0.37
0.43
0.50
0.51
0.49
0.51
0.45
0.48
0.47
0.50
0.39
0.44
0.43
0.42
0.35
0.35
0.36
0.35
0.52
0.52
0.54
0.51
CorWatt	PkgWatt
17.00	129.14
0.52	129.17
0.44
0.58
0.46
0.92
0.77
0.75
1.15
0.46
0.48
0.38
0.44
0.51
0.57
0.49
0.53
0.51
0.53
0.50
0.48
0.39
0.46
0.41
0.41
0.40
0.36
0.37
0.39
0.61
0.57
0.59
0.58
CorWatt	PkgWatt
16.06	128.43
0.49	128.41
0.48
0.58
0.44
1.24
0.73
0.75
0.82
0.40
0.45
0.37
0.41
0.50
0.51
0.49
0.51
0.45
0.48
0.46
0.47
0.39
0.39
0.39
0.39
0.35
0.35
0.36
0.35
0.53
0.51
0.51
0.51
CorWatt	PkgWatt
16.37	128.74
0.50	128.75
0.48
0.57
0.44
1.48
0.71
0.72
0.70
0.43
0.47
0.37
0.43
0.50
0.53
0.49
0.51
0.45
0.48
0.47
0.46
0.41
0.39
0.39
0.41
0.37
0.38
0.37
0.35
0.53
0.56
0.53
0.50
CorWatt	PkgWatt
17.41	130.25
0.52	130.25
0.47
0.55
0.44
3.29
0.50
0.52
0.51
0.40
0.45
0.39
0.41
0.50
0.51
0.51
0.51
0.44
0.49
0.49
0.46
0.38
0.39
0.39
0.39
0.35
0.36
0.37
0.35
0.53
0.50
0.54
0.51
CorWatt	PkgWatt
17.98	130.72
0.54	130.72
0.48
0.58
0.48
3.30
0.51
0.52
0.51
0.42
0.46
0.38
0.45
0.51
0.53
0.50
0.52
0.46
0.52
0.50
0.49
0.41
0.42
0.41
0.40
0.39
0.37
0.38
0.38
0.54
0.53
0.54
0.54
CorWatt	PkgWatt
17.22	130.17
0.53	130.16
0.44
0.55
0.45
3.29
0.50
0.51
0.49
0.38
0.45
0.37
0.39
0.50
0.51
0.48
0.50
0.44
0.48
0.47
0.46
0.38
0.39
0.39
0.39
0.35
0.36
0.35
0.35
0.52
0.51
0.52
0.51
CorWatt	PkgWatt
17.39	130.11
0.52	130.13
0.45
0.58
0.47
3.30
0.51
0.52
0.51
0.41
0.47
0.39
0.38
0.50
0.55
0.52
0.51
0.44
0.48
0.47
0.47
0.38
0.38
0.39
0.39
0.35
0.35
0.36
0.35
0.52
0.50
0.51
0.49
CorWatt	PkgWatt
17.39	130.15
0.51	130.14
0.46
0.57
0.45
3.30
0.50
0.51
0.50
0.41
0.49
0.38
0.39
0.51
0.51
0.49
0.53
0.44
0.48
0.47
0.48
0.39
0.38
0.39
0.40
0.35
0.35
0.35
0.35
0.53
0.50
0.51
0.50
CorWatt	PkgWatt
17.56	130.17
0.55	130.17
0.44
0.57
0.46
3.30
0.51
0.53
0.50
0.41
0.46
0.39
0.40
0.52
0.54
0.50
0.52
0.44
0.49
0.47
0.46
0.39
0.38
0.39
0.39
0.35
0.37
0.36
0.37
0.53
0.51
0.55
0.50
CorWatt	PkgWatt
17.26	130.10
0.53	130.10
0.44
0.55
0.45
3.30
0.50
0.51
0.49
0.39
0.45
0.38
0.38
0.50
0.51
0.49
0.51
0.44
0.48
0.47
0.46
0.38
0.39
0.39
0.39
0.35
0.35
0.35
0.35
0.53
0.50
0.55
0.50
CorWatt	PkgWatt
17.54	130.15
0.56	130.16
0.44
0.58
0.45
3.30
0.54
0.53
0.52
0.42
0.47
0.37
0.42
0.54
0.53
0.51
0.51
0.44
0.49
0.47
0.47
0.38
0.38
0.39
0.39
0.35
0.35
0.36
0.36
0.52
0.50
0.52
0.50
CorWatt	PkgWatt
17.29	129.96
0.52	129.95
0.44
0.57
0.45
3.30
0.50
0.51
0.49
0.40
0.47
0.37
0.38
0.50
0.52
0.49
0.51
0.44
0.49
0.48
0.46
0.38
0.38
0.39
0.39
0.35
0.35
0.36
0.35
0.53
0.50
0.51
0.50
CorWatt	PkgWatt
17.48	130.27
0.52	130.28
0.44
0.58
0.46
3.30
0.50
0.51
0.49
0.41
0.46
0.37
0.39
0.50
0.52
0.49
0.52
0.45
0.50
0.49
0.47
0.41
0.41
0.41
0.41
0.35
0.35
0.36
0.35
0.53
0.51
0.52
0.50
CorWatt	PkgWatt
17.30	130.00
0.52	130.00
0.43
0.57
0.45
3.30
0.50
0.51
0.50
0.40
0.45
0.37
0.39
0.50
0.52
0.48
0.51
0.44
0.46
0.49
0.46
0.38
0.41
0.43
0.41
0.35
0.35
0.35
0.35
0.53
0.50
0.51
0.50
CorWatt	PkgWatt
18.22	130.71
0.54	130.72
0.47
0.59
0.48
3.30
0.50
0.53
0.52
0.42
0.47
0.40
0.46
0.53
0.55
0.52
0.53
0.48
0.52
0.51
0.49
0.40
0.40
0.43
0.39
0.37
0.39
0.39
0.38
0.58
0.57
0.60
0.52
CorWatt	PkgWatt
18.20	130.09
0.58	130.09
0.51
0.63
0.51
0.65
0.56
0.58
0.58
0.61
0.81
0.78
0.61
1.11
0.59
0.57
0.58
0.50
0.54
0.54
0.51
0.46
0.45
0.46
0.45
0.42
0.41
0.43
0.42
0.61
0.57
0.61
0.56
CorWatt	PkgWatt
16.87	128.66
0.50	128.64
0.44
0.52
0.47
0.51
0.49
0.50
0.50
0.74
0.96
1.27
0.75
0.63
0.53
0.50
0.52
0.45
0.49
0.49
0.48
0.41
0.39
0.41
0.41
0.36
0.36
0.37
0.35
0.53
0.52
0.51
0.51
CorWatt	PkgWatt
16.52	128.46
0.53	128.46
0.44
0.48
0.45
0.48
0.48
0.49
0.50
0.75
1.40
0.78
0.73
0.63
0.51
0.50
0.51
0.44
0.48
0.47
0.46
0.38
0.38
0.40
0.39
0.35
0.35
0.36
0.36
0.53
0.51
0.50
0.50
CorWatt	PkgWatt
16.51	128.62
0.51	128.62
0.44
0.48
0.44
0.52
0.50
0.49
0.50
0.74
1.40
0.74
0.73
0.62
0.53
0.49
0.51
0.45
0.45
0.47
0.45
0.38
0.38
0.41
0.41
0.35
0.35
0.36
0.36
0.53
0.51
0.50
0.49
CorWatt	PkgWatt
16.45	128.37
0.50	128.36
0.42
0.46
0.44
0.48
0.48
0.48
0.49
0.74
0.80
1.38
0.73
0.63
0.51
0.49
0.50
0.45
0.46
0.48
0.45
0.38
0.39
0.39
0.38
0.37
0.37
0.37
0.37
0.52
0.51
0.51
0.50
CorWatt	PkgWatt
16.63	128.71
0.51	128.71
0.46
0.48
0.44
0.49
0.51
0.49
0.48
0.74
0.88
1.30
0.74
0.62
0.53
0.50
0.52
0.44
0.46
0.48
0.46
0.39
0.38
0.39
0.39
0.35
0.38
0.37
0.36
0.52
0.51
0.55
0.50
CorWatt	PkgWatt
17.65	129.38
0.51	129.38
0.44
0.47
0.46
0.48
0.48
0.48
0.48
0.94
2.02
0.95
0.94
0.61
0.51
0.50
0.51
0.45
0.46
0.47
0.45
0.40
0.42
0.39
0.38
0.35
0.35
0.35
0.35
0.52
0.51
0.52
0.51
CorWatt	PkgWatt
19.63	131.17
0.54	131.17
0.44
0.45
0.45
0.50
0.49
0.52
0.49
1.23
3.00
1.23
1.23
0.62
0.53
0.52
0.51
0.44
0.46
0.49
0.45
0.38
0.40
0.41
0.39
0.35
0.35
0.36
0.35
0.52
0.52
0.50
0.49
CorWatt	PkgWatt
19.65	131.05
0.52	131.05
0.42
0.48
0.43
0.48
0.49
0.49
0.50
1.23
2.84
1.37
1.23
0.63
0.53
0.52
0.52
0.46
0.51
0.46
0.45
0.42
0.39
0.39
0.42
0.35
0.36
0.36
0.35
0.52
0.51
0.50
0.51
CorWatt	PkgWatt
19.68	131.10
0.55	131.10
0.44
0.45
0.43
0.49
0.49
0.49
0.49
1.23
2.19
1.31
1.95
0.61
0.54
0.53
0.53
0.46
0.49
0.49
0.47
0.39
0.38
0.39
0.39
0.36
0.37
0.36
0.36
0.53
0.51
0.51
0.51
CorWatt	PkgWatt
19.82	131.12
0.54	131.13
0.45
0.46
0.44
0.49
0.51
0.49
0.48
1.23
1.23
1.23
3.00
0.62
0.52
0.51
0.52
0.44
0.50
0.49
0.48
0.38
0.40
0.39
0.39
0.36
0.39
0.39
0.37
0.55
0.51
0.53
0.53
CorWatt	PkgWatt
19.61	131.12
0.53	131.11
0.43
0.45
0.44
0.50
0.50
0.48
0.47
1.23
1.85
1.23
2.38
0.64
0.53
0.50
0.52
0.44
0.49
0.47
0.46
0.38
0.38
0.39
0.38
0.37
0.39
0.37
0.36
0.52
0.52
0.50
0.50
CorWatt	PkgWatt
19.69	131.00
0.53	131.01
0.45
0.46
0.43
0.48
0.49
0.48
0.50
1.23
1.23
1.23
2.98
0.62
0.53
0.51
0.52
0.47
0.52
0.48
0.46
0.38
0.40
0.39
0.38
0.38
0.37
0.36
0.37
0.53
0.51
0.50
0.52
CorWatt	PkgWatt
19.66	131.03
0.53	131.03
0.43
0.45
0.44
0.49
0.49
0.49
0.48
1.23
2.97
1.23
1.24
0.63
0.53
0.52
0.53
0.46
0.49
0.47
0.46
0.39
0.41
0.39
0.40
0.36
0.36
0.36
0.36
0.53
0.52
0.51
0.50
CorWatt	PkgWatt
19.56	131.10
0.55	131.10
0.44
0.45
0.46
0.48
0.50
0.50
0.48
1.23
2.98
1.23
1.23
0.62
0.52
0.52
0.52
0.45
0.49
0.47
0.46
0.38
0.39
0.39
0.38
0.35
0.35
0.36
0.35
0.52
0.51
0.50
0.50
CorWatt	PkgWatt
19.52	130.95
0.53	130.95
0.42
0.44
0.45
0.48
0.51
0.51
0.50
1.23
2.86
1.23
1.38
0.61
0.52
0.50
0.51
0.46
0.48
0.46
0.46
0.38
0.38
0.39
0.38
0.35
0.36
0.36
0.35
0.52
0.51
0.51
0.49
CorWatt	PkgWatt
19.57	130.99
0.52	130.98
0.45
0.46
0.44
0.48
0.53
0.50
0.50
1.23
1.23
1.23
2.98
0.62
0.54
0.50
0.52
0.44
0.49
0.46
0.45
0.38
0.38
0.40
0.38
0.35
0.35
0.36
0.35
0.52
0.52
0.50
0.50
CorWatt	PkgWatt
18.78	130.29
0.54	130.28
0.47
0.49
0.46
0.50
0.51
0.50
0.50
0.90
1.98
0.93
0.91
0.68
0.58
0.56
0.56
0.46
0.53
0.52
0.50
0.42
0.40
0.41
0.41
0.71
0.42
0.40
0.37
0.57
0.54
0.55
0.53
CorWatt	PkgWatt
17.05	129.11
0.55	129.12
0.47
0.48
0.47
0.51
0.52
0.52
0.53
0.48
0.54
0.43
0.46
0.54
0.55
0.54
0.54
0.46
0.47
0.51
0.47
0.44
0.42
0.42
0.42
0.39
0.40
0.69
0.39
1.06
0.73
0.73
0.93
CorWatt	PkgWatt
16.19	128.15
0.50	128.14
0.44
0.48
0.45
0.48
0.48
0.48
0.48
0.39
0.53
0.39
0.41
0.50
0.52
0.49
0.51
0.45
0.48
0.49
0.47
0.39
0.40
0.40
0.40
0.38
0.37
0.48
0.38
1.19
0.79
0.77
0.78
CorWatt	PkgWatt
16.11	127.96
0.51	127.95
0.44
0.47
0.44
0.49
0.50
0.50
0.50
0.39
0.50
0.38
0.40
0.51
0.52
0.49
0.52
0.45
0.48
0.49
0.46
0.39
0.39
0.40
0.39
0.36
0.38
0.49
0.36
1.17
0.77
0.76
0.80
CorWatt	PkgWatt
16.13	128.13
0.50	128.13
0.46
0.50
0.45
0.49
0.49
0.49
0.49
0.41
0.51
0.40
0.40
0.51
0.57
0.53
0.52
0.45
0.46
0.48
0.46
0.38
0.38
0.39
0.39
0.35
0.36
0.47
0.36
1.17
0.76
0.76
0.77
CorWatt	PkgWatt
16.25	128.18
0.51	128.18
0.51
0.47
0.43
0.48
0.49
0.48
0.48
0.40
0.52
0.37
0.41
0.54
0.53
0.52
0.55
0.46
0.45
0.49
0.48
0.41
0.39
0.39
0.43
0.35
0.35
0.48
0.35
1.30
0.74
0.74
0.76
CorWatt	PkgWatt
18.96	133.53
0.54	133.53
0.48
0.48
0.44
0.49
0.49
0.50
0.48
0.42
0.48
0.40
0.42
0.51
0.55
0.52
0.56
0.45
0.45
0.48
0.45
0.39
0.38
0.39
0.39
0.36
0.41
0.48
0.38
4.60
0.53
0.52
0.54
CorWatt	PkgWatt
18.69	133.60
0.52	133.59
0.47
0.44
0.43
0.48
0.50
0.49
0.48
0.40
0.47
0.39
0.40
0.50
0.52
0.51
0.53
0.45
0.45
0.48
0.45
0.38
0.39
0.39
0.39
0.36
0.37
0.48
0.36
4.61
0.53
0.52
0.55
CorWatt	PkgWatt
19.13	133.73
0.55	133.74
0.47
0.47
0.43
0.49
0.53
0.51
0.51
0.42
0.48
0.40
0.44
0.55
0.54
0.54
0.53
0.45
0.46
0.48
0.46
0.39
0.39
0.39
0.39
0.37
0.37
0.49
0.39
4.61
0.54
0.53
0.55
CorWatt	PkgWatt
18.82	133.52
0.53	133.52
0.48
0.46
0.45
0.48
0.49
0.48
0.48
0.41
0.46
0.39
0.41
0.51
0.52
0.51
0.53
0.44
0.48
0.50
0.45
0.38
0.38
0.39
0.39
0.36
0.41
0.47
0.37
4.61
0.54
0.52
0.55
CorWatt	PkgWatt
19.43	134.02
0.54	134.03
0.50
0.48
0.46
0.50
0.52
0.48
0.48
0.41
0.48
0.42
0.44
0.55
0.56
0.53
0.54
0.47
0.49
0.51
0.49
0.38
0.40
0.43
0.42
0.40
0.40
0.51
0.39
4.61
0.55
0.55
0.56
CorWatt	PkgWatt
18.74	133.60
0.51	133.60
0.46
0.44
0.44
0.48
0.51
0.48
0.49
0.43
0.46
0.38
0.41
0.51
0.54
0.51
0.52
0.44
0.45
0.46
0.45
0.38
0.39
0.39
0.40
0.37
0.37
0.48
0.37
4.62
0.53
0.52
0.55
CorWatt	PkgWatt
19.26	133.98
0.53	133.98
0.49
0.49
0.50
0.49
0.52
0.49
0.48
0.40
0.49
0.39
0.42
0.52
0.56
0.53
0.54
0.47
0.49
0.47
0.46
0.40
0.38
0.39
0.40
0.39
0.42
0.49
0.40
4.61
0.55
0.55
0.55
CorWatt	PkgWatt
18.76	133.51
0.51	133.50
0.47
0.45
0.44
0.49
0.51
0.49
0.48
0.39
0.45
0.38
0.41
0.50
0.52
0.51
0.52
0.44
0.47
0.46
0.46
0.38
0.38
0.39
0.39
0.38
0.38
0.50
0.38
4.61
0.54
0.53
0.55
CorWatt	PkgWatt
18.78	133.57
0.51	133.57
0.47
0.49
0.44
0.48
0.50
0.48
0.48
0.39
0.45
0.39
0.42
0.50
0.53
0.51
0.52
0.44
0.47
0.45
0.47
0.41
0.38
0.40
0.39
0.37
0.37
0.48
0.37
4.61
0.53
0.52
0.54
CorWatt	PkgWatt
18.75	133.71
0.52	133.71
0.48
0.46
0.44
0.48
0.50
0.49
0.50
0.39
0.45
0.38
0.41
0.51
0.52
0.50
0.53
0.44
0.45
0.45
0.45
0.39
0.38
0.39
0.39
0.37
0.41
0.47
0.37
4.62
0.53
0.52
0.55
CorWatt	PkgWatt
19.02	133.78
0.52	133.78
0.50
0.48
0.44
0.50
0.52
0.49
0.51
0.40
0.46
0.40
0.42
0.51
0.57
0.51
0.53
0.45
0.46
0.46
0.46
0.39
0.39
0.41
0.42
0.38
0.37
0.48
0.37
4.61
0.54
0.56
0.54
CorWatt	PkgWatt
18.73	133.50
0.54	133.50
0.44
0.44
0.43
0.48
0.50
0.48
0.48
0.40
0.46
0.38
0.41
0.50
0.52
0.51
0.53
0.45
0.45
0.46
0.46
0.38
0.39
0.39
0.38
0.38
0.38
0.48
0.39
4.61
0.53
0.53
0.55
CorWatt	PkgWatt
18.26	130.75
0.78	130.76
0.51
0.55
0.53
0.60
1.11
0.68
0.60
0.44
0.50
0.45
0.48
0.58
0.58
0.58
0.59
0.49
0.50
0.50
0.52
0.47
0.44
0.45
0.45
0.43
0.49
0.50
0.45
1.27
0.56
0.57
0.60
CorWatt	PkgWatt
16.03	128.11
0.60	128.10
0.44
0.47
0.44
0.72
1.15
0.88
0.72
0.40
0.45
0.40
0.44
0.50
0.51
0.50
0.51
0.45
0.46
0.46
0.47
0.41
0.40
0.39
0.39
0.35
0.36
0.36
0.35
0.54
0.51
0.52
0.51
CorWatt	PkgWatt
16.14	128.12
0.59	128.12
0.45
0.46
0.46
0.74
1.09
0.93
0.75
0.38
0.46
0.39
0.43
0.52
0.52
0.52
0.52
0.44
0.46
0.46
0.47
0.39
0.40
0.41
0.39
0.35
0.35
0.36
0.35
0.54
0.52
0.52
0.50
CorWatt	PkgWatt
16.10	128.14
0.58	128.13
0.44
0.52
0.45
0.72
0.83
1.19
0.75
0.40
0.44
0.39
0.40
0.50
0.53
0.51
0.51
0.46
0.48
0.45
0.46
0.41
0.38
0.39
0.43
0.35
0.36
0.36
0.37
0.53
0.51
0.52
0.50
CorWatt	PkgWatt
15.85	127.93
0.57	127.93
0.44
0.50
0.44
0.73
0.78
1.21
0.73
0.39
0.49
0.38
0.40
0.50
0.51
0.49
0.51
0.45
0.45
0.45
0.48
0.38
0.38
0.39
0.38
0.35
0.35
0.36
0.35
0.51
0.50
0.52
0.49
CorWatt	PkgWatt
16.55	128.42
0.58	128.42
0.46
0.53
0.44
0.71
0.77
1.51
0.72
0.40
0.46
0.39
0.42
0.52
0.51
0.51
0.51
0.45
0.48
0.48
0.49
0.38
0.40
0.40
0.40
0.36
0.38
0.39
0.37
0.55
0.52
0.54
0.53
CorWatt	PkgWatt
17.84	130.00
0.57	130.00
0.47
0.52
0.44
0.62
0.69
3.20
0.63
0.41
0.46
0.38
0.41
0.52
0.51
0.52
0.51
0.48
0.47
0.47
0.47
0.39
0.38
0.40
0.39
0.37
0.37
0.36
0.37
0.52
0.52
0.51
0.51
CorWatt	PkgWatt
17.53	129.94
0.58	129.94
0.43
0.49
0.44
0.61
0.66
3.17
0.64
0.39
0.45
0.38
0.40
0.50
0.50
0.48
0.51
0.46
0.47
0.47
0.46
0.38
0.38
0.39
0.39
0.37
0.37
0.36
0.36
0.51
0.50
0.50
0.52
CorWatt	PkgWatt
17.50	129.89
0.57	129.89
0.43
0.49
0.44
0.61
0.79
3.07
0.63
0.40
0.45
0.37
0.42
0.53
0.53
0.50
0.51
0.44
0.45
0.45
0.45
0.38
0.39
0.39
0.39
0.35
0.35
0.36
0.35
0.51
0.50
0.50
0.49
CorWatt	PkgWatt
17.57	129.82
0.59	129.82
0.45
0.52
0.45
0.61
0.68
3.19
0.63
0.40
0.45
0.38
0.41
0.50
0.51
0.51
0.51
0.45
0.45
0.45
0.46
0.38
0.39
0.39
0.39
0.35
0.35
0.35
0.37
0.51
0.51
0.51
0.50
CorWatt	PkgWatt
17.61	129.81
0.58	129.81
0.43
0.49
0.44
0.63
0.69
3.17
0.64
0.38
0.46
0.38
0.41
0.51
0.52
0.49
0.52
0.47
0.46
0.45
0.46
0.39
0.39
0.40
0.40
0.35
0.36
0.36
0.35
0.52
0.51
0.50
0.50
CorWatt	PkgWatt
17.47	129.90
0.58	129.90
0.44
0.51
0.43
0.61
0.68
3.17
0.65
0.39
0.45
0.38
0.42
0.50
0.50
0.48
0.50
0.44
0.46
0.45
0.46
0.38
0.38
0.40
0.39
0.35
0.36
0.35
0.35
0.51
0.51
0.50
0.50
CorWatt	PkgWatt
17.52	129.79
0.57	129.79
0.44
0.53
0.43
0.61
0.67
3.18
0.63
0.37
0.45
0.38
0.41
0.50
0.51
0.48
0.51
0.44
0.45
0.46
0.46
0.39
0.39
0.39
0.39
0.36
0.36
0.37
0.36
0.51
0.50
0.50
0.49
CorWatt	PkgWatt
17.50	129.81
0.57	129.81
0.43
0.50
0.43
0.61
0.66
3.18
0.64
0.40
0.46
0.40
0.42
0.50
0.51
0.50
0.50
0.44
0.45
0.46
0.46
0.38
0.38
0.39
0.38
0.35
0.36
0.37
0.35
0.51
0.51
0.50
0.50
CorWatt	PkgWatt
18.03	130.34
0.57	130.35
0.44
0.54
0.47
0.62
0.67
2.03
1.81
0.40
0.49
0.38
0.42
0.50
0.52
0.50
0.52
0.46
0.48
0.47
0.48
0.39
0.40
0.40
0.39
0.39
0.38
0.37
0.40
0.52
0.54
0.53
0.54
CorWatt	PkgWatt
17.42	129.71
0.57	129.70
0.44
0.49
0.46
0.62
0.65
0.65
3.16
0.38
0.44
0.37
0.40
0.50
0.50
0.49
0.50
0.44
0.46
0.46
0.46
0.38
0.38
0.39
0.38
0.35
0.36
0.35
0.35
0.51
0.52
0.51
0.50
CorWatt	PkgWatt
17.51	129.74
0.58	129.75
0.45
0.51
0.45
0.61
0.64
0.63
3.17
0.40
0.46
0.38
0.41
0.50
0.54
0.51
0.51
0.45
0.46
0.45
0.45
0.38
0.38
0.39
0.38
0.35
0.35
0.35
0.35
0.53
0.52
0.50
0.49
CorWatt	PkgWatt
16.86	129.04
0.59	129.03
0.45
0.50
0.45
0.58
0.60
0.60
2.54
0.39
0.48
0.38
0.42
0.52
0.51
0.50
0.52
0.44
0.45
0.45
0.49
0.39
0.38
0.39
0.40
0.35
0.35
0.35
0.35
0.52
0.52
0.51
0.51
CorWatt	PkgWatt
18.11	130.01
0.60	130.03
0.55
0.56
0.76
0.71
0.73
0.73
1.18
0.46
0.53
0.46
0.75
0.58
0.60
0.58
0.59
0.49
0.51
0.50
0.52
0.44
0.44
0.45
0.45
0.42
0.42
0.42
0.46
0.58
0.56
0.55
0.55
CorWatt	PkgWatt
15.97	127.82
0.50	127.81
0.48
0.45
0.54
1.25
0.75
0.72
0.78
0.41
0.45
0.38
0.39
0.50
0.51
0.50
0.52
0.45
0.46
0.44
0.46
0.38
0.39
0.39
0.39
0.36
0.35
0.35
0.36
0.53
0.51
0.51
0.50
CorWatt	PkgWatt
16.17	127.89
0.54	127.89
0.46
0.46
0.54
1.28
0.79
0.74
0.80
0.41
0.48
0.38
0.42
0.54
0.53
0.50
0.52
0.44
0.46
0.46
0.45
0.38
0.38
0.39
0.38
0.35
0.35
0.38
0.37
0.52
0.51
0.50
0.50
CorWatt	PkgWatt
15.92	127.94
0.50	127.93
0.49
0.46
0.55
0.74
0.75
0.72
1.29
0.40
0.45
0.38
0.39
0.50
0.50
0.48
0.51
0.45
0.47
0.46
0.45
0.38
0.38
0.39
0.39
0.35
0.35
0.35
0.35
0.52
0.51
0.51
0.50
CorWatt	PkgWatt
15.91	127.81
0.50	127.81
0.46
0.46
0.54
0.72
0.77
0.72
1.30
0.39
0.45
0.38
0.40
0.50
0.51
0.49
0.50
0.45
0.46
0.45
0.46
0.38
0.38
0.39
0.39
0.35
0.35
0.36
0.35
0.51
0.50
0.51
0.50
CorWatt	PkgWatt
16.78	129.06
0.52	129.06
0.46
0.44
0.54
0.55
0.56
0.55
2.81
0.41
0.44
0.37
0.40
0.50
0.52
0.48
0.50
0.44
0.45
0.44
0.45
0.38
0.40
0.39
0.40
0.35
0.35
0.35
0.35
0.51
0.49
0.50
0.50
CorWatt	PkgWatt
17.48	129.87
0.52	129.88
0.45
0.46
0.59
0.50
0.51
0.49
3.37
0.39
0.48
0.37
0.40
0.50
0.54
0.49
0.52
0.45
0.45
0.44
0.47
0.38
0.38
0.39
0.38
0.35
0.36
0.36
0.41
0.54
0.51
0.53
0.50
CorWatt	PkgWatt
17.41	129.93
0.51	129.93
0.43
0.45
0.54
0.50
0.50
0.48
3.37
0.40
0.44
0.38
0.41
0.51
0.52
0.50
0.51
0.44
0.45
0.44
0.45
0.38
0.38
0.39
0.39
0.38
0.38
0.36
0.41
0.52
0.53
0.56
0.50
CorWatt	PkgWatt
17.62	130.00
0.51	130.00
0.44
0.49
0.56
0.50
0.51
0.50
3.37
0.39
0.45
0.39
0.41
0.52
0.53
0.50
0.53
0.46
0.50
0.46
0.48
0.41
0.39
0.42
0.41
0.36
0.36
0.37
0.36
0.53
0.51
0.52
0.50
CorWatt	PkgWatt
17.23	129.73
0.52	129.73
0.44
0.46
0.55
0.50
0.49
0.49
3.37
0.39
0.44
0.37
0.40
0.50
0.50
0.48
0.51
0.44
0.46
0.45
0.46
0.39
0.38
0.39
0.39
0.35
0.35
0.36
0.36
0.51
0.49
0.51
0.50
CorWatt	PkgWatt
17.28	129.69
0.52	129.69
0.45
0.47
0.54
0.51
0.53
0.50
3.37
0.39
0.46
0.37
0.39
0.50
0.52
0.48
0.51
0.44
0.45
0.44
0.46
0.39
0.38
0.41
0.40
0.35
0.35
0.36
0.35
0.51
0.49
0.50
0.49
CorWatt	PkgWatt
17.21	129.82
0.51	129.82
0.44
0.44
0.55
0.49
0.50
0.49
3.37
0.39
0.45
0.37
0.39
0.50
0.51
0.49
0.51
0.45
0.45
0.44
0.45
0.38
0.39
0.40
0.39
0.36
0.36
0.38
0.36
0.51
0.50
0.50
0.50
CorWatt	PkgWatt
17.48	129.84
0.52	129.84
0.45
0.47
0.56
0.52
0.51
0.50
3.37
0.39
0.44
0.38
0.40
0.50
0.52
0.50
0.53
0.44
0.46
0.45
0.46
0.38
0.39
0.40
0.40
0.37
0.35
0.36
0.41
0.52
0.52
0.53
0.50
CorWatt	PkgWatt
17.23	129.58
0.52	129.58
0.43
0.44
0.54
0.49
0.49
0.49
3.37
0.40
0.44
0.40
0.41
0.50
0.51
0.49
0.52
0.44
0.45
0.44
0.45
0.40
0.39
0.39
0.38
0.35
0.35
0.37
0.39
0.51
0.49
0.50
0.50
CorWatt	PkgWatt
17.26	129.93
0.53	129.93
0.43
0.45
0.56
0.51
0.51
0.51
3.37
0.37
0.44
0.37
0.41
0.50
0.51
0.50
0.50
0.44
0.45
0.44
0.45
0.38
0.39
0.41
0.38
0.35
0.35
0.37
0.37
0.51
0.50
0.50
0.49
CorWatt	PkgWatt
17.34	129.87
0.52	129.88
0.43
0.47
0.55
0.49
0.52
0.49
3.36
0.38
0.44
0.37
0.39
0.51
0.52
0.51
0.52
0.46
0.48
0.44
0.45
0.42
0.38
0.39
0.41
0.35
0.35
0.36
0.35
0.51
0.50
0.51
0.50
CorWatt	PkgWatt
17.40	129.92
0.52	129.92
0.47
0.46
0.55
0.49
0.52
0.49
3.37
0.39
0.47
0.39
0.40
0.50
0.52
0.51
0.52
0.46
0.46
0.45
0.46
0.39
0.38
0.39
0.39
0.35
0.36
0.37
0.37
0.52
0.50
0.51
0.50
CorWatt	PkgWatt
18.21	130.52
0.60	130.52
0.54
0.74
0.61
0.59
0.61
0.73
1.48
0.49
0.49
0.49
0.48
0.56
0.90
0.57
0.56
0.50
0.50
0.51
0.52
0.44
0.46
0.45
0.44
0.41
0.41
0.42
0.43
0.59
0.54
0.56
0.57
CorWatt	PkgWatt
16.86	128.84
0.50	128.84
0.45
0.58
0.49
0.85
0.87
0.86
1.52
0.41
0.45
0.42
0.40
0.51
0.53
0.49
0.51
0.47
0.47
0.45
0.48
0.40
0.39
0.40
0.40
0.38
0.37
0.37
0.40
0.51
0.51
0.51
0.51
CorWatt	PkgWatt
16.50	128.49
0.50	128.48
0.44
0.56
0.47
0.83
0.85
0.85
1.51
0.39
0.43
0.40
0.39
0.50
0.51
0.50
0.51
0.46
0.47
0.45
0.46
0.38
0.39
0.39
0.38
0.38
0.36
0.37
0.37
0.50
0.49
0.50
0.52
CorWatt	PkgWatt
16.56	128.46
0.49	128.47
0.43
0.56
0.49
1.51
0.85
0.84
0.86
0.38
0.43
0.40
0.41
0.52
0.53
0.51
0.52
0.45
0.46
0.46
0.47
0.39
0.40
0.39
0.39
0.35
0.35
0.36
0.35
0.51
0.50
0.50
0.50
CorWatt	PkgWatt
16.49	128.42
0.50	128.42
0.45
0.57
0.46
0.88
0.87
0.84
1.50
0.40
0.43
0.41
0.40
0.49
0.51
0.49
0.51
0.45
0.45
0.44
0.46
0.38
0.40
0.39
0.39
0.36
0.35
0.36
0.35
0.50
0.49
0.50
0.50
CorWatt	PkgWatt
16.36	128.28
0.49	128.27
0.43
0.58
0.43
0.87
0.87
1.20
1.16
0.38
0.42
0.41
0.41
0.51
0.51
0.48
0.50
0.46
0.45
0.44
0.45
0.38
0.38
0.39
0.39
0.35
0.35
0.36
0.35
0.50
0.49
0.50
0.49
CorWatt	PkgWatt
16.63	128.33
0.50	128.34
0.45
0.58
0.42
0.89
0.89
1.03
1.47
0.40
0.42
0.41
0.40
0.50
0.51
0.49
0.51
0.46
0.45
0.44
0.45
0.38
0.39
0.39
0.38
0.35
0.35
0.37
0.36
0.50
0.49
0.50
0.50
CorWatt	PkgWatt
19.74	130.91
0.51	130.92
0.44
0.60
0.43
1.34
1.35
3.13
1.34
0.38
0.42
0.41
0.42
0.51
0.53
0.51
0.52
0.46
0.46
0.45
0.46
0.39
0.39
0.40
0.39
0.37
0.38
0.39
0.38
0.51
0.49
0.50
0.49
CorWatt	PkgWatt
19.58	130.95
0.53	130.95
0.43
0.58
0.43
1.34
1.35
2.02
2.42
0.40
0.43
0.42
0.40
0.50
0.50
0.50
0.51
0.44
0.46
0.47
0.46
0.38
0.39
0.39
0.39
0.35
0.37
0.39
0.35
0.50
0.49
0.50
0.50
CorWatt	PkgWatt
19.86	131.11
0.52	131.12
0.45
0.61
0.47
1.34
1.35
2.20
2.23
0.39
0.47
0.40
0.40
0.50
0.51
0.49
0.51
0.46
0.47
0.46
0.49
0.39
0.40
0.40
0.39
0.39
0.37
0.37
0.38
0.50
0.52
0.52
0.53
CorWatt	PkgWatt
19.46	130.73
0.52	130.72
0.45
0.55
0.49
1.34
1.34
1.34
3.10
0.40
0.42
0.40
0.39
0.49
0.50
0.48
0.50
0.44
0.46
0.44
0.46
0.38
0.39
0.40
0.39
0.35
0.35
0.35
0.35
0.50
0.49
0.50
0.50
CorWatt	PkgWatt
19.87	131.05
0.53	131.05
0.45
0.56
0.49
1.34
1.35
1.93
2.52
0.42
0.44
0.43
0.40
0.51
0.54
0.53
0.51
0.46
0.47
0.45
0.46
0.39
0.40
0.41
0.39
0.37
0.36
0.37
0.35
0.53
0.50
0.51
0.50
CorWatt	PkgWatt
19.58	130.97
0.52	130.97
0.45
0.57
0.47
1.34
1.35
2.87
1.57
0.39
0.45
0.40
0.39
0.51
0.50
0.49
0.52
0.44
0.46
0.44
0.48
0.40
0.38
0.39
0.40
0.35
0.35
0.35
0.35
0.50
0.49
0.50
0.50
CorWatt	PkgWatt
19.59	130.83
0.52	130.84
0.43
0.58
0.48
1.34
1.35
1.34
3.09
0.39
0.45
0.41
0.40
0.49
0.54
0.48
0.51
0.44
0.46
0.44
0.46
0.38
0.40
0.39
0.39
0.35
0.35
0.35
0.39
0.51
0.50
0.50
0.49
CorWatt	PkgWatt
19.48	130.69
0.53	130.69
0.43
0.56
0.48
3.09
1.35
1.34
1.34
0.39
0.42
0.40
0.38
0.49
0.50
0.49
0.51
0.45
0.46
0.44
0.46
0.38
0.39
0.40
0.39
0.35
0.35
0.36
0.35
0.50
0.49
0.50
0.51
CorWatt	PkgWatt
19.84	131.13
0.56	131.13
0.45
0.57
0.47
3.09
1.35
1.34
1.35
0.41
0.45
0.42
0.42
0.54
0.53
0.52
0.51
0.45
0.46
0.45
0.46
0.39
0.39
0.39
0.40
0.35
0.35
0.37
0.37
0.51
0.51
0.51
0.52
CorWatt	PkgWatt
19.55	130.72
0.54	130.72
0.44
0.56
0.45
2.88
1.35
1.34
1.57
0.39
0.43
0.40
0.39
0.50
0.50
0.48
0.50
0.45
0.47
0.46
0.46
0.38
0.38
0.39
0.39
0.35
0.35
0.36
0.37
0.50
0.49
0.51
0.50
CorWatt	PkgWatt
18.75	130.12
0.53	130.13
0.43
0.56
0.43
2.78
1.24
1.22
1.23
0.37
0.43
0.40
0.39
0.50
0.51
0.48
0.50
0.45
0.45
0.44
0.46
0.38
0.38
0.40
0.39
0.35
0.35
0.36
0.35
0.50
0.49
0.50
0.49
CorWatt	PkgWatt
19.56	133.09
0.59	133.11
0.50
0.58
0.52
0.55
0.57
0.55
0.61
0.48
0.50
0.48
0.48
0.56
0.59
0.56
0.57
0.49
0.50
0.51
0.50
0.46
0.45
0.45
0.45
0.46
2.81
0.47
0.46
0.59
0.57
0.56
1.13
CorWatt	PkgWatt
20.39	137.33
0.54	137.31
0.47
0.48
0.49
0.52
0.52
0.49
0.53
0.40
0.47
0.41
0.40
0.50
0.54
0.51
0.52
0.46
0.46
0.45
0.46
0.40
0.38
0.39
0.40
0.37
5.74
0.43
0.42
0.55
0.53
0.54
0.62
CorWatt	PkgWatt
19.77	136.74
0.53	136.73
0.43
0.45
0.44
0.49
0.49
0.48
0.53
0.38
0.43
0.41
0.41
0.49
0.51
0.49
0.50
0.44
0.45
0.45
0.45
0.39
0.38
0.39
0.40
0.35
5.73
0.41
0.36
0.51
0.50
0.50
0.61
CorWatt	PkgWatt
20.04	137.36
0.54	137.36
0.43
0.47
0.45
0.49
1.28
0.49
0.53
0.37
0.43
0.40
0.41
0.50
0.52
0.49
0.51
0.45
0.48
0.45
0.47
0.39
0.38
0.41
0.40
0.36
4.95
0.42
0.37
0.52
0.52
0.52
0.61
CorWatt	PkgWatt
19.64	136.85
0.53	136.85
0.44
0.46
0.44
0.49
0.66
0.49
0.51
0.37
0.42
0.40
0.40
0.49
0.50
0.49
0.50
0.44
0.45
0.45
0.45
0.38
0.38
0.39
0.39
5.52
0.36
0.40
0.36
0.51
0.51
0.50
0.60
CorWatt	PkgWatt
19.92	137.12
0.56	137.12
0.44
0.47
0.43
0.51
0.53
0.51
0.48
0.39
0.43
0.39
0.39
0.49
0.53
0.49
0.50
0.46
0.46
0.45
0.46
0.39
0.39
0.41
0.41
5.67
0.38
0.39
0.36
0.52
0.51
0.51
0.60
CorWatt	PkgWatt
19.65	136.75
0.54	136.75
0.42
0.44
0.42
0.48
0.50
0.48
0.48
0.38
0.42
0.40
0.40
0.49
0.51
0.49
0.51
0.45
0.46
0.46
0.46
0.38
0.38
0.39
0.38
5.68
0.37
0.41
0.37
0.52
0.52
0.51
0.59
CorWatt	PkgWatt
19.72	136.96
0.54	136.96
0.44
0.47
0.44
0.48
0.52
0.49
0.48
0.38
0.42
0.40
0.40
0.49
0.51
0.48
0.50
0.44
0.45
0.45
0.46
0.39
0.38
0.39
0.38
5.69
0.36
0.39
0.39
0.52
0.51
0.50
0.60
CorWatt	PkgWatt
19.74	136.81
0.53	136.81
0.42
0.44
0.42
0.48
0.49
0.48
0.48
0.38
0.42
0.42
0.42
0.49
0.51
0.51
0.50
0.44
0.45
0.46
0.46
0.40
0.40
0.40
0.39
5.67
0.36
0.40
0.37
0.52
0.51
0.50
0.61
CorWatt	PkgWatt
19.96	137.10
0.53	137.09
0.44
0.45
0.45
0.51
0.51
0.52
0.49
0.38
0.42
0.41
0.42
0.50
0.51
0.51
0.51
0.44
0.46
0.45
0.46
0.39
0.40
0.41
0.39
5.68
0.37
0.40
0.37
0.53
0.51
0.53
0.60
CorWatt	PkgWatt
19.78	137.02
0.52	137.03
0.42
0.47
0.42
0.48
0.51
0.48
0.50
0.36
0.42
0.40
0.39
0.49
0.52
0.50
0.51
0.45
0.48
0.46
0.45
0.40
0.38
0.40
0.41
5.67
0.37
0.40
0.37
0.52
0.51
0.50
0.59
CorWatt	PkgWatt
19.72	136.94
0.53	136.94
0.43
0.44
0.43
0.48
0.51
0.48
0.48
0.39
0.46
0.40
0.39
0.49
0.51
0.50
0.51
0.45
0.45
0.46
0.47
0.38
0.38
0.39
0.38
5.68
0.36
0.40
0.37
0.63
0.51
0.50
0.50
CorWatt	PkgWatt
19.84	136.97
0.56	136.97
0.44
0.46
0.42
0.48
0.51
0.48
0.48
0.39
0.42
0.39
0.40
0.49
0.50
0.48
0.50
0.44
0.45
0.47
0.47
0.38
0.39
0.39
0.38
5.67
0.38
0.42
0.38
0.64
0.51
0.52
0.52
CorWatt	PkgWatt
20.10	137.20
0.55	137.20
0.45
0.45
0.43
0.51
0.52
0.51
0.48
0.41
0.44
0.40
0.40
0.50
0.52
0.49
0.51
0.47
0.46
0.47
0.46
0.42
0.39
0.40
0.40
5.68
0.40
0.43
0.41
0.62
0.52
0.51
0.51
CorWatt	PkgWatt
19.80	137.14
0.53	137.13
0.43
0.45
0.42
0.48
0.51
0.49
0.51
0.37
0.42
0.40
0.39
0.49
0.51
0.49
0.50
0.45
0.47
0.47
0.45
0.38
0.38
0.39
0.38
5.68
0.38
0.40
0.40
0.64
0.51
0.52
0.53
CorWatt	PkgWatt
19.75	137.00
0.54	137.00
0.42
0.44
0.43
0.49
0.51
0.48
0.47
0.39
0.42
0.39
0.39
0.50
0.53
0.50
0.50
0.44
0.45
0.45
0.45
0.39
0.39
0.39
0.39
5.67
0.37
0.40
0.36
0.63
0.51
0.53
0.50
CorWatt	PkgWatt
19.75	136.96
0.53	136.96
0.44
0.45
0.45
0.48
0.53
0.49
0.49
0.39
0.42
0.39
0.39
0.49
0.51
0.49
0.51
0.45
0.45
0.47
0.45
0.38
0.39
0.39
0.38
5.67
0.36
0.39
0.37
0.63
0.51
0.50
0.50
CorWatt	PkgWatt
19.94	133.97
0.58	134.00
0.56
0.54
0.52
0.57
0.59
0.58
0.56
0.48
0.51
0.47
0.47
0.59
0.58
0.59
0.58
0.53
0.55
1.02
0.54
0.47
0.46
0.48
0.46
2.83
0.44
0.48
0.45
0.71
0.60
0.57
0.58
CorWatt	PkgWatt
17.40	130.19
0.52	130.17
0.49
0.45
0.43
0.49
0.51
0.50
0.50
0.40
0.43
0.41
0.39
0.50
0.51
0.49
0.51
0.45
0.46
0.57
0.47
0.44
3.10
0.46
0.44
0.39
0.35
0.37
0.35
0.52
0.52
0.51
0.50
CorWatt	PkgWatt
17.41	129.92
0.51	129.92
0.47
0.46
0.42
0.48
0.53
0.48
0.47
0.41
0.43
0.43
0.39
0.51
0.52
0.48
0.51
0.44
0.46
0.57
0.47
0.44
3.10
0.45
0.43
0.39
0.36
0.39
0.36
0.51
0.52
0.50
0.51
CorWatt	PkgWatt
17.36	130.14
0.51	130.14
0.47
0.44
0.42
0.48
0.52
0.48
0.50
0.40
0.43
0.42
0.41
0.50
0.51
0.51
0.50
0.44
0.46
0.58
0.47
0.43
3.09
0.44
0.42
0.36
0.35
0.37
0.37
0.51
0.51
0.51
0.52
CorWatt	PkgWatt
17.81	130.26
0.51	130.27
0.47
0.48
0.48
0.49
0.52
0.49
0.48
0.40
0.47
0.40
0.42
0.50
0.52
0.50
0.51
0.47
0.48
0.58
0.49
0.44
1.45
2.12
0.44
0.40
0.38
0.38
0.40
0.52
0.52
0.55
0.54
CorWatt	PkgWatt
17.27	129.87
0.51	129.86
0.46
0.44
0.48
0.49
0.52
0.50
0.50
0.38
0.43
0.40
0.39
0.50
0.51
0.48
0.50
0.44
0.46
0.57
0.46
0.43
0.45
3.10
0.42
0.36
0.35
0.36
0.35
0.51
0.51
0.50
0.50
CorWatt	PkgWatt
17.32	129.90
0.52	129.90
0.44
0.45
0.48
0.48
0.52
0.48
0.48
0.40
0.44
0.41
0.41
0.50
0.52
0.52
0.50
0.44
0.46
0.56
0.46
0.45
0.47
3.09
0.42
0.35
0.35
0.36
0.35
0.52
0.51
0.50
0.49
CorWatt	PkgWatt
17.59	130.24
0.51	130.24
0.46
0.45
0.47
0.49
0.52
0.49
0.50
0.39
0.46
0.41
0.40
0.52
0.52
0.50
0.55
0.45
0.48
0.57
0.50
0.46
0.46
3.09
0.44
0.36
0.36
0.37
0.35
0.52
0.51
0.51
0.51
CorWatt	PkgWatt
17.43	130.05
0.53	130.05
0.43
0.46
0.47
0.49
0.51
0.51
0.48
0.39
0.45
0.43
0.40
0.50
0.54
0.49
0.52
0.45
0.46
0.57
0.47
0.43
0.45
3.10
0.43
0.36
0.35
0.36
0.37
0.52
0.51
0.51
0.52
CorWatt	PkgWatt
17.28	129.90
0.52	129.90
0.43
0.45
0.47
0.49
0.53
0.49
0.50
0.38
0.42
0.41
0.40
0.52
0.51
0.49
0.51
0.45
0.46
0.57
0.46
0.43
0.44
3.09
0.42
0.35
0.35
0.36
0.35
0.51
0.51
0.51
0.52
CorWatt	PkgWatt
17.50	130.16
0.53	130.16
0.43
0.45
0.47
0.48
0.55
0.50
0.49
0.39
0.45
0.40
0.44
0.54
0.53
0.51
0.51
0.44
0.46
0.57
0.46
0.44
0.45
3.09
0.42
0.35
0.35
0.38
0.37
0.52
0.52
0.50
0.51
CorWatt	PkgWatt
17.25	129.82
0.52	129.81
0.43
0.46
0.48
0.49
0.52
0.48
0.49
0.38
0.43
0.39
0.40
0.50
0.50
0.48
0.50
0.44
0.48
0.58
0.46
0.45
0.45
3.09
0.42
0.35
0.35
0.36
0.35
0.51
0.51
0.51
0.50
CorWatt	PkgWatt
17.29	129.83
0.52	129.83
0.44
0.45
0.47
0.49
0.53
0.49
0.48
0.38
0.43
0.41
0.40
0.50
0.52
0.49
0.51
0.45
0.46
0.56
0.46
0.44
0.45
3.09
0.42
0.38
0.36
0.37
0.35
0.51
0.50
0.50
0.50
CorWatt	PkgWatt
17.26	129.77
0.52	129.78
0.43
0.44
0.47
0.49
0.50
0.48
0.48
0.39
0.42
0.40
0.40
0.52
0.52
0.48
0.50
0.44
0.46
0.58
0.46
0.43
0.47
3.09
0.43
0.36
0.35
0.36
0.35
0.51
0.50
0.52
0.50
CorWatt	PkgWatt
17.56	130.19
0.52	130.18
0.45
0.48
0.50
0.52
0.52
0.48
0.47
0.39
0.47
0.40
0.40
0.50
0.53
0.50
0.51
0.45
0.46
0.57
0.47
0.44
0.45
3.08
0.42
0.36
0.37
0.37
0.36
0.54
0.52
0.55
0.53
CorWatt	PkgWatt
17.26	129.80
0.52	129.80
0.43
0.47
0.48
0.49
0.50
0.49
0.49
0.37
0.43
0.40
0.40
0.51
0.51
0.50
0.50
0.44
0.46
0.57
0.46
0.45
0.44
3.09
0.43
0.36
0.35
0.37
0.35
0.51
0.51
0.51
0.50
CorWatt	PkgWatt
17.41	129.90
0.52	129.90
0.43
0.48
0.47
0.49
0.51
0.49
0.48
0.41
0.43
0.40
0.42
0.50
0.51
0.49
0.50
0.47
0.49
0.56
0.48
0.46
0.45
3.09
0.43
0.37
0.35
0.36
0.35
0.51
0.51
0.50
0.50
CorWatt	PkgWatt
17.24	129.91
0.52	129.91
0.45
0.46
0.48
0.50
0.50
0.49
0.48
0.38
0.42
0.39
0.40
0.50
0.51
0.48
0.50
0.44
0.47
0.58
0.46
0.43
0.44
3.09
0.42
0.36
0.35
0.35
0.35
0.50
0.50
0.51
0.53
CorWatt	PkgWatt
18.15	129.67
0.56	129.69
0.51
0.54
0.54
0.56
0.57
0.54
0.53
0.46
0.49
0.48
0.48
0.57
0.61
0.57
0.58
0.50
0.55
0.55
0.53
0.48
0.51
0.61
0.47
0.43
0.43
0.97
0.42
0.71
0.70
0.71
1.02
CorWatt	PkgWatt
17.00	128.61
0.52	128.61
0.46
0.47
0.50
0.51
0.49
0.51
0.52
0.41
0.45
0.43
0.43
0.53
0.54
0.53
0.53
0.48
0.49
0.48
0.50
0.38
0.48
0.44
0.39
0.40
0.39
0.52
0.39
1.23
0.80
0.79
1.01
CorWatt	PkgWatt
16.35	128.22
0.49	128.21
0.45
0.47
0.47
0.49
0.51
0.50
0.49
0.38
0.43
0.41
0.41
0.51
0.52
0.49
0.51
0.45
0.47
0.46
0.47
0.38
0.44
0.40
0.40
0.37
0.36
0.48
0.36
1.34
0.79
0.77
0.91
CorWatt	PkgWatt
16.22	128.01
0.48	128.01
0.42
0.44
0.47
0.48
0.49
0.48
0.48
0.40
0.44
0.42
0.44
0.50
0.51
0.49
0.50
0.44
0.46
0.46
0.47
0.42
0.46
0.39
0.39
0.36
0.35
0.47
0.35
1.41
0.78
0.77
0.81
CorWatt	PkgWatt
16.35	128.03
0.49	128.03
0.44
0.46
0.49
0.50
0.50
0.52
0.49
0.39
0.42
0.40
0.41
0.51
0.51
0.50
0.50
0.44
0.47
0.45
0.46
0.40
0.45
0.41
0.39
0.37
0.36
0.48
0.35
1.33
0.77
0.77
0.93
CorWatt	PkgWatt
16.79	128.60
0.50	128.60
0.42
0.46
0.42
0.48
0.50
0.48
0.50
0.40
0.42
0.40
0.38
0.50
0.53
0.50
0.52
0.46
0.52
0.45
0.46
0.42
0.45
0.40
0.42
0.38
0.36
0.48
0.35
1.14
0.85
0.85
1.41
CorWatt	PkgWatt
19.46	130.85
0.52	130.85
0.44
0.45
0.43
0.49
0.50
0.49
0.47
0.41
0.47
0.42
0.39
0.50
0.52
0.50
0.52
0.45
0.48
0.45
0.46
0.38
0.39
0.39
0.41
0.40
0.37
0.47
0.38
1.42
1.20
1.20
3.08
CorWatt	PkgWatt
19.60	130.95
0.54	130.95
0.44
0.46
0.42
0.48
0.52
0.48
0.48
0.41
0.43
0.41
0.39
0.50
0.51
0.49
0.51
0.44
0.47
0.46
0.48
0.39
0.39
0.39
0.40
0.40
0.39
0.50
0.38
2.12
1.25
1.25
2.41
CorWatt	PkgWatt
19.66	131.18
0.52	131.18
0.42
0.45
0.42
0.50
0.51
0.48
0.47
0.41
0.44
0.42
0.39
0.51
0.53
0.50
0.52
0.47
0.47
0.45
0.46
0.39
0.38
0.39
0.39
0.40
0.39
0.49
0.38
3.29
1.26
1.26
1.27
CorWatt	PkgWatt
19.66	131.16
0.53	131.16
0.44
0.45
0.43
0.49
0.51
0.48
0.51
0.41
0.44
0.42
0.40
0.51
0.54
0.50
0.52
0.45
0.50
0.45
0.47
0.38
0.39
0.39
0.39
0.40
0.39
0.49
0.39
3.28
1.23
1.24
1.23
CorWatt	PkgWatt
19.52	131.02
0.53	131.02
0.43
0.45
0.43
0.49
0.49
0.48
0.47
0.40
0.44
0.41
0.39
0.52
0.54
0.51
0.52
0.44
0.46
0.45
0.46
0.39
0.40
0.39
0.39
0.39
0.37
0.48
0.36
2.26
1.25
1.25
2.26
CorWatt	PkgWatt
19.43	130.94
0.52	130.94
0.46
0.46
0.45
0.48
0.51
0.48
0.48
0.40
0.42
0.41
0.38
0.50
0.51
0.49
0.51
0.45
0.47
0.44
0.46
0.38
0.39
0.39
0.38
0.38
0.36
0.49
0.35
1.27
1.25
1.25
3.26
CorWatt	PkgWatt
19.36	130.93
0.53	130.93
0.42
0.45
0.43
0.51
0.52
0.48
0.48
0.40
0.42
0.40
0.39
0.50
0.52
0.49
0.50
0.46
0.45
0.44
0.46
0.38
0.38
0.39
0.38
0.38
0.37
0.46
0.35
1.27
1.25
1.25
3.25
CorWatt	PkgWatt
19.41	130.85
0.53	130.85
0.44
0.47
0.42
0.48
0.50
0.49
0.49
0.40
0.42
0.41
0.39
0.50
0.51
0.49
0.50
0.46
0.45
0.44
0.46
0.39
0.38
0.39
0.39
0.38
0.36
0.48
0.35
1.27
1.25
1.25
3.25
CorWatt	PkgWatt
19.43	131.03
0.52	131.03
0.44
0.47
0.43
0.49
0.49
0.48
0.48
0.41
0.43
0.42
0.39
0.51
0.53
0.53
0.51
0.45
0.46
0.45
0.46
0.38
0.38
0.39
0.39
0.41
0.38
0.48
0.36
1.23
1.21
1.21
3.26
CorWatt	PkgWatt
19.43	130.86
0.54	130.87
0.42
0.44
0.42
0.48
0.49
0.48
0.49
0.42
0.43
0.42
0.43
0.50
0.51
0.50
0.51
0.46
0.45
0.46
0.46
0.39
0.38
0.39
0.38
0.36
0.36
0.48
0.37
1.27
2.55
1.25
1.95
CorWatt	PkgWatt
19.64	131.00
0.54	131.00
0.43
0.47
0.44
0.48
0.49
0.48
0.47
0.40
0.47
0.40
0.42
0.50
0.51
0.49
0.51
0.45
0.48
0.46
0.48
0.38
0.39
0.39
0.39
0.40
0.39
0.49
0.39
1.27
1.61
1.26
2.90
CorWatt	PkgWatt
19.30	130.72
0.59	130.74
0.49
0.56
0.50
0.52
0.52
0.56
0.52
0.47
0.49
0.48
0.48
0.55
0.57
0.60
0.56
0.50
0.52
0.49
0.56
0.44
0.43
0.46
0.46
0.45
0.41
0.54
0.42
1.00
1.00
0.98
2.18
