CorWatt	PkgWatt
15.00	127.10
0.52	127.10
0.58
0.48
0.47
0.50
0.49
0.49
0.47
0.40
0.43
0.40
0.38
0.53
0.58
0.54
0.58
0.50
0.47
0.48
0.49
0.43
0.40
0.43
0.41
0.35
0.35
0.39
0.36
0.52
0.51
0.58
0.52
CorWatt	PkgWatt
14.85	127.21
0.56	127.18
0.50
0.47
0.44
0.52
0.52
0.49
0.51
0.40
0.43
0.39
0.37
0.53
0.58
0.50
0.57
0.45
0.46
0.46
0.48
0.42
0.43
0.41
0.40
0.36
0.36
0.36
0.37
0.52
0.50
0.58
0.51
CorWatt	PkgWatt
17.43	129.53
0.60	129.58
0.53
0.63
0.53
0.54
0.54
0.50
0.53
0.45
0.47
0.45
0.41
0.63
0.60
0.59
0.62
0.51
0.50
0.52
0.52
0.45
0.49
0.44
0.44
0.57
0.51
0.56
0.53
0.66
0.70
0.75
0.66
CorWatt	PkgWatt
14.68	127.08
0.51	127.05
0.48
0.50
0.43
0.50
0.52
0.49
0.50
0.41
0.43
0.39
0.37
0.50
0.50
0.49
0.51
0.44
0.46
0.45
0.46
0.40
0.40
0.38
0.39
0.37
0.36
0.38
0.40
0.55
0.58
0.61
0.54
