CorWatt	PkgWatt
4.47	153.42
0.08	77.02
0.08
0.08
0.08
0.08
0.08
0.08
0.08
0.07
0.07
0.07
0.07
0.07
0.14
0.07
0.07
0.08
0.08
0.08
0.08
0.09
0.08
0.08
0.08
0.08
0.08
0.08
0.08
0.07
0.07
0.07
0.07
0.07	76.51
0.07
0.07
0.07
0.07
0.07
0.07
0.06
0.06
0.06
0.06
0.06
0.06
0.05
0.05
0.06
0.07
0.07
0.06
0.07
0.07
0.07
0.07
0.07
0.06
0.06
0.07
0.06
0.06
0.06
0.06
0.06
CorWatt	PkgWatt
4.91	152.07
0.09	76.04
0.08
0.08
0.08
0.08
0.08
0.08
0.08
0.07
0.07
0.07
0.07
0.07
0.07
0.07
0.07
0.08
0.08
0.08
0.08
0.09
0.08
0.08
0.08
0.08
0.08
0.08
0.08
0.07
0.07
0.08
0.07
0.07	75.98
0.07
0.08
0.08
0.08
0.07
0.07
0.08
0.06
0.06
0.06
0.06
0.06
0.09
0.06
0.06
0.08
0.08
0.09
0.08
0.09
0.08
0.08
0.08
0.07
0.07
0.07
0.15
0.08
0.06
0.06
0.06
