CorWatt	PkgWatt
15.22	127.42
0.53	127.40
0.46
0.47
0.47
0.55
0.54
0.56
0.54
0.40
0.49
0.42
0.41
0.53
0.51
0.51
0.52
0.47
0.50
0.49
0.48
0.40
0.41
0.39
0.42
0.38
0.47
0.36
0.39
0.58
0.51
0.54
0.52
CorWatt	PkgWatt
15.03	127.07
0.53	127.20
0.49
0.47
0.49
0.59
0.52
0.56
0.55
0.42
0.48
0.38
0.38
0.50
0.51
0.50
0.51
0.45
0.49
0.46
0.50
0.41
0.41
0.39
0.42
0.37
0.40
0.39
0.38
0.55
0.50
0.54
0.51
CorWatt	PkgWatt
20.74	132.27
0.63	132.18
0.60
0.61
0.56
0.72
0.58
0.66
0.68
0.59
0.75
0.57
0.66
0.78
0.75
0.74
0.85
0.70
0.65
0.67
0.72
0.61
0.62
0.51
0.58
0.55
0.64
0.54
0.47
0.68
0.65
0.76
0.65
CorWatt	PkgWatt
15.72	127.64
0.50	127.61
0.43
0.47
0.48
0.55
0.50
0.49
0.56
0.55
0.55
0.43
0.48
0.52
0.54
0.55
0.56
0.49
0.54
0.50
0.51
0.42
0.44
0.48
0.46
0.35
0.39
0.38
0.41
0.57
0.53
0.54
0.54
CorWatt	PkgWatt
15.63	127.70
0.56	127.70
0.46
0.46
0.47
0.57
0.52
0.52
0.55
0.48
0.51
0.45
0.44
0.54
0.54
0.49
0.53
0.48
0.51
0.50
0.53
0.43
0.43
0.49
0.47
0.35
0.43
0.37
0.37
0.56
0.52
0.55
0.53
CorWatt	PkgWatt
16.63	128.36
0.55	128.39
0.49
0.55
0.54
0.64
0.59
0.64
0.59
0.43
0.50
0.40
0.40
0.60
0.57
0.59
0.61
0.54
0.56
0.50
0.53
0.45
0.45
0.47
0.48
0.43
0.48
0.41
0.42
0.56
0.52
0.58
0.54
CorWatt	PkgWatt
15.57	127.60
0.52	127.56
0.47
0.55
0.50
0.60
0.53
0.53
0.56
0.42
0.53
0.43
0.43
0.57
0.58
0.54
0.54
0.49
0.47
0.45
0.47
0.43
0.44
0.40
0.44
0.38
0.40
0.40
0.39
0.52
0.50
0.58
0.51
CorWatt	PkgWatt
15.33	127.58
0.52	127.57
0.43
0.45
0.49
0.52
0.49
0.52
0.54
0.45
0.55
0.44
0.48
0.56
0.58
0.56
0.58
0.50
0.47
0.49
0.50
0.42
0.39
0.38
0.45
0.35
0.40
0.37
0.40
0.51
0.50
0.51
0.53
CorWatt	PkgWatt
15.27	127.31
0.53	127.31
0.46
0.47
0.49
0.56
0.53
0.56
0.53
0.42
0.51
0.46
0.46
0.56
0.59
0.54
0.56
0.48
0.46
0.45
0.48
0.38
0.38
0.38
0.45
0.35
0.39
0.35
0.36
0.51
0.50
0.59
0.54
CorWatt	PkgWatt
15.71	127.79
0.53	127.79
0.49
0.59
0.50
0.59
0.57
0.60
0.56
0.41
0.51
0.40
0.44
0.55
0.51
0.51
0.57
0.55
0.50
0.47
0.46
0.41
0.42
0.38
0.47
0.39
0.44
0.40
0.41
0.52
0.50
0.53
0.54
CorWatt	PkgWatt
15.53	127.44
0.54	127.43
0.48
0.50
0.52
0.57
0.61
0.57
0.52
0.43
0.51
0.42
0.43
0.53
0.55
0.52
0.53
0.51
0.51
0.51
0.52
0.40
0.39
0.38
0.45
0.37
0.39
0.39
0.40
0.52
0.50
0.55
0.51
CorWatt	PkgWatt
15.16	127.21
0.51	127.21
0.47
0.45
0.50
0.55
0.49
0.54
0.49
0.40
0.50
0.38
0.40
0.53
0.50
0.51
0.53
0.48
0.52
0.55
0.51
0.44
0.45
0.43
0.46
0.38
0.41
0.36
0.37
0.53
0.50
0.52
0.50
CorWatt	PkgWatt
18.59	129.94
0.57	129.94
0.50
0.50
0.50
0.65
0.55
0.61
0.55
0.58
0.57
0.64
0.53
0.66
0.64
0.65
0.68
0.77
0.66
0.66
0.65
0.54
0.47
0.48
0.62
0.46
0.52
0.49
0.48
0.63
0.60
0.61
0.59
