CorWatt	PkgWatt
15.36	127.99
0.50	127.99
0.56
0.52
0.49
0.51
0.52
0.53
0.49
0.43
0.47
0.41
0.44
0.52
0.53
0.52
0.55
0.45
0.47
0.46
0.48
0.39
0.42
0.40
0.43
0.42
0.42
0.39
0.46
0.55
0.53
0.55
0.54
CorWatt	PkgWatt
15.33	127.81
0.52	127.81
0.55
0.50
0.47
0.53
0.52
0.52
0.54
0.39
0.45
0.41
0.42
0.54
0.52
0.54
0.57
0.48
0.49
0.46
0.48
0.42
0.48
0.43
0.43
0.38
0.44
0.38
0.36
0.54
0.51
0.54
0.52
CorWatt	PkgWatt
21.04	132.76
0.70	132.81
0.64
0.58
0.59
0.65
0.71
0.68
0.65
0.65
0.84
0.79
0.67
0.81
0.80
0.84
0.87
0.63
0.64
0.57
0.58
0.47
0.55
0.50
0.53
0.56
0.55
0.61
0.50
0.80
0.67
0.67
0.72
CorWatt	PkgWatt
15.98	128.31
0.55	128.29
0.58
0.53
0.51
0.62
0.55
0.57
0.55
0.50
0.48
0.44
0.51
0.55
0.59
0.59
0.57
0.46
0.52
0.47
0.49
0.41
0.39
0.40
0.45
0.41
0.39
0.38
0.39
0.54
0.51
0.52
0.56
CorWatt	PkgWatt
15.97	128.43
0.53	128.42
0.58
0.51
0.48
0.58
0.55
0.53
0.50
0.46
0.46
0.44
0.47
0.60
0.53
0.57
0.57
0.50
0.50
0.48
0.50
0.42
0.39
0.43
0.47
0.42
0.45
0.44
0.40
0.57
0.56
0.53
0.57
CorWatt	PkgWatt
16.59	128.70
0.56	128.72
0.58
0.54
0.55
0.56
0.58
0.61
0.58
0.51
0.54
0.44
0.52
0.69
0.64
0.64
0.63
0.49
0.51
0.46
0.52
0.39
0.39
0.39
0.40
0.43
0.40
0.41
0.45
0.56
0.56
0.51
0.55
CorWatt	PkgWatt
16.17	128.51
0.54	128.50
0.58
0.54
0.53
0.55
0.57
0.58
0.58
0.44
0.47
0.44
0.52
0.55
0.58
0.56
0.60
0.49
0.49
0.47
0.50
0.44
0.41
0.42
0.42
0.40
0.37
0.40
0.42
0.61
0.54
0.56
0.58
CorWatt	PkgWatt
15.63	128.14
0.51	128.13
0.53
0.50
0.49
0.50
0.54
0.54
0.51
0.49
0.49
0.40
0.48
0.57
0.61
0.57
0.57
0.49
0.52
0.49
0.52
0.41
0.39
0.42
0.41
0.37
0.36
0.38
0.43
0.55
0.51
0.52
0.55
CorWatt	PkgWatt
15.48	128.07
0.48	128.07
0.55
0.49
0.45
0.53
0.53
0.55
0.55
0.44
0.44
0.39
0.46
0.51
0.54
0.54
0.55
0.52
0.52
0.56
0.52
0.44
0.43
0.45
0.45
0.37
0.37
0.36
0.35
0.57
0.50
0.51
0.55
CorWatt	PkgWatt
15.65	128.09
0.52	128.09
0.53
0.47
0.47
0.53
0.56
0.56
0.54
0.46
0.47
0.41
0.45
0.53
0.55
0.50
0.58
0.51
0.59
0.50
0.51
0.45
0.43
0.41
0.45
0.42
0.40
0.42
0.35
0.52
0.50
0.51
0.54
CorWatt	PkgWatt
16.11	128.48
0.50	128.48
0.54
0.54
0.49
0.55
0.51
0.57
0.52
0.51
0.51
0.43
0.45
0.58
0.55
0.53
0.56
0.48
0.50
0.49
0.51
0.40
0.40
0.44
0.40
0.43
0.50
0.44
0.45
0.60
0.58
0.55
0.60
CorWatt	PkgWatt
15.83	128.19
0.50	128.19
0.45
0.49
0.53
0.55
0.54
0.53
0.56
0.52
0.52
0.45
0.46
0.58
0.57
0.56
0.61
0.48
0.49
0.51
0.49
0.41
0.40
0.43
0.43
0.38
0.37
0.39
0.45
0.53
0.51
0.56
0.55
CorWatt	PkgWatt
19.48	131.36
0.67	131.37
0.63
0.56
0.72
0.60
0.64
0.61
0.66
0.70
0.65
0.60
0.68
0.65
0.61
0.56
0.61
0.54
0.54
0.50
0.56
0.64
0.53
0.54
0.53
0.57
0.49
0.52
0.60
0.72
0.59
0.79
0.68
