CorWatt	PkgWatt
13.23	165.60
0.10	78.01
0.10
0.10
0.09
0.09
0.08
0.08
0.09
0.08
0.08
0.08
0.08
0.08
0.08
0.08
0.08
0.09
0.09
0.09
0.16
0.10
0.09
0.09
0.09
0.08
0.08
0.08
0.08
0.08
0.08
0.08
0.08
0.20	88.25
0.21
5.69
0.20
0.16
0.16
0.15
0.15
0.14
0.14
0.14
0.14
0.14
0.14
0.14
0.14
0.15
0.15
0.15
0.15
0.16
0.16
0.16
0.16
0.15
0.15
0.14
0.15
0.14
0.14
0.14
0.14
CorWatt	PkgWatt
18.53	171.48
0.19	84.99
0.18
0.18
0.18
0.17
0.17
0.17
0.17
0.16
0.16
0.16
0.16
0.16
0.16
0.15
0.15
0.22
0.23
0.23
2.81
0.19
0.18
0.18
0.18
0.17
0.17
0.17
0.17
0.16
0.16
0.16
0.16
0.20	86.65
0.20
5.65
0.20
0.15
0.15
0.15
0.15
0.14
0.14
0.14
0.14
0.14
0.14
0.14
0.14
0.15
0.15
0.15
0.15
0.16
0.16
0.16
0.16
0.14
0.14
0.14
0.14
0.14
0.14
0.14
0.14
