CorWatt	PkgWatt
15.34	127.18
0.56	127.18
0.48
0.49
0.46
0.54
0.54
0.58
0.51
0.39
0.45
0.40
0.46
0.60
0.53
0.51
0.53
0.47
0.52
0.46
0.49
0.40
0.42
0.42
0.42
0.38
0.41
0.42
0.38
0.52
0.55
0.54
0.50
CorWatt	PkgWatt
14.70	126.51
0.60	126.57
0.51
0.50
0.45
0.50
0.57
0.56
0.48
0.38
0.47
0.37
0.40
0.50
0.50
0.50
0.51
0.44
0.49
0.44
0.48
0.39
0.40
0.38
0.38
0.36
0.39
0.37
0.35
0.51
0.53
0.52
0.50
CorWatt	PkgWatt
18.61	129.77
0.70	129.74
0.59
0.61
0.52
0.59
0.57
0.58
0.56
0.54
0.57
0.46
0.56
0.67
0.66
0.65
0.67
0.54
0.63
0.56
0.57
0.52
0.52
0.48
0.54
0.45
0.53
0.60
0.47
0.71
0.69
0.62
0.67
CorWatt	PkgWatt
15.13	127.07
0.57	127.04
0.49
0.46
0.44
0.48
0.49
0.48
0.47
0.43
0.48
0.39
0.43
0.56
0.50
0.54
0.55
0.48
0.48
0.44
0.46
0.40
0.39
0.39
0.41
0.43
0.49
0.48
0.40
0.58
0.52
0.54
0.49
CorWatt	PkgWatt
15.90	127.19
0.58	127.09
0.50
0.48
0.50
0.54
0.55
0.54
0.52
0.41
0.48
0.41
0.44
0.58
0.57
0.55
0.60
0.49
0.52
0.48
0.50
0.42
0.42
0.42
0.42
0.43
0.44
0.40
0.43
0.56
0.55
0.57
0.58
