CorWatt	PkgWatt
15.15	127.55
0.53	127.57
0.48
0.53
0.47
0.52
0.53
0.58
0.50
0.45
0.46
0.45
0.41
0.57
0.54
0.54
0.65
0.46
0.49
0.46
0.47
0.39
0.38
0.39
0.39
0.35
0.39
0.36
0.35
0.52
0.51
0.51
0.51
CorWatt	PkgWatt
15.09	127.40
0.50	127.48
0.47
0.51
0.45
0.53
0.54
0.57
0.50
0.51
0.45
0.43
0.41
0.52
0.53
0.55
0.55
0.46
0.52
0.46
0.47
0.40
0.39
0.39
0.39
0.37
0.39
0.38
0.37
0.53
0.52
0.51
0.51
CorWatt	PkgWatt
21.70	133.59
0.69	133.51
0.67
0.71
2.65
0.67
0.67
0.75
0.69
0.55
0.51
0.58
0.50
0.74
0.65
0.64
0.66
0.53
0.70
0.59
0.55
0.48
0.45
0.55
0.47
0.57
0.55
0.60
0.51
0.78
0.66
0.69
0.72
CorWatt	PkgWatt
16.28	128.28
0.50	128.26
0.50
0.48
0.56
0.76
0.74
0.78
1.16
0.39
0.43
0.40
0.41
0.51
0.52
0.50
0.51
0.44
0.46
0.49
0.46
0.39
0.38
0.38
0.38
0.39
0.37
0.39
0.35
0.60
0.54
0.55
0.54
CorWatt	PkgWatt
16.31	128.48
0.50	128.48
0.48
0.47
0.55
0.76
0.77
0.78
1.25
0.42
0.43
0.39
0.39
0.52
0.51
0.52
0.51
0.47
0.47
0.48
0.46
0.39
0.38
0.38
0.38
0.36
0.35
0.40
0.37
0.52
0.56
0.55
0.55
CorWatt	PkgWatt
17.57	129.27
0.54	129.31
0.55
0.49
0.59
0.76
0.74
0.81
1.28
0.40
0.48
0.43
0.43
0.59
0.60
0.58
0.60
0.51
0.52
0.53
0.52
0.40
0.40
0.42
0.43
0.42
0.43
0.41
0.41
0.58
0.55
0.60
0.56
CorWatt	PkgWatt
16.30	128.46
0.50	128.42
0.51
0.47
0.55
0.81
0.76
0.76
1.29
0.41
0.44
0.39
0.39
0.51
0.51
0.51
0.51
0.46
0.47
0.49
0.48
0.40
0.39
0.39
0.39
0.37
0.35
0.38
0.36
0.52
0.52
0.51
0.52
CorWatt	PkgWatt
16.45	128.44
0.53	128.44
0.51
0.52
0.55
0.78
0.73
0.73
1.42
0.42
0.47
0.44
0.40
0.51
0.53
0.53
0.50
0.45
0.45
0.48
0.46
0.39
0.38
0.38
0.38
0.35
0.35
0.37
0.35
0.54
0.55
0.52
0.52
CorWatt	PkgWatt
17.44	130.08
0.53	130.08
0.46
0.46
0.53
0.53
0.51
0.51
3.28
0.39
0.45
0.40
0.39
0.52
0.52
0.51
0.53
0.45
0.45
0.48
0.47
0.41
0.38
0.38
0.40
0.35
0.35
0.36
0.35
0.55
0.54
0.51
0.51
CorWatt	PkgWatt
17.53	130.35
0.57	130.35
0.46
0.48
0.54
0.53
0.51
0.52
3.28
0.42
0.44
0.41
0.39
0.53
0.53
0.50
0.51
0.44
0.46
0.48
0.46
0.40
0.40
0.38
0.39
0.35
0.35
0.36
0.37
0.52
0.52
0.50
0.52
CorWatt	PkgWatt
17.25	129.95
0.53	129.94
0.45
0.47
0.54
0.53
0.51
0.52
3.28
0.38
0.43
0.40
0.39
0.51
0.51
0.49
0.51
0.45
0.45
0.48
0.45
0.39
0.38
0.38
0.38
0.35
0.35
0.36
0.35
0.51
0.51
0.51
0.51
CorWatt	PkgWatt
17.54	130.23
0.55	130.24
0.47
0.47
0.54
0.52
0.55
0.51
3.28
0.41
0.45
0.41
0.41
0.56
0.55
0.52
0.52
0.44
0.45
0.49
0.45
0.39
0.38
0.38
0.38
0.35
0.35
0.37
0.35
0.51
0.50
0.51
0.53
CorWatt	PkgWatt
17.33	130.05
0.55	130.04
0.46
0.48
0.55
0.53
0.53
0.51
3.28
0.38
0.43
0.38
0.38
0.51
0.51
0.52
0.51
0.44
0.45
0.50
0.45
0.39
0.38
0.38
0.38
0.35
0.35
0.35
0.35
0.52
0.51
0.51
0.51
CorWatt	PkgWatt
17.38	130.22
0.53	130.22
0.46
0.46
0.53
0.54
0.51
0.51
3.28
0.40
0.43
0.39
0.39
0.50
0.51
0.50
0.51
0.45
0.46
0.50
0.46
0.39
0.39
0.38
0.38
0.36
0.35
0.36
0.35
0.52
0.54
0.51
0.51
CorWatt	PkgWatt
17.34	130.01
0.53	130.01
0.45
0.45
0.54
0.50
0.52
0.51
3.28
0.40
0.44
0.38
0.38
0.52
0.53
0.49
0.50
0.44
0.46
0.48
0.46
0.39
0.40
0.38
0.40
0.38
0.35
0.35
0.35
0.56
0.53
0.51
0.52
CorWatt	PkgWatt
17.60	130.22
0.53	130.23
0.49
0.47
0.55
0.53
0.51
0.54
3.28
0.38
0.47
0.41
0.39
0.50
0.53
0.51
0.50
0.45
0.45
0.48
0.46
0.39
0.39
0.38
0.38
0.38
0.36
0.38
0.36
0.56
0.52
0.54
0.53
CorWatt	PkgWatt
17.26	130.21
0.56	130.20
0.49
0.47
0.46
0.52
0.51
0.51
3.28
0.39
0.43
0.38
0.39
0.51
0.51
0.50
0.50
0.44
0.45
0.48
0.46
0.39
0.38
0.38
0.39
0.37
0.35
0.36
0.35
0.52
0.50
0.52
0.51
CorWatt	PkgWatt
17.53	130.19
0.56	130.21
0.50
0.50
0.45
0.52
0.51
0.53
3.28
0.39
0.43
0.39
0.39
0.51
0.52
0.51
0.51
0.46
0.48
0.48
0.48
0.40
0.38
0.38
0.40
0.39
0.36
0.38
0.36
0.54
0.51
0.52
0.52
CorWatt	PkgWatt
17.21	129.93
0.57	129.93
0.49
0.46
0.45
0.51
0.51
0.51
3.28
0.39
0.42
0.38
0.38
0.50
0.50
0.49
0.50
0.44
0.46
0.48
0.45
0.38
0.38
0.38
0.38
0.37
0.35
0.36
0.35
0.51
0.51
0.51
0.55
CorWatt	PkgWatt
17.29	130.10
0.57	130.10
0.50
0.47
0.43
0.52
0.51
0.51
3.28
0.39
0.43
0.38
0.39
0.50
0.52
0.49
0.50
0.44
0.45
0.48
0.45
0.41
0.38
0.40
0.40
0.37
0.35
0.36
0.35
0.53
0.53
0.50
0.52
CorWatt	PkgWatt
18.18	130.27
0.62	130.28
0.56
0.53
0.50
0.57
0.57
0.58
0.67
0.45
0.49
0.46
0.47
0.56
0.58
0.58
0.58
0.65
0.65
0.87
0.85
0.79
0.66
0.44
0.45
0.44
0.41
0.40
0.41
0.61
0.60
0.60
0.58
CorWatt	PkgWatt
16.89	128.82
0.51	128.80
0.51
0.49
0.45
0.50
0.51
0.51
0.51
0.42
0.44
0.39
0.40
0.50
0.52
0.51
0.52
0.81
0.83
1.50
0.84
0.40
0.50
0.39
0.39
0.38
0.35
0.37
0.35
0.52
0.51
0.52
0.52
CorWatt	PkgWatt
16.71	128.74
0.50	128.74
0.50
0.48
0.43
0.49
0.50
0.48
0.49
0.41
0.43
0.44
0.42
0.50
0.52
0.49
0.51
0.80
0.83
1.49
0.82
0.42
0.51
0.38
0.38
0.38
0.35
0.35
0.35
0.51
0.52
0.50
0.51
CorWatt	PkgWatt
16.71	128.73
0.51	128.73
0.49
0.45
0.45
0.53
0.51
0.52
0.52
0.39
0.43
0.39
0.40
0.51
0.51
0.49
0.52
0.81
0.83
1.49
0.82
0.40
0.50
0.40
0.38
0.38
0.35
0.36
0.35
0.51
0.51
0.50
0.51
CorWatt	PkgWatt
16.67	128.84
0.50	128.84
0.49
0.48
0.42
0.51
0.50
0.50
0.50
0.40
0.43
0.39
0.38
0.50
0.53
0.51
0.51
0.82
0.84
1.47
0.82
0.44
0.49
0.38
0.41
0.35
0.35
0.36
0.36
0.51
0.51
0.50
0.51
CorWatt	PkgWatt
16.74	128.66
0.49	128.66
0.50
0.46
0.45
0.51
0.50
0.50
0.49
0.39
0.48
0.39
0.40
0.50
0.51
0.49
0.52
0.82
0.83
1.48
0.83
0.41
0.50
0.39
0.39
0.36
0.35
0.36
0.36
0.54
0.53
0.50
0.51
CorWatt	PkgWatt
17.96	129.79
0.52	129.79
0.51
0.46
0.43
0.51
0.51
0.49
0.48
0.41
0.45
0.39
0.39
0.50
0.51
0.49
0.51
1.00
1.01
2.08
1.02
0.42
0.52
0.38
0.39
0.36
0.36
0.38
0.36
0.54
0.55
0.51
0.54
CorWatt	PkgWatt
19.90	131.87
0.51	131.87
0.48
0.53
0.44
0.53
0.54
0.49
0.49
0.38
0.44
0.38
0.39
0.51
0.51
0.50
0.51
2.72
1.31
1.67
1.31
0.40
0.51
0.40
0.40
0.38
0.36
0.38
0.36
0.52
0.53
0.52
0.52
CorWatt	PkgWatt
19.87	131.61
0.52	131.61
0.48
0.51
0.44
0.51
0.51
0.49
0.49
0.39
0.43
0.38
0.38
0.51
0.51
0.50
0.51
1.32
1.32
3.10
1.32
0.41
0.51
0.40
0.40
0.38
0.35
0.36
0.37
0.51
0.50
0.52
0.53
CorWatt	PkgWatt
19.89	131.69
0.53	131.69
0.47
0.51
0.44
0.51
0.52
0.50
0.49
0.40
0.43
0.38
0.40
0.52
0.51
0.51
0.52
1.41
1.32
3.00
1.32
0.42
0.52
0.40
0.41
0.35
0.35
0.36
0.35
0.52
0.51
0.51
0.51
CorWatt	PkgWatt
19.69	131.85
0.53	131.85
0.47
0.50
0.45
0.53
0.49
0.49
0.48
0.39
0.43
0.39
0.38
0.51
0.51
0.49
0.50
3.07
1.30
1.30
1.31
0.40
0.51
0.39
0.39
0.36
0.35
0.36
0.35
0.54
0.53
0.50
0.51
CorWatt	PkgWatt
19.56	131.79
0.51	131.78
0.47
0.51
0.43
0.52
0.51
0.48
0.49
0.38
0.42
0.37
0.38
0.50
0.50
0.49
0.50
3.06
1.30
1.30
1.31
0.40
0.51
0.39
0.39
0.35
0.35
0.35
0.35
0.51
0.51
0.50
0.50
CorWatt	PkgWatt
19.94	131.87
0.53	131.88
0.50
0.53
0.44
0.53
0.51
0.52
0.54
0.38
0.45
0.37
0.38
0.51
0.51
0.49
0.50
1.32
1.32
3.10
1.33
0.41
0.51
0.40
0.40
0.36
0.35
0.35
0.35
0.51
0.53
0.50
0.51
CorWatt	PkgWatt
19.86	131.81
0.54	131.81
0.48
0.48
0.44
0.51
0.50
0.49
0.50
0.38
0.43
0.38
0.40
0.51
0.52
0.51
0.51
2.17
1.31
2.22
1.32
0.41
0.51
0.40
0.40
0.37
0.37
0.38
0.35
0.54
0.51
0.50
0.51
CorWatt	PkgWatt
19.85	131.61
0.55	131.60
0.44
0.47
0.44
0.51
0.50
0.49
0.51
0.41
0.44
0.37
0.40
0.50
0.51
0.50
0.50
1.32
1.32
3.11
1.33
0.41
0.51
0.40
0.40
0.38
0.36
0.38
0.36
0.51
0.50
0.50
0.51
CorWatt	PkgWatt
20.66	132.38
0.57	132.41
0.50
0.50
0.48
0.54
0.52
0.52
0.51
0.41
0.50
0.40
0.42
0.53
0.54
0.52
0.53
2.43
1.31
1.69
1.60
0.40
0.55
0.42
0.40
0.41
0.42
0.40
0.40
0.58
0.55
0.55
0.55
CorWatt	PkgWatt
19.64	131.58
0.53	131.57
0.45
0.45
0.43
0.53
0.51
0.51
0.49
0.40
0.43
0.37
0.39
0.50
0.52
0.49
0.51
3.07
1.31
1.31
1.32
0.40
0.51
0.39
0.39
0.37
0.35
0.35
0.35
0.51
0.51
0.51
0.51
CorWatt	PkgWatt
18.90	130.67
0.55	130.66
0.47
0.48
0.45
0.54
0.51
0.51
0.50
0.42
0.45
0.42
0.41
0.52
0.56
0.56
0.53
1.22
1.02
1.01
1.90
0.44
0.55
0.43
0.42
0.42
0.38
0.39
0.37
0.87
0.54
0.52
0.53
CorWatt	PkgWatt
17.05	129.25
0.55	129.28
0.49
0.48
0.46
0.54
0.51
0.51
0.51
0.60
0.99
0.71
0.60
0.55
0.57
0.81
0.56
0.49
0.53
0.56
0.51
0.44
0.41
0.41
0.44
0.41
0.39
0.39
0.39
0.56
0.56
0.54
0.57
CorWatt	PkgWatt
16.43	128.37
0.54	128.37
0.48
0.49
0.44
0.54
0.51
0.50
0.50
0.66
0.81
0.93
0.63
0.52
0.54
0.65
0.52
0.44
0.48
0.52
0.49
0.42
0.38
0.38
0.42
0.40
0.38
0.38
0.39
0.55
0.51
0.53
0.52
CorWatt	PkgWatt
15.90	127.95
0.54	127.94
0.44
0.46
0.43
0.51
0.51
0.50
0.49
0.62
1.03
0.65
0.62
0.50
0.51
0.63
0.52
0.44
0.49
0.52
0.47
0.39
0.38
0.38
0.38
0.37
0.35
0.36
0.35
0.54
0.54
0.50
0.51
CorWatt	PkgWatt
16.17	128.26
0.53	128.26
0.45
0.46
0.44
0.52
0.52
0.49
0.48
0.64
0.87
0.72
0.76
0.56
0.55
0.63
0.53
0.44
0.49
0.52
0.46
0.40
0.38
0.40
0.39
0.37
0.35
0.38
0.35
0.53
0.52
0.51
0.53
CorWatt	PkgWatt
15.77	127.70
0.51	127.70
0.43
0.48
0.44
0.51
0.50
0.48
0.48
0.63
0.66
0.64
1.00
0.50
0.51
0.61
0.51
0.44
0.49
0.51
0.45
0.39
0.38
0.38
0.38
0.36
0.35
0.35
0.35
0.51
0.51
0.50
0.52
CorWatt	PkgWatt
18.31	132.83
0.53	132.83
0.44
0.44
0.43
0.52
0.50
0.48
0.47
0.38
4.29
0.42
0.44
0.51
0.51
0.60
0.51
0.44
0.48
0.45
0.45
0.38
0.38
0.39
0.38
0.37
0.35
0.35
0.35
0.51
0.52
0.50
0.51
CorWatt	PkgWatt
18.38	132.97
0.52	132.97
0.44
0.45
0.43
0.48
0.50
0.48
0.48
0.40
4.28
0.42
0.40
0.52
0.55
0.60
0.52
0.44
0.48
0.46
0.45
0.38
0.40
0.38
0.40
0.37
0.35
0.35
0.35
0.52
0.55
0.50
0.52
CorWatt	PkgWatt
18.82	133.14
0.55	133.15
0.48
0.48
0.51
0.51
0.49
0.50
0.48
0.40
4.29
0.44
0.41
0.52
0.52
0.60
0.52
0.46
0.49
0.46
0.46
0.39
0.38
0.39
0.39
0.38
0.37
0.38
0.38
0.57
0.55
0.54
0.54
CorWatt	PkgWatt
18.37	132.76
0.52	132.75
0.45
0.47
0.44
0.48
0.49
0.48
0.48
0.40
4.28
0.41
0.40
0.50
0.52
0.60
0.52
0.44
0.48
0.46
0.46
0.40
0.38
0.38
0.39
0.38
0.35
0.36
0.35
0.53
0.55
0.50
0.52
CorWatt	PkgWatt
18.60	132.92
0.53	132.92
0.45
0.48
0.45
0.49
0.50
0.49
0.48
0.40
4.29
0.42
0.41
0.51
0.52
0.62
0.53
0.47
0.50
0.46
0.49
0.41
0.39
0.39
0.40
0.38
0.36
0.36
0.36
0.52
0.52
0.51
0.52
CorWatt	PkgWatt
18.33	132.95
0.55	132.96
0.46
0.46
0.44
0.49
0.50
0.48
0.48
0.41
4.28
0.41
0.40
0.50
0.52
0.60
0.51
0.44
0.48
0.45
0.46
0.39
0.38
0.39
0.38
0.38
0.35
0.36
0.35
0.52
0.51
0.50
0.52
CorWatt	PkgWatt
18.59	133.01
0.53	133.01
0.47
0.47
0.43
0.51
0.49
0.49
0.48
0.40
4.29
0.42
0.41
0.51
0.54
0.60
0.52
0.45
0.49
0.45
0.46
0.41
0.39
0.40
0.41
0.39
0.37
0.36
0.36
0.53
0.51
0.51
0.52
CorWatt	PkgWatt
18.45	132.86
0.53	132.86
0.45
0.49
0.42
0.49
0.49
0.48
0.48
0.41
4.29
0.42
0.39
0.53
0.52
0.60
0.51
0.44
0.49
0.46
0.45
0.39
0.38
0.38
0.38
0.37
0.36
0.36
0.36
0.52
0.56
0.50
0.52
CorWatt	PkgWatt
18.39	132.88
0.52	132.88
0.46
0.52
0.45
0.49
0.49
0.49
0.48
0.39
4.29
0.41
0.40
0.50
0.52
0.60
0.52
0.44
0.48
0.45
0.45
0.38
0.38
0.38
0.38
0.37
0.35
0.36
0.35
0.52
0.54
0.50
0.51
CorWatt	PkgWatt
18.44	133.01
0.52	133.01
0.44
0.49
0.43
0.48
0.49
0.48
0.48
0.40
4.28
0.44
0.41
0.50
0.52
0.60
0.52
0.44
0.49
0.46
0.45
0.41
0.40
0.38
0.38
0.37
0.35
0.36
0.35
0.55
0.52
0.51
0.52
CorWatt	PkgWatt
18.67	133.17
0.54	133.18
0.46
0.51
0.45
0.54
0.50
0.52
0.50
0.40
4.28
0.42
0.40
0.51
0.52
0.60
0.52
0.45
0.49
0.46
0.46
0.40
0.38
0.40
0.39
0.39
0.35
0.37
0.35
0.53
0.51
0.51
0.51
CorWatt	PkgWatt
18.49	132.97
0.52	132.97
0.44
0.53
0.43
0.51
0.49
0.49
0.50
0.39
4.29
0.41
0.39
0.52
0.54
0.61
0.53
0.46
0.50
0.46
0.45
0.42
0.38
0.38
0.40
0.35
0.35
0.36
0.35
0.52
0.50
0.50
0.52
CorWatt	PkgWatt
17.99	130.43
0.72	130.44
0.51
0.53
0.49
0.62
0.82
0.60
0.60
0.44
1.17
0.46
0.47
0.56
0.59
0.65
0.59
0.51
0.57
0.52
0.53
0.45
0.44
0.44
0.43
0.41
0.41
0.43
0.41
0.92
0.58
0.56
0.58
CorWatt	PkgWatt
16.16	128.14
0.60	128.13
0.47
0.48
0.47
0.74
0.79
1.22
0.72
0.42
0.44
0.39
0.39
0.50
0.51
0.49
0.51
0.44
0.49
0.46
0.47
0.41
0.40
0.38
0.38
0.36
0.37
0.37
0.36
0.54
0.55
0.51
0.54
CorWatt	PkgWatt
16.47	128.42
0.58	128.41
0.46
0.46
0.50
0.77
0.86
1.17
0.73
0.41
0.47
0.40
0.41
0.52
0.53
0.51
0.54
0.47
0.52
0.47
0.48
0.40
0.39
0.39
0.39
0.40
0.37
0.39
0.37
0.53
0.56
0.53
0.53
CorWatt	PkgWatt
15.92	128.05
0.58	128.04
0.45
0.45
0.47
1.15
0.79
0.80
0.71
0.39
0.44
0.39
0.38
0.51
0.51
0.49
0.50
0.44
0.50
0.46
0.45
0.39
0.38
0.38
0.38
0.37
0.35
0.36
0.37
0.53
0.51
0.52
0.53
CorWatt	PkgWatt
15.81	128.03
0.57	128.03
0.44
0.44
0.49
0.74
0.79
1.20
0.71
0.38
0.44
0.38
0.40
0.52
0.50
0.50
0.51
0.45
0.48
0.45
0.45
0.38
0.39
0.38
0.38
0.35
0.35
0.35
0.35
0.51
0.52
0.52
0.50
CorWatt	PkgWatt
16.02	128.15
0.58	128.16
0.47
0.46
0.50
0.75
0.77
1.43
0.70
0.38
0.44
0.38
0.38
0.50
0.51
0.49
0.51
0.44
0.49
0.45
0.45
0.38
0.38
0.38
0.38
0.35
0.35
0.35
0.35
0.51
0.51
0.50
0.51
CorWatt	PkgWatt
17.63	129.87
0.58	129.86
0.45
0.45
0.49
3.17
0.68
0.65
0.62
0.39
0.43
0.37
0.39
0.50
0.51
0.49
0.53
0.47
0.52
0.45
0.46
0.39
0.39
0.38
0.38
0.35
0.36
0.36
0.35
0.52
0.51
0.50
0.51
CorWatt	PkgWatt
17.51	129.91
0.58	129.91
0.46
0.47
0.48
3.15
0.68
0.63
0.64
0.39
0.43
0.38
0.38
0.50
0.51
0.49
0.51
0.45
0.51
0.46
0.46
0.38
0.38
0.38
0.38
0.35
0.35
0.35
0.35
0.51
0.54
0.50
0.51
CorWatt	PkgWatt
17.45	129.79
0.58	129.79
0.46
0.47
0.49
3.15
0.66
0.61
0.61
0.37
0.43
0.37
0.39
0.50
0.51
0.49
0.50
0.44
0.49
0.45
0.46
0.39
0.38
0.38
0.38
0.36
0.36
0.37
0.35
0.53
0.52
0.50
0.51
CorWatt	PkgWatt
17.52	129.78
0.59	129.78
0.45
0.45
0.48
3.15
0.67
0.61
0.63
0.40
0.44
0.38
0.39
0.50
0.51
0.50
0.50
0.46
0.50
0.44
0.45
0.39
0.38
0.39
0.39
0.36
0.36
0.37
0.36
0.51
0.51
0.50
0.51
CorWatt	PkgWatt
18.21	130.45
0.61	130.46
0.50
0.49
0.52
0.92
0.69
2.92
0.61
0.40
0.48
0.40
0.40
0.50
0.52
0.49
0.52
0.45
0.52
0.49
0.48
0.39
0.40
0.38
0.39
0.42
0.38
0.40
0.38
0.55
0.52
0.53
0.55
CorWatt	PkgWatt
17.45	129.78
0.59	129.77
0.48
0.45
0.47
2.71
0.68
1.12
0.61
0.38
0.43
0.37
0.38
0.50
0.51
0.48
0.50
0.44
0.48
0.45
0.45
0.38
0.38
0.38
0.38
0.36
0.36
0.36
0.35
0.51
0.50
0.50
0.51
CorWatt	PkgWatt
17.56	129.95
0.59	129.95
0.47
0.44
0.49
0.62
0.67
3.16
0.61
0.40
0.43
0.42
0.39
0.50
0.52
0.52
0.51
0.44
0.49
0.45
0.45
0.39
0.38
0.38
0.38
0.36
0.35
0.35
0.35
0.53
0.52
0.50
0.50
CorWatt	PkgWatt
17.65	129.93
0.58	129.93
0.47
0.46
0.49
0.62
0.67
3.16
0.62
0.39
0.45
0.39
0.37
0.53
0.52
0.50
0.52
0.44
0.48
0.45
0.48
0.40
0.38
0.38
0.40
0.36
0.35
0.36
0.35
0.53
0.53
0.50
0.52
CorWatt	PkgWatt
17.70	130.04
0.59	130.04
0.48
0.52
0.45
0.61
0.67
3.18
0.61
0.39
0.45
0.39
0.40
0.52
0.53
0.50
0.52
0.44
0.49
0.45
0.46
0.40
0.38
0.38
0.39
0.36
0.36
0.37
0.36
0.51
0.51
0.50
0.51
CorWatt	PkgWatt
17.51	129.79
0.59	129.78
0.48
0.52
0.44
3.14
0.69
0.66
0.61
0.40
0.43
0.38
0.38
0.50
0.51
0.48
0.50
0.44
0.49
0.45
0.45
0.39
0.38
0.38
0.38
0.36
0.35
0.35
0.35
0.51
0.52
0.50
0.51
CorWatt	PkgWatt
17.69	129.96
0.60	129.96
0.46
0.49
0.45
0.66
0.68
3.15
0.61
0.39
0.45
0.40
0.40
0.53
0.55
0.50
0.54
0.44
0.51
0.45
0.45
0.39
0.38
0.38
0.38
0.36
0.35
0.37
0.35
0.51
0.50
0.50
0.52
CorWatt	PkgWatt
16.81	129.15
0.60	129.14
0.47
0.54
0.46
0.61
0.65
2.46
0.58
0.38
0.44
0.38
0.38
0.50
0.54
0.49
0.52
0.44
0.49
0.46
0.46
0.38
0.38
0.38
0.38
0.36
0.35
0.35
0.35
0.51
0.51
0.50
0.51
CorWatt	PkgWatt
18.12	129.76
0.60	129.76
0.55
0.80
0.51
0.87
0.77
0.72
1.04
0.47
0.50
0.45
0.47
0.57
0.85
0.57
0.58
0.50
0.54
0.51
0.52
0.45
0.44
0.43
0.44
0.42
0.41
0.41
0.40
0.59
0.60
0.56
0.57
CorWatt	PkgWatt
16.00	127.96
0.49	127.95
0.43
0.58
0.43
0.97
0.78
0.73
1.07
0.38
0.43
0.39
0.39
0.52
0.53
0.49
0.50
0.44
0.49
0.45
0.45
0.39
0.39
0.38
0.40
0.38
0.35
0.36
0.35
0.51
0.54
0.50
0.51
CorWatt	PkgWatt
16.28	128.02
0.52	128.02
0.47
0.60
0.48
0.76
0.77
0.73
1.28
0.39
0.47
0.42
0.40
0.50
0.50
0.48
0.51
0.44
0.49
0.44
0.45
0.39
0.38
0.38
0.38
0.38
0.36
0.38
0.37
0.55
0.52
0.54
0.53
CorWatt	PkgWatt
15.96	128.03
0.49	128.03
0.43
0.59
0.44
0.76
0.77
0.72
1.30
0.39
0.43
0.38
0.38
0.50
0.52
0.51
0.52
0.44
0.49
0.44
0.45
0.41
0.38
0.38
0.39
0.37
0.35
0.35
0.35
0.52
0.51
0.50
0.51
CorWatt	PkgWatt
16.04	127.85
0.51	127.85
0.43
0.59
0.43
0.75
0.73
0.73
1.31
0.39
0.44
0.39
0.39
0.50
0.51
0.49
0.51
0.47
0.52
0.46
0.48
0.40
0.38
0.38
0.38
0.38
0.35
0.36
0.35
0.52
0.51
0.50
0.51
CorWatt	PkgWatt
17.26	129.54
0.53	129.54
0.46
0.59
0.45
0.57
0.55
0.54
2.97
0.39
0.43
0.39
0.39
0.51
0.51
0.49
0.51
0.45
0.50
0.46
0.48
0.39
0.39
0.39
0.39
0.38
0.36
0.37
0.35
0.56
0.51
0.51
0.52
CorWatt	PkgWatt
17.31	129.83
0.51	129.84
0.45
0.58
0.43
0.53
0.49
0.49
3.38
0.37
0.42
0.37
0.38
0.50
0.52
0.48
0.50
0.44
0.49
0.44
0.46
0.41
0.38
0.40
0.39
0.37
0.36
0.35
0.36
0.52
0.50
0.51
0.52
CorWatt	PkgWatt
17.21	129.84
0.51	129.83
0.43
0.57
0.43
0.52
0.49
0.49
3.37
0.39
0.42
0.38
0.37
0.50
0.51
0.48
0.50
0.44
0.49
0.44
0.45
0.38
0.38
0.38
0.38
0.37
0.35
0.35
0.35
0.51
0.55
0.50
0.51
CorWatt	PkgWatt
17.37	129.88
0.52	129.88
0.45
0.58
0.50
0.52
0.50
0.50
3.37
0.39
0.44
0.37
0.39
0.50
0.50
0.49
0.50
0.44
0.49
0.45
0.46
0.39
0.39
0.38
0.39
0.38
0.35
0.36
0.35
0.51
0.50
0.50
0.51
CorWatt	PkgWatt
17.26	129.76
0.52	129.75
0.43
0.55
0.46
0.52
0.50
0.49
3.37
0.39
0.42
0.40
0.40
0.50
0.51
0.48
0.51
0.44
0.48
0.44
0.45
0.40
0.39
0.38
0.38
0.37
0.35
0.36
0.35
0.51
0.50
0.50
0.51
CorWatt	PkgWatt
17.44	129.88
0.53	129.89
0.45
0.56
0.47
0.56
0.51
0.53
3.37
0.38
0.43
0.37
0.38
0.50
0.50
0.48
0.51
0.45
0.50
0.44
0.45
0.40
0.38
0.39
0.39
0.38
0.35
0.36
0.35
0.51
0.55
0.50
0.50
CorWatt	PkgWatt
17.45	130.05
0.52	130.05
0.44
0.57
0.48
0.57
0.52
0.51
3.37
0.37
0.44
0.37
0.38
0.50
0.52
0.50
0.51
0.45
0.49
0.44
0.45
0.40
0.38
0.38
0.39
0.35
0.35
0.35
0.35
0.56
0.50
0.51
0.52
CorWatt	PkgWatt
17.44	129.86
0.53	129.86
0.46
0.56
0.47
0.55
0.51
0.50
3.37
0.39
0.47
0.39
0.39
0.50
0.51
0.50
0.51
0.45
0.49
0.45
0.46
0.39
0.38
0.38
0.38
0.35
0.35
0.35
0.35
0.52
0.51
0.51
0.51
CorWatt	PkgWatt
17.49	129.93
0.53	129.93
0.47
0.57
0.46
0.56
0.51
0.49
3.38
0.39
0.43
0.37
0.39
0.50
0.51
0.48
0.51
0.45
0.48
0.44
0.47
0.40
0.40
0.38
0.38
0.35
0.36
0.38
0.37
0.53
0.54
0.52
0.52
CorWatt	PkgWatt
17.32	130.00
0.52	130.00
0.44
0.56
0.46
0.56
0.52
0.49
3.37
0.37
0.43
0.37
0.39
0.50
0.50
0.48
0.50
0.45
0.50
0.45
0.45
0.38
0.38
0.38
0.38
0.38
0.35
0.36
0.36
0.51
0.50
0.50
0.51
CorWatt	PkgWatt
17.40	129.81
0.51	129.81
0.45
0.56
0.46
0.54
0.51
0.50
3.37
0.38
0.43
0.38
0.38
0.51
0.51
0.49
0.50
0.44
0.49
0.44
0.46
0.40
0.39
0.39
0.38
0.37
0.35
0.35
0.37
0.52
0.52
0.51
0.53
CorWatt	PkgWatt
17.41	129.87
0.52	129.87
0.45
0.55
0.49
0.53
0.51
0.50
3.37
0.38
0.43
0.38
0.39
0.51
0.51
0.50
0.51
0.47
0.49
0.45
0.46
0.39
0.39
0.38
0.39
0.35
0.35
0.35
0.35
0.55
0.52
0.51
0.51
CorWatt	PkgWatt
17.86	129.77
0.57	129.77
0.54
0.82
0.56
0.65
0.60
0.59
1.60
0.47
0.50
0.45
0.45
0.90
0.57
0.56
0.56
0.48
0.52
0.48
0.49
0.43
0.43
0.43
0.43
0.38
0.37
0.39
0.38
0.59
0.55
0.55
0.57
CorWatt	PkgWatt
16.51	128.44
0.53	128.45
0.45
0.58
0.43
0.92
0.85
0.83
1.47
0.38
0.44
0.40
0.39
0.51
0.50
0.49
0.51
0.46
0.53
0.44
0.45
0.39
0.38
0.38
0.38
0.35
0.35
0.36
0.35
0.51
0.49
0.50
0.51
CorWatt	PkgWatt
16.49	128.33
0.51	128.32
0.47
0.60
0.43
1.07
0.85
0.85
1.34
0.37
0.43
0.39
0.38
0.50
0.51
0.49
0.51
0.45
0.49
0.44
0.45
0.39
0.38
0.38
0.38
0.35
0.35
0.35
0.35
0.51
0.53
0.50
0.52
CorWatt	PkgWatt
16.65	128.35
0.51	128.35
0.48
0.59
0.43
0.87
0.84
0.84
1.50
0.39
0.45
0.39
0.40
0.52
0.52
0.51
0.52
0.45
0.48
0.45
0.46
0.39
0.38
0.38
0.38
0.36
0.37
0.38
0.36
0.53
0.50
0.50
0.51
CorWatt	PkgWatt
16.59	128.48
0.51	128.48
0.45
0.60
0.43
1.51
0.85
0.83
0.89
0.40
0.44
0.38
0.40
0.50
0.51
0.50
0.52
0.45
0.50
0.45
0.46
0.38
0.38
0.38
0.38
0.36
0.35
0.37
0.36
0.51
0.50
0.52
0.51
CorWatt	PkgWatt
16.78	128.57
0.53	128.58
0.48
0.59
0.47
0.86
0.84
0.83
1.49
0.39
0.48
0.40
0.38
0.50
0.50
0.48
0.50
0.45
0.50
0.45
0.48
0.39
0.40
0.38
0.38
0.38
0.38
0.38
0.36
0.55
0.51
0.52
0.53
CorWatt	PkgWatt
16.81	128.50
0.51	128.50
0.47
0.59
0.43
1.65
0.92
0.91
1.03
0.38
0.42
0.37
0.37
0.50
0.51
0.48
0.50
0.44
0.48
0.44
0.46
0.38
0.38
0.38
0.38
0.36
0.35
0.36
0.35
0.50
0.49
0.50
0.51
CorWatt	PkgWatt
19.79	131.00
0.53	131.00
0.49
0.59
0.45
1.69
1.35
1.34
2.76
0.41
0.44
0.43
0.38
0.51
0.52
0.52
0.50
0.45
0.49
0.45
0.46
0.39
0.39
0.39
0.39
0.37
0.35
0.36
0.35
0.52
0.51
0.50
0.51
CorWatt	PkgWatt
19.86	131.21
0.53	131.22
0.49
0.59
0.44
2.85
1.61
1.34
1.34
0.39
0.45
0.40
0.38
0.53
0.53
0.50
0.52
0.45
0.49
0.45
0.50
0.42
0.39
0.39
0.41
0.37
0.36
0.36
0.36
0.51
0.50
0.52
0.52
CorWatt	PkgWatt
19.56	130.85
0.54	130.85
0.47
0.60
0.43
1.34
3.11
1.34
1.33
0.38
0.44
0.38
0.40
0.50
0.52
0.48
0.51
0.45
0.48
0.44
0.46
0.39
0.38
0.38
0.38
0.36
0.35
0.35
0.35
0.51
0.49
0.50
0.50
CorWatt	PkgWatt
19.59	130.90
0.54	130.90
0.48
0.61
0.43
1.75
2.71
1.34
1.33
0.37
0.43
0.39
0.37
0.50
0.51
0.48
0.50
0.44
0.49
0.44
0.46
0.40
0.38
0.38
0.38
0.36
0.35
0.35
0.35
0.52
0.51
0.52
0.51
CorWatt	PkgWatt
19.91	131.13
0.54	131.13
0.49
0.59
0.44
3.12
1.35
1.34
1.34
0.41
0.45
0.40
0.41
0.54
0.56
0.52
0.53
0.45
0.49
0.46
0.46
0.39
0.39
0.38
0.39
0.37
0.36
0.38
0.35
0.51
0.50
0.50
0.54
CorWatt	PkgWatt
19.61	131.05
0.54	131.05
0.47
0.60
0.45
2.92
1.54
1.34
1.33
0.37
0.42
0.38
0.38
0.53
0.51
0.48
0.51
0.45
0.50
0.46
0.46
0.39
0.38
0.38
0.39
0.36
0.35
0.36
0.35
0.50
0.50
0.50
0.51
CorWatt	PkgWatt
20.13	131.41
0.55	131.42
0.49
0.62
0.47
2.17
2.28
1.34
1.33
0.40
0.46
0.41
0.42
0.52
0.50
0.48
0.53
0.47
0.51
0.47
0.48
0.42
0.40
0.42
0.40
0.39
0.38
0.39
0.36
0.53
0.52
0.52
0.50
CorWatt	PkgWatt
19.58	130.86
0.54	130.85
0.43
0.57
0.44
2.63
1.81
1.34
1.34
0.38
0.42
0.37
0.38
0.52
0.52
0.48
0.50
0.45
0.48
0.45
0.46
0.39
0.40
0.38
0.40
0.37
0.35
0.37
0.35
0.51
0.49
0.52
0.52
CorWatt	PkgWatt
20.01	131.34
0.55	131.34
0.47
0.59
0.49
3.11
1.35
1.34
1.33
0.38
0.48
0.41
0.39
0.52
0.51
0.49
0.51
0.45
0.50
0.45
0.46
0.41
0.39
0.39
0.39
0.37
0.37
0.41
0.37
0.55
0.52
0.54
0.54
CorWatt	PkgWatt
19.53	130.89
0.54	130.88
0.44
0.58
0.45
1.34
3.12
1.34
1.33
0.37
0.43
0.37
0.38
0.50
0.51
0.48
0.51
0.44
0.48
0.44
0.46
0.41
0.38
0.38
0.40
0.38
0.35
0.37
0.35
0.50
0.49
0.50
0.51
CorWatt	PkgWatt
18.75	130.29
0.53	130.28
0.44
0.59
0.43
1.22
2.75
1.21
1.21
0.38
0.42
0.38
0.38
0.50
0.50
0.48
0.50
0.46
0.49
0.44
0.48
0.39
0.38
0.38
0.38
0.37
0.35
0.37
0.35
0.50
0.49
0.50
0.50
CorWatt	PkgWatt
19.45	133.68
0.58	133.69
0.53
0.61
0.53
0.59
0.59
0.51
0.52
0.45
0.49
0.45
0.46
0.56
0.57
0.57
0.57
0.51
0.52
0.50
1.08
0.49
0.48
2.91
0.48
0.42
0.40
0.44
0.40
0.56
0.55
0.56
0.57
CorWatt	PkgWatt
20.11	138.33
0.53	138.33
0.45
0.51
0.43
0.50
0.54
0.48
0.48
0.39
0.43
0.40
0.39
0.52
0.52
0.51
0.52
0.46
0.49
0.45
0.57
0.42
0.40
5.69
0.43
0.38
0.37
0.37
0.37
0.54
0.50
0.53
0.52
CorWatt	PkgWatt
19.69	137.88
0.52	137.87
0.43
0.45
0.43
0.49
0.53
0.47
0.47
0.38
0.43
0.38
0.37
0.51
0.51
0.50
0.50
0.44
0.49
0.45
0.55
0.39
0.39
5.70
0.41
0.37
0.35
0.37
0.35
0.53
0.51
0.53
0.51
CorWatt	PkgWatt
19.59	138.04
0.51	138.04
0.44
0.47
0.44
0.47
0.53
0.47
0.47
0.38
0.42
0.38
0.38
0.50
0.50
0.48
0.50
0.44
0.48
0.44
0.55
0.40
0.39
5.70
0.40
0.37
0.35
0.37
0.35
0.51
0.50
0.50
0.50
CorWatt	PkgWatt
19.66	138.04
0.52	138.04
0.44
0.46
0.42
0.48
0.53
0.47
0.47
0.38
0.42
0.39
0.40
0.50
0.51
0.48
0.51
0.45
0.48
0.44
0.56
0.41
0.41
5.70
0.41
0.37
0.35
0.37
0.35
0.51
0.49
0.50
0.51
CorWatt	PkgWatt
19.92	138.27
0.53	138.28
0.44
0.47
0.45
0.50
0.49
0.51
0.49
0.38
0.43
0.38
0.39
0.52
0.50
0.49
0.52
0.46
0.51
0.45
0.55
0.41
0.41
5.70
0.44
0.39
0.35
0.39
0.35
0.53
0.50
0.50
0.51
CorWatt	PkgWatt
19.73	138.13
0.54	138.13
0.43
0.47
0.42
0.48
0.49
0.47
0.49
0.38
0.43
0.37
0.38
0.51
0.52
0.51
0.51
0.45
0.48
0.44
0.56
0.42
0.40
5.70
0.42
0.35
0.35
0.38
0.35
0.51
0.51
0.51
0.51
CorWatt	PkgWatt
19.65	138.09
0.53	138.09
0.43
0.45
0.44
0.48
0.48
0.48
0.47
0.38
0.47
0.39
0.39
0.52
0.50
0.48
0.51
0.44
0.49
0.44
0.55
0.39
0.40
5.70
0.41
0.35
0.35
0.37
0.35
0.52
0.51
0.50
0.50
CorWatt	PkgWatt
19.96	138.62
0.53	138.62
0.46
0.47
0.42
0.49
0.49
0.47
0.47
0.39
0.43
0.40
0.38
0.50
0.51
0.50
0.51
0.44
0.48
0.44
0.57
0.41
0.42
5.70
0.41
0.36
0.37
0.40
0.36
0.59
0.54
0.52
0.54
CorWatt	PkgWatt
20.01	138.46
0.52	138.46
0.44
0.47
0.43
0.50
0.52
0.48
0.47
0.39
0.43
0.38
0.39
0.52
0.50
0.50
0.53
0.47
0.51
0.45
0.56
0.41
0.41
5.71
0.41
0.39
0.36
0.41
0.36
0.54
0.52
0.51
0.51
CorWatt	PkgWatt
19.71	138.21
0.53	138.20
0.43
0.45
0.42
0.48
0.50
0.47
0.49
0.37
0.42
0.38
0.38
0.52
0.51
0.50
0.50
0.46
0.48
0.44
0.56
0.40
0.41
5.70
0.41
0.37
0.35
0.38
0.36
0.51
0.51
0.50
0.53
CorWatt	PkgWatt
19.66	138.40
0.52	138.40
0.43
0.45
0.42
0.47
0.49
0.48
0.47
0.37
0.42
0.38
0.38
0.51
0.50
0.50
0.52
0.46
0.49
0.44
0.57
0.40
0.41
5.70
0.41
0.35
0.35
0.38
0.35
0.52
0.51
0.50
0.51
CorWatt	PkgWatt
19.74	138.19
0.52	138.19
0.45
0.47
0.45
0.49
0.49
0.55
0.48
0.38
0.42
0.38
0.38
0.50
0.50
0.49
0.51
0.45
0.49
0.44
0.55
0.40
0.41
5.71
0.41
0.35
0.35
0.37
0.35
0.51
0.52
0.50
0.51
CorWatt	PkgWatt
19.91	138.37
0.51	138.37
0.45
0.45
0.44
0.50
0.51
0.52
0.48
0.39
0.43
0.39
0.38
0.50
0.50
0.49
0.51
0.48
0.51
0.45
0.56
0.41
0.41
5.70
0.44
0.35
0.36
0.37
0.35
0.52
0.53
0.50
0.51
CorWatt	PkgWatt
19.73	138.35
0.50	138.35
0.45
0.46
0.42
0.48
0.49
0.53
0.49
0.38
0.43
0.38
0.37
0.50
0.50
0.48
0.50
0.44
0.48
0.44
0.56
0.39
0.41
5.70
0.40
0.35
0.35
0.38
0.35
0.55
0.53
0.50
0.51
CorWatt	PkgWatt
19.74	138.36
0.50	138.36
0.43
0.46
0.42
0.47
0.49
0.51
0.47
0.38
0.43
0.38
0.40
0.51
0.51
0.48
0.51
0.44
0.48
0.45
0.56
0.39
0.42
5.70
0.40
0.36
0.36
0.40
0.35
0.54
0.52
0.50
0.50
CorWatt	PkgWatt
19.79	138.30
0.51	138.30
0.42
0.45
0.42
0.48
0.48
0.51
0.49
0.39
0.44
0.38
0.40
0.51
0.51
0.51
0.51
0.46
0.50
0.44
0.55
0.39
0.42
5.71
0.41
0.36
0.35
0.37
0.37
0.51
0.51
0.50
0.51
CorWatt	PkgWatt
19.95	134.48
0.60	134.50
0.53
0.56
0.55
0.59
0.57
0.59
1.03
0.49
0.54
0.48
0.47
0.57
0.58
0.60
0.61
0.54
0.58
0.54
0.63
0.47
0.51
2.74
0.49
0.46
0.44
0.43
0.42
0.61
0.58
0.58
0.58
CorWatt	PkgWatt
17.30	130.02
0.58	130.00
0.49
0.49
3.11
0.51
0.52
0.51
0.61
0.38
0.43
0.38
0.39
0.50
0.51
0.49
0.51
0.45
0.49
0.46
0.47
0.39
0.41
0.38
0.38
0.37
0.35
0.35
0.35
0.52
0.51
0.50
0.52
CorWatt	PkgWatt
17.31	129.87
0.58	129.87
0.49
0.48
3.07
0.49
0.50
0.49
0.60
0.40
0.44
0.42
0.39
0.50
0.52
0.52
0.51
0.44
0.48
0.45
0.47
0.39
0.41
0.40
0.38
0.38
0.35
0.35
0.35
0.53
0.55
0.50
0.50
CorWatt	PkgWatt
17.23	129.76
0.57	129.76
0.48
0.48
3.05
0.50
0.50
0.49
0.60
0.39
0.45
0.38
0.38
0.51
0.52
0.49
0.52
0.44
0.48
0.45
0.48
0.40
0.40
0.39
0.40
0.38
0.35
0.36
0.35
0.53
0.52
0.50
0.51
CorWatt	PkgWatt
17.57	130.03
0.59	130.04
0.49
0.50
3.06
0.51
0.52
0.51
0.60
0.41
0.44
0.39
0.42
0.51
0.53
0.50
0.53
0.46
0.51
0.46
0.47
0.40
0.41
0.40
0.39
0.38
0.36
0.36
0.37
0.53
0.52
0.51
0.51
CorWatt	PkgWatt
17.16	129.83
0.58	129.83
0.48
0.50
3.07
0.49
0.52
0.50
0.60
0.38
0.44
0.38
0.39
0.50
0.51
0.48
0.51
0.44
0.49
0.45
0.46
0.39
0.39
0.38
0.38
0.37
0.35
0.35
0.35
0.51
0.51
0.50
0.51
CorWatt	PkgWatt
17.32	129.80
0.58	129.80
0.48
0.48
3.05
0.49
0.52
0.49
0.61
0.40
0.45
0.39
0.42
0.53
0.54
0.51
0.53
0.44
0.48
0.46
0.46
0.38
0.39
0.38
0.38
0.37
0.35
0.37
0.35
0.51
0.50
0.50
0.53
CorWatt	PkgWatt
17.15	129.78
0.57	129.78
0.47
0.51
3.05
0.49
0.50
0.49
0.60
0.39
0.43
0.37
0.40
0.50
0.51
0.49
0.51
0.44
0.49
0.47
0.47
0.38
0.39
0.38
0.38
0.38
0.35
0.36
0.35
0.51
0.50
0.50
0.52
CorWatt	PkgWatt
17.29	129.81
0.57	129.81
0.47
0.48
3.07
0.50
0.51
0.49
0.59
0.39
0.43
0.37
0.41
0.51
0.51
0.51
0.52
0.45
0.49
0.46
0.46
0.39
0.40
0.39
0.38
0.38
0.36
0.38
0.36
0.53
0.52
0.50
0.51
CorWatt	PkgWatt
17.15	129.74
0.57	129.74
0.46
0.48
3.05
0.50
0.51
0.49
0.59
0.39
0.43
0.37
0.39
0.54
0.52
0.49
0.51
0.44
0.48
0.45
0.46
0.38
0.43
0.38
0.40
0.36
0.35
0.37
0.35
0.51
0.52
0.50
0.51
CorWatt	PkgWatt
17.54	129.97
0.59	129.98
0.50
0.51
3.05
0.51
0.49
0.50
0.61
0.38
0.47
0.40
0.39
0.51
0.51
0.49
0.51
0.44
0.49
0.45
0.46
0.39
0.41
0.39
0.38
0.37
0.37
0.41
0.37
0.57
0.54
0.54
0.56
CorWatt	PkgWatt
17.15	129.70
0.57	129.70
0.50
0.50
3.04
0.49
0.51
0.51
0.60
0.38
0.43
0.36
0.38
0.50
0.51
0.51
0.50
0.44
0.48
0.45
0.46
0.41
0.40
0.38
0.40
0.36
0.35
0.37
0.35
0.51
0.50
0.50
0.51
CorWatt	PkgWatt
17.27	129.86
0.55	129.87
0.51
0.50
3.05
0.50
0.50
0.49
0.60
0.39
0.43
0.37
0.38
0.51
0.52
0.50
0.51
0.47
0.51
0.46
0.48
0.40
0.41
0.38
0.38
0.35
0.36
0.37
0.35
0.51
0.50
0.50
0.51
CorWatt	PkgWatt
17.12	129.81
3.08	129.79
0.52
0.48
0.55
0.50
0.52
0.49
0.59
0.39
0.42
0.37
0.39
0.50
0.50
0.49
0.50
0.44
0.49
0.45
0.46
0.39
0.41
0.38
0.38
0.35
0.35
0.37
0.35
0.52
0.50
0.50
0.51
CorWatt	PkgWatt
17.33	129.80
3.06	129.80
0.54
0.50
0.51
0.50
0.50
0.50
0.60
0.38
0.42
0.36
0.39
0.51
0.53
0.49
0.51
0.44
0.49
0.45
0.46
0.41
0.41
0.40
0.40
0.37
0.36
0.38
0.36
0.53
0.50
0.51
0.53
CorWatt	PkgWatt
17.09	129.65
3.06	129.64
0.54
0.50
0.50
0.50
0.49
0.49
0.59
0.38
0.43
0.37
0.38
0.50
0.51
0.49
0.50
0.44
0.49
0.45
0.46
0.39
0.41
0.38
0.38
0.35
0.35
0.37
0.35
0.51
0.53
0.51
0.51
CorWatt	PkgWatt
17.22	129.76
3.06	129.77
0.55
0.51
0.52
0.49
0.50
0.50
0.60
0.38
0.43
0.37
0.39
0.51
0.51
0.49
0.51
0.45
0.48
0.45
0.46
0.39
0.41
0.38
0.38
0.36
0.36
0.37
0.35
0.52
0.51
0.50
0.51
CorWatt	PkgWatt
17.11	129.76
3.06	129.76
0.54
0.49
0.49
0.49
0.50
0.48
0.59
0.39
0.42
0.38
0.41
0.50
0.51
0.48
0.51
0.44
0.48
0.45
0.46
0.41
0.41
0.38
0.38
0.35
0.35
0.37
0.35
0.51
0.50
0.50
0.51
CorWatt	PkgWatt
17.81	129.51
0.65	129.53
0.55
0.53
0.55
0.58
0.56
0.58
0.61
0.54
0.90
0.52
0.56
0.56
0.55
0.55
1.11
0.52
0.55
0.52
0.52
0.46
0.47
0.45
0.46
0.45
0.41
0.43
0.41
0.57
0.57
0.56
0.56
CorWatt	PkgWatt
16.19	128.11
0.52	128.11
0.47
0.47
0.49
0.50
0.49
0.49
0.49
0.65
1.22
0.66
0.67
0.51
0.53
0.52
0.63
0.44
0.50
0.45
0.45
0.40
0.38
0.38
0.40
0.36
0.35
0.38
0.35
0.51
0.49
0.51
0.51
CorWatt	PkgWatt
16.31	128.18
0.53	128.18
0.47
0.47
0.49
0.49
0.50
0.49
0.48
0.67
0.72
1.24
0.67
0.51
0.51
0.51
0.64
0.44
0.49
0.46
0.47
0.40
0.39
0.38
0.38
0.37
0.36
0.39
0.35
0.51
0.50
0.52
0.51
CorWatt	PkgWatt
16.28	128.28
0.52	128.29
0.46
0.47
0.49
0.50
0.49
0.48
0.47
0.67
1.24
0.67
0.66
0.50
0.51
0.49
0.64
0.44
0.48
0.45
0.46
0.41
0.39
0.38
0.38
0.37
0.37
0.40
0.37
0.53
0.53
0.52
0.54
CorWatt	PkgWatt
16.18	127.98
0.52	127.98
0.44
0.45
0.49
0.51
0.51
0.48
0.47
0.66
1.23
0.71
0.67
0.50
0.50
0.49
0.63
0.46
0.51
0.45
0.45
0.39
0.38
0.38
0.38
0.40
0.35
0.40
0.36
0.52
0.50
0.52
0.50
CorWatt	PkgWatt
16.79	128.53
0.52	128.53
0.45
0.46
0.48
0.50
0.50
0.49
0.50
0.72
0.76
1.53
0.73
0.53
0.51
0.50
0.62
0.46
0.50
0.45
0.45
0.38
0.39
0.38
0.39
0.38
0.35
0.38
0.37
0.52
0.49
0.52
0.54
CorWatt	PkgWatt
19.39	130.98
0.53	130.97
0.45
0.45
0.47
0.50
0.51
0.50
0.49
1.06
3.05
1.09
1.06
0.52
0.52
0.51
0.63
0.45
0.52
0.46
0.47
0.39
0.39
0.39
0.39
0.38
0.37
0.39
0.36
0.53
0.52
0.52
0.52
CorWatt	PkgWatt
19.31	130.70
0.54	130.70
0.47
0.48
0.49
0.49
0.49
0.51
0.47
1.11
3.06
1.11
1.11
0.50
0.51
0.49
0.63
0.44
0.49
0.46
0.45
0.38
0.38
0.39
0.38
0.37
0.35
0.38
0.35
0.51
0.51
0.50
0.51
CorWatt	PkgWatt
19.36	130.86
0.57	130.86
0.44
0.44
0.47
0.51
0.51
0.50
0.48
1.12
1.12
3.05
1.12
0.50
0.50
0.52
0.63
0.46
0.50
0.45
0.45
0.38
0.38
0.38
0.39
0.37
0.36
0.38
0.35
0.51
0.50
0.50
0.50
CorWatt	PkgWatt
19.19	130.72
0.53	130.72
0.45
0.47
0.46
0.50
0.51
0.50
0.50
1.08
1.09
3.05
1.08
0.50
0.51
0.49
0.62
0.44
0.49
0.45
0.45
0.38
0.38
0.38
0.38
0.37
0.35
0.38
0.35
0.52
0.52
0.51
0.52
CorWatt	PkgWatt
19.37	130.91
0.53	130.91
0.44
0.46
0.47
0.49
0.49
0.48
0.48
1.11
1.11
3.04
1.11
0.52
0.52
0.51
0.64
0.44
0.49
0.45
0.46
0.38
0.40
0.39
0.39
0.38
0.38
0.41
0.36
0.54
0.50
0.51
0.51
CorWatt	PkgWatt
19.30	130.79
0.54	130.79
0.43
0.45
0.46
0.49
0.49
0.48
0.49
1.12
1.12
3.05
1.12
0.51
0.51
0.52
0.63
0.46
0.50
0.45
0.45
0.38
0.39
0.38
0.38
0.37
0.36
0.38
0.37
0.51
0.49
0.51
0.52
CorWatt	PkgWatt
19.54	130.89
0.56	130.89
0.44
0.47
0.50
0.48
0.49
0.48
0.47
1.12
2.94
1.22
1.12
0.51
0.51
0.50
0.62
0.44
0.50
0.49
0.47
0.38
0.41
0.38
0.39
0.39
0.38
0.37
0.36
0.57
0.53
0.53
0.53
CorWatt	PkgWatt
19.21	130.78
0.54	130.77
0.44
0.46
0.45
0.52
0.51
0.50
0.48
1.11
3.00
1.16
1.11
0.50
0.51
0.50
0.62
0.44
0.48
0.45
0.45
0.38
0.39
0.38
0.38
0.38
0.35
0.35
0.35
0.51
0.50
0.51
0.51
CorWatt	PkgWatt
19.30	130.69
0.52	130.70
0.45
0.46
0.43
0.49
0.50
0.49
0.48
1.08
3.05
1.09
1.09
0.51
0.55
0.53
0.61
0.46
0.49
0.45
0.46
0.39
0.41
0.38
0.38
0.38
0.36
0.36
0.36
0.53
0.52
0.53
0.53
CorWatt	PkgWatt
19.69	130.99
0.57	131.00
0.49
0.48
0.42
0.49
0.49
0.51
0.47
1.12
3.04
1.12
1.13
0.51
0.56
0.53
0.63
0.44
0.49
0.45
0.50
0.41
0.39
0.38
0.42
0.38
0.38
0.35
0.38
0.56
0.52
0.56
0.51
CorWatt	PkgWatt
19.27	130.69
0.55	130.68
0.45
0.46
0.42
0.48
0.49
0.51
0.48
1.12
2.05
2.12
1.12
0.50
0.52
0.51
0.64
0.44
0.49
0.44
0.46
0.38
0.40
0.38
0.38
0.38
0.35
0.35
0.36
0.52
0.49
0.52
0.51
CorWatt	PkgWatt
19.89	131.14
0.62	131.18
0.55
0.56
0.48
0.55
0.56
0.57
0.55
0.85
0.87
1.94
0.87
0.61
0.60
0.57
0.68
0.54
0.61
0.59
0.62
0.42
0.51
0.46
0.43
0.49
0.41
0.45
0.52
0.62
0.56
0.63
0.60
