CorWatt	PkgWatt
15.26	127.33
0.52	127.33
0.44
0.47
0.55
0.51
0.52
0.51
0.53
0.42
0.48
0.42
0.45
0.52
0.52
0.53
0.52
0.48
0.49
0.50
0.46
0.40
0.46
0.43
0.42
0.38
0.38
0.40
0.39
0.57
0.51
0.56
0.52
CorWatt	PkgWatt
15.03	127.01
0.49	127.15
0.46
0.46
0.46
0.51
0.54
0.51
0.53
0.41
0.48
0.38
0.45
0.50
0.50
0.49
0.52
0.49
0.47
0.47
0.47
0.38
0.44
0.42
0.43
0.38
0.40
0.40
0.41
0.54
0.54
0.53
0.57
CorWatt	PkgWatt
18.33	130.00
0.61	129.89
0.53
0.57
0.60
0.59
0.64
0.58
0.57
0.54
0.56
0.52
0.57
0.67
0.68
0.64
0.62
0.57
0.59
0.54
0.61
0.56
0.58
0.47
0.59
0.42
0.40
0.51
0.50
0.63
0.60
0.64
0.60
CorWatt	PkgWatt
15.32	127.49
0.53	127.43
0.47
0.49
0.52
0.50
0.59
0.54
0.49
0.49
0.48
0.42
0.45
0.54
0.51
0.58
0.53
0.45
0.50
0.46
0.46
0.45
0.43
0.39
0.48
0.36
0.36
0.37
0.37
0.53
0.53
0.53
0.51
