CorWatt	PkgWatt
4.72	153.23
0.09	77.29
0.09
0.09
0.08
0.09
0.08
0.08
0.08
0.08
0.08
0.08
0.08
0.08
0.09
0.16
0.08
0.08
0.08
0.09
0.08
0.09
0.09
0.09
0.09
0.08
0.08
0.08
0.08
0.08
0.08
0.08
0.08
0.07	75.97
0.07
0.07
0.07
0.07
0.07
0.07
0.07
0.05
0.05
0.05
0.05
0.05
0.05
0.05
0.05
0.07
0.07
0.06
0.07
0.07
0.07
0.07
0.07
0.06
0.06
0.06
0.06
0.05
0.05
0.05
0.06
CorWatt	PkgWatt
4.81	151.58
0.10	76.38
0.10
0.09
0.08
0.09
0.09
0.12
0.08
0.08
0.08
0.08
0.09
0.09
0.09
0.08
0.09
0.08
0.09
0.08
0.08
0.10
0.09
0.08
0.08
0.08
0.08
0.09
0.09
0.14
0.09
0.14
0.12
0.07	75.17
0.07
0.06
0.06
0.06
0.06
0.06
0.06
0.05
0.05
0.05
0.05
0.05
0.05
0.05
0.05
0.06
0.06
0.06
0.06
0.06
0.06
0.06
0.06
0.06
0.06
0.05
0.06
0.05
0.05
0.05
0.05
CorWatt	PkgWatt
96.44	287.82
0.66	150.14
1.74
1.76
1.79
3.39
1.63
1.54
1.52
1.58
1.53
1.52
1.65
1.56
1.55
1.51
1.51
1.55
1.55
1.56
1.56
1.55
1.55
1.47
1.49
1.56
1.56
1.60
1.55
1.54
1.53
1.44
1.45
1.49	137.62
1.48
1.46
1.45
1.47
1.45
1.36
1.35
1.46
1.44
1.44
1.46
1.47
1.47
1.36
1.36
1.44
1.41
1.44
1.44
1.46
1.46
1.36
1.36
1.44
1.43
1.43
1.44
1.42
1.41
1.31
1.29
CorWatt	PkgWatt
127.63	341.55
0.33	174.87
1.98
2.25
2.22
3.16
2.19
2.05
2.05
2.17
2.08
2.08
2.11
2.13
2.10
1.96
1.97
2.11
2.10
2.10
2.08
2.08
2.07
1.93
1.96
2.11
2.09
2.11
2.07
2.05
2.07
1.90
1.89
2.07	166.96
2.04
2.04
2.02
2.00
1.99
1.84
1.82
2.02
1.99
1.98
2.01
2.01
1.99
1.84
1.82
1.96
1.93
2.00
1.97
1.99
2.00
1.85
1.83
1.99
1.97
1.98
1.97
1.91
1.89
1.74
1.69
