CorWatt	PkgWatt
15.22	127.25
0.51	127.24
0.46
0.50
0.50
0.51
0.51
0.51
0.52
0.42
0.47
0.40
0.42
0.52
0.52
0.51
0.54
0.47
0.49
0.54
0.49
0.44
0.45
0.42
0.41
0.38
0.38
0.38
0.41
0.56
0.52
0.52
0.52
CorWatt	PkgWatt
14.90	127.00
0.52	127.12
0.42
0.45
0.51
0.48
0.51
0.48
0.48
0.38
0.44
0.37
0.42
0.52
0.54
0.49
0.56
0.47
0.50
0.57
0.47
0.39
0.42
0.40
0.39
0.42
0.39
0.41
0.41
0.55
0.52
0.52
0.51
CorWatt	PkgWatt
18.43	130.04
0.66	129.95
0.53
0.55
0.61
0.58
0.61
0.59
0.61
0.52
0.50
0.49
0.51
0.62
0.60
0.58
0.59
0.62
0.63
0.71
0.64
0.61
0.61
0.60
0.62
0.40
0.52
0.48
0.50
0.67
0.60
0.55
0.53
CorWatt	PkgWatt
15.61	127.62
0.59	127.51
0.45
0.46
0.50
0.50
0.51
0.50
0.50
0.46
0.46
0.43
0.45
0.52
0.52
0.54
0.53
0.46
0.56
0.55
0.48
0.51
0.41
0.45
0.50
0.37
0.41
0.41
0.42
0.57
0.53
0.53
0.52
