CorWatt	PkgWatt
15.44	128.29
0.54	128.28
0.45
0.54
0.46
0.52
0.53
0.51
0.49
0.40
0.46
0.43
0.39
0.54
0.53
0.53
0.53
0.51
0.61
0.48
0.56
0.45
0.45
0.42
0.44
0.38
0.38
0.38
0.37
0.57
0.52
0.52
0.55
CorWatt	PkgWatt
14.93	127.44
0.52	127.60
0.44
0.50
0.45
0.50
0.51
0.50
0.49
0.40
0.45
0.38
0.39
0.51
0.52
0.50
0.52
0.45
0.49
0.50
0.54
0.49
0.45
0.45
0.46
0.38
0.37
0.37
0.35
0.54
0.51
0.50
0.51
CorWatt	PkgWatt
72.71	188.64
2.86	188.52
2.33
2.40
2.36
2.40
2.59
2.42
2.33
2.25
2.26
2.25
2.22
2.34
2.35
2.36
2.39
2.27
2.26
2.10
2.11
2.23
2.22
2.04
1.98
2.17
2.15
1.96
1.98
2.41
2.38
2.17
2.16
