CorWatt	PkgWatt
15.14	127.30
0.51	127.30
0.46
0.49
0.48
0.52
0.51
0.51
0.57
0.40
0.48
0.40
0.40
0.54
0.52
0.62
0.54
0.47
0.50
0.47
0.48
0.42
0.43
0.46
0.40
0.37
0.36
0.40
0.36
0.53
0.53
0.51
0.52
CorWatt	PkgWatt
14.80	126.72
0.50	126.85
0.43
0.49
0.45
0.49
0.50
0.49
0.52
0.41
0.46
0.37
0.40
0.51
0.51
0.55
0.57
0.47
0.46
0.45
0.46
0.43
0.43
0.47
0.40
0.38
0.37
0.41
0.39
0.53
0.51
0.50
0.50
CorWatt	PkgWatt
20.79	132.13
0.76	132.04
0.65
0.60
0.63
0.71
0.71
0.67
0.67
0.56
0.62
0.53
0.55
0.72
0.64
0.72
0.69
0.66
0.61
0.63
0.64
0.68
0.72
0.72
0.63
0.50
0.64
0.58
0.52
0.71
0.83
0.64
0.64
CorWatt	PkgWatt
15.99	127.77
0.48	127.75
0.52
0.48
0.49
0.55
0.51
0.54
0.51
0.44
0.49
0.40
0.49
0.52
0.52
0.57
0.52
0.51
0.50
0.52
0.52
0.47
0.45
0.48
0.55
0.42
0.35
0.39
0.37
0.65
0.57
0.59
0.61
CorWatt	PkgWatt
15.59	127.70
0.50	127.69
0.50
0.50
0.44
0.52
0.53
0.56
0.55
0.42
0.47
0.49
0.43
0.54
0.51
0.59
0.57
0.48
0.49
0.45
0.46
0.47
0.47
0.51
0.45
0.40
0.37
0.37
0.37
0.53
0.58
0.51
0.56
CorWatt	PkgWatt
15.79	127.83
0.52	127.84
0.50
0.55
0.49
0.55
0.53
0.60
0.58
0.39
0.51
0.41
0.40
0.55
0.52
0.55
0.56
0.52
0.49
0.48
0.52
0.45
0.42
0.49
0.46
0.38
0.37
0.41
0.38
0.60
0.53
0.52
0.56
CorWatt	PkgWatt
16.47	128.56
0.54	128.58
0.53
0.51
0.52
0.56
0.56
0.55
0.61
0.48
0.53
0.48
0.47
0.53
0.53
0.58
0.57
0.55
0.52
0.53
0.50
0.49
0.43
0.59
0.48
0.37
0.42
0.45
0.38
0.52
0.62
0.53
0.54
CorWatt	PkgWatt
15.54	127.59
0.49	127.58
0.47
0.50
0.48
0.55
0.52
0.52
0.56
0.43
0.49
0.43
0.44
0.54
0.53
0.63
0.55
0.48
0.48
0.51
0.49
0.44
0.41
0.48
0.42
0.40
0.39
0.38
0.37
0.52
0.57
0.51
0.55
CorWatt	PkgWatt
15.39	127.67
0.48	127.65
0.46
0.45
0.46
0.51
0.50
0.52
0.57
0.44
0.50
0.38
0.41
0.51
0.50
0.55
0.51
0.52
0.51
0.50
0.56
0.47
0.45
0.49
0.45
0.39
0.37
0.45
0.38
0.55
0.54
0.50
0.52
CorWatt	PkgWatt
15.46	127.54
0.54	127.53
0.46
0.47
0.47
0.51
0.50
0.50
0.57
0.44
0.46
0.39
0.39
0.54
0.53
0.57
0.55
0.51
0.52
0.50
0.58
0.47
0.42
0.50
0.45
0.40
0.38
0.40
0.39
0.53
0.50
0.51
0.55
CorWatt	PkgWatt
15.42	127.55
0.51	127.56
0.46
0.48
0.47
0.51
0.48
0.49
0.57
0.45
0.50
0.43
0.43
0.57
0.50
0.61
0.55
0.50
0.50
0.46
0.49
0.46
0.41
0.50
0.41
0.40
0.39
0.40
0.38
0.53
0.54
0.50
0.54
CorWatt	PkgWatt
15.84	127.78
0.49	127.78
0.52
0.55
0.47
0.55
0.55
0.54
0.58
0.41
0.49
0.37
0.37
0.56
0.54
0.59
0.55
0.50
0.47
0.48
0.48
0.47
0.43
0.45
0.43
0.41
0.39
0.44
0.47
0.56
0.59
0.57
0.57
CorWatt	PkgWatt
18.77	130.30
0.56	130.31
0.52
0.53
0.58
0.61
0.64
0.59
0.76
0.58
0.72
0.59
0.53
0.63
0.68
0.80
0.70
0.56
0.54
0.50
0.50
0.51
0.45
0.45
0.48
0.56
0.55
0.54
0.52
0.63
0.67
0.67
0.63
