CorWatt	PkgWatt
15.08	127.15
0.51	127.16
0.46
0.51
0.47
0.56
0.49
0.50
0.51
0.45
0.47
0.38
0.40
0.53
0.54
0.52
0.53
0.47
0.50
0.46
0.50
0.40
0.39
0.44
0.38
0.37
0.40
0.37
0.35
0.55
0.51
0.60
0.57
CorWatt	PkgWatt
14.95	126.89
0.51	126.97
0.49
0.54
0.51
0.51
0.51
0.50
0.48
0.38
0.45
0.42
0.43
0.56
0.54
0.54
0.53
0.46
0.47
0.45
0.48
0.38
0.38
0.42
0.38
0.38
0.39
0.37
0.38
0.51
0.51
0.57
0.52
CorWatt	PkgWatt
23.74	134.66
2.59	134.71
0.63
0.72
0.75
0.73
0.76
0.65
0.67
0.75
0.67
0.59
0.67
0.73
0.82
0.70
0.78
0.64
0.62
0.67
0.72
0.57
0.59
0.60
0.66
0.62
0.52
0.58
0.54
0.74
0.71
0.81
0.91
CorWatt	PkgWatt
17.09	128.87
0.62	128.76
0.47
0.47
0.48
0.72
1.07
0.99
0.72
0.53
0.48
0.41
0.45
0.52
0.51
0.50
0.59
0.53
0.51
0.51
0.51
0.43
0.42
0.52
0.43
0.42
0.35
0.41
0.35
0.55
0.51
0.60
0.52
CorWatt	PkgWatt
17.17	128.62
0.60	128.61
0.49
0.56
0.53
0.73
0.91
0.84
1.04
0.46
0.44
0.41
0.46
0.54
0.53
0.49
0.51
0.51
0.51
0.51
0.55
0.45
0.43
0.56
0.46
0.41
0.39
0.40
0.35
0.53
0.50
0.58
0.52
CorWatt	PkgWatt
18.37	129.75
0.66	129.77
0.53
0.56
0.58
0.78
0.77
1.09
1.03
0.56
0.51
0.50
0.52
0.52
0.52
0.55
0.54
0.50
0.53
0.49
0.51
0.46
0.47
0.50
0.46
0.43
0.44
0.46
0.41
0.61
0.59
0.67
0.63
CorWatt	PkgWatt
17.04	128.58
0.59	128.56
0.47
0.50
0.45
0.73
0.73
1.10
0.95
0.46
0.46
0.42
0.43
0.57
0.50
0.51
0.53
0.47
0.51
0.50
0.50
0.45
0.41
0.54
0.42
0.39
0.39
0.40
0.39
0.56
0.54
0.62
0.55
CorWatt	PkgWatt
17.23	128.65
0.60	128.65
0.46
0.49
0.51
1.08
0.77
0.98
0.75
0.44
0.46
0.41
0.46
0.51
0.55
0.51
0.53
0.52
0.50
0.51
0.53
0.42
0.41
0.45
0.42
0.43
0.41
0.42
0.41
0.56
0.61
0.60
0.53
CorWatt	PkgWatt
18.10	130.21
0.59	130.20
0.48
0.49
0.50
0.52
0.55
0.51
3.15
0.44
0.46
0.38
0.41
0.51
0.50
0.52
0.52
0.56
0.50
0.48
0.49
0.46
0.44
0.47
0.41
0.38
0.39
0.40
0.35
0.57
0.54
0.58
0.54
CorWatt	PkgWatt
18.40	130.75
0.63	130.76
0.56
0.56
0.55
0.49
0.53
0.52
3.23
0.44
0.47
0.40
0.41
0.52
0.56
0.51
0.55
0.48
0.49
0.48
0.49
0.41
0.41
0.48
0.43
0.38
0.39
0.39
0.42
0.55
0.57
0.57
0.55
CorWatt	PkgWatt
18.02	130.21
0.53	130.21
0.55
0.47
0.45
0.50
0.51
0.49
3.23
0.44
0.43
0.37
0.40
0.52
0.54
0.49
0.51
0.49
0.52
0.55
0.50
0.46
0.42
0.46
0.43
0.38
0.39
0.40
0.37
0.54
0.56
0.51
0.59
CorWatt	PkgWatt
18.06	130.42
0.54	130.41
0.56
0.46
0.49
0.49
0.51
0.53
3.23
0.43
0.46
0.36
0.41
0.53
0.54
0.54
0.52
0.49
0.51
0.51
0.50
0.43
0.42
0.44
0.50
0.37
0.39
0.40
0.35
0.54
0.55
0.53
0.55
CorWatt	PkgWatt
20.24	131.85
0.71	131.86
0.68
0.59
0.61
0.55
0.58
0.55
2.97
0.55
0.50
0.44
0.48
0.57
0.60
0.58
0.61
0.53
0.53
0.50
0.55
0.59
0.56
0.49
0.47
0.48
0.49
0.55
0.51
0.62
0.60
0.55
0.65
