CorWatt	PkgWatt
15.28	127.55
0.51	128.09
0.45
0.48
0.48
0.53
0.55
0.49
0.49
0.41
0.50
0.40
0.41
0.54
0.56
0.54
0.54
0.47
0.49
0.46
0.48
0.42
0.40
0.42
0.49
0.38
0.38
0.40
0.36
0.56
0.58
0.62
0.52
CorWatt	PkgWatt
15.50	128.29
0.49	128.08
0.47
0.49
0.48
0.52
0.55
0.49
0.50
0.43
0.53
0.41
0.48
0.53
0.59
0.54
0.54
0.46
0.47
0.46
0.48
0.46
0.44
0.43
0.50
0.38
0.38
0.39
0.36
0.60
0.54
0.55
0.55
CorWatt	PkgWatt
21.74	134.69
0.67	134.36
0.64
0.62
0.59
0.75
0.64
0.57
0.57
0.67
0.64
0.57
0.67
0.62
0.73
0.63
0.63
0.58
0.56
0.61
0.56
0.66
0.52
0.52
0.56
0.59
0.51
0.56
2.55
0.78
0.67
0.66
0.64
CorWatt	PkgWatt
16.53	128.90
0.51	128.89
0.44
0.49
0.49
0.49
0.55
0.49
0.49
0.40
0.46
0.38
0.45
0.52
0.55
0.50
0.53
0.47
0.50
0.46
0.49
0.41
0.42
0.42
0.47
0.37
0.37
0.38
0.47
1.20
0.86
0.76
0.75
CorWatt	PkgWatt
16.63	128.98
0.53	128.98
0.46
0.48
0.50
0.55
0.54
0.49
0.50
0.43
0.46
0.40
0.48
0.52
0.53
0.52
0.51
0.50
0.47
0.46
0.47
0.40
0.39
0.40
0.45
0.36
0.36
0.37
0.47
1.32
0.78
0.76
0.75
CorWatt	PkgWatt
16.99	129.12
0.54	129.13
0.45
0.49
0.44
0.52
0.55
0.49
0.51
0.46
0.53
0.46
0.51
0.51
0.54
0.50
0.52
0.47
0.47
0.49
0.47
0.41
0.40
0.41
0.44
0.38
0.39
0.44
0.48
1.20
0.95
0.79
0.78
CorWatt	PkgWatt
16.41	128.77
0.52	128.75
0.46
0.51
0.46
0.49
0.57
0.49
0.49
0.41
0.47
0.39
0.44
0.50
0.53
0.50
0.52
0.47
0.46
0.46
0.47
0.39
0.39
0.40
0.40
0.37
0.36
0.37
0.46
1.31
0.84
0.76
0.75
CorWatt	PkgWatt
16.77	128.96
0.53	128.96
0.45
0.47
0.45
0.49
0.55
0.49
0.49
0.43
0.46
0.41
0.46
0.51
0.54
0.51
0.54
0.48
0.47
0.46
0.47
0.42
0.40
0.41
0.41
0.38
0.38
0.37
0.50
0.76
0.78
1.57
0.72
CorWatt	PkgWatt
17.74	130.96
0.54	130.96
0.45
0.47
0.45
0.52
0.53
0.51
0.50
0.41
0.45
0.38
0.42
0.52
0.53
0.51
0.52
0.46
0.46
0.45
0.47
0.39
0.40
0.39
0.41
0.36
0.36
0.38
0.47
0.57
0.56
3.39
0.52
CorWatt	PkgWatt
17.72	130.91
0.54	130.91
0.44
0.47
0.46
0.51
0.53
0.49
0.50
0.39
0.44
0.38
0.42
0.53
0.53
0.52
0.53
0.48
0.48
0.45
0.47
0.41
0.39
0.38
0.41
0.36
0.37
0.37
0.47
0.54
0.55
3.39
0.52
CorWatt	PkgWatt
17.73	131.05
0.53	131.05
0.44
0.46
0.46
0.49
0.54
0.49
0.49
0.39
0.44
0.38
0.42
0.52
0.55
0.51
0.52
0.47
0.48
0.45
0.47
0.41
0.38
0.39
0.42
0.36
0.38
0.38
0.47
0.53
0.55
3.40
0.54
CorWatt	PkgWatt
17.87	131.04
0.55	131.05
0.45
0.47
0.47
0.50
0.56
0.48
0.49
0.41
0.44
0.38
0.47
0.52
0.53
0.50
0.52
0.45
0.47
0.47
0.49
0.40
0.40
0.38
0.40
0.37
0.38
0.40
0.46
0.55
0.55
3.39
0.54
CorWatt	PkgWatt
17.62	130.84
0.54	130.83
0.44
0.49
0.46
0.50
0.51
0.48
0.48
0.40
0.44
0.38
0.42
0.52
0.53
0.50
0.52
0.46
0.46
0.45
0.47
0.39
0.39
0.39
0.39
0.36
0.36
0.38
0.48
0.53
0.55
3.39
0.53
CorWatt	PkgWatt
17.80	131.05
0.54	131.05
0.45
0.52
0.46
0.51
0.52
0.49
0.49
0.39
0.44
0.38
0.42
0.52
0.52
0.50
0.52
0.46
0.48
0.47
0.48
0.40
0.40
0.39
0.39
0.41
0.38
0.38
0.48
0.54
0.57
3.39
0.53
CorWatt	PkgWatt
17.79	131.09
0.53	131.09
0.44
0.50
0.46
0.49
0.50
0.49
0.51
0.39
0.44
0.38
0.43
0.54
0.54
0.52
0.52
0.47
0.46
0.45
0.47
0.39
0.40
0.38
0.40
0.38
0.38
0.38
0.49
0.57
0.55
3.40
0.54
CorWatt	PkgWatt
17.70	130.89
0.54	130.89
0.45
0.50
0.48
0.49
0.49
0.50
0.49
0.39
0.45
0.40
0.43
0.52
0.52
0.50
0.52
0.46
0.47
0.45
0.47
0.40
0.39
0.38
0.40
0.37
0.38
0.38
0.47
0.54
0.56
3.40
0.52
CorWatt	PkgWatt
17.67	130.90
0.53	130.90
0.44
0.50
0.46
0.50
0.49
0.50
0.50
0.39
0.44
0.38
0.43
0.52
0.53
0.50
0.52
0.48
0.46
0.45
0.47
0.39
0.39
0.40
0.40
0.36
0.37
0.38
0.46
0.53
0.55
3.39
0.53
CorWatt	PkgWatt
17.76	130.97
0.53	130.97
0.46
0.48
0.46
0.51
0.50
0.50
0.51
0.40
0.45
0.40
0.44
0.52
0.54
0.51
0.52
0.47
0.47
0.45
0.47
0.40
0.39
0.38
0.40
0.37
0.36
0.38
0.48
0.54
0.55
3.39
0.52
CorWatt	PkgWatt
17.78	131.00
0.53	130.99
0.44
0.52
0.46
0.50
0.50
0.49
0.49
0.40
0.44
0.40
0.44
0.54
0.53
0.52
0.52
0.46
0.47
0.46
0.47
0.40
0.40
0.39
0.40
0.38
0.38
0.39
0.47
0.54
0.56
3.39
0.52
CorWatt	PkgWatt
17.75	131.16
0.55	131.16
0.44
0.49
0.45
0.49
0.49
0.50
0.50
0.41
0.45
0.39
0.45
0.52
0.52
0.52
0.52
0.45
0.47
0.47
0.47
0.40
0.39
0.38
0.40
0.37
0.38
0.39
0.49
0.54
0.57
3.37
0.52
CorWatt	PkgWatt
18.38	130.33
0.69	130.36
1.00
0.71
0.65
0.88
0.58
0.78
0.54
0.44
0.48
0.45
0.49
0.54
0.57
0.55
0.57
0.54
0.55
0.53
0.55
0.45
0.47
0.47
0.46
0.47
0.44
0.49
0.51
0.63
0.64
0.62
0.61
CorWatt	PkgWatt
16.82	129.04
0.83	129.02
0.94
1.35
0.79
0.49
0.50
0.62
0.49
0.40
0.45
0.38
0.47
0.50
0.52
0.50
0.52
0.45
0.47
0.45
0.47
0.40
0.40
0.38
0.40
0.37
0.37
0.37
0.36
0.58
0.54
0.54
0.53
CorWatt	PkgWatt
16.86	129.12
0.84	129.12
0.81
1.47
0.81
0.50
0.52
0.62
0.51
0.40
0.44
0.40
0.42
0.50
0.54
0.50
0.54
0.46
0.47
0.46
0.47
0.39
0.39
0.40
0.41
0.37
0.37
0.37
0.35
0.58
0.52
0.51
0.52
CorWatt	PkgWatt
16.83	129.01
0.84	129.02
0.79
1.46
0.79
0.49
0.50
0.61
0.49
0.41
0.46
0.38
0.43
0.54
0.54
0.53
0.56
0.45
0.47
0.45
0.49
0.40
0.40
0.39
0.40
0.37
0.37
0.37
0.35
0.58
0.53
0.51
0.50
CorWatt	PkgWatt
16.75	128.92
0.84	128.92
0.81
1.46
0.80
0.49
0.50
0.60
0.49
0.40
0.46
0.38
0.44
0.52
0.54
0.50
0.53
0.45
0.47
0.45
0.47
0.40
0.39
0.39
0.40
0.36
0.36
0.37
0.37
0.57
0.51
0.50
0.51
CorWatt	PkgWatt
16.69	128.88
0.84	128.88
0.91
1.38
0.82
0.49
0.51
0.62
0.49
0.39
0.44
0.38
0.42
0.50
0.52
0.50
0.51
0.46
0.47
0.45
0.47
0.39
0.39
0.38
0.39
0.35
0.39
0.37
0.35
0.58
0.53
0.50
0.50
CorWatt	PkgWatt
17.99	130.21
1.03	130.20
1.16
1.97
1.00
0.49
0.52
0.61
0.51
0.39
0.44
0.38
0.42
0.52
0.54
0.51
0.53
0.46
0.47
0.46
0.47
0.40
0.40
0.40
0.40
0.37
0.36
0.37
0.35
0.52
0.52
0.51
0.52
CorWatt	PkgWatt
19.99	131.87
1.29	131.88
2.14
2.18
1.28
0.51
0.52
0.60
0.52
0.41
0.46
0.39
0.45
0.54
0.56
0.51
0.54
0.48
0.48
0.47
0.48
0.40
0.41
0.40
0.41
0.37
0.37
0.40
0.38
0.53
0.52
0.51
0.51
CorWatt	PkgWatt
19.61	131.50
1.29	131.50
2.84
1.30
1.44
0.51
0.50
0.60
0.49
0.38
0.44
0.38
0.42
0.50
0.52
0.50
0.52
0.46
0.49
0.47
0.47
0.39
0.39
0.41
0.40
0.36
0.36
0.37
0.35
0.51
0.53
0.50
0.51
CorWatt	PkgWatt
19.58	131.56
1.29	131.56
2.50
1.29
1.79
0.50
0.51
0.61
0.50
0.41
0.44
0.38
0.42
0.50
0.54
0.50
0.51
0.45
0.47
0.46
0.47
0.39
0.41
0.39
0.42
0.36
0.36
0.36
0.35
0.51
0.51
0.50
0.49
CorWatt	PkgWatt
19.64	131.51
1.29	131.51
3.02
1.29
1.28
0.50
0.50
0.60
0.50
0.40
0.43
0.38
0.42
0.50
0.53
0.50
0.52
0.46
0.48
0.46
0.47
0.39
0.39
0.39
0.40
0.36
0.37
0.37
0.35
0.53
0.53
0.50
0.50
CorWatt	PkgWatt
19.93	131.83
1.29	131.84
2.00
1.30
2.31
0.52
0.52
0.61
0.50
0.40
0.44
0.39
0.47
0.50
0.54
0.50
0.52
0.45
0.47
0.46
0.47
0.40
0.40
0.39
0.40
0.38
0.37
0.37
0.38
0.58
0.55
0.54
0.53
CorWatt	PkgWatt
19.68	131.53
1.29	131.53
1.30
1.31
3.00
0.50
0.50
0.60
0.49
0.41
0.44
0.40
0.42
0.50
0.53
0.50
0.52
0.45
0.47
0.46
0.47
0.41
0.39
0.41
0.41
0.38
0.36
0.36
0.37
0.52
0.51
0.50
0.51
CorWatt	PkgWatt
19.62	131.59
1.29	131.59
1.28
1.30
3.02
0.50
0.50
0.61
0.49
0.39
0.43
0.38
0.42
0.50
0.52
0.50
0.52
0.46
0.49
0.46
0.49
0.40
0.39
0.41
0.40
0.36
0.36
0.36
0.35
0.51
0.52
0.50
0.50
CorWatt	PkgWatt
19.70	131.58
1.62	131.58
1.28
1.30
2.69
0.51
0.50
0.61
0.51
0.41
0.44
0.38
0.42
0.50
0.52
0.51
0.53
0.46
0.47
0.46
0.47
0.40
0.40
0.40
0.42
0.36
0.36
0.37
0.35
0.52
0.52
0.50
0.50
CorWatt	PkgWatt
19.78	131.87
1.29	131.88
1.29
1.30
3.03
0.52
0.52
0.61
0.52
0.40
0.43
0.38
0.41
0.50
0.52
0.50
0.52
0.47
0.48
0.46
0.47
0.39
0.39
0.40
0.41
0.37
0.38
0.39
0.36
0.53
0.52
0.51
0.50
CorWatt	PkgWatt
19.65	131.62
1.56	131.61
1.28
1.30
2.77
0.50
0.52
0.61
0.49
0.40
0.44
0.38
0.42
0.50
0.54
0.50
0.52
0.45
0.47
0.46
0.48
0.40
0.39
0.40
0.40
0.36
0.36
0.37
0.35
0.51
0.51
0.50
0.50
CorWatt	PkgWatt
19.52	131.60
1.01	131.58
0.99
1.01
1.98
0.57
0.57
0.68
0.56
0.46
0.49
0.49
0.49
0.55
0.89
0.59
0.56
0.50
0.50
0.49
0.50
0.45
0.44
0.47
0.44
0.40
0.39
0.42
0.40
0.56
0.58
0.54
0.54
CorWatt	PkgWatt
16.68	128.94
0.96	128.96
0.67
0.67
0.97
0.79
0.53
0.55
0.52
0.40
0.45
0.41
0.44
0.53
0.55
0.54
0.54
0.46
0.48
0.47
0.48
0.41
0.42
0.41
0.42
0.37
0.37
0.39
0.36
0.54
0.53
0.51
0.53
CorWatt	PkgWatt
16.10	128.56
1.06	128.56
0.69
0.72
0.81
0.63
0.50
0.50
0.50
0.40
0.44
0.38
0.43
0.51
0.54
0.51
0.51
0.48
0.49
0.45
0.47
0.41
0.39
0.39
0.41
0.35
0.37
0.38
0.35
0.52
0.51
0.50
0.51
CorWatt	PkgWatt
16.03	128.39
1.09	128.39
0.71
0.70
0.75
0.61
0.51
0.49
0.49
0.39
0.44
0.38
0.42
0.50
0.53
0.51
0.51
0.46
0.47
0.45
0.47
0.40
0.39
0.39
0.41
0.35
0.37
0.38
0.35
0.53
0.55
0.52
0.50
CorWatt	PkgWatt
16.10	128.47
1.01	128.47
0.70
0.71
0.83
0.61
0.52
0.49
0.49
0.40
0.47
0.38
0.43
0.50
0.52
0.50
0.51
0.45
0.47
0.47
0.48
0.39
0.41
0.39
0.40
0.37
0.38
0.39
0.35
0.54
0.52
0.51
0.52
CorWatt	PkgWatt
16.06	128.57
1.05	128.55
0.69
0.71
0.84
0.60
0.51
0.49
0.49
0.40
0.44
0.39
0.43
0.52
0.53
0.50
0.52
0.47
0.46
0.46
0.47
0.39
0.39
0.39
0.40
0.35
0.36
0.37
0.35
0.52
0.53
0.51
0.52
CorWatt	PkgWatt
18.76	133.53
4.38	133.54
0.51
0.52
0.48
0.61
0.53
0.49
0.49
0.38
0.43
0.39
0.42
0.50
0.52
0.50
0.52
0.46
0.49
0.47
0.49
0.39
0.39
0.39
0.40
0.40
0.37
0.37
0.36
0.52
0.56
0.50
0.50
CorWatt	PkgWatt
18.81	133.75
4.41	133.75
0.51
0.52
0.49
0.60
0.51
0.49
0.51
0.40
0.44
0.38
0.42
0.53
0.52
0.52
0.52
0.48
0.47
0.46
0.47
0.39
0.41
0.40
0.41
0.36
0.38
0.37
0.37
0.51
0.53
0.52
0.52
CorWatt	PkgWatt
18.72	133.73
4.41	133.73
0.53
0.52
0.49
0.60
0.51
0.52
0.49
0.40
0.43
0.40
0.43
0.50
0.52
0.50
0.52
0.46
0.47
0.46
0.47
0.39
0.39
0.39
0.40
0.35
0.37
0.37
0.35
0.51
0.55
0.50
0.51
CorWatt	PkgWatt
18.84	133.80
4.41	133.79
0.52
0.52
0.48
0.61
0.52
0.53
0.52
0.40
0.44
0.39
0.43
0.50
0.53
0.50
0.52
0.47
0.47
0.46
0.47
0.40
0.40
0.40
0.40
0.36
0.37
0.37
0.35
0.52
0.55
0.52
0.51
CorWatt	PkgWatt
18.78	133.94
4.42	133.94
0.53
0.51
0.48
0.62
0.51
0.52
0.52
0.40
0.43
0.39
0.42
0.51
0.52
0.50
0.52
0.47
0.47
0.46
0.47
0.40
0.40
0.39
0.40
0.35
0.36
0.37
0.35
0.52
0.53
0.51
0.50
CorWatt	PkgWatt
18.78	133.80
4.42	133.82
0.53
0.56
0.49
0.60
0.52
0.50
0.49
0.39
0.43
0.38
0.42
0.51
0.53
0.50
0.52
0.46
0.47
0.46
0.47
0.39
0.39
0.40
0.40
0.37
0.38
0.38
0.35
0.52
0.51
0.50
0.51
CorWatt	PkgWatt
18.76	133.76
4.42	133.76
0.50
0.54
0.47
0.60
0.50
0.51
0.51
0.40
0.44
0.39
0.45
0.51
0.52
0.52
0.52
0.46
0.47
0.47
0.47
0.39
0.39
0.39
0.40
0.35
0.37
0.39
0.35
0.51
0.55
0.50
0.50
CorWatt	PkgWatt
19.03	134.04
4.41	134.04
0.52
0.58
0.50
0.60
0.51
0.50
0.50
0.40
0.44
0.39
0.44
0.50
0.53
0.51
0.53
0.47
0.50
0.48
0.49
0.40
0.41
0.41
0.41
0.38
0.37
0.39
0.38
0.52
0.53
0.51
0.53
CorWatt	PkgWatt
18.77	133.89
4.42	133.89
0.50
0.54
0.48
0.59
0.50
0.50
0.49
0.40
0.47
0.38
0.42
0.50
0.52
0.50
0.51
0.46
0.47
0.46
0.47
0.39
0.39
0.39
0.40
0.36
0.38
0.37
0.36
0.52
0.57
0.52
0.53
CorWatt	PkgWatt
18.85	133.99
4.42	133.99
0.51
0.53
0.50
0.60
0.53
0.51
0.50
0.38
0.45
0.41
0.42
0.50
0.56
0.50
0.53
0.46
0.47
0.46
0.48
0.40
0.39
0.40
0.40
0.36
0.36
0.36
0.35
0.52
0.52
0.54
0.52
CorWatt	PkgWatt
18.82	133.86
4.42	133.86
0.51
0.55
0.48
0.60
0.51
0.50
0.50
0.40
0.46
0.38
0.42
0.52
0.53
0.52
0.55
0.46
0.47
0.46
0.48
0.41
0.40
0.40
0.40
0.36
0.36
0.36
0.35
0.52
0.52
0.50
0.50
CorWatt	PkgWatt
18.87	133.87
4.41	133.87
0.50
0.54
0.48
0.60
0.51
0.50
0.50
0.40
0.46
0.41
0.44
0.51
0.55
0.50
0.53
0.46
0.47
0.46
0.47
0.41
0.40
0.41
0.42
0.37
0.36
0.37
0.35
0.52
0.53
0.51
0.51
CorWatt	PkgWatt
18.20	130.92
1.08	130.94
0.50
0.59
0.53
0.64
0.60
0.58
0.56
0.54
0.55
0.76
0.56
0.54
1.09
0.56
0.58
0.52
0.52
0.51
0.52
0.45
0.45
0.45
0.45
0.42
0.43
0.43
0.42
0.58
0.64
0.57
0.59
CorWatt	PkgWatt
16.37	128.70
0.54	128.69
0.45
0.54
0.46
0.50
0.53
0.50
0.51
0.64
0.66
0.86
0.90
0.54
0.66
0.51
0.54
0.46
0.48
0.46
0.47
0.39
0.39
0.41
0.40
0.36
0.36
0.37
0.35
0.52
0.58
0.51
0.52
CorWatt	PkgWatt
16.29	128.72
0.54	128.72
0.44
0.52
0.44
0.49
0.51
0.49
0.50
0.62
0.68
0.65
1.11
0.54
0.68
0.50
0.54
0.45
0.47
0.46
0.47
0.39
0.39
0.38
0.40
0.36
0.36
0.38
0.37
0.52
0.60
0.52
0.50
CorWatt	PkgWatt
16.60	129.03
0.55	129.01
0.46
0.53
0.48
0.51
0.52
0.50
0.49
0.63
0.69
0.73
1.04
0.52
0.65
0.51
0.55
0.47
0.51
0.48
0.48
0.40
0.40
0.41
0.42
0.37
0.37
0.38
0.36
0.53
0.58
0.54
0.53
CorWatt	PkgWatt
16.13	128.64
0.53	128.65
0.46
0.46
0.45
0.49
0.50
0.48
0.50
0.65
0.66
0.70
1.06
0.51
0.66
0.50
0.52
0.45
0.47
0.45
0.47
0.39
0.40
0.38
0.42
0.36
0.36
0.37
0.35
0.52
0.58
0.51
0.50
CorWatt	PkgWatt
17.15	129.28
0.58	129.29
0.49
0.51
0.45
0.53
0.51
0.51
0.52
0.65
0.66
1.37
0.67
0.54
0.68
0.53
0.56
0.49
0.51
0.49
0.50
0.39
0.41
0.41
0.40
0.39
0.39
0.40
0.38
0.55
0.60
0.54
0.54
CorWatt	PkgWatt
18.37	130.84
0.55	130.84
0.50
0.49
0.47
0.52
0.52
0.49
0.50
0.54
0.61
3.05
0.56
0.53
0.67
0.53
0.55
0.45
0.47
0.45
0.47
0.40
0.39
0.38
0.40
0.39
0.40
0.39
0.38
0.59
0.61
0.58
0.54
CorWatt	PkgWatt
17.98	130.78
0.56	130.76
0.49
0.49
0.47
0.50
0.51
0.49
0.49
0.57
0.57
2.74
0.88
0.52
0.64
0.51
0.53
0.46
0.47
0.46
0.47
0.41
0.39
0.39
0.41
0.37
0.37
0.37
0.35
0.52
0.57
0.52
0.52
CorWatt	PkgWatt
17.84	130.60
0.56	130.61
0.44
0.49
0.44
0.49
0.50
0.48
0.49
0.55
0.56
3.03
0.57
0.51
0.65
0.50
0.52
0.46
0.48
0.45
0.49
0.40
0.39
0.40
0.40
0.36
0.37
0.37
0.35
0.52
0.57
0.53
0.52
CorWatt	PkgWatt
17.92	130.66
0.58	130.66
0.46
0.50
0.46
0.49
0.50
0.49
0.51
0.56
0.56
3.05
0.54
0.54
0.64
0.51
0.53
0.45
0.47
0.45
0.47
0.41
0.39
0.39
0.40
0.37
0.36
0.37
0.39
0.52
0.56
0.51
0.52
CorWatt	PkgWatt
17.91	130.71
0.55	130.71
0.46
0.51
0.45
0.50
0.51
0.49
0.52
0.56
0.55
3.03
0.54
0.51
0.65
0.50
0.52
0.46
0.47
0.45
0.47
0.39
0.39
0.39
0.41
0.37
0.38
0.39
0.37
0.52
0.55
0.51
0.51
CorWatt	PkgWatt
17.93	130.81
0.56	130.80
0.48
0.50
0.45
0.50
0.53
0.49
0.49
0.56
0.56
3.03
0.55
0.52
0.63
0.51
0.53
0.46
0.47
0.46
0.47
0.39
0.39
0.40
0.40
0.37
0.36
0.37
0.36
0.52
0.57
0.51
0.52
CorWatt	PkgWatt
17.81	130.54
0.56	130.55
0.45
0.47
0.44
0.49
0.51
0.48
0.49
0.56
0.55
2.43
1.22
0.51
0.64
0.51
0.52
0.45
0.47
0.45
0.47
0.41
0.39
0.40
0.39
0.37
0.36
0.37
0.35
0.52
0.56
0.51
0.51
CorWatt	PkgWatt
17.97	130.71
0.57	130.71
0.49
0.49
0.45
0.53
0.51
0.52
0.50
0.56
0.56
3.03
0.57
0.52
0.64
0.52
0.52
0.45
0.48
0.45
0.47
0.39
0.41
0.40
0.39
0.36
0.36
0.38
0.35
0.52
0.55
0.52
0.51
CorWatt	PkgWatt
17.83	130.72
0.51	130.73
0.46
0.54
0.45
0.51
0.50
0.49
0.50
0.55
0.57
3.03
0.54
0.52
0.64
0.52
0.52
0.47
0.49
0.45
0.47
0.41
0.39
0.39
0.42
0.35
0.36
0.37
0.35
0.52
0.52
0.51
0.50
CorWatt	PkgWatt
17.90	130.55
0.53	130.54
0.48
0.52
0.45
0.49
0.52
0.49
0.49
0.56
0.57
3.03
0.54
0.54
0.55
0.52
0.64
0.47
0.48
0.46
0.47
0.41
0.39
0.39
0.41
0.37
0.37
0.37
0.35
0.52
0.51
0.51
0.51
CorWatt	PkgWatt
17.93	130.65
0.54	130.66
0.48
0.52
0.44
0.49
0.50
0.48
0.49
0.56
0.59
0.58
3.03
0.52
0.52
0.50
0.64
0.45
0.46
0.47
0.48
0.39
0.41
0.38
0.39
0.37
0.39
0.39
0.37
0.54
0.52
0.51
0.52
CorWatt	PkgWatt
17.17	129.81
0.51	129.80
0.46
0.53
0.44
0.49
0.51
0.48
0.48
0.52
0.53
0.52
2.31
0.55
0.54
0.52
0.66
0.45
0.46
0.57
0.47
0.40
0.40
0.40
0.41
0.37
0.36
0.37
0.37
0.52
0.54
0.50
0.52
CorWatt	PkgWatt
18.01	130.36
0.53	130.37
0.52
0.54
0.48
0.56
0.57
0.54
0.55
0.45
0.48
0.48
0.42
0.55
0.56
0.56
0.59
0.52
0.55
0.74
0.80
0.95
0.80
0.62
0.64
0.45
0.43
0.42
0.42
0.58
0.60
0.56
0.56
CorWatt	PkgWatt
16.53	128.80
0.50	128.77
0.48
0.52
0.45
0.49
0.50
0.49
0.50
0.44
0.45
0.45
0.41
0.52
0.53
0.54
0.54
0.48
0.47
0.46
0.58
0.72
1.13
0.64
0.64
0.37
0.38
0.37
0.37
0.52
0.52
0.53
0.52
CorWatt	PkgWatt
16.28	128.71
0.51	128.72
0.49
0.54
0.46
0.48
0.50
0.50
0.49
0.44
0.44
0.46
0.38
0.51
0.53
0.50
0.52
0.46
0.47
0.45
0.58
0.65
1.20
0.62
0.64
0.36
0.36
0.37
0.35
0.51
0.53
0.50
0.50
CorWatt	PkgWatt
16.23	128.60
0.51	128.60
0.46
0.51
0.45
0.49
0.52
0.50
0.50
0.42
0.45
0.39
0.38
0.50
0.52
0.51
0.54
0.47
0.46
0.45
0.58
0.79
1.09
0.63
0.63
0.36
0.37
0.36
0.35
0.51
0.52
0.50
0.51
CorWatt	PkgWatt
16.16	128.58
0.49	128.58
0.48
0.51
0.44
0.50
0.51
0.51
0.51
0.42
0.43
0.39
0.39
0.50
0.52
0.50
0.51
0.47
0.47
0.45
0.57
0.68
1.20
0.62
0.63
0.36
0.36
0.36
0.35
0.51
0.51
0.50
0.50
CorWatt	PkgWatt
17.83	130.65
1.51	130.64
0.50
0.53
0.46
0.50
0.51
0.50
0.50
0.44
0.45
0.40
0.39
0.53
0.54
0.54
0.55
0.48
0.49
0.47
0.58
0.46
1.94
0.45
0.45
0.39
0.39
0.40
0.37
0.53
0.57
0.51
0.52
CorWatt	PkgWatt
17.61	130.80
3.31	130.81
0.49
0.53
0.45
0.48
0.50
0.50
0.50
0.46
0.44
0.40
0.40
0.50
0.53
0.51
0.51
0.47
0.47
0.47
0.57
0.41
0.39
0.38
0.40
0.36
0.37
0.38
0.35
0.51
0.52
0.53
0.50
CorWatt	PkgWatt
17.83	131.08
2.00	131.08
0.49
0.56
0.48
0.49
0.50
0.49
0.49
0.45
0.43
0.38
0.40
0.50
0.53
0.50
0.53
1.87
0.49
0.48
0.58
0.41
0.41
0.40
0.40
0.38
0.36
0.39
0.37
0.52
0.53
0.51
0.53
CorWatt	PkgWatt
17.72	131.35
0.53	131.34
0.45
0.52
0.47
0.50
0.50
0.49
0.49
0.42
0.47
0.39
0.38
0.51
0.53
0.50
0.51
3.37
0.48
0.47
0.58
0.41
0.40
0.39
0.41
0.36
0.38
0.37
0.35
0.52
0.54
0.52
0.51
CorWatt	PkgWatt
17.91	131.31
0.53	131.30
0.47
0.53
0.49
0.51
0.53
0.51
0.51
0.43
0.45
0.41
0.38
0.50
0.54
0.51
0.55
3.37
0.48
0.48
0.58
0.42
0.41
0.41
0.41
0.36
0.36
0.37
0.35
0.52
0.52
0.50
0.51
CorWatt	PkgWatt
17.81	131.31
0.53	131.32
0.45
0.52
0.46
0.50
0.50
0.49
0.49
0.44
0.47
0.39
0.38
0.53
0.54
0.52
0.56
3.37
0.48
0.58
0.49
0.43
0.40
0.40
0.42
0.35
0.36
0.36
0.35
0.52
0.52
0.50
0.49
CorWatt	PkgWatt
18.21	131.62
0.57	131.63
0.49
0.55
0.47
0.50
0.50
0.49
0.49
0.49
0.47
0.39
0.43
0.54
0.54
0.55
0.57
3.37
0.48
0.60
0.48
0.43
0.43
0.43
0.45
0.36
0.36
0.36
0.35
0.52
0.57
0.51
0.50
CorWatt	PkgWatt
18.00	131.44
0.57	131.43
0.49
0.56
0.48
0.52
0.52
0.51
0.49
0.44
0.44
0.39
0.39
0.50
0.54
0.51
0.53
3.37
0.48
0.57
0.48
0.42
0.40
0.40
0.41
0.38
0.38
0.39
0.37
0.51
0.53
0.55
0.50
CorWatt	PkgWatt
17.95	131.24
0.55	131.24
0.47
0.54
0.47
0.51
0.54
0.52
0.51
0.42
0.44
0.38
0.38
0.54
0.55
0.51
0.54
3.37
0.48
0.56
0.48
0.43
0.40
0.41
0.42
0.37
0.36
0.38
0.35
0.52
0.52
0.51
0.51
CorWatt	PkgWatt
17.74	131.18
0.54	131.18
0.44
0.51
0.46
0.50
0.50
0.49
0.50
0.42
0.45
0.39
0.41
0.53
0.55
0.50
0.53
3.37
0.47
0.58
0.48
0.41
0.39
0.39
0.40
0.36
0.36
0.39
0.36
0.51
0.51
0.50
0.50
CorWatt	PkgWatt
17.82	131.18
0.53	131.18
0.50
0.54
0.49
0.50
0.50
0.49
0.49
0.43
0.43
0.38
0.38
0.52
0.53
0.50
0.52
3.37
0.50
0.58
0.48
0.42
0.39
0.41
0.41
0.36
0.36
0.37
0.36
0.52
0.52
0.51
0.51
CorWatt	PkgWatt
17.66	130.96
0.53	130.95
0.48
0.46
0.48
0.50
0.50
0.49
0.50
0.45
0.43
0.38
0.39
0.50
0.55
0.51
0.52
3.37
0.47
0.57
0.48
0.42
0.41
0.39
0.41
0.36
0.36
0.37
0.35
0.52
0.51
0.50
0.50
CorWatt	PkgWatt
18.53	130.83
0.57	130.84
0.53
0.56
0.70
0.77
0.63
0.59
0.59
0.47
0.48
0.45
0.44
0.57
0.59
0.59
0.57
1.31
0.53
0.62
0.53
0.48
0.45
0.48
0.49
0.46
0.46
0.46
0.43
0.58
0.95
0.63
0.57
CorWatt	PkgWatt
17.19	129.30
0.50	129.29
0.49
0.53
0.59
0.87
1.54
0.84
0.84
0.43
0.47
0.39
0.39
0.50
0.55
0.51
0.53
0.47
0.47
0.46
0.47
0.40
0.39
0.38
0.40
0.39
0.37
0.39
0.39
0.56
0.53
0.60
0.53
CorWatt	PkgWatt
16.84	129.12
0.51	129.12
0.45
0.53
0.58
0.86
1.53
0.84
0.83
0.42
0.45
0.38
0.40
0.50
0.54
0.50
0.52
0.47
0.46
0.45
0.46
0.41
0.39
0.38
0.42
0.36
0.36
0.37
0.35
0.52
0.52
0.56
0.51
CorWatt	PkgWatt
16.81	129.01
0.51	129.01
0.48
0.49
0.56
0.85
1.53
0.84
0.84
0.43
0.46
0.40
0.38
0.50
0.53
0.50
0.51
0.48
0.47
0.45
0.48
0.40
0.39
0.40
0.41
0.36
0.36
0.37
0.35
0.51
0.51
0.56
0.50
CorWatt	PkgWatt
16.96	129.06
0.50	129.06
0.48
0.53
0.57
1.04
1.37
0.85
0.86
0.44
0.45
0.38
0.39
0.51
0.55
0.51
0.53
0.46
0.46
0.46
0.47
0.40
0.39
0.38
0.41
0.37
0.36
0.38
0.36
0.52
0.53
0.57
0.51
CorWatt	PkgWatt
16.91	129.01
0.50	129.02
0.46
0.53
0.56
1.51
0.87
0.84
0.84
0.45
0.45
0.40
0.38
0.50
0.54
0.50
0.52
0.47
0.46
0.46
0.46
0.39
0.39
0.39
0.43
0.37
0.38
0.39
0.36
0.51
0.52
0.56
0.50
CorWatt	PkgWatt
17.44	129.62
0.51	129.62
0.46
0.54
0.55
0.97
1.77
0.93
0.92
0.43
0.46
0.38
0.40
0.51
0.55
0.51
0.52
0.47
0.47
0.46
0.47
0.40
0.39
0.39
0.42
0.38
0.37
0.37
0.36
0.52
0.55
0.52
0.51
CorWatt	PkgWatt
19.82	131.68
0.52	131.68
0.44
0.48
0.57
1.34
3.14
1.35
1.34
0.43
0.44
0.40
0.40
0.50
0.54
0.51
0.52
0.46
0.46
0.46
0.47
0.41
0.39
0.40
0.40
0.35
0.36
0.37
0.35
0.51
0.53
0.50
0.50
CorWatt	PkgWatt
20.04	131.83
0.52	131.84
0.46
0.53
0.58
3.11
1.36
1.35
1.34
0.44
0.45
0.38
0.39
0.51
0.55
0.52
0.52
0.48
0.48
0.46
0.47
0.40
0.41
0.41
0.41
0.37
0.36
0.37
0.35
0.53
0.52
0.51
0.51
CorWatt	PkgWatt
20.18	132.13
0.54	132.13
0.45
0.57
0.56
3.11
1.35
1.35
1.34
0.42
0.44
0.38
0.39
0.52
0.56
0.52
0.52
0.49
0.53
0.48
0.48
0.43
0.40
0.40
0.44
0.36
0.37
0.37
0.35
0.52
0.52
0.51
0.51
CorWatt	PkgWatt
19.87	131.74
0.52	131.74
0.45
0.52
0.55
1.34
3.12
1.35
1.33
0.42
0.47
0.38
0.38
0.50
0.54
0.50
0.52
0.47
0.48
0.46
0.47
0.41
0.39
0.39
0.42
0.36
0.36
0.36
0.35
0.51
0.52
0.52
0.50
CorWatt	PkgWatt
20.01	131.81
0.54	131.81
0.46
0.54
0.55
3.12
1.35
1.35
1.34
0.45
0.45
0.38
0.39
0.50
0.55
0.50
0.52
0.45
0.46
0.47
0.48
0.39
0.41
0.39
0.40
0.36
0.37
0.39
0.37
0.53
0.52
0.51
0.52
CorWatt	PkgWatt
20.05	131.92
0.52	131.92
0.46
0.52
0.55
3.07
1.39
1.35
1.34
0.42
0.44
0.41
0.41
0.52
0.55
0.50
0.52
0.48
0.47
0.47
0.48
0.40
0.39
0.39
0.42
0.40
0.37
0.37
0.36
0.52
0.54
0.51
0.52
CorWatt	PkgWatt
19.84	131.89
0.52	131.89
0.44
0.49
0.57
1.35
3.12
1.35
1.34
0.42
0.43
0.38
0.38
0.50
0.54
0.50
0.52
0.47
0.48
0.48
0.48
0.39
0.39
0.39
0.40
0.39
0.38
0.37
0.35
0.51
0.52
0.50
0.50
CorWatt	PkgWatt
19.97	131.81
0.53	131.81
0.47
0.48
0.57
1.47
2.99
1.35
1.34
0.42
0.44
0.39
0.39
0.52
0.55
0.51
0.52
0.50
0.46
0.46
0.47
0.39
0.40
0.39
0.42
0.37
0.38
0.36
0.37
0.52
0.51
0.51
0.51
CorWatt	PkgWatt
19.89	131.76
0.54	131.76
0.51
0.48
0.57
3.07
1.39
1.35
1.33
0.42
0.44
0.40
0.40
0.50
0.54
0.50
0.52
0.46
0.46
0.46
0.47
0.39
0.39
0.39
0.40
0.35
0.36
0.36
0.35
0.51
0.54
0.52
0.50
CorWatt	PkgWatt
19.98	131.91
0.53	131.91
0.49
0.49
0.55
2.96
1.52
1.35
1.34
0.43
0.44
0.38
0.39
0.51
0.56
0.51
0.52
0.49
0.47
0.46
0.47
0.40
0.39
0.39
0.42
0.37
0.37
0.37
0.35
0.52
0.53
0.50
0.51
CorWatt	PkgWatt
18.85	131.04
0.52	131.05
0.50
0.49
0.54
2.66
1.20
1.19
1.18
0.42
0.43
0.39
0.40
0.50
0.55
0.50
0.51
0.47
0.46
0.46
0.47
0.39
0.39
0.38
0.40
0.35
0.36
0.36
0.35
0.51
0.51
0.50
0.50
CorWatt	PkgWatt
20.07	134.37
0.60	134.39
0.53
0.58
0.59
0.64
0.59
0.55
0.55
0.73
0.51
0.49
0.47
0.59
0.64
0.94
3.24
0.52
0.51
0.51
0.51
0.45
0.45
0.44
0.47
0.44
0.44
0.44
0.41
0.57
0.58
0.55
0.55
CorWatt	PkgWatt
20.36	137.85
0.55	137.83
0.45
0.47
0.48
0.54
0.51
0.51
0.52
0.53
0.44
0.41
0.41
0.53
0.54
0.55
5.89
0.46
0.48
0.48
0.48
0.40
0.40
0.39
0.41
0.36
0.37
0.38
0.35
0.52
0.53
0.51
0.50
CorWatt	PkgWatt
20.47	138.07
0.53	138.07
0.46
0.51
0.48
0.54
0.51
0.50
0.49
0.51
0.47
0.40
0.41
0.52
0.55
0.55
5.89
0.48
0.49
0.48
0.49
0.40
0.41
0.39
0.41
0.38
0.35
0.39
0.37
0.52
0.54
0.51
0.53
CorWatt	PkgWatt
20.04	137.67
0.52	137.67
0.44
0.46
0.47
0.56
0.50
0.48
0.49
0.50
0.44
0.38
0.39
0.51
0.54
0.53
5.89
0.46
0.46
0.46
0.47
0.39
0.39
0.38
0.40
0.36
0.37
0.36
0.35
0.51
0.53
0.53
0.52
CorWatt	PkgWatt
20.11	137.77
0.52	137.77
0.45
0.48
0.49
0.55
0.51
0.50
0.51
0.50
0.43
0.40
0.39
0.52
0.56
0.55
5.90
0.46
0.46
0.45
0.46
0.39
0.39
0.38
0.40
0.35
0.35
0.36
0.35
0.51
0.51
0.50
0.50
CorWatt	PkgWatt
20.22	137.85
0.52	137.86
0.45
0.47
0.47
0.58
0.50
0.49
0.49
0.53
0.46
0.39
0.39
0.54
0.56
0.57
5.89
0.46
0.46
0.45
0.49
0.41
0.39
0.38
0.42
0.35
0.35
0.36
0.35
0.53
0.52
0.50
0.49
CorWatt	PkgWatt
20.25	138.07
0.52	138.06
0.44
0.48
0.48
0.54
0.50
0.49
0.49
0.50
0.46
0.41
0.40
0.52
0.57
0.54
5.89
0.47
0.47
0.46
0.47
0.40
0.40
0.39
0.42
0.35
0.36
0.37
0.35
0.52
0.56
0.51
0.51
CorWatt	PkgWatt
20.10	137.88
0.53	137.88
0.46
0.49
0.47
0.54
0.51
0.50
0.49
0.51
0.44
0.38
0.38
0.54
0.54
0.53
5.90
0.46
0.48
0.46
0.47
0.39
0.39
0.38
0.40
0.35
0.35
0.36
0.35
0.52
0.53
0.50
0.50
CorWatt	PkgWatt
20.30	138.05
0.54	138.05
0.45
0.49
0.47
0.54
0.52
0.52
0.50
0.51
0.44
0.40
0.39
0.54
0.57
0.56
5.89
0.46
0.47
0.46
0.47
0.40
0.39
0.38
0.41
0.35
0.35
0.37
0.35
0.52
0.56
0.51
0.51
CorWatt	PkgWatt
20.27	138.15
0.55	138.15
0.44
0.47
0.47
0.53
0.50
0.49
0.50
0.52
0.46
0.40
0.41
0.54
0.58
0.53
5.90
0.45
0.47
0.46
0.47
0.39
0.40
0.39
0.41
0.35
0.35
0.38
0.37
0.51
0.52
0.54
0.50
CorWatt	PkgWatt
20.28	138.05
0.53	138.04
0.45
0.51
0.50
0.53
0.50
0.49
0.49
0.51
0.44
0.39
0.39
0.53
0.55
0.56
5.90
0.46
0.49
0.47
0.48
0.40
0.40
0.40
0.41
0.36
0.36
0.37
0.35
0.52
0.52
0.51
0.51
CorWatt	PkgWatt
20.17	138.07
0.52	138.08
0.44
0.47
0.46
0.54
0.50
0.49
0.50
0.52
0.47
0.38
0.39
0.52
0.57
0.53
5.89
0.45
0.48
0.46
0.47
0.39
0.41
0.39
0.41
0.35
0.36
0.37
0.35
0.51
0.55
0.51
0.50
CorWatt	PkgWatt
20.18	138.25
0.53	138.24
0.45
0.49
0.45
0.56
0.50
0.49
0.49
0.44
0.52
0.38
0.42
0.52
0.56
0.53
5.89
0.47
0.48
0.46
0.47
0.39
0.39
0.39
0.41
0.35
0.36
0.36
0.36
0.52
0.56
0.50
0.51
CorWatt	PkgWatt
20.84	138.59
0.53	138.60
0.50
0.55
0.50
0.57
0.54
0.49
0.51
0.43
0.54
0.40
0.40
0.55
0.61
0.54
5.90
0.48
0.49
0.45
0.50
0.40
0.39
0.40
0.43
0.40
0.39
0.38
0.38
0.60
0.53
0.54
0.52
CorWatt	PkgWatt
20.39	138.20
0.53	138.19
0.49
0.50
0.47
0.54
0.51
0.49
0.49
0.43
0.52
0.39
0.40
0.53
0.56
0.54
5.90
0.47
0.50
0.46
0.49
0.41
0.40
0.40
0.44
0.36
0.36
0.37
0.35
0.52
0.54
0.52
0.52
CorWatt	PkgWatt
20.15	138.15
0.53	138.14
0.46
0.49
0.45
0.53
0.50
0.49
0.49
0.43
0.52
0.38
0.38
0.52
0.54
0.53
5.90
0.46
0.50
0.45
0.49
0.40
0.39
0.40
0.41
0.35
0.36
0.37
0.35
0.52
0.52
0.54
0.50
CorWatt	PkgWatt
20.17	138.28
0.54	138.29
0.48
0.48
0.48
0.52
0.55
0.49
0.51
0.42
0.51
0.38
0.38
0.52
0.55
0.53
5.90
0.46
0.49
0.45
0.47
0.39
0.39
0.39
0.41
0.35
0.36
0.37
0.35
0.52
0.51
0.50
0.51
CorWatt	PkgWatt
19.98	134.51
0.60	134.52
0.57
0.55
0.52
0.60
0.63
0.57
0.58
0.53
0.59
0.48
0.48
0.58
0.60
0.63
2.72
0.55
1.05
0.52
0.53
0.48
0.48
0.56
0.51
0.45
0.45
0.43
0.42
0.57
0.60
0.57
0.56
CorWatt	PkgWatt
18.16	131.40
0.55	131.39
0.47
0.50
0.46
0.53
0.55
0.51
0.50
0.45
0.48
0.40
0.40
0.53
0.56
0.53
0.55
0.47
0.60
0.47
0.48
0.43
0.44
3.15
0.49
0.38
0.38
0.38
0.37
0.53
0.55
0.53
0.53
CorWatt	PkgWatt
17.68	130.95
0.54	130.97
0.44
0.46
0.45
0.50
0.54
0.49
0.50
0.45
0.47
0.41
0.41
0.53
0.53
0.51
0.53
0.46
0.60
0.46
0.47
0.43
0.44
3.09
0.46
0.36
0.36
0.37
0.36
0.52
0.53
0.52
0.50
CorWatt	PkgWatt
17.76	130.98
0.55	130.97
0.44
0.47
0.44
0.52
0.54
0.53
0.50
0.43
0.46
0.39
0.39
0.53
0.53
0.52
0.53
0.46
0.62
0.46
0.48
0.42
0.44
3.07
0.48
0.36
0.36
0.37
0.35
0.52
0.54
0.52
0.51
CorWatt	PkgWatt
17.96	131.15
0.54	131.14
0.45
0.49
0.46
0.51
0.54
0.50
0.51
0.43
0.46
0.39
0.39
0.53
0.55
0.53
0.53
0.48
0.62
0.47
0.49
0.46
0.42
3.07
0.50
0.37
0.38
0.38
0.37
0.53
0.55
0.54
0.52
CorWatt	PkgWatt
17.82	131.05
0.54	131.05
0.46
0.47
0.45
0.51
0.55
0.50
0.50
0.45
0.45
0.39
0.42
0.52
0.54
0.51
0.53
0.48
0.59
0.49
0.49
0.43
0.43
2.34
1.24
0.37
0.37
0.37
0.36
0.52
0.52
0.52
0.53
CorWatt	PkgWatt
17.67	130.88
0.55	130.88
0.46
0.47
0.44
0.50
0.55
0.49
0.49
0.44
0.44
0.38
0.39
0.51
0.52
0.50
0.52
0.46
0.59
0.48
0.51
0.44
0.44
0.47
3.07
0.37
0.38
0.39
0.37
0.53
0.52
0.51
0.53
CorWatt	PkgWatt
17.57	130.81
0.54	130.81
0.44
0.46
0.44
0.52
0.55
0.49
0.49
0.43
0.43
0.38
0.38
0.52
0.52
0.50
0.52
0.46
0.57
0.46
0.49
0.43
0.42
0.48
3.06
0.38
0.39
0.37
0.36
0.52
0.52
0.52
0.52
CorWatt	PkgWatt
17.54	130.86
0.54	130.86
0.45
0.45
0.44
0.50
0.54
0.49
0.50
0.43
0.44
0.38
0.38
0.50
0.52
0.50
0.51
0.46
0.60
0.48
0.50
0.43
0.42
0.47
3.08
0.38
0.37
0.37
0.36
0.51
0.51
0.51
0.51
CorWatt	PkgWatt
17.72	130.76
0.54	130.76
0.44
0.47
0.45
0.50
0.55
0.49
0.50
0.42
0.43
0.39
0.40
0.52
0.53
0.52
0.52
0.48
0.59
0.47
0.49
0.43
0.44
0.49
3.06
0.37
0.39
0.37
0.37
0.52
0.52
0.52
0.52
CorWatt	PkgWatt
17.50	130.70
0.55	130.70
0.46
0.47
0.46
0.49
0.54
0.50
0.49
0.43
0.44
0.38
0.38
0.50
0.52
0.50
0.52
0.46
0.59
0.46
0.48
0.42
0.41
0.46
3.06
0.36
0.37
0.37
0.35
0.51
0.52
0.51
0.50
CorWatt	PkgWatt
17.46	130.57
0.54	130.56
0.44
0.46
0.44
0.50
0.55
0.51
0.50
0.42
0.43
0.39
0.38
0.50
0.52
0.50
0.52
0.47
0.57
0.46
0.48
0.43
0.41
0.47
3.06
0.36
0.37
0.36
0.35
0.52
0.51
0.51
0.51
CorWatt	PkgWatt
17.43	130.60
0.54	130.60
0.45
0.47
0.44
0.49
0.51
0.50
0.50
0.43
0.43
0.38
0.39
0.50
0.52
0.50
0.52
0.46
0.59
0.46
0.48
0.42
0.41
0.46
3.06
0.36
0.36
0.37
0.35
0.52
0.52
0.51
0.51
CorWatt	PkgWatt
17.74	130.81
0.56	130.81
0.46
0.50
0.45
0.50
0.51
0.50
0.49
0.43
0.44
0.41
0.38
0.51
0.54
0.52
0.53
0.46
0.58
0.47
0.49
0.43
0.42
0.48
3.08
0.39
0.41
0.38
0.35
0.52
0.52
0.52
0.52
CorWatt	PkgWatt
17.50	130.65
0.55	130.65
0.44
0.46
0.44
0.49
0.51
0.50
0.51
0.44
0.44
0.40
0.39
0.50
0.52
0.51
0.52
0.46
0.59
0.47
0.49
0.43
0.41
0.46
3.05
0.36
0.37
0.38
0.35
0.51
0.52
0.51
0.51
CorWatt	PkgWatt
17.77	130.73
0.51	130.74
0.47
0.50
0.47
0.50
0.54
0.49
0.49
0.43
0.44
0.39
0.43
0.50
0.53
0.50
0.52
0.47
0.62
0.48
0.50
0.43
0.43
0.48
3.05
0.38
0.36
0.38
0.37
0.51
0.53
0.52
0.53
CorWatt	PkgWatt
17.45	130.65
0.51	130.64
0.44
0.45
0.44
0.48
0.54
0.49
0.50
0.42
0.44
0.38
0.38
0.50
0.52
0.50
0.52
0.47
0.60
0.46
0.49
0.44
0.41
0.46
3.06
0.36
0.38
0.36
0.35
0.51
0.54
0.52
0.52
CorWatt	PkgWatt
17.72	130.66
0.51	130.65
0.46
0.47
0.47
0.50
0.56
0.50
0.51
0.45
0.44
0.41
0.38
0.51
0.55
0.53
0.53
0.47
0.57
0.46
0.50
0.45
0.42
0.48
3.04
0.37
0.38
0.37
0.35
0.52
0.52
0.51
0.51
CorWatt	PkgWatt
18.20	130.34
0.56	130.36
1.06
0.52
0.50
0.90
0.89
0.68
0.69
0.49
0.52
0.45
0.47
0.57
0.59
0.58
0.59
0.53
0.57
0.53
0.55
0.48
0.45
0.51
0.51
0.44
0.44
0.42
0.41
0.58
0.58
0.57
0.54
CorWatt	PkgWatt
16.59	128.79
0.50	128.78
0.55
0.48
0.45
0.85
1.34
0.76
0.76
0.43
0.45
0.40
0.40
0.52
0.55
0.51
0.54
0.47
0.46
0.46
0.50
0.41
0.39
0.45
0.42
0.35
0.39
0.37
0.35
0.53
0.54
0.51
0.51
CorWatt	PkgWatt
16.43	128.80
0.52	128.80
0.56
0.47
0.46
1.19
1.00
0.77
0.75
0.44
0.46
0.37
0.38
0.50
0.53
0.51
0.52
0.48
0.46
0.46
0.49
0.41
0.39
0.45
0.40
0.35
0.36
0.37
0.36
0.53
0.53
0.50
0.49
CorWatt	PkgWatt
16.68	128.74
0.52	128.74
0.56
0.49
0.45
1.37
0.83
0.78
0.77
0.42
0.45
0.38
0.40
0.53
0.55
0.52
0.54
0.47
0.48
0.47
0.49
0.42
0.40
0.46
0.41
0.36
0.36
0.37
0.35
0.55
0.52
0.51
0.50
CorWatt	PkgWatt
16.45	128.60
0.51	128.61
0.55
0.45
0.45
1.38
0.81
0.76
0.76
0.45
0.46
0.37
0.40
0.52
0.53
0.52
0.51
0.47
0.46
0.47
0.50
0.40
0.38
0.44
0.40
0.35
0.35
0.38
0.37
0.51
0.52
0.50
0.51
CorWatt	PkgWatt
17.00	129.34
0.52	129.33
0.45
0.58
0.47
0.90
1.72
0.85
0.84
0.43
0.43
0.37
0.38
0.50
0.53
0.50
0.52
0.48
0.47
0.48
0.50
0.40
0.39
0.44
0.39
0.35
0.35
0.36
0.35
0.52
0.52
0.51
0.50
CorWatt	PkgWatt
19.34	131.32
0.52	131.32
0.44
0.58
0.45
3.19
1.20
1.17
1.17
0.44
0.43
0.37
0.38
0.50
0.53
0.50
0.52
0.47
0.46
0.46
0.46
0.40
0.41
0.43
0.42
0.35
0.35
0.37
0.35
0.51
0.52
0.51
0.49
CorWatt	PkgWatt
19.91	131.78
0.53	131.77
0.46
0.59
0.47
3.17
1.24
1.23
1.22
0.43
0.43
0.39
0.44
0.52
0.55
0.51
0.53
0.49
0.49
0.49
0.48
0.41
0.40
0.44
0.41
0.38
0.36
0.38
0.36
0.54
0.55
0.51
0.52
CorWatt	PkgWatt
19.74	131.66
0.55	131.66
0.46
0.56
0.46
1.54
2.88
1.23
1.22
0.42
0.45
0.39
0.39
0.52
0.53
0.50
0.52
0.47
0.46
0.45
0.46
0.40
0.39
0.43
0.40
0.37
0.37
0.39
0.38
0.56
0.53
0.54
0.51
CorWatt	PkgWatt
19.45	131.59
0.55	131.59
0.51
0.58
0.46
1.20
3.18
1.19
1.18
0.41
0.43
0.37
0.39
0.51
0.52
0.49
0.52
0.48
0.46
0.46
0.46
0.41
0.39
0.39
0.41
0.35
0.35
0.37
0.36
0.54
0.51
0.50
0.50
CorWatt	PkgWatt
19.46	131.44
0.53	131.44
0.49
0.59
0.44
1.23
3.17
1.23
1.22
0.42
0.43
0.37
0.38
0.50
0.52
0.50
0.52
0.48
0.48
0.46
0.49
0.40
0.39
0.40
0.39
0.35
0.35
0.36
0.35
0.51
0.52
0.51
0.49
CorWatt	PkgWatt
19.67	131.59
0.54	131.59
0.52
0.59
0.48
1.74
2.67
1.23
1.23
0.43
0.43
0.38
0.38
0.51
0.52
0.50
0.52
0.47
0.47
0.47
0.47
0.40
0.39
0.40
0.40
0.35
0.35
0.37
0.35
0.52
0.53
0.53
0.52
CorWatt	PkgWatt
19.54	131.44
0.53	131.44
0.50
0.58
0.45
2.94
1.47
1.23
1.22
0.43
0.43
0.37
0.38
0.52
0.52
0.50
0.51
0.48
0.47
0.45
0.46
0.40
0.39
0.40
0.40
0.37
0.36
0.38
0.36
0.51
0.52
0.51
0.50
CorWatt	PkgWatt
19.47	131.56
0.53	131.56
0.51
0.58
0.45
3.16
1.24
1.22
1.21
0.42
0.43
0.37
0.38
0.51
0.52
0.51
0.51
0.47
0.46
0.47
0.46
0.40
0.39
0.40
0.40
0.35
0.35
0.36
0.35
0.53
0.53
0.50
0.50
CorWatt	PkgWatt
19.35	131.34
0.54	131.34
0.49
0.55
0.45
3.17
1.21
1.19
1.19
0.44
0.43
0.39
0.40
0.50
0.52
0.50
0.51
0.48
0.46
0.46
0.47
0.41
0.41
0.38
0.39
0.35
0.35
0.36
0.35
0.51
0.51
0.50
0.49
CorWatt	PkgWatt
19.66	131.54
0.54	131.54
0.51
0.56
0.45
3.15
1.26
1.24
1.23
0.44
0.43
0.38
0.38
0.51
0.53
0.52
0.52
0.49
0.46
0.47
0.47
0.40
0.41
0.42
0.39
0.35
0.35
0.37
0.36
0.53
0.51
0.51
0.50
CorWatt	PkgWatt
19.58	131.59
0.53	131.60
0.49
0.59
0.45
3.17
1.24
1.23
1.23
0.42
0.43
0.39
0.38
0.52
0.55
0.52
0.51
0.47
0.49
0.45
0.48
0.42
0.39
0.38
0.43
0.35
0.35
0.36
0.35
0.53
0.51
0.50
0.49
CorWatt	PkgWatt
19.31	130.74
0.57	131.16
0.55
0.63
0.55
1.93
0.99
0.89
0.87
0.48
0.47
0.43
0.49
0.52
0.58
0.54
0.52
0.55
0.56
0.59
0.55
0.50
0.57
0.52
0.50
0.39
0.40
0.41
0.40
0.62
0.60
0.61
0.58
