CorWatt	PkgWatt
195.91	365.97
2.97	177.19
2.80
3.30
3.28
2.84
2.85
2.87
2.85
5.09
3.07
2.64
2.91
2.75
2.78
3.03
3.02
5.20
2.88
3.00
2.97
2.99
2.77
2.77
4.51
3.15
2.71
2.91
3.16
2.80
3.06
2.82
2.81
2.41	163.06
2.56
2.42
2.40
2.47
2.43
2.54
2.65
2.38
2.45
2.75
2.61
2.40
2.70
2.61
2.80
2.41
2.39
2.36
2.40
2.87
2.72
2.59
5.24
5.07
2.40
2.46
2.65
2.57
2.39
2.41
2.48
CorWatt	PkgWatt
186.11	341.19
2.97	177.33
2.80
3.30
3.28
2.83
2.84
2.86
2.84
5.09
2.90
2.64
2.91
2.76
2.78
3.03
3.03
5.15
2.63
3.10
3.07
2.98
2.76
2.76
5.17
3.16
2.70
2.90
3.17
2.77
3.06
2.82
2.81
2.41	163.90
2.55
2.41
2.41
2.39
2.45
2.55
2.66
2.37
2.45
2.76
2.61
2.41
2.70
2.61
2.81
2.49
2.41
2.38
2.42
2.88
2.71
2.59
5.26
5.12
2.46
2.52
2.62
2.57
2.38
2.40
2.49
CorWatt	PkgWatt
190.43	366.26
3.22	191.13
2.80
3.30
3.29
2.93
2.93
2.98
2.99
4.67
3.02
2.74
3.02
2.84
2.88
3.16
3.14
5.18
3.12
3.37
3.19
3.11
2.90
2.90
5.19
3.32
2.88
3.06
3.35
2.89
3.00
2.91
2.93
2.56	175.25
2.65
2.42
2.88
2.41
2.46
2.58
2.66
2.43
2.44
2.69
2.61
2.37
2.51
2.59
2.75
2.42
2.38
2.29
2.40
2.97
2.97
2.68
5.43
5.15
2.48
2.55
2.59
2.61
2.50
2.31
2.54
CorWatt	PkgWatt
183.24	334.40
3.16	174.55
2.40
3.22
3.19
2.84
2.83
2.86
2.84
5.08
2.86
2.62
2.87
2.75
2.77
3.02
3.01
2.74
3.00
5.27
3.23
2.73
2.74
2.74
5.16
3.16
2.71
2.91
3.17
2.76
2.79
2.81
2.79
2.58	159.72
2.51
2.42
2.85
2.35
2.41
2.50
2.48
2.35
2.44
2.45
2.69
2.39
2.41
2.59
2.62
2.28
2.40
2.23
2.51
2.75
2.78
2.59
5.26
4.51
2.41
2.31
2.46
2.54
2.36
2.25
2.47
CorWatt	PkgWatt
181.43	332.27
2.95	174.35
2.82
3.25
3.21
2.83
2.82
2.85
2.83
5.11
2.92
2.61
2.92
2.74
2.76
3.01
3.00
2.74
2.97
5.27
3.21
2.71
2.71
2.71
5.13
3.14
2.69
2.89
3.14
2.75
2.78
2.81
2.79
2.70	157.96
2.60
2.68
2.80
2.35
2.40
2.47
2.46
2.33
2.42
2.44
2.72
2.39
2.41
2.59
2.62
2.28
2.34
2.23
2.52
2.76
2.77
3.15
4.70
2.45
2.42
2.29
2.45
2.57
2.36
2.26
2.48
CorWatt	PkgWatt
183.73	338.65
2.91	178.05
3.44
3.23
3.19
2.84
2.84
2.87
2.85
5.12
2.95
2.93
2.89
2.76
2.78
3.02
3.02
2.80
2.98
5.25
3.23
2.75
2.76
2.76
5.13
3.17
2.74
2.92
3.19
2.78
2.80
2.82
2.81
2.70	160.57
2.66
2.66
2.71
2.36
2.43
2.41
3.74
2.33
2.41
2.43
2.71
2.39
2.41
2.58
2.61
2.27
2.26
2.23
2.51
2.57
2.68
5.26
2.70
2.44
2.42
2.29
2.45
2.57
2.36
2.25
2.37
CorWatt	PkgWatt
186.50	337.34
2.94	176.89
5.07
2.97
3.07
2.87
2.85
2.89
2.86
5.10
3.11
3.08
2.46
2.78
2.81
3.04
3.04
2.96
2.77
5.24
3.21
2.73
2.74
2.74
5.12
3.07
2.73
2.95
3.05
2.79
2.82
2.84
2.82
2.57	160.44
2.67
2.66
2.73
2.37
2.47
2.42
5.14
2.34
2.42
2.45
2.71
2.39
2.42
2.56
2.63
2.81
2.28
2.24
2.44
2.61
2.75
5.20
2.71
2.33
2.42
2.29
2.45
2.55
2.36
2.26
2.33
CorWatt	PkgWatt
188.29	342.04
2.94	175.21
5.12
3.01
3.12
2.90
2.89
2.92
2.90
5.08
3.16
3.11
2.27
2.78
2.80
2.80
3.03
3.07
2.48
5.17
3.10
2.69
2.70
2.71
5.09
2.96
2.76
2.97
2.97
2.80
2.83
2.85
2.89
2.47	165.03
2.67
2.55
2.71
2.38
2.47
2.43
5.15
2.34
2.43
2.44
2.68
2.41
2.44
2.44
2.64
5.02
2.33
2.29
2.46
2.67
2.67
5.17
2.67
2.23
2.42
2.29
2.40
2.54
2.33
2.27
2.35
