CorWatt	PkgWatt
15.09	126.68
0.53	126.68
0.48
0.54
0.48
0.51
0.52
0.51
0.50
0.39
0.43
0.40
0.39
0.54
0.57
0.56
0.51
0.50
0.47
0.48
0.47
0.41
0.39
0.40
0.39
0.38
0.35
0.46
0.38
0.55
0.54
0.55
0.51
CorWatt	PkgWatt
14.50	126.27
0.52	126.42
0.47
0.50
0.45
0.49
0.50
0.49
0.52
0.39
0.42
0.38
0.37
0.49
0.51
0.55
0.50
0.50
0.45
0.47
0.46
0.39
0.39
0.40
0.38
0.37
0.36
0.36
0.35
0.52
0.53
0.52
0.50
CorWatt	PkgWatt
61.35	174.12
0.92	174.02
1.90
1.90
1.89
1.92
1.99
1.95
1.87
1.96
1.88
1.84
1.84
2.01
2.01
1.97
2.02
1.89
1.89
1.74
1.84
1.87
3.35
1.79
1.71
1.85
1.90
1.77
1.78
2.10
2.10
1.94
1.97
CorWatt	PkgWatt
51.68	165.30
0.68	165.26
1.63
1.69
1.64
1.69
1.70
1.70
1.65
1.58
1.61
1.57
1.57
1.76
1.76
1.84
1.77
1.64
1.68
1.50
1.53
1.60
1.60
1.44
1.43
1.57
1.56
1.44
1.41
1.75
1.74
2.37
1.60
