CorWatt	PkgWatt
15.03	127.14
0.51	127.14
0.50
0.49
0.45
0.49
0.49
0.51
0.51
0.42
0.46
0.38
0.41
0.51
0.55
0.52
0.52
0.48
0.51
0.47
0.50
0.41
0.41
0.45
0.42
0.42
0.44
0.39
0.38
0.52
0.50
0.52
0.50
CorWatt	PkgWatt
15.19	126.65
0.54	127.39
0.48
0.48
0.46
0.52
0.53
0.49
0.50
0.41
0.47
0.50
0.38
0.53
0.52
0.49
0.51
0.44
0.52
0.50
0.48
0.44
0.40
0.41
0.42
0.47
0.44
0.42
0.42
0.52
0.50
0.51
0.54
CorWatt	PkgWatt
17.51	130.32
0.58	129.61
0.55
0.53
0.50
0.57
0.55
0.54
0.66
0.43
0.46
0.51
0.43
0.60
0.63
0.60
0.64
0.51
0.63
0.56
0.56
0.46
0.45
0.49
0.56
0.45
0.46
0.53
0.51
0.61
0.63
0.62
0.66
CorWatt	PkgWatt
16.37	128.54
0.56	128.37
0.48
0.54
0.50
0.61
0.54
0.53
0.55
0.44
0.47
0.41
0.42
0.54
0.54
0.53
0.55
0.59
0.70
0.68
0.60
0.42
0.42
0.42
0.47
0.42
0.41
0.40
0.39
0.55
0.54
0.56
0.58
