CorWatt	PkgWatt
14.96	126.89
0.51	126.90
0.43
0.49
0.49
0.50
0.52
0.51
0.48
0.40
0.43
0.39
0.37
0.51
0.50
0.49
0.53
0.47
0.47
0.46
0.48
0.43
0.43
0.41
0.40
0.40
0.38
0.53
0.42
0.51
0.53
0.58
0.51
CorWatt	PkgWatt
14.84	126.03
0.49	126.66
0.43
0.48
0.51
0.50
0.49
0.49
0.48
0.40
0.43
0.41
0.37
0.50
0.52
0.52
0.56
0.48
0.49
0.46
0.49
0.42
0.43
0.40
0.41
0.38
0.36
0.38
0.45
0.53
0.52
0.57
0.52
CorWatt	PkgWatt
17.36	129.44
0.56	128.81
0.56
0.53
0.52
0.58
0.53
0.50
0.50
0.55
0.50
0.49
0.49
0.59
0.54
0.56
0.54
0.48
0.50
0.49
0.53
0.53
0.48
0.48
0.46
0.52
0.60
0.52
0.49
0.68
0.63
0.69
0.69
CorWatt	PkgWatt
18.34	129.57
0.55	128.71
0.55
0.60
0.55
0.61
0.61
0.60
0.60
0.49
0.52
0.50
0.51
0.64
0.64
0.63
0.63
0.57
0.59
0.58
0.60
0.53
0.51
0.51
0.52
0.53
0.49
0.49
0.49
0.67
0.64
0.64
0.70
