CorWatt	PkgWatt
15.21	127.98
0.55	128.01
0.45
0.47
0.44
0.51
0.50
0.49
0.49
0.43
0.45
0.50
0.42
0.52
0.53
0.53
0.54
0.51
0.49
0.46
0.49
0.44
0.41
0.38
0.48
0.44
0.41
0.37
0.38
0.54
0.52
0.53
0.52
CorWatt	PkgWatt
15.27	127.16
0.53	127.78
0.46
0.47
0.45
0.52
0.51
0.49
0.50
0.45
0.47
0.41
0.42
0.54
0.54
0.51
0.53
0.52
0.50
0.48
0.50
0.47
0.43
0.41
0.45
0.44
0.37
0.38
0.37
0.56
0.52
0.52
0.56
CorWatt	PkgWatt
21.19	134.03
0.70	133.37
0.53
0.53
0.52
0.67
0.59
2.64
0.61
0.56
0.57
0.50
0.50
0.62
0.63
0.61
0.69
0.74
0.62
0.62
0.62
0.71
0.62
0.59
0.66
0.48
0.43
0.50
0.55
0.66
0.56
0.70
0.62
CorWatt	PkgWatt
16.87	129.12
0.86	129.11
0.71
0.70
1.05
0.53
0.50
0.63
0.49
0.40
0.49
0.40
0.39
0.50
0.54
0.50
0.52
0.50
0.50
0.58
0.56
0.43
0.43
0.40
0.44
0.45
0.40
0.40
0.41
0.56
0.54
0.55
0.52
CorWatt	PkgWatt
16.40	128.73
0.75	128.72
0.69
0.69
1.21
0.51
0.50
0.59
0.49
0.40
0.44
0.40
0.39
0.50
0.51
0.50
0.52
0.50
0.48
0.50
0.49
0.43
0.43
0.44
0.40
0.43
0.36
0.37
0.38
0.55
0.50
0.51
0.51
CorWatt	PkgWatt
17.45	129.62
0.74	129.67
0.68
0.71
1.23
0.51
0.51
0.61
0.49
0.45
0.49
0.45
0.45
0.56
0.57
0.56
0.58
0.56
0.49
0.54
0.52
0.49
0.49
0.45
0.48
0.47
0.41
0.42
0.43
0.56
0.51
0.51
0.51
CorWatt	PkgWatt
16.21	128.68
0.85	128.65
0.69
0.70
1.15
0.50
0.51
0.61
0.49
0.40
0.44
0.39
0.39
0.50
0.52
0.50
0.52
0.47
0.47
0.50
0.48
0.42
0.41
0.39
0.40
0.37
0.36
0.37
0.36
0.53
0.50
0.50
0.51
CorWatt	PkgWatt
16.50	128.95
1.44	128.94
0.67
0.69
0.71
0.50
0.51
0.61
0.50
0.43
0.45
0.39
0.38
0.50
0.52
0.50
0.54
0.49
0.49
0.50
0.47
0.42
0.43
0.39
0.41
0.36
0.41
0.37
0.36
0.55
0.50
0.51
0.52
CorWatt	PkgWatt
17.70	130.58
2.72	130.58
0.49
0.47
0.52
0.50
0.51
0.59
0.50
0.40
0.44
0.90
0.41
0.51
0.51
0.51
0.53
0.47
0.48
0.50
0.48
0.42
0.42
0.39
0.40
0.37
0.38
0.37
0.36
0.54
0.53
0.55
0.53
CorWatt	PkgWatt
17.59	130.70
0.54	130.69
0.47
0.49
0.51
0.50
0.50
0.59
0.49
0.41
0.45
3.12
0.39
0.51
0.52
0.50
0.54
0.47
0.46
0.50
0.47
0.42
0.41
0.39
0.40
0.36
0.36
0.37
0.36
0.54
0.51
0.51
0.51
CorWatt	PkgWatt
17.40	130.44
1.08	130.45
0.45
0.46
0.49
0.49
0.50
0.60
0.48
0.40
0.43
2.60
0.41
0.50
0.51
0.50
0.52
0.46
0.46
0.50
0.47
0.41
0.42
0.38
0.39
0.36
0.36
0.36
0.35
0.53
0.50
0.50
0.51
CorWatt	PkgWatt
17.59	130.54
3.21	130.54
0.52
0.46
0.52
0.53
0.51
0.62
0.53
0.40
0.43
0.38
0.38
0.51
0.52
0.52
0.52
0.46
0.47
0.50
0.47
0.42
0.43
0.41
0.41
0.35
0.35
0.37
0.35
0.53
0.50
0.50
0.50
CorWatt	PkgWatt
17.57	130.47
3.21	130.48
0.51
0.48
0.53
0.50
0.51
0.60
0.51
0.40
0.43
0.38
0.40
0.52
0.52
0.52
0.53
0.46
0.52
0.49
0.47
0.43
0.41
0.38
0.41
0.36
0.35
0.36
0.36
0.52
0.50
0.50
0.51
CorWatt	PkgWatt
17.65	130.70
3.22	130.70
0.53
0.48
0.48
0.51
0.51
0.59
0.50
0.40
0.48
0.38
0.39
0.50
0.53
0.51
0.54
0.46
0.48
0.50
0.47
0.42
0.39
0.39
0.40
0.36
0.40
0.38
0.37
0.53
0.51
0.51
0.52
CorWatt	PkgWatt
17.55	130.44
3.21	130.43
0.52
0.46
0.46
0.51
0.50
0.60
0.49
0.41
0.44
0.39
0.39
0.50
0.51
0.50
0.52
0.46
0.47
0.49
0.48
0.43
0.40
0.38
0.39
0.38
0.37
0.38
0.38
0.53
0.52
0.55
0.53
CorWatt	PkgWatt
17.45	130.44
3.21	130.44
0.53
0.46
0.46
0.53
0.51
0.59
0.50
0.40
0.44
0.38
0.38
0.52
0.53
0.50
0.53
0.47
0.47
0.51
0.47
0.42
0.39
0.38
0.40
0.36
0.36
0.37
0.35
0.52
0.50
0.51
0.50
CorWatt	PkgWatt
17.42	130.53
3.22	130.53
0.53
0.46
0.46
0.51
0.50
0.59
0.49
0.39
0.43
0.38
0.38
0.50
0.52
0.50
0.52
0.46
0.48
0.50
0.48
0.41
0.39
0.38
0.40
0.38
0.37
0.38
0.37
0.52
0.50
0.52
0.51
CorWatt	PkgWatt
17.63	130.69
3.21	130.69
0.53
0.47
0.48
0.51
0.51
0.59
0.49
0.40
0.43
0.38
0.39
0.50
0.54
0.52
0.52
0.48
0.49
0.52
0.47
0.43
0.45
0.41
0.40
0.36
0.36
0.37
0.36
0.53
0.51
0.51
0.51
CorWatt	PkgWatt
17.47	130.61
3.21	130.61
0.53
0.48
0.53
0.51
0.50
0.59
0.49
0.39
0.43
0.38
0.39
0.50
0.51
0.50
0.52
0.47
0.48
0.53
0.47
0.42
0.39
0.38
0.39
0.37
0.36
0.37
0.36
0.52
0.50
0.50
0.51
CorWatt	PkgWatt
17.57	130.74
3.21	130.74
0.50
0.47
0.51
0.54
0.50
0.60
0.49
0.40
0.43
0.38
0.38
0.50
0.52
0.50
0.52
0.48
0.49
0.52
0.48
0.42
0.39
0.40
0.41
0.35
0.39
0.36
0.36
0.53
0.50
0.50
0.53
CorWatt	PkgWatt
18.20	130.78
0.65	130.79
0.53
0.51
0.56
0.57
0.58
0.64
0.57
0.47
0.71
0.46
0.50
0.89
0.70
0.71
1.24
0.51
0.53
0.54
0.53
0.47
0.46
0.46
0.46
0.41
0.41
0.41
0.42
0.59
0.55
0.59
0.58
CorWatt	PkgWatt
17.20	129.64
0.52	129.63
0.47
0.46
0.49
0.51
0.52
0.51
0.52
0.42
0.56
0.39
0.39
1.30
0.88
0.86
1.19
0.47
0.48
0.53
0.49
0.45
0.40
0.38
0.40
0.38
0.38
0.40
0.38
0.56
0.51
0.52
0.51
CorWatt	PkgWatt
16.94	129.29
0.52	129.28
0.46
0.45
0.47
0.51
0.50
0.50
0.49
0.42
0.54
0.40
0.42
1.55
0.87
0.85
0.92
0.48
0.50
0.50
0.47
0.39
0.40
0.38
0.39
0.39
0.37
0.39
0.37
0.52
0.50
0.51
0.51
CorWatt	PkgWatt
17.19	129.65
0.54	129.65
0.48
0.48
0.45
0.50
0.50
0.50
0.49
0.42
0.58
0.40
0.42
1.55
0.87
0.86
0.91
0.48
0.48
0.51
0.47
0.42
0.40
0.39
0.41
0.37
0.37
0.40
0.37
0.58
0.54
0.53
0.55
CorWatt	PkgWatt
16.73	129.17
0.51	129.17
0.46
0.45
0.45
0.52
0.52
0.52
0.50
0.40
0.54
0.38
0.39
1.54
0.87
0.85
0.90
0.46
0.48
0.49
0.47
0.39
0.38
0.38
0.39
0.37
0.35
0.37
0.35
0.53
0.51
0.51
0.52
CorWatt	PkgWatt
17.00	129.25
0.52	129.25
0.46
0.47
0.48
0.50
0.50
0.50
0.49
0.43
0.53
0.42
0.40
1.54
0.88
0.88
0.90
0.46
0.48
0.50
0.47
0.41
0.40
0.38
0.39
0.36
0.38
0.37
0.35
0.54
0.52
0.53
0.53
CorWatt	PkgWatt
18.00	130.25
0.52	130.24
0.49
0.46
0.47
0.50
0.50
0.50
0.49
0.40
0.55
0.39
0.40
2.08
1.08
1.06
1.19
0.48
0.47
0.49
0.47
0.39
0.38
0.38
0.40
0.36
0.35
0.36
0.35
0.53
0.50
0.51
0.51
CorWatt	PkgWatt
20.46	132.03
0.52	132.04
0.50
0.47
0.55
0.52
0.54
0.51
0.50
0.41
0.57
0.44
0.45
3.15
1.38
1.36
1.38
0.47
0.47
0.52
0.47
0.44
0.42
0.42
0.39
0.36
0.40
0.37
0.36
0.54
0.51
0.55
0.54
CorWatt	PkgWatt
19.94	131.71
0.52	131.71
0.47
0.47
0.49
0.51
0.52
0.52
0.50
0.40
0.53
0.39
0.41
3.13
1.38
1.37
1.38
0.47
0.48
0.49
0.47
0.39
0.38
0.38
0.39
0.37
0.36
0.36
0.36
0.53
0.51
0.51
0.51
CorWatt	PkgWatt
20.44	132.02
0.52	132.02
0.47
0.49
0.51
0.52
0.54
0.53
0.53
0.44
0.55
0.42
0.43
1.83
2.68
1.36
1.38
0.48
0.48
0.52
0.48
0.42
0.41
0.39
0.40
0.38
0.37
0.39
0.39
0.56
0.52
0.53
0.52
CorWatt	PkgWatt
19.95	131.84
0.54	131.84
0.47
0.47
0.48
0.50
0.51
0.48
0.48
0.40
0.54
0.39
0.40
1.46
1.38
3.06
1.38
0.47
0.49
0.49
0.49
0.39
0.38
0.38
0.39
0.36
0.36
0.37
0.36
0.53
0.51
0.52
0.53
CorWatt	PkgWatt
20.67	132.23
0.54	132.24
0.49
0.48
0.50
0.50
0.55
0.52
0.52
0.42
0.56
0.39
0.41
1.37
1.38
3.14
1.38
0.49
0.53
0.54
0.50
0.44
0.43
0.43
0.42
0.38
0.38
0.40
0.39
0.55
0.54
0.55
0.54
CorWatt	PkgWatt
20.08	131.83
0.54	131.82
0.44
0.45
0.47
0.50
0.54
0.51
0.50
0.41
0.55
0.42
0.40
1.38
1.38
3.13
1.38
0.47
0.49
0.49
0.47
0.40
0.43
0.39
0.40
0.36
0.36
0.37
0.36
0.54
0.51
0.52
0.51
CorWatt	PkgWatt
20.39	132.11
0.51	132.11
0.51
0.47
0.49
0.52
0.52
0.51
0.49
0.41
0.57
0.41
0.41
1.38
1.38
3.13
1.38
0.48
0.50
0.51
0.47
0.41
0.39
0.38
0.39
0.40
0.39
0.40
0.38
0.56
0.55
0.56
0.52
CorWatt	PkgWatt
19.90	131.68
0.53	131.68
0.49
0.47
0.44
0.50
0.51
0.49
0.48
0.40
0.53
0.38
0.40
1.38
1.38
3.13
1.38
0.46
0.49
0.50
0.47
0.41
0.40
0.40
0.39
0.36
0.36
0.37
0.36
0.53
0.51
0.51
0.51
CorWatt	PkgWatt
19.95	131.77
0.53	131.78
0.49
0.49
0.44
0.50
0.51
0.49
0.49
0.40
0.54
0.38
0.39
3.15
1.38
1.37
1.38
0.47
0.50
0.50
0.49
0.40
0.40
0.38
0.39
0.36
0.36
0.37
0.36
0.53
0.51
0.52
0.51
CorWatt	PkgWatt
19.93	131.69
0.52	131.69
0.50
0.48
0.46
0.50
0.52
0.50
0.49
0.40
0.54
0.38
0.39
3.15
1.38
1.37
1.38
0.46
0.49
0.49
0.47
0.39
0.39
0.38
0.39
0.36
0.36
0.37
0.35
0.53
0.51
0.51
0.51
CorWatt	PkgWatt
19.33	131.45
0.55	131.44
0.51
0.51
0.47
0.51
0.55
0.52
0.52
0.44
0.60
0.44
0.45
2.12
1.07
1.06
1.04
0.52
0.54
0.54
0.50
0.43
0.45
0.42
0.45
0.39
0.39
0.40
0.38
0.89
0.55
0.54
0.57
CorWatt	PkgWatt
16.79	129.18
0.53	129.20
0.46
0.47
0.46
0.51
0.52
0.50
0.52
1.08
0.65
0.58
0.60
0.54
0.54
0.58
0.84
0.49
0.53
0.51
0.49
0.42
0.41
0.41
0.41
0.40
0.40
0.41
0.38
0.56
0.53
0.53
0.53
CorWatt	PkgWatt
16.37	128.70
0.54	128.70
0.47
0.48
0.46
0.51
0.52
0.51
0.50
0.97
0.75
0.63
0.63
0.53
0.53
0.58
0.64
0.47
0.50
0.50
0.48
0.41
0.41
0.39
0.40
0.37
0.36
0.39
0.36
0.53
0.53
0.51
0.51
CorWatt	PkgWatt
16.06	128.49
0.51	128.49
0.44
0.45
0.44
0.50
0.51
0.48
0.49
0.67
1.04
0.63
0.65
0.52
0.52
0.56
0.63
0.47
0.50
0.49
0.47
0.39
0.41
0.38
0.39
0.36
0.35
0.36
0.35
0.53
0.51
0.54
0.54
CorWatt	PkgWatt
16.37	128.95
0.53	128.95
0.46
0.47
0.44
0.52
0.53
0.51
0.54
0.66
1.02
0.62
0.63
0.52
0.53
0.58
0.64
0.46
0.53
0.51
0.47
0.42
0.41
0.38
0.41
0.36
0.36
0.38
0.35
0.53
0.51
0.53
0.53
CorWatt	PkgWatt
16.22	128.77
0.53	128.77
0.44
0.48
0.45
0.50
0.52
0.48
0.50
0.64
1.23
0.60
0.62
0.53
0.53
0.54
0.64
0.46
0.50
0.49
0.47
0.39
0.40
0.38
0.40
0.36
0.35
0.36
0.35
0.52
0.50
0.52
0.51
CorWatt	PkgWatt
18.73	133.52
0.54	133.51
0.44
0.46
0.44
0.50
0.53
0.48
0.50
0.43
4.35
0.39
0.40
0.51
0.52
0.50
0.64
0.48
0.48
0.50
0.48
0.40
0.39
0.38
0.39
0.37
0.37
0.38
0.35
0.52
0.51
0.52
0.56
CorWatt	PkgWatt
18.79	133.81
0.55	133.82
0.44
0.46
0.44
0.50
0.52
0.49
0.49
0.45
4.34
0.39
0.40
0.53
0.52
0.50
0.62
0.46
0.46
0.49
0.49
0.41
0.40
0.38
0.39
0.39
0.38
0.38
0.38
0.55
0.52
0.53
0.54
CorWatt	PkgWatt
18.94	133.86
0.53	133.86
0.45
0.46
0.44
0.52
0.54
0.50
0.53
0.44
4.34
0.41
0.40
0.53
0.53
0.51
0.62
0.48
0.49
0.52
0.51
0.40
0.40
0.38
0.39
0.38
0.36
0.37
0.36
0.53
0.52
0.54
0.55
CorWatt	PkgWatt
18.76	133.54
0.54	133.54
0.44
0.45
0.44
0.50
0.52
0.49
0.49
0.43
4.36
0.40
0.40
0.52
0.52
0.50
0.63
0.46
0.47
0.50
0.48
0.39
0.39
0.38
0.39
0.39
0.38
0.38
0.38
0.53
0.51
0.56
0.56
CorWatt	PkgWatt
18.68	133.74
0.53	133.74
0.44
0.45
0.44
0.50
0.52
0.49
0.48
0.43
4.36
0.39
0.40
0.54
0.54
0.52
0.62
0.47
0.47
0.50
0.47
0.40
0.41
0.40
0.39
0.36
0.36
0.37
0.35
0.54
0.51
0.53
0.52
CorWatt	PkgWatt
18.68	133.53
0.55	133.53
0.46
0.47
0.48
0.50
0.52
0.49
0.49
0.43
4.35
0.39
0.41
0.52
0.52
0.51
0.62
0.47
0.47
0.49
0.47
0.39
0.39
0.38
0.39
0.37
0.37
0.37
0.35
0.53
0.51
0.52
0.52
CorWatt	PkgWatt
18.98	133.73
0.52	133.73
0.44
0.46
0.49
0.53
0.52
0.50
0.51
0.44
4.35
0.42
0.40
0.53
0.53
0.51
0.62
0.49
0.50
0.52
0.47
0.40
0.40
0.38
0.39
0.37
0.37
0.37
0.37
0.54
0.52
0.54
0.58
CorWatt	PkgWatt
18.69	133.57
0.53	133.57
0.46
0.45
0.48
0.51
0.52
0.51
0.50
0.42
4.35
0.39
0.40
0.53
0.52
0.50
0.62
0.46
0.49
0.50
0.48
0.39
0.39
0.38
0.39
0.36
0.36
0.37
0.35
0.53
0.51
0.53
0.52
CorWatt	PkgWatt
18.82	133.85
0.51	133.85
0.44
0.45
0.47
0.51
0.54
0.49
0.48
0.43
4.35
0.39
0.40
0.53
0.54
0.51
0.62
0.46
0.48
0.51
0.48
0.40
0.40
0.38
0.39
0.36
0.38
0.38
0.37
0.54
0.52
0.54
0.56
CorWatt	PkgWatt
18.81	133.70
0.53	133.70
0.44
0.45
0.48
0.50
0.50
0.49
0.49
0.45
4.35
0.40
0.42
0.52
0.52
0.50
0.63
0.47
0.51
0.49
0.47
0.39
0.40
0.39
0.40
0.38
0.37
0.39
0.37
0.53
0.51
0.56
0.52
CorWatt	PkgWatt
19.23	133.97
0.53	133.98
0.47
0.49
0.48
0.51
0.50
0.50
0.50
0.45
4.36
0.42
0.42
0.53
0.53
0.51
0.64
0.48
0.50
0.50
0.47
0.42
0.42
0.40
0.42
0.39
0.37
0.40
0.39
0.57
0.55
0.55
0.56
CorWatt	PkgWatt
18.70	133.83
0.53	133.83
0.44
0.45
0.48
0.52
0.52
0.51
0.51
0.42
4.36
0.39
0.41
0.52
0.52
0.50
0.62
0.46
0.49
0.49
0.47
0.39
0.39
0.38
0.39
0.36
0.36
0.37
0.36
0.53
0.51
0.53
0.52
CorWatt	PkgWatt
18.31	130.99
0.56	131.00
0.48
0.49
0.53
0.56
0.56
0.56
0.57
0.47
1.06
0.46
0.46
0.60
0.58
0.60
0.68
0.78
0.70
0.62
0.61
0.47
0.45
0.44
0.98
0.42
0.42
0.43
0.42
0.59
0.58
0.58
0.62
CorWatt	PkgWatt
16.34	128.87
0.52	128.86
0.46
0.45
0.48
0.51
0.50
0.49
0.48
0.41
0.47
0.39
0.40
0.55
0.53
0.51
0.54
0.78
1.21
0.72
0.70
0.39
0.40
0.38
0.53
0.36
0.36
0.37
0.35
0.53
0.51
0.54
0.51
CorWatt	PkgWatt
16.49	128.94
0.49	128.94
0.45
0.47
0.51
0.54
0.52
0.51
0.50
0.42
0.44
0.40
0.42
0.52
0.55
0.52
0.55
0.78
1.20
0.73
0.71
0.41
0.40
0.39
0.51
0.36
0.36
0.37
0.36
0.53
0.52
0.53
0.54
CorWatt	PkgWatt
16.17	128.91
0.51	128.91
0.44
0.49
0.48
0.52
0.51
0.50
0.50
0.38
0.43
0.38
0.41
0.50
0.53
0.50
0.52
0.78
1.19
0.72
0.70
0.39
0.39
0.38
0.51
0.37
0.36
0.37
0.35
0.52
0.50
0.53
0.51
CorWatt	PkgWatt
16.58	129.02
0.52	129.02
0.44
0.48
0.46
0.51
0.51
0.51
0.49
0.43
0.46
0.41
0.42
0.57
0.57
0.52
0.54
0.91
1.07
0.74
0.71
0.41
0.40
0.39
0.52
0.37
0.36
0.39
0.38
0.53
0.53
0.53
0.51
CorWatt	PkgWatt
16.44	128.99
0.53	128.99
0.44
0.47
0.45
0.51
0.50
0.50
0.49
0.38
0.43
0.38
0.41
0.50
0.52
0.50
0.52
1.25
1.06
0.70
0.69
0.39
0.39
0.39
0.51
0.36
0.35
0.37
0.35
0.52
0.50
0.52
0.51
CorWatt	PkgWatt
18.07	131.06
0.54	131.06
0.45
0.46
0.45
0.52
0.52
0.50
0.50
0.42
0.43
0.38
0.40
0.51
0.52
0.50
0.52
0.68
3.19
0.63
0.62
0.42
0.41
0.40
0.52
0.37
0.36
0.37
0.35
0.52
0.51
0.53
0.53
CorWatt	PkgWatt
17.89	131.10
0.55	131.10
0.44
0.46
0.45
0.51
0.53
0.50
0.49
0.40
0.44
0.41
0.40
0.50
0.51
0.50
0.52
0.64
3.17
0.63
0.61
0.42
0.41
0.40
0.52
0.36
0.35
0.36
0.35
0.52
0.50
0.53
0.51
CorWatt	PkgWatt
18.42	131.32
0.55	131.32
0.47
0.50
0.52
0.54
0.52
0.51
0.49
0.39
0.47
0.40
0.43
0.51
0.56
0.50
0.52
0.66
3.17
0.63
0.61
0.41
0.40
0.39
0.53
0.40
0.39
0.40
0.40
0.54
0.54
0.57
0.52
CorWatt	PkgWatt
17.90	130.93
0.55	130.92
0.45
0.47
0.45
0.51
0.52
0.50
0.49
0.40
0.43
0.38
0.39
0.50
0.52
0.52
0.53
0.63
3.19
0.62
0.60
0.41
0.41
0.42
0.52
0.36
0.35
0.37
0.35
0.52
0.50
0.53
0.51
CorWatt	PkgWatt
18.01	131.11
0.55	131.10
0.45
0.48
0.45
0.52
0.52
0.50
0.49
0.39
0.43
0.38
0.40
0.51
0.53
0.50
0.52
0.65
3.17
0.64
0.63
0.41
0.41
0.40
0.52
0.38
0.37
0.37
0.35
0.53
0.52
0.54
0.51
CorWatt	PkgWatt
17.86	130.89
0.55	130.90
0.46
0.47
0.47
0.52
0.53
0.50
0.49
0.38
0.43
0.38
0.41
0.50
0.51
0.50
0.52
0.63
3.17
0.63
0.61
0.40
0.41
0.40
0.52
0.36
0.35
0.36
0.35
0.52
0.50
0.54
0.51
CorWatt	PkgWatt
18.01	130.96
0.56	130.96
0.44
0.49
0.45
0.50
0.54
0.51
0.50
0.40
0.44
0.38
0.39
0.50
0.52
0.50
0.51
3.15
0.65
0.63
0.61
0.41
0.42
0.40
0.53
0.36
0.37
0.38
0.35
0.53
0.51
0.53
0.54
CorWatt	PkgWatt
17.81	130.76
0.55	130.76
0.45
0.46
0.46
0.51
0.52
0.50
0.49
0.39
0.43
0.38
0.40
0.50
0.51
0.50
0.51
3.14
0.64
0.63
0.61
0.40
0.40
0.40
0.52
0.36
0.36
0.36
0.35
0.52
0.50
0.53
0.51
CorWatt	PkgWatt
18.03	131.10
0.53	131.10
0.46
0.48
0.49
0.52
0.52
0.51
0.51
0.40
0.43
0.38
0.39
0.51
0.53
0.50
0.52
0.66
3.15
0.64
0.61
0.41
0.40
0.40
0.51
0.37
0.36
0.37
0.35
0.53
0.52
0.53
0.52
CorWatt	PkgWatt
17.90	130.92
0.53	130.92
0.44
0.46
0.49
0.50
0.52
0.50
0.49
0.40
0.43
0.40
0.43
0.50
0.51
0.50
0.52
0.63
3.17
0.63
0.61
0.40
0.41
0.40
0.51
0.36
0.35
0.37
0.35
0.53
0.50
0.53
0.52
CorWatt	PkgWatt
18.07	130.99
0.56	130.99
0.46
0.48
0.44
0.53
0.53
0.52
0.52
0.40
0.43
0.38
0.41
0.52
0.53
0.52
0.52
0.64
3.17
0.63
0.61
0.43
0.41
0.40
0.53
0.36
0.35
0.37
0.36
0.52
0.51
0.54
0.50
CorWatt	PkgWatt
17.24	130.16
0.56	130.15
0.44
0.47
0.47
0.51
0.53
0.50
0.50
0.40
0.43
0.38
0.42
0.52
0.52
0.53
0.52
0.59
2.48
0.58
0.56
0.41
0.42
0.39
0.53
0.36
0.35
0.43
0.36
0.53
0.51
0.51
0.52
CorWatt	PkgWatt
18.62	130.78
0.59	130.80
0.53
0.55
0.51
0.57
0.59
0.56
0.56
0.47
0.54
0.45
0.46
0.61
0.60
0.58
0.60
0.55
0.59
0.58
0.53
0.47
0.46
0.45
0.47
0.44
0.43
0.93
0.42
1.06
0.76
0.76
0.97
CorWatt	PkgWatt
16.40	128.85
0.53	128.83
0.44
0.46
0.47
0.49
0.52
0.48
0.49
0.41
0.43
0.38
0.40
0.50
0.51
0.50
0.52
0.49
0.53
0.49
0.48
0.41
0.41
0.38
0.39
0.38
0.38
0.49
0.38
0.91
0.76
1.17
0.78
CorWatt	PkgWatt
16.38	128.76
0.49	128.76
0.45
0.45
0.48
0.51
0.54
0.48
0.50
0.41
0.44
0.38
0.41
0.51
0.52
0.50
0.52
0.47
0.55
0.52
0.49
0.40
0.38
0.38
0.39
0.38
0.36
0.49
0.37
0.78
0.76
1.33
0.77
CorWatt	PkgWatt
16.27	128.66
0.52	128.66
0.45
0.45
0.49
0.49
0.53
0.49
0.49
0.40
0.44
0.38
0.41
0.51
0.52
0.50
0.52
0.48
0.47
0.50
0.46
0.39
0.38
0.38
0.39
0.38
0.38
0.47
0.37
0.77
0.75
1.35
0.77
CorWatt	PkgWatt
16.31	128.56
0.49	128.56
0.45
0.46
0.51
0.50
0.53
0.49
0.49
0.40
0.44
0.38
0.39
0.51
0.55
0.51
0.52
0.47
0.47
0.49
0.47
0.41
0.40
0.39
0.40
0.37
0.36
0.46
0.36
0.77
0.75
1.36
0.76
CorWatt	PkgWatt
17.34	130.37
0.54	130.37
0.46
0.47
0.48
0.49
0.52
0.48
0.48
0.38
0.43
0.38
0.40
0.50
0.51
0.50
0.52
0.48
0.47
0.48
0.46
0.39
0.39
0.38
0.39
0.37
0.36
0.48
0.36
0.59
0.57
2.97
0.64
CorWatt	PkgWatt
17.82	131.04
0.51	131.03
0.44
0.45
0.47
0.51
0.52
0.49
0.48
0.41
0.43
0.38
0.39
0.53
0.52
0.52
0.52
0.50
0.48
0.52
0.46
0.40
0.38
0.38
0.39
0.36
0.36
0.48
0.37
0.59
0.53
3.48
0.55
CorWatt	PkgWatt
18.00	131.25
0.52	131.25
0.46
0.46
0.48
0.51
0.53
0.51
0.50
0.40
0.44
0.39
0.43
0.53
0.53
0.51
0.53
0.48
0.49
0.50
0.48
0.40
0.40
0.39
0.40
0.37
0.37
0.48
0.37
0.56
0.53
3.49
0.55
CorWatt	PkgWatt
17.85	131.04
0.52	131.05
0.44
0.46
0.48
0.49
0.54
0.49
0.49
0.39
0.43
0.38
0.39
0.52
0.53
0.51
0.54
0.48
0.46
0.51
0.47
0.41
0.38
0.38
0.40
0.37
0.39
0.50
0.39
0.57
0.54
3.48
0.54
CorWatt	PkgWatt
17.79	130.94
0.54	130.94
0.44
0.45
0.47
0.53
0.50
0.48
0.49
0.42
0.43
0.39
0.41
0.51
0.51
0.50
0.52
0.49
0.48
0.50
0.47
0.39
0.39
0.38
0.39
0.38
0.37
0.50
0.38
0.54
0.52
3.48
0.55
CorWatt	PkgWatt
18.07	131.29
0.55	131.29
0.46
0.48
0.48
0.49
0.50
0.48
0.48
0.41
0.48
0.40
0.41
0.52
0.52
0.51
0.52
0.48
0.48
0.49
0.47
0.42
0.40
0.40
0.41
0.40
0.36
0.51
0.38
0.58
0.56
3.48
0.58
CorWatt	PkgWatt
17.75	131.09
0.54	131.09
0.44
0.45
0.48
0.51
0.52
0.51
0.51
0.39
0.43
0.38
0.40
0.50
0.51
0.50
0.52
0.49
0.46
0.49
0.46
0.39
0.39
0.38
0.39
0.37
0.36
0.48
0.36
0.55
0.52
3.49
0.58
CorWatt	PkgWatt
18.00	131.11
0.53	131.11
0.44
0.45
0.48
0.50
0.51
0.50
0.50
0.41
0.43
0.42
0.41
0.52
0.54
0.56
0.53
0.48
0.47
0.50
0.47
0.41
0.39
0.38
0.40
0.39
0.37
0.47
0.37
0.57
0.56
3.49
0.58
CorWatt	PkgWatt
17.73	130.97
0.55	130.97
0.46
0.44
0.48
0.49
0.50
0.48
0.48
0.39
0.46
0.39
0.39
0.52
0.53
0.51
0.54
0.49
0.46
0.49
0.46
0.39
0.38
0.38
0.40
0.36
0.37
0.48
0.37
0.55
0.52
3.48
0.55
CorWatt	PkgWatt
17.77	131.01
0.52	131.01
0.44
0.46
0.50
0.51
0.50
0.50
0.49
0.40
0.44
0.40
0.41
0.51
0.54
0.52
0.53
0.47
0.45
0.49
0.46
0.40
0.38
0.38
0.39
0.36
0.36
0.47
0.37
0.55
0.53
3.48
0.54
CorWatt	PkgWatt
17.67	131.08
0.54	131.08
0.44
0.46
0.48
0.51
0.52
0.49
0.50
0.38
0.44
0.38
0.40
0.51
0.52
0.50
0.51
0.49
0.47
0.49
0.46
0.39
0.38
0.38
0.38
0.37
0.36
0.47
0.36
0.54
0.52
3.49
0.54
CorWatt	PkgWatt
18.09	131.19
0.54	131.20
0.45
0.47
0.48
0.49
0.51
0.50
0.49
0.42
0.46
0.41
0.43
0.57
0.57
0.53
0.56
0.50
0.47
0.49
0.47
0.40
0.38
0.38
0.39
0.37
0.37
0.48
0.39
0.55
0.54
3.49
0.54
CorWatt	PkgWatt
18.31	130.62
0.76	130.63
0.52
0.53
0.54
0.92
0.76
0.60
0.58
0.43
0.46
0.41
0.43
0.55
0.57
0.57
0.58
0.52
0.55
0.55
0.54
0.45
0.44
0.43
0.44
0.43
0.45
0.54
0.45
0.61
0.59
1.47
0.66
CorWatt	PkgWatt
16.75	129.13
0.60	129.12
0.44
0.46
0.50
0.85
0.90
1.53
0.83
0.40
0.43
0.37
0.39
0.50
0.52
0.50
0.52
0.50
0.46
0.50
0.47
0.42
0.38
0.39
0.40
0.35
0.35
0.36
0.36
0.54
0.50
0.52
0.50
CorWatt	PkgWatt
16.62	128.77
0.60	128.77
0.44
0.45
0.49
0.85
0.90
1.52
0.83
0.39
0.45
0.38
0.39
0.50
0.51
0.50
0.51
0.46
0.46
0.50
0.46
0.41
0.39
0.38
0.39
0.35
0.35
0.36
0.35
0.53
0.50
0.51
0.50
CorWatt	PkgWatt
17.16	129.07
0.61	129.08
0.51
0.47
0.54
0.85
0.91
1.53
0.84
0.40
0.48
0.39
0.40
0.52
0.55
0.50
0.52
0.47
0.47
0.51
0.47
0.42
0.39
0.38
0.39
0.37
0.38
0.40
0.37
0.55
0.54
0.54
0.50
CorWatt	PkgWatt
16.63	128.98
0.60	128.97
0.45
0.47
0.50
0.84
0.90
1.52
0.83
0.38
0.44
0.38
0.40
0.50
0.51
0.50
0.52
0.47
0.46
0.49
0.46
0.41
0.40
0.39
0.39
0.35
0.35
0.36
0.35
0.52
0.50
0.51
0.50
CorWatt	PkgWatt
16.70	128.89
0.60	128.89
0.45
0.49
0.48
0.84
1.05
1.38
0.83
0.39
0.44
0.37
0.39
0.51
0.53
0.49
0.51
0.48
0.48
0.49
0.47
0.40
0.39
0.38
0.39
0.35
0.35
0.36
0.39
0.53
0.50
0.50
0.49
CorWatt	PkgWatt
16.77	128.87
0.60	128.88
0.46
0.47
0.50
0.88
1.39
1.19
0.87
0.38
0.43
0.37
0.39
0.50
0.51
0.50
0.51
0.45
0.46
0.50
0.46
0.39
0.38
0.38
0.39
0.35
0.35
0.36
0.37
0.53
0.50
0.50
0.50
CorWatt	PkgWatt
19.94	131.79
0.60	131.79
0.45
0.49
0.50
1.34
2.87
1.61
1.34
0.40
0.46
0.38
0.39
0.50
0.52
0.49
0.52
0.47
0.48
0.50
0.48
0.40
0.41
0.39
0.41
0.35
0.37
0.38
0.36
0.54
0.52
0.51
0.51
CorWatt	PkgWatt
19.69	131.54
0.60	131.54
0.47
0.47
0.50
1.34
3.13
1.35
1.34
0.38
0.43
0.37
0.41
0.50
0.50
0.49
0.51
0.47
0.48
0.49
0.48
0.39
0.39
0.38
0.39
0.35
0.35
0.36
0.35
0.52
0.50
0.51
0.50
CorWatt	PkgWatt
19.70	131.53
0.61	131.53
0.48
0.48
0.50
1.34
3.12
1.35
1.34
0.39
0.44
0.37
0.38
0.50
0.51
0.49
0.51
0.47
0.46
0.50
0.46
0.40
0.40
0.38
0.39
0.35
0.35
0.36
0.36
0.54
0.50
0.50
0.49
CorWatt	PkgWatt
19.95	131.70
0.60	131.70
0.47
0.46
0.51
1.34
2.94
1.53
1.33
0.39
0.45
0.39
0.43
0.51
0.52
0.51
0.52
0.49
0.48
0.50
0.47
0.40
0.42
0.40
0.40
0.36
0.36
0.37
0.36
0.53
0.51
0.51
0.51
CorWatt	PkgWatt
19.99	131.82
0.61	131.82
0.49
0.48
0.49
1.34
1.36
3.13
1.34
0.41
0.43
0.37
0.39
0.51
0.52
0.51
0.51
0.47
0.48
0.50
0.47
0.42
0.41
0.39
0.42
0.36
0.36
0.38
0.39
0.54
0.50
0.50
0.50
CorWatt	PkgWatt
19.83	131.76
0.58	131.76
0.48
0.47
0.51
1.34
3.12
1.35
1.34
0.38
0.44
0.37
0.40
0.51
0.51
0.51
0.51
0.47
0.48
0.51
0.46
0.39
0.41
0.38
0.41
0.35
0.36
0.37
0.39
0.53
0.51
0.50
0.50
CorWatt	PkgWatt
19.74	131.73
0.59	131.73
0.49
0.47
0.49
1.34
3.12
1.35
1.34
0.39
0.48
0.37
0.40
0.50
0.52
0.49
0.52
0.46
0.47
0.49
0.46
0.40
0.39
0.38
0.39
0.35
0.35
0.37
0.36
0.52
0.50
0.50
0.49
CorWatt	PkgWatt
19.81	131.70
0.61	131.70
0.47
0.46
0.44
1.34
3.12
1.35
1.34
0.41
0.44
0.37
0.39
0.50
0.50
0.49
0.51
0.47
0.46
0.49
0.48
0.40
0.40
0.38
0.39
0.37
0.36
0.38
0.38
0.54
0.52
0.51
0.52
CorWatt	PkgWatt
19.94	131.92
0.61	131.92
0.48
0.47
0.45
1.34
1.98
2.49
1.34
0.41
0.44
0.37
0.39
0.50
0.51
0.49
0.52
0.47
0.49
0.54
0.49
0.42
0.42
0.39
0.40
0.37
0.35
0.36
0.38
0.54
0.51
0.51
0.50
CorWatt	PkgWatt
19.75	131.77
0.60	131.77
0.47
0.46
0.44
1.34
3.13
1.35
1.34
0.38
0.44
0.37
0.40
0.50
0.52
0.50
0.52
0.47
0.46
0.50
0.46
0.39
0.40
0.39
0.39
0.36
0.37
0.36
0.37
0.53
0.50
0.52
0.50
CorWatt	PkgWatt
18.89	131.00
0.60	131.00
0.47
0.45
0.44
1.21
2.76
1.22
1.20
0.39
0.44
0.38
0.39
0.50
0.52
0.51
0.52
0.46
0.46
0.51
0.46
0.41
0.39
0.39
0.39
0.35
0.35
0.36
0.35
0.52
0.50
0.50
0.49
CorWatt	PkgWatt
19.63	134.00
0.63	134.01
0.54
0.54
0.51
0.56
0.64
0.58
0.57
2.98
0.51
0.43
0.47
0.55
0.55
0.55
1.12
0.54
0.52
0.55
0.52
0.46
0.44
0.44
0.44
0.42
0.42
0.43
0.44
0.59
0.56
0.56
0.57
CorWatt	PkgWatt
20.14	137.59
0.55	137.58
0.46
0.46
0.45
0.52
0.54
0.50
0.49
5.79
0.46
0.40
0.41
0.51
0.51
0.49
0.62
0.48
0.48
0.51
0.47
0.40
0.38
0.38
0.39
0.36
0.35
0.36
0.36
0.53
0.52
0.50
0.50
CorWatt	PkgWatt
20.01	137.33
0.54	137.33
0.47
0.45
0.44
0.50
0.54
0.50
0.49
5.79
0.47
0.39
0.41
0.51
0.50
0.50
0.62
0.47
0.47
0.49
0.48
0.39
0.38
0.38
0.38
0.35
0.35
0.35
0.37
0.53
0.50
0.50
0.50
CorWatt	PkgWatt
20.09	139.01
0.54	139.01
0.48
5.35
0.45
0.50
0.54
0.49
0.48
0.81
0.45
0.39
0.39
0.52
0.54
0.51
0.63
0.47
0.46
0.50
0.46
0.39
0.38
0.38
0.39
0.36
0.37
0.38
0.39
0.56
0.50
0.51
0.50
CorWatt	PkgWatt
20.01	137.47
0.54	137.46
0.44
0.48
0.44
0.49
0.53
0.49
0.49
5.78
0.46
0.40
0.42
0.50
0.50
0.50
0.62
0.49
0.47
0.49
0.48
0.39
0.38
0.38
0.39
0.36
0.35
0.37
0.37
0.52
0.50
0.50
0.50
CorWatt	PkgWatt
20.59	137.85
0.58	137.85
0.48
0.51
0.47
0.50
0.50
0.49
0.49
5.80
0.50
0.41
0.42
0.51
0.52
0.51
0.62
0.48
0.47
0.49
0.47
0.42
0.41
0.40
0.41
0.41
0.40
0.41
0.39
0.56
0.54
0.51
0.53
CorWatt	PkgWatt
19.99	137.30
0.54	137.29
0.44
0.45
0.44
0.51
0.53
0.50
0.50
5.80
0.45
0.38
0.41
0.50
0.51
0.50
0.62
0.48
0.46
0.49
0.46
0.39
0.38
0.38
0.38
0.35
0.35
0.35
0.40
0.53
0.50
0.50
0.50
CorWatt	PkgWatt
20.02	137.58
0.55	137.58
0.44
0.46
0.44
0.49
0.50
0.48
0.48
5.80
0.46
0.43
0.39
0.51
0.54
0.54
0.62
0.48
0.45
0.49
0.46
0.40
0.39
0.38
0.38
0.35
0.35
0.35
0.35
0.55
0.52
0.50
0.50
CorWatt	PkgWatt
20.12	137.45
0.56	137.45
0.46
0.45
0.44
0.50
0.51
0.49
0.49
5.79
0.47
0.40
0.41
0.52
0.53
0.52
0.66
0.49
0.46
0.49
0.46
0.39
0.39
0.39
0.41
0.35
0.35
0.36
0.35
0.52
0.51
0.50
0.50
CorWatt	PkgWatt
20.19	137.45
0.54	137.45
0.44
0.48
0.47
0.51
0.50
0.50
0.49
5.79
0.47
0.41
0.42
0.51
0.53
0.52
0.62
0.48
0.46
0.50
0.47
0.40
0.38
0.38
0.39
0.36
0.35
0.36
0.36
0.57
0.50
0.51
0.50
CorWatt	PkgWatt
20.04	137.66
0.54	137.65
0.45
0.47
0.45
0.52
0.53
0.49
0.50
5.80
0.46
0.39
0.40
0.50
0.52
0.50
0.62
0.49
0.47
0.49
0.47
0.39
0.38
0.38
0.38
0.35
0.35
0.36
0.35
0.53
0.50
0.50
0.50
CorWatt	PkgWatt
20.21	137.61
0.54	137.62
0.44
0.48
0.48
0.50
0.50
0.50
0.48
5.79
0.47
0.43
0.42
0.53
0.56
0.51
0.63
0.49
0.47
0.49
0.47
0.40
0.38
0.38
0.38
0.35
0.35
0.38
0.37
0.54
0.51
0.50
0.49
CorWatt	PkgWatt
20.07	137.42
0.57	137.42
0.44
0.48
0.46
0.50
0.50
0.49
0.48
5.79
0.46
0.39
0.40
0.53
0.51
0.50
0.62
0.47
0.46
0.49
0.49
0.39
0.38
0.38
0.39
0.35
0.35
0.35
0.39
0.53
0.51
0.50
0.50
CorWatt	PkgWatt
20.22	137.63
0.56	137.62
0.45
0.46
0.48
0.51
0.50
0.49
0.50
5.80
0.47
0.40
0.41
0.51
0.52
0.51
0.62
0.49
0.47
0.50
0.49
0.42
0.39
0.39
0.41
0.35
0.35
0.36
0.35
0.54
0.51
0.51
0.50
CorWatt	PkgWatt
19.99	137.59
0.55	137.59
0.46
0.45
0.45
0.50
0.52
0.49
0.48
5.80
0.47
0.40
0.40
0.50
0.51
0.50
0.62
0.45
0.46
0.49
0.47
0.41
0.39
0.38
0.39
0.35
0.35
0.35
0.38
0.52
0.50
0.50
0.50
CorWatt	PkgWatt
20.40	137.74
0.54	137.74
0.48
0.47
0.53
0.51
0.52
0.49
0.48
5.80
0.50
0.41
0.40
0.51
0.53
0.51
0.62
0.46
0.47
0.49
0.47
0.40
0.38
0.38
0.39
0.37
0.37
0.39
0.38
0.58
0.54
0.53
0.50
CorWatt	PkgWatt
20.04	137.61
0.54	137.62
0.46
0.47
0.47
0.50
0.50
0.50
0.49
5.80
0.46
0.39
0.40
0.51
0.51
0.51
0.63
0.46
0.46
0.49
0.47
0.41
0.39
0.40
0.39
0.35
0.35
0.35
0.36
0.54
0.51
0.50
0.50
CorWatt	PkgWatt
19.93	134.24
0.61	134.25
0.54
0.55
0.55
0.56
0.56
0.58
0.55
2.73
0.53
0.46
0.49
0.61
0.61
0.59
0.69
0.53
0.55
0.55
0.55
0.49
0.47
0.45
0.49
0.45
0.45
0.44
0.44
1.10
0.58
0.58
0.59
CorWatt	PkgWatt
17.63	130.76
0.57	130.74
0.47
0.48
0.46
0.50
0.51
0.50
0.48
0.41
0.45
0.38
0.40
0.51
0.52
0.50
0.52
0.46
0.47
0.49
0.47
0.39
0.38
0.38
0.39
3.15
0.42
0.40
0.39
0.64
0.50
0.51
0.52
CorWatt	PkgWatt
17.63	130.55
0.55	130.55
0.45
0.48
0.44
0.50
0.53
0.49
0.49
0.40
0.45
0.38
0.39
0.52
0.53
0.50
0.52
0.46
0.46
0.50
0.47
0.40
0.40
0.38
0.41
3.07
0.42
0.41
0.38
0.65
0.53
0.52
0.53
CorWatt	PkgWatt
17.38	130.38
0.55	130.37
0.45
0.46
0.44
0.50
0.50
0.49
0.48
0.41
0.43
0.38
0.40
0.50
0.51
0.50
0.52
0.46
0.47
0.49
0.47
0.39
0.39
0.38
0.39
3.05
0.42
0.39
0.38
0.64
0.50
0.51
0.52
CorWatt	PkgWatt
17.64	130.73
0.56	130.73
0.48
0.48
0.45
0.51
0.50
0.50
0.49
0.40
0.44
0.38
0.39
0.53
0.53
0.50
0.53
0.48
0.47
0.50
0.47
0.41
0.39
0.38
0.40
3.06
0.41
0.39
0.39
0.65
0.52
0.52
0.52
CorWatt	PkgWatt
17.39	130.43
0.55	130.43
0.45
0.45
0.44
0.50
0.50
0.49
0.48
0.39
0.44
0.39
0.41
0.51
0.51
0.50
0.52
0.45
0.47
0.49
0.47
0.39
0.40
0.38
0.39
3.06
0.40
0.38
0.38
0.64
0.51
0.51
0.51
CorWatt	PkgWatt
17.86	130.65
0.55	130.65
0.48
0.48
0.46
0.53
0.51
0.51
0.52
0.42
0.44
0.39
0.40
0.52
0.53
0.52
0.53
0.47
0.49
0.50
0.48
0.42
0.42
0.39
0.42
3.05
0.42
0.40
0.39
0.65
0.53
0.52
0.51
CorWatt	PkgWatt
17.49	130.52
0.52	130.53
0.46
0.46
0.46
0.50
0.50
0.49
0.50
0.39
0.44
0.38
0.41
0.52
0.52
0.52
0.52
0.47
0.48
0.49
0.47
0.39
0.40
0.39
0.41
3.05
0.43
0.38
0.39
0.64
0.50
0.51
0.52
CorWatt	PkgWatt
17.65	130.71
0.52	130.71
0.47
0.47
0.46
0.50
0.51
0.49
0.49
0.42
0.48
0.38
0.40
0.53
0.52
0.51
0.53
0.48
0.47
0.49
0.47
0.40
0.38
0.38
0.40
3.07
0.43
0.39
0.39
0.65
0.52
0.52
0.51
CorWatt	PkgWatt
17.56	130.49
0.52	130.49
0.47
0.45
0.44
0.50
0.50
0.48
0.49
0.41
0.44
0.38
0.40
0.50
0.51
0.51
0.52
0.48
0.46
0.49
0.47
0.41
0.40
0.38
0.39
3.04
0.45
0.41
0.42
0.66
0.54
0.51
0.53
CorWatt	PkgWatt
17.48	130.45
0.53	130.45
0.47
0.44
0.44
0.51
0.51
0.48
0.50
0.39
0.43
0.38
0.38
0.51
0.52
0.50
0.51
0.48
0.48
0.53
0.50
0.40
0.38
0.38
0.39
3.04
0.42
0.39
0.39
0.65
0.52
0.51
0.51
CorWatt	PkgWatt
17.46	130.44
0.52	130.44
0.47
0.44
0.44
0.49
0.50
0.48
0.48
0.40
0.43
0.38
0.39
0.50
0.53
0.52
0.51
0.47
0.46
0.51
0.46
0.39
0.40
0.39
0.39
3.04
0.45
0.41
0.40
0.64
0.51
0.52
0.52
CorWatt	PkgWatt
17.48	130.47
0.53	130.47
0.47
0.45
0.44
0.49
0.50
0.49
0.49
0.39
0.44
0.38
0.39
0.52
0.54
0.50
0.52
0.47
0.46
0.51
0.48
0.40
0.39
0.38
0.40
3.04
0.43
0.39
0.39
0.63
0.52
0.51
0.51
CorWatt	PkgWatt
17.50	130.29
0.55	130.29
0.48
0.48
0.46
0.50
0.50
0.48
0.48
0.41
0.44
0.38
0.39
0.50
0.51
0.50
0.52
0.48
0.46
0.49
0.48
0.39
0.41
0.38
0.39
3.05
0.45
0.39
0.38
0.65
0.51
0.50
0.52
CorWatt	PkgWatt
17.41	130.34
0.52	130.33
0.45
0.44
0.44
0.53
0.51
0.49
0.48
0.39
0.44
0.38
0.39
0.51
0.51
0.50
0.52
0.48
0.48
0.52
0.46
0.40
0.38
0.38
0.39
3.04
0.42
0.39
0.39
0.64
0.52
0.50
0.51
CorWatt	PkgWatt
17.39	130.47
0.54	130.47
0.47
0.44
0.45
0.50
0.50
0.51
0.50
0.39
0.43
0.37
0.39
0.52
0.51
0.50
0.52
0.49
0.47
0.50
0.47
0.39
0.38
0.38
0.39
3.04
0.42
0.39
0.38
0.64
0.52
0.50
0.51
CorWatt	PkgWatt
17.62	130.38
0.53	130.42
0.46
0.45
0.45
0.50
0.50
0.49
0.49
0.40
0.44
0.38
0.39
0.51
0.52
0.51
0.52
0.50
0.47
0.52
0.48
0.40
0.39
0.38
0.40
3.04
0.47
0.41
0.41
0.65
0.52
0.51
0.52
CorWatt	PkgWatt
17.52	130.52
0.54	130.48
0.46
0.44
0.44
0.49
0.51
0.48
0.49
0.39
0.44
0.41
0.41
0.51
0.51
0.51
0.53
0.49
0.47
0.51
0.49
0.39
0.38
0.38
0.39
3.04
0.45
0.40
0.40
0.65
0.51
0.51
0.51
CorWatt	PkgWatt
18.20	130.13
0.60	130.14
0.54
0.53
0.50
0.55
0.55
0.54
0.54
0.80
0.72
0.45
0.46
0.90
0.86
0.70
0.70
0.54
0.52
0.54
0.51
0.47
0.45
0.45
0.46
0.51
0.46
0.45
0.45
0.68
0.61
0.56
0.61
CorWatt	PkgWatt
16.38	128.60
0.52	128.59
0.49
0.44
0.44
0.51
0.52
0.50
0.50
0.39
0.54
0.38
0.40
1.36
0.81
0.77
0.79
0.47
0.46
0.50
0.46
0.39
0.39
0.38
0.39
0.43
0.38
0.37
0.35
0.53
0.50
0.50
0.51
CorWatt	PkgWatt
16.63	128.84
0.51	128.84
0.50
0.45
0.44
0.49
0.50
0.49
0.49
0.42
0.54
0.40
0.39
1.09
1.13
0.81
0.79
0.47
0.47
0.52
0.47
0.40
0.38
0.38
0.39
0.42
0.36
0.39
0.39
0.55
0.54
0.52
0.51
CorWatt	PkgWatt
16.43	128.69
0.52	128.68
0.50
0.44
0.44
0.49
0.51
0.48
0.48
0.40
0.55
0.39
0.39
1.40
0.82
0.77
0.79
0.47
0.45
0.50
0.46
0.39
0.38
0.38
0.41
0.43
0.38
0.37
0.40
0.53
0.52
0.50
0.51
CorWatt	PkgWatt
16.83	128.89
0.50	128.90
0.52
0.46
0.49
0.50
0.53
0.50
0.49
0.40
0.57
0.42
0.46
0.87
1.34
0.77
0.79
0.46
0.45
0.54
0.46
0.44
0.39
0.43
0.39
0.42
0.36
0.37
0.37
0.53
0.54
0.53
0.53
CorWatt	PkgWatt
17.20	129.33
0.51	129.32
0.50
0.46
0.44
0.51
0.52
0.49
0.50
0.40
0.53
0.38
0.40
0.92
1.81
0.87
0.89
0.48
0.47
0.49
0.45
0.39
0.38
0.40
0.40
0.42
0.39
0.36
0.38
0.55
0.50
0.50
0.51
CorWatt	PkgWatt
19.81	131.53
0.53	131.53
0.49
0.47
0.45
0.50
0.52
0.50
0.49
0.42
0.55
0.43
0.42
1.21
3.23
1.20
1.21
0.47
0.47
0.50
0.46
0.40
0.38
0.38
0.40
0.42
0.36
0.38
0.39
0.55
0.53
0.54
0.53
CorWatt	PkgWatt
19.67	131.58
0.54	131.58
0.50
0.46
0.44
0.49
0.50
0.48
0.48
0.41
0.53
0.38
0.41
1.25
3.22
1.24
1.26
0.46
0.46
0.50
0.48
0.39
0.38
0.38
0.39
0.42
0.38
0.37
0.37
0.53
0.51
0.51
0.52
CorWatt	PkgWatt
20.06	131.79
0.55	131.79
0.53
0.44
0.48
0.52
0.52
0.49
0.52
0.41
0.54
0.38
0.40
1.25
1.26
3.19
1.25
0.50
0.50
0.53
0.51
0.40
0.41
0.42
0.41
0.40
0.38
0.37
0.39
0.53
0.52
0.52
0.54
CorWatt	PkgWatt
19.48	131.22
0.53	131.23
0.49
0.44
0.45
0.49
0.52
0.49
0.49
0.40
0.54
0.40
0.41
1.22
1.22
3.20
1.21
0.46
0.46
0.49
0.46
0.41
0.39
0.41
0.39
0.38
0.36
0.37
0.36
0.52
0.51
0.51
0.52
CorWatt	PkgWatt
19.98	131.81
0.54	131.81
0.50
0.46
0.49
0.52
0.52
0.49
0.49
0.40
0.57
0.41
0.41
1.25
3.20
1.24
1.26
0.46
0.47
0.50
0.46
0.41
0.38
0.41
0.39
0.40
0.40
0.40
0.39
0.58
0.54
0.55
0.52
CorWatt	PkgWatt
19.52	131.41
0.52	131.41
0.49
0.46
0.44
0.49
0.50
0.48
0.48
0.39
0.53
0.38
0.40
1.25
3.22
1.24
1.26
0.45
0.45
0.49
0.46
0.41
0.40
0.42
0.39
0.38
0.36
0.37
0.36
0.53
0.51
0.51
0.51
CorWatt	PkgWatt
19.57	131.32
0.52	131.32
0.48
0.46
0.44
0.50
0.50
0.48
0.48
0.39
0.54
0.38
0.39
1.26
1.89
2.58
1.26
0.48
0.47
0.49
0.48
0.40
0.38
0.40
0.38
0.37
0.36
0.36
0.35
0.54
0.50
0.52
0.51
CorWatt	PkgWatt
19.51	131.48
0.52	131.47
0.49
0.46
0.47
0.49
0.50
0.50
0.49
0.39
0.53
0.38
0.41
1.25
1.25
3.20
1.25
0.45
0.45
0.49
0.46
0.39
0.38
0.40
0.38
0.38
0.39
0.36
0.35
0.53
0.50
0.51
0.51
CorWatt	PkgWatt
19.74	131.47
0.53	131.48
0.48
0.50
0.44
0.50
0.53
0.50
0.49
0.41
0.54
0.39
0.40
1.22
1.23
3.21
1.22
0.46
0.46
0.49
0.47
0.40
0.40
0.41
0.41
0.38
0.38
0.39
0.36
0.54
0.53
0.52
0.53
CorWatt	PkgWatt
19.53	131.26
0.53	131.26
0.47
0.45
0.45
0.49
0.50
0.48
0.48
0.41
0.54
0.39
0.40
1.26
1.26
3.20
1.26
0.47
0.46
0.49
0.45
0.39
0.38
0.40
0.38
0.38
0.38
0.37
0.35
0.54
0.50
0.51
0.51
CorWatt	PkgWatt
19.49	131.31
0.53	131.30
0.50
0.46
0.43
0.49
0.49
0.49
0.48
0.40
0.53
0.39
0.39
1.26
1.26
3.20
1.26
0.45
0.45
0.49
0.46
0.39
0.38
0.40
0.38
0.37
0.36
0.37
0.35
0.54
0.50
0.52
0.51
CorWatt	PkgWatt
19.17	130.93
0.57	130.96
0.53
0.48
0.48
0.51
0.50
0.49
0.50
0.46
0.61
0.42
0.46
0.99
2.06
0.95
0.95
0.57
0.58
0.65
0.55
0.52
0.47
0.48
0.45
0.44
0.40
0.42
0.42
0.58
0.59
0.55
0.56
