CorWatt	PkgWatt
15.58	128.18
0.54	128.18
0.48
0.50
0.48
0.54
0.54
0.56
0.51
0.46
0.47
0.42
0.41
0.54
0.53
0.52
0.56
0.47
0.59
0.53
0.48
0.41
0.41
0.41
0.43
0.41
0.40
0.44
0.39
0.56
0.53
0.54
0.54
CorWatt	PkgWatt
15.21	127.13
0.49	127.73
0.48
0.48
0.50
0.55
0.52
0.56
0.51
0.45
0.46
0.40
0.40
0.54
0.54
0.51
0.56
0.45
0.48
0.50
0.48
0.41
0.41
0.40
0.43
0.43
0.42
0.41
0.38
0.53
0.52
0.52
0.51
CorWatt	PkgWatt
69.06	166.33
0.87	187.92
2.22
2.28
2.28
2.35
2.36
2.37
2.31
2.25
2.26
2.26
2.24
2.37
2.37
2.37
2.40
2.41
2.40
3.94
2.26
2.36
2.32
2.14
2.09
2.33
2.26
2.08
2.08
2.50
2.47
2.27
2.27
