CorWatt	PkgWatt
15.60	127.49
0.55	127.47
0.48
0.47
0.47
0.53
0.54
0.59
0.51
0.43
0.44
0.42
0.46
0.56
0.51
0.50
0.55
0.45
0.50
0.49
0.57
0.43
0.44
0.40
0.50
0.38
0.40
0.42
0.41
0.54
0.58
0.54
0.54
CorWatt	PkgWatt
14.78	127.07
0.50	127.14
0.47
0.46
0.43
0.53
0.49
0.57
0.49
0.40
0.46
0.37
0.45
0.50
0.53
0.49
0.51
0.45
0.46
0.47
0.47
0.39
0.40
0.38
0.43
0.37
0.40
0.42
0.37
0.54
0.57
0.52
0.51
CorWatt	PkgWatt
18.50	129.99
0.62	129.92
0.57
0.59
0.53
0.64
0.59
0.61
0.62
0.48
0.55
0.49
0.56
0.56
0.61
0.59
0.56
0.51
0.54
0.55
0.60
0.50
0.53
0.50
0.61
0.56
0.60
0.54
0.59
0.72
0.67
0.71
0.59
CorWatt	PkgWatt
15.40	127.43
0.55	127.41
0.46
0.52
0.44
0.54
0.51
0.54
0.49
0.40
0.50
0.39
0.45
0.50
0.52
0.49
0.51
0.44
0.46
0.46
0.46
0.41
0.44
0.39
0.41
0.39
0.44
0.42
0.46
0.62
0.59
0.58
0.60
