CorWatt	PkgWatt
14.98	127.01
0.55	127.00
0.44
0.46
0.49
0.50
0.50
0.51
0.49
0.39
0.45
0.48
0.39
0.50
0.51
0.56
0.52
0.50
0.50
0.45
0.50
0.39
0.42
0.40
0.40
0.37
0.37
0.43
0.43
0.56
0.51
0.52
0.51
CorWatt	PkgWatt
14.53	126.44
0.49	126.43
0.42
0.45
0.47
0.48
0.49
0.48
0.48
0.39
0.43
0.39
0.37
0.51
0.51
0.57
0.51
0.48
0.45
0.47
0.45
0.38
0.40
0.38
0.38
0.41
0.37
0.40
0.42
0.51
0.51
0.53
0.55
CorWatt	PkgWatt
62.54	174.38
0.93	174.52
1.88
1.92
1.97
2.02
2.04
2.03
1.98
1.92
1.94
1.91
3.48
2.11
2.11
2.06
2.05
2.05
1.98
1.84
1.88
1.84
1.87
1.74
1.70
1.90
1.89
1.80
1.72
2.05
2.07
1.97
1.91
CorWatt	PkgWatt
47.21	161.04
0.64	160.99
1.50
1.56
1.51
1.57
1.58
1.57
1.53
1.47
1.49
1.47
2.13
1.62
1.69
1.67
1.66
1.51
1.49
1.36
1.38
1.43
1.43
1.29
1.27
1.40
1.39
1.29
1.28
1.57
1.57
1.43
1.45
