CorWatt	PkgWatt
14.96	127.05
0.52	127.05
0.46
0.57
0.46
0.50
0.52
0.49
0.48
0.40
0.44
0.39
0.48
0.50
0.51
0.57
0.52
0.46
0.52
0.47
0.48
0.41
0.41
0.40
0.41
0.35
0.36
0.38
0.36
0.53
0.52
0.54
0.55
CorWatt	PkgWatt
14.44	126.56
0.51	126.55
0.43
0.56
0.44
0.48
0.49
0.49
0.48
0.38
0.41
0.36
0.38
0.49
0.50
0.55
0.50
0.46
0.51
0.47
0.46
0.39
0.39
0.39
0.38
0.35
0.36
0.37
0.35
0.51
0.52
0.52
0.53
CorWatt	PkgWatt
61.75	176.15
1.40	176.32
1.95
2.02
1.98
2.05
1.99
2.03
2.05
1.92
1.93
1.92
1.89
2.01
1.99
1.97
1.97
3.04
1.96
1.77
1.79
1.84
1.86
1.73
1.91
1.86
1.83
1.76
1.66
2.02
1.99
1.85
1.86
CorWatt	PkgWatt
49.41	163.14
1.64	163.07
1.57
1.61
1.55
1.61
1.66
1.61
1.56
1.52
1.51
1.50
1.47
1.61
1.66
1.66
1.67
1.63
1.63
1.45
1.49
1.53
1.53
1.37
1.33
1.51
1.48
1.34
1.33
1.70
1.64
1.53
1.50
