CorWatt	PkgWatt
15.20	126.97
0.54	126.98
0.51
0.47
0.49
0.54
0.51
0.51
0.55
0.41
0.46
0.48
0.41
0.52
0.52
0.52
0.52
0.45
0.51
0.53
0.48
0.42
0.42
0.42
0.40
0.36
0.38
0.41
0.37
0.53
0.52
0.53
0.50
CorWatt	PkgWatt
14.88	126.73
0.52	126.73
0.51
0.50
0.47
0.51
0.55
0.53
0.50
0.38
0.47
0.37
0.40
0.53
0.52
0.51
0.51
0.49
0.50
0.50
0.46
0.43
0.39
0.38
0.42
0.37
0.38
0.38
0.36
0.52
0.52
0.51
0.50
CorWatt	PkgWatt
18.53	129.97
0.70	130.01
0.59
0.61
0.66
0.60
0.64
0.66
0.64
0.49
0.53
0.49
0.57
0.60
0.59
0.54
0.58
0.57
0.69
0.65
0.61
0.52
0.55
0.48
0.52
0.44
0.52
0.47
0.46
0.62
0.68
0.64
0.62
CorWatt	PkgWatt
16.77	128.10
0.58	127.97
0.49
0.56
0.56
0.51
0.56
0.63
0.50
0.48
0.51
0.41
0.42
0.53
0.53
0.52
0.55
0.49
0.50
0.53
0.48
0.44
0.48
0.41
0.45
0.56
0.54
0.50
0.47
0.60
0.54
0.79
0.66
