CorWatt	PkgWatt
4.80	153.80
0.08	76.93
0.08
0.08
0.08
0.08
0.08
0.08
0.08
0.07
0.07
0.07
0.07
0.07
0.07
0.07
0.07
0.08
0.08
0.08
0.08
0.09
0.08
0.08
0.08
0.08
0.08
0.08
0.08
0.07
0.07
0.07
0.07
0.08	77.01
0.07
0.07
0.07
0.08
0.08
0.08
0.08
0.08
0.07
0.07
0.07
0.07
0.07
0.06
0.06
0.08
0.07
0.07
0.07
0.08
0.08
0.08
0.08
0.08
0.08
0.08
0.09
0.07
0.07
0.07
0.07
CorWatt	PkgWatt
5.08	152.34
0.10	76.06
0.08
0.08
0.09
0.08
0.08
0.08
0.10
0.07
0.07
0.08
0.07
0.07
0.07
0.09
0.07
0.10
0.08
0.12
0.08
0.09
0.08
0.08
0.08
0.12
0.08
0.08
0.08
0.08
0.07
0.07
0.08
0.08	76.23
0.08
0.08
0.07
0.08
0.08
0.08
0.08
0.08
0.07
0.07
0.07
0.09
0.07
0.07
0.07
0.08
0.07
0.07
0.07
0.08
0.08
0.08
0.08
0.09
0.08
0.09
0.10
0.07
0.07
0.07
0.07
CorWatt	PkgWatt
14.36	180.17
0.20	88.04
0.16
0.17
0.14
0.13
0.13
0.15
0.15
0.13
0.11
0.15
0.14
0.14
0.12
0.23
0.14
0.32
0.32
0.33
0.35
0.24
0.18
0.14
0.13
0.13
0.12
0.17
0.19
0.13
0.12
0.20
0.15
0.26	92.22
0.23
0.22
0.18
0.26
0.17
0.17
0.21
0.24
0.23
0.18
0.24
0.16
0.28
0.16
0.16
0.19
0.25
0.24
0.19
0.17
0.27
0.26
0.17
0.22
0.21
0.20
0.26
0.18
0.20
2.22
0.19
