CorWatt	PkgWatt
15.25	126.94
0.57	126.94
0.46
0.49
0.45
0.51
0.52
0.52
0.49
0.50
0.45
0.38
0.42
0.51
0.54
0.57
0.52
0.47
0.50
0.48
0.48
0.42
0.40
0.40
0.41
0.38
0.40
0.38
0.40
0.58
0.56
0.55
0.55
CorWatt	PkgWatt
14.47	126.43
0.52	126.42
0.44
0.45
0.43
0.47
0.48
0.48
0.47
0.39
0.47
0.38
0.38
0.49
0.52
0.56
0.50
0.45
0.48
0.48
0.46
0.40
0.38
0.38
0.39
0.37
0.39
0.38
0.39
0.54
0.53
0.50
0.53
CorWatt	PkgWatt
62.87	175.73
0.94	175.87
1.99
1.99
1.98
2.02
2.01
2.04
1.95
1.87
1.88
1.86
1.88
2.00
2.01
2.03
2.02
1.94
1.97
1.84
1.82
1.89
1.87
1.71
1.70
1.99
1.92
3.44
1.89
2.24
2.14
2.01
2.06
CorWatt	PkgWatt
46.38	160.06
0.64	160.01
1.48
1.50
1.47
1.55
1.53
1.55
1.49
1.40
1.45
1.41
1.38
1.58
1.59
1.65
1.60
1.50
1.49
1.38
1.40
1.45
1.42
1.28
1.25
1.39
1.38
1.95
1.25
1.57
1.55
1.42
1.43
