CorWatt	PkgWatt
15.03	127.83
0.51	127.15
0.45
0.46
0.44
0.51
0.51
0.56
0.49
0.44
0.45
0.38
0.41
0.52
0.52
0.55
0.55
0.48
0.51
0.49
0.52
0.41
0.40
0.44
0.42
0.39
0.41
0.38
0.36
0.53
0.50
0.51
0.51
CorWatt	PkgWatt
15.14	126.98
0.52	127.02
0.45
0.52
0.48
0.49
0.49
0.54
0.49
0.41
0.45
0.38
0.42
0.57
0.57
0.53
0.60
0.48
0.52
0.47
0.49
0.42
0.40
0.44
0.41
0.37
0.40
0.37
0.36
0.55
0.50
0.53
0.53
CorWatt	PkgWatt
23.61	134.72
0.72	134.72
0.60
0.71
0.54
0.74
0.60
0.63
0.62
0.63
0.62
0.59
0.61
0.71
0.68
0.65
0.79
0.73
0.67
0.70
0.76
0.72
0.59
0.58
0.61
0.68
0.70
0.60
0.61
0.80
0.78
2.80
0.84
CorWatt	PkgWatt
17.36	128.85
0.53	128.82
0.48
0.53
0.46
0.53
0.53
0.58
0.52
0.48
0.45
0.48
0.43
0.53
0.56
0.55
0.57
0.56
0.50
0.46
0.46
0.40
0.43
0.48
0.41
1.13
0.65
0.62
0.61
0.62
0.57
0.68
0.60
CorWatt	PkgWatt
17.29	128.60
0.53	128.59
0.47
0.59
0.46
0.54
0.52
0.56
0.55
0.46
0.47
0.39
0.43
0.56
0.57
0.53
0.54
0.54
0.49
0.44
0.45
0.44
0.38
0.46
0.41
0.79
0.67
0.98
0.64
0.59
0.54
0.66
0.66
CorWatt	PkgWatt
18.03	129.25
0.56	129.27
0.50
0.56
0.51
0.52
0.53
0.61
0.51
0.44
0.53
0.54
0.47
0.62
0.63
0.60
0.62
0.55
0.51
0.48
0.50
0.46
0.42
0.47
0.46
0.66
0.99
0.86
0.66
0.57
0.53
0.66
0.50
CorWatt	PkgWatt
17.02	128.39
0.53	128.37
0.46
0.44
0.51
0.52
0.51
0.57
0.51
0.44
0.49
0.40
0.45
0.55
0.56
0.54
0.64
0.49
0.49
0.46
0.46
0.42
0.40
0.44
0.42
0.63
0.83
0.65
0.96
0.53
0.51
0.63
0.55
CorWatt	PkgWatt
16.96	128.51
0.55	128.50
0.50
0.49
0.53
0.52
0.52
0.65
0.53
0.41
0.46
0.37
0.41
0.53
0.56
0.53
0.58
0.54
0.46
0.45
0.46
0.40
0.38
0.42
0.43
0.60
1.01
0.62
0.84
0.55
0.51
0.64
0.50
CorWatt	PkgWatt
18.29	130.35
0.55	130.35
0.44
0.44
0.51
0.51
0.52
0.57
0.50
0.43
0.47
0.43
0.45
0.55
0.54
0.57
0.58
0.51
0.48
0.47
0.48
0.42
0.38
0.43
0.42
0.43
3.10
0.43
0.39
0.56
0.54
0.64
0.55
CorWatt	PkgWatt
18.28	130.60
0.53	130.61
0.44
0.46
0.53
0.52
0.50
0.56
0.52
0.40
0.43
0.47
0.39
0.49
0.54
0.53
0.51
0.53
0.50
0.49
0.48
0.44
0.43
0.44
0.42
0.39
3.11
0.38
0.38
0.63
0.56
0.66
0.62
CorWatt	PkgWatt
18.20	130.38
0.54	130.37
0.46
0.49
0.52
0.48
0.48
0.55
0.51
0.42
0.45
0.37
0.39
0.51
0.52
0.53
0.53
0.51
0.52
0.49
0.47
0.45
0.41
0.47
0.48
0.43
3.10
0.41
0.41
0.59
0.53
0.59
0.60
CorWatt	PkgWatt
18.44	130.73
0.61	130.73
0.48
0.49
0.50
0.54
0.54
0.56
0.55
0.39
0.49
0.40
0.40
0.51
0.54
0.55
0.53
0.53
0.50
0.51
0.49
0.42
0.40
0.40
0.45
0.43
3.11
0.38
0.40
0.59
0.54
0.58
0.64
CorWatt	PkgWatt
20.84	132.22
0.62	132.21
0.61
0.64
0.69
0.65
0.59
0.63
0.57
0.64
0.62
0.68
0.62
0.68
0.64
0.63
0.72
0.60
0.53
0.53
0.51
0.43
0.43
0.45
0.49
0.50
2.68
0.51
0.48
0.62
0.54
0.53
0.77
