CorWatt	PkgWatt
15.93	127.55
0.57	127.58
0.48
0.49
0.47
0.52
0.55
0.52
0.50
0.55
0.50
0.42
0.47
0.54
0.55
0.55
0.57
0.50
0.53
0.51
0.54
0.41
0.42
0.41
0.40
0.45
0.40
0.41
0.45
0.61
0.56
0.54
0.54
CorWatt	PkgWatt
14.86	126.84
0.51	126.98
0.43
0.45
0.42
0.52
0.51
0.48
0.47
0.41
0.51
0.38
0.38
0.51
0.54
0.51
0.51
0.47
0.49
0.47
0.50
0.41
0.40
0.40
0.41
0.39
0.41
0.38
0.37
0.59
0.56
0.52
0.53
CorWatt	PkgWatt
21.07	132.77
2.30	132.62
0.60
0.86
0.51
0.68
0.67
0.59
0.58
0.62
0.61
0.60
0.63
0.67
0.66
0.73
0.64
0.56
0.64
0.58
0.56
0.49
0.56
0.49
0.50
0.48
0.53
0.53
0.48
0.68
0.69
0.69
0.63
CorWatt	PkgWatt
16.77	128.24
0.61	128.23
0.46
0.46
0.45
0.94
1.07
0.75
0.72
0.46
0.51
0.41
0.44
0.57
0.55
0.56
0.56
0.48
0.48
0.48
0.46
0.41
0.43
0.39
0.41
0.36
0.39
0.37
0.38
0.59
0.57
0.51
0.54
CorWatt	PkgWatt
16.08	127.99
0.58	127.99
0.43
0.44
0.46
0.76
1.26
0.72
0.71
0.42
0.50
0.42
0.40
0.50
0.50
0.53
0.51
0.44
0.45
0.47
0.45
0.39
0.38
0.38
0.38
0.35
0.38
0.35
0.37
0.57
0.53
0.50
0.52
CorWatt	PkgWatt
17.16	128.57
0.60	128.61
0.46
0.47
0.49
0.91
1.20
0.77
0.75
0.45
0.51
0.46
0.43
0.54
0.51
0.55
0.56
0.48
0.51
0.51
0.49
0.40
0.41
0.41
0.42
0.39
0.42
0.41
0.41
0.59
0.57
0.54
0.55
CorWatt	PkgWatt
16.18	128.10
0.57	128.04
0.44
0.47
0.48
0.77
1.30
0.73
0.73
0.39
0.44
0.38
0.39
0.52
0.53
0.51
0.55
0.44
0.46
0.48
0.46
0.39
0.38
0.38
0.38
0.36
0.40
0.36
0.38
0.51
0.52
0.51
0.53
CorWatt	PkgWatt
16.39	128.15
0.58	128.16
0.43
0.46
0.50
0.71
1.57
0.69
0.68
0.44
0.48
0.41
0.39
0.51
0.54
0.51
0.54
0.44
0.46
0.51
0.47
0.40
0.38
0.38
0.41
0.35
0.37
0.37
0.38
0.52
0.52
0.50
0.51
CorWatt	PkgWatt
17.17	129.61
0.58	129.60
0.43
0.49
0.45
0.52
3.29
0.49
0.48
0.39
0.44
0.37
0.37
0.49
0.50
0.49
0.51
0.44
0.45
0.48
0.47
0.38
0.38
0.39
0.38
0.35
0.37
0.35
0.36
0.54
0.51
0.50
0.53
CorWatt	PkgWatt
17.87	130.25
0.58	130.26
0.45
0.50
0.46
0.52
3.28
0.51
0.50
0.42
0.46
0.39
0.41
0.53
0.51
0.52
0.51
0.48
0.49
0.50
0.47
0.44
0.42
0.42
0.41
0.38
0.39
0.38
0.40
0.53
0.54
0.53
0.54
CorWatt	PkgWatt
17.38	129.77
0.56	129.76
0.44
0.52
0.44
0.53
3.29
0.50
0.50
0.40
0.45
0.40
0.39
0.51
0.51
0.52
0.57
0.44
0.47
0.49
0.46
0.39
0.38
0.38
0.38
0.35
0.37
0.37
0.38
0.50
0.50
0.50
0.50
CorWatt	PkgWatt
17.29	129.72
0.58	129.73
0.45
0.49
0.45
0.51
3.29
0.51
0.48
0.38
0.46
0.39
0.37
0.50
0.50
0.49
0.52
0.44
0.46
0.47
0.45
0.40
0.38
0.38
0.38
0.36
0.37
0.37
0.38
0.53
0.54
0.53
0.50
CorWatt	PkgWatt
17.13	129.74
0.57	129.73
0.43
0.51
0.43
0.51
3.29
0.49
0.48
0.38
0.43
0.37
0.37
0.50
0.50
0.49
0.52
0.44
0.45
0.49
0.45
0.40
0.40
0.40
0.39
0.36
0.35
0.36
0.37
0.50
0.50
0.50
0.51
CorWatt	PkgWatt
17.21	129.66
0.56	129.66
0.42
0.49
0.46
0.51
3.29
0.49
0.48
0.39
0.43
0.37
0.37
0.50
0.51
0.50
0.52
0.46
0.48
0.47
0.47
0.40
0.38
0.38
0.38
0.35
0.35
0.35
0.37
0.55
0.53
0.50
0.50
CorWatt	PkgWatt
17.24	129.74
0.56	129.74
0.45
0.49
0.49
0.52
3.29
0.50
0.48
0.38
0.43
0.38
0.37
0.50
0.50
0.49
0.52
0.45
0.46
0.48
0.46
0.39
0.38
0.38
0.38
0.35
0.35
0.35
0.37
0.55
0.50
0.50
0.51
CorWatt	PkgWatt
17.21	129.60
0.58	129.61
0.43
0.49
0.47
0.50
3.29
0.49
0.49
0.40
0.44
0.36
0.36
0.49
0.51
0.49
0.51
0.44
0.47
0.48
0.46
0.39
0.40
0.38
0.40
0.35
0.36
0.37
0.37
0.51
0.52
0.50
0.52
CorWatt	PkgWatt
17.09	129.67
0.58	129.67
0.44
0.48
0.45
0.52
3.29
0.49
0.48
0.37
0.45
0.39
0.40
0.49
0.50
0.49
0.51
0.44
0.45
0.47
0.46
0.38
0.38
0.38
0.38
0.35
0.35
0.35
0.37
0.50
0.51
0.50
0.51
CorWatt	PkgWatt
17.24	129.69
0.57	129.69
0.43
0.46
0.47
0.52
3.29
0.49
0.48
0.39
0.45
0.40
0.41
0.53
0.53
0.50
0.54
0.44
0.46
0.49
0.45
0.39
0.39
0.38
0.38
0.35
0.35
0.35
0.37
0.50
0.49
0.50
0.50
CorWatt	PkgWatt
17.38	129.64
0.57	129.63
0.44
0.47
0.46
0.54
3.29
0.52
0.51
0.39
0.48
0.38
0.39
0.51
0.51
0.53
0.51
0.44
0.46
0.48
0.46
0.39
0.40
0.38
0.40
0.36
0.36
0.36
0.38
0.51
0.50
0.50
0.51
CorWatt	PkgWatt
17.33	129.73
0.57	129.73
0.43
0.49
0.49
0.51
3.28
0.49
0.50
0.40
0.45
0.36
0.37
0.51
0.50
0.50
0.51
0.46
0.46
0.47
0.46
0.41
0.39
0.38
0.41
0.35
0.35
0.35
0.38
0.52
0.56
0.50
0.53
CorWatt	PkgWatt
17.84	129.51
0.66	129.53
0.51
0.52
0.75
0.72
0.73
0.67
1.04
0.46
0.53
0.47
0.46
0.58
0.56
0.57
0.90
0.48
0.51
0.52
0.50
0.44
0.44
0.43
0.44
0.42
0.41
0.42
0.40
0.61
0.60
0.54
0.56
CorWatt	PkgWatt
16.73	128.27
0.53	128.26
0.44
0.46
0.55
1.17
0.84
0.83
1.22
0.41
0.46
0.37
0.38
0.50
0.51
0.49
0.52
0.44
0.47
0.48
0.47
0.41
0.41
0.38
0.38
0.35
0.37
0.38
0.38
0.53
0.55
0.51
0.52
CorWatt	PkgWatt
16.60	128.29
0.53	128.28
0.44
0.46
0.53
0.86
0.85
0.83
1.51
0.39
0.45
0.38
0.40
0.51
0.51
0.50
0.55
0.44
0.46
0.49
0.46
0.40
0.38
0.38
0.38
0.35
0.35
0.37
0.36
0.52
0.52
0.51
0.52
CorWatt	PkgWatt
16.45	128.07
0.53	128.08
0.45
0.46
0.53
0.85
0.84
0.83
1.51
0.39
0.44
0.37
0.38
0.49
0.51
0.48
0.50
0.44
0.48
0.49
0.47
0.40
0.38
0.38
0.38
0.38
0.35
0.36
0.35
0.50
0.54
0.50
0.50
CorWatt	PkgWatt
16.62	128.16
0.52	128.15
0.43
0.46
0.57
0.85
0.85
0.84
1.50
0.39
0.45
0.38
0.39
0.50
0.52
0.51
0.51
0.45
0.46
0.48
0.46
0.39
0.40
0.40
0.39
0.37
0.35
0.36
0.37
0.51
0.53
0.51
0.52
CorWatt	PkgWatt
16.45	128.11
0.51	128.12
0.45
0.47
0.58
0.85
0.84
0.83
1.50
0.39
0.44
0.37
0.37
0.49
0.50
0.48
0.50
0.44
0.47
0.48
0.45
0.39
0.38
0.38
0.38
0.35
0.35
0.35
0.35
0.52
0.54
0.50
0.54
CorWatt	PkgWatt
17.86	129.42
0.51	129.42
0.43
0.46
0.56
2.07
1.06
1.05
1.20
0.39
0.44
0.38
0.40
0.49
0.50
0.49
0.51
0.44
0.48
0.49
0.46
0.40
0.38
0.38
0.38
0.36
0.35
0.35
0.35
0.52
0.55
0.50
0.52
CorWatt	PkgWatt
19.49	130.74
0.52	130.75
0.44
0.46
0.57
1.74
1.34
1.34
2.70
0.40
0.44
0.37
0.37
0.49
0.50
0.48
0.50
0.44
0.48
0.49
0.47
0.39
0.38
0.38
0.38
0.35
0.35
0.36
0.35
0.50
0.52
0.50
0.50
CorWatt	PkgWatt
19.54	130.71
0.51	130.71
0.43
0.46
0.56
1.34
1.35
1.34
3.08
0.38
0.43
0.38
0.38
0.51
0.51
0.50
0.50
0.44
0.45
0.48
0.46
0.39
0.38
0.38
0.38
0.36
0.36
0.37
0.36
0.53
0.53
0.49
0.51
CorWatt	PkgWatt
19.59	130.85
0.52	130.86
0.43
0.48
0.56
3.08
1.35
1.34
1.34
0.39
0.45
0.39
0.38
0.49
0.51
0.49
0.51
0.46
0.48
0.49
0.47
0.39
0.38
0.38
0.38
0.35
0.36
0.36
0.39
0.50
0.52
0.49
0.50
CorWatt	PkgWatt
19.92	131.26
0.54	131.26
0.46
0.51
0.55
2.74
1.34
1.34
1.69
0.39
0.46
0.38
0.39
0.50
0.51
0.50
0.52
0.46
0.47
0.49
0.46
0.40
0.40
0.40
0.41
0.36
0.37
0.38
0.37
0.54
0.53
0.52
0.55
CorWatt	PkgWatt
19.60	130.79
0.53	130.78
0.43
0.47
0.54
1.34
1.35
1.34
3.09
0.39
0.45
0.37
0.37
0.50
0.50
0.49
0.51
0.44
0.47
0.48
0.46
0.41
0.38
0.38
0.38
0.37
0.37
0.36
0.37
0.51
0.52
0.50
0.53
CorWatt	PkgWatt
19.60	130.81
0.54	130.81
0.45
0.47
0.55
1.34
1.35
1.34
3.08
0.39
0.45
0.39
0.37
0.49
0.51
0.51
0.51
0.44
0.45
0.48
0.46
0.40
0.38
0.38
0.38
0.37
0.37
0.36
0.36
0.51
0.51
0.50
0.51
CorWatt	PkgWatt
19.67	130.98
0.53	130.98
0.50
0.47
0.55
3.08
1.35
1.34
1.34
0.39
0.45
0.37
0.37
0.51
0.54
0.51
0.53
0.46
0.46
0.47
0.46
0.40
0.39
0.39
0.40
0.36
0.35
0.35
0.36
0.50
0.51
0.49
0.50
CorWatt	PkgWatt
19.78	131.14
0.51	131.14
0.50
0.47
0.56
1.83
1.35
1.34
2.59
0.42
0.46
0.40
0.38
0.50
0.52
0.52
0.52
0.45
0.46
0.48
0.46
0.40
0.38
0.38
0.40
0.37
0.37
0.36
0.37
0.52
0.51
0.50
0.52
CorWatt	PkgWatt
19.48	130.92
0.51	130.93
0.46
0.49
0.55
1.44
1.34
1.34
2.99
0.39
0.43
0.37
0.36
0.49
0.51
0.48
0.50
0.44
0.48
0.47
0.46
0.40
0.38
0.38
0.38
0.35
0.35
0.36
0.37
0.51
0.50
0.49
0.50
CorWatt	PkgWatt
19.59	130.99
0.53	130.99
0.47
0.48
0.54
1.79
1.35
1.34
2.64
0.38
0.44
0.38
0.38
0.52
0.52
0.50
0.53
0.44
0.45
0.47
0.46
0.39
0.38
0.38
0.38
0.36
0.35
0.35
0.37
0.51
0.51
0.50
0.50
CorWatt	PkgWatt
19.12	130.96
0.57	130.94
0.51
0.53
0.61
1.04
1.01
1.00
2.06
0.42
0.49
0.46
0.43
0.54
0.54
0.53
0.52
0.48
0.50
0.84
0.50
0.44
0.42
0.42
0.42
0.38
0.39
0.42
0.41
0.57
0.56
0.54
0.57
CorWatt	PkgWatt
16.40	128.57
0.97	128.59
0.88
0.73
0.67
0.79
0.52
0.51
0.51
0.40
0.45
0.39
0.41
0.54
0.52
0.50
0.52
0.46
0.48
0.52
0.49
0.41
0.39
0.40
0.40
0.36
0.36
0.37
0.37
0.52
0.52
0.51
0.52
CorWatt	PkgWatt
15.72	127.70
0.74	127.70
1.08
0.74
0.69
0.62
0.49
0.48
0.48
0.40
0.46
0.39
0.39
0.50
0.50
0.48
0.50
0.44
0.47
0.47
0.45
0.41
0.38
0.38
0.38
0.35
0.35
0.36
0.35
0.50
0.52
0.50
0.49
CorWatt	PkgWatt
15.85	127.70
0.74	127.70
1.07
0.72
0.69
0.62
0.49
0.48
0.48
0.40
0.47
0.38
0.38
0.52
0.50
0.50
0.51
0.44
0.47
0.48
0.45
0.38
0.38
0.38
0.38
0.37
0.37
0.38
0.37
0.51
0.52
0.50
0.52
CorWatt	PkgWatt
15.87	127.71
0.74	127.71
1.06
0.72
0.70
0.62
0.51
0.51
0.47
0.39
0.45
0.38
0.37
0.50
0.51
0.48
0.50
0.44
0.47
0.48
0.45
0.40
0.38
0.38
0.38
0.36
0.36
0.38
0.37
0.54
0.54
0.54
0.50
CorWatt	PkgWatt
16.08	128.19
0.78	128.18
1.25
0.72
0.67
0.59
0.50
0.49
0.48
0.41
0.44
0.38
0.39
0.52
0.51
0.51
0.51
0.44
0.47
0.48
0.46
0.41
0.40
0.40
0.38
0.35
0.36
0.36
0.36
0.52
0.54
0.50
0.50
CorWatt	PkgWatt
18.34	132.66
0.54	132.66
4.37
0.52
0.46
0.59
0.49
0.48
0.47
0.38
0.44
0.39
0.37
0.49
0.50
0.48
0.50
0.46
0.49
0.48
0.47
0.39
0.38
0.38
0.38
0.35
0.35
0.36
0.35
0.50
0.52
0.50
0.53
CorWatt	PkgWatt
18.60	132.85
0.55	132.85
4.37
0.52
0.50
0.59
0.50
0.50
0.49
0.39
0.45
0.38
0.39
0.53
0.51
0.51
0.51
0.45
0.46
0.49
0.47
0.40
0.39
0.39
0.39
0.36
0.36
0.36
0.35
0.51
0.53
0.51
0.51
CorWatt	PkgWatt
18.47	132.90
0.55	132.90
4.37
0.51
0.46
0.60
0.50
0.49
0.49
0.39
0.44
0.38
0.37
0.50
0.51
0.49
0.51
0.44
0.47
0.48
0.46
0.39
0.39
0.38
0.40
0.35
0.37
0.37
0.37
0.51
0.53
0.50
0.50
CorWatt	PkgWatt
18.49	132.96
0.56	132.96
4.36
0.51
0.47
0.59
0.50
0.50
0.49
0.38
0.44
0.38
0.38
0.51
0.51
0.49
0.51
0.45
0.46
0.49
0.46
0.39
0.39
0.38
0.39
0.36
0.36
0.35
0.35
0.51
0.52
0.50
0.54
CorWatt	PkgWatt
18.34	132.77
0.54	132.77
4.37
0.50
0.46
0.59
0.49
0.49
0.48
0.39
0.43
0.39
0.39
0.50
0.51
0.49
0.50
0.44
0.46
0.48
0.46
0.40
0.40
0.38
0.38
0.35
0.35
0.35
0.35
0.54
0.52
0.50
0.49
CorWatt	PkgWatt
18.44	132.90
0.55	132.90
4.36
0.52
0.47
0.61
0.51
0.51
0.52
0.38
0.44
0.39
0.38
0.51
0.50
0.50
0.50
0.44
0.46
0.48
0.46
0.39
0.40
0.38
0.39
0.35
0.35
0.35
0.35
0.51
0.52
0.50
0.50
CorWatt	PkgWatt
18.56	133.05
0.54	133.04
4.37
0.54
0.50
0.60
0.49
0.49
0.50
0.40
0.43
0.38
0.37
0.50
0.50
0.51
0.51
0.46
0.47
0.48
0.46
0.41
0.40
0.39
0.42
0.35
0.35
0.35
0.35
0.50
0.53
0.50
0.53
CorWatt	PkgWatt
18.50	132.97
0.54	132.97
4.38
0.52
0.45
0.59
0.50
0.49
0.49
0.40
0.47
0.38
0.38
0.51
0.50
0.49
0.50
0.45
0.47
0.48
0.47
0.40
0.39
0.38
0.39
0.37
0.35
0.35
0.37
0.51
0.52
0.50
0.50
CorWatt	PkgWatt
18.45	132.79
0.54	132.79
4.36
0.51
0.44
0.60
0.49
0.49
0.49
0.40
0.44
0.37
0.38
0.50
0.50
0.48
0.50
0.44
0.46
0.48
0.46
0.41
0.40
0.38
0.38
0.35
0.37
0.38
0.38
0.53
0.53
0.51
0.51
CorWatt	PkgWatt
18.39	132.82
0.54	132.82
4.36
0.51
0.44
0.61
0.51
0.49
0.50
0.39
0.45
0.37
0.38
0.50
0.50
0.48
0.50
0.44
0.46
0.48
0.46
0.39
0.38
0.38
0.38
0.35
0.35
0.35
0.36
0.56
0.53
0.50
0.51
CorWatt	PkgWatt
18.48	132.93
0.54	132.93
4.36
0.49
0.47
0.60
0.49
0.49
0.49
0.39
0.46
0.37
0.37
0.50
0.50
0.49
0.51
0.45
0.47
0.49
0.48
0.41
0.38
0.38
0.38
0.37
0.35
0.36
0.35
0.54
0.55
0.51
0.50
CorWatt	PkgWatt
18.58	132.92
0.54	132.92
4.37
0.48
0.50
0.58
0.50
0.49
0.49
0.38
0.45
0.37
0.39
0.51
0.52
0.51
0.51
0.46
0.46
0.47
0.46
0.39
0.40
0.40
0.39
0.36
0.35
0.36
0.37
0.52
0.53
0.51
0.52
CorWatt	PkgWatt
18.02	130.09
0.60	130.10
1.07
0.76
0.54
0.70
0.63
0.61
0.86
0.48
0.51
0.47
0.46
0.58
0.56
0.88
0.58
0.48
0.53
0.52
0.50
0.47
0.44
0.44
0.45
0.40
0.40
0.40
0.40
0.62
0.60
0.54
0.55
CorWatt	PkgWatt
16.04	127.93
0.50	127.92
0.45
0.60
0.44
0.86
0.75
0.72
1.12
0.39
0.46
0.38
0.39
0.50
0.50
0.49
0.52
0.44
0.49
0.50
0.48
0.39
0.38
0.38
0.38
0.35
0.35
0.36
0.35
0.57
0.56
0.51
0.50
CorWatt	PkgWatt
15.84	127.70
0.49	127.69
0.44
0.59
0.42
1.06
0.73
0.74
0.91
0.39
0.44
0.37
0.37
0.50
0.51
0.49
0.50
0.44
0.49
0.47
0.47
0.40
0.38
0.39
0.38
0.35
0.35
0.36
0.35
0.57
0.52
0.50
0.49
CorWatt	PkgWatt
16.09	127.99
0.51	127.99
0.44
0.59
0.43
1.19
0.75
0.72
0.79
0.39
0.45
0.37
0.39
0.51
0.51
0.49
0.52
0.44
0.47
0.48
0.46
0.40
0.38
0.38
0.38
0.35
0.37
0.37
0.37
0.62
0.55
0.50
0.50
CorWatt	PkgWatt
15.91	127.79
0.50	127.79
0.42
0.59
0.45
1.20
0.72
0.72
0.73
0.39
0.44
0.40
0.39
0.50
0.50
0.48
0.51
0.46
0.49
0.49
0.47
0.40
0.38
0.38
0.38
0.35
0.37
0.36
0.36
0.58
0.52
0.50
0.49
CorWatt	PkgWatt
16.39	128.32
0.51	128.33
0.45
0.61
0.46
1.55
0.73
0.71
0.71
0.39
0.47
0.37
0.39
0.50
0.50
0.48
0.50
0.44
0.48
0.49
0.45
0.40
0.39
0.39
0.40
0.37
0.35
0.37
0.36
0.57
0.53
0.52
0.52
CorWatt	PkgWatt
17.58	129.69
0.52	129.68
0.43
0.59
0.45
2.67
0.61
0.60
1.19
0.40
0.46
0.37
0.37
0.50
0.51
0.49
0.52
0.44
0.46
0.47
0.45
0.39
0.38
0.38
0.38
0.36
0.37
0.37
0.36
0.57
0.51
0.50
0.51
CorWatt	PkgWatt
17.67	129.72
0.52	129.72
0.45
0.59
0.46
3.15
0.65
0.63
0.65
0.40
0.45
0.37
0.38
0.50
0.52
0.52
0.51
0.46
0.47
0.48
0.46
0.39
0.38
0.38
0.38
0.35
0.35
0.36
0.35
0.56
0.51
0.50
0.51
CorWatt	PkgWatt
17.56	129.75
0.53	129.76
0.44
0.59
0.45
3.16
0.62
0.61
0.63
0.40
0.46
0.36
0.38
0.52
0.54
0.50
0.52
0.46
0.47
0.47
0.46
0.40
0.38
0.38
0.40
0.35
0.35
0.35
0.35
0.55
0.51
0.50
0.49
CorWatt	PkgWatt
17.96	130.09
0.53	130.09
0.46
0.58
0.46
0.68
0.64
0.61
3.14
0.43
0.50
0.40
0.40
0.50
0.51
0.51
0.52
0.45
0.48
0.47
0.46
0.42
0.41
0.39
0.41
0.35
0.37
0.36
0.35
0.62
0.52
0.53
0.50
CorWatt	PkgWatt
17.59	129.78
0.52	129.78
0.44
0.60
0.47
0.64
0.62
0.62
3.17
0.40
0.45
0.38
0.38
0.50
0.51
0.49
0.50
0.44
0.48
0.48
0.45
0.40
0.39
0.38
0.39
0.35
0.36
0.35
0.36
0.56
0.50
0.51
0.49
CorWatt	PkgWatt
17.69	129.75
0.54	129.75
0.45
0.59
0.46
0.65
0.64
0.63
3.16
0.38
0.45
0.38
0.40
0.53
0.53
0.50
0.53
0.44
0.46
0.48
0.46
0.39
0.38
0.38
0.39
0.37
0.36
0.36
0.35
0.55
0.51
0.50
0.50
CorWatt	PkgWatt
17.57	129.81
0.55	129.81
0.43
0.57
0.47
3.15
0.63
0.61
0.67
0.39
0.45
0.39
0.37
0.50
0.52
0.49
0.51
0.44
0.46
0.47
0.45
0.40
0.38
0.38
0.38
0.35
0.35
0.38
0.37
0.56
0.50
0.50
0.49
CorWatt	PkgWatt
17.44	129.55
0.56	129.55
0.45
0.59
0.47
3.16
0.62
0.62
0.64
0.38
0.44
0.36
0.37
0.50
0.50
0.48
0.50
0.44
0.45
0.47
0.47
0.39
0.38
0.38
0.38
0.35
0.35
0.35
0.35
0.55
0.51
0.50
0.50
CorWatt	PkgWatt
17.43	129.60
0.54	129.60
0.43
0.56
0.44
3.18
0.61
0.60
0.63
0.39
0.46
0.38
0.38
0.50
0.50
0.48
0.50
0.44
0.46
0.47
0.45
0.42
0.38
0.38
0.38
0.35
0.35
0.35
0.35
0.56
0.52
0.50
0.49
CorWatt	PkgWatt
17.61	129.65
0.55	129.64
0.44
0.59
0.43
0.64
0.62
0.62
3.15
0.40
0.47
0.38
0.38
0.51
0.51
0.49
0.50
0.44
0.48
0.48
0.46
0.39
0.38
0.38
0.38
0.36
0.36
0.35
0.37
0.56
0.52
0.50
0.51
CorWatt	PkgWatt
17.55	129.77
0.55	129.77
0.46
0.57
0.45
0.62
0.63
0.62
3.15
0.38
0.45
0.37
0.37
0.50
0.50
0.48
0.50
0.44
0.46
0.47
0.45
0.39
0.38
0.38
0.38
0.37
0.36
0.37
0.37
0.57
0.53
0.54
0.49
CorWatt	PkgWatt
16.89	128.91
0.53	128.91
0.50
0.53
0.54
1.33
0.59
0.58
1.73
0.39
0.46
0.38
0.38
0.50
0.50
0.49
0.60
0.44
0.47
0.47
0.45
0.41
0.39
0.40
0.38
0.35
0.35
0.35
0.35
0.55
0.52
0.50
0.50
CorWatt	PkgWatt
17.85	129.43
0.55	129.44
0.56
0.52
0.51
0.57
0.56
0.55
0.55
0.61
0.82
0.89
0.59
0.56
0.56
0.55
1.04
0.50
0.54
0.53
0.52
0.46
0.44
0.44
0.44
0.41
0.41
0.42
0.42
0.64
0.58
0.56
0.56
CorWatt	PkgWatt
16.10	127.91
0.51	127.90
0.51
0.48
0.45
0.50
0.50
0.50
0.49
0.64
0.78
1.05
0.62
0.50
0.51
0.49
0.63
0.44
0.46
0.48
0.46
0.39
0.39
0.38
0.39
0.35
0.35
0.36
0.35
0.60
0.51
0.51
0.50
CorWatt	PkgWatt
16.27	127.81
0.49	127.81
0.49
0.46
0.44
0.50
0.50
0.49
0.49
0.65
0.77
1.09
0.62
0.52
0.52
0.49
0.64
0.45
0.49
0.49
0.46
0.40
0.40
0.39
0.40
0.37
0.38
0.36
0.37
0.58
0.55
0.53
0.51
CorWatt	PkgWatt
15.89	127.64
0.50	127.64
0.51
0.46
0.42
0.49
0.49
0.49
0.48
0.63
1.18
0.68
0.61
0.50
0.51
0.49
0.62
0.44
0.46
0.48
0.45
0.38
0.38
0.38
0.38
0.35
0.35
0.35
0.35
0.57
0.52
0.50
0.50
CorWatt	PkgWatt
15.84	127.67
0.49	127.67
0.48
0.44
0.42
0.49
0.48
0.48
0.47
0.64
1.00
0.89
0.62
0.50
0.51
0.50
0.61
0.44
0.47
0.47
0.45
0.40
0.40
0.38
0.38
0.35
0.35
0.36
0.35
0.53
0.52
0.50
0.49
CorWatt	PkgWatt
17.16	129.41
0.51	129.41
0.47
0.49
0.43
0.52
0.51
0.51
0.51
0.45
0.50
2.77
0.45
0.51
0.51
0.51
0.61
0.46
0.47
0.47
0.46
0.39
0.40
0.38
0.41
0.35
0.35
0.36
0.35
0.51
0.53
0.50
0.50
CorWatt	PkgWatt
17.43	129.92
0.51	129.92
0.44
0.53
0.47
0.49
0.48
0.48
0.48
0.43
0.45
3.24
0.38
0.51
0.51
0.51
0.60
0.46
0.47
0.48
0.47
0.41
0.39
0.38
0.42
0.35
0.35
0.35
0.35
0.54
0.52
0.50
0.49
CorWatt	PkgWatt
17.29	129.68
0.52	129.68
0.43
0.48
0.45
0.49
0.49
0.48
0.47
0.41
0.49
3.24
0.39
0.50
0.50
0.49
0.60
0.44
0.47
0.47
0.46
0.39
0.38
0.38
0.38
0.36
0.35
0.35
0.35
0.54
0.53
0.50
0.51
CorWatt	PkgWatt
17.38	129.69
0.51	129.68
0.42
0.49
0.44
0.49
0.48
0.48
0.48
0.43
0.47
3.24
0.39
0.51
0.51
0.49
0.60
0.44
0.46
0.48
0.45
0.41
0.40
0.38
0.38
0.35
0.37
0.38
0.38
0.52
0.54
0.51
0.52
CorWatt	PkgWatt
17.42	129.91
0.51	129.91
0.43
0.47
0.44
0.51
0.51
0.49
0.49
0.43
0.47
3.24
0.39
0.53
0.53
0.49
0.60
0.44
0.46
0.49
0.46
0.39
0.38
0.38
0.39
0.36
0.36
0.36
0.36
0.51
0.53
0.51
0.52
CorWatt	PkgWatt
17.25	129.73
0.51	129.73
0.43
0.48
0.44
0.49
0.48
0.48
0.47
0.41
0.45
3.24
0.39
0.50
0.51
0.49
0.60
0.44
0.48
0.48
0.47
0.39
0.38
0.38
0.38
0.38
0.35
0.36
0.36
0.50
0.53
0.51
0.50
CorWatt	PkgWatt
17.28	129.67
0.51	129.68
0.43
0.49
0.44
0.49
0.49
0.48
0.47
0.40
0.45
3.25
0.40
0.51
0.53
0.50
0.60
0.44
0.46
0.47
0.45
0.38
0.40
0.40
0.38
0.35
0.35
0.35
0.36
0.51
0.52
0.51
0.51
CorWatt	PkgWatt
17.34	129.75
0.52	129.75
0.44
0.50
0.47
0.49
0.48
0.48
0.47
0.41
0.46
3.24
0.38
0.51
0.52
0.49
0.61
0.44
0.47
0.47
0.45
0.40
0.38
0.38
0.38
0.35
0.35
0.35
0.35
0.55
0.53
0.50
0.50
CorWatt	PkgWatt
17.51	129.98
0.52	129.98
0.45
0.50
0.44
0.51
0.50
0.49
0.47
0.41
0.47
3.24
0.41
0.52
0.51
0.51
0.60
0.44
0.48
0.49
0.48
0.39
0.38
0.38
0.38
0.36
0.35
0.36
0.35
0.56
0.56
0.51
0.51
CorWatt	PkgWatt
17.22	129.77
0.51	129.78
0.45
0.49
0.44
0.50
0.48
0.50
0.47
0.40
0.45
3.24
0.38
0.50
0.51
0.50
0.62
0.44
0.47
0.47
0.47
0.39
0.38
0.38
0.38
0.35
0.35
0.35
0.35
0.50
0.52
0.50
0.49
CorWatt	PkgWatt
17.26	129.70
0.51	129.70
0.44
0.44
0.48
0.49
0.49
0.48
0.47
0.40
0.45
3.24
0.39
0.51
0.51
0.49
0.62
0.44
0.46
0.47
0.45
0.38
0.38
0.38
0.38
0.35
0.37
0.37
0.36
0.53
0.53
0.50
0.50
CorWatt	PkgWatt
17.29	129.78
0.51	129.78
0.45
0.44
0.50
0.49
0.49
0.48
0.48
0.40
0.45
3.24
0.39
0.51
0.51
0.49
0.60
0.46
0.48
0.49
0.47
0.39
0.38
0.38
0.38
0.35
0.37
0.36
0.36
0.51
0.51
0.50
0.49
CorWatt	PkgWatt
18.13	129.95
0.73	129.96
0.52
0.50
0.52
0.59
0.59
0.58
0.76
0.44
0.56
1.22
0.43
0.56
0.56
0.57
0.66
0.52
0.54
0.55
0.55
0.45
0.44
0.76
0.45
0.42
0.41
0.44
0.43
0.60
0.60
0.57
0.59
CorWatt	PkgWatt
16.66	128.36
0.59	128.35
0.47
0.48
0.45
0.84
0.84
0.84
1.51
0.42
0.47
0.38
0.38
0.50
0.51
0.50
0.54
0.44
0.48
0.47
0.45
0.40
0.38
0.38
0.38
0.37
0.37
0.37
0.36
0.54
0.53
0.50
0.51
CorWatt	PkgWatt
16.50	128.08
0.58	128.07
0.47
0.48
0.45
0.84
0.85
0.85
1.51
0.43
0.45
0.37
0.38
0.51
0.53
0.52
0.51
0.44
0.45
0.47
0.46
0.39
0.38
0.39
0.38
0.35
0.35
0.35
0.35
0.51
0.51
0.50
0.50
CorWatt	PkgWatt
16.46	128.22
0.59	128.22
0.49
0.48
0.44
0.83
0.83
0.84
1.51
0.40
0.45
0.37
0.38
0.52
0.53
0.50
0.53
0.46
0.46
0.47
0.46
0.39
0.38
0.39
0.40
0.35
0.35
0.35
0.35
0.50
0.51
0.50
0.49
CorWatt	PkgWatt
16.57	128.15
0.57	128.15
0.51
0.45
0.46
0.84
0.84
0.84
1.50
0.40
0.47
0.39
0.38
0.52
0.52
0.53
0.52
0.46
0.46
0.48
0.46
0.39
0.38
0.38
0.38
0.36
0.36
0.36
0.35
0.51
0.50
0.50
0.50
CorWatt	PkgWatt
16.65	128.20
0.59	128.19
0.49
0.46
0.48
0.84
0.83
0.85
1.50
0.42
0.46
0.37
0.39
0.50
0.51
0.50
0.51
0.45
0.49
0.50
0.47
0.40
0.39
0.39
0.39
0.36
0.36
0.36
0.36
0.51
0.53
0.50
0.50
CorWatt	PkgWatt
16.86	128.49
0.59	128.49
0.47
0.47
0.45
0.90
0.91
0.91
1.68
0.38
0.46
0.38
0.39
0.52
0.54
0.50
0.53
0.44
0.45
0.47
0.47
0.40
0.38
0.38
0.38
0.35
0.35
0.35
0.35
0.50
0.51
0.49
0.50
CorWatt	PkgWatt
19.63	130.89
0.59	130.89
0.48
0.45
0.45
1.34
1.34
1.34
3.12
0.40
0.48
0.38
0.38
0.52
0.52
0.49
0.51
0.44
0.46
0.47
0.46
0.40
0.39
0.39
0.39
0.35
0.35
0.37
0.37
0.53
0.52
0.49
0.49
CorWatt	PkgWatt
19.66	130.87
0.59	130.87
0.49
0.47
0.46
3.10
1.35
1.34
1.34
0.39
0.46
0.37
0.37
0.51
0.51
0.50
0.51
0.45
0.46
0.47
0.49
0.39
0.38
0.39
0.39
0.37
0.36
0.36
0.35
0.51
0.52
0.50
0.50
CorWatt	PkgWatt
19.53	130.73
0.58	130.73
0.49
0.44
0.45
3.10
1.35
1.34
1.34
0.39
0.48
0.38
0.38
0.50
0.50
0.49
0.50
0.44
0.46
0.48
0.46
0.42
0.38
0.38
0.38
0.35
0.35
0.36
0.35
0.50
0.52
0.49
0.49
CorWatt	PkgWatt
19.61	130.72
0.60	130.72
0.47
0.44
0.45
3.11
1.35
1.34
1.33
0.41
0.50
0.38
0.38
0.50
0.50
0.48
0.50
0.44
0.47
0.47
0.46
0.40
0.38
0.38
0.38
0.36
0.35
0.35
0.36
0.53
0.54
0.49
0.50
CorWatt	PkgWatt
19.64	130.97
0.59	130.97
0.49
0.45
0.48
3.12
1.35
1.34
1.34
0.40
0.45
0.37
0.36
0.50
0.50
0.48
0.50
0.44
0.48
0.47
0.46
0.41
0.38
0.38
0.38
0.36
0.36
0.38
0.36
0.52
0.53
0.53
0.50
CorWatt	PkgWatt
19.70	130.77
0.58	130.77
0.48
0.47
0.47
3.10
1.35
1.34
1.34
0.40
0.45
0.37
0.37
0.51
0.52
0.51
0.51
0.45
0.46
0.47
0.47
0.41
0.40
0.40
0.39
0.35
0.36
0.37
0.36
0.51
0.52
0.50
0.50
CorWatt	PkgWatt
19.52	130.73
0.58	130.73
0.46
0.48
0.46
3.10
1.35
1.34
1.34
0.39
0.44
0.36
0.36
0.51
0.51
0.48
0.50
0.46
0.49
0.47
0.49
0.39
0.38
0.38
0.38
0.35
0.35
0.35
0.35
0.52
0.51
0.50
0.49
CorWatt	PkgWatt
19.57	130.91
0.59	130.90
0.48
0.52
0.48
1.34
1.35
1.34
3.09
0.39
0.45
0.37
0.37
0.50
0.51
0.49
0.50
0.44
0.46
0.47
0.47
0.39
0.39
0.38
0.39
0.35
0.35
0.35
0.35
0.50
0.52
0.49
0.50
CorWatt	PkgWatt
19.56	130.73
0.57	130.73
0.47
0.48
0.47
1.34
1.35
1.34
3.10
0.39
0.45
0.37
0.36
0.50
0.51
0.48
0.50
0.44
0.48
0.48
0.46
0.39
0.38
0.38
0.39
0.35
0.36
0.35
0.37
0.51
0.53
0.50
0.51
CorWatt	PkgWatt
19.65	130.87
0.59	130.87
0.48
0.50
0.46
1.69
1.35
1.34
2.75
0.40
0.45
0.37
0.37
0.52
0.52
0.50
0.51
0.45
0.46
0.48
0.48
0.39
0.38
0.39
0.39
0.35
0.35
0.36
0.35
0.51
0.52
0.50
0.50
CorWatt	PkgWatt
18.61	129.98
0.56	129.98
0.46
0.47
0.45
2.67
1.20
1.20
1.20
0.41
0.45
0.37
0.39
0.49
0.51
0.49
0.50
0.44
0.47
0.47
0.46
0.39
0.39
0.38
0.38
0.35
0.35
0.35
0.35
0.53
0.51
0.49
0.49
CorWatt	PkgWatt
19.48	133.71
0.64	133.73
3.09
0.54
0.53
0.60
0.57
0.81
0.64
0.42
0.47
0.41
0.41
0.57
0.53
0.57
0.56
0.52
0.51
0.56
0.53
0.45
0.45
0.43
0.78
0.41
0.40
0.41
0.40
0.56
0.60
0.55
0.56
CorWatt	PkgWatt
19.85	137.70
0.53	137.69
5.70
0.54
0.48
0.49
0.50
0.59
0.53
0.41
0.45
0.37
0.37
0.51
0.52
0.52
0.51
0.45
0.46
0.48
0.46
0.41
0.39
0.37
0.41
0.35
0.35
0.35
0.36
0.52
0.51
0.50
0.49
CorWatt	PkgWatt
19.76	137.66
0.52	137.66
5.71
0.53
0.45
0.48
0.50
0.59
0.51
0.39
0.48
0.37
0.38
0.50
0.50
0.49
0.52
0.45
0.47
0.48
0.46
0.39
0.37
0.37
0.38
0.36
0.35
0.36
0.37
0.51
0.52
0.50
0.51
CorWatt	PkgWatt
19.80	137.91
0.51	137.92
5.71
0.53
0.44
0.48
0.49
0.59
0.51
0.42
0.46
0.37
0.38
0.50
0.50
0.48
0.51
0.44
0.45
0.48
0.45
0.40
0.39
0.37
0.38
0.35
0.37
0.37
0.37
0.52
0.54
0.51
0.50
CorWatt	PkgWatt
19.59	137.59
0.51	137.58
5.70
0.52
0.44
0.51
0.51
0.59
0.49
0.39
0.44
0.36
0.37
0.50
0.50
0.48
0.50
0.44
0.45
0.49
0.46
0.39
0.37
0.36
0.37
0.35
0.35
0.35
0.35
0.54
0.52
0.50
0.50
CorWatt	PkgWatt
19.76	137.74
0.52	137.74
5.71
0.54
0.46
0.48
0.49
0.59
0.47
0.40
0.44
0.36
0.37
0.50
0.51
0.50
0.51
0.44
0.47
0.49
0.48
0.40
0.37
0.37
0.38
0.38
0.35
0.36
0.36
0.50
0.53
0.52
0.50
CorWatt	PkgWatt
19.78	137.90
0.54	137.90
5.72
0.50
0.45
0.49
0.49
0.58
0.48
0.39
0.45
0.37
0.39
0.50
0.52
0.51
0.52
0.44
0.45
0.47
0.46
0.39
0.39
0.38
0.39
0.36
0.36
0.37
0.36
0.51
0.52
0.51
0.50
CorWatt	PkgWatt
19.62	137.79
0.56	137.79
5.71
0.50
0.46
0.48
0.49
0.59
0.47
0.40
0.44
0.36
0.37
0.50
0.50
0.49
0.50
0.44
0.47
0.48
0.45
0.39
0.37
0.37
0.38
0.35
0.35
0.35
0.35
0.54
0.51
0.50
0.49
CorWatt	PkgWatt
19.98	137.94
0.53	137.94
5.71
0.54
0.48
0.51
0.50
0.59
0.48
0.39
0.47
0.38
0.41
0.51
0.52
0.50
0.51
0.45
0.47
0.49
0.48
0.39
0.38
0.37
0.38
0.37
0.35
0.36
0.36
0.53
0.55
0.51
0.51
CorWatt	PkgWatt
19.61	137.88
0.51	137.88
5.71
0.53
0.45
0.49
0.49
0.60
0.48
0.40
0.45
0.37
0.37
0.50
0.51
0.49
0.50
0.44
0.47
0.47
0.47
0.39
0.37
0.36
0.38
0.35
0.35
0.35
0.35
0.51
0.52
0.50
0.50
CorWatt	PkgWatt
19.85	138.13
0.52	138.13
5.72
0.54
0.47
0.49
0.49
0.58
0.48
0.39
0.44
0.37
0.38
0.51
0.52
0.49
0.51
0.45
0.46
0.48
0.46
0.38
0.38
0.37
0.38
0.35
0.37
0.37
0.37
0.57
0.53
0.50
0.51
CorWatt	PkgWatt
19.76	137.91
0.53	137.92
5.71
0.52
0.46
0.48
0.49
0.58
0.48
0.40
0.45
0.39
0.40
0.52
0.51
0.51
0.50
0.45
0.47
0.49
0.47
0.39
0.37
0.36
0.38
0.35
0.37
0.36
0.36
0.51
0.53
0.50
0.49
CorWatt	PkgWatt
19.98	138.27
0.54	138.27
5.71
0.55
0.48
0.50
0.51
0.59
0.47
0.41
0.49
0.37
0.40
0.50
0.50
0.50
0.51
0.44
0.47
0.48
0.45
0.40
0.39
0.36
0.39
0.37
0.35
0.37
0.36
0.52
0.56
0.52
0.52
CorWatt	PkgWatt
19.81	138.13
0.52	138.13
5.72
0.52
0.46
0.49
0.50
0.59
0.47
0.39
0.47
0.37
0.39
0.50
0.51
0.49
0.53
0.44
0.47
0.47
0.45
0.39
0.38
0.37
0.38
0.36
0.36
0.37
0.35
0.57
0.54
0.50
0.50
CorWatt	PkgWatt
19.96	138.38
0.52	138.38
5.72
0.51
0.47
0.52
0.52
0.60
0.51
0.42
0.45
0.38
0.40
0.51
0.54
0.53
0.51
0.44
0.46
0.48
0.46
0.39
0.38
0.37
0.38
0.35
0.35
0.36
0.35
0.52
0.55
0.50
0.51
CorWatt	PkgWatt
19.75	138.10
0.53	138.10
5.71
0.51
0.46
0.48
0.49
0.60
0.47
0.40
0.45
0.38
0.39
0.52
0.54
0.50
0.52
0.46
0.46
0.47
0.45
0.39
0.38
0.37
0.40
0.35
0.35
0.35
0.35
0.54
0.53
0.50
0.49
CorWatt	PkgWatt
19.78	138.11
0.52	138.11
5.71
0.51
0.47
0.50
0.49
0.60
0.48
0.41
0.46
0.39
0.39
0.51
0.53
0.51
0.52
0.44
0.45
0.47
0.45
0.39
0.38
0.37
0.38
0.35
0.35
0.35
0.35
0.54
0.53
0.50
0.50
CorWatt	PkgWatt
20.19	134.76
0.60	134.79
2.64
0.60
0.61
0.59
0.60
0.67
0.56
0.51
0.53
0.48
0.49
0.60
0.63
0.61
0.61
0.53
0.55
0.56
0.57
0.47
0.46
0.43
0.46
0.47
0.47
0.49
0.47
0.63
1.11
0.61
0.57
CorWatt	PkgWatt
18.18	130.85
0.55	130.84
0.46
0.49
0.51
0.53
0.55
0.51
0.53
0.39
0.47
0.41
0.42
0.53
0.58
0.54
0.54
0.46
0.47
0.50
0.47
0.41
0.41
0.39
0.40
0.40
0.41
3.14
0.43
0.58
0.63
0.53
0.52
CorWatt	PkgWatt
17.34	130.10
0.51	130.09
0.43
0.44
0.49
0.48
0.50
0.48
0.48
0.41
0.48
0.39
0.39
0.50
0.52
0.50
0.51
0.44
0.47
0.49
0.46
0.39
0.38
0.38
0.38
0.38
0.38
3.06
0.41
0.59
0.61
0.50
0.50
CorWatt	PkgWatt
17.45	130.29
0.54	130.28
0.49
0.46
0.48
0.51
0.51
0.49
0.50
0.40
0.44
0.37
0.39
0.50
0.51
0.49
0.50
0.45
0.45
0.49
0.47
0.39
0.39
0.38
0.38
0.39
0.38
3.06
0.41
0.57
0.63
0.53
0.50
CorWatt	PkgWatt
17.54	130.15
0.55	130.15
0.48
0.46
0.45
0.50
0.51
0.50
0.50
0.39
0.46
0.38
0.40
0.50
0.52
0.49
0.51
0.46
0.47
0.49
0.45
0.41
0.40
0.39
0.38
0.41
0.38
3.06
0.40
0.59
0.64
0.52
0.49
CorWatt	PkgWatt
17.59	130.10
0.54	130.10
0.47
0.45
0.44
0.51
0.50
0.49
0.49
0.40
0.51
0.40
0.39
0.51
0.52
0.50
0.51
0.44
0.47
0.49
0.47
0.40
0.38
0.38
0.39
0.42
0.40
3.06
0.42
0.57
0.63
0.52
0.51
CorWatt	PkgWatt
17.39	130.14
0.52	130.14
0.48
0.44
0.45
0.50
0.52
0.50
0.48
0.39
0.46
0.37
0.38
0.51
0.51
0.51
0.51
0.44
0.46
0.48
0.45
0.39
0.38
0.38
0.38
0.41
0.40
3.05
0.42
0.56
0.63
0.53
0.50
CorWatt	PkgWatt
17.26	130.12
0.52	130.11
0.48
0.46
0.43
0.49
0.50
0.48
0.49
0.38
0.46
0.37
0.38
0.50
0.50
0.49
0.50
0.44
0.45
0.48
0.46
0.40
0.39
0.39
0.38
0.41
0.38
3.06
0.41
0.55
0.62
0.51
0.50
CorWatt	PkgWatt
17.27	129.96
0.53	129.96
0.48
0.46
0.44
0.48
0.49
0.48
0.48
0.39
0.45
0.37
0.38
0.50
0.51
0.49
0.51
0.45
0.48
0.48
0.47
0.39
0.38
0.38
0.38
0.40
0.38
3.06
0.40
0.55
0.62
0.52
0.50
CorWatt	PkgWatt
17.59	130.17
0.53	130.18
0.49
0.49
0.44
0.50
0.51
0.50
0.49
0.40
0.47
0.37
0.39
0.54
0.51
0.49
0.51
0.44
0.46
0.48
0.47
0.39
0.40
0.39
0.40
0.40
0.39
3.05
0.41
0.54
0.63
0.56
0.51
CorWatt	PkgWatt
17.32	130.07
0.54	130.07
0.48
0.47
0.46
0.49
0.50
0.48
0.47
0.40
0.44
0.37
0.38
0.50
0.51
0.49
0.50
0.44
0.47
0.48
0.45
0.39
0.38
0.38
0.38
0.40
0.40
3.06
0.41
0.55
0.62
0.51
0.51
CorWatt	PkgWatt
17.30	130.01
0.54	130.01
0.45
0.47
0.48
0.50
0.50
0.49
0.49
0.38
0.44
0.37
0.39
0.50
0.51
0.49
0.50
0.44
0.45
0.47
0.46
0.39
0.38
0.38
0.38
0.40
0.38
3.06
0.41
0.55
0.62
0.52
0.50
CorWatt	PkgWatt
17.22	129.89
0.52	129.89
0.44
0.44
0.47
0.48
0.50
0.49
0.48
0.42
0.44
0.37
0.40
0.50
0.51
0.49
0.50
0.44
0.46
0.48
0.45
0.39
0.40
0.38
0.38
0.40
0.38
3.06
0.40
0.53
0.63
0.50
0.49
CorWatt	PkgWatt
17.57	130.00
0.53	130.03
0.45
0.45
0.47
0.52
0.51
0.50
0.54
0.39
0.44
0.37
0.39
0.52
0.51
0.51
0.51
0.45
0.46
0.50
0.46
0.39
0.40
0.38
0.40
0.41
0.39
3.06
0.41
0.57
0.62
0.53
0.51
CorWatt	PkgWatt
17.46	130.22
0.54	130.19
0.43
0.47
0.50
0.48
0.49
0.48
0.49
0.44
0.44
0.38
0.38
0.51
0.52
0.51
0.51
0.46
0.47
0.49
0.46
0.41
0.39
0.38
0.42
0.39
0.38
3.06
0.40
0.57
0.62
0.50
0.50
CorWatt	PkgWatt
17.30	129.94
0.54	129.95
0.43
0.45
0.48
0.49
0.49
0.48
0.48
0.40
0.48
0.37
0.39
0.52
0.51
0.51
0.50
0.44
0.46
0.48
0.46
0.39
0.38
0.38
0.38
0.39
0.38
3.05
0.40
0.55
0.62
0.51
0.50
CorWatt	PkgWatt
17.43	130.10
0.54	130.09
0.42
0.46
0.46
0.49
0.49
0.48
0.48
0.44
0.45
0.37
0.39
0.50
0.51
0.50
0.51
0.44
0.46
0.50
0.45
0.41
0.39
0.38
0.38
0.40
0.40
1.76
1.75
0.59
0.63
0.51
0.52
CorWatt	PkgWatt
17.52	130.37
0.53	130.37
0.44
0.45
0.47
0.52
0.51
0.49
0.50
0.42
0.44
0.37
0.41
0.51
0.51
0.49
0.51
0.46
0.46
0.50
0.46
0.39
0.38
0.38
0.38
0.39
0.39
0.68
2.86
0.56
0.63
0.52
0.51
CorWatt	PkgWatt
18.08	129.90
0.78	129.92
0.50
0.50
0.54
1.01
0.72
0.65
0.65
0.79
0.50
0.43
0.44
0.58
0.59
0.59
0.60
0.50
0.53
0.57
0.52
0.45
0.44
0.44
0.44
0.44
0.43
0.47
0.52
0.64
0.62
0.60
0.60
CorWatt	PkgWatt
16.26	128.25
0.60	128.23
0.44
0.45
0.48
0.78
1.35
0.76
0.76
0.40
0.44
0.37
0.40
0.51
0.52
0.53
0.51
0.44
0.46
0.48
0.47
0.40
0.40
0.40
0.39
0.35
0.35
0.43
0.36
0.54
0.51
0.51
0.50
CorWatt	PkgWatt
16.21	128.39
0.61	128.39
0.46
0.47
0.48
0.78
1.36
0.75
0.75
0.40
0.45
0.36
0.38
0.50
0.52
0.49
0.50
0.44
0.48
0.48
0.45
0.41
0.39
0.38
0.39
0.35
0.35
0.41
0.35
0.57
0.50
0.50
0.49
CorWatt	PkgWatt
16.56	128.48
0.62	128.48
0.45
0.48
0.46
0.84
1.36
0.76
0.76
0.39
0.45
0.38
0.39
0.51
0.52
0.51
0.51
0.45
0.48
0.51
0.49
0.40
0.39
0.39
0.40
0.38
0.36
0.42
0.37
0.57
0.53
0.52
0.51
CorWatt	PkgWatt
16.11	128.11
0.61	128.11
0.44
0.44
0.44
0.78
1.39
0.76
0.75
0.40
0.45
0.37
0.37
0.50
0.52
0.48
0.51
0.44
0.49
0.48
0.47
0.40
0.38
0.38
0.38
0.35
0.35
0.42
0.35
0.54
0.50
0.50
0.49
CorWatt	PkgWatt
16.93	128.94
0.61	128.93
0.43
0.46
0.43
0.87
1.79
0.86
0.85
0.39
0.44
0.36
0.38
0.51
0.51
0.49
0.50
0.44
0.45
0.49
0.47
0.39
0.38
0.38
0.38
0.35
0.36
0.44
0.36
0.59
0.52
0.51
0.51
CorWatt	PkgWatt
19.28	130.98
0.61	130.98
0.43
0.45
0.44
1.18
3.19
1.18
1.17
0.38
0.44
0.38
0.39
0.50
0.51
0.48
0.50
0.46
0.49
0.49
0.48
0.40
0.39
0.38
0.39
0.37
0.36
0.41
0.36
0.55
0.50
0.51
0.49
CorWatt	PkgWatt
19.84	131.56
0.62	131.56
0.46
0.50
0.47
1.91
2.49
1.22
1.21
0.41
0.48
0.37
0.41
0.50
0.53
0.49
0.51
0.46
0.47
0.49
0.48
0.43
0.41
0.39
0.41
0.38
0.36
0.41
0.38
0.56
0.54
0.53
0.55
CorWatt	PkgWatt
19.45	131.11
0.59	131.11
0.44
0.46
0.45
3.17
1.24
1.23
1.22
0.41
0.45
0.38
0.38
0.50
0.54
0.49
0.53
0.44
0.47
0.49
0.46
0.40
0.38
0.38
0.39
0.39
0.36
0.41
0.35
0.56
0.51
0.50
0.51
CorWatt	PkgWatt
19.44	131.34
0.60	131.34
0.46
0.45
0.45
1.24
3.17
1.23
1.22
0.42
0.44
0.37
0.38
0.50
0.55
0.53
0.52
0.44
0.46
0.49
0.48
0.39
0.38
0.38
0.39
0.38
0.35
0.36
0.35
0.54
0.51
0.51
0.51
CorWatt	PkgWatt
19.46	131.25
0.57	131.25
0.46
0.55
0.45
1.31
3.09
1.23
1.22
0.41
0.45
0.37
0.38
0.52
0.53
0.50
0.52
0.46
0.47
0.48
0.47
0.40
0.38
0.39
0.40
0.38
0.35
0.35
0.35
0.55
0.50
0.51
0.49
CorWatt	PkgWatt
19.53	131.18
0.55	131.18
0.46
0.57
0.46
1.67
2.71
1.19
1.18
0.41
0.45
0.39
0.38
0.54
0.53
0.54
0.53
0.45
0.46
0.49
0.47
0.40
0.39
0.39
0.39
0.39
0.36
0.36
0.36
0.54
0.51
0.51
0.50
CorWatt	PkgWatt
19.36	131.21
0.56	131.20
0.44
0.57
0.46
1.31
3.09
1.23
1.22
0.40
0.45
0.37
0.38
0.50
0.51
0.51
0.50
0.44
0.47
0.48
0.46
0.40
0.39
0.39
0.39
0.38
0.35
0.35
0.35
0.53
0.50
0.50
0.49
CorWatt	PkgWatt
19.61	131.40
0.57	131.40
0.45
0.59
0.48
3.16
1.25
1.23
1.22
0.38
0.46
0.39
0.41
0.52
0.55
0.52
0.52
0.44
0.46
0.48
0.46
0.39
0.39
0.38
0.39
0.37
0.35
0.35
0.35
0.56
0.52
0.51
0.50
CorWatt	PkgWatt
19.37	131.14
0.53	131.13
0.44
0.56
0.46
3.16
1.24
1.23
1.22
0.39
0.44
0.38
0.38
0.50
0.53
0.49
0.51
0.44
0.47
0.49
0.46
0.40
0.39
0.38
0.39
0.37
0.35
0.36
0.36
0.55
0.50
0.50
0.49
CorWatt	PkgWatt
19.57	131.44
0.55	131.44
0.45
0.57
0.45
2.79
1.62
1.22
1.21
0.40
0.44
0.37
0.38
0.50
0.52
0.50
0.51
0.47
0.46
0.49
0.49
0.41
0.39
0.40
0.40
0.39
0.35
0.36
0.36
0.57
0.52
0.52
0.51
CorWatt	PkgWatt
19.27	131.10
0.55	131.10
0.44
0.55
0.44
3.17
1.22
1.20
1.19
0.40
0.45
0.39
0.39
0.50
0.50
0.48
0.50
0.45
0.48
0.49
0.46
0.43
0.39
0.38
0.39
0.35
0.35
0.35
0.35
0.55
0.50
0.50
0.49
CorWatt	PkgWatt
19.34	130.98
0.67	131.02
0.53
0.63
0.52
1.99
1.00
0.93
0.91
0.51
0.51
0.41
0.48
0.55
0.56
0.56
0.60
0.54
0.53
0.56
0.51
0.50
0.42
0.40
0.41
0.43
0.42
0.45
0.42
0.65
0.61
0.57
0.55
