CorWatt	PkgWatt
155.02	375.71
2.48	185.32
2.47
2.43
2.42
2.41
2.43
2.42
2.45
2.38
2.39
2.36
2.37
2.40
2.36
2.38
2.38
2.45
2.47
2.50
2.42
2.46
2.47
2.48
2.45
2.44
2.43
2.45
2.47
2.38
2.37
2.44
2.42
2.43	184.83
2.40
2.37
2.39
2.41
2.40
2.42
2.41
2.37
2.34
2.38
2.35
2.38
2.40
2.41
2.35
2.34
2.38
2.34
2.37
2.42
2.44
2.40
2.44
2.35
2.34
2.35
2.33
2.38
2.37
2.38
2.38
CorWatt	PkgWatt
190.56	356.15
3.06	203.43
3.02
3.08
2.95
2.97
3.06
3.11
3.01
2.98
3.09
3.07
3.12
3.07
3.09
3.13
3.20
3.28
3.21
3.24
3.21
3.20
3.30
3.30
3.14
3.27
3.34
3.33
3.26
3.23
3.22
3.23
3.33
3.39	210.72
3.28
3.39
3.31
3.31
3.37
3.46
3.36
3.24
3.25
3.33
3.38
3.38
3.35
3.40
3.40
3.31
3.43
3.39
3.43
3.49
3.43
3.36
3.42
3.47
3.31
3.34
3.45
3.53
3.51
3.55
3.49
CorWatt	PkgWatt
301.74	525.76
4.44	241.53
4.59
4.61
4.53
4.26
4.48
4.54
4.36
4.29
4.41
4.31
4.39
4.35
4.47
4.43
4.37
4.49
4.57
4.60
4.54
4.62
4.53
4.61
4.55
4.59
4.55
4.62
4.51
4.52
4.57
4.55
4.56
4.68	242.77
4.65
4.60
4.50
4.53
4.53
4.56
4.59
4.61
4.62
4.64
4.56
4.57
4.62
4.57
4.61
4.38
4.47
4.48
4.50
4.49
4.54
4.50
4.45
4.47
4.53
4.57
4.50
4.58
4.58
4.68
4.60
CorWatt	PkgWatt
296.55	508.32
4.33	239.53
4.54
4.56
4.46
4.38
4.46
4.49
4.31
4.07
4.28
4.26
4.48
4.32
4.37
4.44
4.49
4.45
4.44
4.57
4.50
4.62
4.55
4.67
4.44
4.50
4.43
4.55
4.59
4.46
4.57
4.54
4.49
4.51	240.90
4.52
4.42
4.54
4.54
4.47
4.52
4.50
4.45
4.38
4.38
4.28
4.49
4.52
4.58
4.53
4.44
4.50
4.54
4.51
4.52
4.46
4.48
4.55
4.49
4.48
4.46
4.53
4.46
4.57
4.52
4.40
CorWatt	PkgWatt
287.33	481.46
4.39	240.31
4.56
4.55
4.44
4.56
4.48
4.55
4.43
4.25
4.14
4.36
4.46
4.47
4.45
4.43
4.47
4.49
4.38
4.57
4.50
4.46
4.67
4.52
4.39
4.57
4.53
4.59
4.61
4.55
4.55
4.62
4.38
4.57	240.94
4.51
4.50
4.52
4.51
4.41
4.68
4.53
4.46
4.58
4.40
4.24
4.54
4.54
4.53
4.58
4.50
4.48
4.35
4.30
4.52
4.32
4.52
4.50
4.27
4.42
4.60
4.53
4.53
4.54
4.56
4.59
CorWatt	PkgWatt
316.03	538.52
4.37	239.91
4.56
4.45
4.60
4.52
4.54
4.59
4.39
4.38
4.28
4.37
4.38
4.45
4.48
4.49
4.42
4.50
4.52
4.69
4.59
4.51
4.37
4.58
4.51
4.44
4.43
4.43
4.62
4.47
4.56
4.46
4.44
4.54	241.15
4.52
4.53
4.50
4.53
4.61
4.56
4.49
4.50
4.53
4.39
4.39
4.49
4.47
4.50
4.48
4.44
4.36
4.44
4.41
4.54
4.51
4.60
4.49
4.37
4.46
4.47
4.44
4.52
4.67
4.54
4.60
CorWatt	PkgWatt
286.09	480.12
4.50	240.17
4.40
4.47
4.44
4.53
4.63
4.67
4.39
4.50
4.54
4.35
4.54
4.44
4.35
4.41
4.33
4.35
4.57
4.49
4.23
4.67
4.48
4.63
4.61
4.32
4.47
4.51
4.44
4.71
4.52
4.47
4.52
4.49	239.99
4.59
4.27
4.43
4.50
4.39
4.42
4.54
4.41
4.48
4.45
4.44
4.23
4.37
4.54
4.53
4.42
4.28
4.30
4.43
4.53
4.41
4.36
4.40
4.33
4.45
4.49
4.45
4.67
4.63
4.72
4.67
CorWatt	PkgWatt
286.47	480.67
4.44	239.47
4.52
4.37
4.17
4.61
4.41
4.49
4.45
4.34
4.42
4.32
4.34
4.47
4.42
4.58
4.58
4.49
4.55
4.58
4.16
4.66
4.45
4.78
4.68
4.46
4.56
4.51
4.39
4.45
4.39
4.48
4.31
4.55	241.23
4.67
4.26
4.57
4.56
4.46
4.44
4.46
4.51
4.52
4.58
4.51
4.33
4.33
4.47
4.62
4.50
4.15
4.15
4.57
4.62
4.51
4.57
4.51
4.31
4.44
4.55
4.51
4.58
4.71
4.64
4.51
CorWatt	PkgWatt
285.64	480.27
4.58	240.19
4.42
4.27
4.26
4.54
4.45
4.53
4.65
4.43
4.32
4.41
4.44
4.40
4.48
4.48
4.42
4.60
4.53
4.68
4.25
4.58
4.59
4.66
4.58
4.36
4.42
4.35
4.49
4.43
4.49
4.51
4.57
4.53	240.06
4.39
4.51
4.49
4.55
4.40
4.42
4.56
4.49
4.56
4.54
4.48
4.34
4.38
4.50
4.52
4.27
4.11
4.13
4.48
4.52
4.45
4.34
4.56
4.39
4.37
4.48
4.56
4.57
4.65
4.47
4.45
CorWatt	PkgWatt
282.62	477.70
4.60	239.55
4.47
4.27
4.38
4.50
4.28
4.29
4.38
4.27
4.20
4.24
4.50
4.30
4.46
4.52
4.24
4.76
4.71
4.81
4.45
4.52
4.47
4.74
4.35
4.56
4.44
4.51
4.50
4.31
4.38
4.38
4.36
4.46	238.39
4.32
4.37
4.50
4.42
4.39
4.30
4.54
4.41
4.46
4.52
4.27
4.20
4.33
4.44
4.62
4.28
4.12
4.13
4.49
4.48
4.44
4.25
4.50
4.26
4.42
4.48
4.42
4.40
4.53
4.35
4.52
CorWatt	PkgWatt
264.69	462.16
4.23	231.02
4.13
3.86
4.00
4.26
4.23
4.23
4.34
3.94
3.96
3.89
4.14
4.01
4.04
4.15
4.25
4.21
4.19
4.33
3.84
4.15
4.08
4.40
4.14
4.13
4.07
4.06
4.25
4.17
4.35
4.24
4.27
4.05	231.62
4.08
4.28
4.37
4.08
4.14
4.06
4.17
4.13
4.09
4.17
4.24
4.23
4.11
4.02
4.21
3.91
3.87
3.79
4.00
4.23
4.21
4.25
4.22
4.14
4.06
4.17
4.15
4.42
4.18
4.08
4.20
CorWatt	PkgWatt
150.46	356.09
2.36	177.96
2.32
2.34
2.31
2.35
2.34
2.34
2.34
2.28
2.28
2.24
2.30
2.26
2.28
2.26
3.68
2.34
2.37
2.40
2.32
2.39
2.35
2.40
2.34
2.30
2.32
2.35
2.34
2.27
2.32
2.30
2.31
2.30	177.61
2.31
2.31
2.29
2.31
2.32
2.31
2.29
2.28
2.24
2.26
2.26
2.27
2.31
2.26
2.23
2.23
2.26
2.20
2.28
2.33
2.33
2.34
2.34
2.27
2.27
2.25
2.30
3.85
2.26
2.27
2.30
CorWatt	PkgWatt
155.93	368.61
2.44	184.65
2.41
2.41
2.40
2.44
2.42
2.45
2.43
2.33
2.38
2.36
2.35
2.36
2.37
2.32
3.72
2.46
2.46
2.48
2.44
2.46
2.49
2.46
2.43
2.43
2.42
2.40
2.42
2.38
2.40
2.41
2.39
2.42	183.93
2.40
2.40
2.35
2.39
2.43
2.41
2.43
2.37
2.35
2.36
2.33
2.38
2.38
2.35
2.36
2.31
2.36
2.30
2.38
2.40
2.41
2.40
2.41
2.35
2.38
2.36
2.35
3.76
2.36
2.39
2.36
CorWatt	PkgWatt
149.70	362.97
2.38	181.89
2.38
2.34
2.37
2.41
2.36
2.38
2.39
2.26
2.34
2.28
2.37
2.31
2.33
2.31
2.55
2.35
2.37
2.41
2.36
2.40
2.40
2.43
2.37
2.37
2.37
2.35
2.34
2.31
2.35
2.32
2.33
2.33	181.09
2.34
2.33
2.33
2.33
2.35
2.35
2.34
2.28
2.29
2.28
2.28
2.31
2.36
2.33
2.32
2.27
2.32
2.26
2.28
2.36
2.36
2.34
2.37
2.28
2.33
2.29
2.27
2.34
2.32
2.32
2.30
CorWatt	PkgWatt
152.24	366.91
2.40	183.91
2.46
2.44
2.34
2.44
2.39
2.42
2.42
2.34
2.34
2.31
2.37
2.33
2.36
2.38
2.33
2.38
2.43
2.44
2.40
2.46
2.47
2.48
2.44
2.42
2.41
2.38
2.44
2.34
2.41
2.36
2.36
2.41	183.04
2.38
2.39
2.37
2.38
2.37
2.38
2.39
2.31
2.41
2.34
2.33
2.36
2.39
2.35
2.36
2.32
2.32
2.30
2.32
2.42
2.38
2.37
2.42
2.32
2.34
2.34
2.35
2.38
2.37
2.33
2.36
CorWatt	PkgWatt
152.80	365.66
2.46	183.38
2.45
2.42
2.45
2.46
2.41
2.44
2.45
2.34
2.40
2.34
2.37
2.35
2.36
2.34
2.38
2.40
2.43
2.44
2.41
2.48
2.47
2.50
2.45
2.45
2.41
2.40
2.45
2.35
2.36
2.36
2.42
2.37	182.22
2.40
2.38
2.42
2.37
2.42
2.40
2.38
2.30
2.34
2.36
2.32
2.34
2.37
2.36
2.36
2.33
2.33
2.31
2.34
2.38
2.41
2.36
2.42
2.36
2.33
2.32
2.34
2.35
2.37
2.35
2.35
