CorWatt	PkgWatt
4.65	151.33
0.09	76.32
0.09
0.09
0.09
0.08
0.08
0.09
0.08
0.08
0.08
0.08
0.08
0.07
0.07
0.07
0.07
0.08
0.08
0.08
0.08
0.09
0.09
0.09
0.09
0.08
0.08
0.08
0.09
0.08
0.08
0.08
0.16
0.07	75.37
0.07
0.07
0.07
0.07
0.07
0.07
0.07
0.05
0.05
0.05
0.05
0.05
0.05
0.05
0.05
0.07
0.07
0.06
0.07
0.07
0.07
0.07
0.07
0.06
0.06
0.06
0.06
0.06
0.06
0.05
0.06
CorWatt	PkgWatt
4.70	151.81
0.10	76.17
0.08
0.08
0.08
0.12
0.08
0.08
0.08
0.12
0.08
0.07
0.08
0.08
0.09
0.07
0.07
0.08
0.08
0.09
0.09
0.10
0.10
0.09
0.09
0.09
0.08
0.09
0.09
0.08
0.08
0.08
0.09
0.07	75.38
0.07
0.07
0.07
0.07
0.07
0.07
0.07
0.05
0.05
0.05
0.05
0.05
0.05
0.05
0.05
0.07
0.07
0.06
0.07
0.07
0.07
0.07
0.07
0.06
0.06
0.06
0.06
0.06
0.06
0.05
0.05
CorWatt	PkgWatt
74.64	262.62
0.63	125.79
1.27
1.25
1.30
1.11
1.12
1.05
1.08
1.07
1.06
1.09
1.06
1.06
1.05
0.98
1.00
1.00
1.09
1.08
1.14
1.12
1.11
1.06
1.04
1.08
1.08
1.14
1.08
1.07
1.10
1.03
1.03
1.22	136.80
1.22
1.25
1.21
1.22
1.17
1.09
1.20
1.16
1.19
1.16
1.18
1.33
1.19
1.19
1.18
1.22
1.18
1.19
1.19
1.20
1.19
1.10
1.16
1.23
1.18
1.22
1.22
1.29
1.32
3.00
1.15
CorWatt	PkgWatt
155.03	377.18
0.39	184.01
2.59
2.61
2.56
2.45
2.47
2.29
2.29
2.45
2.40
2.38
2.42
2.44
2.46
2.20
2.21
2.45
2.44
2.46
2.43
2.43
2.44
2.28
2.28
2.47
2.43
2.44
2.41
2.36
2.39
2.20
2.18
2.53	193.39
2.49
2.46
2.45
2.53
2.49
2.31
2.29
2.56
2.56
2.52
2.55
2.58
2.54
2.35
2.35
2.49
2.45
2.48
2.50
2.54
2.53
2.38
2.37
2.54
2.50
2.54
2.53
2.55
2.53
3.64
2.25
