CorWatt	PkgWatt
15.93	129.68
0.59	129.69
0.56
0.53
0.49
0.55
0.55
0.54
0.53
0.43
0.55
0.40
0.46
0.57
0.57
0.60
0.55
0.50
0.49
0.49
0.52
0.42
0.42
0.41
0.42
0.40
0.40
0.41
0.41
0.55
0.53
0.54
0.54
CorWatt	PkgWatt
15.42	128.71
0.56	129.21
0.51
0.52
0.50
0.53
0.55
0.55
0.52
0.42
0.45
0.40
0.41
0.55
0.54
0.59
0.54
0.48
0.48
0.49
0.51
0.42
0.41
0.39
0.41
0.38
0.38
0.39
0.40
0.57
0.53
0.53
0.52
CorWatt	PkgWatt
68.37	161.85
0.94	186.11
2.24
2.31
2.31
2.36
2.34
2.35
2.30
2.23
3.75
2.25
2.27
2.37
2.39
2.41
2.44
2.30
2.31
2.13
2.15
2.27
2.29
2.08
2.03
2.31
2.26
2.06
2.07
2.55
2.50
2.28
2.45
