CorWatt	PkgWatt
15.14	127.11
0.50	127.30
0.50
0.51
0.48
0.54
0.50
0.51
0.51
0.40
0.47
0.39
0.39
0.52
0.51
0.51
0.54
0.48
0.53
0.54
0.49
0.41
0.41
0.41
0.40
0.36
0.49
0.39
0.38
0.53
0.51
0.51
0.51
CorWatt	PkgWatt
14.80	126.86
0.50	127.11
0.50
0.48
0.48
0.54
0.49
0.49
0.48
0.39
0.45
0.37
0.38
0.51
0.52
0.50
0.56
0.48
0.50
0.54
0.48
0.41
0.39
0.40
0.43
0.39
0.38
0.37
0.37
0.52
0.52
0.50
0.49
CorWatt	PkgWatt
17.78	129.95
0.58	129.51
0.54
0.57
0.57
0.54
0.52
0.50
0.49
0.55
0.66
0.53
0.53
0.60
0.60
0.62
0.64
0.59
0.59
0.59
0.56
0.44
0.41
0.43
0.47
0.46
0.54
0.53
0.57
0.68
0.63
0.62
0.61
CorWatt	PkgWatt
14.94	127.26
0.49	127.21
0.45
0.48
0.48
0.49
0.49
0.49
0.48
0.41
0.45
0.38
0.41
0.57
0.64
0.55
0.56
0.45
0.46
0.52
0.46
0.40
0.40
0.39
0.39
0.36
0.38
0.37
0.39
0.55
0.59
0.52
0.50
