CorWatt	PkgWatt
15.78	129.46
0.58	129.48
0.51
0.64
0.54
0.53
0.54
0.53
0.53
0.44
0.45
0.40
0.42
0.54
0.57
0.59
0.55
0.50
0.50
0.50
0.54
0.42
0.42
0.42
0.41
0.42
0.37
0.39
0.38
0.56
0.53
0.53
0.53
CorWatt	PkgWatt
15.30	127.86
0.55	128.55
0.47
0.52
0.52
0.54
0.55
0.52
0.51
0.41
0.46
0.39
0.40
0.54
0.53
0.58
0.55
0.51
0.50
0.47
0.50
0.41
0.41
0.40
0.40
0.40
0.37
0.38
0.39
0.54
0.53
0.53
0.52
CorWatt	PkgWatt
69.92	162.89
0.92	188.28
2.27
2.34
2.32
2.37
2.38
2.37
2.34
2.29
2.30
2.29
2.26
2.43
2.45
2.45
2.45
2.41
2.37
2.18
2.22
2.33
2.35
2.14
2.09
2.40
2.34
2.14
2.19
2.59
2.54
4.06
2.35
