CorWatt	PkgWatt
14.91	127.05
0.57	127.05
0.49
0.51
0.50
0.49
0.49
0.49
0.50
0.42
0.45
0.42
0.40
0.51
0.52
0.53
0.52
0.46
0.52
0.47
0.48
0.41
0.42
0.49
0.39
0.35
0.35
0.36
0.35
0.51
0.50
0.54
0.50
CorWatt	PkgWatt
15.60	127.19
0.58	127.71
0.50
0.51
0.52
0.49
0.50
0.56
0.50
0.48
0.49
0.44
0.45
0.56
0.57
0.56
0.57
0.49
0.48
0.52
0.48
0.46
0.42
0.48
0.41
0.44
0.36
0.39
0.36
0.52
0.51
0.53
0.50
CorWatt	PkgWatt
17.84	130.08
0.63	129.59
0.55
0.56
0.52
0.59
0.57
0.69
0.62
0.54
0.51
0.51
0.48
0.63
0.60
0.65
0.58
0.52
0.67
0.54
0.54
0.50
0.47
0.51
0.62
0.40
0.40
0.42
0.49
0.62
0.64
0.67
0.57
CorWatt	PkgWatt
14.64	127.02
0.54	126.98
0.48
0.51
0.46
0.52
0.49
0.50
0.52
0.43
0.45
0.43
0.38
0.51
0.51
0.49
0.53
0.44
0.47
0.45
0.46
0.39
0.39
0.39
0.40
0.35
0.36
0.38
0.37
0.51
0.50
0.52
0.50
CorWatt	PkgWatt
16.28	127.70
0.59	127.59
0.52
0.49
0.52
0.55
0.67
0.54
0.56
0.50
0.47
0.43
0.43
0.56
0.57
0.63
0.56
0.49
0.57
0.53
0.50
0.43
0.43
0.43
0.43
0.40
0.40
0.41
0.40
0.56
0.55
0.55
0.62
