CorWatt	PkgWatt
179.89	491.00
2.43	195.43
2.45
2.43
2.40
2.46
2.45
2.48
2.46
2.59
2.45
2.39
2.38
2.39
2.39
2.38
2.39
2.46
2.45
2.46
2.43
2.46
2.47
2.45
2.44
2.42
2.44
2.42
2.43
2.39
2.42
2.41
2.40
2.34	191.84
2.33
2.33
2.32
2.34
2.32
2.31
2.27
2.37
2.35
2.29
2.22
2.31
2.37
2.38
2.35
2.27
2.28
2.27
2.18
2.36
2.34
2.37
2.29
2.31
2.25
2.27
2.30
2.27
2.33
2.34
2.33
CorWatt	PkgWatt
151.87	388.01
2.44	195.88
2.46
2.43
2.40
2.46
2.45
2.46
2.49
2.39
2.54
2.37
2.55
2.40
2.40
2.39
2.37
2.44
2.44
2.45
2.44
2.46
2.47
2.45
2.44
2.42
2.44
2.41
2.43
2.39
2.42
2.42
2.40
2.35	192.14
2.34
2.33
2.34
2.34
2.32
2.30
2.26
2.36
2.35
2.27
2.22
2.35
2.36
2.38
2.35
2.27
2.25
2.29
2.20
2.37
2.36
2.36
2.29
2.30
2.25
2.26
2.28
2.27
2.33
2.34
2.33
CorWatt	PkgWatt
152.68	389.83
2.45	196.52
2.47
2.44
2.41
2.48
2.46
2.48
2.57
2.43
2.38
2.57
2.38
2.40
2.40
2.39
2.39
2.46
2.47
2.49
2.48
2.47
2.49
2.46
2.46
2.43
2.46
2.43
2.45
2.41
2.42
2.42
2.40
2.36	193.37
2.35
2.36
2.36
2.36
2.32
2.31
2.26
2.38
2.37
2.30
2.23
2.37
2.39
2.37
2.34
2.28
2.29
2.29
2.22
2.38
2.35
2.36
2.30
2.34
2.25
2.28
2.31
2.29
2.34
2.36
2.33
CorWatt	PkgWatt
150.54	384.99
2.43	194.96
2.44
2.42
2.39
2.46
2.43
2.44
2.53
2.50
2.54
2.33
2.36
2.37
2.38
2.37
2.36
2.42
2.45
2.45
2.46
2.44
2.45
2.44
2.43
2.41
2.43
2.40
2.42
2.36
2.39
2.41
2.37
2.34	191.66
2.32
2.33
2.33
2.33
2.29
2.31
2.25
2.34
2.33
2.29
2.21
2.36
2.36
2.31
2.31
2.26
2.26
2.26
2.20
2.34
2.32
2.33
2.29
2.28
2.23
2.25
2.31
2.25
2.33
2.31
2.29
CorWatt	PkgWatt
118.55	315.38
1.82	158.04
1.82
1.87
1.85
1.81
1.93
1.97
2.25
2.01
1.90
1.80
1.77
1.84
1.80
1.76
1.75
1.90
1.84
1.89
2.06
1.83
1.88
1.82
1.78
1.79
1.83
1.86
1.88
1.77
1.87
1.88
1.82
1.84	157.40
1.81
1.88
1.89
1.86
1.82
1.82
1.80
1.86
1.84
1.88
1.78
1.84
1.81
1.86
1.88
1.80
1.98
1.85
1.78
1.84
1.81
1.86
1.83
1.82
1.84
1.77
1.85
1.86
1.89
1.88
1.78
CorWatt	PkgWatt
107.31	278.80
1.87	157.80
1.81
1.86
1.81
1.76
1.95
1.97
2.25
2.04
1.82
1.81
1.78
1.83
1.77
1.76
1.76
1.95
1.87
1.84
1.98
1.82
1.90
1.82
1.77
1.78
1.85
1.88
1.87
1.86
1.83
1.83
1.82
1.87	157.46
1.83
1.90
1.83
1.85
1.82
1.81
1.84
1.84
1.84
1.85
1.81
1.84
1.80
1.82
1.91
1.83
1.91
1.87
1.78
1.86
1.84
1.83
1.86
1.85
1.84
1.79
1.81
1.83
1.89
1.87
1.81
CorWatt	PkgWatt
131.04	356.20
1.87	157.83
1.81
1.81
1.84
1.76
1.99
1.94
2.23
2.11
1.90
1.70
1.79
1.82
1.75
1.80
1.75
1.86
1.87
1.92
1.98
1.85
1.85
1.86
1.77
1.79
1.87
1.85
1.90
1.85
1.78
1.86
1.87
1.89	157.52
1.83
1.89
1.80
1.81
1.82
1.86
1.85
1.82
1.88
1.90
1.77
1.90
1.83
1.80
1.86
1.82
1.83
1.92
1.85
1.93
1.80
1.79
1.91
1.87
1.85
1.80
1.81
1.84
1.90
1.88
1.73
CorWatt	PkgWatt
106.52	293.84
1.74	154.24
1.76
1.76
1.74
1.73
1.74
1.75
1.75
1.84
1.79
1.66
1.69
1.69
1.68
1.69
1.69
1.74
1.76
1.78
1.74
1.81
1.78
1.83
1.75
1.73
1.75
1.73
1.75
1.69
1.70
1.74
1.73
1.75	154.38
1.72
1.77
1.75
1.73
1.74
1.77
1.74
1.71
1.74
1.75
1.69
1.72
1.78
1.70
1.72
1.72
1.70
1.72
1.71
1.93
1.74
1.74
1.74
1.72
1.81
1.70
1.70
1.73
1.73
1.72
1.70
CorWatt	PkgWatt
114.66	321.30
1.77	153.65
1.76
1.75
1.73
1.73
1.72
1.73
1.72
1.69
1.70
1.66
1.68
1.70
1.80
1.77
1.68
1.72
1.74
1.75
1.77
1.75
1.76
1.76
1.75
1.72
1.73
1.72
1.73
1.68
1.70
1.70
1.70
1.72	153.11
1.71
1.71
1.71
1.72
1.72
1.73
1.72
1.69
1.70
1.70
1.68
1.70
1.70
1.70
1.70
1.68
1.68
1.68
1.68
1.73
1.73
1.73
1.73
1.68
1.77
1.69
1.69
1.70
1.71
1.71
1.69
CorWatt	PkgWatt
108.69	303.26
1.85	153.62
1.75
1.91
1.76
1.73
1.72
1.73
1.73
1.67
1.68
1.66
1.68
1.68
1.68
1.68
1.68
1.73
1.74
1.75
1.73
1.78
1.75
1.76
1.75
1.72
1.73
1.72
1.73
1.69
1.70
1.71
1.71
1.72	153.15
1.71
1.71
1.71
1.72
1.72
1.73
1.71
1.69
1.70
1.70
1.68
1.70
1.70
1.70
1.70
1.68
1.68
1.69
1.68
1.74
1.73
1.73
1.73
1.69
1.68
1.69
1.69
1.70
1.71
1.71
1.69
CorWatt	PkgWatt
111.11	310.40
1.74	153.68
1.76
1.75
1.73
1.73
1.73
1.73
1.73
1.68
1.68
1.66
1.68
1.68
1.68
1.68
1.68
1.73
1.74
1.76
1.73
1.86
1.84
1.76
1.92
1.72
1.73
1.72
1.73
1.69
1.70
1.70
1.70
1.71	153.05
1.71
1.71
1.71
1.72
1.72
1.73
1.71
1.69
1.70
1.70
1.69
1.70
1.70
1.70
1.70
1.68
1.68
1.69
1.68
1.73
1.73
1.73
1.73
1.68
1.68
1.69
1.69
1.70
1.70
1.70
1.69
CorWatt	PkgWatt
106.84	298.10
1.81	153.59
1.85
1.85
1.73
1.73
1.72
1.73
1.72
1.67
1.68
1.66
1.68
1.68
1.68
1.68
1.68
1.72
1.74
1.74
1.73
1.76
1.78
1.79
1.75
1.72
1.73
1.72
1.73
1.68
1.70
1.70
1.70
1.72	153.14
1.72
1.71
1.71
1.73
1.72
1.73
1.72
1.69
1.70
1.69
1.68
1.70
1.70
1.70
1.70
1.68
1.68
1.69
1.68
1.74
1.73
1.74
1.73
1.68
1.68
1.69
1.69
1.70
1.70
1.71
1.69
CorWatt	PkgWatt
112.83	315.71
1.74	153.64
1.75
2.07
1.73
1.73
1.72
1.73
1.72
1.67
1.68
1.66
1.68
1.68
1.68
1.68
1.68
1.72
1.74
1.74
1.72
1.75
1.75
1.75
1.74
1.72
1.73
1.72
1.73
1.68
1.70
1.70
1.71
1.72	153.01
1.71
1.72
1.71
1.72
1.72
1.73
1.72
1.70
1.70
1.70
1.68
1.70
1.70
1.70
1.70
1.68
1.68
1.69
1.68
1.73
1.73
1.74
1.73
1.68
1.68
1.69
1.69
1.70
1.71
1.71
1.70
CorWatt	PkgWatt
105.56	294.32
1.74	153.63
1.77
2.05
1.72
1.73
1.72
1.73
1.73
1.69
1.68
1.66
1.68
1.68
1.68
1.68
1.68
1.72
1.74
1.75
1.72
1.75
1.75
1.75
1.75
1.72
1.73
1.72
1.73
1.68
1.70
1.70
1.70
1.71	153.07
1.71
1.71
1.71
1.72
1.72
1.72
1.71
1.69
1.70
1.70
1.68
1.70
1.70
1.70
1.70
1.68
1.68
1.69
1.68
1.73
1.73
1.73
1.73
1.68
1.68
1.69
1.69
1.69
1.70
1.71
1.69
CorWatt	PkgWatt
108.51	302.55
1.74	153.59
1.75
1.98
1.73
1.73
1.72
1.73
1.73
1.84
1.68
1.66
1.69
1.68
1.68
1.68
1.68
1.72
1.74
1.74
1.73
1.75
1.75
1.75
1.74
1.72
1.73
1.72
1.73
1.69
1.70
1.70
1.71
1.71	153.05
1.71
1.71
1.70
1.72
1.72
1.72
1.72
1.69
1.70
1.70
1.68
1.70
1.70
1.70
1.70
1.68
1.68
1.68
1.68
1.74
1.73
1.73
1.73
1.68
1.68
1.69
1.69
1.69
1.70
1.70
1.69
CorWatt	PkgWatt
114.90	322.08
1.74	153.73
1.75
1.92
1.78
1.73
1.72
1.73
1.72
1.86
1.68
1.66
1.69
1.68
1.68
1.68
1.68
1.72
1.74
1.75
1.73
1.75
1.75
1.75
1.74
1.72
1.73
1.72
1.73
1.69
1.70
1.71
1.70
1.71	152.90
1.71
1.71
1.70
1.72
1.72
1.72
1.71
1.69
1.70
1.70
1.69
1.70
1.70
1.70
1.69
1.68
1.68
1.68
1.68
1.73
1.73
1.73
1.73
1.68
1.68
1.69
1.69
1.69
1.70
1.71
1.69
CorWatt	PkgWatt
110.27	308.23
1.73	153.58
1.75
1.81
1.91
1.73
1.72
1.73
1.72
1.80
1.68
1.66
1.68
1.68
1.68
1.68
1.68
1.72
1.74
1.75
1.72
1.75
1.75
1.75
1.75
1.72
1.73
1.72
1.73
1.68
1.70
1.70
1.70
1.72	153.12
1.71
1.71
1.71
1.72
1.72
1.72
1.71
1.69
1.69
1.69
1.68
1.70
1.70
1.70
1.69
1.68
1.69
1.69
1.68
1.73
1.73
1.73
1.73
1.68
1.68
1.69
1.69
1.69
1.70
1.70
1.69
CorWatt	PkgWatt
109.71	306.25
1.74	153.66
1.75
1.75
1.94
1.73
1.72
1.73
1.72
1.89
1.68
1.66
1.68
1.68
1.68
1.68
1.68
1.72
1.74
1.74
1.72
1.75
1.75
1.75
1.74
1.72
1.73
1.72
1.73
1.68
1.70
1.71
1.70
1.71	152.87
1.71
1.71
1.71
1.72
1.72
1.72
1.71
1.69
1.70
1.70
1.68
1.70
1.70
1.70
1.69
1.68
1.69
1.69
1.68
1.73
1.73
1.73
1.73
1.68
1.68
1.69
1.69
1.69
1.70
1.70
1.69
CorWatt	PkgWatt
106.31	296.45
1.74	153.74
1.75
1.80
1.94
1.73
1.73
1.72
1.72
1.82
1.68
1.66
1.68
1.68
1.68
1.68
1.68
1.72
1.74
1.75
1.77
1.75
1.75
1.75
1.74
1.72
1.73
1.72
1.73
1.68
1.70
1.70
1.70
1.71	153.10
1.71
1.71
1.71
1.72
1.72
1.72
1.71
1.69
1.70
1.70
1.68
1.70
1.70
1.70
1.70
1.68
1.68
1.69
1.68
1.73
1.73
1.73
1.73
1.69
1.68
1.69
1.69
1.69
1.70
1.70
1.69
CorWatt	PkgWatt
99.60	266.94
1.73	153.46
1.75
1.79
2.02
1.73
1.72
1.73
1.73
1.67
1.68
1.66
1.68
1.68
1.68
1.68
1.68
1.72
1.74
1.75
1.72
1.75
1.75
1.75
1.74
1.72
1.73
1.72
1.73
1.68
1.70
1.70
1.70
1.71	152.87
1.71
1.71
1.71
1.72
1.72
1.72
1.71
1.69
1.70
1.69
1.68
1.70
1.70
1.70
1.69
1.68
1.68
1.68
1.68
1.73
1.73
1.73
1.73
1.68
1.68
1.69
1.69
1.69
1.70
1.70
1.69
CorWatt	PkgWatt
125.64	365.76
1.85	153.60
1.75
1.75
1.95
1.73
1.72
1.73
1.73
1.67
1.68
1.65
1.68
1.68
1.68
1.68
1.68
1.72
1.74
1.75
1.73
1.75
1.75
1.75
1.74
1.72
1.73
1.72
1.73
1.69
1.70
1.70
1.70
1.71	153.10
1.71
1.71
1.71
1.72
1.72
1.72
1.71
1.69
1.70
1.70
1.68
1.70
1.70
1.70
1.70
1.68
1.68
1.69
1.68
1.73
1.73
1.73
1.73
1.68
1.68
1.69
1.69
1.69
1.70
1.70
1.69
CorWatt	PkgWatt
109.79	306.55
1.74	153.57
1.75
1.80
2.05
1.73
1.72
1.73
1.73
1.67
1.68
1.66
1.68
1.68
1.68
1.68
1.68
1.73
1.74
1.75
1.73
1.75
1.75
1.75
1.74
1.72
1.73
1.72
1.73
1.68
1.70
1.70
1.71
1.71	152.88
1.71
1.71
1.71
1.72
1.72
1.72
1.71
1.69
1.70
1.70
1.68
1.70
1.71
1.70
1.70
1.68
1.68
1.68
1.68
1.73
1.73
1.73
1.73
1.68
1.68
1.69
1.68
1.69
1.70
1.70
1.69
CorWatt	PkgWatt
108.89	303.93
1.73	153.46
1.75
1.99
1.87
1.73
1.72
1.72
1.73
1.67
1.68
1.66
1.68
1.68
1.68
1.68
1.68
1.72
1.73
1.74
1.72
1.75
1.75
1.75
1.74
1.72
1.73
1.72
1.73
1.68
1.69
1.70
1.70
1.71	153.08
1.71
1.71
1.71
1.73
1.72
1.72
1.71
1.69
1.70
1.70
1.68
1.70
1.70
1.70
1.70
1.68
1.68
1.68
1.68
1.74
1.73
1.73
1.73
1.69
1.68
1.69
1.69
1.70
1.70
1.70
1.69
CorWatt	PkgWatt
106.96	298.30
1.74	153.60
1.75
1.96
1.89
1.73
1.72
1.73
1.73
1.67
1.68
1.66
1.68
1.68
1.68
1.68
1.68
1.72
1.74
1.74
1.72
1.75
1.75
1.75
1.74
1.72
1.73
1.72
1.73
1.68
1.70
1.70
1.70
1.71	152.96
1.71
1.71
1.71
1.72
1.72
1.73
1.71
1.69
1.70
1.70
1.68
1.70
1.70
1.70
1.70
1.68
1.68
1.69
1.68
1.73
1.73
1.73
1.73
1.69
1.68
1.69
1.69
1.69
1.70
1.71
1.69
CorWatt	PkgWatt
109.71	306.59
1.74	153.64
1.75
1.99
1.93
1.73
1.72
1.73
1.73
1.67
1.68
1.66
1.68
1.68
1.68
1.69
1.68
1.72
1.74
1.75
1.72
1.75
1.75
1.75
1.74
1.72
1.73
1.72
1.73
1.69
1.70
1.70
1.70
1.71	152.96
1.71
1.71
1.71
1.72
1.72
1.72
1.71
1.69
1.70
1.69
1.68
1.70
1.70
1.70
1.69
1.68
1.68
1.68
1.67
1.74
1.73
1.73
1.73
1.68
1.68
1.69
1.68
1.70
1.70
1.70
1.69
CorWatt	PkgWatt
108.44	302.68
1.88	153.54
1.75
1.79
1.92
1.73
1.72
1.73
1.73
1.67
1.68
1.66
1.68
1.68
1.68
1.68
1.68
1.72
1.74
1.74
1.72
1.75
1.75
1.75
1.74
1.72
1.73
1.72
1.73
1.68
1.70
1.70
1.70
1.71	152.89
1.71
1.71
1.71
1.72
1.72
1.72
1.71
1.69
1.70
1.69
1.68
1.70
1.70
1.69
1.70
1.68
1.68
1.68
1.68
1.73
1.72
1.73
1.73
1.68
1.68
1.69
1.69
1.69
1.71
1.70
1.69
CorWatt	PkgWatt
46.98	232.28
0.78	110.55
0.69
0.72
0.75
0.74
0.72
0.75
0.74
0.69
0.70
0.70
0.68
0.71
0.69
0.71
0.70
0.73
0.75
0.72
0.73
0.77
0.73
0.73
0.73
0.74
0.72
0.72
0.69
0.66
0.70
0.69
0.68
0.71	109.32
0.69
0.68
0.72
0.69
0.72
0.70
0.69
0.67
0.67
0.68
0.66
0.66
0.72
0.66
0.65
0.67
0.68
0.68
0.69
0.72
0.72
0.76
0.69
0.66
0.67
0.68
0.66
0.61
0.65
0.62
0.64
CorWatt	PkgWatt
17.43	188.53
0.31	92.17
0.29
0.31
0.31
0.31
0.30
0.32
0.30
0.26
0.28
0.27
0.27
0.28
0.27
0.26
0.28
0.29
0.30
0.30
0.31
0.32
0.28
0.28
0.29
0.30
0.28
0.29
0.26
0.26
0.26
0.26
0.26
0.28	96.34
0.27
0.26
0.27
0.25
0.27
0.28
0.26
0.23
0.24
0.24
0.24
0.22
0.24
0.24
0.23
0.26
0.27
0.27
0.27
0.29
0.27
0.28
0.29
0.26
0.26
0.27
0.26
0.24
0.26
0.24
0.24
CorWatt	PkgWatt
17.17	184.33
0.31	91.86
0.28
0.30
0.33
0.31
0.29
0.30
0.28
0.25
0.27
0.27
0.26
0.27
0.27
0.26
0.27
0.29
0.30
0.30
0.37
0.31
0.28
0.27
0.29
0.29
0.28
0.28
0.27
0.26
0.26
0.25
0.26
0.26	92.34
0.25
0.27
0.26
0.25
0.27
0.26
0.27
0.23
0.24
0.23
0.23
0.23
0.25
0.25
0.23
0.26
0.27
0.24
0.25
0.26
0.26
0.26
0.28
0.25
0.24
0.26
0.25
0.23
0.26
0.26
0.24
CorWatt	PkgWatt
17.64	176.11
0.33	88.73
0.29
0.31
0.33
0.31
0.28
0.33
0.31
0.27
0.28
0.30
0.27
0.28
0.28
0.27
0.27
0.30
0.29
0.31
0.31
0.33
0.29
0.28
0.28
0.31
0.28
0.27
0.27
0.28
0.26
0.27
0.26
0.27	87.44
0.26
0.26
0.27
0.26
0.28
0.27
0.27
0.23
0.26
0.24
0.25
0.22
0.26
0.26
0.23
0.26
0.27
0.25
0.26
0.29
0.27
0.28
0.28
0.27
0.27
0.28
0.28
0.25
0.25
0.25
0.25
CorWatt	PkgWatt
16.37	174.19
0.29	87.78
0.27
0.28
0.31
0.29
0.28
0.29
0.27
0.26
0.26
0.26
0.26
0.25
0.26
0.24
0.25
0.28
0.29
0.27
0.29
0.30
0.27
0.28
0.27
0.28
0.27
0.26
0.25
0.26
0.25
0.25
0.25
0.25	86.41
0.24
0.24
0.25
0.25
0.26
0.25
0.24
0.22
0.24
0.23
0.22
0.21
0.23
0.23
0.21
0.25
0.25
0.24
0.25
0.27
0.26
0.27
0.26
0.25
0.24
0.25
0.26
0.22
0.23
0.23
0.22
CorWatt	PkgWatt
27.59	212.79
0.51	107.71
0.46
0.44
0.49
0.50
0.57
0.46
0.55
0.41
0.51
0.42
0.44
0.45
0.44
0.42
0.38
0.40
0.46
0.41
0.55
0.52
0.53
0.49
0.45
0.46
0.44
0.42
0.49
0.44
0.48
0.57
0.43
0.43	105.07
0.39
0.38
0.37
0.38
0.41
0.37
0.35
0.39
0.42
0.35
0.40
0.29
0.39
0.36
0.32
0.36
0.41
0.38
0.38
0.42
0.37
0.37
0.43
0.45
0.46
0.43
0.45
0.39
0.42
0.43
0.45
CorWatt	PkgWatt
13.73	176.01
0.24	90.55
0.21
0.36
0.32
0.37
0.27
0.31
0.35
0.31
0.20
0.20
0.30
0.41
0.23
0.23
0.35
0.27
0.22
0.32
0.27
0.37
0.28
0.34
0.18
0.31
0.23
0.21
0.27
0.28
0.25
0.38
0.23
0.13	85.58
0.13
0.13
0.14
0.14
0.13
0.14
0.15
0.15
0.13
0.13
0.18
0.12
0.16
0.12
0.12
0.13
0.15
0.13
0.14
0.15
0.14
0.14
0.16
0.17
0.20
0.19
0.18
0.14
0.15
0.14
0.16
CorWatt	PkgWatt
10.05	163.15
0.20	83.02
0.18
0.18
0.18
0.18
0.18
0.18
0.17
0.16
0.16
0.16
0.17
0.17
0.17
0.17
0.17
0.19
0.18
0.17
0.18
0.19
0.18
0.17
0.18
0.17
0.18
0.18
0.17
0.17
0.16
0.17
0.17
0.15	80.08
0.15
0.15
0.16
0.12
0.11
0.12
0.11
0.16
0.15
0.15
0.15
0.10
0.14
0.11
0.10
0.11
0.11
0.11
0.11
0.15
0.16
0.16
0.17
0.16
0.16
0.15
0.15
0.16
0.15
0.16
0.14
CorWatt	PkgWatt
29.75	188.80
0.50	95.17
0.50
0.50
0.49
0.48
0.57
0.48
0.52
0.46
0.55
0.45
0.49
0.46
0.48
0.47
0.49
0.48
0.49
0.48
0.51
0.52
0.59
0.51
0.51
0.49
0.46
0.49
0.49
0.48
0.47
0.47
0.49
0.46	93.49
0.42
0.42
0.45
0.44
0.42
0.42
0.47
0.42
0.42
0.40
0.43
0.42
0.40
0.39
0.44
0.42
0.42
0.44
0.44
0.46
0.44
0.46
0.45
0.46
0.42
0.44
0.55
0.45
0.42
0.39
0.45
CorWatt	PkgWatt
125.45	295.84
2.03	150.98
2.11
2.10
2.04
2.08
1.97
2.07
2.06
2.00
2.04
2.00
2.03
2.06
2.03
2.03
2.04
2.08
2.08
2.11
2.10
2.07
2.09
2.10
2.11
2.08
2.11
2.05
2.09
1.99
2.05
2.04
2.06
1.88	144.86
1.89
1.89
1.91
1.79
1.82
1.83
1.88
1.81
1.90
1.89
1.78
1.77
1.81
1.83
1.86
1.78
1.84
1.79
1.78
1.91
1.95
1.92
2.01
1.88
1.87
1.89
1.88
1.93
1.91
1.77
1.90
CorWatt	PkgWatt
131.50	307.67
2.12	147.28
2.15
2.14
2.08
2.12
2.06
2.12
2.12
2.04
2.08
2.04
2.06
2.09
2.07
2.08
2.07
2.10
2.11
2.15
2.12
2.12
2.14
2.17
2.14
2.10
2.12
2.11
2.14
2.05
2.09
2.07
2.07
2.06	160.36
2.03
2.05
2.11
1.82
1.85
1.87
1.91
2.10
2.02
2.07
1.97
1.93
1.84
2.04
1.91
1.80
1.86
1.81
1.79
2.16
2.12
2.12
2.22
2.08
2.21
2.05
2.06
2.17
2.07
2.09
2.07
CorWatt	PkgWatt
131.67	307.67
2.12	147.08
2.15
2.13
2.09
2.12
2.05
2.12
2.11
2.04
2.08
2.04
2.06
2.08
2.06
2.07
2.10
2.10
2.12
2.14
2.11
2.11
2.12
2.15
2.14
2.10
2.11
2.09
2.11
2.07
2.10
2.08
2.07
2.06	160.50
2.04
2.06
2.13
1.82
1.85
1.87
1.91
2.13
2.02
2.07
2.01
1.96
1.81
2.04
1.90
1.79
1.85
1.81
1.79
2.17
2.11
2.12
2.21
2.08
2.22
2.06
2.09
2.17
2.05
2.16
2.10
