CorWatt	PkgWatt
15.28	127.24
0.51	127.24
0.53
0.48
0.44
0.50
0.50
0.50
0.49
0.40
0.48
0.44
0.45
0.55
0.52
0.53
0.55
0.46
0.49
0.47
0.47
0.43
0.43
0.42
0.43
0.45
0.40
0.39
0.37
0.55
0.61
0.52
0.52
CorWatt	PkgWatt
14.71	126.63
0.50	126.78
0.56
0.48
0.45
0.48
0.49
0.53
0.49
0.38
0.45
0.37
0.40
0.50
0.50
0.50
0.51
0.46
0.48
0.47
0.46
0.42
0.40
0.39
0.41
0.41
0.41
0.38
0.35
0.52
0.56
0.51
0.51
CorWatt	PkgWatt
20.92	132.24
0.71	132.11
0.78
0.71
0.70
0.74
0.81
0.77
0.74
0.61
0.70
0.56
0.60
0.70
0.69
0.70
0.79
0.58
0.64
0.57
0.57
0.49
0.58
0.52
0.60
0.54
0.65
0.55
0.50
0.66
0.74
0.71
0.66
CorWatt	PkgWatt
15.68	127.67
0.52	127.66
0.53
0.51
0.44
0.49
0.51
0.56
0.50
0.45
0.47
0.39
0.45
0.58
0.55
0.51
0.53
0.48
0.48
0.49
0.49
0.48
0.42
0.42
0.45
0.41
0.44
0.43
0.46
0.58
0.55
0.56
0.57
CorWatt	PkgWatt
16.04	127.70
0.51	127.71
0.53
0.49
0.49
0.53
0.50
0.55
0.51
0.42
0.47
0.41
0.55
0.56
0.52
0.60
0.64
0.44
0.48
0.50
0.50
0.45
0.40
0.48
0.50
0.42
0.45
0.41
0.46
0.58
0.55
0.56
0.57
CorWatt	PkgWatt
17.23	128.76
0.55	128.80
0.58
0.56
0.51
0.57
0.57
0.55
0.59
0.48
0.52
0.46
0.50
0.66
0.66
0.63
0.66
0.50
0.54
0.50
0.50
0.49
0.43
0.46
0.45
0.46
0.55
0.48
0.43
0.61
0.61
0.58
0.57
CorWatt	PkgWatt
15.90	127.74
0.51	127.69
0.56
0.53
0.46
0.52
0.54
0.58
0.49
0.45
0.49
0.39
0.54
0.57
0.58
0.56
0.55
0.51
0.50
0.46
0.47
0.46
0.43
0.42
0.44
0.45
0.37
0.38
0.39
0.57
0.57
0.56
0.60
CorWatt	PkgWatt
15.59	127.38
0.50	127.38
0.54
0.49
0.49
0.55
0.55
0.58
0.53
0.42
0.48
0.39
0.47
0.53
0.52
0.52
0.50
0.44
0.50
0.45
0.45
0.42
0.41
0.39
0.38
0.46
0.41
0.43
0.40
0.60
0.56
0.64
0.58
CorWatt	PkgWatt
15.28	127.22
0.51	127.21
0.55
0.52
0.45
0.49
0.49
0.53
0.48
0.42
0.47
0.38
0.52
0.56
0.56
0.55
0.57
0.45
0.50
0.47
0.45
0.48
0.40
0.43
0.40
0.43
0.35
0.36
0.35
0.55
0.57
0.51
0.52
CorWatt	PkgWatt
15.46	127.52
0.54	127.53
0.55
0.60
0.49
0.54
0.55
0.55
0.54
0.38
0.44
0.40
0.41
0.51
0.54
0.57
0.52
0.46
0.52
0.50
0.50
0.47
0.41
0.40
0.40
0.42
0.35
0.37
0.35
0.55
0.54
0.55
0.53
CorWatt	PkgWatt
15.45	127.43
0.52	127.42
0.56
0.55
0.47
0.51
0.53
0.51
0.51
0.38
0.43
0.41
0.42
0.51
0.52
0.58
0.53
0.49
0.48
0.45
0.46
0.45
0.41
0.42
0.41
0.44
0.41
0.42
0.36
0.57
0.61
0.56
0.57
CorWatt	PkgWatt
15.54	127.54
0.50	127.55
0.54
0.53
0.48
0.52
0.51
0.51
0.54
0.39
0.42
0.39
0.42
0.54
0.56
0.58
0.55
0.47
0.49
0.49
0.52
0.44
0.39
0.39
0.38
0.43
0.42
0.44
0.38
0.54
0.63
0.57
0.54
CorWatt	PkgWatt
18.73	130.09
0.69	130.10
0.72
0.74
0.64
0.70
0.71
0.70
0.70
0.44
0.49
0.49
0.49
0.73
0.71
0.66
0.66
0.44
0.58
0.48
0.50
0.46
0.51
0.43
0.46
0.52
0.50
0.55
0.48
0.62
0.63
0.67
0.64
