CorWatt	PkgWatt
4.36	151.40
0.10	75.96
0.08
0.08
0.08
0.08
0.07
0.07
0.07
0.07
0.07
0.06
0.07
0.06
0.06
0.06
0.06
0.08
0.07
0.07
0.08
0.09
0.08
0.08
0.08
0.07
0.07
0.07
0.07
0.07
0.07
0.07
0.07
0.07	75.46
0.07
0.07
0.07
0.07
0.07
0.07
0.07
0.05
0.05
0.06
0.05
0.06
0.06
0.06
0.05
0.07
0.07
0.06
0.07
0.07
0.07
0.07
0.07
0.06
0.06
0.06
0.06
0.06
0.05
0.06
0.06
CorWatt	PkgWatt
5.07	152.01
0.12	76.07
0.09
0.09
0.09
0.08
0.08
0.08
0.09
0.08
0.08
0.07
0.08
0.07
0.07
0.07
0.07
0.08
0.08
0.08
0.08
0.10
0.08
0.08
0.08
0.08
0.08
0.08
0.08
0.08
0.08
0.08
0.08
0.09	76.00
0.08
0.07
0.07
0.08
0.07
0.07
0.08
0.06
0.06
0.08
0.07
0.06
0.06
0.08
0.07
0.08
0.08
0.08
0.07
0.08
0.08
0.08
0.16
0.07
0.07
0.09
0.07
0.07
0.06
0.06
0.07
