CorWatt	PkgWatt
15.63	128.61
0.53	128.61
0.48
0.54
0.47
0.53
0.55
0.52
0.52
0.42
0.48
0.42
0.43
0.65
0.56
0.54
0.54
0.48
0.49
0.49
0.56
0.43
0.43
0.48
0.42
0.37
0.38
0.38
0.37
0.55
0.53
0.53
0.56
CorWatt	PkgWatt
15.00	127.94
0.50	128.12
0.46
0.54
0.45
0.52
0.56
0.51
0.49
0.39
0.45
0.39
0.45
0.51
0.53
0.50
0.53
0.47
0.47
0.46
0.58
0.40
0.40
0.43
0.40
0.39
0.40
0.38
0.37
0.53
0.51
0.52
0.53
CorWatt	PkgWatt
73.95	189.02
3.00	188.82
2.35
2.41
2.37
2.47
2.52
2.45
2.39
2.29
2.31
2.28
2.25
2.42
2.45
2.42
2.43
2.30
2.29
2.09
2.13
2.24
2.22
2.06
1.99
2.23
2.22
2.03
2.04
2.42
2.40
2.20
2.22
