CorWatt	PkgWatt
15.04	126.96
0.51	126.96
0.43
0.51
0.43
0.49
0.49
0.54
0.48
0.41
0.44
0.41
0.38
0.51
0.51
0.50
0.54
0.46
0.50
0.50
0.49
0.42
0.41
0.40
0.43
0.40
0.37
0.41
0.36
0.54
0.57
0.54
0.68
CorWatt	PkgWatt
15.11	126.65
0.50	127.26
0.48
0.52
0.45
0.52
0.50
0.54
0.51
0.40
0.44
0.39
0.38
0.52
0.51
0.49
0.53
0.48
0.50
0.48
0.51
0.44
0.43
0.42
0.43
0.39
0.37
0.38
0.38
0.60
0.61
0.54
0.53
CorWatt	PkgWatt
17.93	130.10
0.56	129.49
0.46
0.57
0.51
0.57
0.53
0.58
0.62
0.55
0.59
0.56
0.59
0.71
0.73
0.69
0.78
0.51
0.55
0.54
0.55
0.48
0.45
0.45
0.48
0.49
0.44
0.45
0.44
0.62
0.61
0.57
0.62
CorWatt	PkgWatt
16.43	128.19
0.55	128.05
0.46
0.56
0.46
0.52
0.52
0.56
0.51
0.45
0.56
0.46
0.59
0.73
0.67
0.65
0.76
0.48
0.49
0.48
0.49
0.42
0.42
0.42
0.44
0.44
0.39
0.39
0.39
0.55
0.55
0.54
0.55
