CorWatt	PkgWatt
154.82	372.86
2.47	188.40
2.51
2.47
2.44
2.49
2.48
2.47
2.47
2.39
2.40
2.38
2.42
2.43
2.43
2.40
2.44
2.48
2.51
2.50
2.49
2.50
2.50
2.51
2.48
2.42
2.50
2.45
2.44
2.44
2.43
2.41
2.44
2.44	187.78
2.46
2.45
2.43
2.43
2.44
2.48
2.40
2.40
2.42
2.40
2.39
2.44
2.42
2.43
2.40
2.39
2.39
2.38
2.42
2.45
2.47
2.49
2.44
2.39
2.40
2.40
2.43
2.44
2.41
2.40
2.39
CorWatt	PkgWatt
160.58	390.13
2.48	191.63
2.53
2.54
2.47
2.48
2.48
2.51
2.49
2.44
2.41
2.37
2.44
2.44
2.43
2.43
2.47
2.50
2.51
2.49
2.48
2.55
2.59
2.53
2.50
2.50
2.47
2.47
2.45
2.45
2.46
2.44
2.44
2.46	191.81
2.48
2.45
2.45
2.49
2.52
2.48
2.45
2.45
2.45
2.46
2.41
2.43
2.45
2.47
2.41
2.44
2.47
2.42
2.45
2.54
2.48
2.57
2.45
2.41
2.46
2.47
2.44
2.46
2.50
2.45
2.43
CorWatt	PkgWatt
155.26	367.73
2.46	186.12
2.51
2.52
2.47
2.49
2.44
2.47
2.45
2.39
2.43
2.39
2.42
2.41
2.40
2.40
2.42
2.45
2.48
2.50
2.50
2.51
2.53
2.53
2.47
2.47
2.45
2.51
2.42
2.43
2.46
2.42
2.44
2.51	187.02
2.48
2.49
2.51
2.47
2.47
2.50
2.53
2.42
2.46
2.42
2.48
2.55
2.47
2.45
2.40
2.44
2.45
2.40
2.42
2.48
2.48
2.49
2.45
2.42
2.42
2.41
2.41
2.41
2.45
2.46
2.44
CorWatt	PkgWatt
154.76	366.42
2.46	184.89
2.48
2.46
2.44
2.45
2.44
2.48
2.47
2.34
2.38
2.38
2.39
2.40
2.43
2.40
2.42
2.48
2.47
2.45
2.46
2.50
2.50
2.51
2.48
2.43
2.44
2.45
2.44
2.40
2.42
2.41
2.42
2.42	184.86
2.44
2.48
2.44
2.44
2.45
2.44
2.45
2.40
2.43
2.38
2.39
2.42
2.41
2.40
2.38
2.39
2.37
2.38
2.43
2.40
2.45
2.47
2.46
2.41
2.41
2.37
2.40
2.38
2.43
2.43
2.40
CorWatt	PkgWatt
156.10	380.57
2.47	189.83
2.47
2.49
2.44
2.51
2.47
2.49
2.47
2.37
2.40
2.40
2.42
2.40
2.40
2.44
2.41
2.46
2.50
2.51
2.50
2.55
2.52
2.49
2.50
2.47
2.45
2.44
2.50
2.41
2.41
2.45
2.43
2.44	190.65
2.48
2.48
2.47
2.43
2.47
2.48
2.48
2.36
2.42
2.43
2.45
2.41
2.43
2.41
2.43
2.40
2.46
2.40
2.43
2.49
2.48
2.50
2.44
2.44
2.40
2.39
2.39
2.39
2.44
2.42
2.43
CorWatt	PkgWatt
157.62	375.21
2.49	186.69
2.51
2.48
2.47
2.49
2.47
2.49
2.49
2.41
2.43
2.38
2.42
2.44
2.42
2.41
2.42
2.48
2.50
2.52
2.46
2.52
2.51
2.54
2.49
2.46
2.44
2.48
2.45
2.43
2.41
2.44
2.44
2.45	186.37
2.45
2.47
2.47
2.43
2.49
2.48
2.47
2.42
2.42
2.41
2.41
2.45
2.46
2.43
2.43
2.42
2.41
2.40
2.41
2.49
2.43
2.47
2.46
2.41
2.40
2.43
2.43
2.44
2.43
2.42
2.42
CorWatt	PkgWatt
156.06	373.15
2.45	186.91
2.48
2.53
2.44
2.46
2.45
2.48
2.45
2.37
2.41
2.37
2.43
2.38
2.44
2.37
2.42
2.48
2.49
2.51
2.48
2.52
2.49
2.48
2.51
2.45
2.49
2.42
2.47
2.43
2.43
2.43
2.44
2.45	186.79
2.42
2.44
2.44
2.45
2.49
2.48
2.42
2.41
2.39
2.41
2.39
2.45
2.43
2.43
2.42
2.43
2.40
2.38
2.39
2.46
2.48
2.47
2.50
2.39
2.40
2.40
2.42
2.44
2.44
2.43
2.43
CorWatt	PkgWatt
157.66	375.88
2.48	186.12
2.50
2.50
2.46
2.45
2.48
2.47
2.44
2.39
2.43
2.36
2.42
2.41
2.42
2.41
2.39
2.45
2.51
2.49
2.46
2.53
2.52
2.51
2.51
2.45
2.48
2.46
2.45
2.44
2.49
2.46
2.43
2.43	185.98
2.44
2.47
2.44
2.45
2.47
2.47
2.45
2.41
2.41
2.43
2.40
2.43
2.44
2.43
2.40
2.42
2.44
2.40
2.41
2.45
2.48
2.48
2.47
2.40
2.39
2.43
2.42
2.40
2.44
2.43
2.41
CorWatt	PkgWatt
155.17	366.47
2.49	185.75
2.52
2.50
2.46
2.44
2.47
2.49
2.45
2.42
2.37
2.36
2.43
2.42
2.42
2.40
2.38
2.47
2.49
2.52
2.49
2.52
2.51
2.53
2.49
2.46
2.44
2.46
2.47
2.41
2.45
2.45
2.44
2.44	185.83
2.49
2.44
2.43
2.41
2.48
2.47
2.45
2.43
2.43
2.43
2.38
2.44
2.42
2.40
2.42
2.42
2.41
2.43
2.40
2.46
2.49
2.46
2.50
2.40
2.40
2.39
2.38
2.43
2.44
2.46
2.41
