CorWatt	PkgWatt
15.38	128.04
0.53	128.02
0.50
0.47
0.47
0.53
0.54
0.52
0.51
0.46
0.47
0.55
0.42
0.54
0.53
0.53
0.56
0.46
0.47
0.46
0.47
0.41
0.39
0.39
0.45
0.37
0.41
0.45
0.37
0.54
0.53
0.54
0.52
CorWatt	PkgWatt
14.81	127.23
0.51	127.47
0.47
0.48
0.44
0.50
0.55
0.54
0.49
0.44
0.46
0.40
0.38
0.55
0.51
0.50
0.54
0.45
0.48
0.46
0.47
0.41
0.38
0.41
0.49
0.37
0.36
0.39
0.36
0.54
0.50
0.51
0.50
CorWatt	PkgWatt
68.51	182.88
0.92	182.63
2.12
2.18
2.16
2.25
2.23
2.23
2.13
2.16
2.17
3.56
2.11
2.26
2.30
2.31
2.30
2.22
2.17
1.98
1.98
2.11
2.16
1.92
2.06
2.05
2.11
1.89
1.88
2.25
2.19
2.06
2.02
