CorWatt	PkgWatt
16.09	127.88
0.57	127.92
0.46
0.47
0.45
0.56
0.55
0.59
0.57
0.51
0.50
0.44
0.46
0.58
0.59
0.55
0.58
0.51
0.56
0.49
0.53
0.44
0.44
0.40
0.48
0.40
0.36
0.39
0.41
0.58
0.57
0.56
0.55
CorWatt	PkgWatt
14.61	126.60
0.49	127.06
0.47
0.44
0.45
0.50
0.49
0.55
0.51
0.38
0.43
0.37
0.38
0.50
0.51
0.50
0.52
0.48
0.52
0.47
0.49
0.41
0.41
0.45
0.43
0.35
0.35
0.37
0.35
0.52
0.50
0.51
0.53
CorWatt	PkgWatt
17.24	129.65
0.55	129.18
0.56
0.58
0.47
0.61
0.54
0.61
0.52
0.50
0.54
0.54
0.57
0.63
0.61
0.65
0.64
0.57
0.54
0.56
0.54
0.53
0.51
0.44
0.47
0.39
0.46
0.38
0.40
0.57
0.60
0.54
0.56
CorWatt	PkgWatt
15.95	128.30
0.51	128.13
0.46
0.49
0.51
0.53
0.55
0.58
0.53
0.43
0.49
0.42
0.43
0.54
0.54
0.55
0.55
0.53
0.54
0.54
0.59
0.43
0.48
0.43
0.43
0.42
0.43
0.41
0.42
0.56
0.55
0.53
0.56
