CorWatt	PkgWatt
4.51	151.47
0.09	76.05
0.08
0.08
0.08
0.08
0.08
0.08
0.08
0.08
0.08
0.08
0.08
0.07
0.08
0.07
0.07
0.08
0.08
0.08
0.08
0.09
0.08
0.08
0.08
0.08
0.08
0.08
0.08
0.07
0.08
0.08
0.07
0.07	75.43
0.07
0.07
0.07
0.07
0.07
0.07
0.07
0.05
0.05
0.05
0.05
0.05
0.05
0.05
0.05
0.07
0.07
0.06
0.07
0.07
0.07
0.07
0.07
0.06
0.06
0.06
0.06
0.06
0.05
0.05
0.06
CorWatt	PkgWatt
4.94	151.88
0.10	76.43
0.09
0.09
0.10
0.12
0.10
0.09
0.09
0.09
0.08
0.08
0.09
0.07
0.08
0.07
0.08
0.09
0.10
0.09
0.11
0.10
0.10
0.09
0.09
0.09
0.08
0.09
0.09
0.08
0.08
0.09
0.09
0.07	75.53
0.07
0.07
0.07
0.07
0.07
0.07
0.07
0.06
0.06
0.06
0.06
0.06
0.06
0.06
0.06
0.07
0.07
0.06
0.07
0.07
0.07
0.07
0.07
0.07
0.07
0.06
0.06
0.06
0.06
0.06
0.06
CorWatt	PkgWatt
73.05	262.74
0.58	136.00
1.19
1.23
1.24
1.19
1.24
1.15
1.15
1.33
1.20
1.22
1.28
1.22
1.12
1.04
1.06
1.19
1.20
1.19
1.13
1.14
1.14
1.30
2.72
1.13
1.10
1.23
1.12
1.10
1.14
1.09
1.11
1.09	126.67
1.07
1.08
1.12
1.12
1.10
1.04
1.03
1.09
1.11
1.05
1.12
1.14
1.13
1.02
1.09
1.08
1.05
1.06
1.08
1.11
1.11
1.03
1.04
1.06
1.05
1.11
1.09
1.05
1.16
1.08
1.01
CorWatt	PkgWatt
155.55	374.65
0.40	192.03
2.55
2.72
2.67
2.64
2.65
2.48
2.48
2.58
2.54
2.52
2.58
2.57
2.54
2.36
2.37
2.56
2.54
2.55
2.53
2.53
2.53
2.37
3.66
2.57
2.53
2.55
2.51
2.49
2.52
2.32
2.31
2.48	183.03
2.45
2.42
2.40
2.49
2.45
2.25
2.23
2.46
2.44
2.42
2.45
2.48
2.45
2.24
2.24
2.39
2.34
2.39
2.40
2.49
2.48
2.26
2.26
2.47
2.41
2.42
2.42
2.34
2.33
2.12
2.06
