CorWatt	PkgWatt
15.77	129.27
0.56	129.28
0.46
0.50
0.47
0.53
0.53
0.53
0.51
0.56
0.47
0.42
0.45
0.54
0.56
0.56
0.54
0.50
0.49
0.54
0.57
0.44
0.42
0.45
0.42
0.37
0.38
0.40
0.37
0.56
0.55
0.57
0.54
CorWatt	PkgWatt
15.18	128.06
0.55	128.54
0.44
0.48
0.45
0.51
0.52
0.50
0.50
0.46
0.49
0.41
0.40
0.52
0.53
0.54
0.53
0.49
0.48
0.49
0.56
0.41
0.42
0.43
0.43
0.36
0.39
0.38
0.36
0.54
0.55
0.56
0.53
CorWatt	PkgWatt
70.31	167.73
0.90	189.66
2.24
2.31
2.31
2.39
2.38
2.39
2.33
2.30
2.30
2.30
2.27
2.44
2.40
2.44
2.46
2.38
2.38
2.19
2.23
2.33
2.34
2.13
2.06
2.36
2.51
3.68
2.14
2.62
2.55
2.36
2.37
