CorWatt	PkgWatt
4.11	152.92
0.08	76.62
0.08
0.08
0.08
0.07
0.07
0.07
0.07
0.06
0.06
0.06
0.06
0.06
0.06
0.06
0.06
0.08
0.08
0.08
0.08
0.08
0.07
0.07
0.07
0.07
0.07
0.07
0.07
0.06
0.06
0.06
0.06
0.06	76.29
0.06
0.06
0.06
0.06
0.06
0.06
0.06
0.06
0.06
0.06
0.06
0.06
0.06
0.06
0.06
0.06
0.06
0.06
0.06
0.06
0.06
0.06
0.06
0.06
0.06
0.06
0.06
0.06
0.06
0.06
0.06
CorWatt	PkgWatt
4.09	151.22
0.10	75.54
0.08
0.08
0.07
0.06
0.06
0.06
0.06
0.06
0.06
0.06
0.06
0.06
0.06
0.06
0.06
0.07
0.07
0.07
0.07
0.08
0.07
0.07
0.07
0.06
0.06
0.06
0.06
0.06
0.06
0.06
0.06
0.06	75.61
0.07
0.06
0.06
0.06
0.06
0.06
0.07
0.06
0.07
0.06
0.05
0.06
0.06
0.05
0.07
0.06
0.06
0.07
0.06
0.08
0.06
0.06
0.07
0.06
0.06
0.10
0.06
0.06
0.06
0.09
0.06
CorWatt	PkgWatt
17.28	180.33
0.29	92.51
0.23
0.24
0.24
0.21
0.22
0.20
0.21
0.22
0.22
0.21
0.24
0.23
0.21
0.21
0.30
0.23
0.24
0.22
0.22
0.27
0.31
0.25
0.27
0.23
0.22
0.21
0.23
0.24
0.29
0.27
2.65
0.23	88.06
0.22
0.27
0.13
0.19
0.21
0.15
0.33
0.19
0.19
0.26
0.15
0.20
0.30
0.17
0.13
0.21
0.23
0.15
0.26
0.51
0.22
0.29
0.31
0.13
0.32
0.32
0.13
0.14
0.33
0.32
0.12
CorWatt	PkgWatt
7.41	156.44
0.15	81.31
0.14
0.15
0.14
0.22
0.22
0.22
0.58
0.12
0.12
0.12
0.12
0.12
0.12
0.12
0.12
0.14
0.14
0.14
0.14
0.15
0.14
0.14
0.14
0.13
0.13
0.13
0.13
0.15
0.16
0.16
0.76
0.06	74.95
0.06
0.06
0.06
0.06
0.06
0.06
0.06
0.05
0.06
0.06
0.05
0.05
0.05
0.05
0.05
0.05
0.05
0.05
0.05
0.06
0.06
0.06
0.06
0.05
0.05
0.05
0.05
0.05
0.05
0.05
0.05
CorWatt	PkgWatt
7.94	157.00
0.16	81.81
0.16
0.15
0.15
0.31
0.31
0.31
1.08
0.13
0.13
0.13
0.13
0.13
0.13
0.13
0.13
0.15
0.15
0.14
0.14
0.16
0.15
0.15
0.15
0.14
0.14
0.14
0.14
0.14
0.14
0.14
0.16
0.06	75.17
0.06
0.06
0.06
0.06
0.07
0.06
0.06
0.06
0.06
0.06
0.06
0.06
0.06
0.06
0.06
0.06
0.06
0.06
0.06
0.06
0.06
0.06
0.06
0.06
0.06
0.06
0.06
0.06
0.06
0.06
0.06
CorWatt	PkgWatt
10.96	165.03
0.14	81.06
0.11
0.10
0.13
0.35
0.18
0.17
0.17
0.13
0.13
0.12
0.13
0.13
0.12
0.20
0.12
0.14
0.14
0.14
0.14
0.15
0.14
0.15
0.15
0.13
0.13
0.13
0.13
0.13
0.14
0.14
0.15
0.16	84.26
0.17
0.16
0.17
0.17
0.18
0.17
0.17
0.29
0.29
0.28
0.88
0.16
0.15
0.15
0.15
0.17
0.16
0.16
0.16
0.18
0.18
0.18
0.17
0.16
0.17
0.17
0.16
0.15
0.15
0.15
0.16
CorWatt	PkgWatt
8.34	157.88
0.09	75.64
0.08
0.08
0.08
0.08
0.08
0.08
0.08
0.07
0.07
0.07
0.07
0.07
0.07
0.07
0.07
0.08
0.08
0.08
0.08
0.09
0.08
0.08
0.08
0.07
0.07
0.07
0.07
0.07
0.07
0.09
0.07
0.14	82.07
0.14
0.15
0.14
0.14
0.15
0.14
0.14
0.31
0.30
0.30
1.11
0.13
0.13
0.13
0.13
0.14
0.14
0.14
0.14
0.15
0.15
0.15
0.14
0.14
0.14
0.14
0.14
0.13
0.13
0.13
0.13
CorWatt	PkgWatt
8.31	158.24
0.09	75.96
0.09
0.09
0.10
0.08
0.08
0.08
0.08
0.07
0.07
0.07
0.07
0.07
0.07
0.07
0.07
0.08
0.08
0.08
0.08
0.09
0.08
0.08
0.07
0.07
0.07
0.07
0.07
0.07
0.07
0.09
0.07
0.14	82.19
0.14
0.14
0.14
0.14
0.14
0.14
0.14
0.30
0.31
0.30
1.12
0.13
0.13
0.13
0.13
0.14
0.14
0.14
0.14
0.14
0.14
0.14
0.14
0.14
0.14
0.14
0.14
0.13
0.13
0.13
0.13
CorWatt	PkgWatt
8.56	158.17
0.09	75.99
0.09
0.09
0.09
0.08
0.08
0.08
0.08
0.07
0.07
0.07
0.07
0.07
0.07
0.07
0.07
0.09
0.09
0.09
0.09
0.09
0.08
0.08
0.08
0.08
0.08
0.08
0.08
0.08
0.08
0.10
0.08
0.14	82.20
0.14
0.15
0.14
0.15
0.15
0.14
0.15
0.31
0.31
0.30
1.13
0.13
0.13
0.13
0.13
0.14
0.14
0.14
0.14
0.15
0.15
0.15
0.15
0.14
0.14
0.14
0.14
0.13
0.13
0.13
0.13
CorWatt	PkgWatt
8.80	170.65
0.08	81.52
0.08
0.08
0.08
0.07
0.07
0.07
0.07
0.07
0.06
0.06
0.07
0.06
0.06
0.06
0.06
0.08
0.08
0.08
0.08
0.08
0.07
0.07
0.07
0.07
0.07
0.07
0.07
0.07
0.07
0.09
0.07
0.14	89.10
0.14
0.14
0.14
0.14
0.14
0.14
0.14
0.26
0.26
0.26
1.87
0.13
0.13
0.13
0.13
0.14
0.14
0.14
0.14
0.14
0.14
0.14
0.14
0.14
0.14
0.14
0.14
0.13
0.13
0.13
0.13
CorWatt	PkgWatt
9.94	196.17
0.09	93.47
0.08
0.08
0.08
0.07
0.08
0.07
0.07
0.07
0.07
0.07
0.07
0.06
0.06
0.06
0.06
0.08
0.08
0.08
0.08
0.09
0.08
0.08
0.07
0.07
0.07
0.07
0.07
0.07
0.07
0.08
0.07
0.14	102.67
0.14
0.14
0.14
0.14
0.14
0.14
0.14
0.18
0.18
0.17
3.27
0.13
0.13
0.13
0.13
0.14
0.14
0.14
0.14
0.14
0.14
0.14
0.14
0.14
0.14
0.13
0.13
0.13
0.13
0.13
0.13
CorWatt	PkgWatt
9.95	195.88
0.09	93.44
0.08
0.08
0.08
0.08
0.08
0.08
0.07
0.07
0.07
0.07
0.07
0.07
0.06
0.06
0.06
0.08
0.08
0.08
0.08
0.08
0.08
0.07
0.07
0.07
0.07
0.07
0.07
0.07
0.07
0.08
0.07
0.14	102.58
0.14
0.14
0.14
0.14
0.14
0.14
0.14
0.18
0.18
0.18
3.26
0.13
0.13
0.13
0.13
0.14
0.14
0.14
0.14
0.14
0.14
0.14
0.14
0.14
0.14
0.14
0.14
0.13
0.13
0.13
0.13
CorWatt	PkgWatt
10.13	196.68
0.09	93.73
0.09
0.09
0.09
0.08
0.08
0.08
0.08
0.07
0.07
0.07
0.07
0.07
0.07
0.07
0.07
0.08
0.08
0.08
0.08
0.09
0.08
0.08
0.08
0.07
0.07
0.07
0.07
0.07
0.07
0.09
0.07
0.14	102.81
0.14
0.14
0.14
0.14
0.14
0.14
0.14
0.18
0.18
0.18
3.26
0.13
0.13
0.13
0.13
0.14
0.14
0.14
0.14
0.14
0.14
0.14
0.14
0.14
0.14
0.14
0.14
0.13
0.13
0.13
0.13
CorWatt	PkgWatt
9.83	196.05
0.08	93.40
0.08
0.08
0.08
0.07
0.07
0.07
0.07
0.06
0.06
0.06
0.06
0.06
0.06
0.06
0.06
0.08
0.08
0.08
0.08
0.08
0.07
0.07
0.07
0.07
0.07
0.07
0.07
0.07
0.07
0.08
0.07
0.14	102.63
0.14
0.14
0.14
0.14
0.14
0.14
0.14
0.18
0.18
0.17
3.26
0.13
0.12
0.12
0.12
0.14
0.14
0.14
0.14
0.14
0.14
0.14
0.14
0.14
0.14
0.13
0.13
0.12
0.12
0.13
0.13
CorWatt	PkgWatt
9.99	196.08
0.09	93.47
0.08
0.08
0.08
0.08
0.08
0.08
0.08
0.07
0.07
0.07
0.07
0.07
0.07
0.06
0.06
0.08
0.08
0.08
0.08
0.08
0.07
0.07
0.07
0.07
0.07
0.07
0.07
0.07
0.07
0.09
0.07
0.14	102.75
0.14
0.14
0.14
0.14
0.14
0.14
0.14
0.18
0.18
0.18
3.26
0.13
0.13
0.13
0.13
0.14
0.14
0.14
0.14
0.14
0.14
0.14
0.14
0.14
0.14
0.14
0.14
0.13
0.13
0.13
0.13
CorWatt	PkgWatt
10.09	196.57
0.09	93.71
0.09
0.09
0.09
0.08
0.08
0.08
0.08
0.07
0.07
0.07
0.07
0.07
0.07
0.14
0.07
0.08
0.08
0.08
0.08
0.09
0.08
0.08
0.08
0.07
0.07
0.07
0.07
0.07
0.07
0.09
0.07
0.14	102.75
0.14
0.14
0.14
0.14
0.14
0.14
0.14
0.18
0.18
0.17
3.26
0.13
0.13
0.13
0.13
0.14
0.14
0.14
0.14
0.14
0.14
0.14
0.14
0.14
0.14
0.14
0.13
0.13
0.13
0.13
0.13
CorWatt	PkgWatt
10.13	196.61
0.09	93.75
0.09
0.09
0.09
0.08
0.08
0.08
0.08
0.07
0.07
0.07
0.07
0.07
0.07
0.07
0.07
0.08
0.08
0.08
0.08
0.09
0.08
0.08
0.08
0.07
0.07
0.07
0.07
0.07
0.08
0.09
0.07
0.14	102.83
0.14
0.14
0.14
0.14
0.14
0.14
0.14
0.18
0.18
0.18
3.26
0.13
0.13
0.13
0.13
0.14
0.14
0.14
0.14
0.14
0.14
0.14
0.14
0.14
0.14
0.14
0.14
0.13
0.13
0.13
0.13
CorWatt	PkgWatt
9.97	196.23
0.09	93.58
0.08
0.08
0.08
0.08
0.08
0.08
0.08
0.07
0.07
0.07
0.07
0.06
0.07
0.06
0.06
0.08
0.08
0.08
0.08
0.08
0.07
0.07
0.07
0.07
0.07
0.07
0.07
0.07
0.07
0.08
0.07
0.14	102.83
0.14
0.14
0.14
0.14
0.14
0.14
0.14
0.18
0.18
0.18
3.26
0.13
0.13
0.13
0.13
0.14
0.14
0.14
0.14
0.14
0.14
0.14
0.14
0.14
0.14
0.14
0.14
0.13
0.13
0.13
0.13
CorWatt	PkgWatt
9.96	196.41
0.08	93.50
0.08
0.08
0.08
0.08
0.08
0.08
0.08
0.07
0.06
0.06
0.07
0.06
0.07
0.06
0.06
0.08
0.08
0.08
0.08
0.08
0.07
0.07
0.07
0.07
0.07
0.07
0.07
0.07
0.07
0.08
0.07
0.14	102.76
0.14
0.14
0.14
0.14
0.14
0.14
0.14
0.18
0.18
0.18
3.26
0.13
0.13
0.13
0.13
0.14
0.14
0.14
0.14
0.14
0.14
0.14
0.14
0.14
0.14
0.14
0.14
0.13
0.13
0.13
0.13
CorWatt	PkgWatt
9.88	196.13
0.08	93.36
0.08
0.08
0.08
0.08
0.08
0.08
0.08
0.07
0.06
0.06
0.06
0.06
0.06
0.06
0.06
0.08
0.08
0.08
0.08
0.08
0.07
0.07
0.07
0.07
0.07
0.07
0.07
0.07
0.07
0.08
0.07
0.14	102.77
0.14
0.14
0.14
0.14
0.14
0.14
0.14
0.18
0.18
0.18
3.26
0.13
0.12
0.12
0.12
0.14
0.14
0.14
0.14
0.14
0.14
0.14
0.14
0.14
0.14
0.14
0.14
0.13
0.13
0.13
0.13
CorWatt	PkgWatt
12.26	181.78
0.18	90.29
0.18
0.17
0.17
0.16
0.15
0.16
0.16
0.16
0.16
0.15
0.16
0.15
0.15
0.15
0.15
0.18
0.18
0.18
0.17
0.18
0.17
0.17
0.17
0.18
0.18
0.17
0.95
0.16
0.16
0.23
0.16
0.15	91.59
0.15
0.15
0.15
0.15
0.15
0.15
0.15
0.17
0.16
0.16
1.54
0.13
0.14
0.14
0.14
0.15
0.15
0.15
0.15
0.14
0.14
0.14
0.14
0.15
0.15
0.15
0.15
0.14
0.14
0.14
0.14
CorWatt	PkgWatt
7.74	156.59
0.16	81.75
0.15
0.15
0.15
0.15
0.14
0.14
0.14
0.13
0.13
0.13
0.13
0.13
0.12
0.12
0.12
0.14
0.14
0.14
0.14
0.15
0.14
0.14
0.14
0.14
0.14
0.14
0.17
0.31
1.24
0.31
0.31
0.05	74.79
0.05
0.05
0.05
0.05
0.05
0.05
0.05
0.05
0.05
0.05
0.05
0.05
0.05
0.05
0.05
0.05
0.05
0.05
0.05
0.05
0.05
0.05
0.05
0.05
0.05
0.05
0.05
0.05
0.05
0.05
0.05
CorWatt	PkgWatt
8.04	157.07
0.17	82.29
0.16
0.16
0.15
0.15
0.15
0.15
0.15
0.14
0.13
0.14
0.14
0.13
0.13
0.13
0.13
0.15
0.15
0.15
0.15
0.16
0.15
0.15
0.15
0.15
0.15
0.15
0.17
0.34
1.25
0.34
0.34
0.05	74.78
0.05
0.05
0.05
0.05
0.05
0.05
0.05
0.05
0.05
0.05
0.05
0.05
0.05
0.05
0.05
0.05
0.05
0.05
0.05
0.05
0.05
0.05
0.05
0.05
0.05
0.05
0.05
0.05
0.05
0.05
0.05
CorWatt	PkgWatt
8.07	157.07
0.17	82.41
0.16
0.16
0.15
0.15
0.15
0.15
0.15
0.14
0.13
0.14
0.14
0.13
0.13
0.13
0.13
0.15
0.15
0.15
0.15
0.16
0.15
0.15
0.15
0.15
0.15
0.15
0.18
0.34
0.36
1.27
0.35
0.05	74.74
0.05
0.05
0.05
0.05
0.05
0.05
0.05
0.05
0.05
0.05
0.05
0.05
0.05
0.05
0.05
0.05
0.05
0.05
0.05
0.05
0.05
0.05
0.05
0.05
0.05
0.05
0.05
0.05
0.05
0.05
0.05
CorWatt	PkgWatt
8.34	157.67
0.17	82.43
0.16
0.16
0.15
0.15
0.15
0.15
0.15
0.14
0.14
0.14
0.14
0.13
0.13
0.13
0.13
0.15
0.15
0.15
0.15
0.16
0.15
0.15
0.15
0.15
0.15
0.15
0.18
0.34
0.34
1.25
0.34
0.06	75.13
0.06
0.06
0.06
0.06
0.06
0.06
0.06
0.06
0.06
0.06
0.06
0.06
0.06
0.06
0.06
0.06
0.06
0.06
0.06
0.06
0.06
0.06
0.06
0.06
0.06
0.06
0.06
0.06
0.06
0.06
0.06
CorWatt	PkgWatt
8.09	157.15
0.17	82.41
0.16
0.16
0.15
0.15
0.15
0.15
0.15
0.14
0.14
0.14
0.14
0.13
0.13
0.21
0.13
0.15
0.15
0.15
0.15
0.16
0.15
0.15
0.15
0.15
0.15
0.15
0.17
0.34
0.34
1.26
0.34
0.05	74.77
0.05
0.05
0.05
0.05
0.05
0.05
0.05
0.05
0.05
0.05
0.05
0.05
0.05
0.05
0.05
0.05
0.05
0.05
0.05
0.05
0.05
0.05
0.05
0.05
0.05
0.05
0.05
0.05
0.05
0.05
0.05
CorWatt	PkgWatt
8.08	157.02
0.17	82.40
0.16
0.16
0.15
0.15
0.15
0.15
0.15
0.14
0.13
0.14
0.14
0.13
0.13
0.13
0.13
0.15
0.15
0.15
0.15
0.17
0.15
0.15
0.15
0.15
0.15
0.15
0.18
0.34
0.34
1.27
0.34
0.05	74.72
0.05
0.05
0.05
0.05
0.05
0.05
0.05
0.06
0.05
0.05
0.05
0.05
0.05
0.05
0.05
0.05
0.05
0.05
0.05
0.05
0.05
0.05
0.05
0.05
0.05
0.05
0.05
0.05
0.05
0.05
0.05
CorWatt	PkgWatt
8.03	157.28
0.17	82.45
0.16
0.16
0.15
0.15
0.15
0.15
0.15
0.14
0.13
0.14
0.13
0.13
0.13
0.14
0.13
0.15
0.15
0.15
0.15
0.16
0.15
0.15
0.15
0.15
0.15
0.15
0.18
0.34
0.34
1.26
0.34
0.05	74.71
0.05
0.05
0.05
0.05
0.05
0.05
0.05
0.05
0.05
0.05
0.05
0.05
0.05
0.05
0.05
0.05
0.05
0.05
0.05
0.05
0.05
0.05
0.05
0.05
0.05
0.05
0.05
0.05
0.05
0.05
0.05
CorWatt	PkgWatt
8.43	157.57
0.17	82.52
0.16
0.16
0.16
0.16
0.15
0.15
0.15
0.14
0.14
0.14
0.14
0.14
0.14
0.14
0.14
0.15
0.16
0.15
0.15
0.17
0.16
0.15
0.15
0.15
0.15
0.15
0.18
0.34
1.11
0.52
0.35
0.06	75.13
0.06
0.06
0.06
0.06
0.06
0.06
0.06
0.06
0.06
0.06
0.06
0.06
0.06
0.06
0.06
0.06
0.06
0.06
0.06
0.06
0.06
0.06
0.06
0.06
0.06
0.06
0.06
0.06
0.06
0.06
0.06
CorWatt	PkgWatt
8.03	157.17
0.17	82.38
0.16
0.16
0.15
0.15
0.15
0.15
0.15
0.13
0.13
0.13
0.13
0.13
0.13
0.14
0.13
0.15
0.15
0.15
0.15
0.16
0.15
0.15
0.15
0.15
0.15
0.15
0.18
0.34
0.67
0.96
0.34
0.05	74.73
0.05
0.05
0.05
0.05
0.05
0.05
0.05
0.05
0.05
0.05
0.05
0.05
0.05
0.05
0.05
0.05
0.05
0.05
0.05
0.05
0.05
0.05
0.05
0.05
0.05
0.05
0.05
0.05
0.05
0.05
0.05
CorWatt	PkgWatt
8.04	157.21
0.17	82.35
0.16
0.16
0.15
0.15
0.15
0.15
0.15
0.13
0.13
0.13
0.13
0.13
0.13
0.13
0.13
0.15
0.15
0.15
0.15
0.16
0.15
0.15
0.15
0.15
0.15
0.15
0.17
0.34
1.26
0.34
0.34
0.05	74.84
0.05
0.05
0.05
0.05
0.05
0.05
0.05
0.05
0.05
0.05
0.05
0.05
0.05
0.05
0.05
0.05
0.05
0.05
0.05
0.05
0.05
0.05
0.05
0.05
0.05
0.05
0.05
0.05
0.05
0.05
0.05
CorWatt	PkgWatt
8.43	163.70
0.17	87.04
0.16
0.16
0.17
0.16
0.15
0.15
0.16
0.14
0.14
0.14
0.14
0.14
0.13
0.14
0.14
0.15
0.15
0.15
0.15
0.16
0.15
0.16
0.15
0.15
0.15
0.15
0.18
0.34
1.10
0.53
0.35
0.06	76.86
0.06
0.06
0.06
0.06
0.06
0.05
0.06
0.06
0.05
0.05
0.05
0.05
0.05
0.06
0.05
0.06
0.06
0.06
0.05
0.06
0.06
0.06
0.09
0.05
0.06
0.06
0.06
0.06
0.05
0.06
0.06
CorWatt	PkgWatt
8.85	162.76
0.19	85.31
0.17
0.17
0.17
0.16
0.15
0.15
0.15
0.14
0.14
0.14
0.14
0.14
0.14
0.14
0.14
0.16
0.16
0.15
0.15
0.17
0.17
0.16
0.17
0.16
0.16
0.15
0.18
0.35
0.68
0.96
0.35
0.07	77.31
0.06
0.07
0.07
0.06
0.08
0.07
0.06
0.07
0.07
0.07
0.07
0.06
0.06
0.06
0.06
0.06
0.06
0.06
0.06
0.08
0.07
0.07
0.07
0.08
0.07
0.06
0.08
0.06
0.06
0.07
0.06
CorWatt	PkgWatt
8.07	157.17
0.17	82.43
0.16
0.16
0.15
0.15
0.15
0.15
0.15
0.13
0.13
0.13
0.13
0.13
0.13
0.14
0.13
0.15
0.15
0.15
0.15
0.16
0.15
0.15
0.15
0.15
0.15
0.15
0.18
0.34
1.26
0.35
0.34
0.05	74.69
0.05
0.05
0.05
0.05
0.05
0.05
0.05
0.05
0.05
0.05
0.05
0.05
0.05
0.05
0.05
0.05
0.05
0.05
0.05
0.05
0.05
0.05
0.05
0.05
0.05
0.05
0.05
0.05
0.05
0.05
0.05
CorWatt	PkgWatt
8.14	157.18
0.17	82.45
0.16
0.16
0.16
0.15
0.15
0.15
0.15
0.13
0.13
0.13
0.13
0.14
0.13
0.14
0.13
0.15
0.15
0.15
0.15
0.17
0.15
0.15
0.15
0.15
0.15
0.15
0.18
0.34
1.27
0.35
0.35
0.05	74.84
0.05
0.06
0.05
0.05
0.05
0.05
0.05
0.05
0.05
0.05
0.05
0.05
0.05
0.05
0.05
0.05
0.05
0.05
0.05
0.05
0.05
0.05
0.05
0.05
0.05
0.05
0.05
0.05
0.05
0.05
0.05
CorWatt	PkgWatt
8.33	157.50
0.17	82.67
0.16
0.16
0.15
0.15
0.15
0.15
0.15
0.13
0.13
0.13
0.13
0.13
0.13
0.21
0.13
0.15
0.15
0.15
0.15
0.16
0.16
0.15
0.15
0.15
0.15
0.15
0.18
0.36
0.37
1.38
0.37
0.05	74.73
0.05
0.05
0.05
0.05
0.05
0.05
0.05
0.05
0.05
0.05
0.05
0.05
0.05
0.05
0.05
0.05
0.05
0.05
0.05
0.05
0.05
0.05
0.05
0.05
0.05
0.05
0.05
0.05
0.05
0.05
0.05
CorWatt	PkgWatt
8.64	157.88
0.18	82.83
0.16
0.16
0.16
0.15
0.15
0.15
0.15
0.14
0.14
0.14
0.14
0.14
0.14
0.14
0.13
0.15
0.15
0.15
0.15
0.17
0.16
0.16
0.16
0.15
0.15
0.15
0.18
0.37
1.13
0.65
0.38
0.06	75.09
0.06
0.06
0.06
0.06
0.06
0.06
0.06
0.06
0.06
0.06
0.06
0.06
0.06
0.06
0.05
0.06
0.06
0.06
0.06
0.06
0.06
0.06
0.06
0.06
0.06
0.06
0.06
0.06
0.06
0.06
0.06
CorWatt	PkgWatt
8.30	157.43
0.17	82.53
0.16
0.15
0.15
0.15
0.15
0.15
0.15
0.13
0.13
0.13
0.13
0.13
0.13
0.14
0.13
0.15
0.15
0.15
0.15
0.16
0.15
0.15
0.15
0.15
0.15
0.15
0.17
0.37
1.38
0.40
0.37
0.05	74.84
0.05
0.06
0.05
0.05
0.05
0.05
0.05
0.05
0.05
0.05
0.05
0.05
0.05
0.05
0.05
0.05
0.05
0.05
0.05
0.05
0.05
0.05
0.05
0.05
0.05
0.05
0.05
0.05
0.05
0.05
0.05
CorWatt	PkgWatt
11.44	164.76
0.23	86.79
0.22
0.22
0.18
0.21
0.21
0.21
0.22
0.19
0.53
0.56
0.19
0.25
0.25
0.74
0.26
0.22
0.23
0.22
0.23
0.24
0.23
0.23
0.23
0.23
0.23
0.22
0.28
0.21
0.19
0.25
0.22
0.10	78.16
0.10
0.11
0.10
0.10
0.10
0.10
0.10
0.08
0.09
0.09
0.09
0.09
0.10
0.10
0.10
0.10
0.10
0.10
0.10
0.10
0.09
0.10
0.10
0.10
0.09
0.10
0.10
0.09
0.09
0.10
0.10
CorWatt	PkgWatt
8.42	157.78
0.17	82.85
0.16
0.16
0.16
0.15
0.15
0.15
0.15
0.15
0.17
0.14
0.15
1.32
0.38
0.50
0.38
0.15
0.15
0.15
0.15
0.16
0.15
0.15
0.15
0.14
0.14
0.14
0.14
0.14
0.14
0.14
0.14
0.05	74.79
0.05
0.05
0.05
0.05
0.05
0.05
0.05
0.05
0.05
0.05
0.05
0.05
0.05
0.05
0.05
0.05
0.05
0.05
0.05
0.05
0.05
0.05
0.05
0.05
0.05
0.05
0.05
0.05
0.05
0.05
0.05
CorWatt	PkgWatt
8.73	158.05
0.17	82.95
0.16
0.16
0.16
0.16
0.15
0.16
0.16
0.15
0.17
0.15
0.15
0.46
0.38
1.38
0.38
0.15
0.16
0.15
0.15
0.17
0.16
0.15
0.15
0.15
0.15
0.15
0.15
0.14
0.14
0.15
0.14
0.06	75.07
0.06
0.06
0.06
0.06
0.06
0.06
0.06
0.06
0.06
0.06
0.06
0.05
0.06
0.05
0.05
0.06
0.06
0.06
0.06
0.06
0.06
0.06
0.06
0.06
0.06
0.06
0.06
0.06
0.06
0.06
0.06
CorWatt	PkgWatt
8.43	157.43
0.17	82.90
0.16
0.16
0.16
0.15
0.15
0.15
0.15
0.15
0.17
0.14
0.15
1.44
0.38
0.38
0.38
0.15
0.15
0.15
0.15
0.16
0.15
0.15
0.15
0.14
0.14
0.14
0.14
0.14
0.14
0.15
0.14
0.05	74.65
0.05
0.05
0.05
0.05
0.05
0.05
0.05
0.05
0.05
0.05
0.05
0.05
0.05
0.05
0.05
0.05
0.05
0.05
0.05
0.05
0.05
0.05
0.05
0.05
0.05
0.05
0.05
0.05
0.05
0.05
0.05
CorWatt	PkgWatt
10.33	174.23
0.19	97.42
0.16
0.16
0.16
0.15
0.15
0.15
0.15
0.15
0.17
0.15
0.15
3.53
0.29
0.29
0.29
0.15
0.15
0.15
0.14
0.16
0.15
0.15
0.15
0.14
0.14
0.14
0.14
0.14
0.14
0.14
0.14
0.06	76.69
0.06
0.06
0.06
0.05
0.05
0.05
0.05
0.06
0.05
0.06
0.05
0.05
0.05
0.05
0.05
0.05
0.05
0.06
0.05
0.05
0.06
0.06
0.06
0.05
0.05
0.05
0.05
0.05
0.05
0.05
0.05
CorWatt	PkgWatt
11.98	184.20
0.16	109.50
0.15
0.15
0.15
0.15
0.15
0.15
0.15
0.14
0.16
0.14
0.14
5.78
0.18
0.18
0.18
0.15
0.15
0.14
0.14
0.16
0.15
0.15
0.15
0.14
0.14
0.14
0.14
0.13
0.13
0.14
0.13
0.05	74.69
0.05
0.05
0.05
0.05
0.05
0.05
0.05
0.05
0.05
0.05
0.05
0.05
0.05
0.05
0.05
0.05
0.05
0.05
0.05
0.05
0.05
0.05
0.05
0.05
0.05
0.05
0.05
0.05
0.05
0.05
0.05
CorWatt	PkgWatt
12.28	184.71
0.17	109.74
0.16
0.16
0.16
0.15
0.15
0.15
0.15
0.15
0.16
0.15
0.15
5.78
0.18
0.18
0.18
0.15
0.15
0.15
0.15
0.17
0.15
0.15
0.15
0.14
0.14
0.14
0.14
0.14
0.14
0.14
0.13
0.06	75.03
0.06
0.06
0.06
0.06
0.06
0.06
0.06
0.05
0.05
0.05
0.05
0.05
0.05
0.05
0.05
0.06
0.06
0.06
0.06
0.06
0.06
0.06
0.06
0.06
0.06
0.05
0.05
0.06
0.05
0.06
0.06
CorWatt	PkgWatt
12.08	184.47
0.17	109.76
0.16
0.15
0.15
0.15
0.15
0.15
0.14
0.14
0.16
0.14
0.14
5.77
0.18
0.25
0.18
0.15
0.15
0.15
0.14
0.16
0.15
0.15
0.15
0.14
0.14
0.14
0.14
0.14
0.14
0.14
0.13
0.05	74.63
0.05
0.05
0.05
0.05
0.05
0.05
0.05
0.05
0.05
0.05
0.05
0.05
0.05
0.05
0.05
0.05
0.05
0.05
0.05
0.05
0.05
0.05
0.05
0.05
0.05
0.05
0.05
0.05
0.05
0.05
0.05
CorWatt	PkgWatt
12.03	184.40
0.16	109.70
0.16
0.15
0.15
0.15
0.14
0.15
0.14
0.14
0.16
0.15
0.14
5.76
0.18
0.18
0.18
0.15
0.15
0.15
0.14
0.16
0.15
0.15
0.15
0.14
0.14
0.14
0.14
0.14
0.14
0.14
0.13
0.05	74.76
0.05
0.05
0.05
0.05
0.05
0.05
0.05
0.05
0.05
0.05
0.05
0.05
0.05
0.05
0.05
0.05
0.05
0.05
0.05
0.05
0.05
0.05
0.05
0.05
0.05
0.05
0.05
0.05
0.05
0.05
0.05
CorWatt	PkgWatt
12.05	184.38
0.16	109.78
0.16
0.16
0.16
0.15
0.15
0.15
0.14
0.15
0.16
0.15
0.15
5.76
0.18
0.18
0.18
0.15
0.15
0.15
0.14
0.16
0.15
0.15
0.15
0.14
0.14
0.14
0.14
0.14
0.14
0.14
0.13
0.05	74.65
0.05
0.05
0.05
0.05
0.05
0.05
0.05
0.05
0.05
0.05
0.05
0.05
0.05
0.05
0.05
0.05
0.05
0.05
0.05
0.05
0.05
0.05
0.05
0.05
0.05
0.05
0.05
0.05
0.05
0.05
0.05
CorWatt	PkgWatt
12.32	185.01
0.17	109.77
0.16
0.16
0.16
0.15
0.15
0.15
0.15
0.15
0.16
0.15
0.15
5.77
0.18
0.18
0.18
0.15
0.15
0.15
0.15
0.16
0.15
0.15
0.15
0.14
0.14
0.14
0.14
0.14
0.14
0.14
0.14
0.06	75.14
0.06
0.06
0.06
0.06
0.06
0.06
0.06
0.06
0.06
0.06
0.06
0.05
0.05
0.05
0.06
0.06
0.06
0.06
0.06
0.06
0.06
0.06
0.06
0.06
0.06
0.06
0.06
0.06
0.06
0.06
0.06
CorWatt	PkgWatt
12.02	184.51
0.16	109.81
0.16
0.15
0.15
0.15
0.15
0.15
0.14
0.14
0.16
0.15
0.14
5.76
0.18
0.18
0.18
0.15
0.15
0.14
0.14
0.16
0.15
0.15
0.15
0.14
0.14
0.14
0.14
0.14
0.14
0.14
0.13
0.05	74.66
0.05
0.05
0.05
0.05
0.05
0.05
0.05
0.05
0.05
0.05
0.05
0.05
0.05
0.05
0.05
0.05
0.05
0.05
0.05
0.05
0.05
0.05
0.05
0.05
0.05
0.05
0.05
0.05
0.05
0.05
0.05
CorWatt	PkgWatt
12.13	184.36
0.16	109.72
0.16
0.16
0.16
0.15
0.15
0.15
0.14
0.14
0.16
0.15
0.15
5.77
0.18
0.18
0.18
0.15
0.15
0.15
0.15
0.16
0.15
0.15
0.15
0.14
0.14
0.14
0.14
0.14
0.14
0.14
0.14
0.05	74.80
0.05
0.06
0.05
0.05
0.05
0.05
0.05
0.05
0.05
0.05
0.05
0.05
0.05
0.05
0.05
0.05
0.05
0.05
0.05
0.05
0.05
0.05
0.05
0.05
0.05
0.05
0.05
0.05
0.05
0.05
0.05
CorWatt	PkgWatt
12.07	184.72
0.16	109.88
0.16
0.16
0.16
0.15
0.15
0.15
0.15
0.15
0.16
0.15
0.14
5.76
0.18
0.18
0.18
0.15
0.15
0.15
0.14
0.16
0.15
0.15
0.15
0.14
0.14
0.14
0.14
0.14
0.14
0.14
0.14
0.05	74.69
0.05
0.05
0.05
0.05
0.05
0.05
0.05
0.05
0.05
0.05
0.05
0.05
0.05
0.05
0.05
0.05
0.05
0.05
0.05
0.05
0.05
0.05
0.05
0.05
0.05
0.05
0.05
0.05
0.05
0.05
0.05
CorWatt	PkgWatt
12.39	184.78
0.17	109.68
0.16
0.16
0.16
0.15
0.15
0.15
0.15
0.15
0.16
0.15
0.15
5.80
0.18
0.18
0.19
0.15
0.15
0.15
0.15
0.16
0.15
0.15
0.15
0.14
0.14
0.14
0.14
0.14
0.14
0.14
0.14
0.06	75.14
0.06
0.06
0.06
0.06
0.06
0.06
0.06
0.06
0.06
0.06
0.06
0.06
0.06
0.06
0.06
0.06
0.06
0.06
0.06
0.06
0.06
0.06
0.06
0.06
0.06
0.06
0.06
0.06
0.06
0.06
0.06
CorWatt	PkgWatt
12.10	184.52
0.17	109.94
0.16
0.16
0.16
0.15
0.15
0.15
0.15
0.15
0.16
0.15
0.15
5.77
0.18
0.18
0.18
0.15
0.15
0.15
0.15
0.16
0.15
0.15
0.15
0.14
0.14
0.14
0.14
0.14
0.14
0.14
0.14
0.05	74.68
0.05
0.05
0.05
0.05
0.05
0.05
0.05
0.05
0.05
0.05
0.05
0.05
0.05
0.05
0.05
0.05
0.05
0.05
0.05
0.05
0.05
0.05
0.05
0.05
0.05
0.05
0.05
0.05
0.05
0.05
0.05
CorWatt	PkgWatt
12.13	184.77
0.16	109.90
0.16
0.16
0.16
0.15
0.15
0.15
0.15
0.15
0.16
0.14
0.15
5.75
0.18
0.18
0.18
0.15
0.15
0.15
0.15
0.16
0.15
0.15
0.15
0.14
0.14
0.14
0.14
0.14
0.14
0.14
0.14
0.05	74.74
0.05
0.06
0.05
0.05
0.05
0.05
0.05
0.05
0.05
0.05
0.05
0.05
0.05
0.05
0.05
0.05
0.05
0.05
0.05
0.05
0.05
0.05
0.05
0.05
0.05
0.05
0.05
0.05
0.05
0.05
0.05
CorWatt	PkgWatt
9.81	172.27
0.15	97.59
0.15
0.14
0.14
0.14
0.14
0.51
0.14
0.13
0.19
0.13
0.13
3.48
0.15
0.22
0.15
0.13
0.14
0.13
0.13
0.15
0.14
0.13
0.13
0.13
0.13
0.13
0.13
0.13
0.12
0.13
0.12
0.05	74.74
0.05
0.06
0.05
0.05
0.05
0.05
0.05
0.05
0.05
0.05
0.05
0.05
0.05
0.05
0.05
0.05
0.05
0.05
0.05
0.05
0.05
0.05
0.05
0.05
0.05
0.05
0.05
0.05
0.05
0.05
0.05
CorWatt	PkgWatt
18.48	177.05
0.37	92.54
0.36
0.36
0.36
0.28
0.29
1.31
0.30
0.33
0.33
0.33
0.33
0.38
1.09
0.36
0.36
0.32
0.32
0.30
0.31
0.34
0.33
0.32
0.32
0.34
0.34
0.33
0.33
0.34
0.33
0.33
0.34
0.20	84.41
0.20
0.20
0.20
0.21
0.20
0.21
0.20
0.18
0.19
0.20
0.20
0.18
0.18
0.15
0.18
0.20
0.20
0.20
0.20
0.16
0.17
0.15
0.18
0.19
0.18
0.19
0.20
0.20
0.19
0.20
0.19
