CorWatt	PkgWatt
50.08	173.26
1.12	110.16
0.80
0.46
0.44
0.49
1.14
0.53
1.09
1.74
0.75
0.72
1.14
0.83
0.58
0.60
0.58
1.18
0.58
0.61
0.60
1.21
0.73
1.23
1.26
1.23
0.67
0.64
1.22
0.65
0.69
1.25
0.70
1.00	116.21
0.72
0.69
0.77
0.92
0.73
0.74
0.80
1.08
0.88
0.78
0.77
1.35
0.90
0.83
0.91
0.90
1.34
0.84
1.33
0.89
1.38
0.89
0.93
1.17
0.89
1.13
1.37
1.42
0.95
0.95
0.93
CorWatt	PkgWatt
214.87	494.13
2.33	179.78
2.27
2.98
2.70
2.79
2.84
2.87
2.89
2.65
2.55
2.51
2.35
2.09
2.21
2.50
2.50
3.00
2.59
2.44
3.11
2.71
2.62
2.68
2.28
2.54
2.64
3.00
2.58
3.27
2.88
2.28
2.68
2.89	186.21
2.61
2.98
2.50
3.14
3.00
2.99
3.00
1.98
2.15
1.94
1.95
3.01
2.81
2.98
2.90
3.01
3.12
3.03
3.05
3.10
3.09
3.06
3.32
2.79
2.98
2.85
2.48
3.07
3.39
2.99
3.16
CorWatt	PkgWatt
296.06	476.82
4.94	239.31
5.48
5.14
4.34
5.47
4.32
5.07
4.76
4.66
4.78
4.38
4.07
4.07
4.26
4.85
4.47
4.95
5.45
4.16
5.08
4.72
4.35
5.39
4.61
3.91
4.26
5.13
4.73
5.14
4.49
4.89
4.60
4.87	237.46
4.49
4.84
4.48
4.79
4.78
4.89
4.72
3.60
3.77
3.64
3.59
4.78
4.48
4.66
4.52
4.56
4.70
4.71
4.51
4.69
4.62
4.80
4.87
4.45
4.47
4.59
4.39
4.65
4.92
4.56
4.74
CorWatt	PkgWatt
336.46	483.94
5.35	245.49
5.42
5.43
5.33
5.45
5.44
5.43
5.47
5.28
5.32
5.25
5.32
5.35
5.33
5.34
5.34
5.41
5.44
5.48
5.51
5.49
5.47
5.54
5.42
5.36
5.50
5.42
5.43
5.38
5.43
5.44
5.40
5.15	238.35
5.15
5.16
5.14
5.14
5.12
5.13
4.99
5.08
5.12
5.10
5.09
5.12
5.16
5.13
5.13
5.02
5.07
5.02
5.05
5.14
5.13
5.14
5.15
5.06
5.04
5.08
5.07
5.16
5.16
5.16
5.09
CorWatt	PkgWatt
332.57	485.19
5.33	245.47
5.39
5.41
5.30
5.40
5.33
5.44
5.43
5.24
5.30
5.10
5.27
5.29
5.30
5.30
5.30
5.36
5.27
5.44
5.51
5.36
5.36
5.39
5.19
5.36
5.23
5.09
5.30
5.36
5.42
5.42
5.38
5.14	239.57
5.14
5.13
5.13
5.11
5.11
5.12
4.97
4.99
5.02
4.92
4.90
5.12
5.02
5.13
5.12
4.85
5.03
5.02
5.04
4.95
5.11
5.12
5.13
5.03
5.03
5.02
4.97
5.14
5.15
5.15
5.09
CorWatt	PkgWatt
276.65	466.12
5.24	229.90
5.91
5.09
4.53
5.24
4.22
5.01
4.10
3.81
5.74
3.55
4.18
3.76
3.85
3.21
2.69
4.09
4.20
5.02
4.55
3.82
2.99
4.68
3.13
5.71
3.67
4.08
4.03
2.49
4.74
3.25
4.64
5.13	236.56
5.15
3.84
4.32
4.87
4.38
4.26
4.52
4.02
4.59
4.23
3.73
4.73
4.14
4.76
4.11
4.29
4.99
4.51
5.04
3.73
4.62
4.88
4.97
4.03
4.14
4.12
2.78
5.03
4.39
5.19
4.06
CorWatt	PkgWatt
270.39	461.99
4.54	224.96
4.15
5.11
3.60
5.40
3.71
4.93
5.26
4.26
3.75
2.21
4.82
3.01
3.62
2.72
4.30
5.43
5.07
4.92
5.91
3.63
3.44
4.43
3.12
3.18
3.64
3.78
3.71
3.36
4.63
2.58
2.81
5.15	236.97
5.03
3.68
4.36
4.89
4.36
3.88
4.36
4.49
4.63
4.43
3.97
4.69
4.11
4.22
4.26
4.42
4.69
4.55
4.94
4.24
4.48
4.92
5.03
4.40
3.85
4.29
2.44
5.01
4.52
5.18
3.90
CorWatt	PkgWatt
270.39	462.68
3.25	221.34
3.03
4.68
3.74
5.08
3.26
5.83
6.13
3.07
3.10
3.14
3.98
3.19
3.69
3.50
3.63
4.50
4.47
5.40
6.44
3.57
4.84
4.09
3.47
3.24
3.14
4.16
3.23
2.76
3.41
2.77
2.19
4.73	241.85
4.25
4.34
4.40
4.95
4.72
4.06
4.71
4.49
5.10
4.62
4.22
5.05
4.13
4.50
4.51
4.69
4.71
4.53
4.97
4.87
4.91
4.82
5.12
4.99
4.50
4.36
3.04
5.10
4.92
4.41
3.83
CorWatt	PkgWatt
279.13	471.81
4.50	226.16
3.36
4.85
3.96
6.23
5.22
4.44
5.83
3.31
3.70
3.07
3.68
5.01
4.02
4.44
3.37
4.47
4.00
6.96
5.46
3.51
5.00
2.99
3.47
3.08
3.08
3.76
3.12
2.58
3.30
2.24
3.18
4.32	245.11
4.04
4.77
4.68
5.04
4.83
3.54
4.24
4.53
4.85
4.68
4.69
4.98
4.85
4.87
4.79
4.98
4.94
4.87
4.69
5.04
5.00
5.09
5.03
4.90
4.86
4.91
3.62
5.06
5.09
4.29
3.66
CorWatt	PkgWatt
279.26	471.66
5.28	228.15
3.00
6.38
3.22
5.66
6.26
4.97
5.57
2.80
5.80
2.43
3.99
5.37
3.61
4.01
4.59
4.98
5.07
7.58
3.53
3.60
3.84
3.27
3.34
3.46
2.60
3.08
2.62
2.69
2.29
2.55
3.64
4.18	243.48
3.92
4.96
4.58
4.55
4.38
4.03
3.21
4.82
4.85
4.36
4.94
5.10
4.39
4.93
5.09
5.04
5.07
4.95
4.53
4.94
5.13
5.08
5.02
4.76
4.47
4.80
3.08
5.05
4.96
4.47
4.52
CorWatt	PkgWatt
293.94	484.89
4.72	240.97
5.89
5.45
4.35
6.44
6.02
6.73
6.43
3.58
5.39
3.07
3.64
4.21
4.13
4.04
4.56
5.54
7.11
7.33
4.55
4.73
4.32
4.83
3.42
3.09
3.99
3.33
3.18
3.43
2.37
2.59
2.71
4.59	243.98
4.65
5.08
4.59
4.42
4.30
3.87
3.05
4.48
5.09
4.11
5.02
4.93
4.57
5.02
5.12
5.03
5.06
4.94
4.88
4.87
4.87
5.02
4.99
4.86
4.87
4.67
3.15
4.95
4.75
4.19
4.85
CorWatt	PkgWatt
220.35	413.95
3.61	208.54
4.25
3.86
3.75
3.82
4.61
4.66
4.50
3.14
3.39
2.61
2.66
3.27
2.86
3.00
2.81
4.16
4.39
4.28
3.90
4.19
3.23
3.47
3.84
3.08
3.03
2.63
3.06
2.72
2.87
2.93
3.58
3.32	205.72
3.25
3.53
3.11
3.52
3.34
3.33
2.70
3.07
3.28
2.95
3.56
3.18
3.54
3.60
3.58
3.53
3.51
3.37
3.46
3.52
3.66
3.64
3.62
3.51
3.17
3.30
3.47
3.28
3.37
3.57
3.49
CorWatt	PkgWatt
121.46	318.67
1.89	157.30
1.81
2.04
1.78
2.03
1.76
1.81
2.02
1.73
1.75
1.94
1.96
1.73
1.98
1.73
1.97
1.80
1.93
1.15
1.33
1.81
2.05
1.80
1.76
1.84
2.02
2.00
2.07
1.73
1.76
1.99
1.98
2.05	161.34
1.94
1.76
2.05
2.06
2.08
1.77
2.04
1.86
2.04
2.04
2.02
2.04
2.04
2.03
1.74
1.81
2.02
1.72
2.02
1.77
2.07
2.07
2.07
1.84
1.73
2.02
2.02
1.73
2.05
1.98
2.03
CorWatt	PkgWatt
111.74	287.68
2.03	159.04
1.82
2.03
1.92
2.03
1.75
1.81
2.02
1.72
1.75
1.94
1.96
1.71
1.99
1.73
1.97
1.85
2.01
2.02
1.76
1.88
2.05
1.80
1.76
1.78
2.02
2.00
2.14
1.73
1.75
1.99
1.99
2.06	160.39
1.75
1.77
2.00
1.76
2.09
1.77
2.05
1.73
1.92
2.04
2.03
2.04
2.04
2.04
1.74
1.72
2.02
1.72
2.03
1.77
2.07
1.96
2.08
1.73
1.74
2.03
2.03
1.74
2.05
2.04
2.03
CorWatt	PkgWatt
112.68	274.83
2.03	159.50
1.82
2.04
1.83
2.04
1.77
1.82
2.03
1.73
1.75
1.95
1.97
1.75
2.00
1.74
1.98
2.01
2.02
2.03
1.78
1.82
2.05
2.04
1.77
2.00
2.13
2.01
2.01
1.74
1.76
2.00
1.98
2.06	159.60
1.75
1.75
2.06
1.77
2.09
1.77
2.06
1.76
1.73
2.05
2.04
2.05
2.05
2.04
1.74
1.69
1.96
1.73
2.04
1.77
2.09
1.77
2.08
1.74
1.74
2.03
2.04
1.73
2.07
2.06
1.73
