CorWatt	PkgWatt
14.86	126.81
0.58	126.80
0.49
0.50
0.44
0.51
0.53
0.51
0.51
0.39
0.46
0.42
0.41
0.51
0.51
0.51
0.51
0.48
0.49
0.48
0.47
0.42
0.40
0.39
0.39
0.36
0.36
0.37
0.36
0.52
0.51
0.57
0.51
CorWatt	PkgWatt
14.58	126.33
0.57	126.51
0.49
0.51
0.44
0.55
0.53
0.50
0.49
0.41
0.46
0.39
0.46
0.51
0.51
0.48
0.51
0.45
0.45
0.44
0.45
0.38
0.39
0.38
0.38
0.35
0.37
0.36
0.35
0.50
0.51
0.54
0.50
CorWatt	PkgWatt
18.50	129.77
0.75	129.61
0.63
0.68
0.62
0.62
0.64
0.62
0.66
0.53
0.60
0.59
0.55
0.62
0.61
0.57
0.63
0.57
0.54
0.50
0.65
0.42
0.47
0.44
0.46
0.47
0.47
0.52
0.51
0.63
0.63
0.66
0.62
CorWatt	PkgWatt
14.82	126.66
0.63	126.63
0.50
0.46
0.46
0.51
0.51
0.50
0.47
0.48
0.52
0.45
0.48
0.50
0.50
0.49
0.52
0.47
0.46
0.44
0.46
0.39
0.39
0.38
0.38
0.36
0.35
0.37
0.35
0.51
0.50
0.53
0.49
CorWatt	PkgWatt
14.63	126.57
0.55	126.57
0.50
0.45
0.46
0.49
0.50
0.48
0.49
0.37
0.52
0.48
0.47
0.51
0.50
0.51
0.50
0.46
0.46
0.45
0.46
0.41
0.40
0.39
0.38
0.35
0.35
0.36
0.35
0.51
0.49
0.53
0.50
CorWatt	PkgWatt
14.62	126.48
0.54	126.48
0.48
0.45
0.45
0.51
0.50
0.49
0.49
0.43
0.51
0.50
0.42
0.49
0.50
0.50
0.50
0.45
0.46
0.44
0.47
0.39
0.40
0.38
0.38
0.39
0.36
0.36
0.35
0.50
0.49
0.55
0.49
CorWatt	PkgWatt
14.56	126.35
0.53	126.35
0.50
0.46
0.43
0.50
0.49
0.48
0.51
0.40
0.52
0.45
0.44
0.52
0.50
0.51
0.50
0.46
0.49
0.44
0.45
0.40
0.39
0.39
0.38
0.35
0.35
0.36
0.35
0.50
0.49
0.53
0.50
CorWatt	PkgWatt
14.56	126.55
0.55	126.55
0.48
0.46
0.45
0.48
0.49
0.47
0.48
0.40
0.53
0.43
0.42
0.52
0.51
0.49
0.51
0.45
0.47
0.44
0.46
0.40
0.39
0.38
0.40
0.38
0.35
0.37
0.36
0.50
0.50
0.54
0.50
CorWatt	PkgWatt
14.60	126.36
0.54	126.36
0.49
0.46
0.46
0.48
0.49
0.47
0.48
0.40
0.51
0.44
0.45
0.49
0.50
0.48
0.50
0.44
0.49
0.44
0.47
0.39
0.41
0.38
0.38
0.37
0.37
0.39
0.36
0.53
0.49
0.52
0.52
CorWatt	PkgWatt
14.29	126.21
0.52	126.21
0.44
0.45
0.48
0.48
0.48
0.47
0.47
0.38
0.52
0.42
0.42
0.49
0.50
0.48
0.50
0.44
0.47
0.44
0.46
0.38
0.39
0.39
0.38
0.36
0.35
0.36
0.36
0.51
0.50
0.50
0.49
CorWatt	PkgWatt
14.47	126.29
0.54	126.29
0.44
0.44
0.47
0.50
0.51
0.47
0.49
0.38
0.52
0.46
0.42
0.48
0.50
0.48
0.51
0.45
0.48
0.44
0.45
0.38
0.39
0.38
0.38
0.39
0.36
0.36
0.36
0.51
0.53
0.52
0.50
CorWatt	PkgWatt
14.47	126.42
0.49	126.41
0.42
0.46
0.46
0.48
0.49
0.48
0.49
0.38
0.52
0.43
0.42
0.51
0.51
0.50
0.50
0.45
0.47
0.44
0.45
0.38
0.41
0.39
0.38
0.37
0.37
0.35
0.35
0.50
0.51
0.57
0.52
CorWatt	PkgWatt
14.40	126.27
0.50	126.28
0.51
0.44
0.44
0.48
0.49
0.49
0.50
0.37
0.52
0.42
0.43
0.51
0.50
0.50
0.51
0.45
0.47
0.44
0.45
0.38
0.39
0.38
0.38
0.36
0.35
0.36
0.35
0.51
0.50
0.53
0.50
CorWatt	PkgWatt
15.80	127.37
0.57	127.31
0.55
0.51
0.51
0.53
0.52
0.52
0.52
0.47
0.55
0.45
0.43
0.56
0.54
0.53
0.54
0.51
0.50
0.48
0.51
0.43
0.42
0.42
0.42
0.40
0.40
0.39
0.39
0.56
0.54
0.55
0.58
