CorWatt	PkgWatt
6.72	163.01
0.13	81.75
0.13
0.12
0.12
0.11
0.11
0.11
0.11
0.11
0.10
0.10
0.11
0.10
0.10
0.10
0.10
0.12
0.11
0.11
0.11
0.13
0.12
0.11
0.12
0.11
0.10
0.10
0.10
0.10
0.10
0.10
0.10
0.10	81.35
0.10
0.10
0.10
0.10
0.10
0.10
0.10
0.09
0.10
0.10
0.09
0.09
0.10
0.09
0.09
0.10
0.11
0.10
0.10
0.11
0.10
0.10
0.10
0.10
0.10
0.10
0.10
0.10
0.10
0.10
0.10
CorWatt	PkgWatt
6.14	155.35
0.11	77.55
0.11
0.11
0.11
0.10
0.10
0.10
0.10
0.09
0.09
0.09
0.09
0.09
0.09
0.09
0.09
0.10
0.10
0.10
0.10
0.11
0.10
0.10
0.10
0.09
0.09
0.09
0.09
0.09
0.09
0.09
0.09
0.10	77.74
0.10
0.09
0.09
0.09
0.09
0.09
0.18
0.09
0.09
0.09
0.11
0.09
0.10
0.08
0.08
0.09
0.10
0.09
0.09
0.10
0.09
0.10
0.09
0.09
0.09
0.09
0.10
0.09
0.09
0.09
0.10
CorWatt	PkgWatt
15.77	183.99
0.26	89.69
0.25
0.20
0.19
0.20
0.18
0.18
0.21
0.18
0.22
0.21
0.20
0.17
0.17
0.15
0.20
0.19
0.24
0.20
0.18
0.25
0.21
0.17
0.22
0.18
0.17
0.18
0.22
0.23
0.21
0.20
0.23
0.22	94.38
0.27
0.22
0.23
0.23
0.25
0.19
0.23
0.25
0.22
0.19
0.23
0.21
0.22
0.29
0.26
0.19
0.32
0.23
0.20
0.20
0.19
0.22
0.23
2.14
0.24
0.22
0.25
0.32
0.20
0.22
0.23
