CorWatt	PkgWatt
15.17	128.05
0.55	128.05
0.48
0.50
0.47
0.52
0.54
0.55
0.54
0.49
0.47
0.42
0.41
0.52
0.53
0.57
0.52
0.49
0.47
0.46
0.48
0.40
0.40
0.39
0.40
0.37
0.36
0.38
0.36
0.54
0.53
0.55
0.52
CorWatt	PkgWatt
15.07	127.59
0.56	127.66
0.48
0.51
0.48
0.51
0.52
0.55
0.50
0.43
0.46
0.42
0.42
0.52
0.53
0.58
0.52
0.48
0.47
0.46
0.48
0.41
0.40
0.39
0.40
0.38
0.38
0.39
0.36
0.53
0.51
0.53
0.51
CorWatt	PkgWatt
71.14	186.73
2.83	186.70
2.25
2.30
2.29
2.31
2.29
2.34
2.27
2.21
2.39
2.21
2.20
2.36
2.32
2.38
2.36
2.26
2.21
2.02
2.03
2.11
2.16
1.97
1.87
2.17
2.14
1.96
1.96
2.35
2.30
2.21
2.16
