CorWatt	PkgWatt
15.04	127.24
0.52	127.24
0.44
0.52
0.51
0.53
0.54
0.49
0.51
0.42
0.45
0.39
0.41
0.51
0.52
0.50
0.53
0.47
0.49
0.49
0.52
0.41
0.42
0.42
0.44
0.37
0.37
0.39
0.42
0.52
0.52
0.51
0.51
CorWatt	PkgWatt
15.70	127.29
0.51	127.88
0.48
0.53
0.53
0.49
0.53
0.48
0.50
0.44
0.49
0.46
0.50
0.55
0.50
0.49
0.55
0.52
0.57
0.46
0.53
0.48
0.45
0.42
0.47
0.40
0.41
0.42
0.41
0.56
0.56
0.55
0.50
CorWatt	PkgWatt
17.72	130.08
0.54	129.53
0.49
0.59
0.60
0.60
0.63
0.59
0.56
0.52
0.55
0.54
0.50
0.60
0.66
0.58
0.61
0.49
0.54
0.61
0.52
0.50
0.56
0.51
0.50
0.44
0.49
0.57
0.50
0.55
0.54
0.55
0.63
CorWatt	PkgWatt
18.45	129.16
0.57	128.61
0.54
0.57
0.59
0.62
0.62
0.61
0.64
0.52
0.59
0.51
0.53
0.60
0.64
0.63
0.64
0.63
0.60
0.58
0.60
0.53
0.53
0.54
0.52
0.47
0.48
0.49
0.48
0.63
0.62
0.61
0.68
