CorWatt	PkgWatt
15.43	128.01
0.53	128.02
0.52
0.48
0.46
0.50
0.57
0.52
0.51
0.41
0.48
0.43
0.41
0.56
0.54
0.59
0.54
0.47
0.48
0.48
0.51
0.43
0.42
0.40
0.41
0.39
0.44
0.50
0.36
0.52
0.52
0.52
0.53
CorWatt	PkgWatt
14.80	127.14
0.53	127.54
0.52
0.49
0.46
0.49
0.51
0.54
0.50
0.40
0.44
0.42
0.41
0.52
0.51
0.56
0.52
0.46
0.48
0.45
0.50
0.39
0.38
0.40
0.41
0.37
0.38
0.39
0.35
0.53
0.51
0.50
0.50
CorWatt	PkgWatt
68.57	183.71
0.92	183.19
2.13
2.16
2.17
2.22
2.28
2.24
2.15
2.08
2.04
2.07
2.05
2.22
2.20
2.18
2.23
2.19
2.24
2.00
2.18
2.12
2.15
3.56
1.93
2.07
2.10
1.94
1.91
2.27
2.26
2.11
2.07
