CorWatt	PkgWatt
14.76	126.57
0.51	126.59
0.49
0.50
0.43
0.47
0.50
0.48
0.47
0.39
0.44
0.42
0.50
0.52
0.53
0.52
0.52
0.49
0.47
0.45
0.46
0.41
0.38
0.40
0.38
0.36
0.36
0.38
0.37
0.55
0.51
0.53
0.57
CorWatt	PkgWatt
14.71	126.46
0.53	126.49
0.48
0.53
0.44
0.48
0.50
0.48
0.48
0.40
0.43
0.42
0.38
0.50
0.51
0.54
0.51
0.48
0.48
0.45
0.47
0.42
0.39
0.38
0.39
0.35
0.36
0.37
0.35
0.55
0.56
0.51
0.61
CorWatt	PkgWatt
21.50	132.75
0.69	132.72
0.58
0.61
0.57
0.69
0.74
0.62
0.65
0.60
0.54
0.52
0.48
0.64
0.62
0.74
0.65
0.70
0.67
0.60
0.67
0.58
0.53
0.56
0.49
0.46
0.43
0.44
0.61
2.79
0.70
0.64
0.69
CorWatt	PkgWatt
17.27	128.46
0.54	128.45
0.49
0.55
0.48
0.57
0.61
0.55
0.58
0.42
0.46
0.43
0.41
0.51
0.52
0.55
0.55
0.48
0.52
0.48
0.49
0.47
0.47
0.47
0.45
0.62
0.61
0.61
1.06
0.68
0.57
0.54
0.53
CorWatt	PkgWatt
16.19	127.66
0.48	127.65
0.43
0.51
0.46
0.47
0.56
0.49
0.53
0.38
0.45
0.40
0.38
0.50
0.50
0.50
0.51
0.48
0.46
0.45
0.45
0.44
0.44
0.38
0.45
0.60
0.59
0.59
1.12
0.65
0.53
0.50
0.51
CorWatt	PkgWatt
17.19	128.44
0.54	128.48
0.47
0.50
0.43
0.52
0.59
0.48
0.49
0.46
0.53
0.45
0.44
0.55
0.57
0.55
0.58
0.51
0.51
0.49
0.51
0.45
0.42
0.38
0.41
0.64
0.63
1.01
0.78
0.66
0.57
0.56
0.54
CorWatt	PkgWatt
15.94	127.55
0.49	127.50
0.42
0.45
0.42
0.49
0.55
0.50
0.48
0.38
0.42
0.38
0.37
0.49
0.50
0.49
0.51
0.47
0.46
0.46
0.45
0.40
0.40
0.38
0.38
0.62
0.60
1.18
0.59
0.65
0.53
0.52
0.51
CorWatt	PkgWatt
16.00	127.51
0.47	127.52
0.42
0.44
0.42
0.49
0.59
0.49
0.49
0.37
0.43
0.38
0.37
0.50
0.51
0.48
0.50
0.47
0.46
0.44
0.45
0.42
0.40
0.38
0.38
0.59
0.58
1.27
0.57
0.68
0.54
0.52
0.49
CorWatt	PkgWatt
17.19	129.40
0.51	129.38
0.44
0.45
0.42
0.47
0.55
0.48
0.47
0.38
0.42
0.38
0.37
0.48
0.50
0.49
0.51
0.46
0.47
0.46
0.47
0.38
0.41
0.38
0.38
0.40
0.35
3.14
0.38
0.64
0.52
0.51
0.52
CorWatt	PkgWatt
17.24	129.61
0.50	129.62
0.43
0.45
0.44
0.47
0.55
0.48
0.48
0.39
0.42
0.38
0.38
0.49
0.52
0.51
0.52
0.48
0.46
0.44
0.46
0.39
0.43
0.40
0.39
0.38
0.37
3.14
0.37
0.61
0.51
0.50
0.50
CorWatt	PkgWatt
17.03	129.50
0.53	129.50
0.44
0.46
0.43
0.47
0.54
0.47
0.47
0.36
0.42
0.38
0.36
0.48
0.50
0.48
0.50
0.47
0.46
0.44
0.47
0.38
0.41
0.38
0.38
0.37
0.35
3.14
0.35
0.61
0.49
0.49
0.50
CorWatt	PkgWatt
17.06	129.32
0.50	129.31
0.42
0.44
0.42
0.47
0.56
0.48
0.50
0.38
0.42
0.37
0.36
0.48
0.51
0.48
0.50
0.46
0.48
0.44
0.47
0.39
0.40
0.38
0.40
0.37
0.36
3.14
0.36
0.62
0.51
0.49
0.49
CorWatt	PkgWatt
17.06	129.45
0.51	129.45
0.44
0.44
0.42
0.48
0.55
0.48
0.47
0.36
0.41
0.37
0.36
0.49
0.52
0.48
0.50
0.46
0.47
0.44
0.47
0.40
0.40
0.39
0.38
0.37
0.35
3.14
0.35
0.63
0.50
0.49
0.51
CorWatt	PkgWatt
17.36	129.73
0.51	129.73
0.43
0.45
0.43
0.48
0.58
0.47
0.49
0.39
0.42
0.39
0.37
0.49
0.52
0.49
0.51
0.47
0.47
0.45
0.46
0.40
0.42
0.38
0.39
0.39
0.38
3.14
0.38
0.64
0.54
0.52
0.50
CorWatt	PkgWatt
17.15	129.48
0.52	129.48
0.42
0.44
0.42
0.47
0.54
0.48
0.48
0.38
0.42
0.38
0.38
0.50
0.50
0.50
0.50
0.48
0.46
0.44
0.47
0.38
0.40
0.38
0.38
0.39
0.37
3.14
0.37
0.62
0.53
0.52
0.51
CorWatt	PkgWatt
17.36	129.67
0.52	129.68
0.43
0.46
0.44
0.47
0.54
0.47
0.47
0.39
0.47
0.37
0.38
0.49
0.50
0.50
0.50
0.48
0.47
0.44
0.46
0.41
0.40
0.38
0.41
0.41
0.38
3.14
0.37
0.64
0.54
0.52
0.53
CorWatt	PkgWatt
17.06	129.55
0.51	129.54
0.42
0.45
0.42
0.49
0.54
0.49
0.48
0.37
0.42
0.38
0.36
0.48
0.50
0.48
0.50
0.47
0.45
0.44
0.45
0.38
0.40
0.38
0.38
0.37
0.36
3.14
0.35
0.62
0.51
0.53
0.51
CorWatt	PkgWatt
17.40	129.67
0.51	129.68
0.46
0.46
0.45
0.48
0.53
0.48
0.49
0.39
0.42
0.40
0.37
0.49
0.51
0.52
0.51
0.47
0.47
0.45
0.46
0.43
0.42
0.40
0.40
0.38
0.37
3.14
0.36
0.62
0.54
0.52
0.51
CorWatt	PkgWatt
17.14	129.46
0.54	129.46
0.45
0.45
0.43
0.47
0.50
0.48
0.47
0.38
0.42
0.39
0.36
0.51
0.51
0.50
0.52
0.46
0.45
0.44
0.45
0.40
0.44
0.38
0.39
0.37
0.35
3.14
0.35
0.62
0.51
0.52
0.50
CorWatt	PkgWatt
17.75	129.91
0.56	129.92
0.44
0.49
0.48
0.52
0.53
0.53
0.52
0.44
0.47
0.39
0.38
0.49
0.51
0.50
0.51
0.49
0.45
0.48
0.49
0.39
0.44
0.38
0.38
0.37
0.36
3.14
0.36
0.65
0.57
0.56
0.50
CorWatt	PkgWatt
17.75	129.31
0.57	129.31
0.82
0.52
0.70
1.04
0.70
0.69
0.69
0.44
0.49
0.43
0.44
0.54
0.56
0.55
0.57
0.52
0.52
0.49
0.51
0.43
0.47
0.42
0.45
0.43
0.42
0.53
0.40
0.64
0.60
0.59
0.58
CorWatt	PkgWatt
16.90	128.12
0.53	128.11
0.43
0.47
0.56
1.19
1.20
0.84
0.83
0.40
0.46
0.42
0.41
0.52
0.56
0.52
0.54
0.48
0.47
0.47
0.46
0.40
0.41
0.38
0.39
0.36
0.37
0.38
0.37
0.51
0.52
0.53
0.50
CorWatt	PkgWatt
16.47	128.04
0.54	128.04
0.44
0.46
0.54
0.86
1.52
0.83
0.82
0.38
0.44
0.39
0.40
0.48
0.50
0.48
0.50
0.48
0.47
0.44
0.47
0.39
0.40
0.38
0.39
0.35
0.35
0.36
0.35
0.51
0.51
0.52
0.51
CorWatt	PkgWatt
16.61	128.10
0.54	128.10
0.44
0.45
0.54
0.86
1.44
0.93
0.82
0.38
0.43
0.38
0.38
0.50
0.52
0.49
0.51
0.48
0.47
0.46
0.46
0.41
0.42
0.39
0.40
0.36
0.36
0.36
0.35
0.51
0.52
0.54
0.51
CorWatt	PkgWatt
16.38	127.99
0.53	127.99
0.43
0.44
0.54
0.85
1.45
0.92
0.82
0.37
0.43
0.39
0.40
0.48
0.50
0.49
0.51
0.48
0.46
0.44
0.45
0.39
0.43
0.38
0.38
0.35
0.35
0.37
0.35
0.50
0.49
0.49
0.52
CorWatt	PkgWatt
17.05	128.31
0.53	128.32
0.46
0.45
0.57
0.87
0.95
1.14
1.17
0.39
0.48
0.38
0.38
0.51
0.51
0.50
0.52
0.49
0.47
0.45
0.47
0.42
0.42
0.38
0.40
0.38
0.39
0.40
0.38
0.56
0.59
0.54
0.52
CorWatt	PkgWatt
17.45	128.95
0.51	128.94
0.43
0.47
0.54
1.03
1.05
1.01
2.06
0.36
0.42
0.37
0.38
0.48
0.50
0.49
0.51
0.47
0.46
0.45
0.46
0.38
0.43
0.39
0.38
0.35
0.35
0.36
0.35
0.50
0.50
0.49
0.52
CorWatt	PkgWatt
19.51	130.78
0.51	130.78
0.43
0.46
0.54
1.33
1.34
1.33
3.09
0.39
0.43
0.37
0.37
0.48
0.51
0.48
0.50
0.49
0.48
0.46
0.48
0.40
0.43
0.39
0.39
0.35
0.35
0.35
0.35
0.51
0.51
0.49
0.51
CorWatt	PkgWatt
19.38	130.58
0.53	130.58
0.43
0.47
0.56
1.34
1.35
1.34
3.07
0.36
0.43
0.37
0.37
0.48
0.50
0.48
0.50
0.47
0.46
0.45
0.46
0.38
0.42
0.39
0.38
0.35
0.35
0.36
0.35
0.50
0.50
0.49
0.52
CorWatt	PkgWatt
19.67	130.85
0.55	130.85
0.45
0.49
0.54
1.33
1.35
3.08
1.33
0.38
0.44
0.37
0.41
0.49
0.51
0.49
0.51
0.47
0.47
0.46
0.47
0.39
0.43
0.38
0.42
0.36
0.36
0.37
0.36
0.51
0.50
0.50
0.52
CorWatt	PkgWatt
19.47	130.72
0.52	130.71
0.43
0.45
0.54
1.33
1.34
1.33
3.09
0.38
0.43
0.37
0.37
0.49
0.50
0.48
0.50
0.47
0.46
0.44
0.46
0.38
0.41
0.38
0.40
0.35
0.36
0.38
0.36
0.52
0.51
0.49
0.52
CorWatt	PkgWatt
19.42	130.70
0.54	130.70
0.45
0.47
0.53
1.33
1.34
1.34
3.08
0.37
0.42
0.37
0.37
0.49
0.50
0.48
0.50
0.47
0.46
0.46
0.46
0.39
0.41
0.38
0.38
0.35
0.36
0.35
0.35
0.52
0.51
0.49
0.50
CorWatt	PkgWatt
19.52	130.70
0.53	130.70
0.44
0.45
0.54
1.33
1.35
3.06
1.35
0.38
0.42
0.38
0.40
0.49
0.50
0.51
0.52
0.47
0.48
0.47
0.46
0.39
0.43
0.38
0.39
0.35
0.35
0.37
0.35
0.50
0.50
0.50
0.52
CorWatt	PkgWatt
19.71	131.04
0.54	131.04
0.44
0.45
0.54
1.33
1.35
2.92
1.50
0.38
0.43
0.38
0.39
0.50
0.51
0.50
0.51
0.49
0.47
0.46
0.46
0.40
0.46
0.40
0.41
0.35
0.36
0.36
0.35
0.52
0.52
0.51
0.52
CorWatt	PkgWatt
19.60	130.87
0.52	130.88
0.48
0.47
0.58
2.94
1.34
1.34
1.47
0.37
0.43
0.38
0.39
0.49
0.50
0.50
0.51
0.48
0.47
0.44
0.46
0.40
0.40
0.38
0.40
0.35
0.35
0.36
0.35
0.50
0.49
0.51
0.52
CorWatt	PkgWatt
19.52	130.81
0.52	130.81
0.47
0.44
0.55
3.09
1.34
1.33
1.33
0.39
0.47
0.37
0.38
0.49
0.50
0.48
0.50
0.47
0.47
0.45
0.46
0.39
0.39
0.38
0.38
0.35
0.37
0.36
0.35
0.50
0.51
0.51
0.51
CorWatt	PkgWatt
19.58	130.78
0.52	130.78
0.47
0.46
0.53
3.09
1.34
1.34
1.33
0.36
0.42
0.37
0.37
0.49
0.50
0.48
0.50
0.47
0.46
0.46
0.46
0.39
0.40
0.38
0.38
0.37
0.37
0.39
0.36
0.52
0.51
0.54
0.53
CorWatt	PkgWatt
18.70	130.34
0.54	130.34
0.49
0.49
0.59
1.87
1.05
1.02
1.28
0.72
0.45
0.40
0.41
0.53
0.55
0.52
0.55
0.49
0.49
0.47
0.48
0.41
0.41
0.40
0.40
0.38
0.38
0.39
0.37
0.55
0.54
0.55
0.53
CorWatt	PkgWatt
16.68	128.25
0.76	128.26
0.53
0.48
0.46
0.76
0.72
1.17
0.71
0.42
0.46
0.42
0.42
0.53
0.53
0.52
0.55
0.49
0.48
0.46
0.47
0.41
0.42
0.41
0.41
0.39
0.37
0.39
0.37
0.53
0.52
0.56
0.56
CorWatt	PkgWatt
15.72	127.49
0.58	127.48
0.46
0.45
0.43
0.76
0.74
1.09
0.80
0.38
0.42
0.37
0.38
0.50
0.53
0.50
0.51
0.48
0.46
0.44
0.45
0.39
0.40
0.39
0.38
0.35
0.35
0.36
0.35
0.50
0.50
0.52
0.51
CorWatt	PkgWatt
15.79	127.59
0.58	127.59
0.48
0.46
0.43
0.76
0.74
0.81
1.06
0.39
0.44
0.38
0.38
0.49
0.51
0.49
0.50
0.47
0.48
0.44
0.46
0.38
0.39
0.38
0.39
0.35
0.35
0.36
0.35
0.53
0.52
0.53
0.52
CorWatt	PkgWatt
15.90	127.41
0.56	127.41
0.47
0.46
0.43
0.74
0.75
1.01
0.87
0.38
0.42
0.38
0.39
0.50
0.52
0.49
0.53
0.47
0.49
0.44
0.48
0.40
0.40
0.38
0.40
0.36
0.36
0.36
0.36
0.51
0.53
0.52
0.51
CorWatt	PkgWatt
15.59	127.40
0.57	127.40
0.46
0.44
0.42
0.73
0.74
0.74
1.11
0.37
0.44
0.37
0.37
0.51
0.50
0.48
0.50
0.46
0.49
0.45
0.48
0.38
0.39
0.38
0.39
0.35
0.35
0.35
0.35
0.50
0.50
0.52
0.52
CorWatt	PkgWatt
18.30	132.62
0.56	132.63
0.47
0.46
0.43
0.49
0.50
0.52
4.40
0.37
0.42
0.37
0.37
0.49
0.51
0.48
0.51
0.47
0.46
0.46
0.46
0.39
0.40
0.38
0.39
0.35
0.37
0.37
0.36
0.56
0.51
0.53
0.51
CorWatt	PkgWatt
18.53	133.05
0.58	133.04
0.47
0.45
0.44
0.51
0.51
0.53
4.40
0.37
0.43
0.38
0.39
0.52
0.51
0.51
0.51
0.49
0.47
0.45
0.48
0.39
0.42
0.39
0.39
0.37
0.37
0.39
0.37
0.51
0.50
0.50
0.53
CorWatt	PkgWatt
18.82	133.16
0.58	133.17
0.48
0.48
0.45
0.50
0.51
0.52
4.40
0.40
0.47
0.37
0.40
0.50
0.51
0.50
0.52
0.48
0.47
0.45
0.47
0.42
0.41
0.39
0.42
0.39
0.38
0.39
0.39
0.56
0.54
0.50
0.55
CorWatt	PkgWatt
18.31	132.67
0.57	132.67
0.47
0.45
0.43
0.52
0.52
0.53
4.40
0.38
0.43
0.37
0.39
0.49
0.50
0.48
0.50
0.47
0.46
0.44
0.46
0.39
0.41
0.38
0.38
0.35
0.35
0.36
0.35
0.55
0.49
0.51
0.53
CorWatt	PkgWatt
18.36	132.98
0.57	132.99
0.48
0.47
0.45
0.50
0.52
0.52
4.40
0.40
0.42
0.39
0.38
0.50
0.51
0.52
0.50
0.47
0.47
0.44
0.46
0.39
0.41
0.38
0.38
0.35
0.35
0.35
0.35
0.52
0.53
0.49
0.51
CorWatt	PkgWatt
18.39	132.85
0.58	132.85
0.51
0.45
0.43
0.50
0.51
0.51
4.40
0.39
0.43
0.38
0.38
0.51
0.52
0.50
0.53
0.47
0.46
0.45
0.46
0.40
0.41
0.38
0.40
0.35
0.35
0.35
0.35
0.50
0.50
0.51
0.53
CorWatt	PkgWatt
18.52	132.91
0.57	132.91
0.48
0.47
0.45
0.50
0.51
0.54
4.40
0.41
0.44
0.39
0.39
0.50
0.51
0.50
0.52
0.48
0.46
0.45
0.46
0.40
0.41
0.38
0.39
0.36
0.36
0.36
0.36
0.55
0.50
0.50
0.52
CorWatt	PkgWatt
18.25	132.95
0.57	132.95
0.46
0.47
0.45
0.51
0.51
0.52
4.40
0.38
0.44
0.37
0.38
0.49
0.50
0.48
0.51
0.47
0.47
0.44
0.46
0.38
0.41
0.38
0.39
0.35
0.35
0.35
0.35
0.50
0.49
0.50
0.53
CorWatt	PkgWatt
18.59	133.06
0.58	133.07
0.46
0.50
0.46
0.50
0.52
0.52
4.40
0.39
0.46
0.41
0.39
0.52
0.54
0.51
0.54
0.47
0.46
0.46
0.46
0.39
0.41
0.38
0.38
0.35
0.35
0.37
0.37
0.56
0.51
0.50
0.51
CorWatt	PkgWatt
18.31	132.80
0.58	132.79
0.46
0.47
0.46
0.50
0.51
0.52
4.40
0.38
0.43
0.37
0.39
0.50
0.50
0.48
0.51
0.47
0.46
0.44
0.47
0.38
0.41
0.38
0.38
0.35
0.35
0.35
0.35
0.50
0.49
0.53
0.53
CorWatt	PkgWatt
18.48	132.99
0.59	133.00
0.49
0.47
0.44
0.50
0.51
0.54
4.40
0.40
0.42
0.37
0.38
0.50
0.51
0.49
0.52
0.47
0.46
0.46
0.46
0.40
0.42
0.38
0.40
0.35
0.36
0.36
0.35
0.51
0.51
0.51
0.53
CorWatt	PkgWatt
18.36	133.02
0.58	133.02
0.46
0.46
0.43
0.50
0.51
0.52
4.40
0.38
0.44
0.40
0.40
0.50
0.50
0.49
0.52
0.47
0.46
0.44
0.46
0.40
0.42
0.38
0.40
0.35
0.35
0.35
0.35
0.51
0.50
0.53
0.51
CorWatt	PkgWatt
18.36	130.34
0.64	130.36
0.56
0.52
0.73
0.61
0.61
0.84
1.19
0.47
0.53
0.43
0.47
0.56
0.56
0.56
0.59
0.54
0.56
0.52
0.56
0.46
0.77
0.46
0.44
0.44
0.45
0.45
0.41
0.65
0.59
0.63
0.57
CorWatt	PkgWatt
16.10	127.97
0.50	127.95
0.51
0.48
0.55
0.74
0.73
0.79
1.21
0.40
0.43
0.38
0.38
0.50
0.51
0.51
0.51
0.46
0.46
0.45
0.45
0.38
0.40
0.41
0.38
0.37
0.35
0.38
0.37
0.51
0.52
0.53
0.53
CorWatt	PkgWatt
16.17	128.07
0.50	128.07
0.50
0.47
0.55
0.72
0.74
0.78
1.20
0.41
0.44
0.38
0.39
0.51
0.51
0.52
0.52
0.49
0.50
0.44
0.48
0.40
0.40
0.40
0.39
0.35
0.36
0.36
0.35
0.54
0.51
0.54
0.51
CorWatt	PkgWatt
15.86	127.85
0.51	127.85
0.49
0.48
0.56
0.73
0.74
0.77
1.20
0.38
0.43
0.38
0.37
0.50
0.50
0.48
0.50
0.47
0.47
0.45
0.46
0.38
0.38
0.39
0.38
0.35
0.35
0.36
0.36
0.51
0.52
0.53
0.52
CorWatt	PkgWatt
15.97	127.85
0.52	127.85
0.49
0.49
0.54
0.72
0.75
0.78
1.19
0.39
0.44
0.37
0.38
0.50
0.51
0.50
0.50
0.46
0.47
0.44
0.46
0.39
0.40
0.39
0.42
0.35
0.36
0.36
0.36
0.51
0.51
0.52
0.52
CorWatt	PkgWatt
15.99	128.08
0.49	128.07
0.49
0.44
0.54
0.72
0.72
1.42
0.72
0.38
0.44
0.38
0.37
0.50
0.50
0.48
0.50
0.48
0.48
0.44
0.46
0.38
0.38
0.40
0.41
0.35
0.35
0.37
0.36
0.51
0.51
0.53
0.52
CorWatt	PkgWatt
17.69	129.86
0.52	129.87
0.49
0.49
0.54
0.62
0.64
3.18
0.64
0.38
0.44
0.38
0.38
0.50
0.52
0.50
0.51
0.48
0.48
0.45
0.46
0.39
0.38
0.39
0.40
0.36
0.36
0.36
0.36
0.53
0.53
0.52
0.51
CorWatt	PkgWatt
17.60	129.71
0.53	129.71
0.48
0.44
0.55
0.64
0.64
3.16
0.64
0.38
0.44
0.40
0.40
0.51
0.50
0.48
0.52
0.48
0.47
0.44
0.46
0.40
0.40
0.39
0.39
0.35
0.35
0.36
0.35
0.52
0.51
0.53
0.52
CorWatt	PkgWatt
17.73	129.93
0.51	129.93
0.49
0.47
0.55
0.63
0.63
3.16
0.65
0.39
0.44
0.39
0.39
0.51
0.51
0.50
0.51
0.48
0.47
0.45
0.46
0.40
0.39
0.41
0.40
0.35
0.36
0.35
0.35
0.53
0.52
0.55
0.52
CorWatt	PkgWatt
17.86	130.04
0.53	130.04
0.48
0.46
0.58
0.64
0.63
0.92
2.92
0.39
0.44
0.38
0.39
0.53
0.51
0.51
0.53
0.47
0.48
0.45
0.47
0.41
0.39
0.40
0.41
0.36
0.35
0.36
0.37
0.54
0.51
0.53
0.54
CorWatt	PkgWatt
17.63	129.79
0.53	129.80
0.47
0.45
0.56
0.62
0.62
0.80
3.02
0.39
0.48
0.38
0.38
0.50
0.51
0.49
0.51
0.48
0.48
0.45
0.47
0.40
0.39
0.39
0.38
0.35
0.37
0.36
0.37
0.51
0.51
0.50
0.52
CorWatt	PkgWatt
17.61	129.99
0.53	129.98
0.48
0.47
0.54
0.64
0.62
0.70
3.14
0.38
0.43
0.38
0.37
0.50
0.50
0.48
0.50
0.48
0.47
0.46
0.46
0.40
0.38
0.39
0.38
0.35
0.37
0.38
0.36
0.52
0.52
0.52
0.53
CorWatt	PkgWatt
17.57	130.16
0.53	130.15
0.44
0.45
0.57
0.64
0.64
0.88
2.95
0.38
0.43
0.37
0.38
0.51
0.50
0.48
0.50
0.47
0.48
0.46
0.47
0.39
0.39
0.39
0.38
0.36
0.35
0.35
0.36
0.53
0.52
0.50
0.52
CorWatt	PkgWatt
17.49	129.94
0.53	129.94
0.44
0.45
0.57
0.64
0.63
3.16
0.64
0.39
0.42
0.37
0.39
0.50
0.50
0.48
0.50
0.47
0.47
0.46
0.46
0.38
0.38
0.39
0.38
0.37
0.36
0.35
0.35
0.50
0.50
0.53
0.55
CorWatt	PkgWatt
17.57	130.00
0.52	130.00
0.43
0.45
0.57
0.61
0.63
3.18
0.65
0.41
0.43
0.37
0.38
0.50
0.53
0.50
0.51
0.48
0.47
0.45
0.46
0.39
0.40
0.40
0.39
0.35
0.36
0.36
0.35
0.51
0.51
0.50
0.52
CorWatt	PkgWatt
17.42	129.89
0.54	129.89
0.45
0.46
0.58
0.62
0.63
3.16
0.63
0.38
0.43
0.37
0.37
0.50
0.50
0.48
0.50
0.47
0.46
0.44
0.46
0.38
0.38
0.39
0.39
0.35
0.35
0.35
0.35
0.51
0.49
0.50
0.53
CorWatt	PkgWatt
17.53	130.18
0.52	130.18
0.43
0.46
0.58
0.62
0.65
2.64
1.21
0.38
0.42
0.37
0.38
0.50
0.52
0.48
0.50
0.47
0.48
0.44
0.48
0.39
0.38
0.40
0.38
0.35
0.35
0.35
0.35
0.50
0.53
0.52
0.52
CorWatt	PkgWatt
16.77	129.19
0.52	129.19
0.45
0.45
0.59
0.60
0.61
2.22
0.88
0.38
0.47
0.37
0.39
0.50
0.51
0.49
0.52
0.47
0.48
0.44
0.48
0.38
0.38
0.39
0.38
0.35
0.35
0.36
0.35
0.51
0.50
0.51
0.53
CorWatt	PkgWatt
17.96	129.84
0.55	129.84
0.54
0.51
0.51
0.57
0.56
0.62
0.54
0.44
0.95
0.41
0.43
0.91
1.01
0.70
0.74
0.54
0.52
0.53
0.52
0.44
0.44
0.46
0.44
0.42
0.44
0.43
0.43
0.61
0.58
0.57
0.60
CorWatt	PkgWatt
16.11	127.98
0.51	127.96
0.47
0.44
0.43
0.50
0.50
0.55
0.48
0.40
0.54
0.38
0.42
1.26
0.80
0.75
0.75
0.49
0.46
0.45
0.47
0.38
0.38
0.39
0.38
0.37
0.37
0.37
0.37
0.51
0.51
0.52
0.51
CorWatt	PkgWatt
16.44	128.22
0.51	128.24
0.48
0.49
0.45
0.49
0.50
0.54
0.47
0.44
0.53
0.42
0.41
0.78
1.32
0.74
0.76
0.48
0.47
0.44
0.47
0.41
0.38
0.40
0.40
0.38
0.39
0.38
0.37
0.53
0.54
0.52
0.53
CorWatt	PkgWatt
15.94	127.86
0.52	127.85
0.42
0.50
0.42
0.51
0.51
0.52
0.48
0.38
0.53
0.38
0.39
1.32
0.77
0.73
0.75
0.47
0.46
0.44
0.45
0.38
0.39
0.40
0.38
0.35
0.35
0.35
0.35
0.50
0.50
0.51
0.50
CorWatt	PkgWatt
16.18	128.05
0.51	128.05
0.43
0.50
0.45
0.49
0.51
0.49
0.48
0.43
0.53
0.41
0.39
1.33
0.78
0.76
0.76
0.48
0.47
0.44
0.46
0.40
0.39
0.40
0.41
0.36
0.36
0.36
0.35
0.53
0.52
0.52
0.50
CorWatt	PkgWatt
17.14	129.51
0.54	129.52
0.45
0.51
0.43
0.49
0.50
0.49
0.48
0.39
0.51
0.39
0.39
0.60
2.95
0.56
0.59
0.47
0.46
0.45
0.45
0.40
0.38
0.39
0.40
0.35
0.35
0.36
0.35
0.51
0.51
0.56
0.50
CorWatt	PkgWatt
17.44	130.04
0.54	130.03
0.43
0.52
0.44
0.48
0.49
0.50
0.48
0.41
0.51
0.39
0.39
0.53
3.42
0.51
0.53
0.46
0.46
0.44
0.45
0.39
0.38
0.40
0.40
0.35
0.35
0.35
0.36
0.56
0.50
0.51
0.49
CorWatt	PkgWatt
17.31	129.91
0.53	129.92
0.42
0.49
0.44
0.53
0.50
0.49
0.49
0.39
0.51
0.38
0.38
0.52
3.42
0.49
0.52
0.47
0.46
0.44
0.46
0.38
0.38
0.39
0.39
0.35
0.35
0.35
0.35
0.51
0.51
0.52
0.51
CorWatt	PkgWatt
17.64	130.17
0.54	130.17
0.43
0.50
0.47
0.49
0.50
0.49
0.48
0.40
0.52
0.42
0.40
0.56
3.42
0.52
0.56
0.47
0.46
0.45
0.46
0.39
0.38
0.40
0.38
0.35
0.36
0.38
0.38
0.52
0.52
0.52
0.50
CorWatt	PkgWatt
17.30	130.00
0.54	130.00
0.45
0.49
0.45
0.49
0.50
0.49
0.48
0.39
0.51
0.38
0.39
0.54
3.42
0.49
0.52
0.46
0.46
0.44
0.47
0.38
0.38
0.39
0.38
0.35
0.35
0.36
0.35
0.51
0.50
0.51
0.51
CorWatt	PkgWatt
17.32	129.95
0.54	129.94
0.46
0.44
0.44
0.49
0.49
0.48
0.47
0.39
0.50
0.38
0.40
0.52
3.42
0.49
0.53
0.47
0.46
0.44
0.46
0.38
0.38
0.40
0.38
0.35
0.35
0.36
0.35
0.55
0.52
0.53
0.50
CorWatt	PkgWatt
17.31	129.89
0.52	129.89
0.47
0.44
0.42
0.49
0.49
0.49
0.47
0.39
0.52
0.40
0.40
0.52
3.42
0.49
0.52
0.47
0.46
0.44
0.45
0.40
0.38
0.39
0.38
0.35
0.35
0.35
0.35
0.51
0.50
0.56
0.52
CorWatt	PkgWatt
17.88	130.25
0.54	130.25
0.47
0.45
0.47
0.51
0.51
0.51
0.48
0.41
0.52
0.43
0.39
0.53
3.42
0.51
0.54
0.48
0.47
0.45
0.46
0.41
0.39
0.39
0.39
0.39
0.38
0.37
0.37
0.59
0.55
0.57
0.53
CorWatt	PkgWatt
17.29	130.02
0.51	130.02
0.46
0.47
0.43
0.49
0.49
0.49
0.47
0.38
0.50
0.40
0.39
0.52
3.42
0.49
0.53
0.46
0.46
0.44
0.45
0.38
0.39
0.40
0.38
0.35
0.35
0.35
0.35
0.51
0.50
0.52
0.52
CorWatt	PkgWatt
17.34	129.94
0.51	129.94
0.46
0.46
0.43
0.48
0.50
0.48
0.47
0.40
0.51
0.38
0.39
0.54
3.42
0.50
0.53
0.48
0.47
0.44
0.48
0.39
0.38
0.40
0.38
0.35
0.35
0.36
0.35
0.51
0.50
0.52
0.51
CorWatt	PkgWatt
17.33	129.86
0.53	129.86
0.46
0.46
0.46
0.49
0.49
0.50
0.47
0.40
0.50
0.39
0.39
0.52
3.42
0.50
0.53
0.47
0.46
0.44
0.45
0.38
0.38
0.39
0.38
0.35
0.35
0.35
0.35
0.51
0.51
0.52
0.52
CorWatt	PkgWatt
17.68	130.24
0.53	130.25
0.50
0.49
0.44
0.49
0.52
0.49
0.48
0.40
0.51
0.39
0.39
0.53
3.42
0.50
0.53
0.48
0.47
0.45
0.46
0.39
0.41
0.39
0.40
0.35
0.37
0.37
0.37
0.54
0.51
0.56
0.53
CorWatt	PkgWatt
18.06	130.08
0.73	130.10
0.51
0.49
0.48
0.75
0.60
0.59
0.57
0.46
0.57
0.45
0.43
0.59
1.42
0.56
0.57
0.53
0.86
0.52
0.52
0.46
0.46
0.48
0.47
0.41
0.41
0.41
0.41
0.58
0.58
0.60
0.59
CorWatt	PkgWatt
16.57	128.36
0.61	128.34
0.44
0.46
0.43
1.05
1.37
0.85
0.84
0.40
0.43
0.39
0.38
0.50
0.51
0.49
0.50
0.49
0.47
0.45
0.46
0.40
0.39
0.41
0.39
0.35
0.35
0.35
0.35
0.54
0.50
0.52
0.51
CorWatt	PkgWatt
16.45	128.33
0.59	128.33
0.43
0.44
0.43
0.88
1.53
0.84
0.83
0.38
0.43
0.40
0.42
0.50
0.53
0.48
0.51
0.46
0.48
0.44
0.45
0.38
0.40
0.40
0.38
0.35
0.35
0.35
0.35
0.51
0.50
0.52
0.52
CorWatt	PkgWatt
16.81	128.57
0.57	128.58
0.43
0.46
0.44
0.94
1.13
1.21
0.85
0.41
0.44
0.40
0.41
0.51
0.52
0.51
0.52
0.47
0.46
0.45
0.46
0.41
0.40
0.42
0.43
0.36
0.37
0.36
0.35
0.54
0.50
0.55
0.51
CorWatt	PkgWatt
16.50	128.33
0.60	128.32
0.43
0.46
0.46
1.44
0.85
0.94
0.84
0.39
0.43
0.37
0.38
0.51
0.50
0.50
0.51
0.47
0.47
0.45
0.46
0.40
0.38
0.39
0.40
0.35
0.35
0.36
0.35
0.54
0.50
0.51
0.53
CorWatt	PkgWatt
16.70	128.33
0.60	128.33
0.43
0.46
0.44
0.88
0.85
1.52
0.83
0.40
0.44
0.44
0.39
0.52
0.51
0.49
0.51
0.49
0.48
0.45
0.47
0.39
0.39
0.40
0.39
0.35
0.38
0.36
0.37
0.53
0.51
0.51
0.52
CorWatt	PkgWatt
16.80	128.73
0.59	128.73
0.43
0.49
0.43
1.65
0.90
0.93
0.88
0.38
0.43
0.38
0.38
0.50
0.50
0.48
0.50
0.47
0.46
0.46
0.45
0.40
0.38
0.39
0.38
0.35
0.37
0.39
0.36
0.53
0.52
0.52
0.54
CorWatt	PkgWatt
19.83	131.21
0.59	131.21
0.44
0.49
0.47
2.02
1.35
2.44
1.33
0.39
0.43
0.41
0.38
0.51
0.51
0.49
0.50
0.48
0.50
0.48
0.50
0.41
0.39
0.40
0.40
0.37
0.36
0.36
0.36
0.54
0.50
0.51
0.53
CorWatt	PkgWatt
19.64	131.01
0.59	131.00
0.48
0.48
0.44
3.09
1.35
1.34
1.33
0.38
0.43
0.41
0.39
0.50
0.51
0.49
0.50
0.47
0.47
0.45
0.46
0.39
0.39
0.40
0.39
0.36
0.37
0.36
0.35
0.52
0.50
0.52
0.55
CorWatt	PkgWatt
19.56	131.13
0.58	131.13
0.48
0.48
0.44
3.09
1.35
1.34
1.33
0.39
0.42
0.38
0.38
0.49
0.52
0.49
0.50
0.48
0.47
0.46
0.47
0.40
0.39
0.40
0.39
0.35
0.35
0.35
0.35
0.51
0.50
0.50
0.52
CorWatt	PkgWatt
20.30	131.71
0.63	131.72
0.51
0.53
0.48
3.09
1.35
1.34
1.33
0.41
0.45
0.41
0.41
0.53
0.53
0.51
0.53
0.50
0.50
0.48
0.50
0.39
0.41
0.39
0.39
0.38
0.38
0.35
0.39
0.55
0.54
0.53
0.57
CorWatt	PkgWatt
19.73	131.24
0.58	131.23
0.47
0.48
0.44
1.56
1.35
2.89
1.33
0.39
0.43
0.40
0.39
0.51
0.51
0.49
0.51
0.49
0.49
0.45
0.48
0.40
0.39
0.40
0.40
0.35
0.36
0.35
0.36
0.53
0.51
0.51
0.52
CorWatt	PkgWatt
19.55	131.11
0.58	131.11
0.48
0.49
0.44
1.60
1.35
2.85
1.33
0.39
0.43
0.38
0.38
0.50
0.50
0.48
0.50
0.47
0.48
0.45
0.49
0.39
0.38
0.40
0.39
0.35
0.35
0.35
0.35
0.51
0.50
0.50
0.53
CorWatt	PkgWatt
19.65	131.28
0.59	131.28
0.46
0.48
0.44
1.78
1.35
2.66
1.33
0.38
0.43
0.39
0.39
0.50
0.52
0.48
0.51
0.48
0.46
0.45
0.46
0.39
0.38
0.39
0.40
0.35
0.38
0.36
0.36
0.56
0.50
0.51
0.53
CorWatt	PkgWatt
19.63	131.15
0.59	131.14
0.47
0.45
0.48
3.09
1.35
1.34
1.33
0.38
0.43
0.37
0.40
0.52
0.50
0.51
0.51
0.50
0.46
0.45
0.48
0.39
0.39
0.39
0.39
0.37
0.37
0.36
0.36
0.51
0.50
0.52
0.50
CorWatt	PkgWatt
20.16	131.45
0.61	131.45
0.48
0.48
0.49
2.78
1.34
1.67
1.33
0.42
0.44
0.44
0.41
0.52
0.54
0.50
0.51
0.48
0.47
0.45
0.47
0.43
0.39
0.40
0.41
0.37
0.39
0.39
0.38
0.53
0.55
0.53
0.55
CorWatt	PkgWatt
19.51	131.18
0.59	131.18
0.46
0.45
0.46
1.34
1.35
3.12
1.33
0.37
0.42
0.38
0.39
0.52
0.50
0.48
0.50
0.47
0.47
0.45
0.46
0.39
0.38
0.39
0.39
0.35
0.35
0.35
0.35
0.51
0.51
0.51
0.51
CorWatt	PkgWatt
18.93	130.52
0.58	130.53
0.46
0.47
0.49
2.72
1.23
1.22
1.22
0.41
0.43
0.40
0.39
0.52
0.51
0.52
0.51
0.47
0.47
0.45
0.46
0.40
0.39
0.40
0.39
0.35
0.35
0.35
0.35
0.52
0.52
0.51
0.49
CorWatt	PkgWatt
19.90	133.51
0.67	133.52
0.55
0.55
0.52
0.60
0.57
0.58
0.57
0.46
0.49
0.46
0.44
0.60
0.59
0.58
0.61
0.57
3.00
0.56
0.56
1.02
0.47
0.47
0.48
0.41
0.41
0.41
0.41
0.58
0.56
0.58
0.57
CorWatt	PkgWatt
20.22	137.33
0.54	137.32
0.44
0.51
0.45
0.54
0.50
0.52
0.49
0.41
0.44
0.40
0.38
0.51
0.52
0.51
0.52
0.49
5.82
0.51
0.48
0.49
0.39
0.40
0.39
0.36
0.37
0.37
0.36
0.55
0.51
0.52
0.50
CorWatt	PkgWatt
19.97	137.05
0.53	137.05
0.43
0.50
0.44
0.55
0.50
0.50
0.50
0.38
0.43
0.38
0.38
0.50
0.51
0.50
0.51
0.49
5.83
0.49
0.47
0.49
0.39
0.39
0.39
0.35
0.35
0.36
0.35
0.53
0.52
0.53
0.51
CorWatt	PkgWatt
20.13	137.12
0.54	137.12
0.43
0.51
0.45
0.53
0.50
0.49
0.48
0.38
0.45
0.42
0.39
0.54
0.54
0.51
0.52
0.49
5.82
0.50
0.47
0.50
0.39
0.40
0.39
0.35
0.35
0.37
0.37
0.53
0.51
0.52
0.49
CorWatt	PkgWatt
19.89	137.20
0.55	137.20
0.45
0.49
0.45
0.52
0.49
0.50
0.48
0.38
0.43
0.38
0.38
0.50
0.50
0.48
0.50
0.48
5.83
0.49
0.49
0.50
0.39
0.40
0.39
0.35
0.35
0.35
0.35
0.51
0.51
0.52
0.51
CorWatt	PkgWatt
20.05	137.21
0.54	137.21
0.47
0.46
0.43
0.49
0.50
0.49
0.49
0.40
0.43
0.38
0.40
0.52
0.51
0.50
0.52
0.50
5.82
0.50
0.48
0.50
0.41
0.40
0.40
0.35
0.36
0.36
0.36
0.53
0.51
0.53
0.51
CorWatt	PkgWatt
19.90	137.09
0.52	137.08
0.49
0.45
0.43
0.48
0.50
0.50
0.48
0.38
0.44
0.39
0.41
0.50
0.50
0.48
0.51
0.49
5.83
0.50
0.47
0.51
0.40
0.39
0.39
0.35
0.35
0.35
0.35
0.51
0.50
0.52
0.52
CorWatt	PkgWatt
20.54	137.59
0.54	137.60
0.49
0.46
0.47
0.52
0.52
0.51
0.51
0.40
0.45
0.43
0.39
0.51
0.53
0.53
0.51
0.49
5.82
0.50
0.48
0.51
0.40
0.40
0.40
0.38
0.40
0.39
0.36
0.58
0.58
0.56
0.53
CorWatt	PkgWatt
20.01	137.41
0.51	137.40
0.47
0.47
0.43
0.49
0.50
0.51
0.49
0.39
0.42
0.38
0.40
0.50
0.50
0.49
0.52
0.49
5.83
0.49
0.48
0.50
0.41
0.41
0.40
0.35
0.35
0.37
0.35
0.52
0.51
0.56
0.53
CorWatt	PkgWatt
20.06	137.25
0.51	137.25
0.48
0.48
0.43
0.49
0.50
0.49
0.49
0.40
0.43
0.37
0.39
0.51
0.52
0.50
0.51
0.50
5.83
0.50
0.50
0.50
0.40
0.41
0.40
0.35
0.36
0.37
0.36
0.53
0.51
0.54
0.51
CorWatt	PkgWatt
19.88	137.18
0.54	137.18
0.46
0.47
0.45
0.48
0.50
0.50
0.48
0.38
0.43
0.38
0.39
0.50
0.50
0.49
0.51
0.48
5.82
0.49
0.48
0.50
0.40
0.40
0.39
0.35
0.35
0.36
0.35
0.52
0.50
0.52
0.52
CorWatt	PkgWatt
20.09	137.36
0.53	137.36
0.49
0.48
0.43
0.48
0.52
0.49
0.49
0.39
0.44
0.37
0.39
0.50
0.51
0.48
0.51
0.48
5.82
0.51
0.48
0.51
0.42
0.41
0.41
0.35
0.37
0.37
0.36
0.53
0.50
0.53
0.53
CorWatt	PkgWatt
19.99	137.37
0.52	137.37
0.48
0.44
0.43
0.50
0.50
0.50
0.51
0.38
0.43
0.39
0.40
0.50
0.52
0.50
0.52
0.49
5.83
0.49
0.48
0.50
0.40
0.40
0.40
0.35
0.35
0.36
0.35
0.51
0.50
0.53
0.52
CorWatt	PkgWatt
20.23	137.45
0.53	137.45
0.49
0.48
0.44
0.50
0.50
0.49
0.52
0.39
0.43
0.39
0.39
0.50
0.52
0.49
0.52
0.51
5.83
0.52
0.49
0.51
0.41
0.42
0.40
0.36
0.36
0.36
0.35
0.53
0.55
0.53
0.51
CorWatt	PkgWatt
20.00	137.25
0.52	137.25
0.48
0.44
0.43
0.49
0.51
0.49
0.49
0.39
0.43
0.39
0.41
0.50
0.51
0.49
0.52
0.49
5.82
0.51
0.48
0.50
0.41
0.40
0.39
0.35
0.35
0.36
0.35
0.51
0.51
0.56
0.53
CorWatt	PkgWatt
20.69	137.95
0.55	137.97
0.49
0.49
0.47
0.52
0.51
0.52
0.52
0.39
0.47
0.40
0.41
0.51
0.51
0.54
0.51
0.52
5.82
0.51
0.49
0.54
0.45
0.45
0.42
0.38
0.39
0.39
0.35
0.56
0.54
0.55
0.54
CorWatt	PkgWatt
20.09	137.42
0.52	137.40
0.48
0.46
0.46
0.50
0.50
0.50
0.51
0.38
0.43
0.38
0.39
0.50
0.51
0.51
0.53
0.49
5.83
0.51
0.48
0.52
0.40
0.41
0.41
0.35
0.35
0.37
0.35
0.54
0.51
0.50
0.51
CorWatt	PkgWatt
19.76	133.89
0.71	133.90
0.56
0.51
0.52
0.58
0.55
0.54
0.59
0.47
0.49
0.49
0.47
0.57
0.58
0.58
0.60
0.55
2.82
0.57
0.56
0.57
0.49
0.47
0.48
0.42
0.42
0.75
0.44
0.63
0.61
0.59
0.59
CorWatt	PkgWatt
17.84	130.67
0.60	130.66
0.49
0.48
0.45
3.25
0.58
0.55
0.53
0.39
0.43
0.39
0.39
0.51
0.52
0.50
0.52
0.49
0.48
0.49
0.48
0.42
0.40
0.40
0.40
0.37
0.38
0.42
0.38
0.57
0.53
0.53
0.54
CorWatt	PkgWatt
17.47	130.11
0.59	130.11
0.48
0.45
0.44
3.18
0.57
0.53
0.52
0.40
0.43
0.39
0.39
0.50
0.52
0.49
0.51
0.48
0.50
0.48
0.49
0.40
0.39
0.39
0.39
0.36
0.36
0.37
0.37
0.55
0.54
0.52
0.50
CorWatt	PkgWatt
17.40	130.24
0.59	130.24
0.45
0.50
0.44
3.15
0.56
0.51
0.52
0.38
0.43
0.39
0.40
0.52
0.53
0.50
0.51
0.48
0.48
0.46
0.47
0.39
0.40
0.40
0.39
0.35
0.37
0.38
0.35
0.54
0.51
0.53
0.53
CorWatt	PkgWatt
17.39	130.07
0.59	130.08
0.45
0.50
0.45
3.15
0.56
0.51
0.51
0.39
0.43
0.39
0.39
0.50
0.54
0.50
0.52
0.48
0.46
0.47
0.47
0.40
0.39
0.40
0.39
0.35
0.37
0.38
0.36
0.55
0.52
0.52
0.50
CorWatt	PkgWatt
17.33	130.00
0.60	129.99
0.47
0.49
0.50
3.15
0.56
0.52
0.51
0.39
0.44
0.39
0.39
0.50
0.52
0.50
0.52
0.48
0.47
0.47
0.47
0.39
0.38
0.39
0.39
0.35
0.36
0.36
0.35
0.54
0.51
0.50
0.51
CorWatt	PkgWatt
17.29	129.97
0.59	129.97
0.44
0.45
0.49
3.17
0.57
0.51
0.55
0.38
0.43
0.38
0.38
0.50
0.52
0.49
0.52
0.47
0.48
0.46
0.48
0.40
0.39
0.39
0.38
0.35
0.35
0.36
0.35
0.54
0.51
0.52
0.49
CorWatt	PkgWatt
17.25	130.11
0.59	130.11
0.46
0.46
0.48
3.14
0.58
0.52
0.52
0.39
0.43
0.38
0.39
0.50
0.51
0.49
0.52
0.48
0.49
0.46
0.48
0.39
0.38
0.39
0.38
0.35
0.35
0.36
0.35
0.54
0.51
0.50
0.51
CorWatt	PkgWatt
17.51	130.19
0.58	130.20
0.44
0.49
0.46
3.14
0.56
0.51
0.52
0.40
0.43
0.39
0.40
0.50
0.53
0.50
0.54
0.48
0.47
0.47
0.47
0.40
0.40
0.39
0.39
0.35
0.38
0.38
0.37
0.58
0.54
0.53
0.50
CorWatt	PkgWatt
17.37	130.06
0.58	130.06
0.44
0.51
0.44
3.15
0.57
0.51
0.51
0.39
0.43
0.39
0.40
0.52
0.51
0.51
0.52
0.50
0.48
0.46
0.49
0.39
0.40
0.39
0.39
0.36
0.36
0.38
0.36
0.52
0.51
0.50
0.51
CorWatt	PkgWatt
17.68	130.30
0.60	130.30
0.46
0.53
0.46
3.16
0.56
0.52
0.51
0.42
0.44
0.43
0.41
0.50
0.52
0.50
0.52
0.48
0.46
0.46
0.46
0.41
0.40
0.40
0.40
0.36
0.39
0.38
0.38
0.53
0.57
0.51
0.53
CorWatt	PkgWatt
17.29	130.15
0.59	130.15
0.44
0.48
0.49
3.14
0.60
0.53
0.52
0.38
0.43
0.38
0.39
0.50
0.51
0.50
0.52
0.48
0.47
0.46
0.47
0.39
0.40
0.39
0.38
0.35
0.35
0.37
0.35
0.52
0.51
0.51
0.51
CorWatt	PkgWatt
17.53	130.14
0.59	130.14
0.45
0.48
0.51
3.14
0.58
0.52
0.52
0.41
0.43
0.40
0.39
0.51
0.52
0.53
0.52
0.48
0.47
0.47
0.48
0.42
0.41
0.39
0.40
0.35
0.36
0.36
0.35
0.53
0.54
0.52
0.50
CorWatt	PkgWatt
17.36	130.04
0.61	130.04
0.46
0.47
0.49
3.14
0.57
0.51
0.51
0.39
0.43
0.38
0.38
0.52
0.52
0.52
0.53
0.49
0.46
0.46
0.46
0.40
0.40
0.39
0.42
0.35
0.35
0.36
0.35
0.51
0.51
0.52
0.50
CorWatt	PkgWatt
17.80	130.52
0.63	130.53
0.44
0.50
0.53
3.17
0.60
0.56
0.55
0.43
0.48
0.39
0.38
0.50
0.52
0.51
0.52
0.47
0.46
0.50
0.50
0.40
0.41
0.39
0.44
0.35
0.35
0.36
0.35
0.51
0.56
0.54
0.51
CorWatt	PkgWatt
17.27	129.97
0.59	129.96
0.44
0.47
0.51
3.15
0.59
0.51
0.52
0.39
0.44
0.38
0.38
0.50
0.52
0.50
0.51
0.47
0.46
0.46
0.46
0.39
0.40
0.39
0.40
0.35
0.35
0.36
0.35
0.51
0.50
0.50
0.51
CorWatt	PkgWatt
17.66	130.19
0.60	130.20
0.44
0.47
0.52
3.13
0.58
0.51
0.51
0.39
0.46
0.42
0.40
0.55
0.57
0.54
0.54
0.47
0.46
0.47
0.47
0.40
0.41
0.39
0.39
0.36
0.37
0.39
0.37
0.52
0.54
0.52
0.50
CorWatt	PkgWatt
17.20	130.21
0.60	130.20
0.44
0.51
0.47
3.14
0.58
0.51
0.51
0.38
0.43
0.38
0.38
0.50
0.51
0.49
0.51
0.47
0.45
0.46
0.48
0.38
0.39
0.40
0.38
0.35
0.35
0.36
0.35
0.51
0.51
0.50
0.51
CorWatt	PkgWatt
18.00	130.06
0.81	130.08
0.55
0.55
0.53
0.88
0.71
0.68
1.01
0.46
0.48
0.44
0.77
0.60
0.60
0.59
0.58
0.53
0.51
0.53
0.51
0.45
0.46
0.44
0.44
0.38
0.39
0.40
0.41
0.57
0.59
0.59
0.56
CorWatt	PkgWatt
16.43	128.40
0.59	128.39
0.52
0.46
0.45
1.34
0.78
0.76
0.79
0.39
0.46
0.41
0.41
0.51
0.52
0.50
0.53
0.48
0.46
0.46
0.47
0.40
0.42
0.41
0.40
0.35
0.35
0.36
0.37
0.54
0.51
0.51
0.52
CorWatt	PkgWatt
16.82	128.82
0.60	128.82
0.48
0.45
0.49
1.24
0.78
0.77
0.92
0.40
0.44
0.45
0.40
0.51
0.53
0.50
0.52
0.48
0.47
0.49
0.46
0.41
0.41
0.39
0.39
0.41
0.41
0.41
0.39
0.57
0.58
0.54
0.51
CorWatt	PkgWatt
16.48	128.60
0.59	128.59
0.45
0.49
0.50
1.37
0.77
0.76
0.79
0.39
0.44
0.40
0.40
0.51
0.52
0.51
0.53
0.48
0.46
0.48
0.47
0.39
0.44
0.42
0.39
0.36
0.36
0.37
0.36
0.54
0.52
0.51
0.52
CorWatt	PkgWatt
16.27	128.40
0.58	128.40
0.44
0.46
0.50
1.21
0.77
0.76
0.98
0.39
0.43
0.39
0.39
0.50
0.51
0.49
0.52
0.50
0.48
0.46
0.48
0.39
0.41
0.40
0.38
0.35
0.35
0.36
0.35
0.53
0.51
0.51
0.49
CorWatt	PkgWatt
16.80	128.81
0.59	128.81
0.45
0.47
0.53
1.69
0.85
0.84
0.85
0.39
0.43
0.39
0.38
0.50
0.51
0.49
0.51
0.48
0.46
0.48
0.46
0.38
0.41
0.39
0.38
0.35
0.35
0.35
0.35
0.53
0.52
0.52
0.50
CorWatt	PkgWatt
19.60	131.39
0.59	131.39
0.46
0.49
0.48
1.83
1.19
1.18
2.53
0.40
0.44
0.40
0.40
0.51
0.52
0.53
0.52
0.48
0.46
0.46
0.47
0.40
0.43
0.42
0.42
0.35
0.37
0.38
0.38
0.54
0.51
0.52
0.52
CorWatt	PkgWatt
19.40	131.28
0.58	131.28
0.44
0.45
0.49
1.36
1.23
1.23
3.05
0.38
0.43
0.39
0.38
0.50
0.51
0.49
0.51
0.48
0.47
0.48
0.46
0.39
0.41
0.40
0.40
0.36
0.35
0.36
0.37
0.54
0.51
0.50
0.50
CorWatt	PkgWatt
19.50	131.37
0.60	131.37
0.44
0.47
0.50
1.24
1.23
1.23
3.16
0.39
0.43
0.39
0.39
0.51
0.51
0.49
0.53
0.48
0.46
0.47
0.46
0.40
0.41
0.41
0.40
0.35
0.35
0.36
0.35
0.53
0.54
0.51
0.49
CorWatt	PkgWatt
19.37	131.39
0.59	131.39
0.44
0.45
0.48
1.24
1.24
1.23
3.17
0.39
0.42
0.39
0.40
0.50
0.50
0.50
0.52
0.48
0.46
0.46
0.46
0.39
0.42
0.40
0.39
0.35
0.35
0.36
0.35
0.53
0.51
0.50
0.51
CorWatt	PkgWatt
19.74	131.65
0.58	131.65
0.44
0.46
0.49
2.21
1.24
1.24
2.19
0.40
0.44
0.41
0.40
0.52
0.52
0.52
0.52
0.50
0.48
0.47
0.47
0.42
0.45
0.42
0.42
0.35
0.36
0.37
0.35
0.55
0.52
0.53
0.50
CorWatt	PkgWatt
19.33	131.39
0.59	131.38
0.44
0.47
0.52
1.19
1.19
1.18
3.17
0.38
0.42
0.38
0.38
0.51
0.51
0.51
0.52
0.47
0.48
0.46
0.47
0.41
0.39
0.40
0.41
0.35
0.35
0.36
0.36
0.54
0.51
0.50
0.50
CorWatt	PkgWatt
19.44	131.46
0.58	131.45
0.44
0.45
0.48
1.85
1.24
1.23
2.56
0.38
0.43
0.43
0.39
0.50
0.52
0.50
0.51
0.47
0.47
0.47
0.46
0.41
0.39
0.40
0.39
0.36
0.35
0.37
0.36
0.54
0.51
0.51
0.49
CorWatt	PkgWatt
19.59	131.63
0.59	131.63
0.44
0.46
0.51
1.24
1.63
1.23
2.78
0.38
0.42
0.40
0.39
0.50
0.51
0.50
0.52
0.47
0.46
0.48
0.46
0.40
0.39
0.40
0.40
0.36
0.36
0.39
0.37
0.56
0.53
0.53
0.52
CorWatt	PkgWatt
19.65	131.49
0.58	131.49
0.44
0.46
0.49
1.24
2.15
1.24
2.26
0.39
0.43
0.39
0.40
0.51
0.52
0.50
0.52
0.49
0.48
0.49
0.49
0.40
0.39
0.40
0.39
0.39
0.36
0.37
0.38
0.54
0.52
0.52
0.51
CorWatt	PkgWatt
19.54	131.44
0.59	131.44
0.44
0.45
0.49
1.23
3.18
1.23
1.23
0.39
0.43
0.39
0.40
0.50
0.53
0.51
0.51
0.48
0.46
0.47
0.46
0.39
0.40
0.42
0.39
0.35
0.36
0.38
0.36
0.54
0.51
0.53
0.53
CorWatt	PkgWatt
19.29	131.21
0.58	131.20
0.45
0.45
0.49
1.20
3.19
1.20
1.20
0.40
0.43
0.38
0.38
0.50
0.52
0.49
0.52
0.47
0.46
0.46
0.46
0.40
0.38
0.40
0.39
0.35
0.35
0.36
0.36
0.54
0.52
0.51
0.49
CorWatt	PkgWatt
19.29	131.17
0.68	131.20
0.55
0.49
0.50
0.97
2.04
0.94
0.96
0.42
0.47
0.43
0.45
0.53
0.53
0.57
0.53
0.55
0.54
0.55
0.66
0.51
0.45
0.46
0.45
0.40
0.41
0.42
0.47
0.64
0.57
0.58
0.56
