CorWatt	PkgWatt
4.65	153.49
0.09	77.39
0.09
0.09
0.09
0.08
0.08
0.08
0.08
0.08
0.08
0.08
0.08
0.07
0.07
0.07
0.07
0.08
0.08
0.08
0.08
0.10
0.09
0.09
0.18
0.08
0.08
0.08
0.08
0.08
0.08
0.08
0.08
0.07	76.17
0.07
0.07
0.07
0.07
0.07
0.07
0.07
0.05
0.05
0.05
0.05
0.05
0.05
0.05
0.05
0.07
0.07
0.06
0.07
0.07
0.07
0.07
0.07
0.06
0.06
0.06
0.06
0.05
0.05
0.05
0.06
CorWatt	PkgWatt
5.10	152.17
0.09	76.48
0.09
0.10
0.10
0.09
0.09
0.09
0.13
0.08
0.09
0.08
0.08
0.07
0.07
0.07
0.08
0.10
0.09
0.09
0.09
0.11
0.09
0.10
0.12
0.08
0.09
0.09
0.12
0.08
0.08
0.08
0.09
0.07	75.65
0.07
0.07
0.07
0.07
0.07
0.07
0.07
0.06
0.06
0.06
0.06
0.06
0.06
0.06
0.06
0.07
0.07
0.06
0.07
0.07
0.07
0.12
0.12
0.07
0.07
0.06
0.06
0.06
0.06
0.06
0.06
CorWatt	PkgWatt
102.80	303.00
0.51	157.61
1.59
1.75
1.70
1.76
3.55
1.63
1.66
1.66
1.64
1.63
1.65
1.66
1.66
1.58
1.56
1.65
1.67
1.66
1.66
1.67
1.64
1.57
1.57
1.85
1.84
1.85
1.90
1.66
1.70
1.57
1.57
1.56	145.45
1.54
1.54
1.52
1.58
1.55
1.45
1.46
1.57
1.57
1.55
1.57
1.54
1.53
1.44
1.43
1.54
1.52
1.54
1.54
1.57
1.57
1.46
1.48
1.54
1.53
1.53
1.54
1.52
1.52
1.40
1.37
