CorWatt	PkgWatt
15.20	127.53
0.50	127.54
0.51
0.47
0.44
0.52
0.55
0.52
0.50
0.41
0.45
0.41
0.40
0.50
0.52
0.49
0.55
0.56
0.48
0.55
0.49
0.44
0.44
0.41
0.42
0.40
0.40
0.39
0.37
0.52
0.59
0.51
0.51
CorWatt	PkgWatt
15.31	126.78
0.50	127.49
0.54
0.47
0.51
0.57
0.54
0.53
0.50
0.42
0.45
0.42
0.42
0.51
0.52
0.52
0.56
0.48
0.50
0.53
0.50
0.42
0.46
0.40
0.43
0.36
0.39
0.39
0.39
0.53
0.58
0.52
0.51
CorWatt	PkgWatt
18.32	130.98
0.61	130.27
0.53
0.56
0.63
0.70
0.57
0.56
0.54
0.49
0.54
0.48
0.57
0.55
0.53
0.56
0.72
0.59
0.60
0.63
0.66
0.57
0.55
0.61
0.58
0.53
0.47
0.48
0.47
0.57
0.69
0.55
0.57
CorWatt	PkgWatt
14.96	127.34
0.53	127.31
0.46
0.50
0.44
0.50
0.50
0.50
0.51
0.43
0.46
0.41
0.40
0.52
0.51
0.52
0.54
0.49
0.52
0.52
0.49
0.41
0.40
0.39
0.39
0.38
0.36
0.39
0.37
0.53
0.57
0.51
0.50
CorWatt	PkgWatt
14.65	127.03
0.49	127.03
0.48
0.51
0.43
0.48
0.49
0.49
0.49
0.41
0.44
0.39
0.38
0.51
0.52
0.52
0.54
0.45
0.48
0.48
0.50
0.42
0.39
0.38
0.38
0.39
0.37
0.38
0.38
0.51
0.53
0.52
0.52
CorWatt	PkgWatt
15.41	127.52
0.53	127.54
0.46
0.50
0.43
0.54
0.50
0.49
0.52
0.44
0.50
0.46
0.45
0.57
0.53
0.52
0.58
0.45
0.51
0.48
0.51
0.45
0.44
0.41
0.42
0.38
0.35
0.38
0.36
0.56
0.56
0.56
0.55
CorWatt	PkgWatt
14.60	127.10
0.51	127.08
0.45
0.49
0.43
0.49
0.49
0.48
0.49
0.40
0.46
0.39
0.41
0.50
0.53
0.52
0.53
0.45
0.47
0.48
0.47
0.42
0.40
0.38
0.38
0.38
0.37
0.39
0.37
0.52
0.50
0.50
0.52
CorWatt	PkgWatt
14.79	127.13
0.51	127.13
0.46
0.52
0.46
0.49
0.49
0.49
0.49
0.42
0.45
0.38
0.39
0.50
0.51
0.54
0.52
0.46
0.50
0.48
0.49
0.43
0.40
0.38
0.39
0.40
0.36
0.44
0.37
0.53
0.50
0.51
0.50
CorWatt	PkgWatt
14.42	126.93
0.48	126.93
0.45
0.49
0.44
0.48
0.48
0.48
0.49
0.41
0.44
0.38
0.39
0.50
0.54
0.48
0.51
0.44
0.47
0.47
0.46
0.42
0.39
0.38
0.40
0.39
0.36
0.40
0.38
0.51
0.50
0.50
0.51
CorWatt	PkgWatt
14.37	126.90
0.49	126.89
0.44
0.51
0.43
0.48
0.49
0.48
0.48
0.39
0.43
0.39
0.42
0.50
0.51
0.48
0.51
0.45
0.47
0.45
0.46
0.44
0.40
0.38
0.38
0.38
0.35
0.37
0.38
0.53
0.50
0.50
0.49
CorWatt	PkgWatt
14.86	127.21
0.54	127.21
0.46
0.50
0.45
0.51
0.49
0.50
0.49
0.40
0.43
0.39
0.40
0.51
0.54
0.50
0.55
0.44
0.46
0.47
0.46
0.42
0.39
0.39
0.38
0.41
0.37
0.42
0.45
0.59
0.51
0.53
0.53
