CorWatt	PkgWatt
15.41	128.18
0.52	128.18
0.50
0.47
0.50
0.53
0.58
0.52
0.50
0.47
0.44
0.39
0.44
0.63
0.59
0.51
0.55
0.45
0.47
0.47
0.51
0.40
0.39
0.40
0.43
0.39
0.39
0.41
0.37
0.56
0.55
0.54
0.52
CorWatt	PkgWatt
14.81	127.27
0.54	127.40
0.46
0.47
0.44
0.50
0.51
0.50
0.57
0.48
0.44
0.38
0.44
0.52
0.57
0.51
0.54
0.44
0.48
0.45
0.48
0.41
0.38
0.38
0.44
0.36
0.36
0.38
0.35
0.54
0.50
0.50
0.49
CorWatt	PkgWatt
68.80	183.32
0.89	183.21
2.18
2.20
2.16
2.22
2.23
2.18
2.21
2.13
2.14
2.13
2.08
2.26
2.25
2.24
2.27
2.21
2.18
2.03
2.05
2.14
2.12
1.95
3.58
2.08
2.08
1.98
1.92
2.29
2.27
2.07
2.07
