CorWatt	PkgWatt
7.70	160.51
0.14	80.30
0.14
0.14
0.13
0.13
0.12
0.12
0.12
0.13
0.12
0.12
0.12
0.11
0.11
0.11
0.11
0.13
0.13
0.13
0.13
0.14
0.13
0.13
0.13
0.12
0.12
0.12
0.12
0.12
0.12
0.12
0.12
0.12	80.27
0.12
0.12
0.20
0.13
0.12
0.12
0.13
0.11
0.11
0.11
0.11
0.10
0.10
0.10
0.10
0.12
0.12
0.12
0.12
0.12
0.12
0.12
0.12
0.11
0.11
0.11
0.11
0.12
0.11
0.11
0.11
CorWatt	PkgWatt
7.15	158.57
0.13	79.23
0.13
0.12
0.12
0.12
0.12
0.12
0.12
0.12
0.12
0.11
0.11
0.10
0.11
0.10
0.10
0.12
0.12
0.12
0.12
0.13
0.12
0.12
0.12
0.11
0.11
0.11
0.11
0.11
0.11
0.11
0.11
0.11	79.35
0.11
0.12
0.11
0.12
0.12
0.11
0.13
0.10
0.09
0.10
0.11
0.10
0.09
0.09
0.10
0.11
0.11
0.11
0.11
0.11
0.11
0.16
0.11
0.10
0.10
0.10
0.12
0.11
0.10
0.10
0.10
