CorWatt	PkgWatt
4.84	152.05
0.08	75.96
0.08
0.08
0.08
0.08
0.08
0.08
0.08
0.07
0.07
0.07
0.07
0.07
0.07
0.07
0.07
0.08
0.08
0.08
0.08
0.09
0.08
0.08
0.08
0.08
0.08
0.08
0.08
0.07
0.07
0.07
0.07
0.08	76.18
0.08
0.08
0.08
0.08
0.08
0.08
0.08
0.08
0.07
0.07
0.07
0.07
0.07
0.07
0.07
0.08
0.08
0.07
0.08
0.08
0.08
0.08
0.08
0.09
0.09
0.08
0.08
0.07
0.07
0.07
0.07
CorWatt	PkgWatt
5.41	152.66
0.09	76.41
0.09
0.10
0.09
0.09
0.09
0.09
0.17
0.07
0.13
0.08
0.08
0.08
0.07
0.07
0.09
0.08
0.08
0.09
0.09
0.11
0.09
0.09
0.09
0.09
0.09
0.10
0.11
0.07
0.07
0.07
0.08
0.08	76.35
0.08
0.08
0.08
0.08
0.08
0.08
0.08
0.08
0.07
0.07
0.07
0.07
0.07
0.07
0.07
0.08
0.08
0.08
0.08
0.08
0.08
0.08
0.08
0.09
0.09
0.08
0.08
0.07
0.07
0.07
0.08
CorWatt	PkgWatt
13.08	179.01
0.27	92.66
0.21
0.26
0.19
0.24
0.18
0.20
0.18
0.19
0.20
0.17
0.19
0.22
0.15
0.15
0.18
0.20
0.17
0.35
0.24
0.26
0.19
0.24
0.24
0.20
0.17
0.29
0.20
0.24
0.28
0.26
2.07
0.12	86.23
0.15
0.15
0.12
0.16
0.14
0.13
0.13
0.14
0.15
0.14
0.12
0.15
0.11
0.10
0.12
0.16
0.13
0.13
0.14
0.13
0.14
0.13
0.15
0.18
0.14
0.13
0.12
0.15
0.11
0.12
0.12
