CorWatt	PkgWatt
4.72	152.28
0.09	76.30
0.09
0.10
0.09
0.08
0.09
0.09
0.08
0.07
0.07
0.16
0.08
0.07
0.07
0.08
0.07
0.08
0.09
0.09
0.09
0.09
0.09
0.08
0.08
0.08
0.08
0.08
0.08
0.07
0.07
0.07
0.07
0.06	75.56
0.06
0.06
0.06
0.07
0.06
0.06
0.06
0.06
0.06
0.06
0.12
0.06
0.06
0.06
0.06
0.07
0.06
0.07
0.06
0.07
0.06
0.06
0.06
0.06
0.06
0.06
0.06
0.06
0.06
0.06
0.06
CorWatt	PkgWatt
4.85	151.90
0.09	76.27
0.09
0.10
0.10
0.09
0.09
0.13
0.09
0.08
0.07
0.07
0.08
0.07
0.07
0.07
0.08
0.09
0.14
0.09
0.09
0.10
0.09
0.08
0.09
0.08
0.08
0.09
0.09
0.07
0.07
0.08
0.07
0.06	75.54
0.06
0.07
0.06
0.07
0.06
0.06
0.06
0.06
0.06
0.06
0.06
0.06
0.06
0.06
0.06
0.07
0.07
0.07
0.07
0.08
0.07
0.07
0.07
0.06
0.06
0.06
0.06
0.06
0.06
0.06
0.06
CorWatt	PkgWatt
13.22	175.91
0.21	86.94
0.19
0.19
0.16
0.15
0.26
0.15
0.19
0.15
0.17
0.14
0.22
0.15
0.19
0.19
0.21
0.16
0.19
0.13
0.15
0.18
0.14
0.18
0.19
0.17
0.16
0.15
0.16
0.13
0.15
0.21
0.17
0.18	89.20
0.41
0.27
0.21
0.28
0.50
0.23
0.31
0.13
0.24
0.23
0.31
0.15
0.20
0.34
0.19
0.16
0.25
0.32
0.18
0.22
0.23
0.16
0.20
0.15
0.32
0.16
0.19
0.17
0.34
0.13
0.30
CorWatt	PkgWatt
5.22	155.90
0.09	77.85
0.09
0.10
0.09
0.09
0.09
0.10
0.09
0.07
0.07
0.07
0.07
0.07
0.07
0.09
0.08
0.09
0.09
0.08
0.08
0.09
0.09
0.08
0.08
0.08
0.08
0.08
0.08
0.07
0.07
0.09
0.07
0.09	78.00
0.08
0.08
0.08
0.10
0.08
0.07
0.09
0.08
0.07
0.07
0.12
0.08
0.08
0.08
0.07
0.07
0.07
0.09
0.07
0.07
0.07
0.07
0.09
0.08
0.07
0.07
0.07
0.13
0.07
0.07
0.07
CorWatt	PkgWatt
5.20	156.13
0.10	78.15
0.09
0.12
0.10
0.09
0.09
0.10
0.09
0.07
0.07
0.07
0.07
0.07
0.07
0.07
0.08
0.09
0.09
0.09
0.09
0.09
0.09
0.08
0.08
0.08
0.08
0.08
0.08
0.07
0.07
0.07
0.07
0.08	77.88
0.07
0.08
0.07
0.08
0.07
0.08
0.07
0.08
0.07
0.09
0.07
0.07
0.12
0.08
0.07
0.07
0.07
0.09
0.08
0.08
0.08
0.08
0.14
0.07
0.07
0.07
0.08
0.07
0.08
0.07
0.07
CorWatt	PkgWatt
7.32	163.00
0.15	81.30
0.15
0.15
0.16
0.13
0.14
0.15
0.14
0.11
0.10
0.09
0.09
0.12
0.11
0.12
0.12
0.09
0.09
0.09
0.09
0.10
0.09
0.09
0.10
0.09
0.09
0.08
0.08
0.08
0.08
0.08
0.08
0.12	81.82
0.12
0.12
0.12
0.14
0.14
0.14
0.18
0.12
0.11
0.11
0.14
0.11
0.11
0.11
0.12
0.11
0.11
0.12
0.12
0.13
0.13
0.12
0.17
0.11
0.12
0.11
0.12
0.11
0.11
0.11
0.12
CorWatt	PkgWatt
5.19	155.92
0.09	77.74
0.10
0.09
0.09
0.08
0.08
0.08
0.08
0.07
0.07
0.07
0.07
0.07
0.07
0.07
0.08
0.08
0.08
0.08
0.08
0.09
0.08
0.08
0.08
0.08
0.08
0.08
0.08
0.07
0.07
0.07
0.07
0.08	78.15
0.07
0.10
0.07
0.08
0.09
0.08
0.07
0.08
0.07
0.07
0.08
0.08
0.11
0.11
0.08
0.08
0.08
0.09
0.08
0.08
0.10
0.08
0.08
0.08
0.10
0.07
0.07
0.07
0.07
0.12
0.08
CorWatt	PkgWatt
5.01	155.69
0.09	77.65
0.09
0.08
0.09
0.08
0.08
0.08
0.08
0.07
0.07
0.07
0.07
0.07
0.07
0.07
0.08
0.08
0.08
0.08
0.08
0.09
0.08
0.08
0.08
0.07
0.08
0.07
0.07
0.07
0.07
0.07
0.07
0.08	77.99
0.07
0.09
0.08
0.08
0.07
0.14
0.08
0.07
0.07
0.07
0.08
0.07
0.08
0.08
0.08
0.07
0.07
0.09
0.07
0.09
0.08
0.08
0.12
0.07
0.09
0.09
0.07
0.07
0.07
0.07
0.08
CorWatt	PkgWatt
5.01	153.83
0.09	77.60
0.09
0.09
0.09
0.08
0.08
0.08
0.08
0.07
0.07
0.07
0.07
0.07
0.07
0.07
0.08
0.08
0.08
0.08
0.08
0.09
0.08
0.08
0.08
0.08
0.08
0.07
0.07
0.07
0.07
0.07
0.07
0.07	76.18
0.07
0.08
0.08
0.13
0.07
0.08
0.07
0.08
0.08
0.07
0.07
0.08
0.07
0.07
0.08
0.08
0.08
0.10
0.09
0.09
0.08
0.07
0.12
0.07
0.07
0.09
0.07
0.07
0.07
0.07
0.08
CorWatt	PkgWatt
5.31	156.14
0.10	78.03
0.10
0.09
0.10
0.09
0.09
0.09
0.09
0.07
0.07
0.07
0.07
0.08
0.07
0.07
0.08
0.09
0.09
0.09
0.09
0.10
0.09
0.09
0.08
0.08
0.09
0.08
0.08
0.07
0.08
0.07
0.07
0.08	78.13
0.07
0.09
0.08
0.12
0.08
0.08
0.08
0.08
0.09
0.08
0.08
0.07
0.08
0.07
0.08
0.08
0.08
0.09
0.09
0.10
0.08
0.08
0.08
0.08
0.08
0.09
0.07
0.07
0.07
0.13
0.07
CorWatt	PkgWatt
5.24	156.15
0.09	77.99
0.09
0.09
0.09
0.08
0.08
0.08
0.08
0.07
0.07
0.14
0.07
0.07
0.07
0.07
0.08
0.08
0.08
0.08
0.08
0.09
0.08
0.08
0.08
0.08
0.08
0.08
0.08
0.07
0.07
0.07
0.07
0.08	78.14
0.07
0.09
0.07
0.08
0.09
0.08
0.07
0.08
0.08
0.12
0.11
0.07
0.08
0.07
0.07
0.09
0.08
0.08
0.08
0.08
0.08
0.08
0.09
0.08
0.13
0.08
0.07
0.07
0.07
0.07
0.09
CorWatt	PkgWatt
4.95	155.49
0.09	77.64
0.10
0.09
0.09
0.08
0.08
0.08
0.08
0.07
0.07
0.07
0.07
0.07
0.07
0.07
0.08
0.08
0.08
0.08
0.08
0.09
0.08
0.08
0.08
0.08
0.08
0.07
0.07
0.07
0.07
0.07
0.07
0.07	77.86
0.07
0.08
0.07
0.08
0.07
0.07
0.13
0.09
0.07
0.07
0.07
0.07
0.09
0.07
0.07
0.07
0.07
0.07
0.08
0.07
0.07
0.07
0.09
0.09
0.07
0.07
0.07
0.08
0.07
0.07
0.12
CorWatt	PkgWatt
6.48	161.08
0.11	79.81
0.10
0.09
0.10
0.09
0.09
0.09
0.09
0.08
0.08
0.08
0.08
0.08
0.07
0.07
0.09
0.09
0.09
0.09
0.09
0.10
0.09
0.09
0.09
0.08
0.09
0.08
0.08
0.08
0.08
0.07
0.07
0.11	81.34
0.09
0.18
0.10
0.12
0.10
0.14
0.11
0.13
0.09
0.09
0.10
0.16
0.09
0.13
0.09
0.13
0.17
0.10
0.13
0.11
0.09
0.10
0.15
0.10
0.14
0.11
0.09
0.14
0.14
0.10
0.10
