CorWatt	PkgWatt
15.69	127.72
0.56	127.73
0.50
0.55
0.47
0.51
0.56
0.52
0.59
0.41
0.49
0.43
0.45
0.52
0.56
0.51
0.54
0.56
0.53
0.48
0.50
0.39
0.41
0.42
0.40
0.45
0.44
0.45
0.40
0.53
0.52
0.53
0.54
CorWatt	PkgWatt
14.80	126.93
0.50	126.95
0.47
0.53
0.50
0.53
0.51
0.51
0.54
0.39
0.45
0.37
0.43
0.50
0.52
0.49
0.52
0.46
0.53
0.48
0.47
0.39
0.39
0.38
0.40
0.38
0.38
0.38
0.37
0.51
0.50
0.51
0.50
CorWatt	PkgWatt
18.52	129.92
0.66	129.93
0.59
0.62
0.55
0.69
0.63
0.68
0.66
0.58
0.59
0.52
0.59
0.63
0.62
0.53
0.61
0.55
0.54
0.56
0.61
0.50
0.48
0.54
0.51
0.50
0.53
0.56
0.49
0.62
0.60
0.60
0.59
CorWatt	PkgWatt
14.76	126.54
0.51	127.04
0.44
0.53
0.44
0.53
0.51
0.58
0.51
0.45
0.46
0.37
0.45
0.51
0.53
0.49
0.50
0.45
0.47
0.45
0.50
0.38
0.38
0.43
0.38
0.36
0.37
0.41
0.36
0.52
0.50
0.51
0.49
CorWatt	PkgWatt
19.99	137.58
0.64	129.59
0.53
0.61
0.58
0.80
0.71
0.97
0.77
0.55
0.55
0.49
0.92
0.61
0.63
0.60
0.62
0.59
0.55
0.55
0.59
0.50
0.60
0.65
0.49
0.45
0.46
0.50
0.47
0.65
0.63
0.63
0.80
