CorWatt	PkgWatt
15.29	127.41
0.52	127.42
0.46
0.50
0.49
0.52
0.54
0.50
0.50
0.48
0.47
0.40
0.42
0.53
0.54
0.52
0.52
0.45
0.50
0.45
0.46
0.40
0.39
0.45
0.43
0.37
0.40
0.40
0.36
0.55
0.67
0.54
0.55
CorWatt	PkgWatt
14.53	126.78
0.48	126.86
0.44
0.46
0.44
0.51
0.53
0.49
0.47
0.42
0.45
0.37
0.40
0.52
0.55
0.50
0.52
0.44
0.48
0.45
0.45
0.40
0.41
0.39
0.42
0.35
0.36
0.38
0.35
0.52
0.57
0.50
0.51
CorWatt	PkgWatt
24.15	135.86
0.79	135.82
2.65
0.77
0.78
0.70
0.71
0.74
0.73
0.69
0.66
0.57
0.63
0.75
0.84
0.77
0.83
0.71
0.73
0.88
0.77
0.66
0.62
0.64
0.65
0.55
0.57
0.53
0.51
0.63
0.71
0.67
0.73
CorWatt	PkgWatt
17.49	129.11
0.53	129.08
0.57
0.51
0.46
0.82
1.00
0.72
0.93
0.54
0.53
0.41
0.43
0.62
0.59
0.58
0.58
0.49
0.51
0.46
0.54
0.46
0.47
0.44
0.43
0.38
0.40
0.38
0.36
0.56
0.61
0.57
0.60
CorWatt	PkgWatt
17.66	129.24
0.57	129.25
0.57
0.50
0.48
0.74
1.27
0.75
0.76
0.44
0.48
0.42
0.44
0.55
0.60
0.56
0.58
0.52
0.54
0.51
0.54
0.50
0.45
0.44
0.51
0.42
0.42
0.39
0.40
0.55
0.63
0.55
0.59
CorWatt	PkgWatt
18.20	129.34
0.59	129.37
0.63
0.57
0.58
1.12
0.78
0.79
0.94
0.48
0.49
0.44
0.50
0.59
0.59
0.63
0.62
0.49
0.53
0.54
0.51
0.47
0.38
0.45
0.38
0.43
0.45
0.44
0.40
0.59
0.63
0.58
0.57
CorWatt	PkgWatt
16.99	128.73
0.50	128.70
0.56
0.51
0.46
1.11
0.73
0.72
0.94
0.43
0.46
0.40
0.40
0.51
0.56
0.52
0.55
0.50
0.50
0.45
0.46
0.46
0.42
0.42
0.41
0.43
0.41
0.42
0.41
0.54
0.67
0.56
0.57
CorWatt	PkgWatt
17.18	128.83
0.52	128.83
0.59
0.50
0.49
0.99
0.96
0.73
0.89
0.43
0.45
0.37
0.42
0.52
0.57
0.52
0.56
0.51
0.52
0.54
0.50
0.47
0.40
0.51
0.44
0.41
0.42
0.42
0.40
0.52
0.57
0.54
0.52
CorWatt	PkgWatt
18.33	130.43
0.62	130.44
0.58
0.51
0.54
0.53
0.55
0.50
3.10
0.40
0.45
0.39
0.41
0.55
0.57
0.54
0.56
0.51
0.48
0.49
0.48
0.49
0.43
0.42
0.42
0.43
0.41
0.40
0.39
0.53
0.60
0.53
0.53
CorWatt	PkgWatt
18.31	130.72
0.59	130.72
0.49
0.57
0.47
0.53
0.49
0.49
3.21
0.44
0.45
0.43
0.42
0.53
0.52
0.56
0.51
0.49
0.48
0.47
0.48
0.47
0.41
0.41
0.41
0.42
0.42
0.37
0.48
0.55
0.60
0.56
0.59
CorWatt	PkgWatt
18.29	130.55
0.57	130.55
0.44
0.60
0.49
0.51
0.50
0.50
3.22
0.42
0.43
0.48
0.41
0.55
0.57
0.58
0.52
0.49
0.50
0.50
0.52
0.46
0.42
0.44
0.43
0.43
0.40
0.36
0.38
0.57
0.55
0.52
0.54
CorWatt	PkgWatt
18.19	130.47
0.56	130.47
0.45
0.60
0.44
0.54
0.50
0.51
3.21
0.40
0.43
0.37
0.41
0.55
0.53
0.53
0.55
0.51
0.52
0.53
0.47
0.48
0.43
0.40
0.51
0.44
0.39
0.37
0.36
0.55
0.55
0.54
0.55
CorWatt	PkgWatt
20.15	132.19
0.61	132.18
0.51
0.69
0.53
0.58
0.55
0.55
3.15
0.46
0.52
0.43
0.46
0.59
0.58
0.55
0.54
0.56
0.55
0.52
0.49
0.49
0.43
0.39
0.38
0.55
0.60
0.48
0.46
0.73
0.71
0.79
0.71
