CorWatt	PkgWatt
4.72	153.44
0.09	77.33
0.09
0.09
0.08
0.08
0.08
0.08
0.08
0.08
0.08
0.07
0.08
0.07
0.08
0.07
0.08
0.08
0.08
0.08
0.08
0.10
0.17
0.09
0.09
0.08
0.08
0.08
0.08
0.08
0.08
0.08
0.08
0.07	76.27
0.07
0.07
0.07
0.07
0.07
0.07
0.07
0.06
0.06
0.06
0.06
0.06
0.06
0.06
0.06
0.07
0.07
0.06
0.07
0.07
0.07
0.07
0.07
0.06
0.06
0.06
0.06
0.06
0.06
0.06
0.06
CorWatt	PkgWatt
5.00	152.04
0.10	76.53
0.10
0.09
0.08
0.08
0.08
0.08
0.12
0.09
0.13
0.11
0.13
0.14
0.09
0.07
0.08
0.08
0.08
0.09
0.08
0.10
0.09
0.08
0.08
0.09
0.09
0.12
0.08
0.10
0.08
0.09
0.09
0.07	75.38
0.07
0.07
0.07
0.07
0.07
0.07
0.07
0.07
0.06
0.06
0.06
0.05
0.05
0.06
0.05
0.07
0.07
0.06
0.06
0.07
0.07
0.07
0.07
0.06
0.06
0.06
0.06
0.05
0.05
0.05
0.06
CorWatt	PkgWatt
100.59	299.50
0.53	156.17
1.61
3.60
1.69
1.66
1.66
1.59
1.65
1.62
1.60
1.58
1.66
1.61
1.60
1.51
1.50
1.64
1.65
1.70
1.65
1.81
1.75
1.69
1.67
1.63
1.63
1.65
1.61
1.68
1.75
1.53
1.53
1.54	143.39
1.51
1.50
1.49
1.53
1.52
1.41
1.41
1.52
1.51
1.50
1.51
1.52
1.51
1.41
1.40
1.50
1.47
1.49
1.50
1.53
1.53
1.42
1.43
1.51
1.49
1.51
1.49
1.50
1.48
1.36
1.33
CorWatt	PkgWatt
121.71	324.97
0.30	166.97
1.92
3.10
2.09
2.06
2.10
1.94
1.95
2.06
1.99
1.97
2.02
2.03
2.05
1.88
1.87
2.01
2.01
2.01
2.00
2.02
1.99
1.84
1.86
2.03
2.05
2.02
1.99
1.96
2.16
1.84
1.84
1.94	158.37
1.91
1.87
1.86
1.91
1.89
1.74
1.73
1.90
1.88
1.86
1.89
1.90
1.89
1.73
1.72
1.87
1.83
1.87
1.88
1.92
1.92
1.75
1.75
1.89
1.86
1.87
1.86
1.84
1.83
1.66
1.60
