CorWatt	PkgWatt
4.74	153.50
0.10	77.24
0.09
0.18
0.09
0.08
0.08
0.08
0.08
0.08
0.08
0.08
0.08
0.08
0.08
0.07
0.08
0.08
0.08
0.08
0.08
0.09
0.09
0.08
0.08
0.08
0.08
0.08
0.08
0.08
0.08
0.08
0.08
0.07	76.29
0.07
0.07
0.07
0.07
0.07
0.07
0.07
0.06
0.06
0.06
0.06
0.06
0.06
0.06
0.06
0.07
0.07
0.07
0.07
0.07
0.07
0.07
0.07
0.07
0.06
0.06
0.07
0.06
0.06
0.06
0.06
CorWatt	PkgWatt
4.99	152.99
0.09	76.65
0.08
0.09
0.08
0.08
0.08
0.08
0.08
0.08
0.08
0.07
0.08
0.08
0.16
0.07
0.07
0.08
0.08
0.08
0.08
0.09
0.08
0.08
0.08
0.08
0.11
0.11
0.08
0.08
0.08
0.08
0.08
0.08	76.26
0.07
0.07
0.07
0.07
0.07
0.07
0.07
0.06
0.06
0.06
0.06
0.06
0.06
0.06
0.06
0.07
0.08
0.07
0.07
0.08
0.07
0.08
0.08
0.10
0.07
0.07
0.11
0.07
0.07
0.08
0.09
CorWatt	PkgWatt
97.91	294.85
2.65	153.75
1.56
1.69
1.69
1.64
1.66
1.58
1.62
1.58
1.73
1.52
1.57
1.60
1.57
1.47
1.46
1.58
1.56
1.57
1.56
1.56
1.59
1.48
1.48
1.68
1.61
1.63
1.63
1.55
1.56
1.46
1.45
1.51	141.19
1.48
1.48
1.46
1.51
1.49
1.39
1.41
1.49
1.47
1.46
1.47
1.50
1.47
1.38
1.37
1.47
1.45
1.50
1.48
1.52
1.51
1.44
1.42
1.46
1.46
1.45
1.44
1.43
1.43
1.32
1.29
CorWatt	PkgWatt
125.00	331.43
2.11	170.32
1.94
2.20
2.20
2.10
2.13
1.97
2.00
2.08
2.03
2.01
2.04
2.05
2.05
1.87
1.88
2.08
2.05
2.06
2.03
2.02
2.01
1.88
1.89
2.06
2.06
2.09
2.04
2.02
2.05
1.90
1.88
1.98	161.29
1.95
1.93
1.91
1.96
1.95
1.79
1.78
1.96
1.93
1.91
1.96
1.98
1.96
1.79
1.79
1.93
1.89
1.93
1.94
1.95
1.95
1.79
1.79
1.90
1.89
1.87
1.88
1.86
1.85
1.68
1.63
