CorWatt	PkgWatt
16.27	166.06
0.09	75.75
0.09
0.09
0.08
0.08
0.08
0.08
0.08
0.07
0.08
0.07
0.07
0.07
0.07
0.07
0.07
0.08
0.08
0.08
0.08
0.09
0.08
0.08
0.08
0.08
0.07
0.07
0.07
0.07
0.07
0.07
0.07
0.20	89.94
0.20
0.20
5.36
0.15
0.15
0.16
0.15
0.13
0.14
0.13
0.13
0.13
0.13
0.13
0.13
0.15
0.14
0.14
0.15
0.19
0.20
0.20
3.90
0.14
0.14
0.14
0.14
0.14
0.14
0.14
0.14
CorWatt	PkgWatt
10.73	160.60
0.08	75.62
0.08
0.08
0.08
0.07
0.07
0.07
0.08
0.06
0.10
0.06
0.06
0.06
0.06
0.06
0.07
0.08
0.08
0.09
0.09
0.09
0.08
0.08
0.08
0.08
0.06
0.06
0.06
0.06
0.06
0.06
0.06
0.15	84.50
0.14
0.14
0.15
0.15
0.15
0.15
0.15
0.13
0.14
0.13
0.13
0.13
0.13
0.13
0.13
0.14
0.14
0.14
0.14
0.19
0.20
0.19
3.87
0.14
0.14
0.14
0.14
0.14
0.13
0.14
0.13
CorWatt	PkgWatt
17.05	178.28
0.16	83.02
0.13
0.10
0.10
0.13
0.11
0.11
0.11
0.13
0.22
0.12
0.12
0.08
0.08
0.09
0.11
0.14
0.12
0.13
0.13
0.11
0.12
0.14
0.13
0.09
0.09
0.09
0.11
0.09
0.09
0.09
0.09
0.22	95.34
0.35
0.38
0.24
0.21
0.24
0.34
0.43
0.35
0.52
0.30
0.30
0.23
0.38
0.27
0.22
0.23
0.24
0.37
0.36
0.21
0.20
0.42
3.90
0.21
0.22
0.36
0.36
0.40
0.19
0.54
0.20
CorWatt	PkgWatt
11.01	160.49
0.08	75.21
0.08
0.07
0.07
0.07
0.07
0.07
0.07
0.06
0.06
0.06
0.06
0.06
0.06
0.06
0.06
0.07
0.07
0.07
0.07
0.08
0.07
0.07
0.07
0.06
0.06
0.06
0.06
0.06
0.06
0.06
0.06
0.15	85.11
0.15
0.15
0.15
0.16
0.16
0.16
0.15
0.13
0.13
0.14
0.13
0.13
0.13
0.13
0.13
0.57
0.15
0.15
0.15
0.19
0.20
0.19
3.87
0.14
0.15
0.14
0.14
0.14
0.13
0.13
0.13
CorWatt	PkgWatt
17.20	166.37
0.09	76.04
0.09
0.09
0.09
0.08
0.08
0.09
0.09
0.08
0.08
0.07
0.07
0.07
0.07
0.07
0.08
0.09
0.09
0.09
0.10
0.10
0.09
0.09
0.09
0.08
0.08
0.08
0.08
0.08
0.07
0.07
0.07
0.16	90.52
0.16
0.16
0.16
0.17
0.16
0.16
0.16
0.15
0.15
0.15
0.15
0.14
0.14
0.14
0.14
5.67
0.21
0.20
0.21
0.21
0.21
0.21
3.89
0.15
0.15
0.15
0.15
0.17
0.16
0.15
0.17
