CorWatt	PkgWatt
4.82	151.90
0.09	76.44
0.09
0.09
0.09
0.09
0.09
0.08
0.09
0.11
0.08
0.07
0.08
0.07
0.08
0.07
0.07
0.09
0.08
0.09
0.09
0.10
0.09
0.09
0.09
0.08
0.08
0.08
0.08
0.08
0.08
0.08
0.17
0.07	75.46
0.07
0.06
0.07
0.08
0.07
0.07
0.07
0.06
0.06
0.06
0.06
0.06
0.06
0.05
0.06
0.07
0.07
0.06
0.07
0.07
0.07
0.07
0.08
0.06
0.06
0.06
0.06
0.06
0.06
0.06
0.06
CorWatt	PkgWatt
4.81	151.56
0.10	76.51
0.10
0.09
0.09
0.09
0.09
0.09
0.09
0.08
0.12
0.08
0.08
0.08
0.11
0.09
0.08
0.09
0.09
0.09
0.14
0.10
0.10
0.09
0.09
0.10
0.08
0.08
0.09
0.08
0.08
0.09
0.08
0.06	75.20
0.06
0.06
0.06
0.07
0.07
0.07
0.06
0.05
0.05
0.05
0.05
0.05
0.05
0.05
0.05
0.07
0.06
0.06
0.06
0.07
0.07
0.07
0.07
0.05
0.06
0.05
0.05
0.05
0.05
0.05
0.05
CorWatt	PkgWatt
76.00	263.46
0.65	128.12
1.40
1.29
1.29
1.14
1.17
1.08
1.10
1.14
1.17
1.15
1.11
1.12
1.10
1.08
1.05
1.14
1.30
1.17
1.06
1.15
1.19
1.10
1.10
1.21
1.17
1.15
1.16
1.13
1.14
1.10
1.09
1.19	136.54
1.19
1.16
1.20
3.05
1.24
1.14
1.12
1.18
1.17
1.17
1.25
1.20
1.21
1.13
1.12
1.25
1.15
1.15
1.18
1.21
1.22
1.18
1.17
1.28
1.21
1.20
1.20
1.30
1.19
1.17
1.12
CorWatt	PkgWatt
155.95	376.93
0.41	183.04
2.58
2.60
2.54
2.47
2.48
2.31
2.30
2.51
2.45
2.44
2.46
2.42
2.39
2.19
2.20
2.44
2.42
2.43
2.42
2.42
2.44
2.25
2.26
2.44
2.41
2.42
2.38
2.38
2.43
2.22
2.21
2.54	191.95
2.53
2.49
2.47
3.83
2.52
2.34
2.32
2.57
2.55
2.52
2.56
2.58
2.54
2.35
2.34
2.48
2.45
2.48
2.49
2.54
2.53
2.34
2.34
2.54
2.52
2.54
2.53
2.54
2.54
2.31
2.24
