CorWatt	PkgWatt
15.67	128.29
0.56	128.30
0.46
0.49
0.47
0.52
0.55
0.51
0.51
0.43
0.45
0.40
0.40
0.59
0.53
0.58
0.57
0.49
0.50
0.48
0.55
0.44
0.43
0.52
0.46
0.39
0.40
0.42
0.40
0.55
0.53
0.54
0.55
CorWatt	PkgWatt
14.81	126.94
0.53	127.36
0.44
0.46
0.46
0.50
0.53
0.49
0.49
0.41
0.44
0.38
0.38
0.54
0.52
0.53
0.54
0.46
0.46
0.46
0.54
0.41
0.42
0.41
0.42
0.39
0.37
0.39
0.36
0.53
0.50
0.54
0.54
CorWatt	PkgWatt
71.93	187.47
0.88	186.93
2.21
2.29
2.28
2.33
2.34
2.34
2.28
2.21
2.22
2.18
2.16
2.34
2.33
2.38
2.34
2.32
2.33
2.16
2.14
2.25
2.21
2.06
3.73
2.19
2.14
1.99
1.99
2.39
2.37
2.19
2.17
