CorWatt	PkgWatt
15.47	128.42
0.52	128.43
0.49
0.52
0.49
0.51
0.54
0.52
0.49
0.52
0.45
0.40
0.45
0.53
0.53
0.52
0.53
0.49
0.50
0.49
0.55
0.44
0.42
0.45
0.45
0.37
0.38
0.38
0.36
0.54
0.53
0.56
0.55
CorWatt	PkgWatt
14.77	127.08
0.51	127.48
0.47
0.49
0.44
0.50
0.52
0.49
0.49
0.40
0.43
0.38
0.40
0.52
0.52
0.50
0.52
0.48
0.48
0.46
0.54
0.44
0.41
0.49
0.40
0.37
0.36
0.38
0.35
0.52
0.50
0.54
0.52
CorWatt	PkgWatt
71.94	188.11
0.90	187.61
2.22
2.31
2.22
2.30
2.33
2.32
2.25
2.20
2.22
2.20
2.18
2.35
2.34
2.33
2.35
2.31
2.30
2.24
2.18
2.24
2.26
3.75
2.04
2.17
2.14
2.00
1.99
2.37
2.36
2.20
2.22
