CorWatt	PkgWatt
15.32	127.43
0.56	127.42
0.47
0.54
0.45
0.53
0.52
0.50
0.51
0.41
0.44
0.40
0.40
0.53
0.52
0.52
0.56
0.50
0.49
0.55
0.48
0.43
0.44
0.44
0.44
0.36
0.37
0.39
0.36
0.65
0.51
0.51
0.55
CorWatt	PkgWatt
14.82	126.30
0.53	126.93
0.44
0.52
0.43
0.50
0.49
0.49
0.49
0.40
0.48
0.39
0.41
0.52
0.52
0.49
0.55
0.48
0.47
0.51
0.53
0.42
0.39
0.42
0.42
0.35
0.36
0.41
0.36
0.53
0.52
0.52
0.56
CorWatt	PkgWatt
17.96	129.98
0.63	129.38
0.51
0.60
0.48
0.53
0.53
0.54
0.53
0.50
0.53
0.51
0.49
0.60
0.59
0.58
0.61
0.57
0.55
0.56
0.55
0.52
0.50
0.55
0.59
0.48
0.47
0.56
0.50
0.75
0.67
0.67
0.64
CorWatt	PkgWatt
15.64	127.77
0.54	127.58
0.47
0.53
0.46
0.52
0.52
0.52
0.51
0.40
0.45
0.42
0.41
0.54
0.56
0.53
0.54
0.48
0.49
0.49
0.49
0.42
0.42
0.50
0.42
0.44
0.42
0.54
0.43
0.55
0.56
0.54
0.55
