CorWatt	PkgWatt
15.28	127.92
0.57	127.92
0.47
0.53
0.46
0.51
0.52
0.53
0.52
0.41
0.44
0.40
0.46
0.53
0.56
0.58
0.64
0.49
0.50
0.47
0.51
0.40
0.41
0.39
0.40
0.39
0.37
0.38
0.36
0.52
0.51
0.52
0.52
CorWatt	PkgWatt
14.88	127.35
0.54	127.61
0.49
0.48
0.47
0.53
0.52
0.51
0.50
0.41
0.45
0.39
0.41
0.54
0.52
0.56
0.54
0.47
0.47
0.48
0.49
0.40
0.40
0.38
0.41
0.38
0.36
0.38
0.35
0.52
0.51
0.51
0.52
CorWatt	PkgWatt
67.10	181.47
0.92	181.20
2.06
2.17
2.09
2.14
2.15
2.15
2.13
2.09
2.11
2.15
2.06
2.20
2.18
2.25
2.19
2.17
2.12
1.98
1.98
2.01
2.08
1.85
1.81
2.08
2.04
1.90
1.92
2.26
3.70
2.07
2.07
