CorWatt	PkgWatt
15.18	127.60
0.50	127.62
0.46
0.51
0.46
0.49
0.58
0.49
0.51
0.52
0.47
0.45
0.42
0.52
0.55
0.56
0.54
0.45
0.48
0.50
0.50
0.43
0.42
0.40
0.40
0.38
0.36
0.37
0.36
0.54
0.53
0.52
0.52
CorWatt	PkgWatt
14.99	127.06
0.49	127.58
0.44
0.51
0.44
0.50
0.57
0.49
0.51
0.44
0.51
0.42
0.42
0.51
0.56
0.55
0.54
0.47
0.49
0.50
0.52
0.39
0.39
0.40
0.41
0.39
0.35
0.37
0.35
0.53
0.53
0.50
0.52
CorWatt	PkgWatt
21.28	133.76
0.71	133.22
0.57
0.62
0.58
2.66
0.62
0.57
0.67
0.59
0.58
0.50
0.51
0.59
0.62
0.71
0.64
0.53
0.64
0.56
0.53
0.50
0.54
0.53
0.56
0.62
0.58
0.54
0.49
0.74
0.69
0.71
0.78
CorWatt	PkgWatt
16.54	128.80
0.72	128.79
0.68
0.75
1.15
0.61
0.59
0.50
0.50
0.40
0.45
0.38
0.40
0.50
0.51
0.53
0.52
0.46
0.49
0.48
0.47
0.39
0.40
0.42
0.41
0.36
0.37
0.39
0.39
0.61
0.59
0.54
0.58
CorWatt	PkgWatt
16.31	128.42
0.75	128.41
0.68
0.74
1.20
0.61
0.56
0.50
0.49
0.39
0.45
0.37
0.39
0.50
0.52
0.52
0.52
0.44
0.47
0.48
0.47
0.40
0.38
0.41
0.38
0.37
0.36
0.36
0.35
0.56
0.62
0.55
0.52
CorWatt	PkgWatt
17.19	129.12
1.03	129.16
0.65
0.71
0.66
0.64
0.55
0.49
0.53
0.44
0.46
0.40
0.40
0.54
0.55
0.57
0.56
0.45
0.51
0.48
0.47
0.39
0.45
0.44
0.39
0.66
0.49
0.49
0.47
0.59
0.57
0.58
0.58
CorWatt	PkgWatt
16.46	128.44
0.50	128.40
0.44
0.51
0.44
0.63
0.51
0.52
0.52
0.41
0.44
0.37
0.39
0.51
0.53
0.55
0.53
0.44
0.48
0.50
0.46
0.40
0.41
0.42
0.40
1.20
0.62
0.61
0.60
0.54
0.54
0.52
0.51
CorWatt	PkgWatt
16.60	128.75
0.51	128.75
0.44
0.51
0.45
0.61
0.51
0.49
0.51
0.43
0.45
0.39
0.40
0.50
0.52
0.53
0.51
0.46
0.48
0.48
0.47
0.41
0.39
0.40
0.41
1.46
0.57
0.58
0.61
0.54
0.56
0.52
0.51
CorWatt	PkgWatt
17.42	130.46
0.51	130.45
0.44
0.51
0.45
0.59
0.51
0.49
0.49
0.41
0.44
0.38
0.39
0.50
0.52
0.50
0.52
0.45
0.49
0.48
0.46
0.40
0.38
0.38
0.40
3.12
0.37
0.38
0.40
0.52
0.52
0.51
0.52
CorWatt	PkgWatt
17.52	130.40
0.52	130.41
0.44
0.50
0.44
0.59
0.51
0.50
0.51
0.39
0.44
0.42
0.38
0.50
0.51
0.49
0.51
0.44
0.46
0.49
0.46
0.41
0.40
0.39
0.38
3.12
0.38
0.41
0.40
0.54
0.54
0.52
0.51
CorWatt	PkgWatt
17.35	130.13
0.52	130.12
0.44
0.50
0.45
0.60
0.51
0.49
0.49
0.40
0.44
0.38
0.39
0.50
0.52
0.50
0.51
0.45
0.46
0.48
0.46
0.40
0.38
0.38
0.39
3.12
0.38
0.38
0.37
0.52
0.51
0.52
0.52
CorWatt	PkgWatt
17.37	130.36
0.52	130.37
0.44
0.48
0.46
0.61
0.50
0.50
0.49
0.39
0.44
0.37
0.39
0.50
0.51
0.49
0.51
0.45
0.49
0.48
0.48
0.39
0.38
0.39
0.38
3.12
0.36
0.39
0.36
0.54
0.52
0.52
0.50
CorWatt	PkgWatt
17.45	130.46
0.51	130.46
0.44
0.47
0.48
0.60
0.51
0.49
0.48
0.40
0.44
0.37
0.41
0.50
0.51
0.51
0.51
0.46
0.46
0.48
0.46
0.40
0.40
0.40
0.39
3.12
0.39
0.39
0.37
0.52
0.51
0.53
0.53
CorWatt	PkgWatt
17.35	130.27
0.54	130.27
0.45
0.48
0.47
0.60
0.50
0.49
0.49
0.39
0.44
0.38
0.38
0.50
0.50
0.49
0.51
0.45
0.48
0.48
0.46
0.39
0.38
0.39
0.38
3.12
0.36
0.38
0.38
0.52
0.55
0.51
0.50
CorWatt	PkgWatt
17.42	130.36
0.51	130.35
0.44
0.46
0.47
0.60
0.51
0.49
0.49
0.40
0.44
0.37
0.39
0.50
0.51
0.50
0.52
0.47
0.48
0.50
0.47
0.40
0.38
0.39
0.39
3.12
0.37
0.38
0.36
0.52
0.52
0.52
0.55
CorWatt	PkgWatt
17.34	130.36
0.52	130.36
0.43
0.49
0.48
0.60
0.51
0.49
0.49
0.39
0.45
0.37
0.38
0.50
0.50
0.49
0.51
0.45
0.48
0.48
0.48
0.38
0.38
0.39
0.38
3.12
0.36
0.38
0.35
0.54
0.51
0.52
0.51
CorWatt	PkgWatt
17.35	130.29
0.51	130.29
0.43
0.47
0.47
0.59
0.51
0.48
0.48
0.39
0.44
0.37
0.38
0.53
0.52
0.51
0.51
0.45
0.46
0.49
0.46
0.39
0.38
0.38
0.38
3.12
0.39
0.38
0.37
0.53
0.51
0.51
0.51
CorWatt	PkgWatt
17.50	130.43
0.52	130.43
0.43
0.46
0.47
0.59
0.50
0.49
0.49
0.39
0.46
0.37
0.42
0.50
0.52
0.53
0.52
0.46
0.46
0.48
0.48
0.39
0.38
0.39
0.38
3.12
0.38
0.42
0.38
0.53
0.52
0.53
0.52
CorWatt	PkgWatt
17.72	130.49
0.53	130.48
0.46
0.48
0.49
0.60
0.51
0.51
0.50
0.40
0.43
0.38
0.39
0.50
0.51
0.53
0.52
0.46
0.48
0.48
0.47
0.42
0.38
0.40
0.41
3.12
0.38
0.42
0.39
0.54
0.54
0.56
0.53
CorWatt	PkgWatt
17.47	130.60
0.53	130.61
0.44
0.46
0.47
0.58
0.51
0.49
0.49
0.39
0.43
0.41
0.38
0.51
0.51
0.51
0.51
0.45
0.47
0.48
0.46
0.39
0.38
0.40
0.38
3.12
0.38
0.40
0.39
0.54
0.58
0.53
0.52
CorWatt	PkgWatt
17.93	130.05
0.55	130.07
0.50
0.56
0.77
0.95
0.92
0.70
0.70
0.48
0.50
0.45
0.44
0.56
0.56
0.91
0.58
0.48
0.50
0.52
0.50
0.46
0.43
0.45
0.44
0.44
0.39
0.41
0.42
0.59
0.59
0.57
0.61
CorWatt	PkgWatt
16.99	129.15
0.52	129.13
0.44
0.45
0.57
0.85
1.54
0.84
0.84
0.40
0.44
0.40
0.39
0.52
0.53
0.57
0.54
0.45
0.47
0.49
0.46
0.40
0.39
0.40
0.40
0.37
0.35
0.39
0.39
0.54
0.53
0.52
0.58
CorWatt	PkgWatt
16.89	129.35
0.51	129.34
0.50
0.45
0.57
0.86
1.54
0.84
0.83
0.40
0.46
0.39
0.42
0.51
0.52
0.52
0.52
0.45
0.47
0.49
0.47
0.41
0.38
0.38
0.40
0.37
0.36
0.38
0.38
0.52
0.50
0.52
0.56
CorWatt	PkgWatt
16.75	129.02
0.52	129.03
0.51
0.56
0.48
0.86
1.53
0.84
0.84
0.40
0.43
0.39
0.39
0.50
0.50
0.49
0.51
0.45
0.48
0.48
0.46
0.39
0.38
0.39
0.38
0.36
0.36
0.38
0.38
0.53
0.50
0.51
0.57
CorWatt	PkgWatt
16.80	129.18
0.52	129.18
0.49
0.58
0.48
0.86
1.53
0.84
0.83
0.39
0.43
0.38
0.38
0.52
0.54
0.50
0.53
0.44
0.47
0.49
0.46
0.40
0.38
0.40
0.39
0.35
0.36
0.39
0.38
0.52
0.50
0.52
0.56
CorWatt	PkgWatt
16.84	129.28
0.52	129.28
0.44
0.59
0.49
0.86
1.53
0.84
0.83
0.38
0.46
0.43
0.40
0.52
0.53
0.49
0.51
0.44
0.47
0.49
0.46
0.39
0.38
0.39
0.38
0.35
0.35
0.38
0.40
0.52
0.50
0.51
0.60
CorWatt	PkgWatt
18.32	130.53
0.52	130.52
0.46
0.58
0.51
2.17
1.08
1.06
1.05
0.41
0.43
0.39
0.40
0.51
0.53
0.51
0.53
0.46
0.47
0.49
0.50
0.41
0.40
0.40
0.40
0.37
0.37
0.41
0.39
0.53
0.51
0.53
0.57
CorWatt	PkgWatt
19.80	131.56
0.52	131.57
0.50
0.55
0.46
3.10
1.35
1.35
1.34
0.40
0.44
0.39
0.42
0.50
0.51
0.51
0.52
0.45
0.46
0.50
0.47
0.41
0.39
0.40
0.39
0.35
0.35
0.39
0.39
0.51
0.50
0.52
0.50
CorWatt	PkgWatt
19.75	131.71
0.52	131.71
0.45
0.56
0.47
1.34
3.10
1.35
1.34
0.40
0.45
0.38
0.39
0.50
0.52
0.49
0.52
0.45
0.47
0.49
0.47
0.40
0.39
0.38
0.39
0.37
0.36
0.37
0.40
0.51
0.50
0.51
0.51
CorWatt	PkgWatt
19.97	131.68
0.56	131.69
0.45
0.58
0.48
3.08
1.36
1.35
1.34
0.39
0.44
0.43
0.38
0.50
0.51
0.49
0.51
0.46
0.46
0.49
0.47
0.39
0.39
0.40
0.39
0.38
0.38
0.39
0.38
0.53
0.54
0.55
0.50
CorWatt	PkgWatt
19.93	131.79
0.54	131.78
0.45
0.57
0.46
2.97
1.48
1.34
1.33
0.41
0.44
0.37
0.39
0.50
0.52
0.52
0.52
0.45
0.48
0.48
0.47
0.42
0.42
0.42
0.39
0.36
0.36
0.37
0.40
0.53
0.50
0.51
0.52
CorWatt	PkgWatt
19.82	131.59
0.55	131.59
0.44
0.58
0.45
3.10
1.35
1.35
1.34
0.40
0.44
0.40
0.39
0.51
0.51
0.51
0.51
0.46
0.48
0.49
0.48
0.39
0.39
0.40
0.39
0.35
0.35
0.37
0.40
0.53
0.50
0.51
0.49
CorWatt	PkgWatt
19.81	131.49
0.55	131.50
0.45
0.59
0.46
3.08
1.35
1.35
1.34
0.41
0.44
0.39
0.40
0.51
0.52
0.49
0.51
0.45
0.47
0.48
0.47
0.40
0.39
0.39
0.39
0.35
0.36
0.37
0.39
0.55
0.51
0.51
0.50
CorWatt	PkgWatt
20.62	132.41
0.56	132.42
0.53
0.58
0.52
2.96
1.48
1.35
1.34
0.43
0.47
0.41
0.43
0.50
0.54
0.53
0.53
0.48
0.50
0.53
0.50
0.39
0.43
0.41
0.41
0.39
0.40
0.41
0.45
0.56
0.55
0.55
0.53
CorWatt	PkgWatt
19.88	131.57
0.55	131.55
0.52
0.48
0.56
2.80
1.63
1.35
1.34
0.42
0.45
0.39
0.39
0.50
0.52
0.50
0.53
0.46
0.46
0.49
0.47
0.41
0.39
0.39
0.39
0.35
0.36
0.37
0.38
0.52
0.50
0.51
0.51
CorWatt	PkgWatt
19.82	131.74
0.53	131.75
0.50
0.46
0.56
1.34
3.11
1.35
1.34
0.40
0.45
0.40
0.41
0.53
0.51
0.50
0.52
0.45
0.47
0.49
0.46
0.39
0.41
0.40
0.39
0.35
0.35
0.37
0.38
0.51
0.50
0.51
0.51
CorWatt	PkgWatt
19.82	131.59
0.53	131.59
0.45
0.48
0.59
1.34
2.07
2.40
1.34
0.40
0.44
0.38
0.38
0.50
0.51
0.51
0.52
0.45
0.47
0.48
0.47
0.40
0.41
0.41
0.39
0.35
0.36
0.37
0.38
0.51
0.50
0.51
0.50
CorWatt	PkgWatt
19.24	131.41
0.58	131.38
0.50
0.52
0.65
1.04
1.43
1.65
1.02
0.46
0.51
0.46
0.44
0.54
0.56
0.54
0.88
0.49
0.50
0.51
0.49
0.44
0.43
0.43
0.43
0.37
0.37
0.41
0.44
0.56
0.53
0.55
0.53
CorWatt	PkgWatt
16.71	128.81
0.53	128.83
0.48
0.48
0.73
0.95
0.75
0.71
1.01
0.42
0.47
0.41
0.42
0.52
0.55
0.53
0.55
0.46
0.50
0.50
0.49
0.41
0.40
0.40
0.41
0.38
0.38
0.41
0.39
0.53
0.51
0.53
0.52
CorWatt	PkgWatt
16.16	128.34
0.51	128.35
0.44
0.45
0.56
1.15
0.79
0.75
0.78
0.40
0.45
0.42
0.38
0.50
0.51
0.50
0.51
0.44
0.46
0.51
0.46
0.41
0.40
0.40
0.38
0.36
0.37
0.43
0.38
0.53
0.52
0.52
0.50
CorWatt	PkgWatt
15.95	128.14
0.49	128.14
0.45
0.45
0.55
1.15
0.78
0.74
0.78
0.40
0.44
0.38
0.39
0.50
0.53
0.50
0.51
0.44
0.46
0.49
0.46
0.40
0.38
0.38
0.38
0.35
0.36
0.40
0.39
0.52
0.50
0.51
0.51
CorWatt	PkgWatt
15.96	128.21
0.51	128.21
0.45
0.45
0.56
1.06
0.79
0.74
0.85
0.38
0.45
0.38
0.39
0.50
0.51
0.49
0.51
0.45
0.48
0.49
0.48
0.39
0.38
0.40
0.38
0.37
0.35
0.39
0.35
0.51
0.50
0.52
0.50
CorWatt	PkgWatt
16.33	128.75
0.51	128.74
0.46
0.45
0.55
1.36
0.76
0.72
0.75
0.40
0.44
0.38
0.40
0.50
0.54
0.52
0.52
0.46
0.47
0.49
0.47
0.40
0.41
0.40
0.39
0.35
0.38
0.40
0.36
0.53
0.50
0.53
0.52
CorWatt	PkgWatt
18.64	133.45
0.55	133.45
0.46
0.49
0.55
4.46
0.51
0.50
0.56
0.39
0.45
0.38
0.39
0.50
0.51
0.50
0.52
0.44
0.47
0.48
0.46
0.39
0.38
0.40
0.39
0.35
0.35
0.38
0.40
0.52
0.50
0.51
0.50
CorWatt	PkgWatt
18.59	133.40
0.56	133.40
0.46
0.46
0.54
4.46
0.51
0.50
0.54
0.39
0.45
0.37
0.38
0.50
0.52
0.49
0.52
0.46
0.48
0.50
0.47
0.40
0.38
0.39
0.39
0.36
0.36
0.38
0.35
0.52
0.50
0.51
0.50
CorWatt	PkgWatt
18.62	133.50
0.54	133.49
0.44
0.47
0.54
4.47
0.54
0.51
0.53
0.40
0.44
0.37
0.39
0.50
0.51
0.50
0.52
0.45
0.48
0.49
0.48
0.39
0.39
0.40
0.39
0.35
0.35
0.38
0.35
0.54
0.50
0.51
0.49
CorWatt	PkgWatt
19.05	133.90
0.55	133.89
0.46
0.50
0.54
4.46
0.52
0.52
0.54
0.41
0.45
0.39
0.40
0.51
0.53
0.53
0.53
0.45
0.48
0.51
0.48
0.41
0.40
0.41
0.40
0.38
0.38
0.40
0.43
0.53
0.51
0.52
0.53
CorWatt	PkgWatt
19.56	134.22
0.57	134.23
0.47
0.52
0.57
4.48
0.53
0.54
0.56
0.43
0.47
0.40
0.43
0.53
0.54
0.52
0.52
0.47
0.50
0.51
0.49
0.43
0.43
0.43
0.42
0.39
0.41
0.42
0.41
0.55
0.53
0.54
0.56
CorWatt	PkgWatt
18.95	133.78
0.55	133.77
0.46
0.53
0.56
4.46
0.51
0.52
0.55
0.40
0.43
0.41
0.39
0.50
0.52
0.50
0.52
0.45
0.47
0.49
0.47
0.41
0.40
0.41
0.41
0.36
0.37
0.42
0.37
0.53
0.53
0.53
0.53
CorWatt	PkgWatt
18.76	133.84
0.54	133.85
0.44
0.49
0.55
4.47
0.51
0.50
0.53
0.39
0.44
0.40
0.38
0.51
0.52
0.50
0.52
0.45
0.46
0.49
0.47
0.39
0.40
0.40
0.39
0.37
0.38
0.41
0.41
0.52
0.53
0.51
0.51
CorWatt	PkgWatt
18.82	133.64
0.52	133.63
0.46
0.50
0.56
4.46
0.53
0.53
0.56
0.41
0.44
0.38
0.39
0.50
0.52
0.52
0.52
0.46
0.48
0.49
0.47
0.40
0.41
0.39
0.39
0.35
0.37
0.39
0.35
0.52
0.50
0.51
0.51
CorWatt	PkgWatt
18.79	133.61
0.55	133.62
0.45
0.49
0.55
4.46
0.51
0.50
0.53
0.41
0.45
0.39
0.39
0.52
0.53
0.54
0.53
0.45
0.47
0.49
0.47
0.41
0.40
0.41
0.40
0.35
0.36
0.39
0.35
0.52
0.51
0.51
0.49
CorWatt	PkgWatt
18.69	133.83
0.53	133.83
0.45
0.49
0.54
4.48
0.50
0.50
0.52
0.40
0.44
0.40
0.40
0.50
0.52
0.51
0.52
0.45
0.46
0.49
0.47
0.40
0.40
0.38
0.39
0.35
0.37
0.39
0.40
0.51
0.50
0.51
0.50
CorWatt	PkgWatt
19.20	134.06
0.57	134.07
0.50
0.53
0.59
4.49
0.51
0.54
0.53
0.43
0.46
0.41
0.39
0.51
0.51
0.51
0.56
0.49
0.47
0.52
0.47
0.40
0.44
0.41
0.39
0.35
0.35
0.41
0.36
0.52
0.50
0.51
0.56
CorWatt	PkgWatt
18.89	133.85
0.55	133.84
0.48
0.51
0.56
4.46
0.53
0.52
0.52
0.40
0.43
0.38
0.40
0.53
0.55
0.51
0.53
0.46
0.47
0.50
0.47
0.40
0.41
0.40
0.40
0.37
0.37
0.39
0.35
0.52
0.50
0.51
0.51
CorWatt	PkgWatt
18.47	131.05
0.61	131.07
0.54
0.76
0.60
1.28
0.63
0.61
0.84
0.48
0.54
0.49
0.48
0.93
0.60
0.57
0.58
0.50
0.53
0.52
0.51
0.45
0.47
0.46
0.46
0.42
0.40
0.46
0.46
0.58
0.55
0.57
0.58
CorWatt	PkgWatt
16.49	128.82
0.54	128.81
0.46
0.61
0.47
1.07
0.75
0.73
0.97
0.40
0.44
0.39
0.41
0.52
0.53
0.52
0.53
0.45
0.50
0.47
0.50
0.41
0.41
0.41
0.40
0.37
0.38
0.41
0.39
0.53
0.51
0.52
0.52
CorWatt	PkgWatt
16.22	128.60
0.56	128.60
0.44
0.57
0.44
1.17
0.74
0.73
0.86
0.39
0.43
0.40
0.40
0.52
0.51
0.51
0.51
0.44
0.50
0.47
0.47
0.41
0.42
0.41
0.39
0.35
0.36
0.41
0.35
0.53
0.51
0.52
0.50
CorWatt	PkgWatt
16.30	128.64
0.54	128.64
0.46
0.57
0.44
1.12
0.73
0.73
0.89
0.41
0.43
0.42
0.40
0.50
0.52
0.50
0.53
0.45
0.51
0.46
0.47
0.40
0.41
0.39
0.39
0.38
0.37
0.38
0.40
0.53
0.50
0.52
0.53
CorWatt	PkgWatt
16.29	128.62
0.53	128.62
0.46
0.58
0.46
1.12
0.74
0.74
0.90
0.39
0.43
0.40
0.39
0.50
0.51
0.50
0.53
0.45
0.50
0.46
0.47
0.40
0.40
0.39
0.39
0.38
0.38
0.39
0.35
0.55
0.53
0.56
0.52
CorWatt	PkgWatt
16.35	128.72
0.53	128.72
0.46
0.58
0.45
1.46
0.71
0.71
0.86
0.41
0.43
0.39
0.39
0.50
0.52
0.50
0.52
0.45
0.50
0.46
0.47
0.41
0.42
0.40
0.39
0.35
0.36
0.37
0.35
0.51
0.50
0.51
0.50
CorWatt	PkgWatt
17.80	130.32
0.57	130.32
0.44
0.58
0.44
3.19
0.63
0.62
0.67
0.39
0.44
0.40
0.40
0.50
0.51
0.50
0.52
0.47
0.51
0.46
0.48
0.39
0.40
0.40
0.39
0.35
0.36
0.37
0.38
0.52
0.51
0.51
0.50
CorWatt	PkgWatt
17.87	130.58
0.57	130.58
0.45
0.58
0.47
3.17
0.64
0.63
0.69
0.40
0.43
0.39
0.40
0.50
0.52
0.50
0.52
0.46
0.51
0.47
0.47
0.40
0.40
0.38
0.39
0.36
0.36
0.37
0.36
0.52
0.51
0.52
0.51
CorWatt	PkgWatt
17.81	130.44
0.57	130.44
0.45
0.58
0.44
0.67
0.64
0.63
3.16
0.39
0.43
0.40
0.39
0.50
0.51
0.50
0.51
0.45
0.50
0.46
0.47
0.39
0.41
0.41
0.41
0.36
0.37
0.38
0.36
0.53
0.52
0.52
0.51
CorWatt	PkgWatt
17.68	130.33
0.58	130.33
0.46
0.57
0.46
0.65
0.63
0.63
3.16
0.39
0.44
0.37
0.39
0.50
0.52
0.50
0.52
0.45
0.49
0.46
0.47
0.40
0.40
0.39
0.39
0.35
0.36
0.37
0.36
0.51
0.50
0.51
0.51
CorWatt	PkgWatt
17.66	130.31
0.56	130.31
0.44
0.57
0.44
0.64
0.62
0.62
3.19
0.40
0.44
0.39
0.40
0.50
0.51
0.50
0.52
0.45
0.49
0.46
0.47
0.39
0.42
0.40
0.39
0.35
0.35
0.37
0.35
0.51
0.50
0.51
0.50
CorWatt	PkgWatt
17.88	130.68
0.56	130.68
0.45
0.57
0.45
0.67
0.63
0.65
3.17
0.41
0.45
0.39
0.39
0.51
0.53
0.53
0.53
0.46
0.49
0.46
0.47
0.40
0.43
0.42
0.40
0.35
0.37
0.38
0.35
0.52
0.50
0.51
0.51
CorWatt	PkgWatt
17.98	130.53
0.57	130.54
0.44
0.58
0.47
0.65
0.63
0.62
3.16
0.42
0.43
0.40
0.39
0.51
0.52
0.52
0.52
0.47
0.51
0.47
0.48
0.43
0.42
0.41
0.42
0.36
0.35
0.39
0.37
0.53
0.50
0.53
0.51
CorWatt	PkgWatt
17.89	130.60
0.55	130.59
0.45
0.57
0.44
1.19
0.64
0.62
2.68
0.41
0.43
0.43
0.38
0.50
0.53
0.51
0.57
0.45
0.51
0.46
0.47
0.40
0.39
0.41
0.39
0.38
0.36
0.39
0.36
0.52
0.50
0.50
0.51
CorWatt	PkgWatt
17.87	130.51
0.55	130.51
0.44
0.57
0.44
0.65
0.63
0.63
3.18
0.41
0.44
0.40
0.39
0.50
0.52
0.50
0.52
0.45
0.49
0.48
0.47
0.42
0.41
0.42
0.39
0.37
0.37
0.41
0.38
0.53
0.52
0.51
0.51
CorWatt	PkgWatt
17.84	130.56
0.54	130.55
0.45
0.58
0.47
0.67
0.63
0.63
3.15
0.41
0.43
0.38
0.39
0.50
0.52
0.50
0.52
0.46
0.49
0.47
0.47
0.40
0.39
0.41
0.40
0.37
0.37
0.40
0.36
0.53
0.51
0.52
0.53
CorWatt	PkgWatt
17.75	130.37
0.55	130.38
0.44
0.56
0.44
3.16
0.63
0.63
0.71
0.40
0.43
0.39
0.39
0.50
0.51
0.50
0.51
0.46
0.51
0.47
0.48
0.39
0.38
0.42
0.39
0.38
0.35
0.39
0.35
0.51
0.50
0.50
0.50
CorWatt	PkgWatt
17.22	129.71
0.52	129.72
0.46
0.58
0.47
0.63
0.59
0.58
2.44
0.43
0.44
0.38
0.40
0.50
0.52
0.51
0.54
0.47
0.58
0.47
0.47
0.41
0.41
0.43
0.40
0.37
0.37
0.40
0.37
0.53
0.50
0.53
0.52
CorWatt	PkgWatt
18.15	130.36
0.58	130.36
0.51
0.54
0.49
0.57
0.57
0.54
0.64
0.51
0.47
0.44
0.43
0.56
0.55
0.55
0.56
0.51
1.03
0.52
0.53
0.76
0.61
0.64
1.00
0.41
0.41
0.45
0.45
0.60
0.56
0.57
0.58
CorWatt	PkgWatt
16.37	128.66
0.52	128.65
0.46
0.45
0.44
0.50
0.50
0.50
0.56
0.42
0.43
0.38
0.40
0.51
0.53
0.50
0.53
0.47
0.61
0.49
0.49
0.65
0.63
0.65
1.16
0.38
0.37
0.40
0.36
0.52
0.51
0.51
0.52
CorWatt	PkgWatt
16.57	128.72
0.51	128.75
0.45
0.48
0.45
0.51
0.53
0.49
0.55
0.49
0.45
0.46
0.43
0.53
0.53
0.51
0.53
0.46
0.62
0.47
0.49
0.74
0.62
0.65
1.12
0.35
0.35
0.39
0.35
0.54
0.50
0.50
0.54
CorWatt	PkgWatt
16.22	128.72
0.53	128.70
0.45
0.44
0.45
0.50
0.50
0.49
0.53
0.42
0.43
0.38
0.40
0.50
0.53
0.52
0.52
0.45
0.60
0.48
0.47
0.65
0.62
0.65
1.20
0.37
0.37
0.39
0.37
0.52
0.50
0.51
0.51
CorWatt	PkgWatt
16.45	128.68
0.53	128.67
0.45
0.46
0.45
0.51
0.52
0.51
0.49
0.41
0.45
0.40
0.41
0.51
0.52
0.52
0.53
0.48
0.61
0.48
0.50
0.64
0.63
0.66
1.20
0.36
0.38
0.42
0.36
0.53
0.51
0.51
0.51
CorWatt	PkgWatt
17.58	130.34
0.56	130.34
0.46
0.48
0.47
0.50
0.50
0.51
0.51
0.43
0.44
0.42
0.39
0.52
0.52
0.50
0.53
0.47
0.59
0.47
0.48
0.49
0.45
0.47
2.78
0.36
0.36
0.42
0.38
0.53
0.53
0.52
0.53
CorWatt	PkgWatt
17.59	130.87
0.55	130.86
0.44
0.44
0.44
0.49
0.50
0.48
0.51
0.40
0.42
0.39
0.38
0.54
0.51
0.50
0.52
0.45
0.58
0.46
0.47
0.42
0.39
0.41
3.27
0.36
0.37
0.39
0.37
0.54
0.52
0.50
0.58
CorWatt	PkgWatt
17.57	130.69
0.52	130.69
0.45
0.46
0.46
0.51
0.51
0.51
0.54
0.41
0.43
0.37
0.41
0.51
0.52
0.52
0.51
0.45
0.58
0.46
0.47
0.42
0.39
0.39
3.28
0.35
0.36
0.39
0.35
0.52
0.50
0.50
0.54
CorWatt	PkgWatt
17.60	130.77
0.55	130.77
0.46
0.44
0.44
0.50
0.50
0.48
0.52
0.42
0.44
0.38
0.39
0.52
0.53
0.53
0.53
0.45
0.58
0.46
0.47
0.43
0.39
0.41
3.27
0.35
0.35
0.39
0.35
0.52
0.51
0.50
0.53
CorWatt	PkgWatt
17.70	130.97
0.52	130.97
0.45
0.45
0.44
0.51
0.51
0.49
0.52
0.42
0.44
0.42
0.40
0.53
0.53
0.53
0.53
0.47
0.57
0.47
0.48
0.43
0.41
0.40
3.27
0.35
0.36
0.39
0.35
0.53
0.50
0.51
0.51
CorWatt	PkgWatt
17.49	130.66
0.55	130.66
0.45
0.44
0.45
0.50
0.51
0.48
0.52
0.40
0.43
0.39
0.39
0.51
0.51
0.50
0.51
0.46
0.58
0.47
0.47
0.42
0.39
0.40
3.28
0.35
0.35
0.39
0.35
0.53
0.50
0.50
0.51
CorWatt	PkgWatt
17.60	130.77
0.54	130.77
0.45
0.46
0.46
0.49
0.50
0.49
0.54
0.40
0.43
0.38
0.38
0.54
0.56
0.50
0.53
0.45
0.58
0.47
0.47
0.43
0.40
0.40
3.28
0.35
0.36
0.39
0.35
0.51
0.50
0.50
0.50
CorWatt	PkgWatt
17.69	130.80
0.55	130.80
0.44
0.45
0.45
0.49
0.50
0.48
0.52
0.40
0.46
0.40
0.40
0.52
0.53
0.50
0.51
0.45
0.58
0.47
0.47
0.41
0.40
0.44
3.28
0.35
0.35
0.39
0.36
0.51
0.50
0.50
0.59
CorWatt	PkgWatt
17.68	130.90
0.54	130.90
0.46
0.47
0.46
0.50
0.50
0.49
0.53
0.41
0.43
0.38
0.39
0.51
0.53
0.50
0.52
0.46
0.56
0.49
0.50
0.43
0.40
0.41
3.28
0.36
0.37
0.39
0.35
0.52
0.51
0.51
0.53
CorWatt	PkgWatt
17.59	130.68
0.55	130.68
0.44
0.46
0.45
0.49
0.50
0.49
0.52
0.41
0.43
0.40
0.40
0.50
0.52
0.50
0.52
0.46
0.57
0.49
0.47
0.43
0.40
0.43
3.28
0.35
0.36
0.40
0.35
0.51
0.50
0.50
0.50
CorWatt	PkgWatt
17.59	130.66
0.54	130.66
0.44
0.44
0.44
0.49
0.50
0.48
0.53
0.40
0.43
0.42
0.38
0.51
0.52
0.49
0.52
0.45
0.57
0.48
0.47
0.42
0.40
0.41
3.28
0.38
0.38
0.39
0.38
0.53
0.50
0.50
0.51
CorWatt	PkgWatt
17.71	130.80
0.55	130.81
0.45
0.44
0.46
0.50
0.50
0.50
0.54
0.40
0.43
0.39
0.38
0.50
0.51
0.49
0.52
0.45
0.56
0.48
0.47
0.42
0.39
0.42
3.28
0.38
0.38
0.38
0.35
0.56
0.53
0.55
0.51
CorWatt	PkgWatt
18.65	131.19
0.58	131.20
0.53
0.53
0.52
0.56
0.56
0.55
0.59
0.48
0.49
0.44
0.46
0.60
0.58
0.57
0.59
0.53
0.62
0.57
0.53
0.50
0.47
0.51
1.27
0.43
0.42
0.43
0.92
0.66
0.64
0.64
0.87
CorWatt	PkgWatt
17.03	129.10
0.52	129.09
0.45
0.47
0.45
0.51
0.51
0.48
0.54
0.40
0.43
0.39
0.39
0.51
0.52
0.51
0.52
0.47
0.50
0.52
0.49
0.40
0.40
0.41
0.41
0.36
0.38
0.39
0.50
1.15
0.87
0.86
1.34
CorWatt	PkgWatt
16.85	128.95
0.51	128.95
0.45
0.47
0.47
0.50
0.50
0.49
0.54
0.42
0.44
0.37
0.39
0.50
0.52
0.50
0.52
0.45
0.46
0.51
0.47
0.40
0.38
0.40
0.40
0.36
0.37
0.38
0.47
1.06
0.86
0.86
1.42
CorWatt	PkgWatt
16.91	129.25
0.52	129.25
0.44
0.46
0.44
0.51
0.51
0.49
0.52
0.40
0.43
0.38
0.40
0.50
0.51
0.50
0.51
0.45
0.47
0.50
0.47
0.39
0.40
0.41
0.41
0.37
0.38
0.39
0.49
1.52
0.87
0.86
1.00
CorWatt	PkgWatt
16.93	128.98
0.53	128.97
0.46
0.46
0.46
0.54
0.50
0.50
0.50
0.41
0.45
0.38
0.39
0.51
0.52
0.50
0.53
0.46
0.46
0.49
0.47
0.40
0.39
0.40
0.41
0.36
0.37
0.39
0.47
0.92
0.87
0.87
1.54
CorWatt	PkgWatt
16.77	128.92
0.52	128.93
0.44
0.44
0.44
0.54
0.50
0.48
0.48
0.41
0.45
0.40
0.40
0.50
0.51
0.50
0.54
0.45
0.46
0.51
0.46
0.39
0.40
0.41
0.39
0.35
0.36
0.37
0.47
0.99
0.86
0.86
1.48
CorWatt	PkgWatt
17.10	129.22
0.52	129.22
0.44
0.44
0.44
0.56
0.49
0.52
0.51
0.40
0.44
0.37
0.39
0.52
0.52
0.51
0.52
0.45
0.47
0.50
0.47
0.40
0.40
0.41
0.40
0.35
0.37
0.37
0.47
1.01
0.90
0.90
1.62
CorWatt	PkgWatt
20.29	131.81
0.54	131.81
0.44
0.46
0.48
0.54
0.50
0.49
0.51
0.42
0.44
0.40
0.39
0.51
0.53
0.53
0.53
0.47
0.48
0.50
0.49
0.43
0.41
0.42
0.44
0.37
0.37
0.40
0.47
1.56
1.37
1.37
3.02
CorWatt	PkgWatt
20.14	131.82
0.51	131.82
0.45
0.45
0.44
0.50
0.51
0.49
0.54
0.41
0.44
0.44
0.40
0.51
0.53
0.51
0.53
0.47
0.48
0.52
0.47
0.40
0.39
0.41
0.40
0.38
0.37
0.40
0.47
1.56
1.37
1.37
3.00
CorWatt	PkgWatt
19.99	131.69
0.51	131.69
0.45
0.44
0.44
0.49
0.50
0.51
0.53
0.40
0.43
0.38
0.39
0.50
0.51
0.50
0.52
0.45
0.47
0.50
0.47
0.41
0.40
0.41
0.39
0.37
0.38
0.42
0.49
1.40
1.37
1.38
3.17
CorWatt	PkgWatt
19.90	131.75
0.51	131.75
0.45
0.44
0.44
0.51
0.49
0.51
0.54
0.40
0.43
0.38
0.39
0.50
0.52
0.50
0.52
0.45
0.47
0.48
0.47
0.40
0.38
0.40
0.39
0.36
0.37
0.40
0.48
1.39
1.37
1.37
3.20
CorWatt	PkgWatt
20.14	131.99
0.52	132.00
0.45
0.44
0.44
0.49
0.50
0.49
0.52
0.41
0.44
0.38
0.40
0.51
0.52
0.51
0.52
0.45
0.50
0.50
0.48
0.39
0.38
0.41
0.41
0.39
0.37
0.41
0.49
3.26
1.39
1.39
1.39
CorWatt	PkgWatt
20.28	132.09
0.51	132.09
0.46
0.45
0.44
0.50
0.50
0.49
0.52
0.42
0.44
0.39
0.41
0.52
0.54
0.54
0.54
0.47
0.47
0.49
0.47
0.40
0.40
0.43
0.40
0.38
0.39
0.41
0.48
3.24
1.39
1.40
1.39
CorWatt	PkgWatt
20.08	131.97
0.52	131.97
0.46
0.46
0.44
0.49
0.51
0.48
0.53
0.41
0.44
0.40
0.39
0.51
0.52
0.51
0.53
0.45
0.47
0.49
0.47
0.39
0.38
0.41
0.39
0.38
0.37
0.40
0.48
3.24
1.39
1.39
1.38
CorWatt	PkgWatt
19.95	131.66
0.51	131.67
0.46
0.45
0.44
0.49
0.49
0.49
0.52
0.41
0.43
0.38
0.39
0.50
0.53
0.50
0.52
0.47
0.48
0.50
0.47
0.40
0.38
0.41
0.40
0.38
0.37
0.39
0.47
1.39
1.37
1.38
3.18
CorWatt	PkgWatt
19.96	131.81
0.52	131.81
0.47
0.46
0.43
0.50
0.51
0.49
0.48
0.41
0.44
0.40
0.40
0.51
0.52
0.50
0.52
0.45
0.48
0.50
0.49
0.39
0.38
0.42
0.40
0.37
0.37
0.39
0.46
1.77
1.37
1.38
2.81
CorWatt	PkgWatt
20.08	131.95
0.51	131.95
0.49
0.45
0.44
0.49
0.50
0.49
0.49
0.41
0.43
0.38
0.40
0.51
0.53
0.52
0.52
0.46
0.47
0.50
0.47
0.41
0.39
0.40
0.40
0.40
0.39
0.39
0.48
1.59
1.37
1.38
3.01
CorWatt	PkgWatt
19.21	131.11
0.53	131.11
0.47
0.45
0.44
0.50
0.50
0.49
0.48
0.40
0.44
0.40
0.40
0.50
0.52
0.52
0.53
0.45
0.46
0.50
0.49
0.39
0.38
0.41
0.40
0.37
0.39
0.42
0.48
1.69
1.23
1.23
2.33
CorWatt	PkgWatt
20.01	135.09
0.62	135.11
3.05
0.57
0.55
0.57
0.55
0.56
1.10
0.49
0.48
0.49
0.44
0.56
0.58
0.58
0.59
0.50
0.53
0.52
0.51
0.47
0.44
0.46
0.47
0.45
0.42
0.48
0.50
0.60
0.64
0.59
0.64
CorWatt	PkgWatt
19.96	138.74
0.54	138.72
5.73
0.48
0.44
0.51
0.49
0.49
0.58
0.41
0.43
0.38
0.39
0.51
0.51
0.50
0.51
0.44
0.48
0.45
0.45
0.38
0.38
0.38
0.39
0.38
0.38
0.41
0.36
0.53
0.55
0.50
0.57
CorWatt	PkgWatt
20.11	138.56
0.53	138.61
5.72
0.50
0.47
0.54
0.50
0.51
0.60
0.42
0.44
0.39
0.40
0.51
0.52
0.53
0.52
0.45
0.48
0.46
0.46
0.39
0.38
0.38
0.38
0.36
0.37
0.40
0.35
0.53
0.53
0.51
0.57
CorWatt	PkgWatt
20.02	138.95
0.55	138.91
5.74
0.48
0.50
0.50
0.49
0.48
0.58
0.41
0.44
0.39
0.40
0.52
0.53
0.52
0.53
0.44
0.48
0.45
0.45
0.40
0.38
0.39
0.39
0.37
0.37
0.39
0.35
0.52
0.52
0.50
0.54
CorWatt	PkgWatt
19.88	138.59
0.53	138.59
5.72
0.48
0.48
0.50
0.49
0.48
0.59
0.41
0.45
0.40
0.41
0.51
0.54
0.52
0.52
0.44
0.48
0.45
0.45
0.38
0.38
0.38
0.38
0.36
0.36
0.40
0.35
0.51
0.50
0.50
0.54
CorWatt	PkgWatt
19.85	138.53
0.55	138.53
5.73
0.49
0.49
0.49
0.50
0.48
0.59
0.40
0.43
0.39
0.39
0.50
0.52
0.51
0.52
0.44
0.48
0.45
0.45
0.38
0.38
0.38
0.38
0.37
0.36
0.40
0.35
0.52
0.50
0.50
0.52
CorWatt	PkgWatt
20.17	138.97
0.55	138.96
5.73
0.51
0.51
0.50
0.50
0.50
0.58
0.40
0.44
0.38
0.40
0.54
0.56
0.52
0.54
0.45
0.49
0.46
0.46
0.39
0.38
0.38
0.39
0.37
0.37
0.40
0.35
0.52
0.56
0.51
0.52
CorWatt	PkgWatt
19.90	138.60
0.55	138.60
5.73
0.49
0.49
0.49
0.50
0.48
0.59
0.40
0.45
0.40
0.40
0.52
0.52
0.50
0.51
0.44
0.49
0.46
0.46
0.38
0.38
0.38
0.38
0.36
0.36
0.39
0.36
0.51
0.50
0.50
0.53
CorWatt	PkgWatt
19.94	138.64
0.54	138.64
5.73
0.50
0.49
0.50
0.50
0.49
0.59
0.41
0.43
0.38
0.39
0.50
0.53
0.50
0.52
0.44
0.48
0.45
0.48
0.40
0.39
0.38
0.39
0.36
0.37
0.39
0.35
0.52
0.51
0.50
0.52
CorWatt	PkgWatt
19.96	138.75
0.55	138.75
5.73
0.48
0.48
0.50
0.50
0.48
0.58
0.41
0.43
0.40
0.40
0.50
0.52
0.51
0.52
0.44
0.49
0.45
0.45
0.40
0.39
0.41
0.39
0.36
0.36
0.40
0.35
0.51
0.56
0.50
0.51
CorWatt	PkgWatt
20.34	139.06
0.56	139.06
5.72
0.49
0.50
0.52
0.51
0.50
0.58
0.41
0.43
0.45
0.40
0.52
0.53
0.52
0.53
0.46
0.50
0.46
0.47
0.41
0.39
0.40
0.39
0.40
0.39
0.38
0.36
0.55
0.54
0.52
0.54
CorWatt	PkgWatt
20.01	138.76
0.55	138.76
5.72
0.48
0.51
0.60
0.50
0.51
0.49
0.41
0.43
0.39
0.39
0.51
0.51
0.50
0.52
0.44
0.48
0.45
0.45
0.38
0.38
0.39
0.38
0.39
0.39
0.40
0.35
0.53
0.52
0.54
0.52
CorWatt	PkgWatt
20.01	138.78
0.55	138.78
5.72
0.49
0.50
0.59
0.53
0.49
0.49
0.41
0.43
0.38
0.39
0.51
0.52
0.50
0.52
0.44
0.48
0.45
0.45
0.40
0.40
0.41
0.38
0.36
0.37
0.37
0.37
0.54
0.55
0.51
0.53
CorWatt	PkgWatt
20.00	138.88
0.56	138.88
5.73
0.50
0.49
0.59
0.50
0.48
0.48
0.40
0.43
0.39
0.39
0.51
0.51
0.50
0.52
0.46
0.50
0.46
0.47
0.38
0.38
0.40
0.39
0.38
0.37
0.37
0.36
0.52
0.52
0.52
0.53
CorWatt	PkgWatt
20.17	138.86
0.57	138.86
5.73
0.55
0.47
0.60
0.51
0.50
0.52
0.41
0.44
0.38
0.40
0.53
0.53
0.51
0.52
0.44
0.49
0.45
0.46
0.39
0.39
0.40
0.39
0.37
0.37
0.37
0.38
0.53
0.51
0.51
0.52
CorWatt	PkgWatt
20.04	138.82
0.55	138.82
5.73
0.53
0.46
0.60
0.50
0.49
0.49
0.40
0.43
0.39
0.39
0.51
0.51
0.50
0.51
0.44
0.49
0.45
0.45
0.38
0.38
0.40
0.39
0.38
0.38
0.39
0.36
0.54
0.56
0.52
0.52
CorWatt	PkgWatt
20.01	138.96
0.55	138.95
5.74
0.53
0.48
0.60
0.50
0.49
0.48
0.40
0.43
0.38
0.40
0.51
0.52
0.50
0.52
0.44
0.49
0.45
0.45
0.39
0.38
0.40
0.38
0.37
0.37
0.38
0.39
0.54
0.52
0.51
0.52
CorWatt	PkgWatt
19.46	134.41
0.75	134.43
2.69
0.56
0.49
0.66
0.65
0.56
0.58
0.47
0.51
0.44
0.46
0.56
0.54
0.57
0.58
0.50
0.57
0.51
0.55
0.45
0.46
0.46
0.77
0.43
0.43
0.43
0.44
0.61
0.63
0.59
0.57
CorWatt	PkgWatt
18.09	131.11
0.62	131.10
0.47
0.51
0.46
0.57
3.31
0.59
0.58
0.43
0.44
0.38
0.40
0.52
0.53
0.53
0.53
0.46
0.52
0.48
0.48
0.41
0.42
0.43
0.40
0.37
0.39
0.38
0.36
0.53
0.53
0.53
0.54
CorWatt	PkgWatt
17.72	130.98
0.62	130.98
0.45
0.51
0.48
0.53
3.24
0.52
0.53
0.41
0.43
0.40
0.38
0.51
0.52
0.52
0.52
0.47
0.53
0.46
0.47
0.43
0.41
0.43
0.42
0.36
0.37
0.39
0.35
0.54
0.50
0.51
0.51
CorWatt	PkgWatt
17.79	130.91
0.60	130.91
0.45
0.49
0.48
0.53
3.23
0.53
0.52
0.42
0.43
0.44
0.39
0.53
0.53
0.50
0.52
0.46
0.51
0.47
0.48
0.41
0.40
0.42
0.40
0.39
0.38
0.39
0.36
0.53
0.53
0.52
0.53
CorWatt	PkgWatt
17.65	130.70
0.60	130.70
0.45
0.46
0.48
0.53
3.23
0.54
0.52
0.40
0.43
0.39
0.38
0.51
0.52
0.51
0.52
0.45
0.49
0.48
0.47
0.41
0.41
0.43
0.39
0.37
0.38
0.42
0.38
0.54
0.54
0.51
0.52
CorWatt	PkgWatt
17.75	131.03
0.59	131.03
0.45
0.46
0.49
0.56
3.23
0.55
0.52
0.44
0.45
0.39
0.39
0.53
0.52
0.50
0.52
0.47
0.51
0.47
0.48
0.41
0.40
0.42
0.40
0.37
0.38
0.39
0.36
0.53
0.51
0.52
0.54
CorWatt	PkgWatt
17.54	130.52
0.60	130.52
0.45
0.46
0.49
0.53
3.23
0.52
0.51
0.40
0.43
0.39
0.38
0.51
0.51
0.50
0.52
0.46
0.53
0.46
0.49
0.39
0.39
0.43
0.39
0.37
0.37
0.39
0.36
0.53
0.50
0.53
0.52
CorWatt	PkgWatt
17.63	130.59
0.59	130.59
0.45
0.46
0.48
0.53
1.27
2.55
0.51
0.44
0.43
0.38
0.39
0.51
0.52
0.52
0.52
0.47
0.49
0.46
0.47
0.40
0.42
0.42
0.40
0.36
0.37
0.39
0.35
0.53
0.51
0.51
0.52
CorWatt	PkgWatt
17.55	130.62
0.61	130.62
0.46
0.48
0.49
0.53
0.60
3.21
0.51
0.41
0.43
0.39
0.38
0.51
0.51
0.50
0.52
0.45
0.50
0.46
0.47
0.39
0.40
0.42
0.39
0.37
0.36
0.38
0.35
0.53
0.50
0.51
0.53
CorWatt	PkgWatt
17.75	130.88
0.59	130.88
0.45
0.46
0.49
0.54
2.21
1.60
0.54
0.41
0.43
0.38
0.39
0.51
0.52
0.50
0.52
0.49
0.51
0.47
0.48
0.40
0.40
0.42
0.40
0.39
0.38
0.39
0.36
0.54
0.53
0.52
0.52
CorWatt	PkgWatt
17.50	130.54
0.59	130.54
0.45
0.47
0.48
0.53
3.23
0.54
0.51
0.42
0.43
0.39
0.39
0.51
0.51
0.50
0.52
0.46
0.51
0.46
0.49
0.39
0.39
0.42
0.39
0.36
0.36
0.38
0.35
0.55
0.50
0.51
0.51
CorWatt	PkgWatt
17.52	130.54
0.58	130.54
0.44
0.46
0.48
0.53
3.22
0.53
0.51
0.41
0.43
0.38
0.39
0.50
0.52
0.52
0.52
0.45
0.49
0.46
0.47
0.40
0.39
0.42
0.39
0.38
0.39
0.39
0.37
0.54
0.50
0.51
0.52
CorWatt	PkgWatt
17.53	130.62
0.60	130.62
0.44
0.46
0.48
0.53
3.23
0.53
0.51
0.40
0.43
0.40
0.40
0.50
0.51
0.52
0.52
0.45
0.50
0.46
0.48
0.39
0.39
0.42
0.39
0.36
0.38
0.41
0.36
0.52
0.51
0.52
0.51
CorWatt	PkgWatt
17.96	131.06
0.63	131.06
0.45
0.49
0.51
0.54
3.23
0.56
0.52
0.43
0.43
0.44
0.39
0.51
0.52
0.50
0.53
0.47
0.50
0.47
0.48
0.42
0.40
0.42
0.42
0.38
0.38
0.42
0.38
0.53
0.56
0.53
0.56
CorWatt	PkgWatt
17.50	130.50
0.60	130.50
0.44
0.47
0.48
0.52
3.23
0.52
0.51
0.42
0.43
0.38
0.39
0.52
0.51
0.50
0.52
0.45
0.50
0.46
0.47
0.39
0.39
0.41
0.39
0.38
0.37
0.40
0.36
0.53
0.52
0.51
0.53
CorWatt	PkgWatt
17.62	130.58
0.55	130.58
0.57
0.47
0.49
0.56
3.23
0.54
0.54
0.42
0.43
0.39
0.39
0.51
0.52
0.53
0.51
0.45
0.49
0.46
0.47
0.40
0.39
0.39
0.39
0.36
0.36
0.39
0.35
0.52
0.52
0.50
0.52
CorWatt	PkgWatt
17.56	130.53
0.55	130.53
0.58
0.46
0.45
0.53
3.23
0.53
0.52
0.41
0.44
0.38
0.39
0.52
0.53
0.52
0.53
0.45
0.50
0.47
0.47
0.41
0.39
0.40
0.39
0.36
0.36
0.39
0.35
0.53
0.51
0.51
0.51
CorWatt	PkgWatt
17.57	130.56
0.55	130.56
0.58
0.47
0.45
0.53
3.15
0.53
0.52
0.41
0.45
0.40
0.39
0.51
0.52
0.52
0.53
0.46
0.50
0.46
0.48
0.41
0.40
0.39
0.40
0.36
0.37
0.39
0.36
0.52
0.51
0.51
0.52
CorWatt	PkgWatt
18.18	130.38
0.81	130.39
0.62
0.58
0.53
1.02
0.76
0.69
0.67
0.51
0.51
0.47
0.47
0.57
0.58
0.58
0.91
0.50
0.55
0.50
0.51
0.45
0.45
0.46
0.45
0.43
0.41
0.45
0.41
0.60
0.57
0.57
0.59
CorWatt	PkgWatt
16.67	128.96
0.61	128.95
0.51
0.50
0.47
1.05
1.12
0.77
0.76
0.43
0.45
0.38
0.40
0.56
0.57
0.53
0.54
0.45
0.49
0.47
0.47
0.40
0.40
0.39
0.40
0.36
0.37
0.39
0.35
0.52
0.54
0.51
0.52
CorWatt	PkgWatt
16.35	128.85
0.60	128.85
0.48
0.46
0.44
0.78
1.37
0.76
0.76
0.42
0.45
0.39
0.39
0.50
0.52
0.51
0.53
0.45
0.50
0.47
0.47
0.39
0.39
0.40
0.39
0.36
0.36
0.40
0.36
0.52
0.50
0.51
0.53
CorWatt	PkgWatt
16.51	128.78
0.59	128.78
0.50
0.49
0.47
0.77
1.38
0.77
0.76
0.42
0.43
0.38
0.40
0.51
0.53
0.50
0.52
0.46
0.51
0.47
0.49
0.41
0.40
0.40
0.40
0.36
0.37
0.40
0.35
0.52
0.51
0.51
0.53
CorWatt	PkgWatt
16.32	128.64
0.60	128.64
0.48
0.46
0.44
0.76
1.39
0.76
0.76
0.41
0.44
0.40
0.40
0.50
0.51
0.52
0.52
0.45
0.51
0.47
0.47
0.41
0.39
0.41
0.39
0.35
0.35
0.40
0.35
0.51
0.50
0.50
0.50
CorWatt	PkgWatt
17.15	129.48
0.61	129.48
0.48
0.47
0.45
0.98
1.39
1.04
0.84
0.42
0.44
0.45
0.39
0.51
0.52
0.51
0.52
0.46
0.51
0.47
0.48
0.41
0.40
0.40
0.40
0.38
0.37
0.38
0.36
0.55
0.52
0.51
0.53
CorWatt	PkgWatt
19.60	131.52
0.60	131.52
0.50
0.47
0.46
1.17
1.19
3.20
1.17
0.41
0.43
0.39
0.38
0.50
0.51
0.51
0.52
0.45
0.49
0.46
0.47
0.39
0.40
0.42
0.39
0.41
0.38
0.42
0.35
0.53
0.52
0.54
0.54
CorWatt	PkgWatt
19.72	131.64
0.60	131.64
0.50
0.48
0.46
1.22
1.41
3.02
1.22
0.40
0.43
0.39
0.40
0.51
0.53
0.51
0.52
0.46
0.50
0.47
0.47
0.42
0.42
0.42
0.40
0.37
0.37
0.39
0.36
0.52
0.52
0.51
0.51
CorWatt	PkgWatt
19.63	131.66
0.62	131.66
0.50
0.50
0.44
1.23
3.18
1.24
1.22
0.41
0.43
0.40
0.40
0.51
0.51
0.51
0.51
0.47
0.50
0.46
0.48
0.39
0.40
0.42
0.39
0.36
0.36
0.38
0.36
0.52
0.51
0.50
0.50
CorWatt	PkgWatt
19.60	131.80
0.62	131.80
0.49
0.51
0.45
1.23
3.19
1.24
1.23
0.40
0.44
0.38
0.39
0.50
0.52
0.50
0.52
0.45
0.50
0.46
0.47
0.40
0.39
0.42
0.41
0.35
0.36
0.37
0.35
0.53
0.50
0.50
0.51
CorWatt	PkgWatt
19.57	131.57
0.60	131.57
0.50
0.47
0.44
1.22
1.25
3.17
1.22
0.40
0.43
0.39
0.39
0.50
0.51
0.50
0.51
0.45
0.50
0.46
0.47
0.39
0.39
0.42
0.40
0.37
0.37
0.39
0.37
0.53
0.53
0.51
0.52
CorWatt	PkgWatt
19.58	131.56
0.60	131.56
0.51
0.50
0.47
1.18
1.21
3.18
1.18
0.41
0.43
0.38
0.40
0.50
0.52
0.50
0.53
0.46
0.50
0.47
0.47
0.40
0.40
0.41
0.40
0.36
0.37
0.38
0.36
0.53
0.53
0.51
0.52
CorWatt	PkgWatt
19.54	131.53
0.59	131.53
0.50
0.47
0.44
1.23
2.31
2.12
1.22
0.42
0.46
0.40
0.40
0.50
0.51
0.50
0.52
0.45
0.50
0.46
0.47
0.39
0.42
0.41
0.39
0.35
0.36
0.37
0.35
0.51
0.50
0.50
0.50
CorWatt	PkgWatt
19.62	131.63
0.60	131.63
0.49
0.48
0.45
1.24
3.18
1.24
1.23
0.42
0.43
0.38
0.38
0.52
0.52
0.52
0.52
0.45
0.49
0.47
0.47
0.41
0.41
0.43
0.39
0.35
0.38
0.37
0.35
0.52
0.52
0.50
0.51
CorWatt	PkgWatt
19.64	131.74
0.62	131.74
0.44
0.48
0.48
1.23
3.18
1.24
1.23
0.41
0.44
0.40
0.38
0.50
0.52
0.52
0.53
0.47
0.51
0.46
0.47
0.42
0.41
0.42
0.42
0.35
0.36
0.40
0.35
0.51
0.50
0.50
0.50
CorWatt	PkgWatt
20.38	132.28
0.62	132.29
0.48
0.53
0.48
1.22
3.18
1.23
1.22
0.46
0.47
0.46
0.39
0.53
0.56
0.54
0.55
0.49
0.54
0.49
0.50
0.40
0.43
0.42
0.41
0.41
0.40
0.42
0.36
0.56
0.54
0.54
0.55
CorWatt	PkgWatt
19.71	131.80
0.60	131.80
0.45
0.53
0.45
1.20
1.35
3.07
1.19
0.41
0.43
0.40
0.39
0.50
0.51
0.50
0.52
0.45
0.49
0.49
0.47
0.41
0.42
0.44
0.39
0.37
0.38
0.42
0.38
0.54
0.53
0.51
0.51
CorWatt	PkgWatt
19.63	131.38
0.67	131.40
0.52
0.65
0.55
0.93
0.97
2.02
0.92
0.49
0.52
0.48
0.49
0.53
0.60
0.60
0.56
0.49
0.61
0.51
0.55
0.46
0.48
0.49
0.45
0.48
0.43
0.45
0.42
0.58
0.57
0.57
0.59
