CorWatt	PkgWatt
4.45	153.86
0.09	77.26
0.08
0.08
0.08
0.08
0.08
0.08
0.08
0.07
0.07
0.09
0.08
0.07
0.07
0.07
0.07
0.08
0.08
0.08
0.08
0.09
0.09
0.08
0.08
0.08
0.08
0.08
0.08
0.07
0.07
0.07
0.07
0.06	76.63
0.07
0.07
0.07
0.07
0.06
0.06
0.06
0.06
0.06
0.06
0.06
0.07
0.06
0.06
0.06
0.06
0.06
0.06
0.06
0.07
0.07
0.07
0.07
0.06
0.06
0.06
0.06
0.07
0.06
0.06
0.06
CorWatt	PkgWatt
4.62	151.72
0.09	76.21
0.09
0.08
0.09
0.08
0.08
0.08
0.08
0.07
0.07
0.07
0.08
0.07
0.07
0.07
0.07
0.08
0.08
0.08
0.08
0.09
0.09
0.08
0.08
0.08
0.08
0.08
0.08
0.07
0.07
0.07
0.07
0.07	75.85
0.07
0.10
0.07
0.07
0.06
0.06
0.06
0.06
0.06
0.06
0.06
0.06
0.06
0.06
0.06
0.07
0.06
0.06
0.07
0.12
0.07
0.07
0.07
0.06
0.07
0.06
0.06
0.07
0.06
0.06
0.06
