CorWatt	PkgWatt
15.46	127.65
0.51	127.66
0.46
0.48
0.45
0.55
0.52
0.56
0.54
0.48
0.46
0.41
0.47
0.53
0.51
0.51
0.53
0.53
0.48
0.46
0.49
0.46
0.42
0.48
0.46
0.36
0.50
0.37
0.38
0.53
0.53
0.52
0.51
CorWatt	PkgWatt
15.36	127.45
0.49	127.54
0.43
0.47
0.45
0.50
0.51
0.53
0.52
0.50
0.46
0.41
0.45
0.50
0.52
0.50
0.51
0.48
0.50
0.51
0.48
0.47
0.45
0.47
0.55
0.37
0.40
0.39
0.39
0.55
0.58
0.52
0.51
CorWatt	PkgWatt
20.87	132.19
0.72	132.14
0.58
0.57
0.55
0.75
0.65
0.70
0.65
0.73
0.68
0.66
0.67
0.69
0.73
0.74
0.72
0.62
0.64
0.70
0.67
0.60
0.61
0.54
0.59
0.53
0.65
0.55
0.57
0.70
0.76
0.66
0.67
CorWatt	PkgWatt
15.56	127.72
0.49	127.70
0.44
0.47
0.49
0.52
0.49
0.56
0.49
0.55
0.50
0.47
0.45
0.59
0.55
0.56
0.62
0.47
0.50
0.48
0.50
0.44
0.41
0.38
0.42
0.35
0.37
0.41
0.39
0.61
0.52
0.54
0.54
CorWatt	PkgWatt
16.11	127.97
0.52	127.96
0.48
0.48
0.51
0.59
0.50
0.55
0.57
0.55
0.56
0.50
0.47
0.57
0.58
0.58
0.55
0.50
0.51
0.54
0.53
0.41
0.42
0.39
0.46
0.37
0.40
0.43
0.41
0.58
0.56
0.51
0.53
CorWatt	PkgWatt
17.20	129.08
0.56	129.11
0.51
0.55
0.61
0.63
0.59
0.57
0.61
0.57
0.52
0.45
0.54
0.64
0.57
0.58
0.58
0.56
0.55
0.56
0.53
0.49
0.44
0.43
0.50
0.44
0.41
0.42
0.43
0.61
0.58
0.59
0.58
CorWatt	PkgWatt
15.78	128.01
0.55	127.98
0.51
0.50
0.48
0.62
0.54
0.54
0.56
0.48
0.48
0.48
0.49
0.60
0.53
0.56
0.52
0.47
0.50
0.48
0.48
0.43
0.40
0.40
0.46
0.40
0.38
0.38
0.38
0.55
0.55
0.54
0.55
CorWatt	PkgWatt
15.54	127.77
0.52	127.77
0.47
0.49
0.48
0.51
0.51
0.49
0.58
0.51
0.48
0.43
0.54
0.55
0.54
0.56
0.57
0.47
0.51
0.52
0.50
0.42
0.43
0.39
0.44
0.36
0.37
0.39
0.42
0.55
0.50
0.51
0.52
CorWatt	PkgWatt
15.41	127.95
0.51	127.94
0.43
0.45
0.49
0.51
0.50
0.48
0.58
0.48
0.45
0.42
0.40
0.52
0.56
0.53
0.54
0.55
0.52
0.50
0.46
0.43
0.45
0.44
0.46
0.45
0.40
0.39
0.42
0.54
0.51
0.51
0.52
CorWatt	PkgWatt
15.44	127.75
0.51	127.76
0.46
0.49
0.50
0.48
0.54
0.53
0.59
0.47
0.47
0.40
0.42
0.50
0.55
0.50
0.54
0.46
0.50
0.46
0.46
0.42
0.40
0.38
0.44
0.37
0.50
0.41
0.43
0.57
0.57
0.58
0.56
CorWatt	PkgWatt
15.58	128.03
0.52	128.03
0.45
0.45
0.49
0.49
0.51
0.50
0.59
0.47
0.46
0.42
0.42
0.55
0.55
0.54
0.52
0.47
0.50
0.49
0.49
0.39
0.42
0.41
0.46
0.40
0.40
0.42
0.47
0.63
0.55
0.55
0.61
CorWatt	PkgWatt
15.46	127.79
0.54	127.79
0.48
0.49
0.51
0.53
0.50
0.48
0.61
0.46
0.47
0.44
0.43
0.50
0.53
0.52
0.53
0.55
0.50
0.52
0.46
0.45
0.43
0.42
0.46
0.38
0.40
0.39
0.42
0.52
0.52
0.50
0.53
CorWatt	PkgWatt
18.75	130.81
0.60	130.82
0.65
0.58
0.57
0.77
0.68
0.67
0.72
0.65
0.62
0.66
0.59
0.55
0.55
0.57
0.67
0.58
0.55
0.61
0.51
0.56
0.49
0.43
0.53
0.48
0.46
0.47
0.53
0.66
0.59
0.57
0.62
