CorWatt	PkgWatt
5.05	152.49
0.09	76.27
0.09
0.09
0.10
0.08
0.08
0.08
0.08
0.07
0.07
0.07
0.07
0.08
0.07
0.07
0.15
0.08
0.08
0.08
0.08
0.09
0.08
0.08
0.08
0.08
0.08
0.08
0.08
0.07
0.07
0.07
0.07
0.08	76.25
0.08
0.08
0.08
0.08
0.08
0.08
0.08
0.08
0.08
0.07
0.07
0.07
0.07
0.07
0.07
0.08
0.07
0.07
0.07
0.08
0.08
0.08
0.08
0.09
0.08
0.08
0.08
0.07
0.07
0.07
0.07
CorWatt	PkgWatt
5.08	152.48
0.08	75.97
0.08
0.08
0.08
0.08
0.08
0.08
0.07
0.07
0.14
0.06
0.07
0.07
0.06
0.06
0.06
0.08
0.08
0.08
0.08
0.09
0.08
0.08
0.08
0.07
0.07
0.07
0.07
0.07
0.07
0.07
0.06
0.08	76.79
0.08
0.09
0.09
0.09
0.09
0.08
0.12
0.08
0.09
0.08
0.08
0.08
0.07
0.08
0.07
0.08
0.08
0.08
0.08
0.09
0.09
0.09
0.12
0.11
0.08
0.09
0.08
0.08
0.08
0.07
0.07
CorWatt	PkgWatt
14.62	181.11
0.20	87.55
0.16
0.13
0.15
0.17
0.14
0.12
0.16
0.13
0.15
0.13
0.15
0.13
0.13
0.12
0.13
0.14
0.12
0.13
0.14
0.15
0.16
0.23
0.18
0.18
0.12
0.11
0.11
0.22
0.24
0.21
0.25
0.27	93.35
0.19
0.24
0.31
0.21
0.29
0.22
0.23
0.21
0.21
0.29
0.20
0.16
0.22
0.28
0.20
2.19
0.21
0.23
0.27
0.26
0.19
0.20
0.24
0.27
0.26
0.29
0.26
0.30
0.30
0.18
0.21
