CorWatt	PkgWatt
15.95	129.67
0.54	129.68
0.51
0.50
0.47
0.55
0.54
0.57
0.56
0.48
0.46
0.41
0.42
0.69
0.57
0.56
0.57
0.50
0.50
0.51
0.52
0.44
0.42
0.40
0.46
0.39
0.41
0.42
0.37
0.56
0.54
0.58
0.55
CorWatt	PkgWatt
15.45	128.32
0.56	128.95
0.51
0.48
0.47
0.53
0.54
0.54
0.57
0.48
0.46
0.39
0.41
0.56
0.57
0.53
0.56
0.50
0.49
0.48
0.55
0.41
0.40
0.40
0.43
0.37
0.38
0.39
0.36
0.56
0.52
0.55
0.53
CorWatt	PkgWatt
70.50	167.80
0.94	189.35
2.26
2.30
2.31
2.40
2.39
2.41
2.35
2.29
2.28
2.27
2.24
2.43
2.44
2.44
2.47
2.37
2.39
2.18
2.22
2.36
2.34
2.12
2.09
2.34
2.32
2.11
3.81
2.59
2.65
2.39
2.37
