CorWatt	PkgWatt
15.26	127.74
0.52	127.77
0.48
0.54
0.48
0.52
0.50
0.58
0.52
0.42
0.55
0.42
0.46
0.55
0.54
0.54
0.54
0.50
0.48
0.48
0.47
0.40
0.38
0.38
0.40
0.38
0.38
0.38
0.37
0.53
0.53
0.53
0.51
CorWatt	PkgWatt
15.69	127.49
0.55	128.02
0.53
0.51
0.55
0.51
0.51
0.58
0.53
0.45
0.55
0.42
0.43
0.53
0.54
0.52
0.56
0.49
0.52
0.49
0.51
0.42
0.41
0.41
0.42
0.40
0.40
0.40
0.38
0.54
0.53
0.55
0.58
CorWatt	PkgWatt
21.41	134.38
0.67	133.83
0.76
0.63
0.65
0.64
0.71
0.71
0.76
0.57
0.53
0.47
0.49
0.71
0.64
0.63
0.65
2.64
0.64
0.57
0.62
0.59
0.56
0.47
0.49
0.56
0.52
0.47
0.48
0.64
0.66
0.67
0.59
CorWatt	PkgWatt
16.66	128.93
0.51	128.90
0.51
0.47
0.46
0.56
0.53
0.56
0.50
0.42
0.45
0.41
0.39
0.51
0.54
0.54
0.52
0.58
0.49
0.47
0.50
1.13
0.65
0.62
0.63
0.41
0.36
0.39
0.36
0.57
0.58
0.54
0.52
CorWatt	PkgWatt
16.68	128.90
0.51	128.89
0.51
0.48
0.46
0.53
0.52
0.57
0.49
0.40
0.47
0.39
0.39
0.53
0.53
0.52
0.54
0.57
0.47
0.48
0.52
1.15
0.68
0.63
0.64
0.41
0.36
0.38
0.35
0.53
0.57
0.56
0.54
CorWatt	PkgWatt
17.51	129.45
0.56	129.48
0.52
0.51
0.46
0.52
0.52
0.57
0.54
0.49
0.50
0.44
0.44
0.56
0.59
0.57
0.59
0.56
0.52
0.47
0.50
0.67
1.20
0.62
0.63
0.45
0.41
0.43
0.41
0.57
0.57
0.57
0.55
CorWatt	PkgWatt
16.23	128.64
0.50	128.61
0.45
0.53
0.45
0.49
0.50
0.51
0.49
0.40
0.45
0.40
0.40
0.50
0.51
0.50
0.52
0.57
0.47
0.48
0.50
0.80
1.05
0.62
0.62
0.40
0.35
0.37
0.36
0.52
0.52
0.52
0.50
CorWatt	PkgWatt
16.81	129.05
0.50	129.05
0.49
0.54
0.44
0.49
0.52
0.51
0.50
0.42
0.47
0.41
0.42
0.55
0.56
0.51
0.53
0.58
0.52
0.52
0.50
1.43
0.61
0.59
0.60
0.38
0.35
0.41
0.35
0.54
0.51
0.53
0.53
CorWatt	PkgWatt
17.52	130.59
0.53	130.58
0.45
0.53
0.44
0.50
0.50
0.50
0.48
0.39
0.44
0.38
0.39
0.51
0.52
0.50
0.51
0.55
0.49
0.48
0.49
3.18
0.41
0.39
0.40
0.38
0.35
0.37
0.35
0.51
0.51
0.56
0.51
CorWatt	PkgWatt
17.54	130.85
0.53	130.85
0.44
0.51
0.44
0.50
0.52
0.51
0.49
0.40
0.44
0.38
0.40
0.50
0.52
0.50
0.52
0.56
0.47
0.47
0.50
3.19
0.42
0.39
0.40
0.40
0.36
0.38
0.35
0.52
0.51
0.52
0.50
CorWatt	PkgWatt
17.39	130.50
0.52	130.50
0.44
0.50
0.45
0.49
0.52
0.50
0.49
0.38
0.43
0.38
0.39
0.50
0.52
0.51
0.51
0.55
0.47
0.47
0.50
3.19
0.43
0.39
0.42
0.36
0.35
0.36
0.35
0.51
0.50
0.51
0.50
CorWatt	PkgWatt
17.69	130.82
0.51	130.82
0.45
0.52
0.48
0.50
0.51
0.52
0.50
0.40
0.47
0.39
0.39
0.50
0.51
0.49
0.52
0.56
0.47
0.47
0.49
3.19
0.41
0.39
0.40
0.39
0.37
0.37
0.38
0.55
0.52
0.54
0.51
CorWatt	PkgWatt
17.57	130.61
0.52	130.61
0.45
0.50
0.45
0.49
0.51
0.51
0.49
0.38
0.44
0.38
0.40
0.50
0.51
0.50
0.53
0.55
0.46
0.49
0.49
3.19
0.43
0.39
0.40
0.40
0.38
0.38
0.35
0.52
0.54
0.52
0.51
CorWatt	PkgWatt
17.68	130.88
0.51	130.88
0.45
0.53
0.44
0.50
0.53
0.51
0.49
0.40
0.44
0.38
0.39
0.50
0.52
0.51
0.53
0.57
0.49
0.48
0.52
3.18
0.44
0.39
0.42
0.37
0.36
0.39
0.36
0.53
0.52
0.55
0.50
CorWatt	PkgWatt
17.50	130.52
0.54	130.51
0.44
0.52
0.47
0.48
0.51
0.53
0.48
0.38
0.44
0.37
0.40
0.50
0.50
0.50
0.51
0.56
0.47
0.47
0.50
3.19
0.42
0.39
0.40
0.37
0.35
0.36
0.35
0.51
0.52
0.56
0.51
CorWatt	PkgWatt
17.46	130.55
0.54	130.55
0.44
0.51
0.45
0.49
0.54
0.51
0.50
0.40
0.45
0.37
0.38
0.50
0.51
0.49
0.51
0.57
0.46
0.46
0.50
3.19
0.43
0.40
0.42
0.36
0.35
0.37
0.35
0.52
0.51
0.51
0.49
CorWatt	PkgWatt
17.43	130.60
0.54	130.60
0.44
0.49
0.44
0.48
0.51
0.51
0.48
0.39
0.43
0.37
0.40
0.51
0.50
0.50
0.51
0.55
0.46
0.46
0.50
3.19
0.41
0.39
0.40
0.37
0.36
0.36
0.37
0.53
0.52
0.52
0.51
CorWatt	PkgWatt
17.60	130.57
0.53	130.57
0.44
0.52
0.46
0.50
0.52
0.51
0.49
0.39
0.44
0.38
0.39
0.50
0.51
0.50
0.51
0.55
0.49
0.47
0.49
3.19
0.42
0.39
0.40
0.37
0.37
0.38
0.36
0.54
0.51
0.57
0.51
CorWatt	PkgWatt
17.48	130.56
0.52	130.56
0.44
0.50
0.44
0.49
0.51
0.51
0.48
0.39
0.43
0.37
0.43
0.50
0.50
0.49
0.51
0.55
0.46
0.46
0.49
3.19
0.43
0.39
0.41
0.37
0.35
0.37
0.35
0.51
0.50
0.61
0.51
CorWatt	PkgWatt
17.50	130.62
0.53	130.62
0.44
0.50
0.46
0.52
0.53
0.55
0.52
0.39
0.43
0.37
0.39
0.50
0.51
0.49
0.51
0.56
0.46
0.46
0.50
3.16
0.41
0.41
0.40
0.37
0.35
0.37
0.35
0.52
0.50
0.57
0.49
CorWatt	PkgWatt
18.41	130.43
0.58	130.44
0.50
0.59
0.50
0.57
0.59
0.57
0.57
0.46
0.49
0.44
0.45
0.60
0.57
0.60
0.58
0.59
0.55
0.51
0.56
0.50
0.48
0.47
0.48
0.61
0.94
0.58
0.58
1.14
0.57
0.63
0.56
CorWatt	PkgWatt
17.12	129.03
0.51	129.03
0.47
0.48
0.49
0.49
0.53
0.50
0.51
0.42
0.49
0.39
0.40
0.51
0.52
0.51
0.53
0.47
0.49
0.48
0.50
0.40
0.39
0.39
0.40
0.73
1.40
0.75
0.71
0.65
0.52
0.59
0.52
CorWatt	PkgWatt
16.86	128.88
0.51	128.88
0.45
0.49
0.44
0.48
0.51
0.48
0.49
0.40
0.44
0.40
0.40
0.50
0.51
0.50
0.51
0.45
0.48
0.46
0.50
0.41
0.40
0.38
0.39
0.73
1.39
0.76
0.72
0.67
0.51
0.60
0.51
CorWatt	PkgWatt
16.86	128.95
0.49	128.94
0.45
0.50
0.43
0.50
0.53
0.50
0.49
0.41
0.44
0.38
0.40
0.52
0.53
0.51
0.53
0.46
0.47
0.46
0.48
0.39
0.38
0.38
0.38
0.73
1.21
0.94
0.72
0.64
0.51
0.59
0.51
CorWatt	PkgWatt
17.03	128.98
0.50	128.99
0.46
0.51
0.46
0.49
0.52
0.49
0.49
0.39
0.44
0.38
0.40
0.51
0.52
0.53
0.53
0.47
0.48
0.47
0.49
0.40
0.39
0.39
0.39
0.92
1.07
0.89
0.72
0.66
0.52
0.59
0.54
CorWatt	PkgWatt
16.95	128.95
0.50	128.94
0.46
0.49
0.44
0.49
0.53
0.49
0.49
0.40
0.44
0.38
0.39
0.52
0.54
0.52
0.53
0.47
0.47
0.47
0.49
0.39
0.40
0.39
0.39
1.06
0.72
1.09
0.71
0.64
0.53
0.59
0.51
CorWatt	PkgWatt
18.06	129.78
0.53	129.78
0.46
0.48
0.47
0.48
0.52
0.49
0.48
0.39
0.43
0.37
0.39
0.51
0.50
0.49
0.51
0.47
0.47
0.47
0.49
0.39
0.38
0.38
0.38
1.08
0.93
1.93
0.92
0.64
0.52
0.53
0.54
CorWatt	PkgWatt
19.83	131.58
0.51	131.58
0.44
0.45
0.47
0.50
0.51
0.50
0.51
0.40
0.43
0.37
0.40
0.50
0.51
0.51
0.51
0.46
0.49
0.48
0.50
0.40
0.38
0.38
0.38
2.99
1.21
1.22
1.21
0.63
0.51
0.54
0.50
CorWatt	PkgWatt
19.81	131.39
0.53	131.39
0.45
0.46
0.48
0.48
0.51
0.51
0.50
0.39
0.44
0.38
0.39
0.50
0.51
0.51
0.51
0.45
0.47
0.46
0.49
0.39
0.38
0.39
0.38
2.98
1.21
1.21
1.21
0.64
0.52
0.54
0.52
CorWatt	PkgWatt
19.85	131.45
0.50	131.45
0.44
0.46
0.48
0.49
0.54
0.51
0.50
0.40
0.44
0.38
0.40
0.51
0.53
0.50
0.52
0.46
0.48
0.47
0.49
0.39
0.38
0.38
0.39
2.98
1.21
1.21
1.21
0.64
0.52
0.53
0.51
CorWatt	PkgWatt
19.83	131.47
0.53	131.47
0.44
0.45
0.47
0.50
0.49
0.51
0.50
0.40
0.45
0.39
0.38
0.53
0.51
0.52
0.51
0.47
0.45
0.46
0.48
0.38
0.38
0.38
0.38
2.98
1.21
1.21
1.21
0.64
0.51
0.58
0.53
CorWatt	PkgWatt
20.03	131.62
0.53	131.62
0.44
0.46
0.50
0.49
0.49
0.52
0.50
0.42
0.47
0.40
0.41
0.50
0.51
0.49
0.53
0.46
0.47
0.46
0.49
0.40
0.40
0.39
0.39
2.99
1.21
1.21
1.21
0.65
0.53
0.57
0.54
CorWatt	PkgWatt
19.83	131.34
0.52	131.33
0.43
0.45
0.47
0.49
0.50
0.55
0.50
0.41
0.43
0.38
0.40
0.52
0.51
0.49
0.51
0.48
0.48
0.46
0.48
0.39
0.38
0.38
0.38
2.98
1.21
1.21
1.21
0.64
0.52
0.55
0.53
CorWatt	PkgWatt
19.94	131.51
0.51	131.52
0.47
0.45
0.48
0.49
0.49
0.51
0.50
0.41
0.44
0.42
0.39
0.51
0.54
0.54
0.52
0.45
0.47
0.47
0.49
0.39
0.38
0.38
0.39
2.15
1.21
2.03
1.21
0.64
0.54
0.54
0.52
CorWatt	PkgWatt
19.92	131.58
0.51	131.58
0.46
0.46
0.49
0.49
0.50
0.51
0.49
0.39
0.45
0.38
0.39
0.52
0.54
0.52
0.53
0.45
0.45
0.46
0.51
0.40
0.38
0.38
0.40
2.49
1.21
1.22
1.69
0.64
0.52
0.56
0.52
CorWatt	PkgWatt
20.31	131.72
0.53	131.73
0.44
0.48
0.52
0.49
0.49
0.56
0.54
0.40
0.50
0.39
0.44
0.50
0.53
0.51
0.53
0.48
0.51
0.49
0.52
0.39
0.38
0.38
0.40
1.21
1.21
1.21
2.99
0.68
0.56
0.55
0.51
CorWatt	PkgWatt
19.78	131.40
0.52	131.38
0.44
0.45
0.48
0.48
0.50
0.52
0.48
0.41
0.45
0.38
0.40
0.50
0.51
0.49
0.53
0.46
0.46
0.48
0.48
0.38
0.38
0.38
0.38
1.62
1.21
1.21
2.59
0.62
0.52
0.56
0.52
CorWatt	PkgWatt
19.55	131.32
0.57	131.30
0.48
0.52
0.51
0.53
0.54
0.55
0.84
0.47
0.51
0.46
0.46
0.59
0.61
0.57
0.58
0.51
0.50
0.49
0.50
0.43
0.42
0.44
0.42
1.88
0.89
0.89
0.96
0.71
0.57
0.57
0.57
CorWatt	PkgWatt
16.37	128.69
0.53	128.71
0.45
0.47
0.44
0.50
0.50
0.52
0.50
0.39
0.47
0.39
0.39
0.51
0.51
0.50
0.52
0.48
0.48
0.49
0.46
0.40
0.39
0.39
0.40
0.63
0.39
0.39
0.44
0.74
0.73
0.75
1.22
CorWatt	PkgWatt
16.80	128.76
0.54	128.78
0.46
0.49
0.46
0.52
0.51
0.54
0.52
0.43
0.48
0.40
0.41
0.53
0.53
0.51
0.54
0.51
0.48
0.50
0.49
0.41
0.41
0.40
0.40
0.51
0.40
0.42
0.44
1.19
0.79
0.78
0.80
CorWatt	PkgWatt
16.02	128.21
0.51	128.21
0.43
0.45
0.43
0.48
0.50
0.48
0.49
0.39
0.43
0.37
0.39
0.50
0.52
0.52
0.53
0.48
0.45
0.47
0.46
0.39
0.40
0.38
0.40
0.48
0.39
0.38
0.42
1.18
0.76
0.80
0.75
CorWatt	PkgWatt
16.38	128.34
0.50	128.34
0.46
0.48
0.48
0.50
0.49
0.51
0.50
0.42
0.49
0.40
0.41
0.50
0.51
0.49
0.52
0.48
0.47
0.48
0.46
0.40
0.40
0.38
0.39
0.50
0.40
0.40
0.44
1.17
0.78
0.79
0.77
CorWatt	PkgWatt
16.24	128.67
0.51	128.67
0.44
0.45
0.43
0.48
0.49
0.48
0.48
0.38
0.44
0.39
0.40
0.52
0.50
0.49
0.51
0.48
0.46
0.48
0.46
0.40
0.39
0.38
0.40
0.49
0.39
0.38
0.42
1.47
0.74
0.77
0.76
CorWatt	PkgWatt
18.82	133.87
0.52	133.87
0.44
0.47
0.43
0.48
0.48
0.48
0.48
0.42
0.44
0.38
0.39
0.51
0.52
0.50
0.52
0.49
0.48
0.46
0.48
0.39
0.39
0.38
0.38
0.50
0.39
0.40
0.38
4.62
0.54
0.56
0.54
CorWatt	PkgWatt
18.89	133.84
0.54	133.84
0.44
0.46
0.46
0.65
0.49
0.49
0.48
0.40
0.44
0.39
0.40
0.51
0.52
0.51
0.52
0.48
0.46
0.47
0.47
0.39
0.39
0.39
0.39
0.48
0.40
0.39
0.37
4.45
0.53
0.54
0.56
CorWatt	PkgWatt
18.80	134.24
0.55	134.25
0.44
0.49
0.47
3.87
0.53
0.50
0.51
0.40
0.45
0.38
0.39
0.50
0.52
0.50
0.51
0.49
0.48
0.47
0.47
0.40
0.41
0.39
0.41
0.95
0.40
0.40
0.37
0.53
0.52
0.55
0.53
CorWatt	PkgWatt
18.46	133.33
0.54	133.35
0.43
0.44
0.44
0.49
0.49
0.48
0.48
0.40
0.44
0.37
0.39
0.50
0.50
0.50
0.51
0.47
0.46
0.47
0.45
0.39
0.38
0.38
0.38
4.34
0.40
0.39
0.39
0.54
0.52
0.57
0.54
CorWatt	PkgWatt
18.37	133.30
0.56	133.27
0.43
0.47
0.45
0.48
0.48
0.49
0.49
0.39
0.43
0.38
0.39
0.50
0.51
0.49
0.50
0.46
0.45
0.46
0.45
0.39
0.38
0.38
0.38
4.34
0.39
0.39
0.37
0.52
0.52
0.52
0.52
CorWatt	PkgWatt
18.46	133.45
0.53	133.45
0.44
0.44
0.43
0.48
0.48
0.48
0.48
0.39
0.44
0.37
0.42
0.50
0.50
0.51
0.51
0.47
0.45
0.47
0.45
0.38
0.40
0.38
0.40
4.35
0.40
0.39
0.37
0.53
0.52
0.56
0.53
CorWatt	PkgWatt
18.70	133.59
0.55	133.59
0.44
0.46
0.44
0.51
0.49
0.52
0.52
0.40
0.43
0.38
0.40
0.51
0.51
0.51
0.52
0.45
0.47
0.47
0.50
0.40
0.40
0.40
0.39
4.34
0.41
0.41
0.38
0.53
0.52
0.52
0.53
CorWatt	PkgWatt
18.56	133.37
0.54	133.37
0.44
0.48
0.44
0.50
0.49
0.48
0.49
0.39
0.44
0.37
0.39
0.52
0.50
0.52
0.52
0.45
0.48
0.48
0.48
0.41
0.38
0.38
0.41
4.35
0.37
0.39
0.37
0.53
0.51
0.52
0.53
CorWatt	PkgWatt
19.01	133.88
0.56	133.89
0.47
0.48
0.48
0.49
0.49
0.48
0.49
0.42
0.50
0.37
0.41
0.54
0.54
0.53
0.54
0.45
0.46
0.48
0.49
0.39
0.41
0.38
0.38
4.35
0.40
0.44
0.40
0.55
0.55
0.56
0.56
CorWatt	PkgWatt
18.60	133.46
0.54	133.45
0.43
0.44
0.43
0.48
0.49
0.49
0.48
0.40
0.44
0.38
0.39
0.50
0.51
0.51
0.52
0.45
0.45
0.48
0.51
0.40
0.40
0.38
0.38
4.35
0.39
0.43
0.40
0.55
0.51
0.56
0.54
CorWatt	PkgWatt
18.71	133.51
0.53	133.50
0.44
0.46
0.44
0.51
0.50
0.50
0.52
0.40
0.44
0.38
0.41
0.51
0.51
0.50
0.53
0.47
0.47
0.48
0.49
0.40
0.39
0.38
0.39
4.35
0.38
0.42
0.39
0.53
0.53
0.55
0.53
CorWatt	PkgWatt
18.53	133.69
0.53	133.69
0.43
0.44
0.43
0.48
0.48
0.48
0.49
0.38
0.44
0.40
0.39
0.52
0.50
0.49
0.51
0.45
0.46
0.48
0.49
0.39
0.38
0.38
0.38
4.36
0.39
0.42
0.39
0.52
0.51
0.57
0.55
CorWatt	PkgWatt
18.33	131.14
0.58	131.15
0.51
0.53
0.53
0.58
0.59
0.56
0.55
0.49
0.51
0.46
0.67
1.06
0.67
0.65
0.82
0.49
0.50
0.56
0.53
0.45
0.46
0.44
0.46
0.99
0.44
0.48
0.45
0.57
0.57
0.59
0.59
CorWatt	PkgWatt
16.13	128.74
0.52	128.73
0.46
0.47
0.46
0.49
0.49
0.49
0.49
0.40
0.44
0.38
0.51
0.81
0.75
0.74
1.22
0.45
0.47
0.50
0.48
0.39
0.39
0.38
0.39
0.36
0.37
0.39
0.35
0.53
0.53
0.52
0.53
CorWatt	PkgWatt
16.28	128.84
0.52	128.83
0.44
0.47
0.44
0.50
0.49
0.49
0.50
0.41
0.45
0.38
0.51
1.16
0.76
0.74
0.92
0.49
0.46
0.50
0.50
0.39
0.38
0.38
0.39
0.36
0.36
0.40
0.38
0.53
0.52
0.55
0.50
CorWatt	PkgWatt
15.99	128.46
0.52	128.46
0.45
0.46
0.42
0.48
0.49
0.50
0.49
0.40
0.44
0.38
0.51
0.77
0.75
0.73
1.23
0.46
0.46
0.49
0.48
0.39
0.38
0.38
0.38
0.36
0.35
0.39
0.36
0.51
0.52
0.53
0.50
CorWatt	PkgWatt
15.96	128.35
0.51	128.35
0.44
0.45
0.43
0.48
0.48
0.48
0.49
0.41
0.44
0.38
0.50
1.19
0.76
0.73
0.82
0.44
0.46
0.48
0.49
0.39
0.38
0.38
0.38
0.35
0.38
0.42
0.37
0.53
0.51
0.51
0.49
CorWatt	PkgWatt
16.39	128.98
0.51	128.98
0.43
0.45
0.44
0.50
0.49
0.48
0.50
0.41
0.45
0.42
0.51
1.53
0.72
0.73
0.88
0.45
0.45
0.49
0.48
0.38
0.38
0.38
0.38
0.36
0.37
0.38
0.37
0.52
0.51
0.53
0.52
CorWatt	PkgWatt
18.25	130.67
0.54	130.67
0.45
0.48
0.45
0.51
0.50
0.52
0.50
0.43
0.48
0.40
0.51
0.71
0.65
0.63
3.23
0.46
0.47
0.50
0.50
0.40
0.40
0.40
0.40
0.38
0.41
0.40
0.39
0.54
0.53
0.55
0.54
CorWatt	PkgWatt
17.57	130.25
0.53	130.24
0.43
0.44
0.44
0.49
0.50
0.51
0.51
0.39
0.44
0.38
0.50
0.66
0.64
0.62
3.22
0.44
0.45
0.49
0.48
0.38
0.38
0.38
0.38
0.36
0.38
0.36
0.36
0.51
0.51
0.52
0.50
CorWatt	PkgWatt
17.77	130.34
0.54	130.35
0.45
0.45
0.43
0.48
0.49
0.48
0.49
0.42
0.44
0.41
0.51
0.71
0.66
0.67
3.21
0.44
0.45
0.47
0.48
0.38
0.38
0.38
0.38
0.35
0.37
0.37
0.37
0.53
0.53
0.57
0.50
CorWatt	PkgWatt
17.67	130.37
0.53	130.36
0.45
0.45
0.43
0.48
0.48
0.48
0.48
0.38
0.44
0.38
0.50
2.25
0.65
0.64
1.71
0.46
0.45
0.49
0.50
0.40
0.38
0.38
0.40
0.35
0.37
0.36
0.35
0.52
0.51
0.52
0.50
CorWatt	PkgWatt
17.98	130.52
0.55	130.52
0.44
0.48
0.46
0.49
0.50
0.51
0.51
0.42
0.46
0.41
0.52
1.02
0.66
0.64
2.92
0.45
0.46
0.48
0.49
0.39
0.39
0.39
0.40
0.36
0.37
0.37
0.37
0.52
0.52
0.52
0.51
CorWatt	PkgWatt
17.57	130.16
0.54	130.16
0.46
0.47
0.44
0.48
0.50
0.49
0.48
0.40
0.43
0.38
0.50
0.65
0.64
0.62
3.22
0.44
0.46
0.49
0.48
0.38
0.38
0.38
0.38
0.35
0.37
0.36
0.35
0.52
0.52
0.53
0.50
CorWatt	PkgWatt
17.81	130.54
0.55	130.54
0.43
0.48
0.43
0.49
0.50
0.49
0.49
0.44
0.45
0.40
0.52
0.68
0.69
0.62
3.23
0.44
0.46
0.48
0.49
0.38
0.38
0.38
0.38
0.35
0.37
0.39
0.38
0.52
0.50
0.52
0.52
CorWatt	PkgWatt
17.56	130.18
0.54	130.19
0.43
0.46
0.44
0.48
0.49
0.49
0.48
0.39
0.43
0.38
0.52
0.65
0.64
0.62
3.22
0.44
0.48
0.49
0.49
0.38
0.38
0.38
0.38
0.35
0.37
0.37
0.35
0.51
0.50
0.53
0.50
CorWatt	PkgWatt
17.73	130.23
0.52	130.21
0.43
0.46
0.44
0.49
0.50
0.49
0.49
0.40
0.44
0.38
0.50
0.69
0.66
0.65
3.21
0.44
0.47
0.50
0.49
0.38
0.38
0.38
0.38
0.35
0.38
0.38
0.36
0.52
0.52
0.52
0.50
CorWatt	PkgWatt
17.59	130.37
0.53	130.37
0.43
0.45
0.44
0.48
0.48
0.48
0.49
0.39
0.44
0.38
0.50
1.76
0.66
0.64
2.19
0.44
0.45
0.47
0.48
0.38
0.39
0.38
0.39
0.35
0.37
0.37
0.35
0.51
0.50
0.51
0.50
CorWatt	PkgWatt
17.93	130.45
0.53	130.45
0.45
0.47
0.49
0.50
0.49
0.50
0.49
0.41
0.47
0.40
0.50
0.67
0.65
0.63
3.21
0.44
0.46
0.46
0.49
0.39
0.38
0.38
0.38
0.37
0.40
0.38
0.38
0.56
0.54
0.55
0.52
CorWatt	PkgWatt
16.97	129.44
0.53	129.44
0.44
0.46
0.46
0.48
0.48
0.49
0.48
0.40
0.44
0.39
0.54
0.64
0.62
0.58
2.47
0.44
0.45
0.47
0.49
0.39
0.40
0.38
0.39
0.36
0.38
0.38
0.36
0.52
0.62
0.53
0.50
CorWatt	PkgWatt
17.86	129.84
0.69	129.85
0.68
0.66
1.11
0.55
0.55
0.80
0.56
0.45
0.48
0.42
0.47
0.55
0.57
0.55
0.63
0.53
0.53
0.51
0.55
0.44
0.44
0.43
0.44
0.42
0.44
0.47
0.42
0.58
0.78
0.59
0.56
CorWatt	PkgWatt
15.93	128.14
0.74	128.13
0.83
0.70
1.06
0.49
0.49
0.61
0.49
0.39
0.42
0.38
0.40
0.50
0.50
0.49
0.58
0.44
0.46
0.48
0.49
0.38
0.38
0.38
0.38
0.35
0.37
0.37
0.35
0.51
0.51
0.52
0.50
CorWatt	PkgWatt
16.27	128.30
0.75	128.31
1.22
0.72
0.69
0.50
0.50
0.61
0.51
0.39
0.45
0.38
0.40
0.51
0.52
0.50
0.58
0.45
0.46
0.47
0.50
0.39
0.41
0.39
0.40
0.36
0.39
0.39
0.37
0.53
0.51
0.53
0.51
CorWatt	PkgWatt
15.86	127.93
0.73	127.93
1.24
0.71
0.66
0.48
0.49
0.60
0.49
0.40
0.42
0.37
0.39
0.50
0.50
0.49
0.52
0.44
0.46
0.47
0.48
0.38
0.38
0.39
0.39
0.35
0.37
0.38
0.35
0.52
0.52
0.51
0.50
CorWatt	PkgWatt
16.09	128.32
0.75	128.32
0.70
0.73
1.25
0.49
0.49
0.60
0.51
0.40
0.44
0.37
0.39
0.50
0.52
0.49
0.51
0.44
0.46
0.48
0.50
0.39
0.38
0.38
0.39
0.36
0.38
0.39
0.35
0.52
0.51
0.52
0.50
CorWatt	PkgWatt
17.05	129.59
0.58	129.59
0.51
0.54
2.83
0.48
0.49
0.59
0.48
0.39
0.42
0.37
0.42
0.50
0.50
0.48
0.51
0.44
0.46
0.46
0.48
0.38
0.40
0.38
0.40
0.35
0.37
0.38
0.35
0.51
0.51
0.58
0.50
CorWatt	PkgWatt
17.47	130.08
0.54	130.07
0.45
0.51
3.28
0.50
0.50
0.61
0.53
0.39
0.43
0.37
0.39
0.51
0.51
0.48
0.51
0.44
0.47
0.47
0.48
0.39
0.38
0.39
0.40
0.35
0.38
0.39
0.35
0.52
0.51
0.53
0.49
CorWatt	PkgWatt
17.38	130.01
0.53	130.01
0.46
0.51
3.28
0.50
0.49
0.58
0.51
0.39
0.43
0.37
0.38
0.52
0.50
0.52
0.52
0.44
0.47
0.47
0.49
0.40
0.38
0.38
0.40
0.35
0.35
0.38
0.35
0.51
0.51
0.52
0.50
CorWatt	PkgWatt
17.62	130.43
0.54	130.43
0.48
0.51
3.28
0.50
0.51
0.58
0.50
0.40
0.48
0.38
0.41
0.50
0.52
0.50
0.51
0.45
0.47
0.48
0.49
0.39
0.38
0.38
0.38
0.38
0.38
0.41
0.38
0.53
0.51
0.51
0.50
CorWatt	PkgWatt
17.43	130.03
0.54	130.03
0.47
0.51
3.28
0.48
0.49
0.59
0.49
0.40
0.44
0.38
0.40
0.50
0.50
0.48
0.50
0.44
0.45
0.47
0.50
0.40
0.40
0.38
0.38
0.37
0.37
0.42
0.37
0.53
0.50
0.52
0.50
CorWatt	PkgWatt
17.41	130.06
0.53	130.05
0.45
0.50
3.28
0.53
0.51
0.60
0.51
0.38
0.45
0.37
0.38
0.50
0.50
0.50
0.51
0.45
0.47
0.47
0.48
0.38
0.38
0.38
0.38
0.36
0.35
0.40
0.36
0.51
0.50
0.55
0.49
CorWatt	PkgWatt
17.38	130.14
0.53	130.15
0.46
0.49
3.28
0.49
0.49
0.59
0.49
0.39
0.44
0.37
0.41
0.51
0.50
0.49
0.50
0.44
0.46
0.47
0.49
0.38
0.38
0.38
0.38
0.35
0.36
0.40
0.37
0.51
0.50
0.57
0.52
CorWatt	PkgWatt
17.51	130.12
0.54	130.11
0.45
0.50
3.28
0.51
0.50
0.59
0.50
0.40
0.44
0.37
0.39
0.52
0.52
0.51
0.51
0.45
0.46
0.47
0.48
0.40
0.41
0.39
0.39
0.36
0.36
0.40
0.35
0.53
0.51
0.53
0.50
CorWatt	PkgWatt
17.33	130.02
0.55	130.02
0.48
0.51
3.28
0.49
0.51
0.59
0.48
0.41
0.43
0.38
0.39
0.51
0.50
0.48
0.50
0.44
0.46
0.47
0.48
0.38
0.38
0.38
0.38
0.35
0.35
0.39
0.35
0.52
0.51
0.51
0.52
CorWatt	PkgWatt
17.31	129.96
0.53	129.96
0.45
0.50
3.28
0.51
0.49
0.58
0.50
0.40
0.44
0.37
0.38
0.51
0.51
0.48
0.50
0.46
0.45
0.49
0.50
0.38
0.38
0.38
0.38
0.35
0.35
0.40
0.35
0.51
0.50
0.51
0.49
CorWatt	PkgWatt
17.24	130.04
0.53	130.04
0.47
0.50
3.28
0.49
0.50
0.60
0.50
0.38
0.42
0.36
0.38
0.50
0.50
0.49
0.50
0.44
0.45
0.47
0.48
0.38
0.38
0.38
0.38
0.35
0.35
0.39
0.35
0.51
0.50
0.51
0.50
CorWatt	PkgWatt
17.53	130.14
0.53	130.15
0.47
0.50
3.28
0.50
0.49
0.58
0.49
0.39
0.43
0.37
0.40
0.50
0.53
0.50
0.52
0.46
0.46
0.48
0.49
0.38
0.38
0.38
0.38
0.35
0.39
0.43
0.37
0.54
0.50
0.56
0.50
CorWatt	PkgWatt
18.13	130.13
0.63	130.14
0.72
0.61
1.29
0.57
0.58
0.84
0.59
0.47
0.47
0.44
0.42
0.56
0.53
0.56
0.54
0.55
0.54
0.56
0.55
0.45
0.45
0.43
0.77
0.41
0.44
0.44
0.42
0.57
0.56
0.62
0.56
CorWatt	PkgWatt
16.87	128.71
0.83	128.70
1.32
0.99
0.79
0.50
0.49
0.62
0.50
0.42
0.47
0.38
0.41
0.51
0.51
0.48
0.50
0.45
0.46
0.48
0.52
0.40
0.40
0.39
0.39
0.36
0.39
0.37
0.38
0.54
0.53
0.54
0.53
CorWatt	PkgWatt
16.42	128.68
0.82	128.67
1.45
0.85
0.78
0.50
0.51
0.62
0.50
0.37
0.44
0.36
0.38
0.50
0.50
0.48
0.50
0.44
0.45
0.49
0.48
0.38
0.39
0.39
0.39
0.35
0.36
0.35
0.35
0.51
0.51
0.51
0.50
CorWatt	PkgWatt
16.73	128.54
0.82	128.54
1.31
1.00
0.78
0.49
0.49
0.60
0.51
0.42
0.46
0.40
0.38
0.52
0.53
0.53
0.52
0.46
0.47
0.49
0.49
0.39
0.40
0.38
0.39
0.36
0.37
0.37
0.35
0.52
0.52
0.51
0.50
CorWatt	PkgWatt
16.49	128.35
0.81	128.35
1.36
0.93
0.78
0.49
0.49
0.60
0.48
0.39
0.46
0.37
0.40
0.52
0.52
0.49
0.51
0.46
0.45
0.48
0.50
0.40
0.38
0.38
0.39
0.35
0.36
0.36
0.35
0.51
0.50
0.54
0.50
CorWatt	PkgWatt
16.47	128.61
0.82	128.61
1.43
0.86
0.79
0.48
0.49
0.61
0.50
0.39
0.46
0.38
0.39
0.52
0.51
0.48
0.51
0.45
0.45
0.47
0.48
0.38
0.38
0.38
0.38
0.35
0.36
0.36
0.36
0.52
0.50
0.55
0.49
CorWatt	PkgWatt
17.00	128.71
0.88	128.71
1.63
0.89
0.85
0.49
0.51
0.60
0.49
0.40
0.44
0.37
0.40
0.51
0.51
0.49
0.51
0.45
0.47
0.50
0.49
0.39
0.39
0.39
0.39
0.36
0.37
0.36
0.36
0.52
0.53
0.55
0.51
CorWatt	PkgWatt
19.80	131.15
1.29	131.15
1.97
1.29
2.35
0.50
0.50
0.60
0.50
0.40
0.45
0.39
0.41
0.54
0.57
0.51
0.52
0.46
0.47
0.49
0.49
0.39
0.39
0.38
0.39
0.35
0.36
0.40
0.35
0.52
0.52
0.52
0.52
CorWatt	PkgWatt
19.40	130.79
1.29	130.79
1.28
1.30
3.02
0.49
0.49
0.60
0.49
0.38
0.42
0.36
0.38
0.52
0.50
0.50
0.50
0.45
0.48
0.49
0.48
0.39
0.38
0.38
0.39
0.35
0.36
0.36
0.35
0.51
0.51
0.51
0.50
CorWatt	PkgWatt
19.39	131.03
1.29	131.03
1.28
1.29
3.01
0.49
0.49
0.60
0.49
0.39
0.43
0.37
0.38
0.50
0.50
0.48
0.50
0.45
0.47
0.49
0.49
0.38
0.38
0.39
0.38
0.35
0.37
0.38
0.35
0.51
0.50
0.51
0.49
CorWatt	PkgWatt
19.48	130.90
1.29	130.91
2.81
1.29
1.48
0.49
0.49
0.60
0.49
0.37
0.42
0.36
0.38
0.51
0.55
0.50
0.50
0.44
0.46
0.46
0.49
0.38
0.40
0.38
0.40
0.35
0.37
0.37
0.35
0.53
0.51
0.54
0.51
CorWatt	PkgWatt
19.84	131.23
1.29	131.24
1.28
1.29
3.03
0.51
0.50
0.62
0.50
0.40
0.47
0.39
0.39
0.52
0.51
0.50
0.50
0.45
0.47
0.46
0.50
0.40
0.39
0.39
0.39
0.37
0.40
0.38
0.37
0.55
0.53
0.55
0.52
CorWatt	PkgWatt
19.42	131.06
1.29	131.06
1.28
1.29
3.02
0.49
0.49
0.59
0.49
0.37
0.43
0.38
0.38
0.50
0.50
0.48
0.50
0.44
0.46
0.47
0.49
0.40
0.40
0.38
0.40
0.35
0.37
0.37
0.35
0.51
0.50
0.54
0.51
CorWatt	PkgWatt
19.40	130.87
1.29	130.87
3.01
1.29
1.28
0.49
0.49
0.59
0.50
0.37
0.43
0.36
0.38
0.50
0.52
0.48
0.50
0.48
0.48
0.46
0.50
0.38
0.39
0.38
0.38
0.35
0.37
0.38
0.35
0.51
0.50
0.51
0.50
CorWatt	PkgWatt
19.36	130.88
1.29	130.88
2.55
1.29
1.75
0.49
0.49
0.60
0.49
0.38
0.43
0.36
0.39
0.50
0.50
0.49
0.51
0.44
0.46
0.46
0.49
0.38
0.38
0.38
0.38
0.35
0.38
0.37
0.35
0.51
0.50
0.51
0.50
CorWatt	PkgWatt
19.68	131.15
1.29	131.16
3.04
1.29
1.28
0.49
0.51
0.59
0.51
0.39
0.46
0.37
0.38
0.50
0.51
0.49
0.52
0.48
0.46
0.46
0.49
0.39
0.41
0.38
0.40
0.35
0.39
0.38
0.37
0.54
0.50
0.53
0.51
CorWatt	PkgWatt
19.40	131.03
1.29	131.03
1.82
1.29
2.49
0.49
0.49
0.60
0.48
0.39
0.43
0.37
0.39
0.50
0.51
0.48
0.50
0.44
0.47
0.46
0.49
0.38
0.38
0.38
0.38
0.35
0.37
0.37
0.36
0.51
0.51
0.52
0.50
CorWatt	PkgWatt
18.45	130.01
1.15	130.01
2.57
1.14
1.12
0.49
0.49
0.59
0.50
0.38
0.43
0.36
0.38
0.50
0.50
0.48
0.50
0.45
0.46
0.46
0.49
0.40
0.38
0.38
0.38
0.35
0.37
0.38
0.35
0.51
0.50
0.51
0.49
CorWatt	PkgWatt
19.73	134.05
0.77	134.07
0.55
0.56
0.52
2.88
0.56
0.60
0.92
0.46
0.46
0.42
0.46
0.60
0.58
0.56
0.57
0.49
0.51
0.51
0.55
0.44
0.46
0.43
0.46
0.43
0.45
0.46
0.43
0.59
0.57
0.60
0.90
CorWatt	PkgWatt
20.09	138.17
0.58	138.15
0.47
0.53
0.44
5.80
0.52
0.53
0.56
0.40
0.43
0.39
0.40
0.51
0.52
0.49
0.51
0.45
0.47
0.46
0.49
0.40
0.39
0.39
0.40
0.36
0.40
0.39
0.35
0.52
0.50
0.52
0.51
CorWatt	PkgWatt
19.76	138.09
0.57	138.09
0.47
0.50
0.45
5.80
0.49
0.49
0.53
0.37
0.42
0.37
0.40
0.52
0.50
0.50
0.51
0.44
0.47
0.46
0.48
0.39
0.38
0.37
0.40
0.35
0.35
0.38
0.35
0.51
0.50
0.55
0.50
CorWatt	PkgWatt
19.67	137.95
0.56	137.95
0.46
0.48
0.44
5.81
0.50
0.49
0.51
0.39
0.47
0.37
0.39
0.50
0.51
0.48
0.50
0.44
0.46
0.46
0.48
0.38
0.38
0.37
0.38
0.35
0.35
0.38
0.35
0.52
0.51
0.51
0.50
CorWatt	PkgWatt
19.78	137.99
0.56	137.98
0.47
0.48
0.44
5.80
0.50
0.49
0.52
0.40
0.43
0.38
0.40
0.50
0.50
0.48
0.52
0.44
0.45
0.45
0.49
0.39
0.39
0.37
0.38
0.36
0.36
0.40
0.38
0.53
0.50
0.53
0.51
CorWatt	PkgWatt
19.97	138.31
0.56	138.31
0.44
0.48
0.44
5.80
0.55
0.50
0.53
0.41
0.43
0.37
0.40
0.50
0.53
0.49
0.51
0.47
0.48
0.47
0.48
0.38
0.38
0.37
0.38
0.37
0.39
0.40
0.36
0.54
0.51
0.52
0.52
CorWatt	PkgWatt
19.83	138.16
0.56	138.16
0.44
0.47
0.47
5.80
0.49
0.49
0.51
0.40
0.43
0.37
0.40
0.54
0.51
0.50
0.50
0.44
0.45
0.46
0.49
0.38
0.38
0.37
0.38
0.35
0.40
0.39
0.36
0.57
0.50
0.52
0.54
CorWatt	PkgWatt
19.63	137.93
0.56	137.93
0.44
0.45
0.47
5.81
0.50
0.49
0.51
0.38
0.43
0.37
0.40
0.51
0.52
0.50
0.51
0.44
0.45
0.46
0.48
0.38
0.38
0.37
0.38
0.35
0.36
0.39
0.35
0.51
0.51
0.51
0.49
CorWatt	PkgWatt
20.13	138.41
0.58	138.42
0.47
0.46
0.51
5.81
0.52
0.51
0.52
0.41
0.45
0.38
0.41
0.52
0.51
0.50
0.51
0.45
0.47
0.47
0.49
0.39
0.39
0.38
0.39
0.36
0.38
0.39
0.35
0.53
0.53
0.55
0.56
CorWatt	PkgWatt
19.83	138.09
0.57	138.09
0.44
0.45
0.47
5.81
0.51
0.49
0.53
0.40
0.43
0.37
0.40
0.51
0.52
0.49
0.51
0.46
0.46
0.48
0.50
0.38
0.38
0.38
0.38
0.36
0.38
0.39
0.35
0.52
0.51
0.51
0.50
CorWatt	PkgWatt
19.74	137.99
0.57	137.99
0.47
0.49
0.44
5.82
0.51
0.51
0.52
0.38
0.43
0.38
0.40
0.50
0.52
0.49
0.51
0.44
0.45
0.46
0.48
0.38
0.38
0.37
0.38
0.35
0.35
0.38
0.35
0.51
0.50
0.51
0.50
CorWatt	PkgWatt
19.75	138.07
0.57	138.07
0.43
0.49
0.44
5.80
0.50
0.49
0.51
0.39
0.44
0.37
0.40
0.52
0.51
0.49
0.51
0.44
0.45
0.47
0.48
0.38
0.38
0.38
0.38
0.35
0.39
0.41
0.36
0.53
0.50
0.51
0.49
CorWatt	PkgWatt
19.86	138.27
0.57	138.27
0.46
0.49
0.44
5.83
0.50
0.49
0.53
0.41
0.43
0.39
0.39
0.50
0.50
0.51
0.51
0.45
0.45
0.47
0.48
0.38
0.38
0.38
0.38
0.35
0.38
0.37
0.37
0.57
0.50
0.51
0.50
CorWatt	PkgWatt
20.38	138.52
0.58	138.52
0.44
0.51
0.47
5.83
0.51
0.52
0.53
0.43
0.48
0.41
0.42
0.50
0.51
0.50
0.51
0.46
0.47
0.47
0.51
0.41
0.40
0.41
0.39
0.38
0.39
0.38
0.38
0.57
0.53
0.55
0.55
CorWatt	PkgWatt
19.75	138.05
0.56	138.04
0.45
0.48
0.44
5.84
0.52
0.52
0.53
0.39
0.43
0.38
0.39
0.50
0.50
0.49
0.51
0.44
0.46
0.47
0.48
0.38
0.38
0.38
0.38
0.35
0.36
0.35
0.35
0.51
0.51
0.54
0.50
CorWatt	PkgWatt
19.92	138.10
0.57	138.11
0.45
0.48
0.45
5.85
0.51
0.49
0.52
0.40
0.43
0.40
0.39
0.50
0.53
0.54
0.52
0.44
0.46
0.48
0.49
0.39
0.39
0.38
0.38
0.35
0.38
0.37
0.35
0.52
0.53
0.51
0.49
CorWatt	PkgWatt
19.93	138.29
0.57	138.29
0.47
0.49
0.44
5.84
0.50
0.49
0.51
0.40
0.44
0.38
0.39
0.52
0.52
0.53
0.52
0.46
0.46
0.48
0.50
0.40
0.38
0.39
0.40
0.35
0.37
0.35
0.35
0.53
0.50
0.51
0.50
CorWatt	PkgWatt
19.83	134.04
0.66	134.06
0.55
0.59
0.55
2.64
0.58
0.59
0.60
0.64
0.54
0.48
0.47
0.70
0.61
0.61
0.61
0.53
0.54
0.56
0.55
0.78
0.47
0.45
0.47
0.42
0.45
0.45
0.44
0.61
0.56
0.58
0.56
CorWatt	PkgWatt
17.92	130.78
0.52	130.76
0.48
0.48
0.51
0.50
0.52
0.50
0.49
0.52
0.45
0.39
0.42
3.32
0.59
0.54
0.56
0.45
0.48
0.49
0.50
0.40
0.39
0.39
0.39
0.36
0.38
0.37
0.36
0.59
0.54
0.52
0.51
CorWatt	PkgWatt
17.70	130.33
0.53	130.33
0.46
0.47
0.47
0.48
0.49
0.49
0.49
0.52
0.46
0.40
0.43
2.99
0.92
0.54
0.56
0.45
0.46
0.49
0.49
0.38
0.38
0.38
0.38
0.35
0.37
0.39
0.35
0.58
0.52
0.52
0.51
CorWatt	PkgWatt
17.44	130.11
0.54	130.10
0.47
0.46
0.48
0.48
0.49
0.48
0.48
0.51
0.44
0.38
0.40
3.25
0.56
0.52
0.54
0.44
0.47
0.48
0.48
0.38
0.38
0.38
0.38
0.35
0.37
0.37
0.35
0.56
0.51
0.53
0.50
CorWatt	PkgWatt
17.56	130.32
0.52	130.32
0.44
0.45
0.48
0.50
0.49
0.49
0.50
0.50
0.45
0.39
0.42
3.25
0.56
0.53
0.55
0.45
0.46
0.49
0.49
0.39
0.39
0.39
0.39
0.35
0.38
0.38
0.35
0.57
0.52
0.52
0.50
CorWatt	PkgWatt
17.39	130.23
0.52	130.22
0.45
0.46
0.48
0.48
0.49
0.48
0.49
0.50
0.43
0.38
0.40
3.25
0.57
0.53
0.54
0.44
0.45
0.46
0.48
0.38
0.40
0.38
0.40
0.35
0.37
0.37
0.35
0.57
0.51
0.51
0.50
CorWatt	PkgWatt
17.76	130.33
0.52	130.34
0.46
0.47
0.53
0.50
0.50
0.50
0.50
0.51
0.48
0.40
0.42
3.26
0.56
0.52
0.53
0.44
0.46
0.46
0.49
0.39
0.38
0.38
0.38
0.37
0.39
0.38
0.37
0.61
0.54
0.56
0.51
CorWatt	PkgWatt
17.39	130.24
0.53	130.25
0.46
0.44
0.47
0.48
0.49
0.49
0.48
0.51
0.44
0.38
0.41
3.25
0.55
0.52
0.53
0.44
0.45
0.46
0.48
0.40
0.40
0.38
0.40
0.35
0.37
0.37
0.35
0.58
0.51
0.52
0.50
CorWatt	PkgWatt
17.63	130.46
0.52	130.44
0.45
0.46
0.48
0.49
0.49
0.49
0.50
0.50
0.43
0.39
0.41
2.68
1.19
0.53
0.55
0.48
0.50
0.46
0.51
0.39
0.39
0.38
0.38
0.35
0.38
0.39
0.35
0.58
0.51
0.53
0.50
CorWatt	PkgWatt
17.36	130.07
0.53	130.06
0.45
0.46
0.49
0.48
0.49
0.49
0.48
0.51
0.43
0.39
0.41
3.25
0.56
0.52
0.54
0.44
0.45
0.46
0.48
0.38
0.38
0.38
0.38
0.35
0.37
0.37
0.35
0.57
0.51
0.51
0.50
CorWatt	PkgWatt
17.50	130.21
0.53	130.21
0.44
0.49
0.46
0.48
0.51
0.48
0.50
0.51
0.45
0.38
0.39
3.25
0.57
0.52
0.54
0.45
0.45
0.45
0.49
0.38
0.40
0.38
0.40
0.35
0.39
0.38
0.36
0.57
0.50
0.52
0.51
CorWatt	PkgWatt
17.34	130.11
0.51	130.11
0.45
0.44
0.46
0.48
0.49
0.48
0.48
0.50
0.45
0.38
0.43
3.25
0.56
0.52
0.56
0.44
0.46
0.46
0.48
0.38
0.38
0.38
0.38
0.35
0.38
0.37
0.35
0.57
0.52
0.51
0.50
CorWatt	PkgWatt
17.53	130.29
0.52	130.29
0.46
0.47
0.49
0.49
0.49
0.49
0.49
0.51
0.45
0.38
0.40
3.24
0.58
0.53
0.55
0.46
0.46
0.46
0.49
0.39
0.39
0.38
0.39
0.35
0.38
0.38
0.35
0.57
0.51
0.52
0.50
CorWatt	PkgWatt
17.43	130.23
0.52	130.24
0.46
0.44
0.47
0.48
0.48
0.48
0.48
0.51
0.44
0.38
0.42
3.24
0.56
0.52
0.54
0.44
0.45
0.46
0.49
0.38
0.40
0.38
0.39
0.35
0.38
0.41
0.35
0.57
0.52
0.53
0.50
CorWatt	PkgWatt
17.57	130.39
0.53	130.39
0.44
0.48
0.46
0.48
0.50
0.52
0.53
0.51
0.44
0.38
0.40
3.25
0.56
0.52
0.54
0.45
0.47
0.47
0.50
0.40
0.38
0.39
0.40
0.35
0.38
0.40
0.35
0.57
0.51
0.51
0.50
CorWatt	PkgWatt
17.45	130.37
0.53	130.37
0.45
0.48
0.44
0.48
0.49
0.48
0.50
0.51
0.43
0.38
0.41
3.11
0.73
0.54
0.54
0.44
0.47
0.47
0.48
0.40
0.38
0.38
0.40
0.35
0.35
0.38
0.35
0.56
0.51
0.51
0.50
CorWatt	PkgWatt
17.51	130.51
0.52	130.51
0.45
0.46
0.44
0.49
0.49
0.49
0.49
0.50
0.48
0.38
0.43
3.24
0.57
0.53
0.54
0.45
0.48
0.47
0.49
0.39
0.38
0.38
0.39
0.36
0.36
0.39
0.36
0.58
0.53
0.52
0.50
CorWatt	PkgWatt
17.45	130.34
0.53	130.34
0.45
0.44
0.43
0.48
0.48
0.48
0.48
0.51
0.43
0.38
0.40
3.24
0.56
0.52
0.53
0.44
0.46
0.47
0.50
0.40
0.39
0.38
0.38
0.37
0.37
0.42
0.39
0.58
0.51
0.52
0.50
CorWatt	PkgWatt
18.33	130.71
0.57	130.72
0.52
0.54
0.51
0.57
0.55
0.53
0.56
0.53
0.53
0.45
0.47
0.67
0.62
0.60
0.60
0.65
0.89
0.84
0.68
0.46
0.45
0.44
0.99
0.42
0.41
0.46
0.42
0.65
0.59
0.60
0.56
CorWatt	PkgWatt
16.30	128.65
0.49	128.64
0.47
0.49
0.43
0.49
0.49
0.48
0.48
0.38
0.44
0.38
0.40
0.53
0.52
0.50
0.51
0.71
1.28
0.78
0.75
0.38
0.40
0.38
0.51
0.35
0.37
0.42
0.36
0.58
0.51
0.52
0.52
CorWatt	PkgWatt
16.32	128.41
0.50	128.40
0.45
0.50
0.43
0.49
0.49
0.49
0.49
0.41
0.44
0.37
0.40
0.52
0.52
0.49
0.51
0.72
1.20
0.90
0.75
0.40
0.40
0.39
0.51
0.35
0.35
0.39
0.35
0.58
0.52
0.51
0.50
CorWatt	PkgWatt
16.30	128.52
0.50	128.52
0.47
0.50
0.45
0.50
0.50
0.48
0.48
0.39
0.44
0.37
0.40
0.53
0.50
0.48
0.54
0.71
1.34
0.75
0.76
0.39
0.38
0.38
0.51
0.35
0.35
0.39
0.35
0.58
0.52
0.51
0.50
CorWatt	PkgWatt
16.48	128.58
0.49	128.58
0.45
0.51
0.45
0.53
0.50
0.49
0.50
0.39
0.45
0.37
0.39
0.52
0.51
0.50
0.51
0.73
1.24
0.88
0.76
0.40
0.39
0.40
0.51
0.36
0.36
0.41
0.36
0.58
0.52
0.52
0.50
CorWatt	PkgWatt
16.89	129.08
0.50	129.08
0.46
0.51
0.43
0.49
0.50
0.51
0.50
0.38
0.44
0.37
0.43
0.50
0.50
0.48
0.51
0.80
1.40
1.12
0.84
0.39
0.38
0.39
0.52
0.35
0.35
0.39
0.35
0.58
0.50
0.53
0.50
CorWatt	PkgWatt
19.60	131.43
0.54	131.44
0.45
0.50
0.44
0.50
0.50
0.50
0.50
0.40
0.44
0.37
0.40
0.50
0.52
0.50
0.53
1.14
2.25
2.11
1.17
0.41
0.41
0.40
0.51
0.35
0.38
0.42
0.39
0.57
0.51
0.52
0.50
CorWatt	PkgWatt
19.61	131.37
0.53	131.37
0.45
0.51
0.45
0.49
0.50
0.49
0.50
0.39
0.43
0.39
0.40
0.51
0.50
0.52
0.51
1.20
3.19
1.20
1.22
0.40
0.40
0.39
0.50
0.35
0.39
0.38
0.39
0.51
0.50
0.51
0.50
CorWatt	PkgWatt
19.97	131.70
0.55	131.70
0.46
0.53
0.47
0.51
0.50
0.51
0.50
0.41
0.47
0.39
0.43
0.50
0.51
0.48
0.51
1.20
3.18
1.20
1.22
0.42
0.41
0.41
0.53
0.36
0.38
0.38
0.40
0.54
0.52
0.54
0.53
CorWatt	PkgWatt
19.37	131.52
0.53	131.51
0.44
0.51
0.44
0.50
0.51
0.51
0.51
0.37
0.42
0.36
0.39
0.50
0.50
0.49
0.50
1.16
1.91
2.45
1.18
0.40
0.40
0.40
0.51
0.35
0.37
0.35
0.37
0.51
0.50
0.51
0.50
CorWatt	PkgWatt
19.88	131.56
0.53	131.56
0.47
0.52
0.45
0.52
0.51
0.50
0.50
0.42
0.44
0.41
0.39
0.51
0.53
0.53
0.52
1.20
3.17
1.22
1.22
0.40
0.40
0.40
0.50
0.35
0.38
0.41
0.39
0.54
0.53
0.54
0.50
CorWatt	PkgWatt
19.47	131.35
0.53	131.35
0.45
0.51
0.44
0.49
0.50
0.49
0.49
0.39
0.43
0.37
0.39
0.51
0.51
0.49
0.50
1.20
2.99
1.38
1.22
0.42
0.40
0.39
0.53
0.35
0.36
0.35
0.37
0.51
0.50
0.51
0.50
CorWatt	PkgWatt
20.08	131.79
0.55	131.80
0.45
0.53
0.50
0.51
0.53
0.55
0.53
0.42
0.44
0.38
0.45
0.51
0.51
0.49
0.50
1.20
3.18
1.22
1.22
0.42
0.41
0.39
0.54
0.39
0.40
0.40
0.37
0.55
0.55
0.51
0.49
CorWatt	PkgWatt
19.55	131.49
0.53	131.48
0.46
0.52
0.46
0.50
0.52
0.50
0.49
0.39
0.42
0.36
0.41
0.50
0.50
0.48
0.50
1.19
1.60
2.79
1.21
0.40
0.40
0.40
0.51
0.35
0.36
0.38
0.38
0.52
0.52
0.51
0.50
CorWatt	PkgWatt
19.89	131.54
0.56	131.54
0.45
0.50
0.45
0.50
0.54
0.51
0.50
0.41
0.46
0.40
0.42
0.55
0.58
0.52
0.52
1.16
1.19
3.17
1.19
0.47
0.40
0.40
0.45
0.36
0.37
0.42
0.38
0.52
0.51
0.52
0.51
CorWatt	PkgWatt
19.51	131.29
0.55	131.29
0.45
0.49
0.44
0.50
0.50
0.49
0.49
0.37
0.43
0.37
0.38
0.50
0.50
0.48
0.50
1.20
1.22
3.18
1.22
0.51
0.40
0.40
0.40
0.35
0.36
0.39
0.38
0.51
0.50
0.53
0.50
CorWatt	PkgWatt
19.88	131.87
0.55	131.88
0.48
0.53
0.47
0.49
0.50
0.53
0.49
0.38
0.42
0.37
0.39
0.50
0.54
0.50
0.51
1.20
1.22
3.03
1.37
0.52
0.40
0.40
0.43
0.38
0.39
0.40
0.39
0.55
0.53
0.51
0.49
CorWatt	PkgWatt
19.26	130.82
0.59	130.85
0.50
0.53
0.48
0.59
0.57
0.54
0.54
0.41
0.44
0.39
0.44
0.58
0.57
0.54
0.53
0.90
0.93
2.02
0.95
0.56
0.49
0.43
0.50
0.45
0.43
0.57
0.47
0.57
0.58
0.60
0.56
