CorWatt	PkgWatt
4.37	151.92
0.08	75.96
0.09
0.08
0.08
0.07
0.08
0.08
0.08
0.07
0.06
0.06
0.06
0.06
0.06
0.06
0.06
0.08
0.08
0.08
0.08
0.08
0.08
0.07
0.07
0.07
0.07
0.07
0.07
0.06
0.07
0.07
0.06
0.07	75.97
0.07
0.07
0.07
0.07
0.06
0.06
0.06
0.06
0.06
0.06
0.06
0.06
0.06
0.06
0.07
0.07
0.06
0.06
0.07
0.07
0.07
0.07
0.07
0.06
0.06
0.06
0.06
0.06
0.06
0.06
0.06
CorWatt	PkgWatt
4.60	151.30
0.09	75.77
0.09
0.08
0.08
0.09
0.08
0.08
0.08
0.08
0.07
0.07
0.07
0.08
0.10
0.07
0.07
0.09
0.08
0.08
0.09
0.09
0.08
0.09
0.08
0.07
0.08
0.08
0.07
0.07
0.07
0.07
0.10
0.07	75.53
0.07
0.07
0.08
0.06
0.06
0.06
0.06
0.06
0.06
0.06
0.06
0.06
0.06
0.06
0.07
0.07
0.06
0.06
0.07
0.07
0.07
0.07
0.07
0.06
0.06
0.06
0.06
0.06
0.06
0.06
0.06
CorWatt	PkgWatt
13.54	176.27
0.26	87.20
0.31
0.19
0.17
0.15
0.19
0.24
0.21
0.17
0.19
0.13
0.11
0.15
0.21
0.17
0.15
0.14
0.14
0.13
0.17
0.17
0.16
0.24
0.20
0.16
0.14
0.20
0.20
0.18
0.13
0.17
0.18
0.19	89.23
0.27
0.18
0.26
0.21
0.25
0.23
0.26
0.24
0.12
0.28
0.29
0.20
0.17
0.34
0.31
0.19
0.18
0.19
0.32
0.25
0.22
0.30
0.23
0.51
0.23
0.29
0.26
0.16
0.15
0.27
0.31
CorWatt	PkgWatt
5.42	152.64
0.11	76.63
0.13
0.11
0.10
0.13
0.13
0.10
0.10
0.08
0.08
0.15
0.08
0.08
0.09
0.08
0.11
0.09
0.10
0.10
0.09
0.11
0.09
0.09
0.09
0.08
0.10
0.08
0.08
0.08
0.10
0.08
0.09
0.07	75.98
0.07
0.07
0.07
0.07
0.07
0.07
0.07
0.07
0.07
0.07
0.07
0.07
0.07
0.07
0.08
0.07
0.07
0.07
0.08
0.08
0.11
0.08
0.08
0.07
0.07
0.08
0.07
0.07
0.07
0.07
0.07
CorWatt	PkgWatt
5.06	152.34
0.10	76.63
0.10
0.11
0.09
0.11
0.09
0.09
0.10
0.12
0.09
0.08
0.08
0.07
0.07
0.09
0.08
0.09
0.09
0.10
0.09
0.10
0.10
0.09
0.10
0.09
0.10
0.11
0.09
0.08
0.14
0.08
0.08
0.07	75.63
0.06
0.07
0.06
0.07
0.07
0.07
0.06
0.06
0.06
0.06
0.06
0.06
0.06
0.06
0.06
0.07
0.07
0.06
0.07
0.07
0.09
0.07
0.07
0.06
0.06
0.06
0.06
0.06
0.06
0.06
0.06
CorWatt	PkgWatt
6.42	157.13
0.13	78.45
0.11
0.10
0.16
0.09
0.09
0.09
0.11
0.12
0.09
0.08
0.08
0.08
0.09
0.08
0.09
0.10
0.09
0.09
0.09
0.11
0.10
0.09
0.09
0.08
0.10
0.11
0.09
0.09
0.10
0.09
0.09
0.11	78.80
0.11
0.10
0.10
0.10
0.09
0.10
0.10
0.10
0.10
0.09
0.11
0.09
0.09
0.10
0.10
0.10
0.10
0.10
0.11
0.11
0.13
0.11
0.11
0.13
0.13
0.13
0.13
0.09
0.09
0.09
0.09
CorWatt	PkgWatt
5.36	154.65
0.10	78.64
0.12
0.10
0.10
0.11
0.09
0.09
0.14
0.09
0.08
0.08
0.09
0.08
0.08
0.09
0.08
0.10
0.09
0.09
0.10
0.10
0.11
0.09
0.09
0.09
0.09
0.16
0.09
0.08
0.09
0.08
0.09
0.07	75.93
0.07
0.07
0.07
0.07
0.07
0.07
0.07
0.07
0.07
0.07
0.07
0.07
0.07
0.07
0.07
0.07
0.07
0.07
0.08
0.08
0.10
0.08
0.08
0.07
0.07
0.07
0.07
0.07
0.07
0.07
0.07
CorWatt	PkgWatt
5.07	154.07
0.10	76.40
0.10
0.09
0.11
0.13
0.13
0.10
0.10
0.09
0.08
0.08
0.08
0.11
0.08
0.07
0.07
0.09
0.09
0.09
0.10
0.09
0.08
0.10
0.08
0.08
0.08
0.09
0.08
0.07
0.08
0.08
0.07
0.07	77.60
0.07
0.07
0.07
0.07
0.07
0.07
0.07
0.06
0.06
0.06
0.06
0.06
0.06
0.06
0.06
0.07
0.07
0.07
0.08
0.08
0.09
0.08
0.07
0.07
0.07
0.06
0.06
0.07
0.06
0.06
0.06
CorWatt	PkgWatt
4.90	151.71
0.10	76.31
0.14
0.13
0.09
0.10
0.09
0.09
0.14
0.09
0.08
0.07
0.07
0.09
0.08
0.08
0.08
0.09
0.09
0.09
0.10
0.11
0.09
0.09
0.08
0.08
0.10
0.08
0.09
0.07
0.09
0.08
0.07
0.06	75.38
0.06
0.06
0.06
0.06
0.06
0.06
0.06
0.06
0.06
0.06
0.06
0.06
0.06
0.06
0.06
0.07
0.06
0.06
0.07
0.07
0.08
0.07
0.07
0.06
0.06
0.06
0.06
0.06
0.06
0.06
0.06
CorWatt	PkgWatt
4.99	152.01
0.10	76.54
0.11
0.10
0.10
0.10
0.09
0.09
0.10
0.09
0.08
0.07
0.07
0.07
0.09
0.08
0.07
0.11
0.10
0.09
0.09
0.14
0.10
0.09
0.09
0.12
0.08
0.08
0.13
0.08
0.09
0.08
0.09
0.07	75.56
0.06
0.07
0.06
0.07
0.07
0.07
0.06
0.06
0.06
0.06
0.06
0.06
0.06
0.06
0.06
0.07
0.06
0.06
0.07
0.07
0.08
0.07
0.07
0.06
0.06
0.06
0.06
0.06
0.06
0.06
0.06
CorWatt	PkgWatt
5.13	152.47
0.10	76.67
0.10
0.16
0.10
0.09
0.09
0.09
0.11
0.08
0.09
0.08
0.07
0.09
0.08
0.08
0.12
0.10
0.09
0.09
0.09
0.10
0.09
0.09
0.09
0.09
0.09
0.09
0.09
0.08
0.09
0.08
0.08
0.07	75.71
0.07
0.07
0.07
0.07
0.07
0.07
0.07
0.07
0.06
0.06
0.06
0.06
0.06
0.06
0.06
0.07
0.07
0.07
0.08
0.07
0.09
0.07
0.07
0.06
0.06
0.06
0.06
0.06
0.06
0.06
0.07
CorWatt	PkgWatt
5.01	151.96
0.10	76.40
0.10
0.11
0.10
0.09
0.09
0.09
0.16
0.07
0.08
0.08
0.07
0.08
0.09
0.08
0.07
0.09
0.09
0.10
0.09
0.14
0.09
0.09
0.09
0.08
0.10
0.10
0.09
0.07
0.09
0.08
0.07
0.06	75.60
0.06
0.07
0.06
0.07
0.07
0.07
0.06
0.06
0.06
0.06
0.06
0.06
0.06
0.06
0.06
0.07
0.07
0.06
0.07
0.07
0.09
0.08
0.07
0.06
0.06
0.06
0.06
0.06
0.06
0.06
0.06
CorWatt	PkgWatt
6.45	157.54
0.13	79.09
0.12
0.11
0.11
0.12
0.12
0.10
0.11
0.09
0.14
0.12
0.12
0.09
0.14
0.11
0.10
0.10
0.11
0.12
0.12
0.10
0.10
0.11
0.17
0.10
0.11
0.11
0.13
0.08
0.16
0.10
0.09
0.08	78.45
0.08
0.09
0.09
0.09
0.09
0.11
0.08
0.11
0.09
0.08
0.08
0.08
0.09
0.11
0.08
0.09
0.08
0.08
0.11
0.09
0.11
0.10
0.09
0.09
0.09
0.08
0.07
0.09
0.07
0.07
0.08
