CorWatt	PkgWatt
5.11	152.41
0.10	76.26
0.09
0.09
0.09
0.09
0.09
0.08
0.08
0.08
0.08
0.08
0.08
0.08
0.08
0.08
0.08
0.08
0.09
0.09
0.08
0.09
0.09
0.09
0.09
0.08
0.08
0.08
0.09
0.08
0.08
0.08
0.08
0.08	76.09
0.08
0.08
0.08
0.08
0.08
0.08
0.08
0.06
0.06
0.06
0.06
0.07
0.16
0.07
0.07
0.08
0.08
0.08
0.08
0.08
0.09
0.08
0.08
0.07
0.07
0.07
0.07
0.07
0.07
0.07
0.07
CorWatt	PkgWatt
4.72	151.51
0.09	76.22
0.09
0.09
0.09
0.09
0.08
0.08
0.08
0.08
0.08
0.08
0.09
0.07
0.08
0.07
0.12
0.08
0.08
0.09
0.08
0.09
0.08
0.09
0.08
0.08
0.08
0.09
0.08
0.08
0.08
0.08
0.12
0.07	75.41
0.07
0.07
0.07
0.07
0.07
0.07
0.07
0.05
0.05
0.05
0.05
0.06
0.06
0.05
0.05
0.07
0.07
0.06
0.07
0.07
0.07
0.07
0.07
0.06
0.06
0.06
0.06
0.06
0.05
0.06
0.05
CorWatt	PkgWatt
75.50	264.70
0.62	125.92
1.31
1.26
1.25
1.11
1.11
1.05
1.04
1.13
1.12
1.09
1.14
1.06
1.05
0.99
1.04
1.09
1.09
1.09
1.08
1.09
1.09
1.04
1.04
1.09
1.08
1.13
1.09
1.09
1.07
1.02
1.02
1.22	138.72
1.16
1.14
1.33
1.31
1.21
1.21
1.20
1.26
1.29
1.22
3.17
1.26
1.29
1.20
1.27
1.16
1.15
1.20
1.29
1.20
1.19
1.17
1.21
1.21
1.26
1.17
1.23
1.23
1.21
1.17
1.15
CorWatt	PkgWatt
155.62	375.58
0.38	183.86
2.60
2.63
2.58
2.51
2.50
2.34
2.34
2.48
2.42
2.41
2.44
2.45
2.43
2.28
2.24
2.46
2.44
2.45
2.44
2.42
2.44
2.27
2.27
2.47
2.44
2.46
2.41
2.38
2.41
2.21
2.20
2.53	192.03
2.50
2.47
2.46
2.54
2.50
2.33
2.31
2.60
2.60
2.55
3.92
2.59
2.55
2.36
2.37
2.48
2.44
2.49
2.50
2.53
2.53
2.34
2.34
2.53
2.50
2.53
2.52
2.53
2.52
2.31
2.23
