CorWatt	PkgWatt
14.96	127.24
0.53	127.25
0.44
0.48
0.43
0.50
0.49
0.49
0.57
0.44
0.44
0.39
0.41
0.58
0.58
0.51
0.55
0.49
0.46
0.45
0.47
0.39
0.39
0.41
0.41
0.38
0.39
0.38
0.38
0.57
0.51
0.52
0.52
CorWatt	PkgWatt
14.90	127.00
0.53	126.99
0.44
0.47
0.43
0.49
0.50
0.49
0.49
0.44
0.46
0.39
0.43
0.53
0.56
0.49
0.54
0.51
0.50
0.45
0.46
0.39
0.39
0.44
0.40
0.37
0.39
0.39
0.39
0.54
0.50
0.56
0.53
CorWatt	PkgWatt
18.33	129.89
0.72	129.94
0.61
0.58
0.54
0.68
0.68
0.59
0.62
0.56
0.52
0.46
0.55
0.60
0.57
0.55
0.63
0.59
0.56
0.53
0.57
0.59
0.61
0.59
0.55
0.45
0.45
0.45
0.50
0.63
0.59
0.59
0.64
CorWatt	PkgWatt
15.04	127.10
0.57	127.07
0.50
0.51
0.47
0.55
0.51
0.51
0.50
0.43
0.43
0.39
0.44
0.50
0.50
0.49
0.52
0.48
0.46
0.45
0.46
0.42
0.45
0.42
0.42
0.37
0.35
0.39
0.43
0.53
0.52
0.51
0.55
CorWatt	PkgWatt
15.76	127.85
0.50	127.77
0.46
0.50
0.45
0.53
0.56
0.53
0.54
0.41
0.44
0.39
0.45
0.52
0.52
0.52
0.54
0.53
0.48
0.50
0.48
0.44
0.50
0.43
0.44
0.39
0.44
0.41
0.49
0.57
0.53
0.69
0.57
