CorWatt	PkgWatt
4.47	151.34
0.09	75.93
0.08
0.08
0.08
0.08
0.08
0.08
0.08
0.07
0.07
0.07
0.07
0.07
0.07
0.07
0.07
0.08
0.08
0.08
0.08
0.09
0.08
0.08
0.08
0.08
0.08
0.08
0.08
0.07
0.07
0.07
0.07
0.07	75.46
0.06
0.06
0.07
0.07
0.07
0.07
0.06
0.06
0.06
0.06
0.06
0.06
0.06
0.05
0.06
0.15
0.06
0.06
0.07
0.07
0.07
0.07
0.07
0.06
0.06
0.06
0.06
0.06
0.06
0.06
0.06
CorWatt	PkgWatt
4.83	152.06
0.11	76.49
0.09
0.09
0.09
0.09
0.12
0.09
0.09
0.08
0.08
0.07
0.08
0.08
0.07
0.09
0.07
0.08
0.13
0.12
0.08
0.10
0.09
0.09
0.13
0.10
0.10
0.09
0.11
0.07
0.08
0.08
0.08
0.07	75.45
0.07
0.07
0.07
0.07
0.07
0.06
0.06
0.06
0.05
0.05
0.05
0.06
0.05
0.05
0.05
0.06
0.06
0.06
0.06
0.07
0.07
0.07
0.07
0.06
0.05
0.06
0.06
0.06
0.06
0.06
0.06
CorWatt	PkgWatt
101.87	299.39
1.04	154.89
1.55
1.70
1.71
1.71
1.70
1.59
1.59
1.65
1.63
1.76
1.63
1.72
1.71
1.68
1.62
1.72
1.71
1.77
1.71
1.65
1.62
1.54
1.55
3.22
1.68
1.67
1.66
1.62
1.73
1.61
1.55
1.56	144.61
1.54
1.53
1.51
1.55
1.54
1.43
1.42
1.54
1.52
1.52
1.53
1.54
1.53
1.42
1.42
1.53
1.50
1.52
1.53
1.54
1.55
1.43
1.43
1.52
1.50
1.50
1.49
1.50
1.50
1.38
1.35
