CorWatt	PkgWatt
15.78	128.33
0.54	128.32
0.46
0.48
0.44
0.54
0.56
0.53
0.53
0.45
0.46
0.45
0.44
0.56
0.59
0.51
0.55
0.49
0.50
0.52
0.51
0.48
0.43
0.44
0.44
0.40
0.37
0.39
0.51
0.60
0.51
0.57
0.54
CorWatt	PkgWatt
15.14	127.25
0.50	127.87
0.47
0.47
0.45
0.50
0.56
0.51
0.49
0.40
0.45
0.41
0.38
0.50
0.56
0.50
0.52
0.48
0.52
0.53
0.51
0.48
0.43
0.45
0.41
0.39
0.38
0.38
0.39
0.59
0.51
0.56
0.51
CorWatt	PkgWatt
18.43	131.32
0.66	130.71
0.65
0.61
0.58
0.62
0.66
0.63
0.69
0.52
0.51
0.51
0.51
0.58
0.63
0.58
0.59
0.57
0.60
0.66
0.60
0.54
0.48
0.49
0.47
0.49
0.48
0.48
0.48
0.64
0.59
0.65
0.60
CorWatt	PkgWatt
15.90	128.39
0.56	128.23
0.48
0.52
0.56
0.53
0.54
0.53
0.55
0.41
0.48
0.42
0.41
0.54
0.54
0.55
0.55
0.59
0.50
0.48
0.51
0.46
0.42
0.42
0.44
0.39
0.44
0.39
0.40
0.61
0.54
0.58
0.56
