CorWatt	PkgWatt
15.53	127.55
0.54	127.57
0.48
0.51
0.49
0.53
0.51
0.52
0.51
0.43
0.49
0.41
0.51
0.55
0.56
0.52
0.56
0.45
0.53
0.47
0.50
0.42
0.41
0.40
0.40
0.39
0.43
0.40
0.42
0.57
0.53
0.56
0.54
CorWatt	PkgWatt
14.86	126.61
0.51	127.20
0.45
0.50
0.44
0.50
0.49
0.49
0.48
0.39
0.45
0.42
0.43
0.54
0.51
0.49
0.54
0.44
0.53
0.48
0.49
0.40
0.43
0.39
0.41
0.39
0.44
0.42
0.40
0.51
0.51
0.51
0.50
CorWatt	PkgWatt
21.28	133.67
0.69	133.07
0.53
0.58
0.51
0.66
0.60
0.56
0.55
2.26
0.63
0.52
0.54
0.78
0.65
0.60
0.63
0.66
0.65
0.61
0.76
0.65
0.62
0.62
0.64
0.80
0.45
0.47
0.55
0.62
0.58
0.71
0.58
CorWatt	PkgWatt
16.22	128.27
0.53	128.24
0.44
0.50
0.45
0.49
0.49
0.49
0.48
0.49
0.45
0.37
0.41
0.74
0.76
0.73
1.25
0.47
0.53
0.47
0.48
0.46
0.44
0.40
0.41
0.35
0.37
0.36
0.37
0.52
0.51
0.50
0.49
CorWatt	PkgWatt
16.58	128.53
0.50	128.53
0.44
0.53
0.47
0.49
0.51
0.49
0.50
0.49
0.46
0.38
0.40
0.81
0.77
0.74
1.25
0.49
0.52
0.45
0.48
0.48
0.46
0.43
0.46
0.35
0.37
0.37
0.39
0.55
0.51
0.51
0.53
CorWatt	PkgWatt
16.41	128.23
0.52	128.24
0.44
0.44
0.47
0.48
0.48
0.48
0.47
0.42
0.57
0.42
0.46
1.30
0.76
0.73
0.75
0.47
0.52
0.45
0.49
0.49
0.46
0.43
0.44
0.35
0.37
0.35
0.37
0.51
0.50
0.52
0.49
CorWatt	PkgWatt
16.44	128.27
0.52	128.26
0.44
0.48
0.51
0.49
0.49
0.50
0.49
0.41
0.47
0.40
0.44
1.08
0.77
0.74
1.02
0.47
0.47
0.46
0.48
0.44
0.54
0.41
0.42
0.36
0.36
0.36
0.36
0.52
0.52
0.52
0.51
CorWatt	PkgWatt
16.32	128.35
0.49	128.35
0.44
0.44
0.47
0.48
0.48
0.48
0.47
0.39
0.43
0.37
0.40
0.78
0.74
0.70
1.60
0.47
0.46
0.46
0.47
0.43
0.51
0.40
0.41
0.36
0.39
0.37
0.42
0.51
0.50
0.50
0.49
CorWatt	PkgWatt
17.56	130.17
0.53	130.17
0.44
0.47
0.47
0.49
0.51
0.52
0.52
0.39
0.43
0.38
0.40
0.52
0.55
0.50
3.30
0.48
0.49
0.45
0.46
0.45
0.51
0.41
0.41
0.35
0.35
0.36
0.36
0.53
0.51
0.54
0.51
CorWatt	PkgWatt
17.77	130.33
0.53	130.33
0.46
0.49
0.50
0.48
0.48
0.48
0.50
0.40
0.44
0.40
0.41
0.56
0.58
0.55
3.29
0.47
0.48
0.45
0.46
0.44
0.51
0.38
0.40
0.37
0.38
0.38
0.38
0.55
0.53
0.50
0.52
CorWatt	PkgWatt
17.40	130.22
0.52	130.22
0.44
0.47
0.47
0.48
0.48
0.48
0.48
0.40
0.47
0.38
0.39
0.51
0.55
0.50
3.31
0.47
0.47
0.45
0.49
0.44
0.51
0.39
0.38
0.35
0.35
0.36
0.36
0.52
0.51
0.50
0.51
CorWatt	PkgWatt
17.21	129.99
0.52	129.99
0.44
0.48
0.42
0.48
0.48
0.48
0.47
0.37
0.42
0.37
0.39
0.50
0.54
0.50
3.30
0.47
0.46
0.45
0.46
0.42
0.49
0.39
0.39
0.37
0.37
0.37
0.38
0.53
0.50
0.51
0.49
CorWatt	PkgWatt
17.46	130.00
0.51	130.01
0.43
0.49
0.43
0.50
0.51
0.49
0.50
0.40
0.43
0.37
0.40
0.51
0.55
0.51
3.30
0.49
0.49
0.46
0.49
0.43
0.49
0.40
0.39
0.38
0.36
0.36
0.37
0.52
0.50
0.51
0.50
CorWatt	PkgWatt
17.33	130.11
0.51	130.11
0.43
0.48
0.42
0.48
0.48
0.48
0.47
0.38
0.42
0.37
0.40
0.52
0.55
0.52
3.30
0.47
0.46
0.45
0.45
0.42
0.49
0.38
0.38
0.37
0.42
0.39
0.38
0.52
0.50
0.51
0.51
CorWatt	PkgWatt
17.20	129.85
0.51	129.85
0.43
0.48
0.42
0.48
0.48
0.48
0.48
0.38
0.43
0.37
0.40
0.51
0.55
0.51
3.30
0.47
0.46
0.44
0.46
0.42
0.49
0.39
0.38
0.35
0.35
0.35
0.35
0.52
0.51
0.54
0.51
CorWatt	PkgWatt
17.22	130.02
0.53	130.03
0.45
0.49
0.44
0.48
0.50
0.48
0.47
0.38
0.42
0.37
0.40
0.51
0.54
0.49
3.30
0.46
0.46
0.45
0.47
0.42
0.49
0.38
0.39
0.35
0.35
0.35
0.36
0.51
0.50
0.51
0.50
CorWatt	PkgWatt
17.47	130.06
0.52	130.06
0.46
0.51
0.45
0.50
0.50
0.50
0.50
0.39
0.42
0.38
0.39
0.52
0.55
0.51
3.30
0.50
0.46
0.47
0.48
0.43
0.49
0.39
0.39
0.36
0.36
0.36
0.36
0.52
0.50
0.51
0.51
CorWatt	PkgWatt
17.21	130.09
0.52	130.09
0.43
0.47
0.45
0.49
0.48
0.48
0.47
0.38
0.42
0.37
0.41
0.50
0.54
0.49
3.30
0.47
0.46
0.45
0.48
0.43
0.50
0.39
0.40
0.35
0.35
0.35
0.36
0.51
0.50
0.50
0.49
CorWatt	PkgWatt
17.18	129.86
0.52	129.86
0.43
0.45
0.42
0.49
0.50
0.48
0.47
0.39
0.42
0.37
0.39
0.50
0.55
0.49
3.30
0.47
0.46
0.45
0.46
0.42
0.50
0.39
0.38
0.35
0.37
0.37
0.37
0.53
0.50
0.50
0.50
CorWatt	PkgWatt
17.47	130.18
0.53	130.18
0.43
0.45
0.43
0.48
0.48
0.49
0.51
0.41
0.43
0.41
0.41
0.52
0.54
0.51
3.27
0.49
0.46
0.45
0.46
0.45
0.50
0.38
0.38
0.35
0.42
0.41
0.38
0.51
0.52
0.51
0.51
CorWatt	PkgWatt
18.29	129.91
0.58	129.93
0.53
0.77
0.53
0.68
0.69
1.06
0.71
0.49
0.52
0.45
0.80
0.60
0.62
0.60
0.59
0.52
0.53
0.50
0.55
0.49
0.55
0.50
0.46
0.41
0.41
0.40
0.41
0.59
0.56
0.63
0.58
CorWatt	PkgWatt
16.47	128.29
0.50	128.27
0.43
0.56
0.47
0.84
0.85
1.11
1.30
0.37
0.42
0.37
0.40
0.51
0.50
0.49
0.52
0.44
0.49
0.45
0.46
0.40
0.41
0.38
0.38
0.35
0.35
0.35
0.35
0.51
0.50
0.52
0.49
CorWatt	PkgWatt
16.77	128.54
0.50	128.54
0.45
0.56
0.49
0.83
0.84
0.88
1.51
0.41
0.43
0.40
0.42
0.53
0.55
0.54
0.51
0.45
0.52
0.44
0.49
0.40
0.41
0.38
0.38
0.35
0.35
0.36
0.36
0.52
0.52
0.50
0.50
CorWatt	PkgWatt
16.53	128.31
0.52	128.30
0.46
0.56
0.46
0.83
0.84
0.87
1.50
0.40
0.44
0.39
0.41
0.52
0.51
0.49
0.52
0.45
0.49
0.46
0.45
0.41
0.41
0.38
0.40
0.35
0.35
0.35
0.35
0.51
0.50
0.50
0.49
CorWatt	PkgWatt
16.57	128.47
0.53	128.48
0.44
0.57
0.45
0.84
0.84
0.88
1.50
0.38
0.43
0.37
0.40
0.51
0.53
0.49
0.50
0.45
0.50
0.45
0.46
0.40
0.41
0.39
0.38
0.36
0.36
0.36
0.36
0.51
0.50
0.50
0.50
CorWatt	PkgWatt
16.46	128.24
0.53	128.24
0.44
0.58
0.47
0.83
0.85
1.17
1.20
0.37
0.42
0.36
0.38
0.49
0.50
0.50
0.50
0.44
0.49
0.45
0.46
0.41
0.41
0.38
0.39
0.35
0.37
0.37
0.36
0.51
0.49
0.51
0.49
CorWatt	PkgWatt
18.03	129.51
0.49	129.50
0.44
0.57
0.48
1.05
1.06
2.19
1.06
0.40
0.45
0.39
0.43
0.53
0.57
0.51
0.52
0.44
0.49
0.45
0.46
0.42
0.41
0.39
0.38
0.35
0.35
0.37
0.36
0.51
0.50
0.51
0.52
CorWatt	PkgWatt
19.68	131.16
0.54	131.17
0.44
0.57
0.50
1.34
1.35
3.11
1.34
0.38
0.43
0.37
0.41
0.50
0.50
0.50
0.51
0.45
0.51
0.45
0.47
0.41
0.41
0.39
0.40
0.36
0.35
0.35
0.36
0.51
0.49
0.50
0.49
CorWatt	PkgWatt
19.69	131.22
0.52	131.22
0.44
0.56
0.49
1.34
1.35
3.09
1.33
0.39
0.44
0.37
0.39
0.50
0.52
0.49
0.51
0.45
0.50
0.45
0.46
0.42
0.45
0.39
0.39
0.36
0.36
0.36
0.35
0.51
0.50
0.50
0.50
CorWatt	PkgWatt
19.53	130.96
0.52	130.96
0.44
0.56
0.47
1.34
1.35
2.89
1.54
0.37
0.43
0.37
0.40
0.50
0.52
0.50
0.51
0.44
0.49
0.45
0.46
0.41
0.41
0.38
0.40
0.35
0.35
0.35
0.36
0.51
0.49
0.50
0.49
CorWatt	PkgWatt
20.04	131.27
0.52	131.29
0.46
0.57
0.54
1.33
1.35
3.10
1.33
0.38
0.47
0.39
0.40
0.50
0.52
0.50
0.52
0.44
0.50
0.45
0.46
0.42
0.41
0.39
0.39
0.39
0.37
0.40
0.37
0.54
0.54
0.58
0.52
CorWatt	PkgWatt
19.67	131.03
0.52	131.02
0.45
0.56
0.48
1.34
1.35
3.10
1.34
0.38
0.43
0.36
0.40
0.50
0.51
0.51
0.51
0.44
0.49
0.45
0.46
0.44
0.43
0.38
0.41
0.36
0.35
0.37
0.35
0.51
0.50
0.51
0.50
CorWatt	PkgWatt
19.93	131.37
0.51	131.38
0.44
0.58
0.50
1.34
1.35
3.10
1.34
0.38
0.43
0.38
0.40
0.50
0.53
0.54
0.52
0.47
0.52
0.45
0.49
0.43
0.44
0.41
0.41
0.36
0.35
0.36
0.37
0.52
0.51
0.50
0.51
CorWatt	PkgWatt
19.52	130.97
0.53	130.97
0.44
0.57
0.51
1.34
1.35
1.69
2.73
0.37
0.42
0.36
0.38
0.50
0.50
0.49
0.52
0.44
0.49
0.44
0.46
0.41
0.41
0.38
0.38
0.35
0.35
0.35
0.35
0.51
0.50
0.50
0.49
CorWatt	PkgWatt
19.67	131.06
0.54	131.07
0.44
0.59
0.48
1.33
1.35
2.59
1.83
0.38
0.43
0.36
0.38
0.51
0.51
0.49
0.50
0.45
0.49
0.45
0.46
0.43
0.42
0.39
0.41
0.36
0.37
0.35
0.36
0.52
0.49
0.51
0.51
CorWatt	PkgWatt
19.57	130.97
0.52	130.96
0.44
0.56
0.47
1.34
1.35
2.29
2.16
0.38
0.43
0.37
0.40
0.50
0.50
0.49
0.51
0.44
0.49
0.44
0.46
0.43
0.42
0.38
0.40
0.35
0.35
0.35
0.36
0.51
0.50
0.52
0.49
CorWatt	PkgWatt
19.73	131.24
0.53	131.24
0.44
0.57
0.51
1.34
1.35
1.34
3.08
0.40
0.43
0.37
0.40
0.50
0.51
0.49
0.52
0.46
0.50
0.45
0.46
0.42
0.43
0.39
0.41
0.35
0.35
0.36
0.36
0.52
0.50
0.51
0.50
CorWatt	PkgWatt
19.22	130.79
0.56	130.77
0.50
0.65
0.56
1.01
1.00
1.96
1.12
0.43
0.46
0.41
0.75
0.56
0.57
0.56
0.57
0.48
0.52
0.48
0.49
0.46
0.46
0.42
0.43
0.41
0.39
0.42
0.41
0.54
0.53
0.54
0.53
CorWatt	PkgWatt
16.40	128.15
0.51	128.17
0.46
0.74
0.45
0.69
1.20
0.77
0.76
0.40
0.44
0.38
0.41
0.52
0.53
0.51
0.52
0.45
0.54
0.45
0.47
0.45
0.43
0.42
0.41
0.36
0.36
0.36
0.36
0.52
0.51
0.51
0.51
CorWatt	PkgWatt
15.86	127.78
0.50	127.77
0.43
0.57
0.45
0.72
1.04
0.78
0.90
0.38
0.42
0.36
0.40
0.53
0.52
0.52
0.50
0.44
0.50
0.44
0.45
0.43
0.39
0.38
0.40
0.35
0.35
0.35
0.36
0.51
0.49
0.50
0.49
CorWatt	PkgWatt
16.13	127.96
0.48	127.96
0.44
0.56
0.44
0.73
1.10
0.77
0.85
0.40
0.48
0.38
0.42
0.50
0.53
0.49
0.51
0.45
0.52
0.45
0.48
0.43
0.42
0.39
0.38
0.35
0.35
0.40
0.36
0.52
0.51
0.53
0.51
CorWatt	PkgWatt
15.76	127.63
0.49	127.62
0.44
0.55
0.43
0.72
1.12
0.77
0.79
0.37
0.44
0.36
0.41
0.50
0.50
0.48
0.50
0.44
0.49
0.44
0.46
0.43
0.39
0.38
0.38
0.36
0.36
0.38
0.37
0.52
0.50
0.50
0.49
CorWatt	PkgWatt
15.91	127.87
0.48	127.88
0.43
0.56
0.43
0.72
1.33
0.71
0.76
0.38
0.43
0.36
0.40
0.50
0.50
0.48
0.50
0.45
0.53
0.46
0.45
0.42
0.41
0.39
0.38
0.36
0.35
0.35
0.37
0.50
0.49
0.50
0.50
CorWatt	PkgWatt
18.47	132.78
0.52	132.78
0.45
0.56
0.43
0.53
4.43
0.49
0.56
0.37
0.42
0.36
0.39
0.51
0.52
0.50
0.50
0.44
0.49
0.44
0.45
0.42
0.42
0.38
0.39
0.37
0.37
0.40
0.37
0.50
0.49
0.50
0.51
CorWatt	PkgWatt
18.46	133.05
0.80	133.05
0.45
0.56
0.44
0.49
4.15
0.50
0.55
0.40
0.43
0.37
0.40
0.51
0.52
0.50
0.51
0.44
0.50
0.45
0.46
0.42
0.41
0.39
0.39
0.36
0.36
0.36
0.35
0.51
0.50
0.50
0.50
CorWatt	PkgWatt
18.46	132.80
4.33	132.79
0.50
0.58
0.47
0.49
0.52
0.48
0.56
0.39
0.43
0.37
0.41
0.51
0.50
0.48
0.51
0.44
0.50
0.45
0.46
0.42
0.42
0.38
0.39
0.36
0.36
0.41
0.38
0.51
0.49
0.50
0.49
CorWatt	PkgWatt
18.40	132.71
4.33	132.71
0.51
0.57
0.44
0.50
0.51
0.50
0.57
0.37
0.42
0.36
0.38
0.50
0.50
0.48
0.50
0.46
0.49
0.46
0.47
0.42
0.40
0.38
0.38
0.35
0.35
0.40
0.35
0.51
0.50
0.52
0.50
CorWatt	PkgWatt
18.46	132.84
4.33	132.84
0.50
0.56
0.47
0.49
0.53
0.49
0.55
0.37
0.42
0.37
0.40
0.51
0.52
0.49
0.52
0.45
0.49
0.45
0.46
0.43
0.40
0.39
0.39
0.36
0.35
0.37
0.36
0.51
0.50
0.51
0.51
CorWatt	PkgWatt
18.43	132.86
4.34	132.87
0.49
0.56
0.45
0.49
0.50
0.49
0.56
0.39
0.42
0.37
0.39
0.50
0.51
0.49
0.51
0.45
0.50
0.45
0.46
0.43
0.41
0.39
0.39
0.35
0.36
0.37
0.36
0.53
0.50
0.51
0.50
CorWatt	PkgWatt
18.60	132.97
4.34	132.97
0.51
0.57
0.47
0.49
0.50
0.48
0.55
0.41
0.42
0.40
0.41
0.52
0.51
0.52
0.51
0.46
0.50
0.44
0.46
0.40
0.42
0.38
0.38
0.35
0.36
0.42
0.39
0.51
0.52
0.51
0.52
CorWatt	PkgWatt
18.42	132.80
4.34	132.84
0.50
0.57
0.46
0.49
0.49
0.48
0.55
0.38
0.46
0.37
0.39
0.49
0.50
0.48
0.50
0.44
0.50
0.44
0.46
0.41
0.42
0.40
0.38
0.35
0.36
0.35
0.36
0.53
0.50
0.51
0.52
CorWatt	PkgWatt
18.45	132.84
4.34	132.80
0.49
0.56
0.45
0.51
0.51
0.51
0.58
0.38
0.43
0.37
0.40
0.50
0.50
0.49
0.50
0.45
0.50
0.45
0.46
0.42
0.40
0.38
0.39
0.35
0.35
0.39
0.36
0.51
0.50
0.50
0.49
CorWatt	PkgWatt
18.62	132.92
4.34	132.92
0.51
0.56
0.45
0.49
0.49
0.50
0.55
0.40
0.43
0.41
0.39
0.53
0.54
0.53
0.50
0.46
0.49
0.46
0.48
0.40
0.40
0.39
0.38
0.35
0.35
0.36
0.37
0.52
0.53
0.54
0.52
CorWatt	PkgWatt
18.37	132.91
4.34	132.90
0.51
0.55
0.44
0.48
0.49
0.48
0.56
0.40
0.44
0.40
0.42
0.52
0.50
0.48
0.51
0.45
0.48
0.44
0.45
0.41
0.41
0.38
0.40
0.35
0.35
0.35
0.35
0.51
0.50
0.50
0.49
CorWatt	PkgWatt
18.26	132.62
4.34	132.62
0.50
0.57
0.46
0.48
0.49
0.50
0.56
0.37
0.42
0.36
0.40
0.51
0.51
0.49
0.50
0.44
0.49
0.44
0.46
0.40
0.41
0.38
0.38
0.35
0.35
0.35
0.35
0.51
0.49
0.50
0.50
CorWatt	PkgWatt
17.81	129.94
1.06	129.95
0.51
0.58
0.52
0.56
0.59
0.55
0.59
0.42
0.47
0.41
0.44
0.56
0.57
0.56
0.58
0.52
0.56
0.50
1.04
0.52
0.75
0.53
0.51
0.41
0.40
0.48
0.42
0.56
0.55
0.55
0.55
CorWatt	PkgWatt
16.24	128.02
0.53	128.02
0.45
0.47
0.43
0.49
0.50
0.49
0.49
0.41
0.45
0.39
0.42
0.53
0.57
0.50
0.52
0.45
0.51
0.46
0.57
0.63
0.67
1.11
0.62
0.37
0.36
0.43
0.35
0.51
0.50
0.51
0.53
CorWatt	PkgWatt
16.14	128.21
0.54	128.21
0.46
0.47
0.45
0.49
0.50
0.49
0.48
0.37
0.44
0.37
0.40
0.51
0.51
0.49
0.51
0.45
0.53
0.46
0.59
0.64
0.66
0.97
0.79
0.36
0.36
0.46
0.37
0.52
0.51
0.51
0.50
CorWatt	PkgWatt
15.88	127.82
0.52	127.82
0.48
0.45
0.43
0.48
0.48
0.48
0.49
0.40
0.43
0.36
0.38
0.49
0.52
0.48
0.50
0.44
0.51
0.45
0.57
0.64
0.68
0.63
1.09
0.35
0.35
0.42
0.35
0.51
0.49
0.51
0.50
CorWatt	PkgWatt
15.81	127.80
0.49	127.81
0.46
0.45
0.43
0.48
0.49
0.48
0.48
0.36
0.43
0.36
0.41
0.51
0.52
0.48
0.51
0.44
0.50
0.44
0.58
0.64
0.66
1.09
0.64
0.36
0.35
0.42
0.35
0.50
0.50
0.50
0.49
CorWatt	PkgWatt
16.62	128.54
0.51	128.55
0.49
0.47
0.48
0.50
0.50
0.51
0.49
0.39
0.48
0.39
0.39
0.50
0.51
0.49
0.51
0.45
0.51
0.45
0.56
0.63
0.63
1.46
0.61
0.39
0.39
0.42
0.37
0.55
0.52
0.55
0.53
CorWatt	PkgWatt
17.58	130.17
0.55	130.17
0.44
0.45
0.43
0.48
0.49
0.48
0.47
0.37
0.43
0.37
0.39
0.49
0.50
0.50
0.50
0.45
0.51
0.45
0.58
3.07
0.58
0.56
0.55
0.35
0.35
0.43
0.36
0.51
0.50
0.50
0.49
CorWatt	PkgWatt
17.49	129.98
0.53	129.98
0.44
0.47
0.43
0.48
0.48
0.48
0.48
0.37
0.43
0.36
0.38
0.49
0.50
0.49
0.50
0.46
0.52
0.47
0.59
0.53
0.57
3.03
0.53
0.35
0.35
0.40
0.36
0.51
0.50
0.50
0.50
CorWatt	PkgWatt
17.48	130.10
0.55	130.10
0.43
0.46
0.46
0.48
0.49
0.50
0.47
0.38
0.43
0.36
0.40
0.50
0.50
0.48
0.50
0.44
0.49
0.46
0.57
0.51
0.57
3.04
0.52
0.35
0.35
0.41
0.35
0.50
0.50
0.51
0.50
CorWatt	PkgWatt
17.73	130.36
0.53	130.36
0.44
0.49
0.43
0.49
0.51
0.49
0.49
0.39
0.44
0.37
0.39
0.51
0.51
0.49
0.51
0.45
0.50
0.47
0.57
0.52
0.58
3.06
0.54
0.35
0.37
0.40
0.37
0.53
0.51
0.51
0.52
CorWatt	PkgWatt
17.36	129.96
0.53	129.96
0.43
0.44
0.45
0.49
0.49
0.48
0.47
0.37
0.42
0.36
0.39
0.50
0.50
0.48
0.50
0.44
0.50
0.46
0.58
0.54
0.56
3.03
0.53
0.35
0.35
0.35
0.36
0.50
0.50
0.50
0.49
CorWatt	PkgWatt
17.46	130.03
0.53	130.03
0.47
0.46
0.44
0.49
0.50
0.49
0.48
0.38
0.43
0.37
0.41
0.49
0.51
0.48
0.51
0.44
0.50
0.46
0.58
0.52
0.57
3.04
0.54
0.35
0.35
0.35
0.35
0.51
0.49
0.50
0.50
CorWatt	PkgWatt
17.40	129.86
0.51	129.86
0.47
0.44
0.45
0.49
0.49
0.49
0.48
0.37
0.42
0.37
0.39
0.49
0.50
0.49
0.50
0.44
0.49
0.46
0.57
0.52
0.55
3.05
0.53
0.35
0.35
0.37
0.36
0.50
0.49
0.51
0.50
CorWatt	PkgWatt
17.70	130.29
0.55	130.30
0.44
0.46
0.43
0.50
0.49
0.51
0.51
0.38
0.43
0.37
0.40
0.49
0.51
0.49
0.51
0.45
0.53
0.46
0.57
2.89
0.57
0.73
0.54
0.36
0.35
0.36
0.35
0.52
0.50
0.51
0.51
CorWatt	PkgWatt
17.55	129.99
0.53	129.99
0.43
0.46
0.45
0.48
0.49
0.48
0.49
0.38
0.42
0.37
0.40
0.52
0.51
0.50
0.50
0.44
0.52
0.46
0.58
2.64
0.57
0.99
0.55
0.35
0.35
0.35
0.36
0.50
0.50
0.50
0.49
CorWatt	PkgWatt
17.55	129.86
0.53	129.86
0.44
0.45
0.43
0.48
0.48
0.48
0.49
0.39
0.47
0.37
0.39
0.49
0.52
0.49
0.50
0.44
0.49
0.46
0.58
3.06
0.57
0.55
0.53
0.35
0.35
0.37
0.37
0.52
0.50
0.51
0.50
CorWatt	PkgWatt
17.34	129.79
0.53	129.80
0.44
0.44
0.43
0.48
0.48
0.48
0.47
0.37
0.42
0.36
0.38
0.49
0.50
0.49
0.50
0.44
0.49
0.46
0.58
0.54
0.55
3.04
0.54
0.35
0.36
0.36
0.36
0.51
0.49
0.50
0.49
CorWatt	PkgWatt
17.04	129.29
0.52	129.27
0.45
0.45
0.44
0.50
0.51
0.50
0.51
0.39
0.43
0.37
0.38
0.50
0.52
0.49
0.50
0.49
0.53
0.48
0.60
0.50
0.53
2.31
0.51
0.38
0.36
0.36
0.39
0.51
0.62
0.51
0.51
CorWatt	PkgWatt
17.77	129.39
0.76	129.41
0.51
0.48
0.47
1.03
0.89
0.70
0.70
0.41
0.48
0.42
0.45
0.56
0.56
0.56
0.55
0.52
0.56
0.51
0.53
0.46
0.49
0.49
0.46
0.43
0.45
0.44
0.45
0.57
0.75
0.57
0.57
CorWatt	PkgWatt
15.80	127.92
0.58	127.90
0.45
0.46
0.44
0.73
1.26
0.72
0.72
0.39
0.42
0.36
0.39
0.50
0.51
0.48
0.50
0.44
0.49
0.45
0.45
0.38
0.41
0.45
0.41
0.35
0.35
0.36
0.35
0.50
0.49
0.51
0.50
CorWatt	PkgWatt
15.86	127.77
0.59	127.78
0.47
0.45
0.43
1.28
0.76
0.71
0.71
0.37
0.42
0.36
0.41
0.50
0.50
0.48
0.50
0.45
0.49
0.45
0.45
0.39
0.42
0.44
0.42
0.35
0.35
0.35
0.36
0.50
0.49
0.51
0.49
CorWatt	PkgWatt
15.98	127.68
0.57	127.67
0.47
0.45
0.43
1.30
0.75
0.73
0.73
0.39
0.42
0.38
0.39
0.50
0.52
0.49
0.51
0.47
0.48
0.46
0.47
0.39
0.41
0.39
0.41
0.36
0.38
0.37
0.35
0.51
0.49
0.51
0.50
CorWatt	PkgWatt
15.71	127.57
0.59	127.57
0.43
0.44
0.42
1.31
0.74
0.71
0.71
0.37
0.42
0.36
0.40
0.49
0.50
0.48
0.50
0.45
0.48
0.45
0.45
0.38
0.41
0.38
0.41
0.35
0.35
0.36
0.38
0.51
0.48
0.51
0.49
CorWatt	PkgWatt
17.15	129.33
0.57	129.33
0.45
0.45
0.45
2.98
0.57
0.53
0.54
0.39
0.43
0.37
0.39
0.50
0.52
0.49
0.51
0.45
0.52
0.45
0.46
0.39
0.43
0.39
0.42
0.36
0.37
0.37
0.37
0.53
0.50
0.53
0.51
CorWatt	PkgWatt
17.45	129.96
0.58	129.96
0.44
0.46
0.45
3.37
0.51
0.49
0.49
0.40
0.42
0.40
0.42
0.50
0.50
0.50
0.51
0.46
0.49
0.45
0.46
0.39
0.40
0.38
0.41
0.36
0.36
0.39
0.39
0.50
0.50
0.55
0.52
CorWatt	PkgWatt
17.49	129.76
0.57	129.77
0.45
0.46
0.44
3.37
0.51
0.50
0.51
0.39
0.47
0.37
0.41
0.49
0.51
0.49
0.51
0.45
0.49
0.46
0.48
0.40
0.42
0.40
0.41
0.36
0.37
0.36
0.36
0.53
0.49
0.54
0.54
CorWatt	PkgWatt
17.11	129.53
0.57	129.53
0.43
0.44
0.44
3.37
0.52
0.51
0.50
0.37
0.43
0.36
0.41
0.49
0.50
0.48
0.51
0.44
0.47
0.45
0.45
0.38
0.40
0.38
0.40
0.35
0.35
0.35
0.36
0.50
0.48
0.51
0.49
CorWatt	PkgWatt
17.47	129.80
0.58	129.81
0.48
0.45
0.43
3.37
0.53
0.50
0.49
0.40
0.44
0.43
0.39
0.52
0.59
0.53
0.51
0.46
0.48
0.45
0.47
0.38
0.40
0.38
0.40
0.35
0.35
0.36
0.36
0.51
0.50
0.50
0.50
CorWatt	PkgWatt
17.75	130.07
0.58	130.08
0.50
0.44
0.43
3.37
0.51
0.50
0.49
0.41
0.49
0.48
0.55
0.53
0.55
0.49
0.51
0.45
0.49
0.45
0.46
0.41
0.41
0.38
0.42
0.35
0.35
0.39
0.36
0.50
0.49
0.51
0.49
CorWatt	PkgWatt
17.59	129.91
0.59	129.89
0.48
0.48
0.46
3.37
0.51
0.51
0.51
0.39
0.43
0.37
0.40
0.54
0.53
0.50
0.51
0.45
0.51
0.46
0.46
0.40
0.41
0.39
0.41
0.35
0.36
0.43
0.36
0.51
0.49
0.52
0.51
CorWatt	PkgWatt
17.26	129.75
0.58	129.75
0.46
0.47
0.45
3.37
0.52
0.49
0.48
0.38
0.42
0.38
0.40
0.50
0.51
0.49
0.51
0.45
0.48
0.45
0.45
0.38
0.40
0.38
0.41
0.35
0.35
0.40
0.37
0.50
0.49
0.50
0.49
CorWatt	PkgWatt
17.29	129.63
0.58	129.64
0.43
0.47
0.43
3.37
0.51
0.49
0.49
0.38
0.44
0.39
0.41
0.51
0.57
0.49
0.51
0.44
0.49
0.45
0.45
0.38
0.40
0.38
0.40
0.35
0.35
0.37
0.35
0.50
0.49
0.51
0.51
CorWatt	PkgWatt
17.16	129.62
0.59	129.62
0.44
0.47
0.43
3.37
0.51
0.49
0.48
0.37
0.42
0.37
0.39
0.51
0.50
0.49
0.51
0.46
0.51
0.46
0.45
0.38
0.40
0.38
0.41
0.35
0.35
0.36
0.37
0.50
0.48
0.52
0.49
CorWatt	PkgWatt
17.46	130.01
0.59	130.01
0.45
0.46
0.45
3.37
0.51
0.49
0.49
0.40
0.45
0.40
0.41
0.50
0.54
0.49
0.52
0.45
0.49
0.46
0.46
0.39
0.44
0.38
0.43
0.35
0.35
0.35
0.35
0.51
0.50
0.51
0.51
CorWatt	PkgWatt
17.18	129.59
0.57	129.58
0.46
0.45
0.43
3.37
0.50
0.49
0.48
0.37
0.43
0.37
0.43
0.50
0.51
0.48
0.50
0.44
0.49
0.45
0.46
0.38
0.40
0.38
0.41
0.35
0.35
0.38
0.36
0.50
0.48
0.52
0.49
CorWatt	PkgWatt
18.27	130.16
0.63	130.18
0.57
0.73
0.57
1.36
0.64
0.60
0.80
0.45
0.53
0.44
0.79
0.58
0.60
0.57
0.59
0.50
0.53
0.51
0.51
0.45
0.45
0.44
0.46
0.42
0.41
0.41
0.41
0.59
0.55
0.59
0.58
CorWatt	PkgWatt
16.66	128.19
0.54	128.18
0.45
0.56
0.44
1.39
0.84
0.83
1.02
0.40
0.44
0.37
0.41
0.52
0.51
0.50
0.50
0.44
0.48
0.45
0.46
0.41
0.44
0.38
0.44
0.36
0.35
0.37
0.36
0.50
0.49
0.51
0.49
CorWatt	PkgWatt
16.63	128.40
0.53	128.40
0.46
0.57
0.43
1.45
0.84
0.83
0.96
0.39
0.43
0.37
0.40
0.50
0.52
0.49
0.51
0.46
0.50
0.46
0.48
0.38
0.41
0.39
0.41
0.37
0.37
0.36
0.36
0.51
0.49
0.51
0.50
CorWatt	PkgWatt
16.37	128.14
0.52	128.14
0.44
0.57
0.45
1.51
0.83
0.83
0.87
0.37
0.45
0.37
0.39
0.49
0.50
0.48
0.50
0.44
0.48
0.44
0.45
0.38
0.41
0.38
0.41
0.35
0.35
0.35
0.37
0.50
0.48
0.50
0.49
CorWatt	PkgWatt
16.58	128.20
0.52	128.20
0.43
0.59
0.43
1.50
0.84
0.83
0.88
0.39
0.44
0.39
0.39
0.49
0.53
0.49
0.50
0.45
0.50
0.44
0.45
0.38
0.41
0.38
0.42
0.36
0.36
0.35
0.36
0.53
0.50
0.51
0.52
CorWatt	PkgWatt
16.41	128.16
0.57	128.15
0.44
0.56
0.44
1.50
0.84
0.83
0.88
0.36
0.42
0.37
0.41
0.49
0.51
0.48
0.50
0.44
0.48
0.44
0.45
0.38
0.40
0.38
0.42
0.35
0.35
0.36
0.36
0.50
0.48
0.52
0.50
CorWatt	PkgWatt
17.06	128.75
0.54	128.75
0.55
0.48
0.45
1.58
0.91
0.90
1.09
0.40
0.43
0.37
0.44
0.50
0.51
0.49
0.51
0.44
0.48
0.45
0.46
0.38
0.42
0.39
0.43
0.37
0.36
0.36
0.35
0.51
0.49
0.51
0.50
CorWatt	PkgWatt
19.53	130.69
0.54	130.68
0.54
0.45
0.44
1.34
1.34
1.34
3.11
0.37
0.42
0.37
0.40
0.49
0.51
0.48
0.51
0.44
0.49
0.46
0.46
0.39
0.41
0.39
0.42
0.35
0.35
0.37
0.37
0.50
0.48
0.51
0.49
CorWatt	PkgWatt
20.37	131.48
0.57	131.49
0.57
0.51
0.48
1.34
1.34
2.62
1.81
0.38
0.43
0.37
0.41
0.54
0.51
0.49
0.54
0.49
0.53
0.49
0.50
0.44
0.43
0.41
0.46
0.39
0.39
0.39
0.38
0.54
0.53
0.56
0.53
CorWatt	PkgWatt
19.68	130.96
0.55	130.95
0.54
0.47
0.45
1.34
1.35
3.11
1.34
0.38
0.42
0.37
0.41
0.52
0.53
0.50
0.50
0.44
0.50
0.46
0.46
0.39
0.40
0.38
0.45
0.36
0.35
0.35
0.37
0.50
0.49
0.53
0.49
CorWatt	PkgWatt
19.85	131.20
0.55	131.20
0.55
0.46
0.43
1.34
1.35
2.11
2.33
0.42
0.47
0.38
0.39
0.50
0.51
0.49
0.51
0.45
0.48
0.45
0.48
0.42
0.42
0.39
0.42
0.38
0.36
0.38
0.38
0.53
0.49
0.54
0.50
CorWatt	PkgWatt
19.48	130.88
0.53	130.88
0.55
0.45
0.43
1.34
1.35
1.34
3.11
0.39
0.43
0.37
0.38
0.50
0.50
0.48
0.51
0.44
0.49
0.45
0.46
0.39
0.38
0.38
0.42
0.35
0.35
0.36
0.37
0.50
0.49
0.52
0.49
CorWatt	PkgWatt
19.60	130.90
0.54	130.90
0.55
0.45
0.44
1.34
1.35
3.11
1.34
0.38
0.43
0.36
0.38
0.50
0.52
0.49
0.50
0.46
0.52
0.47
0.46
0.38
0.38
0.39
0.42
0.37
0.35
0.35
0.37
0.50
0.50
0.52
0.50
CorWatt	PkgWatt
19.64	130.97
0.52	130.97
0.56
0.45
0.47
1.34
1.35
3.11
1.34
0.36
0.42
0.36
0.38
0.51
0.52
0.51
0.51
0.44
0.49
0.45
0.46
0.39
0.40
0.38
0.42
0.37
0.36
0.39
0.37
0.50
0.49
0.52
0.51
CorWatt	PkgWatt
19.80	131.26
0.54	131.26
0.56
0.48
0.51
1.34
1.35
3.10
1.33
0.39
0.43
0.40
0.39
0.50
0.53
0.50
0.51
0.45
0.50
0.47
0.46
0.39
0.39
0.39
0.42
0.36
0.36
0.37
0.36
0.51
0.50
0.52
0.50
CorWatt	PkgWatt
19.61	130.96
0.51	130.96
0.56
0.46
0.50
1.33
1.35
2.95
1.50
0.36
0.42
0.36
0.39
0.51
0.51
0.48
0.50
0.44
0.49
0.47
0.46
0.39
0.38
0.38
0.43
0.36
0.35
0.39
0.36
0.50
0.49
0.53
0.49
CorWatt	PkgWatt
19.59	130.94
0.52	130.94
0.55
0.47
0.47
1.34
1.35
3.12
1.34
0.37
0.42
0.36
0.38
0.50
0.50
0.50
0.50
0.46
0.49
0.47
0.47
0.39
0.40
0.38
0.42
0.35
0.35
0.35
0.35
0.50
0.49
0.51
0.50
CorWatt	PkgWatt
18.69	130.14
0.52	130.14
0.54
0.45
0.48
1.19
1.19
2.67
1.19
0.38
0.43
0.36
0.39
0.50
0.51
0.48
0.51
0.44
0.48
0.46
0.46
0.38
0.38
0.39
0.44
0.36
0.36
0.37
0.37
0.52
0.49
0.52
0.49
CorWatt	PkgWatt
19.98	133.85
0.58	133.88
0.57
0.52
0.56
0.59
0.57
0.58
0.60
0.43
0.49
0.98
0.45
3.24
0.61
0.58
0.61
0.53
0.57
0.53
0.53
0.45
0.45
0.45
0.47
0.44
0.44
0.44
0.44
0.58
0.56
0.58
0.57
CorWatt	PkgWatt
20.25	137.17
0.52	137.15
0.45
0.47
0.51
0.48
0.48
0.50
0.53
0.40
0.43
0.51
0.42
5.95
0.54
0.57
0.52
0.45
0.49
0.46
0.46
0.39
0.39
0.39
0.40
0.36
0.35
0.41
0.39
0.50
0.52
0.52
0.51
CorWatt	PkgWatt
20.01	137.21
0.52	137.21
0.43
0.45
0.47
0.48
0.48
0.49
0.52
0.39
0.47
0.49
0.39
5.95
0.54
0.51
0.51
0.44
0.48
0.47
0.46
0.38
0.38
0.38
0.39
0.35
0.37
0.36
0.35
0.52
0.51
0.56
0.52
CorWatt	PkgWatt
19.88	137.09
0.52	137.08
0.49
0.44
0.43
0.48
0.51
0.50
0.53
0.37
0.43
0.49
0.41
5.95
0.53
0.51
0.52
0.44
0.48
0.47
0.45
0.38
0.38
0.38
0.39
0.35
0.35
0.35
0.36
0.50
0.50
0.53
0.50
CorWatt	PkgWatt
20.15	137.10
0.52	137.10
0.50
0.45
0.43
0.49
0.49
0.49
0.51
0.43
0.43
0.51
0.39
5.95
0.57
0.55
0.53
0.46
0.48
0.48
0.48
0.38
0.39
0.39
0.40
0.35
0.35
0.36
0.36
0.51
0.51
0.52
0.50
CorWatt	PkgWatt
20.54	137.65
0.55	137.66
0.53
0.46
0.47
0.49
0.48
0.52
0.51
0.38
0.44
0.51
0.44
5.94
0.56
0.51
0.58
0.45
0.52
0.50
0.50
0.43
0.38
0.38
0.44
0.38
0.39
0.39
0.36
0.54
0.53
0.52
0.49
CorWatt	PkgWatt
19.91	137.12
0.55	137.11
0.44
0.47
0.45
0.49
0.49
0.51
0.50
0.38
0.43
0.49
0.39
5.94
0.55
0.51
0.52
0.44
0.49
0.46
0.46
0.38
0.38
0.38
0.39
0.35
0.35
0.36
0.35
0.50
0.49
0.52
0.50
CorWatt	PkgWatt
19.99	137.22
0.53	137.22
0.45
0.48
0.46
0.48
0.50
0.49
0.50
0.37
0.43
0.49
0.39
5.95
0.55
0.52
0.53
0.44
0.48
0.47
0.45
0.39
0.38
0.38
0.40
0.35
0.36
0.35
0.37
0.50
0.49
0.57
0.49
CorWatt	PkgWatt
20.21	137.34
0.54	137.33
0.43
0.48
0.44
0.49
0.50
0.49
0.49
0.42
0.47
0.50
0.43
5.94
0.60
0.51
0.55
0.45
0.49
0.47
0.46
0.38
0.38
0.38
0.40
0.35
0.36
0.37
0.35
0.52
0.50
0.54
0.52
CorWatt	PkgWatt
19.86	137.19
0.54	137.19
0.44
0.48
0.44
0.48
0.48
0.48
0.49
0.39
0.43
0.48
0.40
5.94
0.53
0.51
0.52
0.44
0.50
0.46
0.45
0.39
0.38
0.38
0.40
0.35
0.35
0.36
0.36
0.50
0.50
0.53
0.49
CorWatt	PkgWatt
19.92	137.25
0.54	137.26
0.44
0.45
0.43
0.48
0.48
0.49
0.49
0.38
0.45
0.49
0.39
5.95
0.56
0.51
0.51
0.44
0.49
0.48
0.45
0.38
0.39
0.38
0.43
0.35
0.38
0.36
0.35
0.51
0.49
0.53
0.50
CorWatt	PkgWatt
19.94	137.33
0.53	137.33
0.44
0.45
0.46
0.48
0.50
0.50
0.50
0.38
0.43
0.48
0.41
5.95
0.56
0.52
0.53
0.44
0.49
0.48
0.45
0.38
0.38
0.38
0.41
0.36
0.35
0.35
0.36
0.50
0.49
0.50
0.49
CorWatt	PkgWatt
20.34	137.71
0.53	137.72
0.47
0.47
0.47
0.50
0.49
0.51
0.50
0.40
0.47
0.49
0.40
5.94
0.55
0.51
0.52
0.45
0.49
0.48
0.46
0.39
0.38
0.38
0.41
0.37
0.40
0.38
0.37
0.56
0.52
0.53
0.52
CorWatt	PkgWatt
20.05	137.51
0.55	137.51
0.46
0.45
0.43
0.48
0.48
0.48
0.49
0.38
0.43
0.49
0.40
5.94
0.55
0.54
0.53
0.44
0.48
0.48
0.47
0.41
0.41
0.38
0.43
0.35
0.38
0.35
0.36
0.51
0.50
0.54
0.49
CorWatt	PkgWatt
19.96	137.35
0.54	137.35
0.44
0.47
0.43
0.48
0.49
0.49
0.49
0.39
0.43
0.49
0.39
5.95
0.56
0.51
0.52
0.46
0.50
0.49
0.47
0.39
0.39
0.38
0.41
0.35
0.35
0.35
0.35
0.51
0.50
0.50
0.50
CorWatt	PkgWatt
19.87	137.50
0.55	137.50
0.44
0.47
0.48
0.48
0.48
0.49
0.49
0.38
0.42
0.48
0.39
5.94
0.54
0.51
0.52
0.44
0.48
0.48
0.45
0.39
0.38
0.38
0.41
0.35
0.35
0.36
0.35
0.51
0.49
0.50
0.49
CorWatt	PkgWatt
20.25	137.51
0.53	137.51
0.49
0.50
0.46
0.49
0.51
0.49
0.50
0.39
0.44
0.50
0.40
5.95
0.56
0.52
0.52
0.45
0.50
0.48
0.46
0.39
0.40
0.38
0.43
0.36
0.38
0.36
0.37
0.53
0.51
0.51
0.52
CorWatt	PkgWatt
19.51	133.65
0.59	133.65
0.53
0.53
0.53
0.55
0.55
0.54
0.57
0.48
0.52
0.56
0.48
2.72
0.63
0.59
0.58
0.50
0.53
0.53
0.51
0.46
0.47
0.46
0.49
0.53
0.44
0.44
0.44
0.58
1.07
0.57
0.56
CorWatt	PkgWatt
17.65	130.52
0.54	130.51
0.45
0.46
0.44
0.49
0.49
0.50
0.50
0.41
0.44
0.39
0.43
0.52
0.53
0.51
0.53
0.44
0.48
0.48
0.46
0.39
0.41
0.39
0.43
3.13
0.44
0.40
0.40
0.52
0.63
0.52
0.51
CorWatt	PkgWatt
17.38	130.29
0.53	130.30
0.43
0.46
0.43
0.50
0.50
0.50
0.50
0.38
0.43
0.38
0.40
0.51
0.51
0.49
0.51
0.44
0.48
0.48
0.46
0.39
0.38
0.40
0.41
3.07
0.45
0.39
0.39
0.52
0.63
0.53
0.51
CorWatt	PkgWatt
17.69	130.47
0.55	130.47
0.45
0.48
0.44
0.50
0.49
0.50
0.51
0.39
0.44
0.38
0.42
0.52
0.52
0.52
0.52
0.45
0.51
0.50
0.46
0.41
0.38
0.38
0.44
0.47
3.06
0.42
0.38
0.53
0.62
0.54
0.51
CorWatt	PkgWatt
17.79	130.67
0.53	130.68
0.44
0.47
0.48
0.50
0.50
0.49
0.51
0.40
0.45
0.40
0.41
0.53
0.54
0.53
0.53
0.45
0.52
0.47
0.47
0.40
0.41
0.39
0.44
0.45
3.06
0.43
0.40
0.53
0.64
0.54
0.51
CorWatt	PkgWatt
17.61	130.22
0.53	130.22
0.44
0.45
0.44
0.49
0.49
0.49
0.49
0.41
0.48
0.38
0.40
0.50
0.53
0.50
0.52
0.44
0.49
0.47
0.47
0.41
0.40
0.38
0.43
0.45
3.07
0.44
0.40
0.54
0.63
0.54
0.51
CorWatt	PkgWatt
17.37	130.26
0.53	130.26
0.43
0.45
0.43
0.48
0.49
0.49
0.49
0.41
0.44
0.37
0.42
0.50
0.51
0.50
0.52
0.44
0.50
0.47
0.46
0.38
0.38
0.38
0.42
0.44
3.06
0.42
0.39
0.52
0.63
0.55
0.49
CorWatt	PkgWatt
17.59	130.39
0.52	130.39
0.44
0.46
0.44
0.50
0.50
0.49
0.50
0.39
0.44
0.37
0.40
0.50
0.52
0.50
0.53
0.47
0.51
0.50
0.46
0.39
0.38
0.38
0.42
0.47
3.06
0.42
0.40
0.52
0.62
0.55
0.51
CorWatt	PkgWatt
17.51	130.46
0.53	130.46
0.43
0.45
0.42
0.48
0.49
0.48
0.49
0.40
0.44
0.38
0.42
0.52
0.52
0.51
0.52
0.44
0.48
0.48
0.47
0.39
0.40
0.38
0.42
0.48
3.07
0.44
0.40
0.52
0.62
0.53
0.52
CorWatt	PkgWatt
18.22	130.77
0.56	130.78
0.48
0.50
0.50
0.51
0.49
0.52
0.51
0.42
0.46
0.41
0.42
0.55
0.55
0.54
0.54
0.48
0.52
0.49
0.48
0.40
0.41
0.38
0.42
0.47
3.05
0.45
0.40
0.56
0.66
0.56
0.54
CorWatt	PkgWatt
17.42	130.28
0.54	130.26
0.44
0.46
0.43
0.49
0.50
0.48
0.49
0.39
0.43
0.37
0.41
0.50
0.51
0.50
0.53
0.46
0.48
0.49
0.46
0.39
0.38
0.38
0.43
0.44
3.06
0.42
0.39
0.52
0.63
0.53
0.51
CorWatt	PkgWatt
17.46	130.51
0.54	130.52
0.45
0.45
0.44
0.50
0.50
0.51
0.51
0.38
0.43
0.37
0.40
0.51
0.51
0.49
0.51
0.46
0.49
0.47
0.47
0.39
0.38
0.38
0.42
0.45
3.06
0.41
0.38
0.52
0.62
0.53
0.51
CorWatt	PkgWatt
17.33	130.12
0.53	130.12
0.44
0.45
0.42
0.48
0.49
0.49
0.49
0.39
0.43
0.37
0.39
0.50
0.51
0.51
0.50
0.44
0.49
0.46
0.47
0.39
0.38
0.38
0.42
0.44
3.05
0.43
0.41
0.54
0.62
0.54
0.50
CorWatt	PkgWatt
17.30	130.04
0.53	130.04
0.43
0.45
0.44
0.48
0.49
0.49
0.49
0.38
0.43
0.37
0.38
0.50
0.51
0.49
0.51
0.44
0.49
0.47
0.46
0.39
0.39
0.38
0.42
0.44
3.06
0.42
0.39
0.53
0.62
0.53
0.50
CorWatt	PkgWatt
17.70	130.43
0.53	130.43
0.45
0.47
0.46
0.49
0.49
0.49
0.49
0.43
0.43
0.40
0.42
0.50
0.51
0.51
0.51
0.46
0.49
0.48
0.47
0.41
0.39
0.40
0.41
0.47
3.06
0.43
0.41
0.53
0.64
0.54
0.55
CorWatt	PkgWatt
17.57	130.54
0.53	130.55
0.43
0.46
0.44
0.49
0.49
0.49
0.49
0.39
0.48
0.37
0.43
0.51
0.51
0.52
0.52
0.45
0.48
0.49
0.46
0.39
0.38
0.39
0.40
0.45
3.06
0.41
0.39
0.54
0.64
0.53
0.55
CorWatt	PkgWatt
17.41	130.26
0.52	130.25
0.44
0.45
0.43
0.50
0.50
0.51
0.50
0.40
0.43
0.39
0.42
0.50
0.53
0.50
0.51
0.44
0.48
0.50
0.46
0.39
0.38
0.38
0.40
3.05
0.44
0.42
0.40
0.52
0.60
0.52
0.51
CorWatt	PkgWatt
17.52	130.38
0.53	130.40
0.44
0.45
0.44
0.48
0.48
0.49
0.49
0.41
0.44
0.41
0.41
0.52
0.53
0.53
0.52
0.46
0.48
0.49
0.47
0.39
0.38
0.38
0.40
3.05
0.43
0.41
0.39
0.53
0.64
0.52
0.52
CorWatt	PkgWatt
18.28	130.40
0.58	130.40
0.51
0.52
0.51
0.54
0.54
0.54
0.55
0.50
0.53
0.49
0.73
0.71
0.71
0.85
1.26
0.50
0.53
0.55
0.51
0.47
0.44
0.45
0.48
0.54
0.43
0.44
0.44
0.59
0.61
0.60
0.60
CorWatt	PkgWatt
16.46	128.57
0.50	128.57
0.46
0.48
0.45
0.49
0.49
0.51
0.51
0.40
0.44
0.40
0.51
1.35
0.79
0.80
0.82
0.45
0.50
0.49
0.47
0.39
0.38
0.38
0.40
0.43
0.36
0.37
0.37
0.52
0.51
0.51
0.52
CorWatt	PkgWatt
16.37	128.48
0.50	128.49
0.46
0.46
0.46
0.49
0.50
0.49
0.49
0.39
0.43
0.40
0.52
1.37
0.79
0.80
0.80
0.44
0.48
0.49
0.46
0.39
0.38
0.38
0.40
0.43
0.38
0.36
0.35
0.51
0.50
0.53
0.52
CorWatt	PkgWatt
16.45	128.87
0.52	128.87
0.43
0.46
0.43
0.49
0.50
0.49
0.49
0.41
0.45
0.40
0.53
0.94
0.83
0.78
1.29
0.44
0.49
0.50
0.45
0.38
0.38
0.38
0.39
0.42
0.37
0.38
0.35
0.52
0.50
0.54
0.54
CorWatt	PkgWatt
16.27	128.72
0.53	128.71
0.44
0.48
0.43
0.48
0.49
0.49
0.49
0.38
0.43
0.39
0.52
0.78
0.78
0.80
1.42
0.44
0.50
0.48
0.45
0.39
0.38
0.38
0.40
0.43
0.35
0.36
0.35
0.51
0.50
0.53
0.51
CorWatt	PkgWatt
17.20	129.30
0.49	129.30
0.44
0.45
0.43
0.49
0.49
0.49
0.50
0.40
0.46
0.40
0.51
0.90
0.91
0.90
1.84
0.44
0.49
0.50
0.46
0.39
0.40
0.38
0.43
0.41
0.39
0.37
0.35
0.53
0.50
0.52
0.54
CorWatt	PkgWatt
19.68	131.72
0.55	131.71
0.47
0.47
0.47
0.49
0.49
0.49
0.50
0.40
0.45
0.41
0.51
1.20
1.20
1.20
3.24
0.45
0.50
0.47
0.46
0.40
0.39
0.39
0.42
0.41
0.36
0.37
0.36
0.57
0.51
0.53
0.53
CorWatt	PkgWatt
19.84	131.85
0.53	131.86
0.46
0.46
0.47
0.50
0.51
0.53
0.49
0.40
0.48
0.43
0.50
3.21
1.25
1.24
1.26
0.44
0.48
0.46
0.45
0.40
0.38
0.38
0.41
0.39
0.38
0.38
0.37
0.58
0.52
0.54
0.56
CorWatt	PkgWatt
19.55	131.46
0.53	131.45
0.45
0.44
0.43
0.48
0.48
0.48
0.49
0.39
0.44
0.43
0.52
3.21
1.25
1.25
1.26
0.44
0.49
0.46
0.46
0.41
0.41
0.38
0.43
0.37
0.38
0.36
0.35
0.52
0.50
0.53
0.52
CorWatt	PkgWatt
19.50	131.37
0.54	131.37
0.43
0.47
0.43
0.49
0.49
0.49
0.49
0.40
0.44
0.41
0.50
3.21
1.22
1.21
1.22
0.46
0.51
0.47
0.48
0.39
0.39
0.38
0.41
0.38
0.36
0.36
0.36
0.52
0.51
0.53
0.53
CorWatt	PkgWatt
19.42	131.28
0.55	131.28
0.43
0.46
0.45
0.48
0.48
0.49
0.49
0.40
0.43
0.40
0.50
3.20
1.25
1.24
1.26
0.44
0.48
0.47
0.46
0.39
0.38
0.38
0.41
0.36
0.35
0.37
0.35
0.52
0.50
0.51
0.52
CorWatt	PkgWatt
19.66	131.55
0.54	131.56
0.43
0.49
0.43
0.48
0.50
0.49
0.49
0.41
0.46
0.40
0.51
3.21
1.26
1.25
1.26
0.45
0.49
0.46
0.46
0.40
0.40
0.38
0.43
0.37
0.37
0.36
0.36
0.54
0.52
0.52
0.54
CorWatt	PkgWatt
19.47	131.35
0.55	131.34
0.44
0.46
0.44
0.48
0.49
0.49
0.49
0.39
0.44
0.40
0.50
3.21
1.26
1.25
1.26
0.44
0.49
0.46
0.46
0.39
0.38
0.38
0.42
0.37
0.35
0.36
0.35
0.52
0.50
0.53
0.53
CorWatt	PkgWatt
19.58	131.43
0.53	131.44
0.43
0.46
0.44
0.49
0.49
0.49
0.50
0.41
0.44
0.40
0.52
2.72
1.25
1.25
1.75
0.44
0.48
0.46
0.46
0.39
0.40
0.38
0.42
0.37
0.40
0.37
0.36
0.52
0.51
0.52
0.54
CorWatt	PkgWatt
19.44	131.37
0.53	131.37
0.44
0.44
0.43
0.50
0.49
0.50
0.50
0.39
0.43
0.41
0.51
1.23
1.23
1.21
3.22
0.44
0.48
0.46
0.46
0.38
0.39
0.40
0.41
0.37
0.38
0.37
0.36
0.53
0.50
0.53
0.53
CorWatt	PkgWatt
19.61	131.56
0.54	131.56
0.43
0.48
0.43
0.50
0.49
0.50
0.51
0.39
0.44
0.41
0.51
1.26
1.26
1.25
3.22
0.45
0.51
0.48
0.46
0.41
0.38
0.38
0.43
0.35
0.35
0.36
0.35
0.52
0.51
0.51
0.53
CorWatt	PkgWatt
19.56	131.37
0.54	131.37
0.44
0.47
0.44
0.49
0.49
0.48
0.50
0.39
0.43
0.41
0.51
3.20
1.26
1.25
1.26
0.44
0.51
0.47
0.45
0.39
0.39
0.38
0.43
0.38
0.35
0.36
0.36
0.52
0.50
0.52
0.52
CorWatt	PkgWatt
19.51	131.18
0.59	131.22
0.52
0.53
0.59
0.56
0.57
0.54
0.57
0.49
0.54
0.46
0.57
2.02
0.94
0.96
1.01
0.50
0.55
0.59
0.58
0.45
0.43
0.45
0.47
0.47
0.44
0.41
0.42
0.60
0.54
0.61
0.55
