CorWatt	PkgWatt
15.25	127.11
0.52	127.13
0.53
0.51
0.48
0.49
0.50
0.49
0.49
0.48
0.48
0.42
0.42
0.54
0.57
0.56
0.54
0.45
0.50
0.48
0.47
0.39
0.39
0.39
0.40
0.36
0.37
0.49
0.37
0.53
0.52
0.51
0.59
CorWatt	PkgWatt
15.51	126.67
0.55	127.43
0.51
0.55
0.54
0.49
0.51
0.49
0.48
0.46
0.52
0.47
0.43
0.58
0.57
0.55
0.57
0.46
0.50
0.50
0.48
0.45
0.42
0.38
0.44
0.35
0.40
0.38
0.35
0.57
0.52
0.51
0.57
CorWatt	PkgWatt
21.05	133.31
0.69	132.53
0.68
0.63
2.35
0.55
0.56
0.58
0.67
0.59
0.55
0.53
0.58
0.60
0.59
0.58
0.99
0.63
0.58
0.64
0.57
0.48
0.48
0.49
0.55
0.48
0.57
0.53
0.59
0.66
0.64
0.70
0.69
CorWatt	PkgWatt
16.21	127.98
0.54	127.96
0.43
0.48
0.55
0.72
0.74
0.79
1.19
0.41
0.42
0.37
0.37
0.50
0.50
0.49
0.51
0.45
0.50
0.48
0.45
0.38
0.38
0.38
0.39
0.36
0.36
0.38
0.39
0.59
0.58
0.53
0.60
CorWatt	PkgWatt
16.40	127.91
0.53	127.90
0.43
0.47
0.54
0.72
0.77
0.76
1.26
0.44
0.44
0.40
0.41
0.54
0.54
0.51
0.51
0.45
0.47
0.52
0.46
0.38
0.38
0.38
0.39
0.36
0.36
0.39
0.41
0.53
0.51
0.52
0.60
CorWatt	PkgWatt
16.24	127.94
0.53	127.97
0.44
0.49
0.57
0.72
0.74
0.74
1.28
0.43
0.45
0.40
0.39
0.50
0.51
0.49
0.52
0.46
0.49
0.51
0.45
0.38
0.38
0.38
0.39
0.35
0.35
0.38
0.38
0.58
0.50
0.51
0.58
CorWatt	PkgWatt
16.36	128.20
0.52	128.20
0.46
0.49
0.56
0.72
0.73
0.74
1.30
0.45
0.47
0.42
0.41
0.50
0.53
0.50
0.50
0.47
0.49
0.50
0.48
0.40
0.40
0.38
0.41
0.35
0.38
0.39
0.38
0.52
0.49
0.52
0.51
CorWatt	PkgWatt
16.22	128.19
0.58	128.17
0.44
0.47
0.54
0.68
0.70
0.96
1.36
0.44
0.43
0.38
0.37
0.50
0.52
0.49
0.50
0.44
0.47
0.45
0.45
0.38
0.39
0.38
0.40
0.35
0.36
0.38
0.36
0.51
0.49
0.53
0.53
CorWatt	PkgWatt
17.64	129.81
0.53	129.82
0.48
0.48
0.55
0.52
0.51
0.52
3.27
0.41
0.47
0.38
0.37
0.50
0.53
0.49
0.51
0.45
0.48
0.45
0.47
0.39
0.38
0.38
0.39
0.35
0.37
0.40
0.41
0.60
0.52
0.55
0.53
CorWatt	PkgWatt
17.14	129.53
0.53	129.52
0.45
0.46
0.54
0.50
0.50
0.51
3.28
0.41
0.42
0.38
0.37
0.50
0.50
0.48
0.50
0.44
0.47
0.45
0.45
0.40
0.38
0.38
0.41
0.35
0.35
0.38
0.36
0.52
0.49
0.50
0.49
CorWatt	PkgWatt
17.12	129.70
0.52	129.69
0.43
0.47
0.54
0.50
0.50
0.50
3.28
0.41
0.42
0.37
0.37
0.50
0.51
0.48
0.50
0.46
0.49
0.45
0.47
0.38
0.38
0.38
0.38
0.35
0.35
0.38
0.36
0.52
0.49
0.50
0.50
CorWatt	PkgWatt
17.09	129.55
0.54	129.55
0.45
0.47
0.54
0.51
0.49
0.51
3.28
0.40
0.41
0.38
0.37
0.50
0.50
0.48
0.50
0.44
0.47
0.44
0.45
0.38
0.38
0.38
0.39
0.35
0.35
0.39
0.35
0.51
0.50
0.50
0.49
CorWatt	PkgWatt
17.52	129.92
0.52	129.92
0.45
0.47
0.53
0.52
0.53
0.53
3.28
0.43
0.45
0.38
0.37
0.51
0.53
0.49
0.51
0.46
0.49
0.45
0.46
0.39
0.39
0.41
0.41
0.36
0.37
0.40
0.35
0.52
0.52
0.51
0.52
CorWatt	PkgWatt
17.35	129.90
0.53	129.90
0.44
0.49
0.57
0.49
0.51
0.51
3.28
0.41
0.42
0.38
0.38
0.50
0.51
0.48
0.50
0.45
0.50
0.47
0.46
0.38
0.38
0.38
0.39
0.36
0.37
0.40
0.37
0.53
0.50
0.54
0.52
CorWatt	PkgWatt
17.19	129.98
0.51	129.98
0.45
0.47
0.56
0.49
0.50
0.51
3.28
0.40
0.42
0.39
0.38
0.50
0.51
0.49
0.50
0.44
0.47
0.44
0.45
0.40
0.40
0.38
0.39
0.35
0.35
0.38
0.35
0.55
0.50
0.49
0.50
CorWatt	PkgWatt
17.03	129.71
0.51	129.70
0.46
0.46
0.53
0.49
0.49
0.51
3.28
0.41
0.42
0.38
0.37
0.49
0.50
0.49
0.50
0.44
0.47
0.45
0.45
0.38
0.38
0.38
0.38
0.35
0.35
0.38
0.35
0.51
0.49
0.49
0.49
CorWatt	PkgWatt
17.44	129.93
0.51	129.94
0.47
0.48
0.54
0.51
0.51
0.54
3.28
0.41
0.42
0.37
0.37
0.50
0.52
0.50
0.52
0.45
0.50
0.47
0.46
0.40
0.40
0.40
0.40
0.35
0.36
0.40
0.36
0.52
0.50
0.50
0.50
CorWatt	PkgWatt
17.25	129.75
0.50	129.75
0.46
0.47
0.53
0.49
0.50
0.51
3.28
0.42
0.42
0.38
0.37
0.50
0.52
0.51
0.51
0.45
0.49
0.47
0.47
0.40
0.38
0.38
0.41
0.35
0.35
0.36
0.35
0.53
0.51
0.50
0.50
CorWatt	PkgWatt
17.28	129.92
0.51	129.92
0.49
0.45
0.54
0.49
0.50
0.51
3.28
0.41
0.46
0.37
0.37
0.49
0.51
0.49
0.51
0.45
0.49
0.48
0.48
0.38
0.40
0.38
0.38
0.35
0.35
0.36
0.37
0.55
0.50
0.49
0.50
CorWatt	PkgWatt
17.27	129.73
0.53	129.72
0.49
0.47
0.52
0.49
0.50
0.50
3.26
0.39
0.42
0.37
0.37
0.50
0.50
0.48
0.50
0.44
0.47
0.47
0.46
0.38
0.38
0.38
0.39
0.36
0.36
0.38
0.37
0.55
0.51
0.52
0.55
CorWatt	PkgWatt
18.14	129.58
0.58	129.59
0.54
0.55
0.57
0.56
0.56
0.58
0.61
0.62
0.63
0.60
0.97
0.58
0.58
1.11
0.58
0.52
0.54
0.54
0.51
0.44
0.44
0.43
0.45
0.43
0.43
0.44
0.45
0.63
0.55
0.57
0.56
CorWatt	PkgWatt
16.55	128.37
0.50	128.36
0.48
0.45
0.42
0.48
0.49
0.48
0.47
0.75
0.76
0.73
1.41
0.52
0.52
0.62
0.51
0.44
0.47
0.46
0.45
0.38
0.40
0.38
0.39
0.35
0.37
0.38
0.37
0.58
0.50
0.52
0.51
CorWatt	PkgWatt
16.65	128.21
0.49	128.21
0.49
0.46
0.43
0.49
0.51
0.48
0.50
0.78
0.76
0.73
1.40
0.51
0.52
0.61
0.52
0.45
0.49
0.47
0.46
0.39
0.39
0.39
0.40
0.36
0.35
0.37
0.36
0.57
0.53
0.52
0.51
CorWatt	PkgWatt
16.33	127.95
0.50	127.96
0.49
0.46
0.45
0.48
0.49
0.47
0.47
0.76
0.76
0.72
1.40
0.50
0.50
0.61
0.51
0.45
0.47
0.47
0.45
0.38
0.38
0.38
0.38
0.35
0.35
0.36
0.35
0.52
0.49
0.51
0.50
CorWatt	PkgWatt
16.57	128.15
0.49	128.14
0.49
0.47
0.43
0.50
0.52
0.49
0.51
1.39
0.76
0.73
0.77
0.51
0.51
0.61
0.51
0.46
0.47
0.47
0.46
0.38
0.38
0.38
0.39
0.36
0.37
0.37
0.35
0.52
0.49
0.51
0.51
CorWatt	PkgWatt
16.35	128.08
0.50	128.08
0.47
0.47
0.44
0.48
0.49
0.47
0.47
1.38
0.75
0.73
0.76
0.50
0.50
0.61
0.50
0.45
0.46
0.46
0.45
0.38
0.38
0.38
0.39
0.35
0.35
0.36
0.35
0.56
0.51
0.51
0.50
CorWatt	PkgWatt
17.69	129.06
0.50	129.06
0.46
0.46
0.43
0.48
0.49
0.48
0.48
2.07
0.96
0.94
0.96
0.50
0.52
0.61
0.50
0.45
0.48
0.48
0.45
0.38
0.38
0.38
0.38
0.37
0.37
0.39
0.35
0.52
0.49
0.50
0.50
CorWatt	PkgWatt
19.54	130.61
0.51	130.61
0.49
0.46
0.43
0.48
0.49
0.48
0.50
1.23
1.23
1.22
2.99
0.51
0.51
0.63
0.51
0.46
0.47
0.46
0.45
0.38
0.38
0.38
0.38
0.36
0.36
0.40
0.37
0.53
0.50
0.50
0.50
CorWatt	PkgWatt
19.80	130.78
0.53	130.78
0.49
0.48
0.44
0.48
0.49
0.48
0.48
1.77
1.24
1.22
2.45
0.51
0.52
0.62
0.52
0.46
0.49
0.46
0.48
0.38
0.40
0.38
0.39
0.37
0.38
0.40
0.37
0.55
0.50
0.54
0.51
CorWatt	PkgWatt
19.39	130.67
0.51	130.67
0.48
0.46
0.45
0.49
0.49
0.49
0.49
2.97
1.23
1.22
1.23
0.50
0.51
0.61
0.51
0.44
0.48
0.44
0.45
0.38
0.38
0.38
0.38
0.35
0.35
0.37
0.35
0.52
0.49
0.50
0.49
CorWatt	PkgWatt
19.55	130.60
0.53	130.60
0.45
0.49
0.43
0.48
0.49
0.48
0.49
1.23
1.23
1.22
3.00
0.53
0.53
0.64
0.53
0.44
0.48
0.44
0.47
0.38
0.38
0.38
0.38
0.35
0.35
0.37
0.35
0.55
0.49
0.50
0.50
CorWatt	PkgWatt
19.49	130.58
0.52	130.58
0.44
0.49
0.43
0.48
0.49
0.48
0.47
2.93
1.23
1.22
1.28
0.52
0.53
0.62
0.52
0.44
0.47
0.44
0.46
0.40
0.38
0.38
0.40
0.36
0.36
0.38
0.35
0.54
0.49
0.51
0.50
CorWatt	PkgWatt
19.76	130.77
0.53	130.77
0.46
0.49
0.46
0.48
0.51
0.49
0.50
2.49
1.23
1.22
1.72
0.51
0.52
0.61
0.51
0.45
0.51
0.45
0.47
0.38
0.38
0.38
0.39
0.38
0.37
0.38
0.38
0.53
0.50
0.54
0.52
CorWatt	PkgWatt
19.42	130.72
0.54	130.72
0.47
0.47
0.42
0.48
0.51
0.48
0.49
1.23
1.23
1.22
2.98
0.50
0.51
0.60
0.51
0.44
0.48
0.44
0.46
0.38
0.38
0.38
0.38
0.35
0.35
0.37
0.35
0.53
0.49
0.50
0.49
CorWatt	PkgWatt
19.64	130.69
0.55	130.69
0.47
0.45
0.42
0.48
0.52
0.50
0.50
1.72
1.23
1.22
2.48
0.55
0.54
0.62
0.51
0.44
0.48
0.45
0.45
0.39
0.38
0.38
0.38
0.35
0.35
0.40
0.37
0.52
0.50
0.50
0.52
CorWatt	PkgWatt
19.46	130.54
0.52	130.54
0.48
0.47
0.44
0.48
0.52
0.47
0.47
1.23
1.23
1.22
3.00
0.50
0.51
0.61
0.51
0.44
0.48
0.46
0.45
0.38
0.38
0.39
0.39
0.35
0.35
0.37
0.35
0.53
0.50
0.50
0.49
CorWatt	PkgWatt
19.55	130.86
0.51	130.86
0.47
0.45
0.43
0.49
0.49
0.48
0.49
1.68
1.23
1.22
2.55
0.51
0.53
0.61
0.52
0.44
0.49
0.46
0.46
0.38
0.38
0.39
0.40
0.36
0.36
0.38
0.35
0.53
0.51
0.52
0.51
CorWatt	PkgWatt
18.94	130.38
0.54	130.37
0.50
0.50
0.46
0.49
0.51
0.49
0.48
1.96
0.94
0.91
0.90
0.56
0.58
0.69
0.58
0.49
0.50
0.52
0.51
0.42
0.43
0.41
0.76
0.39
0.39
0.41
0.39
0.57
0.53
0.56
0.53
CorWatt	PkgWatt
16.59	128.19
0.52	128.20
0.47
0.48
0.48
0.55
0.51
0.48
0.50
0.48
0.48
0.39
0.43
0.51
0.54
0.51
0.53
0.66
0.67
0.87
0.98
0.40
0.39
0.39
0.67
0.36
0.38
0.40
0.38
0.57
0.53
0.55
0.54
CorWatt	PkgWatt
15.76	127.53
0.50	127.52
0.44
0.46
0.44
0.48
0.50
0.48
0.47
0.46
0.43
0.38
0.40
0.50
0.50
0.48
0.51
0.68
0.69
0.73
1.11
0.39
0.38
0.38
0.51
0.35
0.35
0.38
0.35
0.52
0.50
0.52
0.50
CorWatt	PkgWatt
15.96	127.87
0.52	127.87
0.43
0.48
0.43
0.50
0.50
0.48
0.48
0.46
0.43
0.38
0.38
0.50
0.51
0.50
0.53
0.71
0.71
0.88
0.97
0.40
0.40
0.38
0.50
0.35
0.35
0.37
0.35
0.56
0.50
0.50
0.50
CorWatt	PkgWatt
15.66	127.45
0.51	127.45
0.45
0.47
0.45
0.51
0.49
0.48
0.47
0.46
0.42
0.38
0.38
0.49
0.50
0.49
0.51
0.68
0.69
0.78
1.04
0.38
0.38
0.38
0.50
0.35
0.35
0.36
0.35
0.52
0.50
0.50
0.49
CorWatt	PkgWatt
16.56	128.20
0.53	128.23
0.45
0.47
0.44
0.53
0.53
0.51
0.49
0.42
0.44
0.40
0.47
0.55
0.60
0.55
0.53
0.68
0.70
0.72
1.25
0.39
0.39
0.41
0.52
0.36
0.38
0.39
0.35
0.55
0.52
0.52
0.52
CorWatt	PkgWatt
18.82	133.34
0.54	133.35
0.44
0.47
0.44
0.51
0.50
0.49
0.49
0.43
0.42
0.39
0.41
0.57
0.61
0.55
0.52
0.46
0.47
0.51
4.39
0.40
0.40
0.39
0.51
0.35
0.35
0.37
0.35
0.58
0.50
0.51
0.50
CorWatt	PkgWatt
18.78	133.13
0.56	133.11
0.46
0.49
0.48
0.53
0.50
0.50
0.49
0.42
0.43
0.40
0.39
0.51
0.53
0.50
0.51
0.46
0.48
0.52
4.39
0.42
0.42
0.39
0.50
0.36
0.36
0.38
0.35
0.53
0.50
0.51
0.50
CorWatt	PkgWatt
18.38	133.02
0.54	133.01
0.43
0.47
0.44
0.49
0.50
0.49
0.48
0.39
0.42
0.37
0.38
0.51
0.51
0.48
0.52
0.46
0.47
0.51
4.39
0.40
0.40
0.39
0.50
0.35
0.35
0.37
0.35
0.54
0.49
0.50
0.49
CorWatt	PkgWatt
18.64	133.29
0.55	133.30
0.45
0.48
0.46
0.51
0.51
0.52
0.51
0.39
0.42
0.37
0.36
0.50
0.52
0.49
0.50
0.46
0.50
0.51
4.39
0.41
0.41
0.41
0.51
0.35
0.35
0.38
0.35
0.58
0.50
0.50
0.50
CorWatt	PkgWatt
18.51	133.11
0.53	133.10
0.43
0.48
0.44
0.49
0.49
0.49
0.50
0.41
0.42
0.37
0.37
0.50
0.52
0.51
0.53
0.48
0.50
0.49
4.39
0.41
0.40
0.39
0.52
0.35
0.35
0.38
0.35
0.53
0.49
0.50
0.50
CorWatt	PkgWatt
18.74	133.23
0.54	133.23
0.46
0.47
0.44
0.50
0.51
0.49
0.49
0.44
0.49
0.39
0.43
0.50
0.51
0.49
0.51
0.47
0.50
0.51
4.39
0.41
0.42
0.40
0.51
0.36
0.35
0.39
0.35
0.53
0.50
0.50
0.50
CorWatt	PkgWatt
18.52	133.28
0.55	133.28
0.45
0.47
0.44
0.49
0.50
0.49
0.48
0.41
0.42
0.37
0.37
0.49
0.50
0.48
0.51
0.46
0.49
0.49
4.39
0.41
0.40
0.39
0.50
0.35
0.36
0.40
0.37
0.58
0.50
0.50
0.51
CorWatt	PkgWatt
18.55	133.20
0.53	133.21
0.44
0.47
0.44
0.52
0.51
0.49
0.50
0.40
0.42
0.37
0.37
0.50
0.51
0.48
0.51
0.48
0.50
0.51
4.39
0.41
0.41
0.40
0.50
0.37
0.36
0.40
0.36
0.52
0.49
0.50
0.50
CorWatt	PkgWatt
18.60	133.28
0.52	133.28
0.44
0.46
0.49
0.49
0.50
0.49
0.48
0.40
0.42
0.37
0.38
0.51
0.52
0.50
0.51
0.46
0.49
0.49
4.39
0.40
0.42
0.40
0.51
0.35
0.37
0.39
0.36
0.58
0.49
0.52
0.51
CorWatt	PkgWatt
18.71	133.24
0.52	133.23
0.45
0.47
0.48
0.51
0.50
0.49
0.50
0.41
0.43
0.38
0.37
0.51
0.53
0.50
0.51
0.46
0.50
0.50
4.39
0.40
0.40
0.40
0.50
0.36
0.38
0.38
0.35
0.57
0.50
0.53
0.52
CorWatt	PkgWatt
18.48	133.34
0.52	133.34
0.46
0.51
0.46
0.49
0.50
0.49
0.48
0.39
0.43
0.37
0.39
0.49
0.50
0.48
0.52
0.46
0.50
0.50
4.39
0.40
0.40
0.39
0.50
0.35
0.35
0.39
0.35
0.53
0.49
0.50
0.49
CorWatt	PkgWatt
18.57	133.28
0.52	133.28
0.46
0.51
0.44
0.52
0.53
0.50
0.53
0.40
0.42
0.37
0.37
0.49
0.51
0.48
0.50
0.48
0.49
0.48
4.39
0.40
0.40
0.40
0.51
0.35
0.35
0.38
0.35
0.53
0.51
0.51
0.50
CorWatt	PkgWatt
17.87	129.97
0.71	129.98
0.46
0.53
0.49
0.81
0.70
0.60
0.59
0.46
0.48
0.43
0.44
0.53
0.55
0.54
0.54
0.52
0.54
0.54
1.09
0.48
0.44
0.45
0.53
0.42
0.44
0.46
0.43
0.97
0.57
0.57
0.56
CorWatt	PkgWatt
16.14	128.06
0.57	128.05
0.45
0.47
0.48
1.15
0.83
0.72
0.73
0.42
0.42
0.41
0.37
0.51
0.52
0.50
0.51
0.45
0.49
0.49
0.48
0.39
0.38
0.38
0.40
0.37
0.37
0.40
0.36
0.59
0.51
0.51
0.51
CorWatt	PkgWatt
16.11	127.82
0.58	127.81
0.43
0.48
0.49
1.19
0.81
0.71
0.72
0.44
0.44
0.38
0.39
0.50
0.50
0.51
0.51
0.45
0.47
0.49
0.46
0.39
0.38
0.38
0.39
0.36
0.36
0.39
0.39
0.60
0.52
0.50
0.51
CorWatt	PkgWatt
16.03	127.86
0.58	127.87
0.44
0.46
0.47
0.84
1.12
0.72
0.72
0.42
0.47
0.38
0.38
0.49
0.52
0.48
0.50
0.45
0.50
0.48
0.47
0.38
0.40
0.38
0.39
0.39
0.37
0.36
0.37
0.61
0.50
0.52
0.50
CorWatt	PkgWatt
15.76	127.69
0.58	127.68
0.45
0.45
0.49
1.00
0.96
0.73
0.73
0.40
0.43
0.37
0.37
0.49
0.50
0.48
0.50
0.44
0.47
0.44
0.45
0.38
0.38
0.38
0.39
0.37
0.35
0.36
0.35
0.59
0.49
0.50
0.49
CorWatt	PkgWatt
16.43	128.24
0.58	128.25
0.44
0.46
0.47
1.46
0.83
0.70
0.70
0.45
0.45
0.40
0.37
0.54
0.53
0.55
0.54
0.46
0.47
0.45
0.48
0.40
0.40
0.38
0.39
0.37
0.36
0.36
0.36
0.59
0.50
0.51
0.50
CorWatt	PkgWatt
17.54	129.62
0.58	129.62
0.45
0.45
0.48
3.16
0.64
0.60
0.60
0.42
0.46
0.39
0.41
0.50
0.52
0.48
0.51
0.44
0.47
0.44
0.45
0.40
0.38
0.38
0.40
0.39
0.37
0.36
0.35
0.59
0.49
0.50
0.49
CorWatt	PkgWatt
17.45	129.52
0.59	129.52
0.43
0.46
0.47
3.14
0.65
0.63
0.62
0.44
0.43
0.37
0.37
0.50
0.51
0.49
0.51
0.44
0.46
0.44
0.45
0.38
0.38
0.38
0.38
0.37
0.35
0.36
0.38
0.56
0.49
0.51
0.50
CorWatt	PkgWatt
17.71	129.99
0.59	129.98
0.45
0.48
0.48
3.14
0.67
0.62
0.63
0.40
0.43
0.38
0.40
0.50
0.51
0.50
0.52
0.46
0.48
0.45
0.46
0.40
0.39
0.39
0.39
0.38
0.36
0.36
0.37
0.59
0.50
0.51
0.50
CorWatt	PkgWatt
17.78	129.74
0.59	129.75
0.45
0.46
0.49
3.13
0.67
0.63
0.63
0.44
0.45
0.38
0.41
0.55
0.53
0.51
0.51
0.45
0.47
0.46
0.46
0.38
0.38
0.38
0.39
0.37
0.35
0.38
0.38
0.57
0.50
0.51
0.52
CorWatt	PkgWatt
17.43	129.53
0.60	129.52
0.43
0.48
0.47
0.65
3.17
0.60
0.60
0.42
0.43
0.38
0.37
0.51
0.50
0.48
0.51
0.44
0.47
0.47
0.46
0.39
0.38
0.38
0.39
0.37
0.35
0.36
0.36
0.52
0.49
0.50
0.49
CorWatt	PkgWatt
17.26	129.37
0.59	129.36
0.43
0.45
0.43
0.61
3.16
0.61
0.61
0.42
0.43
0.37
0.36
0.50
0.51
0.48
0.50
0.44
0.48
0.44
0.45
0.38
0.39
0.39
0.39
0.38
0.35
0.37
0.35
0.52
0.49
0.50
0.50
CorWatt	PkgWatt
17.34	129.56
0.60	129.56
0.43
0.45
0.43
1.13
2.72
0.61
0.60
0.40
0.42
0.37
0.37
0.51
0.51
0.49
0.51
0.44
0.47
0.44
0.45
0.38
0.39
0.38
0.40
0.35
0.35
0.37
0.35
0.53
0.49
0.50
0.49
CorWatt	PkgWatt
17.80	129.77
0.60	129.78
0.47
0.48
0.49
0.64
3.15
0.61
0.62
0.43
0.47
0.37
0.37
0.52
0.53
0.49
0.51
0.45
0.48
0.45
0.46
0.39
0.38
0.38
0.39
0.36
0.37
0.40
0.39
0.57
0.52
0.54
0.52
CorWatt	PkgWatt
17.35	129.47
0.59	129.47
0.44
0.47
0.46
1.16
2.71
0.60
0.60
0.41
0.42
0.37
0.37
0.49
0.50
0.48
0.50
0.44
0.47
0.44
0.45
0.40
0.38
0.38
0.40
0.35
0.35
0.37
0.36
0.52
0.49
0.50
0.49
CorWatt	PkgWatt
17.36	129.63
0.59	129.63
0.43
0.47
0.43
1.78
2.06
0.61
0.60
0.40
0.42
0.37
0.38
0.49
0.51
0.48
0.50
0.47
0.51
0.44
0.47
0.39
0.38
0.38
0.38
0.35
0.35
0.37
0.35
0.52
0.49
0.50
0.50
CorWatt	PkgWatt
17.29	129.48
0.59	129.47
0.46
0.47
0.45
3.14
0.67
0.62
0.61
0.41
0.42
0.37
0.37
0.49
0.50
0.48
0.50
0.44
0.47
0.44
0.45
0.38
0.38
0.38
0.39
0.35
0.35
0.37
0.35
0.51
0.49
0.50
0.50
CorWatt	PkgWatt
17.07	128.97
0.54	128.96
0.60
0.49
0.45
2.37
0.68
0.59
0.57
0.44
0.44
0.39
0.38
0.51
0.55
0.50
0.60
0.45
0.48
0.45
0.46
0.38
0.38
0.40
0.40
0.35
0.38
0.39
0.36
0.54
0.52
0.51
0.51
CorWatt	PkgWatt
17.90	129.43
0.56	129.45
0.49
0.51
0.55
0.56
0.61
0.55
0.55
0.65
0.61
0.60
1.05
0.56
0.81
0.55
0.78
0.51
0.56
0.50
0.52
0.44
0.44
0.44
0.46
0.42
0.42
0.44
0.43
0.61
0.56
0.57
0.56
CorWatt	PkgWatt
15.90	127.73
0.52	127.72
0.44
0.47
0.45
0.50
0.56
0.49
0.47
0.67
0.64
0.62
1.14
0.50
0.62
0.49
0.50
0.44
0.48
0.44
0.45
0.39
0.40
0.38
0.39
0.35
0.35
0.38
0.36
0.52
0.49
0.50
0.50
CorWatt	PkgWatt
15.78	127.52
0.51	127.52
0.42
0.45
0.44
0.49
0.55
0.48
0.48
0.69
0.64
0.62
1.15
0.50
0.62
0.49
0.52
0.44
0.48
0.44
0.45
0.38
0.38
0.38
0.39
0.35
0.35
0.37
0.36
0.53
0.49
0.50
0.49
CorWatt	PkgWatt
16.12	127.68
0.53	127.69
0.44
0.47
0.45
0.50
0.51
0.51
0.49
0.66
0.65
0.61
1.19
0.51
0.63
0.50
0.52
0.45
0.50
0.44
0.46
0.40
0.39
0.40
0.41
0.37
0.37
0.38
0.36
0.52
0.50
0.50
0.50
CorWatt	PkgWatt
15.89	127.57
0.51	127.57
0.42
0.46
0.44
0.48
0.49
0.48
0.49
0.66
0.65
0.62
1.20
0.51
0.63
0.52
0.52
0.45
0.47
0.44
0.45
0.40
0.38
0.38
0.40
0.36
0.35
0.38
0.36
0.51
0.50
0.50
0.49
CorWatt	PkgWatt
17.01	129.34
0.53	129.34
0.44
0.45
0.42
0.48
0.50
0.47
0.47
0.50
0.52
0.43
2.78
0.50
0.61
0.49
0.51
0.44
0.46
0.45
0.47
0.38
0.40
0.38
0.38
0.36
0.35
0.39
0.36
0.58
0.49
0.50
0.51
CorWatt	PkgWatt
17.35	129.77
0.53	129.77
0.45
0.45
0.44
0.48
0.50
0.48
0.47
0.44
0.43
0.39
3.25
0.50
0.61
0.49
0.52
0.44
0.45
0.44
0.45
0.38
0.38
0.38
0.39
0.37
0.38
0.41
0.38
0.56
0.50
0.51
0.51
CorWatt	PkgWatt
17.45	129.76
0.52	129.76
0.43
0.46
0.43
0.50
0.52
0.48
0.48
0.44
0.44
0.39
3.25
0.51
0.60
0.49
0.51
0.47
0.48
0.47
0.46
0.38
0.38
0.38
0.39
0.38
0.37
0.40
0.38
0.52
0.50
0.51
0.50
CorWatt	PkgWatt
17.24	129.76
0.52	129.76
0.42
0.44
0.43
0.48
0.49
0.47
0.47
0.43
0.43
0.38
3.25
0.52
0.62
0.51
0.51
0.44
0.45
0.44
0.46
0.38
0.39
0.38
0.39
0.36
0.38
0.38
0.37
0.52
0.49
0.52
0.52
CorWatt	PkgWatt
17.17	129.79
0.52	129.80
0.42
0.45
0.42
0.48
0.50
0.47
0.47
0.44
0.43
0.40
3.25
0.50
0.62
0.49
0.51
0.44
0.45
0.44
0.45
0.38
0.39
0.38
0.38
0.36
0.36
0.37
0.36
0.52
0.49
0.52
0.50
CorWatt	PkgWatt
17.26	129.73
0.52	129.73
0.44
0.47
0.46
0.48
0.49
0.48
0.47
0.45
0.43
0.40
3.25
0.50
0.62
0.49
0.51
0.44
0.47
0.44
0.45
0.38
0.38
0.38
0.39
0.36
0.35
0.37
0.36
0.53
0.49
0.51
0.50
CorWatt	PkgWatt
17.49	129.73
0.52	129.73
0.44
0.46
0.49
0.50
0.53
0.50
0.51
0.43
0.43
0.40
3.25
0.51
0.62
0.49
0.51
0.47
0.46
0.44
0.46
0.38
0.38
0.38
0.39
0.38
0.36
0.38
0.36
0.57
0.50
0.50
0.51
CorWatt	PkgWatt
17.30	129.91
0.52	129.90
0.43
0.46
0.49
0.49
0.50
0.48
0.48
0.44
0.43
0.39
3.25
0.50
0.61
0.49
0.51
0.44
0.46
0.44
0.46
0.38
0.38
0.38
0.39
0.37
0.35
0.37
0.36
0.56
0.50
0.50
0.50
CorWatt	PkgWatt
17.19	129.65
0.51	129.65
0.43
0.47
0.46
0.48
0.50
0.47
0.47
0.42
0.43
0.38
3.25
0.50
0.61
0.49
0.50
0.44
0.46
0.44
0.45
0.38
0.38
0.38
0.38
0.38
0.36
0.40
0.36
0.52
0.50
0.50
0.50
CorWatt	PkgWatt
17.42	129.79
0.53	129.79
0.43
0.47
0.48
0.48
0.49
0.47
0.48
0.46
0.43
0.38
3.25
0.51
0.61
0.53
0.52
0.46
0.46
0.45
0.45
0.38
0.38
0.38
0.38
0.39
0.36
0.39
0.39
0.52
0.51
0.50
0.52
CorWatt	PkgWatt
17.55	129.89
0.53	129.89
0.44
0.46
0.48
0.49
0.50
0.48
0.47
0.46
0.48
0.38
3.25
0.51
0.61
0.49
0.51
0.45
0.48
0.47
0.47
0.38
0.40
0.38
0.39
0.39
0.39
0.37
0.38
0.53
0.50
0.53
0.52
CorWatt	PkgWatt
17.21	129.75
0.51	129.75
0.45
0.45
0.51
0.50
0.49
0.49
0.50
0.41
0.43
0.38
3.25
0.50
0.61
0.49
0.51
0.44
0.46
0.44
0.45
0.38
0.38
0.38
0.38
0.37
0.35
0.35
0.36
0.52
0.49
0.50
0.49
CorWatt	PkgWatt
18.39	130.06
0.55	130.07
0.50
0.53
0.50
0.58
0.55
0.52
0.52
0.53
0.54
0.51
1.24
0.62
0.72
0.63
0.60
0.49
0.54
0.50
0.53
0.44
0.44
0.44
0.45
0.68
0.50
0.48
0.48
1.12
0.56
0.56
0.56
CorWatt	PkgWatt
16.64	128.18
0.49	128.17
0.45
0.44
0.43
0.52
0.49
0.48
0.48
0.45
0.46
0.38
0.41
0.52
0.52
0.49
0.52
0.44
0.47
0.44
0.45
0.39
0.38
0.38
0.40
0.77
1.34
0.78
0.71
0.65
0.50
0.50
0.49
CorWatt	PkgWatt
16.70	128.35
0.51	128.35
0.43
0.46
0.43
0.52
0.51
0.50
0.47
0.45
0.45
0.39
0.39
0.50
0.53
0.51
0.52
0.44
0.47
0.44
0.46
0.38
0.38
0.38
0.39
0.77
0.71
1.40
0.72
0.64
0.51
0.51
0.51
CorWatt	PkgWatt
16.70	128.31
0.50	128.31
0.44
0.46
0.44
0.52
0.53
0.49
0.50
0.40
0.43
0.39
0.40
0.51
0.51
0.50
0.51
0.45
0.50
0.45
0.46
0.38
0.39
0.39
0.39
0.76
1.39
0.73
0.71
0.64
0.51
0.51
0.50
CorWatt	PkgWatt
16.58	128.13
0.50	128.14
0.42
0.44
0.43
0.49
0.56
0.48
0.49
0.42
0.44
0.38
0.41
0.53
0.53
0.50
0.51
0.44
0.47
0.45
0.45
0.38
0.38
0.38
0.38
0.76
1.38
0.72
0.71
0.65
0.50
0.50
0.52
CorWatt	PkgWatt
16.44	128.05
0.52	128.05
0.43
0.46
0.45
0.48
0.52
0.47
0.47
0.40
0.45
0.37
0.38
0.51
0.50
0.50
0.51
0.44
0.47
0.46
0.45
0.38
0.38
0.38
0.39
0.75
1.38
0.71
0.70
0.65
0.50
0.50
0.49
CorWatt	PkgWatt
16.94	128.55
0.49	128.55
0.44
0.46
0.43
0.54
0.51
0.48
0.47
0.42
0.43
0.38
0.38
0.51
0.53
0.49
0.51
0.45
0.48
0.45
0.46
0.38
0.39
0.38
0.40
0.82
1.55
0.79
0.76
0.65
0.51
0.50
0.51
CorWatt	PkgWatt
19.50	130.73
0.51	130.72
0.42
0.44
0.43
0.52
0.49
0.47
0.48
0.41
0.43
0.37
0.39
0.51
0.52
0.50
0.51
0.44
0.47
0.44
0.46
0.38
0.38
0.38
0.39
1.21
3.01
1.21
1.20
0.64
0.50
0.50
0.50
CorWatt	PkgWatt
19.92	131.09
0.51	131.10
0.47
0.46
0.46
0.59
0.51
0.47
0.47
0.43
0.47
0.38
0.37
0.49
0.53
0.53
0.52
0.44
0.47
0.44
0.45
0.39
0.38
0.38
0.39
1.21
2.98
1.21
1.20
0.69
0.55
0.53
0.54
CorWatt	PkgWatt
19.46	130.77
0.52	130.76
0.44
0.46
0.45
0.48
0.49
0.48
0.47
0.40
0.43
0.37
0.38
0.50
0.51
0.49
0.51
0.44
0.47
0.44
0.45
0.39
0.38
0.38
0.40
1.21
2.77
1.42
1.20
0.64
0.51
0.50
0.50
CorWatt	PkgWatt
19.68	131.10
0.52	131.10
0.44
0.47
0.44
0.49
0.49
0.48
0.47
0.40
0.44
0.38
0.39
0.51
0.53
0.50
0.52
0.47
0.49
0.44
0.47
0.39
0.38
0.38
0.39
1.21
1.39
2.80
1.20
0.64
0.53
0.51
0.51
CorWatt	PkgWatt
19.60	130.90
0.53	130.91
0.44
0.47
0.45
0.49
0.50
0.49
0.47
0.42
0.44
0.37
0.38
0.53
0.51
0.49
0.51
0.44
0.47
0.44
0.45
0.39
0.38
0.38
0.38
1.21
1.21
3.00
1.20
0.66
0.51
0.50
0.50
CorWatt	PkgWatt
19.69	130.89
0.52	130.91
0.44
0.47
0.42
0.50
0.52
0.49
0.47
0.41
0.45
0.38
0.38
0.50
0.54
0.49
0.51
0.45
0.47
0.44
0.45
0.38
0.38
0.39
0.40
1.21
1.21
2.99
1.20
0.65
0.52
0.52
0.53
CorWatt	PkgWatt
19.49	130.86
0.52	130.84
0.43
0.44
0.44
0.48
0.49
0.48
0.47
0.41
0.44
0.38
0.38
0.52
0.51
0.49
0.51
0.44
0.47
0.44
0.45
0.38
0.38
0.38
0.38
1.22
2.17
2.03
1.20
0.65
0.51
0.51
0.51
CorWatt	PkgWatt
19.80	130.99
0.52	130.99
0.45
0.47
0.44
0.49
0.50
0.49
0.48
0.44
0.44
0.40
0.40
0.50
0.53
0.50
0.51
0.44
0.49
0.45
0.46
0.40
0.40
0.38
0.39
1.21
1.49
2.72
1.20
0.65
0.51
0.51
0.52
CorWatt	PkgWatt
19.46	130.70
0.54	130.69
0.42
0.44
0.45
0.48
0.49
0.48
0.47
0.40
0.43
0.38
0.39
0.51
0.51
0.49
0.51
0.44
0.47
0.44
0.45
0.38
0.38
0.38
0.38
1.21
2.99
1.21
1.20
0.64
0.51
0.51
0.50
CorWatt	PkgWatt
20.22	131.16
0.56	131.18
0.47
0.50
0.47
0.53
0.50
0.51
0.48
0.43
0.43
0.41
0.40
0.53
0.55
0.50
0.54
0.47
0.50
0.47
0.45
0.40
0.42
0.42
0.44
1.21
1.60
1.21
2.58
0.66
0.51
0.51
0.54
CorWatt	PkgWatt
19.72	130.92
0.55	130.93
0.47
0.49
0.47
0.52
0.49
0.51
0.53
0.45
0.45
0.41
0.41
0.56
0.55
0.55
0.53
0.50
0.52
0.48
0.49
0.39
0.41
0.41
0.43
1.11
1.09
2.59
1.09
0.66
0.54
0.54
0.53
CorWatt	PkgWatt
19.93	133.94
0.62	133.94
0.55
0.57
3.05
1.10
0.57
0.54
0.54
0.48
0.53
0.46
0.44
0.57
0.59
0.58
0.58
0.50
0.55
0.52
0.52
0.46
0.46
0.44
0.46
0.49
0.44
0.45
0.47
0.66
0.58
0.57
0.59
CorWatt	PkgWatt
19.64	137.64
0.55	137.62
0.45
0.45
5.71
0.59
0.49
0.47
0.47
0.41
0.43
0.37
0.38
0.50
0.50
0.48
0.51
0.44
0.47
0.44
0.45
0.38
0.38
0.36
0.40
0.40
0.38
0.37
0.39
0.52
0.51
0.50
0.49
CorWatt	PkgWatt
19.80	137.85
0.55	137.85
0.45
0.45
5.70
0.60
0.52
0.47
0.47
0.41
0.43
0.38
0.37
0.51
0.52
0.49
0.51
0.47
0.49
0.46
0.45
0.38
0.37
0.36
0.41
0.42
0.37
0.39
0.37
0.52
0.51
0.50
0.50
CorWatt	PkgWatt
19.72	137.71
0.54	137.70
0.45
0.44
5.70
0.59
0.49
0.47
0.47
0.40
0.43
0.38
0.38
0.51
0.52
0.52
0.51
0.44
0.46
0.44
0.45
0.38
0.40
0.36
0.41
0.40
0.38
0.36
0.37
0.53
0.50
0.51
0.51
CorWatt	PkgWatt
19.82	137.84
0.54	137.84
0.46
0.46
5.71
0.61
0.50
0.48
0.48
0.43
0.43
0.39
0.38
0.50
0.52
0.49
0.52
0.45
0.48
0.45
0.46
0.39
0.38
0.37
0.42
0.40
0.35
0.37
0.36
0.53
0.51
0.50
0.50
CorWatt	PkgWatt
19.54	137.81
0.55	137.81
0.46
0.45
5.70
0.61
0.49
0.47
0.47
0.41
0.43
0.37
0.38
0.50
0.50
0.48
0.51
0.44
0.46
0.45
0.46
0.38
0.38
0.37
0.40
0.35
0.35
0.36
0.35
0.52
0.51
0.50
0.49
CorWatt	PkgWatt
19.93	137.92
0.53	137.92
0.47
0.47
5.71
0.62
0.52
0.50
0.52
0.40
0.43
0.38
0.38
0.51
0.52
0.49
0.51
0.46
0.48
0.45
0.46
0.38
0.39
0.38
0.41
0.35
0.41
0.37
0.37
0.53
0.50
0.51
0.51
CorWatt	PkgWatt
19.61	137.81
0.53	137.80
0.46
0.45
5.71
0.61
0.52
0.48
0.48
0.42
0.42
0.38
0.39
0.50
0.51
0.48
0.51
0.44
0.46
0.44
0.45
0.38
0.38
0.38
0.42
0.35
0.35
0.36
0.36
0.52
0.51
0.50
0.49
CorWatt	PkgWatt
19.88	137.99
0.54	137.99
0.45
0.48
5.71
0.59
0.50
0.49
0.48
0.43
0.43
0.40
0.38
0.52
0.52
0.50
0.51
0.44
0.49
0.45
0.46
0.38
0.38
0.37
0.41
0.37
0.38
0.38
0.38
0.53
0.50
0.51
0.51
CorWatt	PkgWatt
19.88	138.06
0.55	138.06
0.47
0.48
5.71
0.59
0.49
0.48
0.49
0.44
0.43
0.37
0.40
0.51
0.50
0.50
0.51
0.46
0.48
0.45
0.45
0.38
0.38
0.37
0.38
0.37
0.35
0.40
0.40
0.56
0.52
0.51
0.51
CorWatt	PkgWatt
19.75	137.89
0.54	137.89
0.44
0.47
5.71
0.59
0.49
0.48
0.47
0.41
0.48
0.37
0.39
0.50
0.51
0.49
0.51
0.44
0.49
0.45
0.47
0.38
0.39
0.37
0.38
0.36
0.37
0.37
0.37
0.55
0.51
0.52
0.50
CorWatt	PkgWatt
19.67	137.89
0.55	137.90
0.47
0.45
5.71
0.60
0.50
0.50
0.50
0.40
0.43
0.37
0.38
0.50
0.52
0.51
0.50
0.44
0.48
0.44
0.45
0.38
0.38
0.37
0.38
0.35
0.37
0.35
0.36
0.52
0.50
0.51
0.50
CorWatt	PkgWatt
20.03	138.40
0.55	138.40
0.47
0.47
5.71
0.59
0.50
0.49
0.49
0.43
0.46
0.42
0.39
0.53
0.53
0.54
0.52
0.44
0.48
0.45
0.48
0.38
0.38
0.37
0.39
0.36
0.40
0.37
0.37
0.54
0.52
0.51
0.51
CorWatt	PkgWatt
20.34	138.36
0.60	138.36
0.50
0.50
5.71
0.60
0.49
0.48
0.48
0.47
0.45
0.38
0.39
0.51
0.57
0.56
0.55
0.44
0.47
0.44
0.49
0.44
0.41
0.37
0.44
0.36
0.36
0.36
0.37
0.57
0.54
0.50
0.53
CorWatt	PkgWatt
19.79	137.96
0.56	137.96
0.45
0.48
5.71
0.59
0.51
0.50
0.48
0.42
0.43
0.38
0.39
0.50
0.53
0.50
0.51
0.44
0.48
0.44
0.45
0.38
0.38
0.37
0.39
0.36
0.38
0.36
0.39
0.54
0.51
0.50
0.50
CorWatt	PkgWatt
19.80	138.09
0.55	138.09
0.45
0.47
5.71
0.59
0.53
0.50
0.50
0.40
0.43
0.38
0.38
0.51
0.52
0.52
0.51
0.44
0.48
0.44
0.45
0.38
0.39
0.37
0.39
0.35
0.35
0.35
0.38
0.57
0.51
0.50
0.50
CorWatt	PkgWatt
20.13	138.51
0.57	138.52
0.45
0.47
5.70
0.59
0.52
0.50
0.51
0.43
0.46
0.40
0.43
0.54
0.55
0.52
0.52
0.45
0.49
0.45
0.46
0.39
0.38
0.38
0.39
0.37
0.37
0.40
0.38
0.53
0.51
0.51
0.52
CorWatt	PkgWatt
19.64	134.02
0.62	134.03
0.53
0.57
2.68
0.66
0.61
0.56
0.58
0.49
0.50
0.46
0.48
0.57
0.62
0.59
0.58
0.49
0.55
0.51
0.52
0.47
0.47
0.44
0.45
0.43
0.48
0.45
0.44
0.62
0.59
0.58
1.07
CorWatt	PkgWatt
17.59	130.34
0.54	130.33
0.45
0.45
0.46
0.49
0.52
0.49
0.49
0.42
0.44
0.39
0.39
0.52
0.54
0.50
0.52
0.44
0.48
0.46
0.46
0.39
0.40
0.39
0.43
0.39
3.11
0.40
0.43
0.53
0.51
0.50
0.64
CorWatt	PkgWatt
17.26	129.90
0.53	129.91
0.44
0.45
0.44
0.48
0.51
0.49
0.49
0.43
0.44
0.38
0.39
0.50
0.51
0.50
0.53
0.45
0.46
0.45
0.45
0.38
0.38
0.38
0.40
0.38
3.03
0.39
0.42
0.53
0.51
0.50
0.63
CorWatt	PkgWatt
17.67	130.24
0.52	130.23
0.46
0.48
0.48
0.50
0.52
0.49
0.49
0.41
0.48
0.39
0.39
0.51
0.53
0.50
0.53
0.46
0.47
0.47
0.46
0.40
0.38
0.38
0.41
0.39
2.99
0.41
0.43
0.58
0.54
0.55
0.66
CorWatt	PkgWatt
17.29	130.14
0.53	130.13
0.44
0.46
0.44
0.48
0.52
0.49
0.49
0.41
0.43
0.39
0.38
0.50
0.51
0.50
0.51
0.44
0.45
0.46
0.47
0.41
0.38
0.38
0.43
0.38
3.02
0.39
0.41
0.54
0.52
0.51
0.63
CorWatt	PkgWatt
17.27	130.03
0.53	130.03
0.43
0.46
0.43
0.48
0.50
0.48
0.48
0.42
0.43
0.38
0.39
0.50
0.52
0.51
0.51
0.48
0.47
0.45
0.47
0.40
0.39
0.38
0.40
0.38
3.02
0.39
0.40
0.53
0.51
0.50
0.64
CorWatt	PkgWatt
17.19	129.89
0.54	129.92
0.44
0.47
0.45
0.48
0.51
0.50
0.49
0.41
0.43
0.38
0.38
0.50
0.51
0.52
0.51
0.44
0.45
0.45
0.46
0.38
0.38
0.39
0.41
0.38
2.99
0.40
0.40
0.53
0.51
0.50
0.63
CorWatt	PkgWatt
17.55	130.27
0.53	130.26
0.44
0.47
0.43
0.51
0.52
0.50
0.49
0.44
0.45
0.38
0.39
0.50
0.55
0.50
0.51
0.46
0.47
0.47
0.46
0.39
0.38
0.40
0.42
0.39
3.01
0.39
0.43
0.55
0.52
0.52
0.66
CorWatt	PkgWatt
17.17	129.96
0.52	129.94
0.43
0.46
0.43
0.48
0.51
0.48
0.48
0.41
0.44
0.38
0.38
0.50
0.51
0.50
0.51
0.44
0.45
0.45
0.45
0.38
0.38
0.38
0.40
0.38
3.03
0.40
0.42
0.54
0.51
0.50
0.63
CorWatt	PkgWatt
17.49	130.17
0.53	130.18
0.45
0.47
0.44
0.49
0.50
0.49
0.49
0.43
0.44
0.40
0.40
0.51
0.53
0.51
0.52
0.45
0.47
0.46
0.46
0.40
0.40
0.39
0.40
0.39
2.99
0.40
0.41
0.55
0.52
0.51
0.65
CorWatt	PkgWatt
17.17	129.87
0.53	129.86
0.42
0.45
0.42
0.48
0.51
0.49
0.49
0.41
0.43
0.38
0.39
0.50
0.51
0.50
0.51
0.44
0.45
0.45
0.45
0.38
0.39
0.39
0.40
0.38
3.01
0.40
0.40
0.54
0.51
0.51
0.63
CorWatt	PkgWatt
17.48	130.27
0.55	130.28
0.45
0.47
0.45
0.50
0.49
0.51
0.49
0.41
0.43
0.38
0.39
0.51
0.52
0.50
0.51
0.45
0.49
0.46
0.46
0.41
0.39
0.39
0.43
0.40
3.01
0.40
0.41
0.53
0.52
0.51
0.64
CorWatt	PkgWatt
17.46	130.07
0.54	130.07
0.44
0.48
0.46
0.49
0.52
0.48
0.51
0.42
0.43
0.37
0.40
0.51
0.54
0.51
0.51
0.46
0.49
0.46
0.45
0.40
0.38
0.38
0.43
0.40
3.00
0.41
0.40
0.53
0.51
0.50
0.63
CorWatt	PkgWatt
17.44	130.07
0.55	130.07
0.46
0.46
0.44
0.49
0.50
0.49
0.48
0.42
0.47
0.38
0.38
0.50
0.52
0.50
0.51
0.44
0.47
0.47
0.47
0.40
0.39
0.38
0.41
0.39
3.03
0.43
0.39
0.55
0.51
0.51
0.66
CorWatt	PkgWatt
17.17	130.03
0.53	130.03
0.43
0.45
0.42
0.48
0.50
0.49
0.49
0.44
0.44
0.38
0.38
0.50
0.51
0.49
0.51
0.44
0.47
0.46
0.45
0.38
0.38
0.38
0.41
0.38
3.00
0.40
0.39
0.54
0.51
0.50
0.63
CorWatt	PkgWatt
17.46	130.12
0.53	130.13
0.43
0.46
0.43
0.51
0.52
0.49
0.49
0.42
0.44
0.38
0.38
0.51
0.52
0.50
0.52
0.47
0.49
0.48
0.47
0.40
0.39
0.38
0.41
0.43
3.00
0.42
0.41
0.53
0.52
0.51
0.63
CorWatt	PkgWatt
17.28	129.96
0.52	129.97
0.42
0.45
0.42
0.48
0.51
0.48
0.49
0.42
0.43
0.38
0.39
0.52
0.53
0.51
0.51
0.44
0.47
0.45
0.45
0.39
0.39
0.38
0.41
0.40
3.01
0.40
0.41
0.53
0.51
0.52
0.64
CorWatt	PkgWatt
17.33	130.13
0.54	130.14
0.45
0.47
0.44
0.48
0.49
0.48
0.48
0.44
0.44
0.37
0.39
0.51
0.53
0.50
0.51
0.45
0.48
0.47
0.46
0.38
0.38
0.38
0.41
0.39
0.46
3.00
0.39
0.53
0.51
0.50
0.63
CorWatt	PkgWatt
18.03	129.91
0.61	129.91
0.51
0.77
0.50
0.65
1.05
0.68
0.66
0.47
0.50
0.77
0.47
0.56
0.58
0.58
0.59
0.50
0.52
0.52
0.51
0.45
0.43
0.44
0.47
0.42
0.47
0.55
0.44
0.60
0.56
0.58
0.63
CorWatt	PkgWatt
16.57	128.60
0.53	128.58
0.45
0.58
0.43
0.77
1.35
0.79
0.77
0.44
0.43
0.39
0.40
0.51
0.53
0.50
0.52
0.48
0.49
0.46
0.47
0.40
0.39
0.39
0.43
0.37
0.42
0.40
0.37
0.56
0.55
0.51
0.51
CorWatt	PkgWatt
16.27	128.46
0.54	128.47
0.43
0.59
0.43
0.75
1.36
0.78
0.75
0.42
0.43
0.38
0.39
0.50
0.52
0.49
0.50
0.45
0.47
0.47
0.47
0.39
0.38
0.38
0.42
0.36
0.43
0.37
0.35
0.54
0.51
0.50
0.51
CorWatt	PkgWatt
16.32	128.33
0.52	128.33
0.44
0.58
0.43
0.75
1.30
0.88
0.76
0.42
0.43
0.37
0.38
0.50
0.52
0.51
0.51
0.44
0.50
0.46
0.46
0.39
0.39
0.38
0.41
0.35
0.42
0.39
0.39
0.54
0.50
0.50
0.50
CorWatt	PkgWatt
16.51	128.38
0.55	128.39
0.45
0.59
0.44
0.75
1.38
0.78
0.76
0.44
0.44
0.38
0.41
0.50
0.51
0.51
0.50
0.46
0.50
0.47
0.46
0.39
0.39
0.39
0.40
0.38
0.43
0.38
0.39
0.53
0.52
0.51
0.53
CorWatt	PkgWatt
16.95	129.01
0.52	129.01
0.45
0.58
0.44
0.83
1.70
0.86
0.83
0.42
0.47
0.37
0.38
0.51
0.52
0.49
0.51
0.45
0.49
0.46
0.46
0.39
0.39
0.38
0.39
0.37
0.44
0.38
0.38
0.56
0.51
0.52
0.51
CorWatt	PkgWatt
19.22	130.89
0.52	130.89
0.46
0.58
0.44
1.17
2.07
2.31
1.17
0.41
0.44
0.37
0.37
0.50
0.51
0.49
0.52
0.45
0.48
0.45
0.46
0.39
0.38
0.38
0.38
0.35
0.36
0.36
0.38
0.54
0.51
0.50
0.50
CorWatt	PkgWatt
19.58	131.17
0.54	131.17
0.45
0.59
0.44
1.22
1.24
3.17
1.22
0.43
0.46
0.41
0.38
0.53
0.53
0.52
0.52
0.45
0.48
0.45
0.48
0.39
0.38
0.38
0.38
0.35
0.35
0.36
0.37
0.57
0.51
0.50
0.51
CorWatt	PkgWatt
19.56	131.20
0.53	131.20
0.45
0.60
0.46
1.22
1.24
3.17
1.22
0.44
0.47
0.39
0.39
0.51
0.53
0.49
0.51
0.44
0.48
0.45
0.46
0.42
0.38
0.38
0.40
0.37
0.35
0.37
0.38
0.53
0.51
0.51
0.51
CorWatt	PkgWatt
19.52	131.33
0.53	131.33
0.46
0.60
0.46
1.22
1.32
3.09
1.22
0.42
0.44
0.38
0.40
0.50
0.52
0.49
0.51
0.46
0.49
0.46
0.46
0.40
0.39
0.39
0.39
0.36
0.35
0.37
0.39
0.53
0.51
0.50
0.51
CorWatt	PkgWatt
19.45	131.24
0.54	131.23
0.45
0.61
0.45
1.23
3.17
1.25
1.23
0.41
0.43
0.38
0.38
0.52
0.51
0.50
0.51
0.44
0.51
0.46
0.46
0.40
0.38
0.38
0.38
0.35
0.35
0.37
0.38
0.54
0.51
0.50
0.50
CorWatt	PkgWatt
19.49	131.17
0.55	131.18
0.44
0.60
0.44
1.18
3.18
1.19
1.18
0.44
0.45
0.41
0.42
0.52
0.53
0.49
0.50
0.45
0.50
0.46
0.46
0.40
0.38
0.38
0.38
0.38
0.35
0.38
0.38
0.56
0.51
0.50
0.52
CorWatt	PkgWatt
19.45	131.21
0.52	131.21
0.45
0.61
0.46
1.22
3.17
1.23
1.22
0.41
0.43
0.39
0.38
0.50
0.51
0.49
0.51
0.46
0.49
0.47
0.46
0.40
0.39
0.38
0.39
0.36
0.35
0.35
0.37
0.54
0.52
0.50
0.51
CorWatt	PkgWatt
19.63	131.44
0.52	131.44
0.45
0.57
0.48
1.23
3.18
1.24
1.22
0.42
0.44
0.39
0.39
0.52
0.54
0.49
0.51
0.45
0.49
0.46
0.47
0.40
0.41
0.39
0.42
0.35
0.35
0.37
0.39
0.57
0.52
0.51
0.51
CorWatt	PkgWatt
19.38	131.10
0.52	131.10
0.44
0.59
0.47
1.23
2.04
2.37
1.22
0.41
0.44
0.38
0.40
0.50
0.51
0.49
0.51
0.45
0.46
0.45
0.46
0.39
0.39
0.38
0.40
0.35
0.35
0.35
0.39
0.53
0.52
0.50
0.50
CorWatt	PkgWatt
19.69	131.22
0.52	131.23
0.46
0.58
0.53
1.22
1.23
3.17
1.21
0.41
0.48
0.37
0.39
0.51
0.54
0.50
0.51
0.44
0.46
0.45
0.46
0.40
0.38
0.38
0.40
0.35
0.36
0.42
0.40
0.57
0.52
0.54
0.52
CorWatt	PkgWatt
19.38	131.03
0.52	131.03
0.45
0.58
0.50
1.19
1.59
2.80
1.19
0.43
0.44
0.38
0.38
0.52
0.51
0.50
0.51
0.46
0.46
0.45
0.46
0.41
0.39
0.38
0.42
0.35
0.35
0.37
0.38
0.53
0.51
0.50
0.50
CorWatt	PkgWatt
19.47	130.98
0.59	131.01
0.59
0.65
0.57
0.93
2.01
0.94
0.94
0.47
0.51
0.46
0.46
0.53
0.52
0.57
0.55
0.56
0.53
0.53
0.53
0.47
0.47
0.51
0.50
0.43
0.43
0.48
0.48
0.59
0.61
0.55
0.54
