CorWatt	PkgWatt
15.38	127.93
0.52	127.93
0.47
0.48
0.50
0.61
0.57
0.51
0.53
0.40
0.45
0.39
0.42
0.60
0.52
0.52
0.61
0.49
0.48
0.50
0.49
0.41
0.40
0.44
0.42
0.38
0.38
0.40
0.39
0.53
0.52
0.52
0.53
CorWatt	PkgWatt
14.94	127.46
0.54	127.59
0.49
0.50
0.51
0.55
0.53
0.50
0.51
0.39
0.46
0.38
0.41
0.51
0.53
0.50
0.60
0.48
0.47
0.47
0.48
0.39
0.38
0.41
0.39
0.38
0.36
0.36
0.37
0.54
0.50
0.52
0.51
CorWatt	PkgWatt
21.80	133.87
0.71	133.74
0.67
0.62
0.62
0.73
0.73
0.70
0.71
0.57
0.54
0.50
0.50
0.68
2.69
0.61
0.68
0.61
0.63
0.68
0.66
0.53
0.49
0.62
0.57
0.51
0.44
0.49
0.49
0.68
0.72
0.74
0.68
CorWatt	PkgWatt
16.74	128.98
0.50	128.97
0.53
0.48
0.47
0.57
0.57
0.56
0.53
1.16
0.66
0.61
0.65
0.53
0.64
0.53
0.59
0.46
0.49
0.48
0.54
0.43
0.38
0.41
0.40
0.36
0.36
0.37
0.37
0.54
0.54
0.52
0.51
CorWatt	PkgWatt
16.67	129.02
0.50	129.01
0.50
0.46
0.48
0.58
0.58
0.50
0.55
0.63
1.17
0.61
0.65
0.54
0.64
0.52
0.57
0.46
0.46
0.47
0.47
0.43
0.45
0.41
0.39
0.40
0.39
0.39
0.38
0.52
0.51
0.52
0.52
CorWatt	PkgWatt
16.53	128.83
0.48	128.83
0.52
0.46
0.48
0.54
0.52
0.49
0.52
0.62
1.20
0.62
0.63
0.55
0.64
0.52
0.58
0.47
0.48
0.47
0.49
0.42
0.43
0.41
0.39
0.37
0.38
0.38
0.36
0.53
0.51
0.53
0.54
CorWatt	PkgWatt
16.78	128.98
0.53	128.97
0.52
0.47
0.48
0.55
0.52
0.50
0.49
0.66
1.23
0.61
0.65
0.53
0.62
0.51
0.57
0.49
0.49
0.47
0.47
0.46
0.43
0.44
0.41
0.41
0.37
0.40
0.37
0.52
0.53
0.51
0.55
CorWatt	PkgWatt
16.76	129.02
0.53	129.02
0.50
0.47
0.47
0.54
0.52
0.49
0.49
1.34
0.66
0.60
0.62
0.52
0.64
0.51
0.53
0.48
0.48
0.48
0.51
0.44
0.46
0.41
0.40
0.37
0.39
0.38
0.37
0.54
0.57
0.52
0.51
CorWatt	PkgWatt
17.71	130.84
0.54	130.84
0.50
0.45
0.47
0.54
0.55
0.50
0.50
3.15
0.44
0.38
0.44
0.51
0.62
0.53
0.55
0.46
0.47
0.46
0.47
0.43
0.44
0.42
0.39
0.35
0.36
0.37
0.36
0.52
0.52
0.51
0.52
CorWatt	PkgWatt
17.73	130.71
0.54	130.71
0.50
0.47
0.47
0.55
0.52
0.48
0.49
3.16
0.47
0.40
0.43
0.55
0.62
0.54
0.55
0.46
0.46
0.47
0.47
0.43
0.44
0.41
0.39
0.36
0.36
0.37
0.36
0.53
0.51
0.50
0.50
CorWatt	PkgWatt
17.76	130.78
0.53	130.78
0.49
0.46
0.47
0.55
0.52
0.49
0.49
3.16
0.47
0.41
0.42
0.52
0.61
0.52
0.53
0.46
0.46
0.47
0.47
0.43
0.44
0.41
0.40
0.39
0.40
0.37
0.36
0.52
0.51
0.51
0.52
CorWatt	PkgWatt
17.82	130.96
0.55	130.96
0.50
0.49
0.49
0.52
0.52
0.48
0.50
3.16
0.44
0.38
0.44
0.52
0.62
0.50
0.53
0.48
0.46
0.47
0.47
0.42
0.43
0.41
0.39
0.43
0.39
0.39
0.39
0.52
0.50
0.50
0.51
CorWatt	PkgWatt
17.70	130.73
0.56	130.73
0.49
0.47
0.47
0.50
0.51
0.50
0.49
3.16
0.44
0.38
0.42
0.54
0.63
0.52
0.54
0.47
0.48
0.48
0.49
0.42
0.43
0.41
0.39
0.38
0.37
0.37
0.36
0.52
0.50
0.50
0.52
CorWatt	PkgWatt
17.70	130.77
0.54	130.77
0.48
0.48
0.47
0.48
0.51
0.49
0.48
3.16
0.46
0.40
0.43
0.54
0.64
0.52
0.52
0.45
0.46
0.46
0.47
0.42
0.43
0.41
0.39
0.36
0.36
0.37
0.38
0.54
0.55
0.51
0.52
CorWatt	PkgWatt
17.75	130.82
0.56	130.81
0.50
0.48
0.46
0.52
0.52
0.50
0.50
3.16
0.44
0.39
0.42
0.51
0.63
0.51
0.52
0.48
0.49
0.49
0.49
0.42
0.43
0.41
0.40
0.36
0.36
0.37
0.36
0.52
0.51
0.51
0.54
CorWatt	PkgWatt
17.54	130.88
0.54	130.88
0.50
0.46
0.48
0.48
0.51
0.48
0.48
3.16
0.46
0.40
0.43
0.53
0.61
0.52
0.52
0.45
0.46
0.46
0.47
0.42
0.43
0.41
0.39
0.37
0.36
0.37
0.36
0.52
0.50
0.51
0.51
CorWatt	PkgWatt
17.63	130.81
0.55	130.83
0.49
0.45
0.46
0.50
0.52
0.48
0.49
3.16
0.49
0.39
0.42
0.51
0.61
0.50
0.52
0.45
0.47
0.46
0.47
0.42
0.43
0.41
0.39
0.43
0.38
0.37
0.38
0.52
0.50
0.50
0.52
CorWatt	PkgWatt
17.91	131.01
0.56	130.98
0.51
0.49
0.49
0.50
0.54
0.53
0.49
3.16
0.47
0.40
0.42
0.53
0.62
0.50
0.52
0.45
0.48
0.46
0.48
0.43
0.43
0.41
0.39
0.40
0.38
0.39
0.37
0.56
0.54
0.52
0.52
CorWatt	PkgWatt
17.75	131.15
0.54	131.15
0.49
0.50
0.46
0.49
0.55
0.49
0.50
3.16
0.45
0.39
0.43
0.52
0.61
0.51
0.52
0.46
0.47
0.46
0.47
0.45
0.44
0.43
0.40
0.39
0.36
0.38
0.36
0.52
0.51
0.51
0.52
CorWatt	PkgWatt
17.60	130.91
0.53	130.91
0.51
0.52
0.46
0.48
0.53
0.49
0.48
3.13
0.45
0.39
0.41
0.52
0.61
0.50
0.52
0.48
0.46
0.49
0.48
0.42
0.43
0.40
0.39
0.36
0.36
0.37
0.36
0.52
0.54
0.50
0.50
CorWatt	PkgWatt
18.39	130.91
0.60	130.93
0.60
0.82
0.56
0.90
0.71
0.70
0.88
0.48
0.51
0.43
0.48
0.61
0.66
0.59
0.59
0.52
0.54
0.52
0.52
0.48
0.45
0.46
0.45
0.45
0.42
0.43
0.42
0.58
0.56
0.90
0.59
CorWatt	PkgWatt
17.23	129.63
0.51	129.61
0.50
0.60
0.52
1.54
0.86
0.85
0.89
0.41
0.48
0.39
0.41
0.53
0.53
0.51
0.53
0.47
0.48
0.47
0.48
0.43
0.40
0.43
0.41
0.37
0.38
0.39
0.38
0.55
0.51
0.51
0.50
CorWatt	PkgWatt
17.17	129.66
0.52	129.66
0.52
0.57
0.53
1.54
0.86
0.85
0.89
0.40
0.45
0.38
0.40
0.51
0.52
0.51
0.53
0.47
0.48
0.49
0.49
0.43
0.46
0.42
0.40
0.39
0.36
0.37
0.37
0.52
0.51
0.51
0.52
CorWatt	PkgWatt
16.95	129.37
0.49	129.36
0.50
0.57
0.50
0.86
0.85
0.84
1.53
0.41
0.46
0.38
0.40
0.52
0.52
0.50
0.52
0.46
0.47
0.47
0.47
0.44
0.45
0.42
0.41
0.38
0.36
0.36
0.37
0.53
0.50
0.50
0.51
CorWatt	PkgWatt
17.00	129.32
0.52	129.32
0.53
0.57
0.50
0.86
0.85
0.85
1.53
0.40
0.45
0.38
0.40
0.55
0.53
0.51
0.54
0.46
0.47
0.48
0.47
0.43
0.45
0.41
0.41
0.35
0.36
0.36
0.36
0.51
0.50
0.50
0.51
CorWatt	PkgWatt
17.12	129.43
0.51	129.44
0.51
0.60
0.55
0.91
0.85
0.84
1.50
0.38
0.47
0.39
0.38
0.55
0.52
0.50
0.52
0.48
0.46
0.46
0.47
0.45
0.45
0.43
0.43
0.36
0.39
0.37
0.35
0.52
0.51
0.50
0.50
CorWatt	PkgWatt
18.19	130.50
0.52	130.50
0.50
0.57
0.51
1.04
1.03
1.02
2.11
0.41
0.49
0.38
0.41
0.52
0.52
0.50
0.52
0.46
0.48
0.48
0.48
0.43
0.44
0.42
0.40
0.36
0.37
0.37
0.37
0.53
0.51
0.51
0.53
CorWatt	PkgWatt
20.15	132.28
0.53	132.28
0.51
0.56
0.52
1.46
1.35
1.34
3.01
0.39
0.44
0.38
0.39
0.52
0.53
0.50
0.51
0.48
0.47
0.49
0.49
0.43
0.43
0.43
0.40
0.37
0.39
0.39
0.38
0.54
0.52
0.52
0.51
CorWatt	PkgWatt
20.26	132.38
0.53	132.38
0.51
0.58
0.53
1.61
1.35
1.34
2.86
0.39
0.43
0.39
0.41
0.52
0.52
0.51
0.53
0.46
0.48
0.48
0.47
0.45
0.44
0.44
0.40
0.38
0.40
0.38
0.37
0.53
0.52
0.52
0.52
CorWatt	PkgWatt
20.06	132.26
0.53	132.26
0.52
0.56
0.51
1.34
1.35
1.34
3.12
0.39
0.43
0.38
0.38
0.53
0.53
0.50
0.52
0.46
0.48
0.49
0.48
0.43
0.46
0.41
0.39
0.37
0.36
0.38
0.36
0.53
0.51
0.52
0.51
CorWatt	PkgWatt
20.13	132.32
0.53	132.32
0.57
0.57
0.48
1.74
1.34
1.34
2.72
0.38
0.44
0.38
0.39
0.51
0.52
0.51
0.52
0.47
0.47
0.47
0.47
0.43
0.45
0.44
0.40
0.36
0.37
0.38
0.38
0.52
0.51
0.52
0.53
CorWatt	PkgWatt
19.97	132.10
0.54	132.10
0.56
0.58
0.49
3.13
1.35
1.34
1.34
0.39
0.43
0.38
0.40
0.51
0.52
0.50
0.52
0.46
0.47
0.47
0.47
0.43
0.44
0.41
0.39
0.35
0.35
0.36
0.37
0.52
0.50
0.50
0.50
CorWatt	PkgWatt
20.01	132.01
0.54	132.01
0.50
0.57
0.51
2.73
1.35
1.35
1.74
0.39
0.43
0.38
0.39
0.50
0.51
0.50
0.51
0.49
0.49
0.49
0.48
0.43
0.44
0.41
0.39
0.38
0.36
0.36
0.37
0.52
0.50
0.50
0.51
CorWatt	PkgWatt
19.95	132.05
0.52	132.05
0.51
0.58
0.52
1.45
1.35
1.35
3.02
0.38
0.43
0.38
0.39
0.51
0.52
0.50
0.51
0.45
0.50
0.47
0.48
0.43
0.43
0.41
0.39
0.35
0.37
0.37
0.36
0.52
0.50
0.50
0.50
CorWatt	PkgWatt
20.21	132.13
0.53	132.12
0.51
0.57
0.52
1.35
1.35
1.35
3.12
0.40
0.43
0.38
0.39
0.52
0.52
0.52
0.53
0.47
0.48
0.49
0.47
0.43
0.45
0.42
0.40
0.37
0.40
0.39
0.38
0.54
0.52
0.51
0.52
CorWatt	PkgWatt
20.08	132.06
0.52	132.07
0.53
0.57
0.48
1.34
1.35
1.34
3.13
0.40
0.45
0.40
0.38
0.52
0.53
0.52
0.51
0.47
0.49
0.46
0.49
0.43
0.44
0.42
0.39
0.35
0.38
0.39
0.35
0.54
0.50
0.50
0.51
CorWatt	PkgWatt
20.33	132.17
0.53	132.17
0.58
0.58
0.49
1.35
1.35
1.35
3.14
0.41
0.48
0.38
0.40
0.52
0.52
0.51
0.52
0.46
0.48
0.46
0.47
0.45
0.44
0.43
0.41
0.37
0.36
0.39
0.38
0.55
0.53
0.50
0.54
CorWatt	PkgWatt
19.78	132.08
0.57	132.06
0.60
0.65
0.52
1.03
1.03
1.02
2.07
0.46
0.51
0.43
0.43
0.58
0.57
0.56
0.57
0.48
0.52
0.49
0.50
0.47
0.47
0.46
0.44
0.43
0.44
0.45
0.42
0.93
0.57
0.55
0.55
CorWatt	PkgWatt
17.35	129.49
0.53	129.52
0.54
0.49
0.51
0.54
0.56
0.55
0.62
0.42
0.48
0.43
0.43
0.55
0.54
0.56
0.57
0.48
0.50
0.49
0.50
0.47
0.43
0.45
0.42
1.09
0.61
0.59
0.58
0.81
0.55
0.54
0.54
CorWatt	PkgWatt
16.52	128.68
0.53	128.68
0.53
0.48
0.51
0.49
0.51
0.48
0.55
0.40
0.47
0.40
0.40
0.55
0.54
0.53
0.54
0.45
0.47
0.48
0.48
0.44
0.38
0.42
0.39
1.01
0.68
0.61
0.60
0.66
0.51
0.51
0.51
CorWatt	PkgWatt
16.30	128.62
0.52	128.62
0.50
0.46
0.51
0.49
0.51
0.48
0.56
0.40
0.47
0.40
0.39
0.52
0.51
0.52
0.53
0.45
0.46
0.46
0.47
0.43
0.38
0.41
0.39
1.03
0.67
0.61
0.60
0.65
0.51
0.51
0.51
CorWatt	PkgWatt
16.47	128.81
0.52	128.82
0.54
0.48
0.53
0.52
0.51
0.48
0.57
0.39
0.45
0.40
0.39
0.52
0.52
0.50
0.52
0.47
0.49
0.47
0.49
0.42
0.39
0.41
0.39
0.65
1.02
0.62
0.60
0.66
0.50
0.51
0.51
CorWatt	PkgWatt
16.77	129.29
0.56	129.28
0.52
0.49
0.54
0.51
0.51
0.50
0.54
0.41
0.45
0.41
0.40
0.55
0.54
0.53
0.53
0.47
0.49
0.47
0.49
0.43
0.45
0.42
0.40
0.63
1.08
0.67
0.61
0.64
0.51
0.51
0.52
CorWatt	PkgWatt
19.02	133.86
0.53	133.86
0.49
0.48
0.54
0.51
0.51
0.48
0.51
0.38
0.46
0.39
0.42
0.53
0.54
0.51
0.52
0.45
0.47
0.46
0.47
0.42
0.44
0.40
0.39
0.42
4.31
0.38
0.39
0.66
0.51
0.51
0.52
CorWatt	PkgWatt
18.90	133.72
0.53	133.72
0.50
0.48
0.50
0.48
0.51
0.48
0.50
0.39
0.44
0.38
0.40
0.52
0.52
0.50
0.52
0.47
0.47
0.48
0.49
0.42
0.43
0.41
0.39
0.41
4.32
0.38
0.38
0.64
0.52
0.52
0.52
CorWatt	PkgWatt
18.82	134.03
0.52	134.03
0.49
0.46
0.51
0.49
0.51
0.48
0.49
0.39
0.47
0.39
0.40
0.51
0.52
0.52
0.51
0.45
0.47
0.46
0.47
0.43
0.43
0.41
0.39
0.39
4.32
0.38
0.37
0.65
0.52
0.52
0.51
CorWatt	PkgWatt
19.06	133.93
0.53	133.93
0.49
0.46
0.51
0.49
0.51
0.49
0.51
0.39
0.50
0.40
0.40
0.52
0.52
0.51
0.52
0.46
0.49
0.48
0.48
0.43
0.43
0.41
0.39
0.43
4.32
0.38
0.39
0.64
0.56
0.53
0.54
CorWatt	PkgWatt
18.98	133.97
0.54	133.97
0.50
0.50
0.52
0.48
0.51
0.50
0.49
0.39
0.44
0.39
0.39
0.52
0.53
0.50
0.52
0.45
0.47
0.46
0.47
0.42
0.43
0.40
0.39
0.42
4.32
0.40
0.38
0.67
0.54
0.54
0.51
CorWatt	PkgWatt
18.88	133.87
0.55	133.86
0.50
0.48
0.50
0.50
0.51
0.48
0.50
0.38
0.44
0.38
0.39
0.51
0.52
0.50
0.52
0.45
0.46
0.46
0.47
0.45
0.44
0.43
0.39
0.39
4.32
0.39
0.37
0.64
0.52
0.52
0.52
CorWatt	PkgWatt
18.89	133.98
0.53	133.98
0.49
0.48
0.48
0.48
0.51
0.49
0.48
0.39
0.45
0.38
0.39
0.53
0.54
0.50
0.52
0.48
0.46
0.49
0.48
0.42
0.43
0.41
0.39
0.39
4.32
0.39
0.37
0.66
0.52
0.52
0.51
CorWatt	PkgWatt
19.06	134.03
0.54	134.03
0.50
0.49
0.50
0.49
0.52
0.51
0.52
0.40
0.45
0.39
0.40
0.52
0.53
0.51
0.52
0.46
0.47
0.47
0.47
0.43
0.45
0.42
0.40
0.41
4.32
0.39
0.38
0.64
0.52
0.52
0.52
CorWatt	PkgWatt
18.92	133.88
0.52	133.88
0.49
0.46
0.50
0.48
0.51
0.49
0.49
0.39
0.46
0.38
0.40
0.52
0.52
0.50
0.52
0.45
0.47
0.46
0.47
0.42
0.44
0.42
0.40
0.40
4.32
0.40
0.40
0.66
0.53
0.53
0.51
CorWatt	PkgWatt
18.97	133.90
0.53	133.90
0.50
0.47
0.53
0.48
0.51
0.49
0.50
0.40
0.45
0.38
0.39
0.52
0.52
0.52
0.53
0.45
0.47
0.47
0.47
0.40
0.45
0.42
0.39
0.43
4.32
0.38
0.37
0.65
0.55
0.52
0.52
CorWatt	PkgWatt
18.92	134.14
0.52	134.14
0.49
0.51
0.48
0.49
0.51
0.48
0.48
0.39
0.46
0.39
0.40
0.52
0.53
0.52
0.52
0.45
0.47
0.47
0.47
0.41
0.43
0.43
0.40
0.40
4.32
0.38
0.38
0.67
0.53
0.52
0.52
CorWatt	PkgWatt
19.14	134.13
0.52	134.14
0.49
0.50
0.47
0.50
0.51
0.51
0.54
0.39
0.45
0.39
0.40
0.55
0.54
0.53
0.54
0.46
0.48
0.47
0.47
0.40
0.45
0.42
0.42
0.41
4.32
0.39
0.38
0.66
0.52
0.52
0.52
CorWatt	PkgWatt
18.66	131.25
0.56	131.27
0.59
0.78
0.57
0.60
0.62
0.79
0.72
0.45
0.51
0.78
0.47
0.61
0.59
0.57
0.59
0.55
0.54
0.56
0.54
0.47
0.48
0.47
0.49
0.45
0.98
0.44
0.43
0.69
0.60
0.58
0.59
CorWatt	PkgWatt
16.54	129.11
0.50	129.09
0.54
0.59
0.47
0.74
0.75
0.78
1.24
0.40
0.51
0.39
0.40
0.52
0.52
0.51
0.53
0.46
0.49
0.52
0.47
0.41
0.40
0.42
0.40
0.38
0.37
0.37
0.38
0.56
0.53
0.52
0.51
CorWatt	PkgWatt
16.52	129.00
0.50	129.00
0.53
0.59
0.46
0.72
0.74
0.78
1.23
0.39
0.45
0.38
0.40
0.52
0.52
0.50
0.52
0.47
0.47
0.48
0.47
0.39
0.40
0.44
0.42
0.38
0.37
0.39
0.39
0.58
0.59
0.53
0.52
CorWatt	PkgWatt
16.74	129.08
0.51	129.08
0.55
0.57
0.47
0.73
0.76
1.24
0.79
0.40
0.46
0.39
0.42
0.52
0.53
0.52
0.54
0.47
0.49
0.48
0.48
0.42
0.40
0.42
0.41
0.43
0.38
0.39
0.39
0.56
0.58
0.53
0.53
CorWatt	PkgWatt
16.40	128.77
0.50	128.77
0.56
0.59
0.47
0.73
0.74
1.23
0.74
0.38
0.46
0.38
0.38
0.52
0.52
0.51
0.52
0.46
0.50
0.48
0.49
0.39
0.39
0.40
0.39
0.38
0.38
0.39
0.37
0.57
0.55
0.51
0.52
CorWatt	PkgWatt
16.55	129.12
0.49	129.13
0.53
0.58
0.45
0.73
0.73
1.49
0.73
0.38
0.46
0.38
0.39
0.51
0.51
0.50
0.52
0.47
0.47
0.47
0.47
0.40
0.41
0.43
0.40
0.39
0.37
0.37
0.37
0.56
0.57
0.51
0.52
CorWatt	PkgWatt
17.95	130.67
0.54	130.66
0.54
0.59
0.47
0.61
0.64
3.20
0.64
0.40
0.45
0.38
0.39
0.51
0.52
0.50
0.51
0.45
0.48
0.46
0.47
0.39
0.39
0.41
0.39
0.37
0.38
0.37
0.36
0.56
0.56
0.51
0.51
CorWatt	PkgWatt
18.10	130.78
0.53	130.78
0.54
0.58
0.47
0.63
0.66
0.70
3.16
0.39
0.45
0.38
0.39
0.51
0.52
0.50
0.52
0.49
0.49
0.49
0.48
0.40
0.40
0.42
0.39
0.38
0.37
0.37
0.36
0.55
0.56
0.52
0.52
CorWatt	PkgWatt
17.90	130.77
0.52	130.77
0.54
0.59
0.46
0.62
0.64
0.67
3.16
0.38
0.44
0.38
0.38
0.51
0.53
0.50
0.52
0.45
0.48
0.46
0.49
0.39
0.39
0.41
0.39
0.36
0.36
0.37
0.37
0.55
0.57
0.51
0.51
CorWatt	PkgWatt
18.15	130.80
0.53	130.79
0.54
0.57
0.46
0.63
0.65
2.54
1.35
0.39
0.46
0.38
0.40
0.51
0.52
0.52
0.52
0.46
0.47
0.48
0.47
0.40
0.39
0.42
0.39
0.37
0.40
0.39
0.38
0.56
0.57
0.51
0.52
CorWatt	PkgWatt
17.99	130.69
0.53	130.69
0.54
0.57
0.47
0.62
0.63
0.65
3.18
0.40
0.45
0.39
0.39
0.52
0.52
0.51
0.52
0.48
0.49
0.46
0.48
0.39
0.39
0.41
0.39
0.36
0.37
0.38
0.36
0.55
0.56
0.50
0.51
CorWatt	PkgWatt
18.32	130.88
0.54	130.89
0.55
0.58
0.49
0.62
0.65
3.17
0.68
0.41
0.50
0.39
0.40
0.51
0.52
0.50
0.52
0.46
0.49
0.46
0.47
0.42
0.39
0.44
0.42
0.38
0.38
0.39
0.37
0.56
0.59
0.51
0.55
CorWatt	PkgWatt
17.95	130.87
0.52	130.86
0.52
0.58
0.47
0.62
0.63
0.69
3.16
0.39
0.44
0.39
0.40
0.51
0.52
0.50
0.52
0.45
0.47
0.46
0.47
0.40
0.38
0.41
0.39
0.38
0.38
0.38
0.37
0.56
0.58
0.51
0.51
CorWatt	PkgWatt
18.04	130.70
0.53	130.71
0.53
0.56
0.49
0.62
0.67
2.63
1.23
0.38
0.44
0.39
0.39
0.53
0.52
0.54
0.54
0.45
0.47
0.46
0.47
0.40
0.38
0.42
0.39
0.36
0.36
0.37
0.36
0.55
0.60
0.50
0.51
CorWatt	PkgWatt
18.17	130.70
0.54	130.70
0.52
0.60
0.49
0.62
0.64
0.69
3.18
0.39
0.46
0.39
0.40
0.54
0.52
0.54
0.54
0.45
0.48
0.47
0.47
0.43
0.39
0.41
0.39
0.36
0.36
0.38
0.36
0.57
0.57
0.50
0.51
CorWatt	PkgWatt
18.10	130.90
0.53	130.89
0.53
0.59
0.48
0.63
0.64
0.67
3.17
0.41
0.46
0.40
0.39
0.53
0.52
0.54
0.53
0.46
0.47
0.46
0.47
0.40
0.39
0.41
0.40
0.36
0.38
0.38
0.37
0.56
0.55
0.51
0.52
CorWatt	PkgWatt
17.89	130.61
0.52	130.61
0.52
0.60
0.48
0.62
0.64
0.65
3.16
0.39
0.44
0.38
0.39
0.52
0.52
0.50
0.52
0.45
0.48
0.47
0.47
0.39
0.38
0.41
0.39
0.36
0.36
0.37
0.37
0.58
0.54
0.50
0.51
CorWatt	PkgWatt
17.49	130.14
0.56	130.14
0.54
0.62
0.52
0.59
0.61
0.64
2.42
0.47
0.45
0.39
0.41
0.55
0.53
0.54
0.52
0.45
0.49
0.48
0.48
0.41
0.40
0.42
0.39
0.37
0.37
0.38
0.37
0.56
0.56
0.50
0.51
CorWatt	PkgWatt
18.43	130.58
1.04	130.59
0.74
0.70
0.87
0.57
0.58
0.85
0.60
0.67
0.51
0.45
0.46
0.60
0.59
0.57
0.59
0.50
0.53
0.52
0.53
0.46
0.45
0.48
0.45
0.43
0.43
0.48
0.45
0.59
0.60
0.57
0.56
CorWatt	PkgWatt
16.44	128.87
1.01	128.85
0.75
0.70
0.95
0.51
0.53
0.63
0.52
0.39
0.44
0.38
0.40
0.52
0.52
0.50
0.52
0.47
0.47
0.49
0.49
0.40
0.39
0.43
0.40
0.38
0.36
0.42
0.37
0.52
0.54
0.51
0.52
CorWatt	PkgWatt
16.82	129.05
1.23	129.06
0.79
0.72
0.73
0.49
0.54
0.63
0.53
0.41
0.49
0.40
0.39
0.54
0.53
0.59
0.56
0.48
0.47
0.47
0.47
0.44
0.39
0.42
0.39
0.39
0.40
0.44
0.37
0.53
0.57
0.53
0.50
CorWatt	PkgWatt
17.35	129.44
1.00	129.45
0.76
1.01
0.74
0.53
0.55
0.63
0.53
0.43
0.52
0.43
0.43
0.55
0.54
0.55
0.55
0.49
0.51
0.49
0.50
0.41
0.42
0.43
0.39
0.39
0.48
0.45
0.41
0.57
0.59
0.56
0.54
CorWatt	PkgWatt
16.48	128.86
0.74	128.84
0.72
1.30
0.73
0.49
0.52
0.62
0.49
0.38
0.43
0.40
0.40
0.51
0.52
0.51
0.52
0.45
0.47
0.47
0.47
0.39
0.39
0.41
0.39
0.37
0.43
0.39
0.37
0.56
0.55
0.59
0.51
CorWatt	PkgWatt
17.52	130.21
0.58	130.21
0.55
2.86
0.60
0.50
0.52
0.59
0.50
0.39
0.45
0.38
0.39
0.52
0.52
0.52
0.52
0.46
0.47
0.47
0.47
0.42
0.41
0.44
0.39
0.36
0.36
0.37
0.36
0.52
0.54
0.57
0.52
CorWatt	PkgWatt
17.93	130.85
0.54	130.84
0.50
3.31
0.54
0.50
0.52
0.60
0.50
0.39
0.43
0.39
0.39
0.52
0.53
0.52
0.52
0.48
0.47
0.50
0.49
0.41
0.40
0.42
0.40
0.37
0.38
0.37
0.37
0.52
0.57
0.55
0.51
CorWatt	PkgWatt
17.78	130.78
0.55	130.78
0.52
3.31
0.54
0.50
0.53
0.59
0.51
0.38
0.44
0.38
0.40
0.51
0.51
0.51
0.51
0.46
0.47
0.46
0.47
0.40
0.40
0.44
0.40
0.35
0.36
0.36
0.35
0.53
0.55
0.56
0.51
CorWatt	PkgWatt
17.71	130.60
0.53	130.60
0.49
3.31
0.52
0.49
0.52
0.59
0.50
0.40
0.44
0.38
0.39
0.52
0.52
0.51
0.52
0.45
0.47
0.46
0.47
0.39
0.39
0.41
0.39
0.35
0.37
0.38
0.37
0.53
0.56
0.58
0.50
CorWatt	PkgWatt
17.81	130.62
0.54	130.62
0.52
3.31
0.54
0.50
0.52
0.60
0.50
0.40
0.43
0.38
0.39
0.51
0.52
0.51
0.52
0.46
0.47
0.47
0.47
0.40
0.39
0.41
0.39
0.37
0.41
0.37
0.36
0.53
0.54
0.55
0.52
CorWatt	PkgWatt
17.69	130.67
0.53	130.67
0.51
3.31
0.54
0.49
0.51
0.60
0.49
0.38
0.45
0.39
0.39
0.51
0.52
0.52
0.52
0.45
0.46
0.47
0.47
0.41
0.39
0.42
0.41
0.36
0.36
0.36
0.36
0.53
0.54
0.55
0.51
CorWatt	PkgWatt
17.78	130.74
0.54	130.74
0.51
3.31
0.53
0.50
0.51
0.61
0.53
0.40
0.43
0.38
0.38
0.53
0.53
0.51
0.53
0.45
0.46
0.46
0.47
0.40
0.40
0.41
0.41
0.36
0.37
0.37
0.35
0.51
0.54
0.55
0.51
CorWatt	PkgWatt
17.83	130.74
0.55	130.75
0.49
3.31
0.56
0.49
0.51
0.59
0.51
0.38
0.43
0.40
0.40
0.54
0.52
0.53
0.52
0.47
0.46
0.46
0.47
0.42
0.40
0.40
0.42
0.36
0.36
0.36
0.36
0.52
0.56
0.55
0.50
CorWatt	PkgWatt
17.81	130.69
0.54	130.69
0.50
3.31
0.50
0.50
0.52
0.59
0.50
0.40
0.49
0.39
0.39
0.52
0.52
0.53
0.53
0.47
0.47
0.46
0.47
0.41
0.40
0.42
0.39
0.36
0.36
0.37
0.36
0.52
0.54
0.56
0.52
CorWatt	PkgWatt
17.77	130.59
0.53	130.59
0.49
3.31
0.50
0.49
0.52
0.60
0.49
0.38
0.43
0.38
0.39
0.52
0.52
0.52
0.52
0.47
0.47
0.49
0.47
0.39
0.39
0.43
0.41
0.37
0.37
0.38
0.38
0.53
0.56
0.56
0.51
CorWatt	PkgWatt
17.71	130.71
0.54	130.71
0.50
3.31
0.50
0.49
0.53
0.61
0.51
0.38
0.43
0.38
0.39
0.50
0.51
0.52
0.52
0.45
0.46
0.46
0.47
0.40
0.40
0.41
0.39
0.37
0.39
0.37
0.37
0.52
0.54
0.55
0.51
CorWatt	PkgWatt
17.80	130.73
0.53	130.73
0.50
3.31
0.52
0.49
0.51
0.60
0.49
0.39
0.43
0.38
0.38
0.51
0.52
0.52
0.51
0.46
0.48
0.50
0.49
0.41
0.39
0.42
0.40
0.38
0.38
0.39
0.38
0.52
0.54
0.55
0.52
CorWatt	PkgWatt
18.44	130.71
0.72	130.73
0.54
1.31
0.54
0.63
0.83
0.73
0.62
0.42
0.47
0.41
0.45
0.53
0.56
0.60
0.58
0.55
0.57
0.55
0.55
0.45
0.46
0.80
0.47
0.45
0.43
0.44
0.42
0.58
0.60
0.62
0.57
CorWatt	PkgWatt
17.16	129.38
0.62	129.37
0.52
0.54
0.48
0.85
0.91
1.56
0.85
0.40
0.44
0.39
0.40
0.52
0.52
0.53
0.52
0.46
0.54
0.48
0.48
0.40
0.39
0.39
0.42
0.36
0.37
0.37
0.37
0.53
0.56
0.52
0.51
CorWatt	PkgWatt
16.93	129.17
0.60	129.17
0.50
0.51
0.45
0.84
1.18
1.28
0.85
0.38
0.43
0.38
0.38
0.51
0.51
0.53
0.51
0.47
0.48
0.49
0.48
0.40
0.39
0.39
0.42
0.38
0.36
0.36
0.36
0.52
0.54
0.56
0.51
CorWatt	PkgWatt
16.91	129.08
0.59	129.08
0.52
0.53
0.45
0.84
0.90
1.55
0.84
0.38
0.43
0.38
0.39
0.52
0.52
0.53
0.51
0.45
0.48
0.47
0.49
0.39
0.38
0.38
0.42
0.35
0.36
0.36
0.36
0.52
0.54
0.56
0.51
CorWatt	PkgWatt
17.12	129.24
0.59	129.24
0.52
0.52
0.46
0.84
1.12
1.33
0.85
0.40
0.44
0.39
0.40
0.51
0.53
0.54
0.52
0.46
0.47
0.47
0.47
0.40
0.40
0.40
0.42
0.36
0.41
0.38
0.38
0.53
0.54
0.55
0.53
CorWatt	PkgWatt
17.07	129.36
0.58	129.37
0.51
0.54
0.49
0.84
0.89
1.53
0.85
0.38
0.44
0.39
0.39
0.53
0.52
0.55
0.52
0.47
0.50
0.47
0.48
0.40
0.39
0.38
0.43
0.36
0.37
0.39
0.36
0.53
0.54
0.55
0.50
CorWatt	PkgWatt
17.53	129.63
0.60	129.63
0.53
0.50
0.51
0.90
1.15
1.50
0.89
0.40
0.48
0.38
0.39
0.51
0.51
0.51
0.52
0.46
0.47
0.46
0.47
0.42
0.40
0.41
0.44
0.39
0.36
0.39
0.38
0.52
0.57
0.57
0.54
CorWatt	PkgWatt
19.95	131.97
0.59	131.96
0.51
0.48
0.48
1.34
1.35
3.16
1.33
0.39
0.43
0.38
0.38
0.52
0.52
0.51
0.52
0.45
0.46
0.47
0.47
0.39
0.40
0.39
0.42
0.37
0.37
0.38
0.36
0.53
0.55
0.56
0.50
CorWatt	PkgWatt
20.18	132.21
0.60	132.22
0.51
0.49
0.52
1.34
2.10
1.82
1.92
0.39
0.46
0.40
0.42
0.51
0.52
0.55
0.55
0.46
0.48
0.46
0.47
0.40
0.39
0.40
0.42
0.37
0.36
0.37
0.36
0.52
0.57
0.56
0.52
CorWatt	PkgWatt
20.29	132.52
0.60	132.52
0.53
0.52
0.50
1.34
3.14
1.35
1.34
0.39
0.45
0.39
0.41
0.56
0.53
0.55
0.55
0.46
0.47
0.48
0.48
0.42
0.40
0.39
0.43
0.37
0.38
0.37
0.36
0.53
0.55
0.56
0.51
CorWatt	PkgWatt
20.00	132.06
0.60	132.06
0.51
0.49
0.49
1.34
1.83
1.34
2.65
0.40
0.45
0.39
0.40
0.51
0.52
0.54
0.52
0.45
0.46
0.46
0.47
0.39
0.39
0.39
0.42
0.36
0.38
0.36
0.36
0.51
0.54
0.56
0.51
CorWatt	PkgWatt
19.97	132.12
0.60	132.11
0.50
0.49
0.49
1.34
3.16
1.35
1.34
0.39
0.43
0.39
0.39
0.52
0.52
0.54
0.52
0.45
0.47
0.47
0.47
0.40
0.39
0.39
0.42
0.35
0.35
0.37
0.35
0.53
0.54
0.56
0.51
CorWatt	PkgWatt
20.21	132.36
0.62	132.36
0.50
0.52
0.53
1.34
3.15
1.35
1.33
0.40
0.43
0.40
0.42
0.56
0.54
0.55
0.53
0.46
0.47
0.47
0.47
0.40
0.39
0.39
0.42
0.37
0.36
0.37
0.36
0.52
0.54
0.56
0.51
CorWatt	PkgWatt
19.98	132.41
0.60	132.41
0.50
0.50
0.50
1.34
1.88
1.35
2.60
0.38
0.44
0.38
0.39
0.51
0.52
0.52
0.51
0.45
0.48
0.47
0.47
0.39
0.39
0.39
0.42
0.36
0.36
0.36
0.37
0.53
0.55
0.56
0.51
CorWatt	PkgWatt
19.96	132.30
0.59	132.30
0.51
0.50
0.49
1.34
1.81
1.34
2.67
0.39
0.43
0.38
0.38
0.51
0.51
0.52
0.53
0.46
0.46
0.48
0.48
0.40
0.39
0.39
0.42
0.36
0.37
0.36
0.35
0.51
0.53
0.56
0.51
CorWatt	PkgWatt
19.97	132.36
0.59	132.36
0.50
0.49
0.52
1.34
2.79
1.34
1.69
0.38
0.44
0.39
0.38
0.51
0.52
0.54
0.51
0.45
0.47
0.47
0.47
0.41
0.40
0.40
0.43
0.36
0.35
0.36
0.35
0.52
0.53
0.55
0.50
CorWatt	PkgWatt
20.21	132.64
0.59	132.64
0.51
0.47
0.52
1.34
2.02
1.35
2.47
0.40
0.49
0.41
0.39
0.51
0.52
0.52
0.52
0.45
0.48
0.47
0.47
0.41
0.39
0.39
0.43
0.38
0.38
0.37
0.36
0.54
0.56
0.57
0.52
CorWatt	PkgWatt
19.17	131.65
0.59	131.65
0.52
0.48
0.51
1.20
1.21
1.21
2.71
0.38
0.43
0.38
0.38
0.51
0.52
0.52
0.51
0.45
0.46
0.47
0.46
0.39
0.39
0.38
0.41
0.39
0.38
0.39
0.36
0.55
0.54
0.57
0.50
CorWatt	PkgWatt
20.20	134.86
0.65	134.87
0.79
0.62
0.53
0.58
3.20
0.63
0.60
0.45
0.49
0.44
0.77
0.60
0.60
0.62
0.65
0.53
0.53
0.50
0.51
0.47
0.46
0.47
0.47
0.45
0.42
0.43
0.40
0.57
0.58
0.63
0.58
CorWatt	PkgWatt
20.53	138.35
0.53	138.32
0.60
0.52
0.46
0.51
6.02
0.56
0.51
0.39
0.43
0.38
0.39
0.52
0.53
0.53
0.58
0.47
0.47
0.49
0.49
0.40
0.40
0.39
0.42
0.36
0.38
0.37
0.36
0.53
0.51
0.55
0.51
CorWatt	PkgWatt
20.70	138.44
0.54	138.46
0.59
0.51
0.47
0.52
6.01
0.58
0.53
0.41
0.45
0.39
0.39
0.52
0.52
0.53
0.59
0.48
0.47
0.47
0.47
0.41
0.41
0.41
0.44
0.37
0.36
0.37
0.36
0.53
0.52
0.55
0.52
CorWatt	PkgWatt
20.43	138.29
0.53	138.29
0.58
0.50
0.44
0.50
6.02
0.55
0.51
0.40
0.43
0.38
0.40
0.52
0.52
0.53
0.56
0.45
0.47
0.47
0.47
0.39
0.39
0.38
0.42
0.36
0.37
0.38
0.38
0.53
0.52
0.55
0.52
CorWatt	PkgWatt
20.38	138.08
0.54	138.08
0.60
0.48
0.46
0.51
6.01
0.56
0.50
0.39
0.44
0.38
0.39
0.51
0.51
0.52
0.54
0.45
0.47
0.47
0.47
0.39
0.39
0.39
0.42
0.36
0.38
0.37
0.36
0.51
0.50
0.54
0.56
CorWatt	PkgWatt
20.58	138.43
0.53	138.43
0.59
0.53
0.44
0.51
6.02
0.56
0.55
0.38
0.45
0.38
0.39
0.52
0.56
0.53
0.53
0.45
0.47
0.46
0.47
0.41
0.39
0.41
0.44
0.37
0.36
0.36
0.39
0.54
0.50
0.54
0.56
CorWatt	PkgWatt
20.70	138.60
0.53	138.60
0.59
0.52
0.45
0.52
6.01
0.57
0.55
0.40
0.43
0.38
0.40
0.54
0.54
0.55
0.55
0.46
0.49
0.47
0.47
0.40
0.42
0.40
0.44
0.37
0.37
0.39
0.36
0.52
0.51
0.55
0.56
CorWatt	PkgWatt
20.64	138.41
0.53	138.41
0.59
0.53
0.48
0.50
6.02
0.55
0.53
0.39
0.43
0.41
0.40
0.55
0.52
0.53
0.56
0.48
0.47
0.47
0.47
0.42
0.41
0.38
0.46
0.36
0.38
0.36
0.36
0.52
0.51
0.54
0.56
CorWatt	PkgWatt
20.54	138.42
0.54	138.42
0.59
0.51
0.45
0.51
6.02
0.56
0.51
0.39
0.48
0.39
0.40
0.52
0.52
0.51
0.55
0.45
0.48
0.46
0.47
0.40
0.39
0.39
0.42
0.38
0.36
0.37
0.38
0.52
0.50
0.55
0.57
CorWatt	PkgWatt
20.60	138.50
0.53	138.51
0.59
0.52
0.45
0.53
6.02
0.55
0.51
0.39
0.43
0.38
0.39
0.52
0.53
0.50
0.54
0.47
0.47
0.48
0.47
0.39
0.39
0.41
0.43
0.38
0.38
0.39
0.38
0.54
0.53
0.56
0.57
CorWatt	PkgWatt
20.66	138.65
0.54	138.65
0.59
0.51
0.45
0.51
6.02
0.59
0.52
0.39
0.43
0.38
0.39
0.52
0.52
0.50
0.55
0.46
0.47
0.47
0.47
0.40
0.41
0.40
0.42
0.39
0.41
0.37
0.37
0.52
0.53
0.57
0.57
CorWatt	PkgWatt
20.59	138.50
0.53	138.50
0.59
0.51
0.49
0.50
6.02
0.55
0.50
0.39
0.43
0.38
0.39
0.52
0.52
0.50
0.54
0.46
0.50
0.50
0.48
0.39
0.39
0.39
0.42
0.38
0.40
0.38
0.38
0.52
0.51
0.55
0.57
CorWatt	PkgWatt
20.55	138.45
0.53	138.45
0.58
0.47
0.48
0.50
6.02
0.57
0.51
0.39
0.46
0.39
0.40
0.52
0.51
0.50
0.55
0.47
0.47
0.46
0.47
0.41
0.41
0.41
0.42
0.36
0.37
0.37
0.37
0.52
0.54
0.55
0.57
CorWatt	PkgWatt
20.61	138.69
0.55	138.69
0.60
0.53
0.50
0.51
6.02
0.55
0.51
0.39
0.44
0.38
0.40
0.53
0.52
0.53
0.54
0.45
0.50
0.48
0.47
0.39
0.40
0.39
0.42
0.36
0.37
0.38
0.37
0.52
0.50
0.55
0.55
CorWatt	PkgWatt
21.20	138.97
0.54	138.98
0.60
0.50
0.49
0.55
6.02
0.57
0.54
0.39
0.48
0.40
0.42
0.54
0.54
0.50
0.59
0.50
0.49
0.51
0.50
0.42
0.42
0.43
0.45
0.41
0.40
0.40
0.43
0.54
0.53
0.56
0.54
CorWatt	PkgWatt
20.48	138.44
0.54	138.43
0.60
0.54
0.45
0.51
6.02
0.55
0.50
0.39
0.44
0.45
0.39
0.53
0.52
0.50
0.57
0.46
0.49
0.47
0.48
0.40
0.39
0.39
0.42
0.36
0.36
0.37
0.36
0.53
0.51
0.51
0.50
CorWatt	PkgWatt
20.55	138.68
0.54	138.67
0.59
0.53
0.45
0.51
6.03
0.56
0.50
0.38
0.43
0.43
0.39
0.52
0.52
0.52
0.57
0.45
0.47
0.47
0.47
0.40
0.39
0.39
0.42
0.36
0.42
0.39
0.38
0.54
0.51
0.51
0.51
CorWatt	PkgWatt
19.89	134.48
0.59	134.50
0.65
0.65
0.53
1.06
2.80
0.60
0.58
0.48
0.50
0.50
0.45
0.61
0.59
0.62
0.66
0.52
0.56
0.51
0.54
0.45
0.45
0.45
0.49
0.46
0.46
0.45
0.41
0.59
0.56
0.56
0.56
CorWatt	PkgWatt
18.47	131.51
0.59	131.50
0.57
3.22
0.52
0.63
0.53
0.53
0.52
0.42
0.50
0.40
0.41
0.56
0.54
0.55
0.58
0.48
0.49
0.48
0.48
0.43
0.40
0.42
0.46
0.40
0.38
0.41
0.39
0.54
0.59
0.52
0.56
CorWatt	PkgWatt
17.66	130.86
0.56	130.86
0.53
3.16
0.48
0.62
0.51
0.51
0.49
0.39
0.43
0.38
0.40
0.55
0.52
0.52
0.57
0.45
0.47
0.47
0.47
0.40
0.39
0.38
0.42
0.37
0.37
0.38
0.36
0.53
0.57
0.51
0.51
CorWatt	PkgWatt
17.80	130.91
0.56	130.91
0.53
3.14
0.53
0.64
0.54
0.53
0.51
0.38
0.45
0.39
0.38
0.56
0.52
0.55
0.58
0.45
0.47
0.46
0.47
0.40
0.39
0.39
0.42
0.36
0.36
0.37
0.35
0.53
0.56
0.51
0.51
CorWatt	PkgWatt
17.75	130.72
0.57	130.72
0.52
3.15
0.53
0.62
0.51
0.52
0.50
0.38
0.46
0.38
0.41
0.57
0.52
0.54
0.58
0.45
0.47
0.48
0.47
0.41
0.39
0.38
0.42
0.36
0.36
0.36
0.35
0.54
0.55
0.50
0.50
CorWatt	PkgWatt
18.12	130.96
0.58	130.97
0.55
3.15
0.56
0.62
0.52
0.53
0.51
0.43
0.46
0.41
0.40
0.55
0.53
0.54
0.58
0.47
0.48
0.47
0.48
0.42
0.41
0.40
0.43
0.37
0.37
0.38
0.37
0.56
0.56
0.52
0.53
CorWatt	PkgWatt
17.58	130.55
0.55	130.55
0.52
3.15
0.52
0.62
0.50
0.50
0.50
0.39
0.44
0.39
0.40
0.55
0.52
0.52
0.57
0.45
0.47
0.46
0.47
0.39
0.39
0.38
0.42
0.35
0.35
0.36
0.36
0.52
0.56
0.50
0.51
CorWatt	PkgWatt
17.80	130.74
0.59	130.74
2.80
0.88
0.55
0.61
0.52
0.52
0.50
0.39
0.43
0.40
0.42
0.59
0.54
0.54
0.57
0.45
0.47
0.47
0.47
0.39
0.38
0.39
0.42
0.35
0.35
0.36
0.36
0.52
0.56
0.50
0.51
CorWatt	PkgWatt
17.57	130.33
0.55	130.33
3.12
0.60
0.51
0.61
0.50
0.50
0.50
0.40
0.43
0.38
0.40
0.54
0.52
0.52
0.57
0.45
0.47
0.47
0.47
0.39
0.38
0.38
0.41
0.35
0.35
0.36
0.36
0.53
0.54
0.50
0.50
CorWatt	PkgWatt
17.67	130.36
0.56	130.37
3.13
0.57
0.52
0.60
0.52
0.51
0.49
0.39
0.44
0.39
0.39
0.54
0.52
0.52
0.58
0.46
0.46
0.47
0.48
0.39
0.39
0.40
0.42
0.35
0.35
0.36
0.36
0.53
0.54
0.51
0.51
CorWatt	PkgWatt
17.53	130.26
0.54	130.28
3.12
0.58
0.52
0.61
0.50
0.50
0.49
0.39
0.44
0.39
0.39
0.54
0.52
0.54
0.57
0.44
0.47
0.48
0.46
0.41
0.39
0.38
0.42
0.35
0.35
0.36
0.36
0.52
0.54
0.50
0.49
CorWatt	PkgWatt
17.94	130.54
0.57	130.53
0.57
3.14
0.56
0.59
0.52
0.50
0.50
0.40
0.50
0.39
0.42
0.56
0.51
0.53
0.60
0.46
0.46
0.48
0.46
0.40
0.38
0.38
0.41
0.37
0.37
0.38
0.38
0.55
0.58
0.52
0.50
CorWatt	PkgWatt
17.66	130.29
0.56	130.29
0.53
3.14
0.50
0.61
0.51
0.52
0.50
0.40
0.43
0.37
0.40
0.54
0.52
0.53
0.58
0.44
0.46
0.47
0.46
0.39
0.38
0.39
0.41
0.40
0.36
0.37
0.39
0.56
0.55
0.51
0.49
CorWatt	PkgWatt
17.57	130.08
0.56	130.08
0.53
3.14
0.50
0.61
0.51
0.51
0.49
0.39
0.43
0.37
0.39
0.54
0.51
0.52
0.57
0.45
0.46
0.47
0.47
0.41
0.41
0.40
0.42
0.36
0.35
0.35
0.36
0.52
0.54
0.51
0.50
CorWatt	PkgWatt
17.41	130.16
0.55	130.17
0.56
3.14
0.51
0.60
0.49
0.50
0.48
0.37
0.43
0.37
0.38
0.54
0.51
0.51
0.56
0.45
0.45
0.49
0.47
0.38
0.38
0.38
0.41
0.35
0.35
0.36
0.37
0.53
0.54
0.50
0.49
CorWatt	PkgWatt
17.53	130.03
0.56	130.02
3.12
0.60
0.50
0.61
0.51
0.53
0.50
0.39
0.45
0.36
0.39
0.53
0.50
0.51
0.56
0.44
0.45
0.46
0.46
0.39
0.40
0.40
0.43
0.35
0.35
0.35
0.36
0.54
0.54
0.50
0.50
CorWatt	PkgWatt
17.47	129.97
0.54	129.97
3.11
0.55
0.52
0.61
0.49
0.50
0.50
0.38
0.43
0.37
0.39
0.54
0.51
0.51
0.57
0.44
0.46
0.46
0.45
0.38
0.38
0.38
0.41
0.35
0.36
0.37
0.38
0.54
0.58
0.51
0.49
CorWatt	PkgWatt
17.50	129.91
0.56	129.91
3.08
0.55
0.54
0.61
0.50
0.52
0.51
0.38
0.43
0.37
0.38
0.53
0.50
0.52
0.56
0.45
0.46
0.46
0.46
0.38
0.38
0.39
0.41
0.37
0.36
0.37
0.36
0.54
0.55
0.51
0.51
CorWatt	PkgWatt
18.14	129.92
0.54	129.94
0.54
0.57
0.52
0.59
0.55
0.57
0.60
0.46
0.50
0.46
0.46
0.62
0.58
0.58
0.60
0.52
0.53
0.56
0.54
0.45
0.43
0.45
0.47
0.53
0.73
0.74
0.54
1.14
0.62
0.56
0.56
CorWatt	PkgWatt
16.53	128.20
0.52	128.18
0.45
0.51
0.48
0.50
0.50
0.52
0.52
0.38
0.42
0.37
0.39
0.53
0.53
0.52
0.54
0.44
0.45
0.51
0.49
0.38
0.40
0.39
0.42
0.65
0.89
1.00
0.63
0.55
0.56
0.60
0.50
CorWatt	PkgWatt
16.54	128.26
0.49	128.26
0.44
0.54
0.50
0.48
0.49
0.50
0.50
0.38
0.42
0.38
0.40
0.53
0.51
0.52
0.53
0.46
0.45
0.53
0.49
0.40
0.39
0.38
0.44
0.63
0.83
1.10
0.62
0.52
0.56
0.63
0.49
CorWatt	PkgWatt
16.65	128.33
0.52	128.33
0.45
0.54
0.49
0.49
0.51
0.51
0.53
0.39
0.47
0.38
0.40
0.52
0.51
0.49
0.53
0.45
0.47
0.52
0.49
0.40
0.38
0.39
0.41
0.64
0.64
0.73
1.18
0.52
0.57
0.62
0.51
CorWatt	PkgWatt
16.44	128.07
0.49	128.07
0.43
0.52
0.48
0.48
0.48
0.49
0.49
0.36
0.42
0.39
0.38
0.50
0.51
0.48
0.52
0.45
0.45
0.52
0.49
0.39
0.38
0.40
0.43
0.65
0.65
0.87
1.08
0.54
0.57
0.64
0.51
CorWatt	PkgWatt
16.92	128.57
0.49	128.57
0.42
0.53
0.47
0.48
0.51
0.52
0.50
0.38
0.44
0.37
0.40
0.53
0.50
0.49
0.53
0.44
0.48
0.51
0.49
0.38
0.38
0.39
0.41
0.72
0.72
1.54
0.70
0.53
0.55
0.63
0.50
CorWatt	PkgWatt
19.40	130.71
0.51	130.71
0.45
0.55
0.44
0.48
0.48
0.50
0.49
0.38
0.42
0.37
0.39
0.52
0.51
0.49
0.54
0.44
0.48
0.52
0.50
0.38
0.38
0.38
0.41
1.04
1.04
1.35
2.76
0.52
0.54
0.62
0.52
CorWatt	PkgWatt
19.85	131.22
0.52	131.22
0.44
0.55
0.44
0.50
0.51
0.51
0.50
0.38
0.45
0.38
0.40
0.52
0.52
0.50
0.55
0.49
0.47
0.50
0.50
0.40
0.41
0.41
0.43
1.09
1.09
3.08
1.09
0.53
0.54
0.62
0.52
CorWatt	PkgWatt
19.59	130.87
0.53	130.87
0.46
0.55
0.47
0.48
0.48
0.49
0.50
0.38
0.43
0.38
0.38
0.51
0.51
0.50
0.53
0.44
0.47
0.53
0.49
0.38
0.38
0.38
0.41
1.09
1.10
3.08
1.09
0.54
0.52
0.61
0.51
CorWatt	PkgWatt
19.34	130.72
0.51	130.72
0.43
0.55
0.42
0.48
0.49
0.50
0.48
0.38
0.43
0.37
0.38
0.51
0.50
0.49
0.54
0.46
0.47
0.51
0.49
0.38
0.39
0.38
0.41
1.05
1.05
1.59
2.54
0.52
0.51
0.63
0.51
CorWatt	PkgWatt
19.41	130.86
0.51	130.85
0.45
0.56
0.43
0.48
0.49
0.49
0.47
0.38
0.42
0.37
0.38
0.51
0.52
0.49
0.53
0.44
0.47
0.50
0.50
0.38
0.38
0.38
0.41
1.08
1.08
1.09
3.07
0.53
0.51
0.62
0.50
CorWatt	PkgWatt
19.56	130.89
0.51	130.89
0.45
0.55
0.43
0.48
0.49
0.50
0.49
0.39
0.43
0.37
0.39
0.52
0.51
0.52
0.55
0.44
0.46
0.50
0.49
0.38
0.39
0.38
0.42
1.09
1.10
2.49
1.66
0.53
0.51
0.61
0.52
CorWatt	PkgWatt
19.47	130.69
0.51	130.69
0.43
0.54
0.42
0.48
0.48
0.49
0.48
0.38
0.42
0.38
0.38
0.51
0.51
0.53
0.54
0.45
0.48
0.50
0.50
0.39
0.38
0.38
0.42
1.09
1.10
1.48
2.68
0.52
0.51
0.62
0.50
CorWatt	PkgWatt
19.63	130.95
0.52	130.95
0.45
0.56
0.46
0.48
0.48
0.48
0.48
0.40
0.46
0.38
0.39
0.50
0.50
0.50
0.50
0.44
0.46
0.49
0.49
0.40
0.38
0.40
0.42
1.09
1.09
1.85
2.32
0.54
0.55
0.62
0.54
CorWatt	PkgWatt
19.28	130.67
0.51	130.65
0.45
0.53
0.47
0.48
0.49
0.49
0.48
0.37
0.42
0.37
0.38
0.51
0.52
0.50
0.51
0.44
0.45
0.50
0.48
0.38
0.38
0.38
0.41
1.06
1.06
3.07
1.06
0.53
0.52
0.61
0.50
CorWatt	PkgWatt
19.62	130.96
0.52	130.97
0.43
0.52
0.49
0.49
0.50
0.50
0.49
0.37
0.44
0.39
0.38
0.51
0.51
0.53
0.52
0.45
0.46
0.51
0.49
0.38
0.38
0.39
0.41
1.76
1.09
2.21
1.29
0.53
0.53
0.62
0.52
CorWatt	PkgWatt
19.56	130.79
0.52	130.79
0.45
0.54
0.48
0.48
0.48
0.48
0.49
0.38
0.44
0.37
0.40
0.53
0.51
0.52
0.53
0.44
0.45
0.50
0.49
0.41
0.38
0.38
0.40
3.08
1.09
1.10
1.09
0.52
0.50
0.62
0.50
CorWatt	PkgWatt
19.11	130.24
0.58	130.26
0.45
0.56
0.50
0.52
0.51
0.51
0.56
0.43
0.49
0.42
0.41
0.56
0.52
0.56
0.56
0.52
0.57
0.58
0.58
0.55
0.46
0.45
0.52
1.89
0.83
0.82
0.79
0.57
0.60
0.68
0.56
