CorWatt	PkgWatt
15.28	127.41
0.51	127.42
0.44
0.52
0.45
0.53
0.52
0.50
0.50
0.48
0.46
0.49
0.44
0.55
0.56
0.51
0.53
0.47
0.51
0.47
0.48
0.43
0.41
0.40
0.42
0.38
0.40
0.40
0.38
0.56
0.54
0.54
0.52
CorWatt	PkgWatt
14.53	126.88
0.49	126.91
0.43
0.47
0.49
0.48
0.48
0.48
0.48
0.45
0.44
0.43
0.39
0.54
0.54
0.50
0.52
0.45
0.46
0.44
0.46
0.42
0.38
0.39
0.38
0.39
0.35
0.36
0.35
0.52
0.55
0.52
0.50
CorWatt	PkgWatt
62.11	175.59
0.91	175.67
1.85
1.90
1.91
1.97
1.95
1.94
1.91
1.92
1.89
1.86
1.85
2.01
2.02
1.99
2.01
2.16
3.32
1.87
1.87
1.88
1.89
1.77
1.78
1.94
1.96
1.83
1.81
2.15
2.12
1.93
1.94
CorWatt	PkgWatt
50.21	165.01
0.65	164.96
1.64
1.63
1.65
1.64
1.65
1.66
1.60
1.59
1.56
1.55
1.51
1.67
1.67
1.69
1.70
1.59
2.35
1.49
1.49
1.57
1.54
1.41
1.38
1.51
1.50
1.41
1.36
1.73
1.69
1.58
1.54
