CorWatt	PkgWatt
16.31	130.11
0.59	130.12
0.55
0.52
0.50
0.55
0.56
0.57
0.53
0.45
0.47
0.47
0.52
0.61
0.58
0.60
0.57
0.51
0.55
0.52
0.53
0.43
0.43
0.42
0.41
0.40
0.40
0.42
0.39
0.56
0.57
0.56
0.55
CorWatt	PkgWatt
15.50	128.77
0.54	129.34
0.51
0.48
0.47
0.55
0.53
0.53
0.50
0.42
0.46
0.41
0.40
0.57
0.57
0.58
0.58
0.48
0.54
0.53
0.55
0.41
0.40
0.41
0.41
0.39
0.39
0.39
0.37
0.56
0.54
0.53
0.53
CorWatt	PkgWatt
70.96	167.64
0.93	189.99
2.31
2.36
2.34
2.39
2.39
2.38
2.30
2.29
2.29
2.29
2.26
2.45
2.45
2.50
2.47
2.46
2.45
2.23
2.32
2.38
2.40
2.36
2.13
2.36
2.31
3.66
2.11
2.58
2.55
2.32
2.32
