CorWatt	PkgWatt
15.10	127.57
0.58	127.58
0.51
0.49
0.52
0.51
0.53
0.54
0.53
0.39
0.46
0.39
0.39
0.51
0.52
0.52
0.52
0.47
0.49
0.47
0.48
0.41
0.45
0.39
0.41
0.42
0.38
0.38
0.37
0.54
0.53
0.52
0.51
CorWatt	PkgWatt
14.87	127.23
0.56	127.22
0.46
0.46
0.48
0.52
0.52
0.51
0.56
0.40
0.45
0.38
0.42
0.52
0.53
0.50
0.53
0.46
0.47
0.47
0.48
0.39
0.43
0.38
0.39
0.42
0.38
0.37
0.36
0.52
0.53
0.51
0.52
CorWatt	PkgWatt
21.41	133.07
0.71	133.11
0.64
0.61
0.62
0.75
0.70
0.67
0.66
0.55
0.64
2.47
0.51
0.62
0.73
0.59
0.65
0.66
0.60
0.58
0.61
0.58
0.67
0.64
0.56
0.59
0.46
0.43
0.47
0.63
0.63
0.59
0.61
CorWatt	PkgWatt
16.85	128.73
0.55	128.71
0.53
0.47
0.51
0.55
0.51
0.53
0.54
0.40
0.47
0.50
0.39
0.77
0.80
1.27
0.78
0.47
0.47
0.47
0.49
0.40
0.51
0.46
0.45
0.41
0.37
0.37
0.36
0.53
0.52
0.51
0.52
CorWatt	PkgWatt
16.69	128.60
0.52	128.60
0.54
0.47
0.52
0.49
0.50
0.51
0.50
0.40
0.47
0.51
0.38
0.76
0.91
1.21
0.77
0.46
0.46
0.45
0.47
0.51
0.50
0.44
0.44
0.42
0.35
0.36
0.35
0.51
0.51
0.50
0.51
CorWatt	PkgWatt
16.67	128.84
0.54	128.84
0.49
0.46
0.50
0.50
0.52
0.56
0.50
0.40
0.54
0.44
0.45
0.75
0.99
1.14
0.76
0.45
0.47
0.47
0.47
0.45
0.46
0.41
0.45
0.42
0.35
0.37
0.36
0.52
0.51
0.50
0.50
CorWatt	PkgWatt
16.35	128.32
0.52	128.31
0.49
0.44
0.50
0.48
0.50
0.53
0.50
0.39
0.47
0.38
0.49
0.74
1.36
0.73
0.75
0.44
0.46
0.47
0.45
0.41
0.42
0.41
0.41
0.43
0.35
0.39
0.37
0.53
0.53
0.51
0.52
CorWatt	PkgWatt
16.42	128.49
0.53	128.49
0.48
0.47
0.49
0.48
0.48
0.53
0.48
0.39
0.47
0.38
0.49
0.71
1.55
0.70
0.72
0.47
0.45
0.46
0.46
0.38
0.43
0.40
0.39
0.45
0.36
0.37
0.37
0.52
0.51
0.50
0.50
CorWatt	PkgWatt
17.48	130.31
0.53	130.31
0.50
0.44
0.50
0.48
0.49
0.52
0.49
0.38
0.44
0.38
0.47
0.50
3.26
0.50
0.52
0.47
0.47
0.47
0.48
0.39
0.41
0.40
0.40
0.41
0.35
0.38
0.35
0.51
0.52
0.53
0.52
CorWatt	PkgWatt
17.54	130.29
0.54	130.29
0.48
0.45
0.50
0.49
0.49
0.53
0.49
0.41
0.46
0.38
0.47
0.52
3.26
0.53
0.54
0.49
0.46
0.46
0.47
0.39
0.41
0.41
0.40
0.38
0.35
0.36
0.36
0.53
0.51
0.51
0.51
CorWatt	PkgWatt
18.09	130.66
0.57	130.67
0.51
0.50
0.55
0.48
0.52
0.54
0.51
0.42
0.48
0.41
0.46
0.54
3.26
0.53
0.61
0.47
0.49
0.50
0.48
0.40
0.41
0.40
0.39
0.37
0.38
0.38
0.38
0.54
0.54
0.53
0.54
CorWatt	PkgWatt
17.48	130.38
0.54	130.37
0.49
0.44
0.52
0.49
0.49
0.54
0.48
0.39
0.45
0.37
0.39
0.52
3.26
0.51
0.62
0.48
0.46
0.48
0.50
0.38
0.41
0.39
0.39
0.37
0.37
0.36
0.35
0.52
0.51
0.50
0.50
CorWatt	PkgWatt
17.35	130.09
0.54	130.09
0.50
0.47
0.49
0.48
0.49
0.54
0.50
0.38
0.44
0.37
0.40
0.51
3.26
0.50
0.62
0.44
0.48
0.45
0.47
0.39
0.41
0.39
0.39
0.35
0.35
0.36
0.35
0.51
0.50
0.50
0.50
CorWatt	PkgWatt
17.60	130.24
0.54	130.23
0.48
0.45
0.50
0.49
0.49
0.53
0.49
0.39
0.45
0.39
0.39
0.52
3.27
0.53
0.63
0.50
0.46
0.47
0.48
0.39
0.42
0.40
0.40
0.39
0.37
0.38
0.36
0.53
0.51
0.51
0.51
CorWatt	PkgWatt
17.50	130.28
0.54	130.28
0.48
0.44
0.50
0.48
0.49
0.55
0.49
0.39
0.45
0.42
0.40
0.51
3.26
0.50
0.62
0.44
0.48
0.45
0.48
0.39
0.44
0.41
0.39
0.35
0.37
0.38
0.37
0.51
0.50
0.50
0.50
CorWatt	PkgWatt
17.63	130.47
0.55	130.47
0.49
0.46
0.50
0.48
0.49
0.53
0.49
0.39
0.47
0.40
0.39
0.52
3.26
0.50
0.63
0.46
0.46
0.47
0.47
0.40
0.44
0.43
0.41
0.35
0.35
0.36
0.36
0.53
0.54
0.53
0.53
CorWatt	PkgWatt
17.37	130.11
0.54	130.10
0.48
0.44
0.49
0.48
0.49
0.55
0.50
0.38
0.44
0.38
0.38
0.51
3.26
0.51
0.62
0.44
0.46
0.45
0.46
0.39
0.42
0.40
0.39
0.35
0.37
0.36
0.35
0.54
0.52
0.50
0.52
CorWatt	PkgWatt
17.64	130.22
0.54	130.23
0.50
0.47
0.49
0.49
0.49
0.54
0.48
0.39
0.44
0.40
0.39
0.52
3.27
0.62
0.54
0.47
0.48
0.48
0.48
0.39
0.43
0.42
0.41
0.35
0.36
0.36
0.35
0.54
0.52
0.52
0.50
CorWatt	PkgWatt
17.44	130.28
0.56	130.28
0.49
0.46
0.49
0.48
0.49
0.52
0.49
0.39
0.43
0.38
0.38
0.52
3.27
0.62
0.55
0.44
0.46
0.47
0.46
0.40
0.42
0.41
0.43
0.35
0.35
0.35
0.35
0.52
0.51
0.51
0.50
CorWatt	PkgWatt
17.30	130.00
0.54	130.00
0.49
0.45
0.49
0.48
0.49
0.53
0.49
0.40
0.44
0.40
0.40
0.52
3.10
0.61
0.54
0.50
0.45
0.46
0.47
0.39
0.42
0.40
0.40
0.37
0.35
0.35
0.35
0.51
0.50
0.50
0.50
CorWatt	PkgWatt
18.10	129.75
0.57	129.77
0.49
0.49
0.53
0.54
0.57
0.57
0.53
0.47
0.49
0.47
0.43
0.56
0.60
0.62
0.59
0.77
0.53
0.51
0.51
0.61
0.97
1.03
0.63
0.41
0.40
0.41
0.41
0.59
0.63
0.58
0.58
CorWatt	PkgWatt
17.64	129.48
0.58	129.47
0.53
0.51
0.54
0.49
0.54
0.54
0.51
0.41
0.48
0.44
0.42
0.55
0.56
0.53
0.54
0.61
0.51
0.50
0.52
0.74
1.05
1.21
0.76
0.40
0.36
0.40
0.35
0.52
0.55
0.51
0.51
CorWatt	PkgWatt
16.85	128.66
0.50	128.65
0.49
0.45
0.50
0.48
0.53
0.54
0.51
0.39
0.47
0.42
0.38
0.52
0.52
0.49
0.52
0.57
0.47
0.46
0.46
0.74
0.80
1.44
0.75
0.35
0.36
0.37
0.37
0.51
0.51
0.50
0.50
CorWatt	PkgWatt
16.91	128.76
0.53	128.76
0.48
0.45
0.53
0.49
0.54
0.54
0.48
0.39
0.43
0.38
0.39
0.51
0.51
0.49
0.52
0.58
0.48
0.48
0.49
0.74
0.79
1.43
0.75
0.36
0.36
0.36
0.36
0.53
0.51
0.51
0.51
CorWatt	PkgWatt
16.72	128.69
0.52	128.68
0.47
0.44
0.50
0.48
0.52
0.54
0.50
0.38
0.46
0.39
0.39
0.50
0.50
0.48
0.52
0.56
0.47
0.46
0.46
0.76
0.90
1.33
0.76
0.35
0.35
0.35
0.35
0.51
0.51
0.51
0.50
CorWatt	PkgWatt
16.98	128.73
0.51	128.73
0.48
0.45
0.53
0.50
0.53
0.54
0.49
0.38
0.51
0.42
0.38
0.51
0.51
0.49
0.51
0.60
0.48
0.47
0.48
0.74
0.79
1.43
0.76
0.37
0.35
0.36
0.35
0.53
0.52
0.51
0.52
CorWatt	PkgWatt
18.06	129.77
0.52	129.76
0.49
0.46
0.51
0.48
0.52
0.54
0.51
0.37
0.44
0.37
0.38
0.50
0.50
0.48
0.50
0.58
0.46
0.45
0.46
0.95
2.11
0.97
0.96
0.37
0.37
0.35
0.36
0.52
0.53
0.52
0.52
CorWatt	PkgWatt
19.74	131.40
0.50	131.40
0.49
0.47
0.52
0.50
0.52
0.53
0.49
0.37
0.45
0.38
0.40
0.50
0.50
0.48
0.50
0.56
0.46
0.46
0.48
1.23
3.05
1.23
1.24
0.35
0.35
0.36
0.35
0.51
0.51
0.50
0.49
CorWatt	PkgWatt
19.75	131.57
0.55	131.56
0.47
0.45
0.52
0.49
0.53
0.54
0.51
0.38
0.45
0.39
0.37
0.50
0.50
0.48
0.51
0.56
0.47
0.47
0.47
1.23
3.04
1.23
1.24
0.35
0.35
0.35
0.35
0.51
0.51
0.50
0.50
CorWatt	PkgWatt
19.91	131.45
0.55	131.45
0.49
0.48
0.53
0.49
0.53
0.55
0.50
0.39
0.45
0.39
0.40
0.51
0.50
0.49
0.51
0.56
0.47
0.47
0.49
1.23
2.91
1.35
1.24
0.35
0.35
0.36
0.35
0.51
0.51
0.50
0.50
CorWatt	PkgWatt
19.81	131.35
0.52	131.35
0.48
0.45
0.51
0.49
0.52
0.53
0.49
0.38
0.44
0.40
0.38
0.50
0.50
0.48
0.51
0.59
0.47
0.46
0.47
1.23
2.91
1.37
1.24
0.35
0.36
0.37
0.37
0.51
0.52
0.51
0.50
CorWatt	PkgWatt
19.82	131.35
0.52	131.35
0.49
0.45
0.51
0.49
0.52
0.54
0.48
0.37
0.44
0.39
0.41
0.52
0.50
0.48
0.51
0.57
0.47
0.47
0.48
1.24
2.45
1.82
1.24
0.37
0.35
0.36
0.35
0.51
0.52
0.51
0.50
CorWatt	PkgWatt
19.72	131.27
0.52	131.27
0.47
0.45
0.49
0.49
0.53
0.55
0.50
0.38
0.46
0.38
0.39
0.50
0.51
0.50
0.52
0.55
0.47
0.46
0.46
1.23
1.70
2.57
1.24
0.35
0.35
0.35
0.35
0.51
0.50
0.50
0.50
CorWatt	PkgWatt
19.91	131.63
0.51	131.63
0.48
0.46
0.50
0.49
0.53
0.54
0.52
0.39
0.44
0.37
0.38
0.52
0.52
0.50
0.53
0.58
0.47
0.47
0.48
1.23
1.67
2.60
1.24
0.35
0.35
0.37
0.36
0.52
0.51
0.50
0.50
CorWatt	PkgWatt
19.84	131.50
0.53	131.51
0.47
0.45
0.53
0.49
0.52
0.53
0.49
0.38
0.45
0.39
0.37
0.52
0.51
0.52
0.54
0.59
0.47
0.46
0.47
1.24
1.24
3.04
1.24
0.35
0.35
0.35
0.35
0.51
0.51
0.50
0.50
CorWatt	PkgWatt
19.77	131.37
0.52	131.37
0.48
0.44
0.49
0.49
0.54
0.54
0.48
0.37
0.49
0.39
0.39
0.50
0.50
0.49
0.51
0.57
0.47
0.47
0.49
1.23
2.72
1.57
1.24
0.35
0.35
0.35
0.35
0.51
0.51
0.50
0.50
CorWatt	PkgWatt
19.81	131.59
0.51	131.59
0.49
0.45
0.51
0.49
0.53
0.53
0.48
0.37
0.45
0.38
0.37
0.50
0.50
0.48
0.50
0.57
0.47
0.48
0.47
1.23
1.58
2.70
1.24
0.38
0.35
0.37
0.36
0.52
0.52
0.50
0.52
CorWatt	PkgWatt
19.57	131.18
0.73	131.18
0.54
0.52
0.57
0.55
0.57
0.58
0.53
0.44
0.51
0.46
0.44
0.57
0.56
0.55
0.90
0.62
0.52
0.51
0.53
0.88
1.81
0.92
0.87
0.42
0.41
0.42
0.41
0.56
0.56
0.55
0.57
CorWatt	PkgWatt
16.27	128.09
0.60	128.09
0.51
0.49
0.50
1.02
0.96
0.72
0.70
0.38
0.47
0.37
0.38
0.50
0.51
0.49
0.51
0.46
0.51
0.48
0.48
0.40
0.41
0.47
0.40
0.36
0.36
0.39
0.36
0.51
0.52
0.52
0.52
CorWatt	PkgWatt
15.96	127.82
0.58	127.81
0.52
0.48
0.49
1.16
0.77
0.73
0.72
0.39
0.45
0.37
0.38
0.50
0.50
0.50
0.50
0.46
0.46
0.45
0.47
0.40
0.40
0.48
0.40
0.35
0.35
0.35
0.35
0.51
0.51
0.50
0.49
CorWatt	PkgWatt
16.01	127.92
0.59	127.92
0.52
0.51
0.51
1.15
0.75
0.73
0.73
0.38
0.45
0.38
0.37
0.50
0.50
0.48
0.51
0.46
0.51
0.45
0.47
0.41
0.38
0.47
0.39
0.35
0.35
0.35
0.35
0.50
0.51
0.51
0.50
CorWatt	PkgWatt
16.06	127.90
0.58	127.89
0.51
0.49
0.51
0.74
1.15
0.74
0.72
0.39
0.45
0.37
0.38
0.51
0.51
0.50
0.50
0.44
0.47
0.48
0.50
0.40
0.38
0.46
0.39
0.37
0.37
0.36
0.36
0.51
0.51
0.50
0.50
CorWatt	PkgWatt
16.22	128.28
0.60	128.29
0.50
0.50
0.50
0.71
1.52
0.70
0.69
0.37
0.46
0.38
0.38
0.50
0.52
0.48
0.51
0.46
0.51
0.44
0.48
0.41
0.39
0.42
0.39
0.35
0.35
0.35
0.35
0.50
0.50
0.50
0.50
CorWatt	PkgWatt
18.44	132.84
0.57	132.83
0.51
0.48
0.49
0.50
4.40
0.49
0.49
0.38
0.48
0.38
0.37
0.50
0.50
0.50
0.51
0.44
0.46
0.46
0.48
0.40
0.38
0.42
0.39
0.38
0.37
0.37
0.35
0.50
0.50
0.50
0.50
CorWatt	PkgWatt
18.76	133.19
0.59	133.19
0.52
0.49
0.50
0.50
4.39
0.52
0.50
0.39
0.46
0.40
0.39
0.51
0.51
0.49
0.51
0.46
0.49
0.46
0.49
0.42
0.41
0.43
0.42
0.36
0.37
0.37
0.38
0.51
0.51
0.51
0.51
CorWatt	PkgWatt
18.80	133.16
0.59	133.16
0.50
0.52
0.50
0.51
4.39
0.52
0.49
0.38
0.47
0.38
0.38
0.51
0.50
0.49
0.51
0.47
0.49
0.46
0.48
0.42
0.39
0.45
0.44
0.35
0.35
0.37
0.36
0.51
0.55
0.53
0.53
CorWatt	PkgWatt
18.42	132.89
0.58	132.88
0.50
0.53
0.49
0.49
4.40
0.50
0.49
0.37
0.43
0.38
0.37
0.50
0.51
0.48
0.50
0.48
0.47
0.45
0.46
0.41
0.38
0.41
0.42
0.35
0.36
0.35
0.35
0.51
0.51
0.50
0.51
CorWatt	PkgWatt
18.50	132.99
0.58	132.99
0.50
0.53
0.49
0.50
4.39
0.50
0.49
0.37
0.44
0.38
0.38
0.51
0.51
0.50
0.51
0.46
0.47
0.47
0.47
0.40
0.38
0.41
0.42
0.35
0.35
0.36
0.35
0.52
0.51
0.52
0.50
CorWatt	PkgWatt
18.47	132.94
0.59	132.95
0.50
0.52
0.49
0.49
4.39
0.50
0.49
0.38
0.43
0.37
0.37
0.51
0.52
0.51
0.52
0.44
0.48
0.45
0.46
0.42
0.38
0.42
0.42
0.35
0.35
0.35
0.35
0.50
0.50
0.50
0.50
CorWatt	PkgWatt
18.65	133.00
0.59	133.00
0.50
0.53
0.50
0.50
4.39
0.51
0.50
0.41
0.45
0.39
0.40
0.52
0.51
0.50
0.51
0.45
0.46
0.47
0.47
0.41
0.40
0.42
0.42
0.39
0.35
0.35
0.36
0.51
0.51
0.50
0.50
CorWatt	PkgWatt
18.41	133.07
0.58	133.07
0.48
0.52
0.50
0.49
4.40
0.51
0.50
0.38
0.42
0.38
0.38
0.50
0.50
0.48
0.50
0.45
0.48
0.47
0.46
0.41
0.39
0.42
0.41
0.35
0.35
0.35
0.35
0.50
0.50
0.50
0.50
CorWatt	PkgWatt
18.71	133.08
0.60	133.08
0.50
0.52
0.51
0.49
4.39
0.50
0.51
0.38
0.43
0.39
0.40
0.54
0.55
0.52
0.52
0.45
0.51
0.48
0.49
0.40
0.40
0.41
0.42
0.35
0.35
0.35
0.35
0.50
0.50
0.50
0.50
CorWatt	PkgWatt
18.57	132.95
0.57	132.95
0.49
0.52
0.51
0.49
4.39
0.52
0.49
0.39
0.44
0.38
0.38
0.51
0.51
0.48
0.51
0.49
0.47
0.47
0.47
0.41
0.40
0.42
0.42
0.38
0.35
0.36
0.36
0.50
0.50
0.50
0.50
CorWatt	PkgWatt
18.58	133.06
0.58	133.06
0.49
0.51
0.52
0.50
4.40
0.51
0.49
0.39
0.44
0.38
0.39
0.51
0.51
0.49
0.51
0.45
0.49
0.47
0.48
0.40
0.38
0.42
0.43
0.36
0.35
0.35
0.35
0.51
0.51
0.50
0.50
CorWatt	PkgWatt
18.89	133.39
0.60	133.40
0.49
0.53
0.54
0.49
4.39
0.50
0.49
0.41
0.47
0.38
0.39
0.52
0.55
0.48
0.54
0.45
0.50
0.44
0.48
0.43
0.40
0.43
0.44
0.39
0.38
0.36
0.38
0.50
0.51
0.50
0.50
CorWatt	PkgWatt
18.04	129.87
0.62	129.88
0.56
0.78
0.59
0.61
0.90
0.64
0.87
0.45
0.52
0.45
0.45
0.58
0.58
0.55
0.57
0.53
0.57
0.55
0.55
0.44
0.44
0.45
0.48
0.49
0.41
0.41
0.73
0.59
0.56
0.56
0.58
CorWatt	PkgWatt
16.50	128.25
0.53	128.24
0.49
0.59
0.51
1.18
0.73
0.74
0.82
0.39
0.47
0.40
0.38
0.51
0.54
0.50
0.53
0.44
0.53
0.45
0.46
0.40
0.39
0.43
0.43
0.45
0.41
0.37
0.36
0.50
0.53
0.52
0.52
CorWatt	PkgWatt
16.24	128.23
0.55	128.22
0.49
0.60
0.50
1.23
0.73
0.72
0.74
0.38
0.45
0.38
0.39
0.51
0.52
0.49
0.51
0.45
0.46
0.49
0.47
0.41
0.38
0.44
0.43
0.41
0.35
0.36
0.36
0.51
0.51
0.50
0.51
CorWatt	PkgWatt
16.09	127.90
0.57	127.90
0.45
0.60
0.52
1.14
0.72
0.72
0.81
0.36
0.45
0.37
0.37
0.50
0.54
0.48
0.52
0.46
0.47
0.48
0.46
0.39
0.38
0.42
0.42
0.40
0.35
0.35
0.36
0.50
0.51
0.50
0.50
CorWatt	PkgWatt
16.04	127.98
0.57	127.98
0.44
0.60
0.53
1.21
0.73
0.73
0.74
0.38
0.44
0.37
0.38
0.50
0.52
0.48
0.51
0.44
0.45
0.45
0.47
0.38
0.40
0.43
0.43
0.40
0.35
0.35
0.35
0.50
0.50
0.50
0.50
CorWatt	PkgWatt
16.47	128.52
0.57	128.52
0.44
0.59
0.50
1.68
0.71
0.70
0.72
0.37
0.43
0.38
0.37
0.50
0.52
0.48
0.50
0.45
0.48
0.46
0.46
0.39
0.40
0.41
0.42
0.40
0.36
0.37
0.37
0.51
0.52
0.50
0.50
CorWatt	PkgWatt
17.88	129.95
0.56	129.95
0.47
0.59
0.51
0.68
0.62
0.61
3.19
0.39
0.45
0.38
0.40
0.51
0.52
0.50
0.51
0.44
0.47
0.46
0.48
0.38
0.39
0.41
0.42
0.43
0.36
0.36
0.35
0.51
0.51
0.52
0.51
CorWatt	PkgWatt
17.65	129.78
0.56	129.78
0.47
0.57
0.51
0.65
0.62
0.61
3.18
0.39
0.46
0.39
0.40
0.50
0.52
0.48
0.51
0.45
0.47
0.44
0.45
0.39
0.38
0.42
0.41
0.39
0.35
0.35
0.35
0.50
0.51
0.50
0.50
CorWatt	PkgWatt
17.77	129.91
0.54	129.91
0.46
0.58
0.51
1.67
0.63
0.62
2.16
0.37
0.44
0.38
0.37
0.54
0.54
0.48
0.52
0.45
0.45
0.49
0.48
0.38
0.40
0.43
0.43
0.39
0.35
0.35
0.35
0.50
0.51
0.50
0.50
CorWatt	PkgWatt
18.02	130.30
0.56	130.30
0.48
0.59
0.51
1.16
0.62
0.62
2.67
0.41
0.44
0.40
0.38
0.53
0.54
0.53
0.54
0.46
0.47
0.45
0.47
0.42
0.41
0.42
0.45
0.39
0.35
0.36
0.36
0.51
0.51
0.50
0.51
CorWatt	PkgWatt
17.81	129.96
0.54	129.96
0.47
0.58
0.50
0.64
0.63
0.63
3.19
0.40
0.48
0.39
0.38
0.53
0.52
0.49
0.51
0.46
0.48
0.46
0.47
0.39
0.39
0.41
0.40
0.39
0.35
0.36
0.35
0.51
0.50
0.50
0.50
CorWatt	PkgWatt
17.77	130.06
0.56	130.06
0.48
0.58
0.49
0.63
0.62
0.62
3.17
0.39
0.43
0.38
0.37
0.50
0.53
0.50
0.51
0.44
0.46
0.47
0.46
0.41
0.39
0.43
0.41
0.42
0.35
0.37
0.36
0.52
0.52
0.50
0.51
CorWatt	PkgWatt
17.63	130.04
0.55	130.04
0.48
0.58
0.49
2.00
0.62
0.61
1.81
0.39
0.43
0.37
0.37
0.50
0.53
0.48
0.50
0.44
0.45
0.45
0.47
0.38
0.38
0.41
0.40
0.42
0.36
0.37
0.37
0.50
0.51
0.50
0.50
CorWatt	PkgWatt
17.80	130.28
0.56	130.28
0.50
0.57
0.49
3.18
0.62
0.62
0.65
0.39
0.43
0.37
0.37
0.50
0.53
0.48
0.50
0.47
0.48
0.47
0.48
0.41
0.39
0.42
0.39
0.41
0.35
0.38
0.36
0.50
0.50
0.52
0.52
CorWatt	PkgWatt
17.72	130.07
0.55	130.07
0.48
0.59
0.50
3.19
0.62
0.61
0.61
0.41
0.43
0.37
0.39
0.51
0.53
0.50
0.51
0.47
0.46
0.45
0.47
0.38
0.39
0.42
0.41
0.39
0.35
0.36
0.35
0.51
0.50
0.51
0.50
CorWatt	PkgWatt
17.58	129.92
0.56	129.92
0.48
0.60
0.51
3.17
0.62
0.61
0.62
0.40
0.42
0.37
0.37
0.50
0.53
0.50
0.50
0.45
0.46
0.45
0.46
0.39
0.39
0.41
0.39
0.38
0.35
0.35
0.35
0.50
0.50
0.50
0.50
CorWatt	PkgWatt
17.57	129.86
0.56	129.86
0.47
0.58
0.51
3.18
0.62
0.61
0.61
0.39
0.43
0.37
0.37
0.50
0.52
0.48
0.50
0.44
0.46
0.47
0.49
0.38
0.38
0.41
0.39
0.41
0.36
0.35
0.35
0.51
0.50
0.50
0.50
CorWatt	PkgWatt
17.06	129.36
0.56	129.37
0.53
0.62
0.52
2.24
0.57
0.61
0.59
0.40
0.69
0.37
0.38
0.49
0.53
0.49
0.50
0.44
0.48
0.44
0.48
0.39
0.39
0.41
0.40
0.37
0.35
0.36
0.35
0.52
0.53
0.54
0.52
CorWatt	PkgWatt
17.72	129.41
0.78	129.42
0.57
0.50
0.54
0.77
0.74
1.08
0.94
0.43
0.53
0.43
0.44
0.57
0.60
0.58
0.56
0.49
0.50
0.51
0.52
0.43
0.44
0.46
0.45
0.43
0.40
0.41
0.39
0.54
0.54
0.54
0.59
CorWatt	PkgWatt
16.38	128.14
0.58	128.13
0.48
0.46
0.51
0.77
0.74
0.73
1.27
0.40
0.45
0.39
0.39
0.51
0.55
0.52
0.51
0.46
0.49
0.45
0.48
0.40
0.40
0.43
0.42
0.35
0.37
0.39
0.37
0.51
0.51
0.51
0.58
CorWatt	PkgWatt
16.27	128.02
0.54	128.01
0.53
0.46
0.49
0.77
0.73
1.30
0.75
0.38
0.47
0.38
0.37
0.50
0.50
0.51
0.51
0.45
0.46
0.46
0.47
0.40
0.38
0.43
0.43
0.35
0.35
0.36
0.36
0.52
0.53
0.52
0.60
CorWatt	PkgWatt
15.91	127.59
0.51	127.58
0.56
0.44
0.51
0.72
0.73
1.32
0.74
0.36
0.44
0.37
0.37
0.50
0.50
0.51
0.51
0.44
0.46
0.44
0.45
0.39
0.38
0.41
0.41
0.35
0.36
0.35
0.35
0.51
0.51
0.50
0.57
CorWatt	PkgWatt
16.25	127.83
0.52	127.83
0.58
0.46
0.51
0.73
0.73
1.33
0.73
0.40
0.45
0.40
0.38
0.50
0.50
0.54
0.51
0.46
0.47
0.46
0.47
0.39
0.40
0.41
0.40
0.35
0.35
0.36
0.35
0.53
0.51
0.51
0.56
CorWatt	PkgWatt
17.25	129.50
0.55	129.50
0.56
0.51
0.49
0.53
0.54
3.06
0.55
0.37
0.44
0.38
0.37
0.50
0.51
0.54
0.52
0.44
0.46
0.45
0.47
0.40
0.38
0.41
0.40
0.35
0.35
0.35
0.35
0.50
0.49
0.50
0.56
CorWatt	PkgWatt
17.51	129.83
0.53	129.83
0.54
0.50
0.48
0.50
0.50
3.39
0.51
0.40
0.45
0.39
0.39
0.50
0.50
0.51
0.51
0.50
0.45
0.45
0.47
0.38
0.38
0.40
0.41
0.36
0.35
0.35
0.35
0.50
0.49
0.49
0.56
CorWatt	PkgWatt
17.42	129.72
0.52	129.72
0.54
0.48
0.50
0.50
0.51
3.39
0.52
0.39
0.43
0.38
0.37
0.49
0.50
0.51
0.50
0.47
0.47
0.44
0.46
0.39
0.39
0.42
0.41
0.35
0.35
0.35
0.35
0.50
0.49
0.49
0.56
CorWatt	PkgWatt
17.74	129.93
0.54	129.93
0.55
0.50
0.51
0.50
0.52
3.40
0.53
0.40
0.44
0.41
0.40
0.51
0.54
0.54
0.53
0.45
0.46
0.46
0.47
0.38
0.38
0.41
0.41
0.35
0.35
0.36
0.37
0.51
0.50
0.50
0.56
CorWatt	PkgWatt
17.40	129.72
0.53	129.72
0.53
0.48
0.49
0.51
0.50
3.40
0.52
0.39
0.44
0.39
0.37
0.50
0.51
0.50
0.50
0.44
0.46
0.46
0.46
0.38
0.39
0.40
0.41
0.35
0.35
0.35
0.35
0.50
0.50
0.50
0.56
CorWatt	PkgWatt
17.30	129.69
0.51	129.69
0.53
0.47
0.50
0.50
0.50
3.39
0.50
0.37
0.43
0.37
0.37
0.49
0.50
0.50
0.50
0.44
0.46
0.46
0.48
0.38
0.39
0.41
0.41
0.35
0.35
0.35
0.35
0.50
0.50
0.49
0.55
CorWatt	PkgWatt
17.49	129.78
0.52	129.78
0.51
0.50
0.49
0.51
0.50
3.40
0.51
0.37
0.44
0.37
0.38
0.49
0.51
0.51
0.50
0.44
0.46
0.50
0.45
0.40
0.38
0.44
0.45
0.35
0.35
0.35
0.35
0.50
0.49
0.49
0.57
CorWatt	PkgWatt
17.77	130.05
0.52	130.05
0.53
0.50
0.54
0.50
0.52
3.40
0.52
0.37
0.48
0.39
0.38
0.50
0.52
0.51
0.51
0.52
0.48
0.46
0.47
0.39
0.38
0.41
0.40
0.37
0.36
0.36
0.35
0.54
0.52
0.52
0.57
CorWatt	PkgWatt
17.42	129.65
0.53	129.65
0.53
0.47
0.49
0.50
0.50
3.39
0.54
0.38
0.43
0.37
0.39
0.49
0.51
0.50
0.50
0.45
0.46
0.44
0.45
0.38
0.39
0.40
0.39
0.37
0.37
0.36
0.35
0.50
0.51
0.49
0.57
CorWatt	PkgWatt
17.33	129.58
0.52	129.58
0.53
0.50
0.49
0.49
0.50
3.39
0.50
0.37
0.43
0.37
0.38
0.49
0.51
0.51
0.51
0.44
0.45
0.45
0.46
0.39
0.38
0.42
0.39
0.35
0.35
0.35
0.35
0.51
0.49
0.49
0.55
CorWatt	PkgWatt
17.31	129.74
0.54	129.74
0.54
0.48
0.51
0.50
0.50
3.40
0.51
0.37
0.42
0.37
0.36
0.49
0.51
0.50
0.50
0.44
0.46
0.45
0.46
0.38
0.38
0.40
0.39
0.35
0.35
0.35
0.35
0.50
0.49
0.50
0.55
CorWatt	PkgWatt
17.53	129.84
0.53	129.84
0.56
0.49
0.51
0.50
0.51
3.39
0.51
0.37
0.43
0.38
0.38
0.50
0.51
0.51
0.51
0.44
0.46
0.45
0.47
0.38
0.40
0.43
0.41
0.35
0.36
0.36
0.36
0.50
0.50
0.50
0.54
CorWatt	PkgWatt
18.08	129.64
0.58	129.65
0.57
0.55
0.74
0.62
0.86
1.18
0.65
0.42
0.46
0.44
0.44
0.53
0.56
0.56
0.55
0.57
0.54
0.52
0.54
0.44
0.45
0.46
0.44
0.43
0.75
0.44
0.43
0.61
0.57
0.55
0.64
CorWatt	PkgWatt
16.75	128.26
0.55	128.25
0.44
0.44
0.60
0.85
1.55
0.85
0.83
0.38
0.43
0.38
0.39
0.52
0.52
0.51
0.51
0.51
0.47
0.46
0.48
0.38
0.38
0.41
0.39
0.37
0.35
0.37
0.35
0.50
0.50
0.51
0.57
CorWatt	PkgWatt
16.57	128.26
0.53	128.26
0.44
0.45
0.59
0.84
1.54
0.85
0.83
0.39
0.45
0.39
0.39
0.48
0.51
0.51
0.51
0.50
0.46
0.44
0.45
0.38
0.38
0.41
0.39
0.35
0.36
0.35
0.35
0.50
0.50
0.49
0.58
CorWatt	PkgWatt
16.78	128.35
0.52	128.35
0.46
0.45
0.57
0.84
1.46
0.96
0.84
0.38
0.43
0.38
0.38
0.52
0.54
0.52
0.54
0.50
0.46
0.45
0.48
0.38
0.40
0.43
0.41
0.35
0.35
0.37
0.36
0.51
0.50
0.49
0.55
CorWatt	PkgWatt
16.69	128.09
0.54	128.09
0.43
0.45
0.59
0.83
1.54
0.84
0.83
0.38
0.43
0.40
0.37
0.51
0.53
0.55
0.54
0.52
0.46
0.44
0.46
0.41
0.39
0.41
0.42
0.35
0.35
0.35
0.35
0.50
0.50
0.49
0.55
CorWatt	PkgWatt
16.81	128.45
0.55	128.45
0.44
0.48
0.58
0.83
1.54
0.85
0.83
0.38
0.47
0.38
0.39
0.50
0.54
0.49
0.51
0.52
0.47
0.48
0.48
0.39
0.39
0.42
0.41
0.36
0.36
0.36
0.36
0.51
0.50
0.50
0.56
CorWatt	PkgWatt
17.26	128.61
0.50	128.61
0.44
0.44
0.60
0.92
1.81
0.93
0.92
0.38
0.44
0.38
0.37
0.48
0.54
0.50
0.50
0.52
0.46
0.46
0.45
0.41
0.38
0.42
0.43
0.38
0.35
0.38
0.36
0.52
0.51
0.49
0.57
CorWatt	PkgWatt
19.81	130.82
0.50	130.83
0.44
0.45
0.59
1.34
3.16
1.34
1.33
0.37
0.43
0.38
0.39
0.50
0.53
0.49
0.51
0.50
0.46
0.46
0.47
0.39
0.39
0.41
0.43
0.39
0.37
0.37
0.37
0.51
0.50
0.50
0.56
CorWatt	PkgWatt
19.72	130.86
0.52	130.85
0.43
0.45
0.60
1.34
1.35
3.13
1.33
0.38
0.43
0.37
0.37
0.48
0.52
0.48
0.50
0.50
0.48
0.47
0.48
0.39
0.38
0.41
0.41
0.36
0.35
0.37
0.35
0.50
0.50
0.51
0.57
CorWatt	PkgWatt
19.61	130.66
0.52	130.66
0.44
0.44
0.61
1.34
1.35
3.13
1.33
0.39
0.43
0.37
0.39
0.49
0.52
0.50
0.50
0.46
0.45
0.45
0.47
0.39
0.38
0.42
0.42
0.35
0.35
0.35
0.35
0.50
0.50
0.49
0.57
CorWatt	PkgWatt
19.57	130.67
0.52	130.67
0.45
0.46
0.60
1.33
1.35
3.14
1.33
0.38
0.43
0.37
0.38
0.49
0.52
0.48
0.50
0.45
0.46
0.44
0.46
0.40
0.38
0.41
0.41
0.35
0.35
0.35
0.35
0.50
0.49
0.49
0.55
CorWatt	PkgWatt
19.72	130.73
0.50	130.73
0.45
0.45
0.59
1.34
3.15
1.34
1.33
0.38
0.43
0.37
0.38
0.50
0.52
0.49
0.51
0.46
0.46
0.47
0.49
0.39
0.38
0.41
0.41
0.38
0.38
0.36
0.35
0.50
0.50
0.50
0.55
CorWatt	PkgWatt
19.56	130.78
0.52	130.78
0.45
0.46
0.59
1.34
3.14
1.34
1.33
0.37
0.42
0.37
0.37
0.49
0.52
0.48
0.50
0.44
0.48
0.44
0.47
0.39
0.38
0.41
0.41
0.35
0.35
0.36
0.35
0.50
0.49
0.49
0.55
CorWatt	PkgWatt
19.63	130.67
0.50	130.68
0.44
0.44
0.59
1.34
3.13
1.35
1.33
0.37
0.43
0.39
0.37
0.49
0.53
0.50
0.50
0.44
0.45
0.46
0.47
0.39
0.39
0.41
0.40
0.38
0.36
0.37
0.35
0.51
0.49
0.49
0.56
CorWatt	PkgWatt
19.69	130.79
0.52	130.79
0.43
0.45
0.60
1.34
1.35
3.13
1.33
0.38
0.42
0.40
0.39
0.49
0.53
0.50
0.50
0.44
0.47
0.44
0.47
0.39
0.40
0.42
0.42
0.35
0.37
0.37
0.37
0.50
0.50
0.50
0.56
CorWatt	PkgWatt
20.11	131.07
0.53	131.07
0.46
0.47
0.61
1.33
2.40
2.09
1.33
0.37
0.47
0.39
0.39
0.50
0.50
0.50
0.51
0.47
0.48
0.47
0.49
0.41
0.39
0.43
0.45
0.36
0.38
0.36
0.37
0.53
0.54
0.52
0.60
CorWatt	PkgWatt
19.59	130.73
0.51	130.72
0.44
0.46
0.61
1.33
1.35
3.15
1.33
0.38
0.43
0.38
0.37
0.49
0.50
0.50
0.50
0.47
0.47
0.45
0.46
0.39
0.38
0.41
0.41
0.35
0.35
0.35
0.35
0.50
0.50
0.49
0.57
CorWatt	PkgWatt
18.39	129.69
0.51	129.70
0.45
0.46
0.60
1.12
2.50
1.15
1.11
0.37
0.44
0.38
0.38
0.49
0.50
0.51
0.50
0.45
0.47
0.46
0.46
0.39
0.39
0.41
0.42
0.35
0.35
0.35
0.35
0.52
0.50
0.50
0.55
CorWatt	PkgWatt
19.95	134.38
0.63	134.40
0.54
0.79
0.54
0.54
0.57
3.60
0.57
0.44
0.47
0.43
0.45
0.55
0.56
0.57
0.57
0.55
0.52
0.52
0.58
0.46
0.75
0.46
0.47
0.42
0.40
0.41
0.40
0.56
0.54
0.54
0.56
CorWatt	PkgWatt
20.17	137.26
0.59	137.25
0.46
0.56
0.44
0.51
0.53
5.86
0.52
0.39
0.44
0.40
0.40
0.53
0.51
0.53
0.52
0.48
0.46
0.45
0.52
0.39
0.39
0.42
0.42
0.35
0.36
0.37
0.36
0.51
0.50
0.49
0.50
CorWatt	PkgWatt
19.86	136.82
0.57	136.82
0.43
0.56
0.43
0.51
0.51
5.90
0.52
0.37
0.42
0.39
0.38
0.49
0.50
0.50
0.50
0.48
0.46
0.45
0.52
0.39
0.38
0.41
0.41
0.35
0.35
0.35
0.35
0.50
0.50
0.49
0.50
CorWatt	PkgWatt
20.19	137.07
0.59	137.08
0.47
0.55
0.45
0.50
0.53
5.91
0.53
0.39
0.44
0.40
0.40
0.52
0.54
0.53
0.51
0.51
0.45
0.46
0.53
0.38
0.38
0.41
0.41
0.35
0.35
0.35
0.36
0.50
0.49
0.49
0.49
CorWatt	PkgWatt
19.86	136.97
0.58	136.96
0.43
0.57
0.43
0.50
0.51
5.88
0.52
0.37
0.42
0.38
0.38
0.50
0.51
0.51
0.50
0.48
0.47
0.46
0.52
0.38
0.38
0.41
0.42
0.35
0.35
0.35
0.35
0.50
0.50
0.49
0.50
CorWatt	PkgWatt
20.03	137.00
0.59	137.01
0.44
0.59
0.44
0.51
0.55
5.87
0.52
0.38
0.43
0.38
0.39
0.50
0.50
0.50
0.51
0.48
0.46
0.46
0.51
0.40
0.40
0.41
0.42
0.35
0.35
0.35
0.35
0.50
0.50
0.50
0.50
CorWatt	PkgWatt
20.01	137.03
0.56	137.03
0.43
0.56
0.44
0.50
0.51
5.89
0.52
0.37
0.43
0.37
0.38
0.49
0.52
0.53
0.50
0.48
0.47
0.45
0.50
0.40
0.39
0.44
0.44
0.40
0.35
0.35
0.35
0.50
0.50
0.49
0.50
CorWatt	PkgWatt
20.32	137.29
0.56	137.28
0.44
0.58
0.47
0.51
0.53
5.90
0.52
0.38
0.47
0.41
0.39
0.51
0.52
0.51
0.51
0.50
0.47
0.47
0.52
0.41
0.39
0.42
0.40
0.37
0.36
0.36
0.36
0.53
0.52
0.52
0.52
CorWatt	PkgWatt
20.02	137.15
0.58	137.15
0.43
0.57
0.44
0.52
0.52
5.89
0.56
0.37
0.42
0.38
0.37
0.49
0.52
0.51
0.50
0.51
0.46
0.44
0.51
0.39
0.38
0.41
0.39
0.36
0.37
0.35
0.35
0.50
0.50
0.49
0.51
CorWatt	PkgWatt
20.14	137.17
0.56	137.17
0.44
0.58
0.46
0.51
0.53
5.88
0.53
0.37
0.42
0.38
0.40
0.51
0.52
0.51
0.51
0.52
0.47
0.48
0.51
0.40
0.38
0.43
0.40
0.36
0.35
0.35
0.35
0.51
0.50
0.50
0.51
CorWatt	PkgWatt
19.92	137.11
0.57	137.11
0.45
0.58
0.46
0.50
0.52
5.91
0.51
0.38
0.43
0.37
0.39
0.49
0.51
0.50
0.50
0.47
0.46
0.45
0.51
0.38
0.38
0.40
0.39
0.35
0.35
0.36
0.35
0.50
0.49
0.49
0.50
CorWatt	PkgWatt
19.99	137.31
0.57	137.32
0.44
0.60
0.47
0.50
0.51
5.88
0.52
0.36
0.42
0.37
0.40
0.50
0.52
0.51
0.50
0.47
0.45
0.45
0.51
0.39
0.40
0.43
0.41
0.35
0.35
0.35
0.35
0.51
0.50
0.49
0.50
CorWatt	PkgWatt
20.04	137.17
0.57	137.17
0.43
0.56
0.46
0.52
0.52
5.89
0.52
0.37
0.42
0.37
0.38
0.50
0.51
0.51
0.50
0.49
0.46
0.44
0.51
0.39
0.38
0.41
0.39
0.42
0.37
0.36
0.36
0.51
0.51
0.51
0.50
CorWatt	PkgWatt
20.38	137.44
0.58	137.42
0.46
0.56
0.48
0.53
0.53
5.90
0.52
0.40
0.44
0.38
0.43
0.52
0.52
0.51
0.53
0.49
0.47
0.47
0.52
0.39
0.40
0.41
0.40
0.39
0.37
0.36
0.36
0.52
0.51
0.52
0.51
CorWatt	PkgWatt
20.26	137.32
0.59	137.34
0.45
0.59
0.45
0.53
0.52
5.91
0.53
0.39
0.46
0.43
0.41
0.51
0.52
0.51
0.53
0.50
0.47
0.45
0.47
0.39
0.38
0.41
0.44
0.35
0.36
0.35
0.36
0.51
0.51
0.50
0.50
CorWatt	PkgWatt
20.03	137.30
0.56	137.30
0.44
0.57
0.44
0.51
0.52
5.88
0.53
0.38
0.43
0.41
0.40
0.52
0.53
0.51
0.52
0.45
0.45
0.46
0.47
0.38
0.40
0.42
0.44
0.35
0.35
0.35
0.35
0.50
0.50
0.50
0.50
CorWatt	PkgWatt
20.16	137.29
0.57	137.28
0.43
0.56
0.46
0.51
0.52
5.92
0.53
0.38
0.43
0.46
0.38
0.52
0.53
0.55
0.54
0.46
0.46
0.44
0.46
0.42
0.39
0.41
0.45
0.35
0.35
0.35
0.35
0.50
0.49
0.50
0.50
CorWatt	PkgWatt
19.35	132.73
0.79	132.74
0.52
0.63
0.55
0.59
0.59
2.57
0.60
0.47
0.53
0.48
0.47
0.57
0.61
0.56
0.58
0.52
0.53
0.51
0.54
0.44
0.44
0.46
0.49
0.42
0.75
0.42
0.41
0.58
0.61
0.58
0.58
CorWatt	PkgWatt
17.79	130.24
0.64	130.23
0.45
0.49
0.49
0.54
0.55
1.03
2.80
0.38
0.43
0.38
0.39
0.51
0.53
0.49
0.50
0.46
0.47
0.46
0.46
0.46
0.39
0.41
0.45
0.40
0.35
0.38
0.37
0.53
0.56
0.51
0.53
CorWatt	PkgWatt
17.37	129.74
0.62	129.73
0.44
0.49
0.49
0.52
0.52
0.55
3.22
0.37
0.43
0.36
0.40
0.51
0.53
0.48
0.51
0.45
0.45
0.45
0.46
0.46
0.38
0.39
0.43
0.37
0.36
0.37
0.37
0.50
0.51
0.50
0.50
CorWatt	PkgWatt
17.42	129.64
0.63	129.64
0.45
0.49
0.47
0.53
0.51
0.55
3.20
0.37
0.43
0.36
0.38
0.50
0.53
0.49
0.51
0.46
0.48
0.46
0.48
0.46
0.38
0.39
0.43
0.36
0.35
0.38
0.35
0.50
0.51
0.52
0.51
CorWatt	PkgWatt
17.44	129.74
0.61	129.73
0.44
0.48
0.48
0.53
0.53
0.54
3.20
0.40
0.42
0.37
0.41
0.51
0.53
0.51
0.51
0.47
0.47
0.45
0.47
0.45
0.38
0.40
0.43
0.35
0.35
0.36
0.35
0.51
0.51
0.51
0.50
CorWatt	PkgWatt
17.32	129.81
0.62	129.81
0.45
0.50
0.49
0.52
0.52
0.55
3.20
0.38
0.42
0.37
0.38
0.50
0.53
0.48
0.50
0.48
0.47
0.45
0.46
0.47
0.38
0.39
0.42
0.35
0.35
0.35
0.35
0.50
0.50
0.50
0.50
CorWatt	PkgWatt
17.29	129.51
0.94	129.51
0.46
0.49
0.43
0.52
0.51
0.54
2.88
0.38
0.42
0.36
0.40
0.50
0.52
0.48
0.51
0.44
0.46
0.47
0.50
0.46
0.38
0.38
0.43
0.37
0.37
0.35
0.35
0.50
0.50
0.49
0.50
CorWatt	PkgWatt
17.21	129.50
3.13	129.49
0.58
0.53
0.46
0.50
0.49
0.53
0.57
0.37
0.42
0.36
0.37
0.49
0.52
0.48
0.51
0.44
0.48
0.44
0.47
0.46
0.38
0.38
0.43
0.37
0.35
0.35
0.35
0.50
0.50
0.50
0.50
CorWatt	PkgWatt
17.46	129.59
3.14	129.59
0.57
0.51
0.47
0.50
0.50
0.52
0.55
0.38
0.43
0.37
0.39
0.51
0.54
0.51
0.52
0.46
0.46
0.47
0.48
0.46
0.39
0.39
0.43
0.38
0.38
0.39
0.36
0.51
0.51
0.51
0.50
CorWatt	PkgWatt
17.33	129.69
3.15	129.70
0.55
0.51
0.46
0.50
0.49
0.53
0.54
0.38
0.42
0.38
0.39
0.50
0.53
0.51
0.51
0.44
0.48
0.44
0.47
0.46
0.40
0.40
0.44
0.35
0.36
0.38
0.37
0.50
0.50
0.50
0.50
CorWatt	PkgWatt
18.14	130.10
3.14	130.11
0.58
0.55
0.50
0.49
0.52
0.51
0.55
0.40
0.50
0.40
0.42
0.53
0.53
0.54
0.54
0.47
0.49
0.50
0.50
0.47
0.38
0.40
0.45
0.38
0.40
0.40
0.39
0.56
0.56
0.53
0.56
CorWatt	PkgWatt
17.23	129.67
3.14	129.65
0.55
0.51
0.52
0.50
0.49
0.52
0.50
0.37
0.42
0.36
0.37
0.50
0.50
0.51
0.51
0.47
0.47
0.45
0.46
0.46
0.38
0.39
0.43
0.35
0.35
0.35
0.36
0.50
0.51
0.51
0.51
CorWatt	PkgWatt
17.46	129.72
0.67	129.72
3.12
0.52
0.52
0.50
0.49
0.52
0.49
0.38
0.44
0.38
0.39
0.51
0.50
0.53
0.52
0.45
0.46
0.46
0.47
0.45
0.39
0.39
0.43
0.35
0.35
0.36
0.35
0.52
0.51
0.52
0.52
CorWatt	PkgWatt
17.26	129.56
0.67	129.56
3.12
0.52
0.51
0.49
0.48
0.52
0.48
0.36
0.43
0.37
0.37
0.51
0.51
0.54
0.52
0.44
0.46
0.45
0.46
0.47
0.38
0.38
0.43
0.36
0.35
0.35
0.35
0.50
0.49
0.49
0.50
CorWatt	PkgWatt
17.26	129.48
0.66	129.48
3.12
0.52
0.49
0.49
0.49
0.51
0.51
0.38
0.44
0.39
0.40
0.51
0.50
0.52
0.51
0.44
0.45
0.45
0.46
0.43
0.38
0.41
0.44
0.35
0.35
0.35
0.36
0.50
0.50
0.49
0.50
CorWatt	PkgWatt
17.17	129.51
0.65	129.51
3.12
0.51
0.50
0.49
0.50
0.52
0.49
0.36
0.42
0.38
0.37
0.49
0.50
0.51
0.50
0.46
0.46
0.44
0.45
0.45
0.38
0.41
0.43
0.35
0.35
0.36
0.35
0.50
0.49
0.49
0.50
CorWatt	PkgWatt
18.09	130.30
0.69	130.32
3.12
0.56
0.55
0.54
0.51
0.51
0.52
0.41
0.48
0.44
0.45
0.53
0.55
0.54
0.53
0.48
0.49
0.50
0.50
0.44
0.40
0.41
0.43
0.39
0.35
0.39
0.37
0.51
0.50
0.50
0.50
CorWatt	PkgWatt
17.02	129.31
0.66	129.30
2.92
0.52
0.46
0.50
0.48
0.52
0.52
0.37
0.43
0.39
0.38
0.50
0.50
0.51
0.51
0.44
0.47
0.46
0.46
0.43
0.38
0.41
0.43
0.35
0.35
0.35
0.35
0.50
0.49
0.49
0.50
CorWatt	PkgWatt
17.92	129.50
0.60	129.52
0.55
0.60
0.51
0.56
0.56
0.59
0.60
0.41
0.46
0.41
0.43
0.54
0.55
0.58
0.55
0.56
0.54
0.51
0.55
0.45
0.44
0.46
0.49
0.55
0.54
0.75
0.79
0.57
0.55
0.55
1.12
CorWatt	PkgWatt
16.46	128.15
0.49	128.13
0.44
0.55
0.44
0.50
0.49
0.50
0.52
0.41
0.44
0.36
0.39
0.49
0.52
0.53
0.53
0.50
0.46
0.44
0.46
0.40
0.38
0.44
0.46
0.65
0.62
0.70
1.19
0.51
0.51
0.51
0.63
CorWatt	PkgWatt
16.73	128.21
0.50	128.22
0.48
0.56
0.47
0.51
0.49
0.50
0.53
0.38
0.48
0.40
0.39
0.50
0.53
0.51
0.52
0.52
0.47
0.45
0.46
0.39
0.38
0.41
0.44
0.64
0.64
0.87
1.06
0.54
0.53
0.53
0.64
CorWatt	PkgWatt
16.52	128.05
0.52	128.05
0.44
0.56
0.44
0.51
0.49
0.50
0.58
0.37
0.44
0.37
0.38
0.49
0.52
0.49
0.52
0.51
0.47
0.45
0.46
0.41
0.39
0.43
0.45
0.65
0.63
0.64
1.26
0.51
0.52
0.50
0.62
CorWatt	PkgWatt
16.29	128.00
0.50	128.00
0.44
0.57
0.45
0.49
0.48
0.48
0.51
0.38
0.42
0.38
0.38
0.49
0.51
0.48
0.51
0.46
0.45
0.46
0.46
0.45
0.38
0.42
0.45
0.63
0.62
1.27
0.64
0.50
0.50
0.50
0.63
CorWatt	PkgWatt
17.06	128.52
0.52	128.52
0.44
0.55
0.44
0.54
0.49
0.49
0.51
0.37
0.42
0.37
0.37
0.49
0.51
0.48
0.51
0.45
0.46
0.44
0.46
0.43
0.38
0.42
0.44
0.74
0.73
0.76
1.71
0.51
0.50
0.50
0.62
CorWatt	PkgWatt
19.47	130.67
0.53	130.67
0.43
0.53
0.45
0.53
0.49
0.50
0.49
0.38
0.43
0.37
0.40
0.50
0.53
0.50
0.53
0.45
0.46
0.44
0.47
0.45
0.40
0.43
0.46
1.04
1.04
3.07
1.06
0.52
0.51
0.51
0.60
CorWatt	PkgWatt
19.49	130.74
0.51	130.74
0.43
0.50
0.43
0.54
0.48
0.51
0.49
0.38
0.43
0.38
0.38
0.49
0.52
0.49
0.52
0.46
0.46
0.44
0.45
0.46
0.39
0.42
0.45
3.03
1.08
1.10
1.09
0.52
0.53
0.51
0.61
CorWatt	PkgWatt
19.50	130.96
0.53	130.95
0.44
0.52
0.45
0.55
0.48
0.48
0.47
0.38
0.42
0.37
0.41
0.50
0.52
0.49
0.52
0.45
0.46
0.44
0.47
0.44
0.38
0.40
0.45
3.02
1.08
1.14
1.09
0.52
0.51
0.52
0.61
CorWatt	PkgWatt
19.31	130.70
0.52	130.70
0.42
0.50
0.42
0.49
0.48
0.49
0.52
0.40
0.44
0.37
0.40
0.49
0.52
0.49
0.52
0.44
0.46
0.44
0.45
0.43
0.38
0.41
0.44
3.07
1.04
1.05
1.05
0.51
0.51
0.52
0.62
CorWatt	PkgWatt
19.66	131.02
0.52	131.02
0.44
0.51
0.43
0.49
0.49
0.51
0.54
0.38
0.43
0.38
0.39
0.52
0.54
0.49
0.53
0.46
0.46
0.44
0.47
0.43
0.40
0.43
0.47
1.10
1.09
3.08
1.09
0.52
0.52
0.51
0.61
CorWatt	PkgWatt
19.63	130.97
0.50	130.96
0.43
0.50
0.45
0.49
0.48
0.48
0.53
0.38
0.42
0.39
0.38
0.52
0.55
0.53
0.54
0.45
0.46
0.44
0.46
0.47
0.40
0.41
0.46
1.09
1.09
3.07
1.09
0.52
0.52
0.50
0.63
CorWatt	PkgWatt
19.48	131.00
0.50	131.00
0.43
0.51
0.43
0.49
0.48
0.49
0.53
0.38
0.46
0.38
0.39
0.50
0.53
0.50
0.51
0.46
0.45
0.45
0.47
0.42
0.38
0.41
0.42
1.09
1.09
3.08
1.09
0.52
0.51
0.50
0.62
CorWatt	PkgWatt
19.71	131.01
0.51	131.01
0.43
0.51
0.42
0.53
0.51
0.51
0.50
0.37
0.42
0.37
0.38
0.49
0.53
0.50
0.52
0.46
0.46
0.47
0.45
0.47
0.39
0.43
0.45
1.90
2.33
1.10
1.08
0.54
0.53
0.51
0.64
CorWatt	PkgWatt
19.44	130.67
0.52	130.66
0.43
0.51
0.43
0.52
0.49
0.49
0.48
0.40
0.43
0.37
0.39
0.50
0.53
0.50
0.52
0.46
0.46
0.44
0.46
0.43
0.39
0.41
0.43
3.06
1.08
1.07
1.07
0.52
0.51
0.51
0.61
CorWatt	PkgWatt
19.45	130.62
0.51	130.62
0.43
0.50
0.42
0.50
0.52
0.49
0.47
0.37
0.43
0.38
0.38
0.49
0.53
0.50
0.51
0.47
0.47
0.45
0.47
0.43
0.38
0.40
0.43
3.06
1.09
1.10
1.09
0.51
0.52
0.52
0.62
CorWatt	PkgWatt
19.42	130.71
0.50	130.71
0.43
0.52
0.42
0.48
0.53
0.47
0.47
0.40
0.42
0.37
0.40
0.50
0.53
0.51
0.51
0.46
0.45
0.44
0.46
0.42
0.38
0.42
0.43
1.10
3.06
1.09
1.09
0.51
0.51
0.50
0.62
CorWatt	PkgWatt
19.38	130.42
0.58	130.45
0.49
0.58
0.48
0.53
0.54
0.57
0.52
0.59
0.54
0.53
0.58
0.69
0.69
0.61
0.64
0.55
0.50
0.49
0.54
0.47
0.43
0.44
0.48
0.89
1.53
0.76
0.76
0.60
0.56
0.55
0.68
