CorWatt	PkgWatt
14.83	126.74
0.51	126.74
0.56
0.48
0.46
0.50
0.54
0.54
0.53
0.42
0.46
0.40
0.41
0.50
0.51
0.51
0.52
0.47
0.48
0.46
0.46
0.39
0.40
0.38
0.38
0.37
0.39
0.38
0.36
0.51
0.51
0.52
0.51
CorWatt	PkgWatt
14.66	126.32
0.53	126.43
0.55
0.51
0.50
0.55
0.50
0.49
0.50
0.44
0.44
0.40
0.40
0.49
0.51
0.49
0.52
0.49
0.48
0.45
0.45
0.38
0.40
0.38
0.38
0.39
0.37
0.35
0.35
0.50
0.50
0.51
0.50
CorWatt	PkgWatt
18.28	129.30
0.63	129.22
0.64
0.59
0.52
0.63
0.60
0.64
0.64
0.50
0.54
0.55
0.54
0.65
0.59
0.58
0.68
0.56
0.59
0.60
0.58
0.43
0.49
0.45
0.49
0.51
0.53
0.49
0.52
0.61
0.56
0.65
0.68
CorWatt	PkgWatt
15.07	126.93
0.51	126.85
0.51
0.53
0.44
0.49
0.50
0.48
0.53
0.47
0.45
0.46
0.43
0.56
0.52
0.51
0.53
0.45
0.48
0.45
0.46
0.39
0.40
0.39
0.39
0.37
0.36
0.44
0.41
0.52
0.52
0.55
0.57
