CorWatt	PkgWatt
14.57	126.99
0.53	126.97
0.46
0.50
0.49
0.50
0.50
0.51
0.48
0.45
0.47
0.37
0.38
0.51
0.53
0.49
0.50
0.47
0.46
0.46
0.49
0.39
0.38
0.39
0.38
0.36
0.37
0.36
0.35
0.53
0.51
0.50
0.51
CorWatt	PkgWatt
14.44	125.82
0.50	126.68
0.44
0.49
0.48
0.50
0.52
0.50
0.49
0.39
0.43
0.37
0.37
0.51
0.53
0.51
0.51
0.45
0.48
0.45
0.49
0.38
0.38
0.40
0.38
0.36
0.38
0.36
0.35
0.51
0.50
0.54
0.50
CorWatt	PkgWatt
68.12	164.54
1.00	184.12
2.29
2.34
2.30
2.40
2.36
3.92
2.32
2.24
2.21
2.25
2.18
2.32
2.32
2.42
2.35
2.23
2.23
2.07
2.18
2.25
2.26
2.09
2.05
2.19
2.16
1.99
2.05
2.37
2.38
2.30
2.20
