CorWatt	PkgWatt
15.69	128.39
0.55	128.40
0.56
0.48
0.51
0.54
0.56
0.53
0.52
0.43
0.46
0.41
0.43
0.53
0.55
0.58
0.54
0.49
0.50
0.48
0.52
0.43
0.42
0.40
0.40
0.48
0.43
0.43
0.38
0.56
0.53
0.53
0.53
CorWatt	PkgWatt
14.90	127.46
0.52	127.69
0.53
0.52
0.49
0.50
0.54
0.51
0.50
0.41
0.45
0.40
0.40
0.51
0.51
0.56
0.53
0.45
0.47
0.46
0.50
0.39
0.39
0.39
0.39
0.36
0.40
0.38
0.36
0.54
0.50
0.52
0.51
CorWatt	PkgWatt
67.53	182.64
0.90	182.40
2.06
2.11
2.13
2.19
2.17
2.17
2.13
2.09
2.12
2.08
2.03
2.26
2.22
2.27
2.25
2.16
2.13
2.00
2.06
2.04
2.05
1.92
2.05
2.02
2.04
1.90
1.87
2.30
2.20
3.52
2.05
