CorWatt	PkgWatt
15.16	127.28
0.52	127.30
0.43
0.52
0.45
0.49
0.49
0.49
0.48
0.45
0.53
0.40
0.43
0.54
0.51
0.55
0.52
0.48
0.49
0.48
0.49
0.44
0.41
0.40
0.43
0.37
0.46
0.38
0.40
0.53
0.55
0.52
0.51
CorWatt	PkgWatt
14.73	126.86
0.50	126.96
0.48
0.47
0.45
0.51
0.50
0.49
0.48
0.44
0.44
0.40
0.39
0.51
0.52
0.54
0.52
0.47
0.47
0.45
0.49
0.43
0.40
0.43
0.43
0.37
0.39
0.38
0.36
0.51
0.51
0.52
0.50
CorWatt	PkgWatt
62.89	176.07
0.94	176.04
1.95
1.98
1.94
2.07
2.09
2.02
3.38
2.01
2.01
1.91
1.94
2.10
2.05
2.11
2.07
1.91
1.93
1.80
1.81
1.90
1.89
1.74
1.74
1.97
1.88
1.78
1.82
2.26
2.05
1.92
1.88
CorWatt	PkgWatt
48.04	162.46
0.61	162.41
1.52
1.60
1.52
1.63
1.62
1.58
2.28
1.52
1.56
1.52
1.51
1.62
1.62
1.61
1.62
1.58
1.53
1.39
1.41
1.50
1.48
1.34
1.29
1.43
1.43
1.29
1.28
1.62
1.60
1.47
1.44
