CorWatt	PkgWatt
4.73	151.95
0.08	75.81
0.08
0.08
0.08
0.08
0.08
0.08
0.08
0.07
0.06
0.06
0.06
0.06
0.06
0.06
0.06
0.08
0.08
0.08
0.08
0.09
0.08
0.08
0.08
0.08
0.08
0.08
0.08
0.06
0.07
0.07
0.06
0.08	76.14
0.08
0.08
0.08
0.08
0.08
0.08
0.08
0.07
0.07
0.07
0.07
0.07
0.06
0.06
0.06
0.08
0.08
0.07
0.08
0.08
0.08
0.08
0.08
0.08
0.08
0.08
0.07
0.07
0.08
0.07
0.07
CorWatt	PkgWatt
5.28	152.50
0.09	76.10
0.08
0.10
0.08
0.08
0.08
0.09
0.09
0.07
0.14
0.16
0.07
0.07
0.07
0.08
0.07
0.08
0.08
0.10
0.09
0.10
0.09
0.08
0.08
0.09
0.08
0.08
0.08
0.07
0.07
0.07
0.08
0.08	76.42
0.08
0.08
0.08
0.09
0.08
0.08
0.08
0.08
0.07
0.07
0.08
0.07
0.07
0.07
0.07
0.08
0.08
0.08
0.08
0.09
0.08
0.08
0.08
0.08
0.10
0.09
0.08
0.08
0.09
0.07
0.07
CorWatt	PkgWatt
13.63	177.18
0.23	86.95
0.17
0.24
0.17
0.16
0.14
0.15
0.21
0.12
0.12
0.16
0.13
0.17
0.14
0.20
0.18
0.14
0.16
0.15
0.18
0.16
0.18
0.18
0.14
0.14
0.14
0.15
0.16
0.20
0.17
0.17
0.20
0.22	90.22
0.24
0.19
0.28
0.22
0.17
0.15
0.16
0.21
0.20
0.18
2.19
0.16
0.19
0.16
0.15
0.19
0.16
0.15
0.25
0.19
0.18
0.21
0.25
0.18
0.30
0.27
0.22
0.16
0.21
0.17
0.18
