CorWatt	PkgWatt
153.68	361.79
2.48	185.16
2.50
2.52
2.45
2.49
2.45
2.47
2.44
2.40
2.41
2.36
2.41
2.39
2.40
2.42
2.42
2.49
2.47
2.49
2.48
2.51
2.59
2.52
2.50
2.43
2.49
2.46
2.45
2.41
2.43
2.43
2.43
2.46	184.62
2.47
2.48
2.42
2.46
2.46
2.46
2.42
2.40
2.40
2.40
2.39
2.43
2.45
2.41
2.42
2.38
2.40
2.39
2.42
2.48
2.46
2.44
2.46
2.39
2.41
2.43
2.41
2.44
2.43
2.37
2.43
CorWatt	PkgWatt
159.71	377.74
2.47	186.10
2.55
2.51
2.44
2.49
2.46
2.50
2.46
2.57
2.46
2.43
2.49
2.44
2.45
2.47
2.43
2.47
2.51
2.54
2.49
2.57
2.53
2.52
2.49
2.49
2.49
2.47
2.49
2.45
2.44
2.46
2.43
2.47	185.46
2.46
2.48
2.53
2.45
2.47
2.49
2.46
2.44
2.40
2.41
2.43
2.43
2.45
2.41
2.47
2.39
2.44
2.41
2.41
2.49
2.47
2.47
2.50
2.37
2.42
2.46
2.42
2.45
2.45
2.44
2.44
CorWatt	PkgWatt
154.93	365.00
2.48	185.84
2.50
2.49
2.47
2.53
2.47
2.48
2.49
2.42
2.43
2.37
2.42
2.42
2.43
2.42
2.45
2.45
2.52
2.65
2.48
2.53
2.52
2.53
2.50
2.48
2.49
2.49
2.46
2.45
2.45
2.46
2.46
2.46	185.10
2.46
2.45
2.47
2.44
2.46
2.47
2.45
2.40
2.40
2.39
2.41
2.45
2.46
2.41
2.42
2.39
2.41
2.41
2.44
2.47
2.49
2.46
2.46
2.43
2.42
2.40
2.40
2.44
2.44
2.40
2.39
CorWatt	PkgWatt
157.35	373.78
2.46	184.21
2.47
2.45
2.41
2.47
2.46
2.49
2.47
2.38
2.41
2.35
2.37
2.39
2.40
2.42
2.41
2.43
2.46
2.48
2.47
2.50
2.50
2.49
2.48
2.46
2.46
2.44
2.47
2.41
2.44
2.44
2.45
2.43	183.73
2.41
2.43
2.43
2.43
2.41
2.46
2.42
2.39
2.41
2.38
2.40
2.42
2.39
2.42
2.42
2.41
2.41
2.34
2.39
2.43
2.42
2.44
2.44
2.42
2.41
2.41
2.38
2.42
2.44
2.40
2.39
CorWatt	PkgWatt
155.25	366.12
2.46	185.14
2.50
2.50
2.41
2.49
2.46
2.51
2.47
2.38
2.41
2.41
2.39
2.39
2.42
2.40
2.42
2.45
2.47
2.47
2.48
2.51
2.53
2.53
2.50
2.44
2.50
2.47
2.46
2.42
2.48
2.47
2.43
2.44	184.85
2.45
2.43
2.45
2.47
2.45
2.46
2.44
2.37
2.43
2.39
2.46
2.41
2.43
2.40
2.42
2.40
2.39
2.37
2.44
2.46
2.44
2.49
2.42
2.42
2.45
2.43
2.39
2.43
2.46
2.43
2.40
CorWatt	PkgWatt
154.61	362.20
2.49	184.90
2.48
2.49
2.46
2.48
2.47
2.50
2.48
2.40
2.41
2.37
2.43
2.41
2.41
2.40
2.39
2.47
2.48
2.49
2.46
2.52
2.52
2.52
2.48
2.45
2.48
2.46
2.47
2.42
2.44
2.45
2.42
2.46	184.46
2.41
2.45
2.45
2.44
2.45
2.46
2.45
2.40
2.42
2.38
2.45
2.40
2.46
2.40
2.42
2.37
2.38
2.39
2.41
2.45
2.46
2.45
2.44
2.42
2.43
2.36
2.41
2.44
2.42
2.44
2.42
CorWatt	PkgWatt
156.76	374.76
2.45	184.28
2.48
2.50
2.45
2.47
2.45
2.46
2.44
2.38
2.42
2.37
2.40
2.37
2.39
2.41
2.38
2.47
2.43
2.47
2.41
2.51
2.51
2.48
2.49
2.43
2.46
2.44
2.44
2.42
2.43
2.45
2.46
2.43	184.25
2.44
2.44
2.44
2.43
2.44
2.45
2.45
2.41
2.41
2.42
2.41
2.39
2.44
2.43
2.40
2.38
2.39
2.40
2.38
2.45
2.46
2.47
2.46
2.40
2.43
2.38
2.40
2.45
2.43
2.43
2.42
CorWatt	PkgWatt
155.79	368.82
2.47	184.66
2.46
2.45
2.44
2.48
2.46
2.49
2.45
2.36
2.42
2.37
2.40
2.38
2.39
2.42
2.40
2.42
2.44
2.49
2.44
2.48
2.52
2.49
2.50
2.48
2.46
2.43
2.49
2.43
2.44
2.44
2.45
2.47	184.34
2.43
2.46
2.41
2.43
2.46
2.46
2.45
2.39
2.40
2.40
2.40
2.41
2.45
2.43
2.42
2.38
2.38
2.40
2.38
2.48
2.44
2.43
2.44
2.38
2.38
2.39
2.39
2.43
2.42
2.41
2.40
CorWatt	PkgWatt
157.23	374.05
2.49	183.95
2.49
2.46
2.44
2.45
2.45
2.49
2.47
2.36
2.38
2.36
2.38
2.40
2.39
2.40
2.42
2.45
2.44
2.48
2.47
2.52
2.52
2.51
2.46
2.46
2.45
2.39
2.44
2.42
2.40
2.45
2.45
2.45	183.86
2.42
2.45
2.42
2.45
2.46
2.44
2.43
2.39
2.39
2.37
2.40
2.40
2.40
2.41
2.39
2.37
2.40
2.36
2.39
2.48
2.45
2.42
2.43
2.35
2.40
2.41
2.37
2.42
2.40
2.42
2.39
CorWatt	PkgWatt
155.72	370.12
2.47	184.73
2.49
2.48
2.43
2.43
2.44
2.45
2.45
2.40
2.41
2.37
2.40
2.40
2.44
2.40
2.42
2.50
2.45
2.45
2.47
2.51
2.51
2.53
2.45
2.45
2.50
2.45
2.47
2.38
2.40
2.42
2.43
2.46	184.74
2.48
2.46
2.46
2.48
2.45
2.46
2.47
2.41
2.42
2.40
2.41
2.42
2.42
2.43
2.42
2.38
2.42
2.41
2.40
2.46
2.45
2.44
2.46
2.39
2.42
2.40
2.42
2.43
2.41
2.42
2.39
CorWatt	PkgWatt
154.78	364.74
2.46	184.56
2.49
2.48
2.43
2.51
2.44
2.46
2.47
2.40
2.38
2.37
2.43
2.40
2.42
2.40
2.41
2.49
2.43
2.44
2.46
2.48
2.49
2.51
2.49
2.46
2.46
2.45
2.49
2.42
2.41
2.44
2.43
2.44	184.45
2.43
2.47
2.44
2.44
2.46
2.40
2.46
2.37
2.42
2.39
2.41
2.43
2.44
2.42
2.44
2.39
2.39
2.41
2.40
2.46
2.44
2.43
2.44
2.37
2.39
2.38
2.43
2.42
2.43
2.42
2.39
CorWatt	PkgWatt
155.05	368.19
2.46	185.06
2.49
2.53
2.42
2.50
2.43
2.44
2.48
2.39
2.41
2.36
2.40
2.40
2.41
2.41
2.38
2.46
2.45
2.50
2.43
2.53
2.53
2.53
2.52
2.45
2.48
2.43
2.46
2.42
2.43
2.44
2.45
2.44	184.32
2.42
2.46
2.42
2.43
2.47
2.43
2.44
2.39
2.37
2.38
2.39
2.42
2.42
2.41
2.43
2.38
2.40
2.40
2.40
2.46
2.45
2.46
2.46
2.37
2.40
2.41
2.39
2.40
2.43
2.44
2.40
