CorWatt	PkgWatt
15.51	128.30
0.55	128.31
0.46
0.49
0.49
0.64
0.56
0.53
0.52
0.41
0.45
0.39
0.40
0.52
0.56
0.54
0.58
0.49
0.49
0.51
0.57
0.43
0.46
0.44
0.42
0.39
0.37
0.37
0.37
0.55
0.53
0.54
0.52
CorWatt	PkgWatt
15.12	127.59
0.52	127.75
0.46
0.48
0.46
0.53
0.51
0.50
0.54
0.39
0.45
0.38
0.39
0.52
0.56
0.53
0.56
0.47
0.48
0.49
0.56
0.41
0.46
0.41
0.42
0.39
0.37
0.38
0.38
0.56
0.52
0.52
0.55
CorWatt	PkgWatt
70.46	186.21
0.91	186.03
2.20
2.24
2.23
2.28
2.26
2.25
2.23
2.17
2.18
2.36
2.10
2.35
2.36
2.33
2.35
2.23
2.21
2.08
2.10
2.17
3.62
2.03
1.97
2.13
2.12
1.96
1.96
2.35
2.33
2.17
2.16
