CorWatt	PkgWatt
15.15	127.92
0.55	127.92
0.47
0.50
0.50
0.54
0.54
0.52
0.51
0.43
0.46
0.39
0.40
0.52
0.55
0.59
0.53
0.49
0.48
0.47
0.48
0.40
0.39
0.39
0.40
0.39
0.38
0.41
0.38
0.53
0.52
0.52
0.52
CorWatt	PkgWatt
14.74	127.22
0.56	127.42
0.47
0.48
0.47
0.50
0.56
0.55
0.49
0.41
0.46
0.37
0.38
0.50
0.55
0.57
0.51
0.49
0.46
0.46
0.47
0.40
0.38
0.38
0.39
0.37
0.35
0.37
0.36
0.51
0.51
0.51
0.50
CorWatt	PkgWatt
68.94	183.24
1.04	183.04
2.14
2.18
2.17
2.21
2.28
2.27
2.20
3.58
2.33
2.17
2.15
2.23
2.36
2.26
2.29
2.18
2.16
1.95
1.97
2.14
2.09
1.89
1.90
2.14
2.10
1.91
1.91
2.26
2.27
2.09
2.10
