CorWatt	PkgWatt
16.16	129.75
0.56	129.77
0.50
0.51
0.50
0.54
0.57
0.54
0.57
0.49
0.47
0.54
0.43
0.55
0.58
0.60
0.59
0.49
0.54
0.50
0.50
0.43
0.43
0.42
0.41
0.41
0.41
0.43
0.39
0.57
0.54
0.55
0.56
CorWatt	PkgWatt
15.45	128.34
0.54	129.00
0.48
0.49
0.48
0.51
0.56
0.52
0.56
0.43
0.49
0.42
0.45
0.54
0.55
0.58
0.55
0.47
0.51
0.48
0.50
0.41
0.40
0.41
0.42
0.39
0.40
0.38
0.37
0.58
0.52
0.53
0.53
CorWatt	PkgWatt
69.95	164.85
0.92	188.61
2.26
2.32
2.31
2.36
2.39
2.38
2.32
2.29
2.31
2.28
2.28
2.42
2.43
2.43
2.43
2.38
2.40
2.26
2.28
2.34
2.51
2.13
2.10
2.29
2.27
2.07
2.09
2.54
2.55
2.31
3.82
