CorWatt	PkgWatt
14.60	126.86
0.50	126.84
0.48
0.46
0.43
0.49
0.49
0.49
0.48
0.43
0.44
0.37
0.38
0.51
0.51
0.49
0.52
0.46
0.48
0.47
0.48
0.39
0.40
0.45
0.44
0.36
0.36
0.44
0.38
0.51
0.51
0.50
0.50
CorWatt	PkgWatt
14.36	126.36
0.50	126.76
0.47
0.46
0.42
0.48
0.48
0.48
0.48
0.38
0.44
0.36
0.38
0.52
0.50
0.49
0.52
0.46
0.47
0.46
0.49
0.39
0.39
0.41
0.43
0.36
0.37
0.42
0.37
0.51
0.51
0.50
0.50
CorWatt	PkgWatt
17.33	129.62
0.56	129.26
0.58
0.51
0.53
0.51
0.49
0.49
0.61
0.47
0.61
0.51
0.50
0.60
0.56
0.55
0.67
0.54
0.61
0.68
0.53
0.50
0.55
0.48
0.48
0.47
0.45
0.56
0.46
0.54
0.53
0.54
0.63
CorWatt	PkgWatt
14.69	126.94
0.50	126.90
0.49
0.47
0.45
0.48
0.48
0.48
0.48
0.45
0.49
0.45
0.42
0.50
0.52
0.49
0.53
0.45
0.47
0.46
0.47
0.41
0.44
0.41
0.38
0.37
0.36
0.41
0.36
0.52
0.52
0.50
0.49
CorWatt	PkgWatt
14.70	126.92
0.49	126.91
0.47
0.46
0.43
0.50
0.49
0.49
0.49
0.40
0.49
0.41
0.41
0.51
0.51
0.50
0.52
0.45
0.49
0.46
0.47
0.42
0.45
0.43
0.40
0.37
0.36
0.39
0.38
0.52
0.52
0.50
0.52
CorWatt	PkgWatt
15.65	127.48
0.52	127.55
0.51
0.47
0.46
0.53
0.52
0.53
0.52
0.43
0.51
0.45
0.44
0.55
0.54
0.53
0.57
0.48
0.51
0.50
0.50
0.45
0.45
0.45
0.42
0.42
0.40
0.42
0.42
0.55
0.54
0.53
0.54
CorWatt	PkgWatt
14.68	126.97
0.51	126.91
0.48
0.48
0.46
0.50
0.49
0.48
0.49
0.38
0.46
0.38
0.38
0.50
0.50
0.49
0.55
0.49
0.50
0.45
0.49
0.42
0.39
0.41
0.38
0.38
0.38
0.41
0.36
0.53
0.53
0.52
0.51
CorWatt	PkgWatt
14.42	126.80
0.48	126.79
0.46
0.47
0.42
0.48
0.49
0.49
0.49
0.38
0.43
0.38
0.39
0.51
0.50
0.48
0.52
0.45
0.46
0.49
0.49
0.44
0.38
0.41
0.39
0.35
0.42
0.38
0.36
0.51
0.53
0.50
0.50
CorWatt	PkgWatt
14.32	126.61
0.50	126.60
0.46
0.45
0.43
0.50
0.49
0.49
0.49
0.39
0.44
0.37
0.38
0.50
0.50
0.49
0.51
0.45
0.46
0.46
0.46
0.42
0.40
0.40
0.38
0.35
0.38
0.37
0.37
0.51
0.54
0.50
0.50
CorWatt	PkgWatt
14.10	126.41
0.49	126.41
0.46
0.45
0.42
0.48
0.48
0.48
0.48
0.38
0.44
0.37
0.38
0.50
0.50
0.48
0.51
0.45
0.46
0.44
0.46
0.40
0.38
0.38
0.38
0.35
0.35
0.37
0.36
0.51
0.53
0.50
0.49
CorWatt	PkgWatt
14.14	126.45
0.50	126.45
0.46
0.45
0.42
0.49
0.49
0.48
0.48
0.37
0.43
0.37
0.39
0.50
0.50
0.48
0.51
0.46
0.46
0.44
0.45
0.41
0.38
0.38
0.38
0.35
0.35
0.37
0.36
0.50
0.53
0.50
0.50
CorWatt	PkgWatt
14.10	126.61
0.50	126.60
0.46
0.45
0.42
0.48
0.49
0.48
0.48
0.38
0.44
0.36
0.38
0.50
0.51
0.49
0.51
0.47
0.46
0.44
0.46
0.40
0.38
0.38
0.38
0.35
0.35
0.37
0.35
0.50
0.50
0.50
0.49
CorWatt	PkgWatt
14.51	126.80
0.50	126.79
0.46
0.45
0.43
0.49
0.49
0.50
0.51
0.39
0.44
0.38
0.38
0.50
0.50
0.51
0.53
0.49
0.46
0.47
0.46
0.43
0.41
0.47
0.39
0.36
0.36
0.38
0.37
0.51
0.51
0.50
0.50
