CorWatt	PkgWatt
14.94	127.31
0.52	127.31
0.43
0.46
0.44
0.49
0.50
0.49
0.49
0.44
0.49
0.44
0.39
0.53
0.53
0.53
0.54
0.54
0.47
0.46
0.48
0.45
0.41
0.46
0.40
0.35
0.35
0.37
0.35
0.54
0.54
0.54
0.52
CorWatt	PkgWatt
16.21	127.53
0.55	128.05
0.50
0.48
0.48
0.55
0.56
0.54
0.52
0.42
0.49
0.46
0.44
0.57
0.57
0.57
0.60
0.53
0.52
0.52
0.52
0.48
0.46
0.48
0.44
0.40
0.41
0.41
0.41
0.58
0.59
0.58
0.60
CorWatt	PkgWatt
17.42	129.83
0.62	129.33
0.60
0.57
0.67
0.60
0.58
0.63
0.62
0.56
0.59
0.54
0.49
0.52
0.66
0.55
0.54
0.50
0.49
0.63
0.51
0.53
0.44
0.48
0.43
0.47
0.39
0.41
0.41
0.58
0.53
0.69
0.56
CorWatt	PkgWatt
15.47	127.63
0.60	127.54
0.50
0.51
0.53
0.51
0.51
0.54
0.51
0.45
0.46
0.43
0.41
0.53
0.53
0.56
0.55
0.47
0.48
0.53
0.48
0.43
0.41
0.47
0.41
0.38
0.37
0.38
0.38
0.56
0.53
0.53
0.53
