CorWatt	PkgWatt
15.71	127.53
0.55	127.53
0.47
0.51
0.48
0.52
0.56
0.58
0.56
0.44
0.50
0.50
0.40
0.54
0.56
0.53
0.55
0.49
0.49
0.55
0.49
0.42
0.44
0.41
0.39
0.39
0.43
0.38
0.40
0.53
0.56
0.54
0.53
CorWatt	PkgWatt
14.81	126.80
0.53	126.79
0.46
0.49
0.52
0.49
0.53
0.52
0.52
0.40
0.47
0.38
0.37
0.50
0.50
0.50
0.52
0.49
0.50
0.53
0.46
0.43
0.40
0.39
0.38
0.37
0.35
0.38
0.35
0.52
0.53
0.52
0.51
CorWatt	PkgWatt
18.25	129.67
0.59	129.71
0.53
0.61
0.60
0.57
0.64
0.59
0.58
0.55
0.55
0.50
0.48
0.55
0.57
0.59
0.60
0.62
0.66
0.76
0.65
0.55
0.59
0.63
0.55
0.44
0.42
0.48
0.44
0.61
0.57
0.57
0.60
CorWatt	PkgWatt
15.16	127.37
0.50	127.31
0.45
0.48
0.52
0.50
0.56
0.50
0.49
0.41
0.44
0.38
0.37
0.52
0.52
0.50
0.51
0.52
0.51
0.56
0.50
0.44
0.50
0.45
0.51
0.36
0.36
0.38
0.36
0.52
0.51
0.51
0.52
