CorWatt	PkgWatt
4.58	153.20
0.08	76.95
0.08
0.08
0.08
0.08
0.08
0.08
0.08
0.07
0.08
0.07
0.07
0.07
0.07
0.07
0.07
0.08
0.08
0.08
0.08
0.09
0.08
0.08
0.08
0.08
0.08
0.08
0.08
0.07
0.07
0.07
0.07
0.06	76.29
0.06
0.06
0.06
0.07
0.07
0.07
0.06
0.15
0.07
0.06
0.06
0.06
0.06
0.06
0.06
0.06
0.06
0.06
0.06
0.07
0.07
0.07
0.07
0.06
0.06
0.06
0.06
0.06
0.06
0.06
0.06
CorWatt	PkgWatt
4.30	151.70
0.08	75.98
0.07
0.07
0.08
0.07
0.07
0.07
0.07
0.07
0.07
0.06
0.07
0.06
0.06
0.06
0.06
0.07
0.07
0.07
0.07
0.08
0.08
0.08
0.07
0.07
0.07
0.07
0.07
0.07
0.07
0.07
0.07
0.06	75.72
0.07
0.06
0.06
0.06
0.07
0.06
0.06
0.05
0.06
0.06
0.05
0.06
0.06
0.06
0.10
0.06
0.08
0.06
0.07
0.06
0.08
0.08
0.07
0.06
0.06
0.05
0.07
0.06
0.06
0.05
0.08
CorWatt	PkgWatt
18.67	182.70
2.31	92.19
0.30
0.28
0.36
0.21
0.19
0.22
0.24
0.19
0.23
0.21
0.22
0.22
0.17
0.17
0.24
0.24
0.19
0.19
0.25
0.26
0.33
0.22
0.23
0.22
0.18
0.18
0.25
0.20
0.17
0.17
0.23
0.79	90.62
0.18
0.30
0.29
0.30
0.31
0.28
0.23
0.23
0.37
0.21
0.34
0.28
0.19
0.17
0.25
0.28
0.29
0.26
0.51
0.30
0.35
0.20
0.19
0.36
0.21
0.20
0.39
0.32
0.21
0.34
0.27
CorWatt	PkgWatt
7.78	157.29
0.82	82.23
0.19
0.19
0.20
0.57
0.23
0.23
0.23
0.13
0.13
0.13
0.13
0.13
0.13
0.13
0.13
0.15
0.15
0.15
0.14
0.16
0.15
0.15
0.15
0.14
0.14
0.14
0.14
0.14
0.14
0.14
0.14
0.06	74.92
0.06
0.06
0.05
0.06
0.06
0.06
0.06
0.05
0.05
0.05
0.05
0.05
0.05
0.05
0.05
0.06
0.06
0.05
0.05
0.06
0.06
0.06
0.06
0.05
0.05
0.05
0.05
0.05
0.05
0.05
0.05
CorWatt	PkgWatt
8.18	157.75
0.20	82.42
0.17
0.17
0.17
1.07
0.33
0.32
0.32
0.14
0.14
0.14
0.14
0.14
0.14
0.13
0.13
0.15
0.15
0.15
0.15
0.17
0.16
0.16
0.16
0.15
0.15
0.15
0.15
0.14
0.14
0.14
0.14
0.06	75.31
0.06
0.06
0.06
0.06
0.06
0.06
0.06
0.06
0.06
0.06
0.06
0.06
0.06
0.06
0.06
0.06
0.06
0.06
0.06
0.06
0.06
0.06
0.06
0.06
0.06
0.06
0.06
0.06
0.06
0.06
0.06
CorWatt	PkgWatt
8.02	157.32
0.20	82.54
0.17
0.17
0.17
0.32
1.08
0.32
0.32
0.14
0.14
0.14
0.14
0.14
0.14
0.13
0.14
0.16
0.16
0.16
0.15
0.17
0.16
0.16
0.16
0.15
0.15
0.15
0.15
0.14
0.14
0.15
0.14
0.05	74.87
0.05
0.05
0.05
0.05
0.05
0.05
0.05
0.06
0.06
0.05
0.06
0.05
0.05
0.05
0.05
0.06
0.05
0.05
0.05
0.05
0.06
0.06
0.05
0.05
0.05
0.05
0.05
0.05
0.05
0.05
0.05
CorWatt	PkgWatt
9.99	164.00
0.22	85.73
0.21
0.20
0.21
0.38
1.06
0.35
0.34
0.14
0.17
0.17
0.17
0.17
0.17
0.17
0.16
0.18
0.16
0.16
0.18
0.21
0.21
0.20
0.20
0.18
0.15
0.15
0.18
0.18
0.17
0.19
0.18
0.09	78.45
0.09
0.09
0.09
0.09
0.09
0.09
0.09
0.09
0.09
0.09
0.09
0.09
0.09
0.09
0.08
0.09
0.09
0.08
0.09
0.09
0.09
0.09
0.09
0.09
0.09
0.09
0.09
0.09
0.09
0.09
0.09
CorWatt	PkgWatt
8.30	158.09
0.17	82.66
0.16
0.17
0.17
0.32
1.11
0.32
0.32
0.14
0.15
0.14
0.15
0.14
0.14
0.14
0.14
0.16
0.15
0.15
0.15
0.17
0.16
0.16
0.16
0.15
0.14
0.14
0.15
0.15
0.15
0.17
0.15
0.06	75.22
0.06
0.06
0.06
0.06
0.06
0.06
0.06
0.06
0.06
0.06
0.06
0.06
0.06
0.06
0.06
0.09
0.06
0.06
0.06
0.06
0.06
0.06
0.06
0.07
0.06
0.06
0.08
0.06
0.06
0.06
0.06
CorWatt	PkgWatt
8.54	158.15
0.18	82.81
0.17
0.16
0.17
0.39
1.06
0.33
0.33
0.14
0.15
0.14
0.15
0.14
0.14
0.14
0.22
0.16
0.16
0.16
0.16
0.17
0.16
0.16
0.16
0.15
0.15
0.15
0.15
0.16
0.15
0.18
0.15
0.06	75.38
0.06
0.06
0.06
0.07
0.06
0.06
0.06
0.06
0.06
0.06
0.06
0.06
0.06
0.06
0.06
0.07
0.06
0.06
0.06
0.07
0.06
0.07
0.06
0.07
0.06
0.06
0.06
0.06
0.06
0.06
0.06
CorWatt	PkgWatt
8.84	158.46
0.16	83.65
0.16
0.16
0.16
2.14
0.34
0.29
0.28
0.14
0.13
0.13
0.13
0.13
0.13
0.13
0.13
0.15
0.15
0.15
0.15
0.17
0.16
0.15
0.15
0.14
0.14
0.14
0.14
0.15
0.15
0.17
0.15
0.05	74.78
0.05
0.05
0.05
0.05
0.05
0.05
0.05
0.05
0.05
0.05
0.05
0.05
0.05
0.05
0.05
0.05
0.05
0.05
0.05
0.05
0.05
0.06
0.05
0.05
0.05
0.05
0.05
0.05
0.05
0.05
0.05
CorWatt	PkgWatt
10.19	160.71
0.16	85.77
0.16
0.16
0.15
3.86
0.20
0.20
0.20
0.13
0.13
0.13
0.13
0.13
0.13
0.13
0.13
0.15
0.15
0.15
0.14
0.16
0.15
0.15
0.15
0.14
0.14
0.14
0.14
0.14
0.14
0.16
0.14
0.05	74.87
0.05
0.05
0.05
0.05
0.05
0.05
0.05
0.05
0.05
0.05
0.06
0.05
0.05
0.05
0.05
0.05
0.05
0.05
0.05
0.05
0.05
0.05
0.05
0.05
0.05
0.05
0.05
0.05
0.05
0.05
0.05
CorWatt	PkgWatt
10.08	160.41
0.16	85.75
0.16
0.16
0.15
3.87
0.20
0.20
0.20
0.13
0.13
0.13
0.13
0.13
0.13
0.13
0.13
0.15
0.14
0.14
0.14
0.16
0.15
0.15
0.15
0.14
0.14
0.14
0.14
0.14
0.14
0.16
0.14
0.05	74.62
0.05
0.05
0.05
0.05
0.05
0.05
0.05
0.05
0.05
0.05
0.05
0.05
0.05
0.05
0.05
0.05
0.05
0.05
0.05
0.05
0.05
0.05
0.05
0.05
0.05
0.05
0.05
0.05
0.05
0.05
0.05
CorWatt	PkgWatt
10.40	160.84
0.16	85.85
0.16
0.16
0.15
3.88
0.21
0.21
0.20
0.13
0.13
0.13
0.13
0.13
0.13
0.13
0.13
0.15
0.15
0.15
0.15
0.16
0.15
0.15
0.15
0.14
0.14
0.14
0.14
0.15
0.15
0.16
0.14
0.06	75.08
0.06
0.06
0.06
0.06
0.06
0.06
0.06
0.06
0.06
0.06
0.06
0.06
0.06
0.05
0.06
0.06
0.06
0.06
0.06
0.06
0.06
0.06
0.06
0.06
0.06
0.06
0.06
0.06
0.06
0.06
0.06
CorWatt	PkgWatt
10.19	160.63
0.16	85.76
0.16
0.16
0.15
3.88
0.21
0.21
0.20
0.13
0.13
0.13
0.13
0.13
0.13
0.13
0.13
0.15
0.14
0.14
0.14
0.16
0.15
0.15
0.15
0.14
0.14
0.14
0.14
0.14
0.14
0.16
0.14
0.05	74.81
0.05
0.05
0.05
0.05
0.05
0.05
0.05
0.05
0.05
0.05
0.05
0.05
0.05
0.05
0.05
0.05
0.05
0.05
0.05
0.05
0.05
0.05
0.06
0.05
0.05
0.05
0.05
0.05
0.05
0.05
0.05
CorWatt	PkgWatt
10.10	160.43
0.16	85.71
0.15
0.16
0.15
3.88
0.20
0.20
0.20
0.13
0.13
0.13
0.13
0.13
0.13
0.13
0.13
0.15
0.14
0.14
0.14
0.16
0.15
0.15
0.15
0.14
0.14
0.14
0.14
0.14
0.14
0.16
0.14
0.05	74.70
0.05
0.05
0.05
0.05
0.05
0.05
0.05
0.05
0.05
0.05
0.05
0.05
0.05
0.05
0.05
0.05
0.05
0.05
0.05
0.05
0.05
0.05
0.05
0.05
0.05
0.05
0.05
0.05
0.05
0.05
0.05
CorWatt	PkgWatt
10.29	164.24
0.16	87.63
0.16
0.16
0.15
3.89
0.20
0.20
0.20
0.13
0.13
0.13
0.13
0.13
0.13
0.13
0.13
0.15
0.15
0.14
0.14
0.16
0.15
0.15
0.15
0.14
0.14
0.14
0.14
0.14
0.14
0.16
0.15
0.05	76.72
0.05
0.06
0.05
0.06
0.05
0.05
0.05
0.05
0.05
0.05
0.05
0.05
0.05
0.05
0.05
0.05
0.05
0.05
0.05
0.06
0.06
0.06
0.09
0.06
0.05
0.05
0.05
0.05
0.05
0.05
0.05
CorWatt	PkgWatt
10.84	173.00
0.18	95.79
0.17
0.17
0.17
3.94
0.20
0.21
0.20
0.15
0.15
0.14
0.14
0.14
0.14
0.13
0.13
0.15
0.15
0.15
0.15
0.16
0.15
0.16
0.15
0.15
0.14
0.15
0.15
0.16
0.15
0.16
0.15
0.07	77.18
0.07
0.06
0.07
0.06
0.06
0.06
0.07
0.07
0.07
0.06
0.07
0.06
0.06
0.06
0.06
0.06
0.06
0.06
0.06
0.06
0.07
0.07
0.07
0.07
0.06
0.07
0.06
0.06
0.07
0.07
0.06
CorWatt	PkgWatt
10.33	178.69
0.17	103.88
0.16
0.16
0.16
3.98
0.20
0.20
0.20
0.13
0.13
0.13
0.13
0.13
0.13
0.13
0.13
0.15
0.14
0.14
0.14
0.16
0.15
0.15
0.15
0.14
0.14
0.14
0.14
0.16
0.14
0.14
0.14
0.05	74.85
0.05
0.05
0.05
0.06
0.05
0.05
0.05
0.05
0.05
0.05
0.05
0.05
0.05
0.05
0.05
0.05
0.05
0.05
0.05
0.06
0.06
0.06
0.06
0.06
0.06
0.06
0.05
0.05
0.05
0.05
0.05
CorWatt	PkgWatt
10.31	166.22
0.17	91.41
0.16
0.16
0.15
3.91
0.20
0.20
0.20
0.13
0.13
0.13
0.13
0.13
0.13
0.13
0.20
0.15
0.15
0.14
0.14
0.16
0.15
0.15
0.15
0.14
0.14
0.14
0.14
0.16
0.14
0.14
0.15
0.05	74.77
0.05
0.05
0.05
0.05
0.05
0.05
0.05
0.05
0.05
0.05
0.05
0.05
0.05
0.05
0.05
0.05
0.05
0.05
0.05
0.05
0.05
0.05
0.05
0.05
0.05
0.05
0.05
0.05
0.05
0.05
0.05
CorWatt	PkgWatt
10.17	162.90
0.16	88.05
0.16
0.16
0.15
3.88
0.20
0.20
0.20
0.13
0.13
0.13
0.13
0.13
0.13
0.13
0.13
0.15
0.14
0.14
0.14
0.16
0.15
0.15
0.15
0.14
0.14
0.14
0.14
0.16
0.14
0.15
0.14
0.05	74.75
0.05
0.05
0.05
0.05
0.05
0.05
0.05
0.05
0.05
0.05
0.05
0.05
0.05
0.05
0.05
0.05
0.05
0.05
0.05
0.05
0.05
0.05
0.05
0.05
0.05
0.05
0.05
0.05
0.05
0.05
0.05
