CorWatt	PkgWatt
5.34	156.27
0.10	78.05
0.09
0.09
0.09
0.09
0.09
0.09
0.09
0.09
0.09
0.09
0.10
0.09
0.09
0.09
0.09
0.09
0.09
0.09
0.09
0.10
0.09
0.09
0.09
0.09
0.09
0.09
0.09
0.09
0.09
0.11
0.10
0.08	77.25
0.08
0.08
0.08
0.08
0.08
0.08
0.07
0.07
0.07
0.07
0.07
0.07
0.07
0.06
0.06
0.08
0.09
0.08
0.11
0.08
0.08
0.08
0.08
0.07
0.07
0.08
0.07
0.07
0.07
0.07
0.07
CorWatt	PkgWatt
6.05	153.32
0.11	77.46
0.11
0.10
0.10
0.11
0.12
0.10
0.10
0.10
0.09
0.09
0.11
0.10
0.09
0.14
0.12
0.10
0.10
0.15
0.10
0.11
0.10
0.10
0.12
0.10
0.16
0.15
0.12
0.10
0.10
0.11
0.12
0.08	76.41
0.08
0.08
0.08
0.08
0.08
0.08
0.08
0.07
0.07
0.07
0.08
0.07
0.07
0.07
0.07
0.08
0.09
0.08
0.08
0.09
0.08
0.08
0.08
0.08
0.08
0.08
0.08
0.07
0.08
0.07
0.07
CorWatt	PkgWatt
19.08	181.61
0.41	93.87
0.63
0.37
0.38
0.28
0.26
0.26
0.31
0.26
0.32
0.23
2.35
0.38
0.19
0.21
0.36
0.39
0.20
0.21
0.38
0.23
0.39
0.30
0.21
0.20
0.37
0.40
0.20
0.25
0.20
0.34
0.26
0.25	87.21
0.28
0.23
0.22
0.22
0.22
0.22
0.65
0.20
0.19
0.19
0.23
0.16
0.17
0.16
0.20
0.23
0.25
0.22
0.22
0.21
0.18
0.19
0.21
0.23
0.23
0.21
0.24
0.21
0.20
0.23
0.21
CorWatt	PkgWatt
8.83	159.31
0.17	83.05
0.17
0.17
0.16
0.19
0.17
0.18
0.18
0.17
0.17
0.17
0.74
0.23
0.23
0.23
0.62
0.16
0.16
0.16
0.16
0.17
0.16
0.16
0.16
0.15
0.15
0.15
0.15
0.16
0.17
0.15
0.15
0.08	76.08
0.07
0.07
0.07
0.08
0.08
0.08
0.07
0.07
0.07
0.07
0.08
0.07
0.07
0.06
0.06
0.08
0.09
0.08
0.08
0.08
0.08
0.08
0.08
0.07
0.07
0.08
0.07
0.07
0.07
0.07
0.07
CorWatt	PkgWatt
9.06	159.43
0.18	83.43
0.18
0.17
0.17
0.19
0.18
0.18
0.18
0.16
0.16
0.16
0.19
0.32
0.32
0.32
1.09
0.17
0.17
0.17
0.16
0.18
0.17
0.17
0.17
0.16
0.16
0.16
0.16
0.16
0.17
0.16
0.16
0.07	75.98
0.07
0.07
0.07
0.08
0.07
0.07
0.07
0.07
0.07
0.07
0.07
0.06
0.06
0.06
0.06
0.08
0.08
0.08
0.07
0.08
0.08
0.08
0.08
0.07
0.07
0.08
0.07
0.07
0.07
0.07
0.07
CorWatt	PkgWatt
9.39	159.70
0.18	83.46
0.18
0.18
0.17
0.19
0.18
0.18
0.19
0.16
0.23
0.16
0.19
0.61
0.32
0.32
0.82
0.17
0.16
0.17
0.17
0.18
0.17
0.17
0.17
0.16
0.16
0.16
0.16
0.17
0.18
0.16
0.16
0.08	76.31
0.08
0.08
0.08
0.08
0.08
0.08
0.08
0.07
0.07
0.07
0.08
0.07
0.07
0.07
0.07
0.08
0.09
0.08
0.08
0.08
0.08
0.08
0.08
0.08
0.08
0.08
0.07
0.07
0.07
0.07
0.07
CorWatt	PkgWatt
10.30	164.36
0.24	86.36
0.23
0.22
0.23
0.21
0.22
0.21
0.21
0.21
0.19
0.18
0.19
1.12
0.35
0.35
0.35
0.20
0.20
0.20
0.19
0.21
0.21
0.21
0.21
0.19
0.19
0.19
0.19
0.19
0.19
0.19
0.21
0.08	78.03
0.07
0.07
0.07
0.08
0.08
0.07
0.07
0.07
0.07
0.07
0.08
0.06
0.06
0.06
0.06
0.08
0.11
0.08
0.08
0.08
0.08
0.08
0.08
0.09
0.07
0.08
0.07
0.07
0.07
0.07
0.07
CorWatt	PkgWatt
13.65	179.10
0.26	93.04
0.24
0.21
0.20
0.20
0.22
0.39
0.21
0.28
0.19
0.17
0.18
0.82
0.32
0.57
0.48
0.20
0.22
0.19
0.25
0.20
0.18
0.30
0.20
0.19
0.20
0.19
0.18
0.21
0.19
0.18
0.26
0.26	86.05
0.14
0.12
0.16
0.16
0.17
0.14
0.18
0.13
0.17
0.16
0.18
0.16
0.15
0.15
0.13
0.17
0.18
0.24
0.15
0.19
0.16
0.13
0.20
0.17
0.13
0.24
0.21
0.17
0.15
0.12
0.21
CorWatt	PkgWatt
12.28	171.14
0.33	89.92
0.26
0.39
0.34
0.22
0.20
0.27
0.31
0.25
0.22
0.19
0.25
0.44
0.38
0.51
0.89
0.28
0.22
0.30
0.44
0.25
0.21
0.19
0.26
0.26
0.25
0.27
0.31
0.23
0.28
0.21
0.28
0.12	81.28
0.08
0.08
0.11
0.08
0.08
0.08
0.08
0.07
0.09
0.07
0.07
0.07
0.08
0.07
0.07
0.08
0.08
0.09
0.08
0.08
0.08
0.08
0.09
0.08
0.08
0.09
0.08
0.07
0.07
0.07
0.07
CorWatt	PkgWatt
15.43	172.24
0.44	91.81
0.27
0.21
0.20
1.11
1.00
0.31
0.25
0.25
0.21
0.18
0.18
0.44
0.31
0.74
1.44
0.24
0.22
0.25
0.22
0.29
0.28
0.19
0.18
0.36
0.37
0.23
0.24
0.33
0.37
0.25
0.18
0.10	80.68
0.11
0.11
0.12
0.11
0.15
0.10
0.11
0.09
0.13
0.11
0.10
0.10
0.10
0.10
0.11
0.11
0.12
0.12
0.10
0.11
0.10
0.11
0.23
0.19
0.11
0.12
0.10
0.12
0.10
0.09
0.13
CorWatt	PkgWatt
20.79	174.35
1.90	96.91
1.84
0.29
0.25
0.68
0.68
0.20
0.20
1.48
0.97
0.66
0.21
0.21
0.21
0.21
4.02
0.18
0.18
0.21
0.18
0.20
0.17
0.17
0.17
0.80
0.80
0.20
0.19
0.19
0.18
0.17
0.16
0.08	77.35
0.08
0.08
0.08
0.09
0.08
0.08
0.08
0.08
0.10
0.08
0.08
0.07
0.07
0.07
0.07
0.08
0.08
0.08
0.08
0.09
0.09
0.09
0.09
0.08
0.09
0.10
0.08
0.08
0.08
0.08
0.08
CorWatt	PkgWatt
20.93	172.72
0.87	96.14
0.78
0.24
0.22
0.20
0.19
0.18
0.18
0.38
0.37
0.17
0.19
0.21
0.21
0.21
4.04
1.68
1.27
0.68
0.25
0.29
0.28
0.18
0.18
1.88
1.46
0.64
0.23
0.16
0.16
0.16
0.17
0.08	76.60
0.08
0.08
0.08
0.09
0.08
0.08
0.08
0.08
0.10
0.08
0.08
0.07
0.07
0.07
0.07
0.08
0.08
0.08
0.08
0.09
0.09
0.09
0.09
0.09
0.09
0.10
0.08
0.08
0.08
0.08
0.08
CorWatt	PkgWatt
20.64	172.14
0.38	95.72
0.29
0.20
0.20
0.19
0.17
0.17
0.17
2.46
1.55
1.09
0.25
0.21
0.21
0.21
4.00
0.88
0.88
0.21
0.24
1.17
1.18
0.22
0.21
0.17
0.17
0.16
0.17
0.16
0.16
0.16
0.16
0.08	76.50
0.09
0.08
0.08
0.08
0.08
0.08
0.08
0.08
0.10
0.08
0.08
0.07
0.07
0.07
0.07
0.08
0.08
0.08
0.08
0.09
0.09
0.09
0.09
0.08
0.08
0.10
0.08
0.08
0.07
0.07
0.08
CorWatt	PkgWatt
21.01	173.47
1.17	96.01
0.86
0.49
0.23
1.75
1.70
0.30
0.23
0.97
0.95
0.18
0.21
0.21
0.21
0.20
4.00
0.20
0.18
0.18
0.21
0.97
0.98
0.21
0.20
0.16
0.16
0.16
0.16
0.17
0.16
0.16
0.17
0.09	76.97
0.09
0.09
0.09
0.09
0.09
0.09
0.09
0.09
0.11
0.09
0.09
0.08
0.08
0.08
0.08
0.09
0.09
0.09
0.09
0.09
0.09
0.09
0.09
0.09
0.09
0.11
0.09
0.08
0.08
0.08
0.08
CorWatt	PkgWatt
20.65	171.96
1.14	96.04
1.08
0.25
0.23
1.04
1.03
0.21
0.21
0.62
0.61
0.18
0.20
0.21
0.21
0.21
3.93
0.18
0.18
0.18
0.21
0.73
0.65
0.19
0.19
1.62
1.61
0.22
0.21
0.18
0.16
0.16
0.16
0.08	76.35
0.08
0.08
0.08
0.08
0.08
0.08
0.08
0.08
0.09
0.08
0.08
0.07
0.07
0.07
0.07
0.08
0.08
0.08
0.08
0.09
0.08
0.08
0.08
0.08
0.08
0.09
0.08
0.07
0.07
0.07
0.08
CorWatt	PkgWatt
20.22	171.67
0.38	95.14
0.27
0.23
0.20
0.49
0.49
0.19
0.18
1.28
0.49
1.06
0.22
1.10
1.13
0.19
0.19
0.18
0.18
0.18
0.21
3.40
0.22
0.22
0.22
1.35
1.35
0.22
0.21
0.62
0.61
0.18
0.18
0.08	76.52
0.08
0.08
0.08
0.09
0.08
0.08
0.08
0.08
0.10
0.08
0.08
0.07
0.07
0.07
0.07
0.08
0.08
0.08
0.08
0.09
0.09
0.09
0.09
0.09
0.09
0.10
0.08
0.07
0.07
0.07
0.08
CorWatt	PkgWatt
20.51	172.15
0.92	95.49
0.86
0.24
0.22
1.27
0.30
1.19
0.22
0.42
0.41
0.17
0.19
1.21
1.16
0.20
0.19
1.27
1.20
0.31
0.26
3.60
0.27
0.27
0.27
0.17
0.17
0.17
0.19
0.16
0.16
0.16
0.16
0.08	76.35
0.08
0.08
0.08
0.08
0.08
0.08
0.08
0.08
0.09
0.08
0.08
0.07
0.07
0.07
0.07
0.08
0.08
0.08
0.08
0.09
0.09
0.08
0.08
0.08
0.08
0.10
0.08
0.07
0.07
0.07
0.08
CorWatt	PkgWatt
20.77	172.50
1.73	95.75
1.69
0.26
0.25
0.32
0.31
0.18
0.18
0.17
0.17
0.16
0.18
1.34
1.35
0.20
0.20
1.12
1.12
0.22
0.25
3.75
0.29
0.29
0.28
0.18
0.17
0.17
0.18
0.51
0.50
0.18
0.18
0.09	76.69
0.09
0.08
0.08
0.09
0.08
0.08
0.08
0.08
0.10
0.08
0.08
0.08
0.07
0.07
0.08
0.09
0.08
0.08
0.08
0.09
0.09
0.09
0.09
0.09
0.09
0.10
0.08
0.08
0.08
0.08
0.08
CorWatt	PkgWatt
20.28	173.93
2.19	99.43
1.73
0.70
0.27
1.15
0.21
1.13
0.21
0.19
0.18
0.16
0.18
0.99
0.99
0.19
0.19
0.32
0.51
0.38
0.23
3.88
0.26
0.25
0.25
0.19
0.17
0.16
0.17
0.17
0.18
0.16
0.16
0.08	76.42
0.08
0.08
0.08
0.08
0.08
0.08
0.08
0.08
0.09
0.08
0.08
0.07
0.07
0.07
0.07
0.08
0.08
0.08
0.08
0.09
0.09
0.08
0.08
0.08
0.08
0.10
0.08
0.07
0.07
0.07
0.08
CorWatt	PkgWatt
20.62	173.41
1.54	95.38
1.08
0.66
0.24
0.19
0.17
0.18
0.18
2.13
2.14
0.22
0.25
0.15
0.15
0.15
0.15
1.02
1.02
0.22
0.25
0.19
0.18
0.17
0.17
3.50
0.25
0.24
0.24
0.17
0.16
0.16
0.16
0.09	76.62
0.09
0.08
0.08
0.09
0.08
0.08
0.08
0.08
0.11
0.08
0.08
0.07
0.07
0.07
0.07
0.08
0.08
0.08
0.08
0.09
0.09
0.09
0.09
0.09
0.09
0.10
0.09
0.08
0.08
0.08
0.09
CorWatt	PkgWatt
22.89	181.80
0.45	97.22
0.38
0.29
0.27
1.20
1.21
0.25
0.27
1.13
1.10
0.27
0.33
0.47
0.47
0.23
0.23
0.24
0.24
0.24
0.26
2.00
1.25
0.29
0.28
1.60
0.30
0.26
0.26
0.24
0.24
0.23
0.23
0.15	84.06
0.14
0.14
0.14
0.15
0.14
0.15
0.14
0.14
0.16
0.14
0.14
0.16
0.80
0.35
0.79
0.15
0.14
0.15
0.14
0.14
0.14
0.13
0.14
0.15
0.14
0.16
0.15
0.13
0.13
0.13
0.14
CorWatt	PkgWatt
20.34	185.14
0.29	89.90
0.21
0.19
0.19
0.17
0.17
0.17
0.17
0.15
0.15
0.15
0.15
0.15
0.15
0.15
0.15
0.17
0.17
0.17
0.17
0.22
0.18
0.18
0.17
0.16
0.16
0.16
0.16
1.24
0.35
0.35
0.51
0.65	95.39
0.66
0.18
0.17
0.25
0.48
0.41
0.16
0.18
0.73
0.71
0.17
0.18
1.08
1.04
0.18
0.55
0.54
0.17
0.17
0.52
0.21
0.17
0.17
0.47
0.47
0.19
0.16
0.82
0.83
0.19
0.19
CorWatt	PkgWatt
20.01	185.64
1.62	92.61
1.57
0.31
0.26
0.17
0.17
0.17
0.17
0.16
0.16
0.15
0.16
0.16
0.15
0.15
0.15
0.17
0.17
0.18
0.17
0.23
0.18
0.18
0.18
0.16
0.16
0.16
0.17
1.19
0.37
0.36
0.50
0.29	93.01
0.30
0.13
0.13
0.45
0.44
0.15
0.15
0.13
0.16
0.13
0.13
0.12
0.12
0.12
0.11
1.30
1.30
0.20
0.20
0.14
0.14
0.14
0.13
0.22
0.21
0.16
0.14
1.05
1.04
0.18
0.19
CorWatt	PkgWatt
18.76	173.33
1.84	92.89
2.28
0.80
0.31
0.44
0.44
0.19
0.19
0.32
0.32
0.16
0.16
0.15
0.15
0.15
0.15
0.17
0.17
0.17
0.17
0.23
0.18
0.18
0.18
1.06
1.00
0.20
0.20
1.31
0.36
0.36
0.44
0.78	80.32
0.81
0.12
0.12
0.09
0.09
0.09
0.09
0.09
0.10
0.09
0.08
0.08
0.08
0.08
0.08
0.09
0.09
0.09
0.09
0.10
0.10
0.10
0.10
0.09
0.09
0.10
0.09
0.08
0.08
0.08
0.09
CorWatt	PkgWatt
20.70	181.86
0.55	88.62
0.46
0.25
0.21
0.17
0.17
0.17
0.17
0.16
0.16
0.16
0.15
0.15
0.15
0.15
0.15
0.17
0.17
0.17
0.17
0.23
0.18
0.18
0.18
0.16
0.17
0.16
0.16
0.84
0.38
0.36
0.87
2.33	93.24
2.39
0.25
0.25
0.15
0.15
0.15
0.15
0.26
0.66
0.53
0.16
0.74
0.74
0.16
0.16
0.15
0.15
0.15
0.15
0.36
0.36
0.17
0.16
0.48
0.47
0.20
0.16
0.14
0.14
0.14
0.15
CorWatt	PkgWatt
20.84	187.82
0.61	91.95
0.51
0.27
0.21
0.18
0.17
0.17
0.17
0.16
0.23
0.16
0.16
0.15
0.15
0.15
0.15
0.17
0.17
0.17
0.17
0.22
0.18
0.18
0.18
0.17
0.17
0.16
0.17
0.37
0.36
0.37
1.36
2.15	95.89
2.19
0.24
0.24
0.19
0.18
0.15
0.15
0.14
0.17
0.14
0.14
0.74
0.72
0.20
0.16
0.15
0.15
0.15
0.15
0.69
0.68
0.19
0.18
0.24
0.23
0.18
0.15
0.64
0.64
0.17
0.18
CorWatt	PkgWatt
20.50	180.11
0.69	88.22
0.61
0.25
0.21
0.17
0.17
0.17
0.17
0.16
0.15
0.15
0.15
0.15
0.15
0.15
0.15
0.17
0.17
0.17
0.17
0.22
0.18
0.18
0.18
0.16
0.16
0.16
0.16
1.34
0.36
0.36
0.37
2.15	91.98
2.22
0.23
0.23
0.20
0.20
0.15
0.15
0.84
0.89
0.17
0.17
0.13
0.13
0.13
0.13
0.27
0.26
0.15
0.15
0.16
0.15
0.16
0.15
0.24
0.23
0.18
0.15
0.81
0.80
0.17
0.18
CorWatt	PkgWatt
20.42	183.62
0.29	88.95
0.19
0.23
0.19
0.17
0.17
0.17
0.17
0.15
0.15
0.15
0.15
0.15
0.15
0.15
0.15
0.17
0.17
0.17
0.17
0.22
0.17
0.17
0.17
0.16
0.16
0.16
0.16
1.34
0.36
0.36
0.36
0.27	94.68
0.27
0.15
0.15
0.15
0.15
0.15
0.15
1.03
0.22
1.05
0.18
0.28
0.27
0.14
0.14
1.34
1.34
0.21
0.21
1.27
1.27
0.22
0.21
0.73
0.73
0.19
0.17
0.14
0.14
0.14
0.14
CorWatt	PkgWatt
20.99	193.60
0.30	93.92
0.20
0.23
0.20
0.17
0.17
0.17
0.17
0.16
0.15
0.15
0.15
0.15
0.16
0.15
0.15
0.22
0.19
0.18
0.18
0.23
0.18
0.18
0.18
0.19
0.17
0.17
0.20
1.21
0.37
0.36
0.49
0.18	99.77
0.16
0.15
0.15
0.60
1.07
0.65
0.18
1.37
1.42
0.20
0.20
0.64
0.63
0.16
0.16
0.24
0.23
0.16
0.16
0.99
0.98
0.21
0.20
0.21
0.21
0.18
0.15
0.64
0.63
0.17
0.18
CorWatt	PkgWatt
21.07	204.27
0.30	97.88
0.20
0.23
0.20
0.17
0.17
0.17
0.17
0.16
0.15
0.15
0.15
0.15
0.15
0.15
0.15
0.17
0.17
0.17
0.17
0.23
0.18
0.18
0.18
0.17
0.17
0.16
0.17
0.39
0.36
0.37
1.35
0.34	106.30
0.34
0.16
0.16
0.32
1.16
1.02
0.20
0.26
0.28
0.15
0.15
1.12
1.12
0.19
0.19
0.58
0.56
0.18
0.18
1.20
1.21
0.22
0.21
0.22
0.21
0.19
0.16
0.52
0.51
0.16
0.17
CorWatt	PkgWatt
20.74	202.00
0.30	98.09
0.19
0.23
0.19
0.17
0.17
0.17
0.17
0.16
0.15
0.15
0.15
0.15
0.15
0.15
0.15
0.17
0.17
0.17
0.17
0.22
0.18
0.18
0.18
0.16
0.16
0.16
0.16
0.86
0.36
0.36
0.82
0.36	104.13
0.37
0.16
0.16
1.71
1.72
0.24
0.24
0.38
0.40
0.16
0.15
0.19
0.19
0.14
0.14
0.24
0.23
0.16
0.16
1.13
0.35
0.99
0.21
0.69
0.70
0.20
0.17
0.62
0.60
0.17
0.17
CorWatt	PkgWatt
20.82	187.23
0.31	90.76
0.21
0.24
0.20
0.17
0.17
0.17
0.17
0.16
0.16
0.16
0.16
0.15
0.15
0.15
0.15
0.18
0.18
0.18
0.22
0.23
0.18
0.18
0.17
0.17
0.17
0.17
0.19
0.37
0.36
0.37
1.35
0.86	96.18
1.82
1.16
0.22
1.22
1.30
0.28
0.19
0.15
0.17
0.14
0.14
0.27
0.24
0.14
0.14
0.15
0.15
0.15
0.15
0.25
0.47
0.39
0.17
1.00
0.97
0.20
0.18
0.14
0.14
0.14
0.15
CorWatt	PkgWatt
20.92	198.55
0.31	96.48
0.24
0.20
0.20
0.18
0.17
0.17
0.17
0.16
0.16
0.15
0.16
0.15
0.15
0.15
0.15
0.18
0.18
0.18
0.21
0.19
0.18
0.18
0.17
0.17
0.19
0.17
0.18
0.55
0.37
0.37
1.16
0.30	102.05
0.30
0.16
0.16
1.19
2.83
1.87
0.24
0.16
0.17
0.15
0.15
0.31
0.31
0.14
0.14
0.16
0.15
0.16
0.15
0.23
0.23
0.17
0.16
0.77
0.79
0.20
0.17
0.57
0.57
0.17
0.18
CorWatt	PkgWatt
12.28	165.07
0.22	86.23
0.25
0.25
0.19
0.21
0.18
0.17
0.20
0.16
0.20
0.16
0.16
0.16
0.16
0.15
0.18
0.22
0.18
0.20
0.20
0.20
0.19
0.20
0.24
0.19
0.17
0.19
0.21
1.27
0.38
0.36
0.41
0.10	78.91
0.10
0.10
0.10
0.10
0.10
0.10
0.10
0.09
0.10
0.09
0.09
0.09
0.09
0.09
0.09
0.10
0.10
0.10
0.10
0.11
0.10
0.10
0.10
0.91
0.13
0.62
0.12
0.09
0.09
0.10
0.10
CorWatt	PkgWatt
9.49	163.47
0.20	85.53
0.18
0.20
0.18
0.17
0.16
0.16
0.16
0.15
0.15
0.15
0.15
0.15
0.15
0.14
0.15
0.21
0.18
0.19
0.19
0.18
0.17
0.17
0.17
0.17
0.16
0.16
0.16
0.36
0.36
0.36
1.28
0.08	77.92
0.08
0.08
0.08
0.08
0.08
0.08
0.07
0.07
0.08
0.07
0.07
0.07
0.06
0.06
0.07
0.08
0.07
0.07
0.07
0.08
0.08
0.08
0.08
0.08
0.08
0.09
0.07
0.07
0.07
0.07
0.07
CorWatt	PkgWatt
9.47	159.57
0.18	83.58
0.17
0.19
0.17
0.16
0.16
0.16
0.16
0.15
0.22
0.15
0.15
0.15
0.15
0.15
0.15
0.20
0.17
0.18
0.18
0.18
0.17
0.16
0.16
0.17
0.16
0.16
0.16
1.34
0.38
0.37
0.39
0.08	76.04
0.07
0.08
0.08
0.08
0.08
0.08
0.07
0.07
0.08
0.07
0.07
0.06
0.06
0.06
0.06
0.07
0.07
0.07
0.07
0.08
0.08
0.08
0.08
0.07
0.07
0.09
0.07
0.07
0.07
0.07
0.07
CorWatt	PkgWatt
9.57	159.91
0.19	83.71
0.18
0.19
0.17
0.17
0.16
0.16
0.17
0.15
0.15
0.15
0.15
0.15
0.15
0.15
0.15
0.20
0.18
0.18
0.19
0.18
0.17
0.17
0.16
0.17
0.16
0.16
0.16
0.53
0.39
0.39
1.27
0.08	76.15
0.08
0.08
0.08
0.08
0.08
0.08
0.07
0.07
0.08
0.07
0.07
0.06
0.06
0.06
0.06
0.08
0.07
0.07
0.08
0.08
0.08
0.08
0.08
0.07
0.07
0.09
0.07
0.07
0.07
0.07
0.07
CorWatt	PkgWatt
9.41	159.69
0.19	83.33
0.17
0.19
0.17
0.16
0.16
0.16
0.16
0.14
0.14
0.14
0.14
0.14
0.14
0.14
0.14
0.19
0.17
0.17
0.18
0.17
0.16
0.16
0.16
0.17
0.15
0.15
0.15
1.07
0.38
0.37
0.63
0.08	76.35
0.08
0.08
0.08
0.08
0.08
0.08
0.08
0.07
0.08
0.07
0.07
0.07
0.07
0.07
0.07
0.08
0.08
0.07
0.08
0.08
0.08
0.08
0.08
0.08
0.08
0.09
0.08
0.07
0.07
0.07
0.07
CorWatt	PkgWatt
13.66	170.11
0.25	89.05
0.28
0.27
0.22
0.27
0.27
0.26
0.27
0.63
0.27
0.65
0.27
0.23
0.22
0.23
0.23
0.40
0.54
0.35
0.71
0.29
0.27
0.28
0.27
0.27
0.25
0.26
0.26
0.24
0.21
0.24
0.24
0.12	81.16
0.12
0.12
0.13
0.12
0.13
0.12
0.12
0.12
0.12
0.11
0.11
0.10
0.11
0.11
0.11
0.13
0.12
0.11
0.12
0.13
0.11
0.13
0.13
0.11
0.11
0.13
0.12
0.11
0.11
0.12
0.12
CorWatt	PkgWatt
9.77	160.39
0.18	84.21
0.18
0.18
0.17
0.17
0.17
0.17
0.17
0.19
0.16
0.16
0.16
0.15
0.15
0.15
0.15
0.43
1.49
0.43
0.42
0.19
0.17
0.17
0.17
0.18
0.16
0.16
0.16
0.16
0.16
0.16
0.16
0.08	76.06
0.07
0.07
0.08
0.08
0.07
0.07
0.07
0.08
0.08
0.07
0.07
0.06
0.06
0.06
0.06
0.07
0.07
0.07
0.07
0.08
0.08
0.08
0.08
0.07
0.07
0.09
0.07
0.07
0.07
0.06
0.07
CorWatt	PkgWatt
9.82	160.30
0.18	84.19
0.18
0.18
0.17
0.17
0.17
0.17
0.17
0.19
0.16
0.16
0.16
0.15
0.15
0.15
0.15
0.47
1.45
0.43
0.42
0.19
0.18
0.18
0.17
0.18
0.17
0.16
0.16
0.16
0.16
0.16
0.16
0.08	76.12
0.07
0.07
0.07
0.08
0.08
0.07
0.07
0.08
0.08
0.07
0.07
0.06
0.06
0.06
0.06
0.07
0.07
0.07
0.08
0.08
0.08
0.08
0.08
0.07
0.07
0.09
0.07
0.07
0.07
0.07
0.07
CorWatt	PkgWatt
10.02	160.48
0.19	84.18
0.18
0.18
0.18
0.17
0.17
0.17
0.17
0.19
0.16
0.16
0.16
0.15
0.15
0.15
0.15
0.44
1.46
0.46
0.42
0.19
0.18
0.18
0.17
0.18
0.17
0.17
0.17
0.16
0.16
0.16
0.16
0.08	76.40
0.08
0.08
0.08
0.08
0.08
0.08
0.08
0.09
0.09
0.08
0.08
0.07
0.07
0.07
0.07
0.08
0.08
0.08
0.08
0.09
0.09
0.09
0.08
0.08
0.08
0.09
0.08
0.07
0.07
0.07
0.07
CorWatt	PkgWatt
11.61	173.94
0.19	97.89
0.18
0.18
0.17
0.17
0.17
0.17
0.17
0.18
0.16
0.16
0.16
0.15
0.15
0.15
0.15
0.33
3.75
0.34
0.32
0.18
0.17
0.17
0.17
0.17
0.16
0.16
0.16
0.16
0.16
0.16
0.16
0.07	75.93
0.07
0.07
0.07
0.07
0.07
0.07
0.07
0.07
0.08
0.07
0.07
0.06
0.06
0.06
0.06
0.07
0.07
0.07
0.07
0.08
0.08
0.08
0.08
0.07
0.07
0.08
0.07
0.06
0.06
0.06
0.07
CorWatt	PkgWatt
17.89	199.76
0.27	112.89
0.21
0.40
0.44
0.30
0.21
0.21
0.19
0.25
0.20
0.17
0.17
0.19
0.17
0.19
0.16
0.26
5.84
0.26
0.23
0.22
0.24
0.21
0.19
0.24
0.20
0.19
0.21
0.21
0.21
0.18
0.19
0.14	87.07
0.18
0.14
0.16
0.16
0.13
0.12
0.23
0.14
0.17
0.15
0.16
0.15
0.14
0.11
0.14
0.22
0.23
0.17
0.27
0.13
0.13
0.15
0.22
0.13
0.12
0.17
0.19
0.16
0.14
0.13
0.17
CorWatt	PkgWatt
14.95	208.36
0.27	106.87
0.17
0.18
0.17
0.14
0.15
0.14
0.18
0.18
0.19
0.16
0.14
0.15
0.20
0.19
0.17
0.16
1.95
0.16
0.17
0.25
0.19
0.21
0.17
0.15
0.16
0.13
0.17
0.24
0.20
0.14
0.16
0.20	101.42
0.20
0.20
1.88
0.16
0.17
0.16
0.17
0.21
0.18
0.15
0.14
0.16
0.15
0.14
0.21
0.18
0.16
0.19
0.17
0.16
0.26
0.29
0.24
0.15
0.16
0.21
0.17
0.16
0.16
0.15
0.24
CorWatt	PkgWatt
16.49	216.99
2.18	113.94
0.25
0.21
0.19
0.33
0.33
0.28
0.20
0.17
0.31
0.18
0.16
0.22
0.18
0.19
0.21
0.26
1.31
1.24
0.37
0.64
0.70
0.21
0.20
0.21
0.20
0.18
0.18
0.17
0.22
0.20
0.17
0.13	103.05
0.13
0.13
0.97
0.11
0.11
0.11
0.11
0.13
0.12
0.11
0.11
0.10
0.10
0.10
0.10
0.11
0.11
0.11
0.11
0.11
0.14
0.14
0.11
0.11
0.11
0.12
0.11
0.10
0.11
0.10
0.11
CorWatt	PkgWatt
21.41	223.19
3.38	116.49
0.28
0.23
0.23
0.73
0.74
0.20
0.20
0.18
0.16
0.16
0.16
0.15
0.15
0.15
0.15
0.18
0.18
0.18
0.17
1.22
1.22
0.22
0.21
0.17
0.16
0.16
0.17
0.67
0.68
0.19
0.18
0.12	106.87
0.12
0.12
0.12
0.61
0.62
0.14
0.14
0.13
0.16
0.12
0.12
1.68
0.17
0.17
1.66
0.13
0.12
0.12
0.12
0.13
0.13
0.13
0.13
0.12
0.12
0.14
0.12
0.13
0.12
0.11
0.12
CorWatt	PkgWatt
22.26	225.19
3.64	112.16
0.24
0.23
0.23
0.17
0.17
0.17
0.17
0.18
0.16
0.16
0.16
0.15
0.15
0.15
0.15
0.17
0.17
0.17
0.17
0.18
0.17
0.17
0.17
0.16
0.16
0.16
0.16
0.16
0.16
0.16
0.15
0.69	113.03
0.68
0.17
0.17
1.51
1.48
0.21
0.20
0.35
0.38
0.17
0.16
1.15
1.04
0.29
0.17
1.16
1.15
0.18
0.19
0.16
0.17
0.16
0.16
0.15
0.15
0.17
0.15
0.14
0.14
0.14
0.15
CorWatt	PkgWatt
22.85	225.73
3.87	112.60
0.29
0.28
0.27
0.18
0.17
0.17
0.17
0.18
0.16
0.16
0.16
0.15
0.15
0.15
0.15
0.17
0.17
0.17
0.17
0.18
0.17
0.17
0.17
0.16
0.16
0.16
0.16
0.16
0.16
0.16
0.15
2.23	113.19
1.73
0.70
0.22
0.32
0.29
0.16
0.16
0.63
0.67
0.20
0.17
1.03
1.02
0.18
0.17
0.16
0.16
0.15
0.15
0.69
0.68
0.18
0.18
0.17
0.17
0.18
0.16
0.16
0.16
0.14
0.15
CorWatt	PkgWatt
23.47	227.33
4.15	113.87
0.40
0.39
0.39
0.18
0.17
0.17
0.17
0.19
0.16
0.16
0.16
0.15
0.15
0.15
0.15
0.17
0.17
0.17
0.17
0.19
0.17
0.17
0.17
0.16
0.16
0.16
0.16
0.16
0.16
0.16
0.17
0.52	113.11
0.52
0.17
0.16
1.18
1.17
0.20
0.19
1.60
0.31
1.60
0.20
0.26
0.24
0.14
0.14
0.16
0.16
0.15
0.16
0.16
0.16
0.16
0.16
1.07
1.08
0.21
0.19
0.37
0.37
0.15
0.16
CorWatt	PkgWatt
23.92	227.41
4.50	114.45
0.53
0.43
0.43
0.18
0.17
0.17
0.17
0.18
0.16
0.16
0.16
0.15
0.15
0.15
0.15
0.18
0.18
0.18
0.17
0.19
0.18
0.17
0.17
0.16
0.16
0.16
0.16
0.16
0.16
0.16
0.16
1.36	112.90
0.47
1.10
0.19
0.26
0.25
0.16
0.15
1.03
1.09
0.20
0.18
0.14
0.14
0.14
0.13
0.17
0.17
0.15
0.15
0.16
0.16
0.16
0.16
2.03
2.04
0.24
0.21
0.14
0.14
0.14
0.15
CorWatt	PkgWatt
24.12	227.80
4.67	114.71
0.51
0.43
0.42
0.18
0.17
0.17
0.17
0.19
0.16
0.16
0.16
0.15
0.15
0.15
0.15
0.17
0.17
0.18
0.17
0.18
0.17
0.17
0.17
0.16
0.16
0.16
0.16
0.16
0.16
0.16
0.16
0.16	113.20
0.16
0.15
0.15
0.97
0.97
0.19
0.19
0.52
0.54
0.20
0.16
1.28
1.27
0.18
0.18
0.87
0.87
0.18
0.18
0.16
0.16
0.16
0.16
1.18
1.17
0.21
0.18
0.20
0.19
0.14
0.15
CorWatt	PkgWatt
23.97	227.67
4.81	114.97
0.49
0.38
0.37
0.18
0.17
0.18
0.17
0.19
0.17
0.16
0.17
0.15
0.15
0.15
0.15
0.18
0.18
0.18
0.17
0.19
0.18
0.17
0.17
0.16
0.16
0.16
0.16
0.16
0.16
0.16
0.16
0.39	112.60
0.37
0.16
0.16
0.16
0.18
0.18
0.15
0.77
0.81
0.20
0.17
0.15
0.14
0.14
0.14
1.87
1.67
0.40
0.21
0.37
0.37
0.16
0.16
1.37
1.33
0.26
0.19
0.15
0.14
0.14
0.15
CorWatt	PkgWatt
24.28	228.42
4.93	115.03
0.39
0.29
0.28
0.18
0.18
0.18
0.18
0.19
0.17
0.16
0.17
0.15
0.15
0.15
0.15
0.18
0.18
0.18
0.18
0.19
0.18
0.18
0.17
0.17
0.17
0.17
0.21
0.17
0.16
0.16
0.19
0.16	113.42
0.16
0.16
0.16
0.16
0.16
0.16
0.16
1.37
1.43
0.23
0.20
2.22
0.43
1.96
0.22
0.17
0.16
0.16
0.16
0.16
0.16
0.16
0.16
0.98
0.96
0.21
0.19
0.15
0.15
0.15
0.15
CorWatt	PkgWatt
24.22	224.04
5.03	115.00
0.32
0.25
0.25
0.18
0.18
0.18
0.18
0.19
0.17
0.17
0.17
0.15
0.15
0.15
0.15
0.18
0.18
0.18
0.18
0.19
0.18
0.18
0.17
0.17
0.17
0.16
0.17
0.18
0.17
0.17
0.17
0.19	108.98
0.19
0.16
0.16
0.24
0.22
0.16
0.16
1.80
1.85
0.25
0.24
1.18
1.19
0.19
0.18
1.02
0.28
0.94
0.19
0.33
0.31
0.17
0.17
0.39
0.39
0.19
0.16
0.19
0.18
0.15
0.16
CorWatt	PkgWatt
24.65	217.51
2.90	108.85
0.76
0.25
0.24
0.23
0.22
0.22
0.22
0.28
0.29
0.21
0.22
0.17
0.17
0.19
0.20
0.22
0.21
0.22
0.22
0.24
0.22
0.23
0.23
0.21
0.21
0.21
0.21
0.18
0.19
0.18
0.19
1.75	108.63
1.73
0.25
0.25
0.20
0.19
0.19
0.19
0.61
0.63
0.24
0.23
1.48
0.63
1.07
0.22
0.19
0.19
0.18
0.20
0.19
0.20
0.20
0.20
0.94
0.45
0.72
0.22
0.19
0.18
0.18
0.19
CorWatt	PkgWatt
21.08	174.09
0.30	84.18
0.54
0.20
0.20
0.17
0.17
0.17
0.17
0.32
0.32
0.32
1.39
0.15
0.15
0.15
0.15
0.17
0.17
0.17
0.17
0.19
0.17
0.17
0.17
0.16
0.16
0.16
0.16
0.16
0.16
0.16
0.16
1.04	89.99
1.03
0.19
0.19
2.29
2.30
0.26
0.25
1.01
0.20
0.98
0.21
0.27
0.24
0.15
0.15
0.16
0.16
0.15
0.16
0.25
0.25
0.16
0.17
0.20
0.21
0.18
0.16
0.15
0.15
0.15
0.16
CorWatt	PkgWatt
21.00	183.47
0.31	89.22
0.24
0.21
0.20
0.18
0.18
0.18
0.18
0.37
0.37
0.36
1.55
0.16
0.16
0.15
0.15
0.18
0.17
0.18
0.17
0.19
0.18
0.18
0.17
0.17
0.17
0.17
0.17
0.16
0.16
0.16
0.16
0.16	94.30
0.16
0.16
0.16
0.17
0.16
0.16
0.16
1.76
1.48
0.28
0.24
1.36
1.35
0.21
0.21
0.16
0.16
0.16
0.16
0.17
0.17
0.17
0.16
1.30
1.30
0.23
0.20
0.25
0.26
0.16
0.16
CorWatt	PkgWatt
21.15	201.07
0.31	97.70
0.24
0.21
0.20
0.18
0.17
0.18
0.17
0.59
0.37
0.36
1.36
0.15
0.15
0.15
0.15
0.17
0.17
0.18
0.17
0.19
0.17
0.17
0.17
0.16
0.16
0.16
0.17
0.16
0.16
0.16
0.16
0.20	103.33
0.18
0.15
0.15
2.48
2.36
0.39
0.27
0.18
0.16
0.21
0.18
0.22
0.23
0.14
0.14
0.94
0.90
0.18
0.19
0.96
1.01
0.24
0.20
0.16
0.16
0.18
0.15
0.16
0.15
0.15
0.16
CorWatt	PkgWatt
21.41	200.68
0.31	97.45
0.24
0.20
0.20
0.18
0.17
0.18
0.17
0.97
0.37
0.37
0.99
0.15
0.15
0.15
0.15
0.17
0.17
0.18
0.17
0.19
0.17
0.17
0.17
0.17
0.16
0.16
0.17
0.17
0.16
0.16
0.17
0.39	103.48
0.38
0.16
0.17
1.85
1.05
1.04
0.24
1.05
0.34
0.97
0.24
0.77
0.86
0.27
0.18
0.25
0.25
0.21
0.21
0.55
0.54
0.18
0.18
0.16
0.16
0.19
0.16
0.22
0.21
0.15
0.16
CorWatt	PkgWatt
21.59	196.83
0.32	95.55
0.24
0.20
0.20
0.18
0.18
0.18
0.18
1.39
0.38
0.37
0.57
0.15
0.15
0.15
0.15
0.18
0.18
0.18
0.18
0.20
0.18
0.18
0.18
0.17
0.17
0.17
0.17
0.17
0.17
0.17
0.17
0.37	101.07
0.36
0.17
0.16
0.55
0.54
0.18
0.18
0.79
0.20
0.81
0.24
1.42
1.42
0.21
0.21
0.97
0.96
0.19
0.20
0.21
0.20
0.17
0.17
0.63
0.63
0.20
0.17
0.44
0.43
0.18
0.17
CorWatt	PkgWatt
21.26	192.60
0.32	92.11
0.23
0.20
0.20
0.18
0.17
0.17
0.17
1.96
0.26
0.26
0.27
0.15
0.15
0.15
0.15
0.17
0.17
0.17
0.17
0.19
0.18
0.17
0.17
0.17
0.17
0.16
0.17
0.17
0.16
0.16
0.16
0.16	100.46
0.16
0.16
0.15
0.22
0.21
0.16
0.16
0.88
0.91
0.19
0.24
1.43
0.59
1.02
0.20
0.50
1.19
0.64
0.45
0.20
0.19
0.17
0.16
0.19
0.16
0.19
0.16
1.07
1.06
0.19
0.19
CorWatt	PkgWatt
21.36	197.72
0.31	96.37
0.26
0.22
0.21
0.18
0.17
0.18
0.17
1.92
0.26
0.25
0.26
0.16
0.15
0.15
0.15
0.18
0.18
0.18
0.17
0.19
0.18
0.18
0.17
0.18
0.17
0.17
0.17
0.20
0.17
0.17
0.17
0.19	101.44
0.19
0.16
0.16
0.23
0.23
0.16
0.16
0.28
0.27
0.16
0.21
1.11
1.12
0.19
0.19
1.11
0.36
0.97
0.20
0.81
0.82
0.19
0.19
0.66
0.66
0.20
0.18
0.92
0.91
0.18
0.19
CorWatt	PkgWatt
20.81	177.82
0.31	86.33
0.24
0.20
0.20
0.17
0.17
0.17
0.17
1.89
0.25
0.25
0.26
0.15
0.15
0.15
0.15
0.17
0.17
0.17
0.17
0.19
0.17
0.17
0.17
0.16
0.16
0.16
0.16
0.16
0.16
0.16
0.16
0.29	91.38
0.29
0.16
0.16
0.98
0.20
0.97
0.19
1.16
0.40
1.02
0.23
0.14
0.14
0.14
0.14
2.10
2.07
0.24
0.24
0.24
0.24
0.16
0.16
0.15
0.15
0.17
0.15
0.14
0.14
0.14
0.15
CorWatt	PkgWatt
21.17	198.08
0.31	96.14
0.24
0.20
0.20
0.18
0.17
0.18
0.17
0.79
0.26
0.25
1.35
0.15
0.15
0.15
0.15
0.17
0.17
0.18
0.17
0.19
0.17
0.17
0.17
0.16
0.17
0.16
0.17
0.16
0.16
0.16
0.16
0.21	102.09
0.21
0.16
0.16
2.08
2.08
0.27
0.26
0.97
0.99
0.20
0.24
0.18
0.18
0.14
0.14
0.17
0.16
0.16
0.16
1.28
1.18
0.30
0.21
0.21
0.19
0.19
0.16
0.23
0.21
0.15
0.16
CorWatt	PkgWatt
21.30	195.46
0.31	94.09
0.24
0.20
0.20
0.18
0.17
0.18
0.17
0.25
0.33
0.25
1.89
0.16
0.16
0.15
0.15
0.18
0.17
0.17
0.17
0.19
0.18
0.17
0.17
0.17
0.17
0.16
0.17
0.16
0.16
0.16
0.16
1.28	101.41
1.28
0.21
0.20
1.09
1.09
0.22
0.21
0.17
0.16
0.16
0.21
0.14
0.14
0.14
0.14
0.87
0.87
0.19
0.19
1.41
1.40
0.22
0.22
0.22
0.21
0.20
0.16
0.15
0.15
0.15
0.15
CorWatt	PkgWatt
21.17	185.52
0.30	90.04
0.23
0.20
0.20
0.17
0.17
0.17
0.17
0.54
0.26
0.25
1.61
0.15
0.15
0.15
0.15
0.17
0.17
0.17
0.17
0.19
0.17
0.17
0.17
0.17
0.17
0.18
0.17
0.16
0.16
0.17
0.16
0.96	95.33
0.20
0.95
0.19
1.52
1.52
0.24
0.23
0.80
0.82
0.18
0.23
0.27
0.26
0.15
0.14
0.94
0.31
0.84
0.19
0.32
0.31
0.17
0.17
0.35
0.34
0.20
0.17
0.15
0.15
0.15
0.16
CorWatt	PkgWatt
21.11	177.99
0.30	86.41
0.23
0.20
0.20
0.17
0.17
0.17
0.17
1.89
0.26
0.25
0.26
0.15
0.15
0.15
0.15
0.17
0.17
0.17
0.17
0.19
0.17
0.17
0.17
0.17
0.17
0.20
0.18
0.16
0.16
0.16
0.16
1.68	91.56
0.49
1.40
0.21
0.16
0.16
0.15
0.15
0.83
0.85
0.18
0.22
0.45
0.45
0.15
0.15
0.93
0.19
0.92
0.19
0.16
0.16
0.16
0.16
0.94
0.95
0.22
0.19
0.15
0.14
0.15
0.15
CorWatt	PkgWatt
21.21	186.20
0.31	90.49
0.24
0.20
0.20
0.17
0.17
0.17
0.17
1.64
0.26
0.25
0.50
0.15
0.15
0.15
0.15
0.18
0.17
0.18
0.17
0.19
0.18
0.18
0.17
0.18
0.18
0.20
0.18
0.16
0.16
0.16
0.16
0.30	95.71
0.29
0.16
0.16
2.09
2.11
0.27
0.26
0.78
0.80
0.18
0.22
0.15
0.14
0.14
0.14
0.49
0.49
0.17
0.17
0.16
0.16
0.16
0.16
1.19
0.25
1.14
0.20
0.15
0.15
0.15
0.16
CorWatt	PkgWatt
14.75	181.39
0.25	93.10
0.24
0.21
0.22
0.20
0.19
0.20
0.25
0.31
0.26
0.28
1.94
0.18
0.16
0.16
0.19
0.18
0.18
0.18
0.20
0.20
0.18
0.21
0.18
0.20
0.18
0.20
0.20
0.20
0.18
0.17
0.19
0.11	88.36
0.12
0.11
0.11
1.57
1.29
0.19
0.19
0.13
0.11
0.11
0.15
0.10
0.10
0.10
0.12
0.12
0.11
0.11
0.12
0.12
0.13
0.13
0.12
0.11
0.11
0.13
0.11
0.11
0.11
0.11
0.11
CorWatt	PkgWatt
9.76	160.57
0.19	84.35
0.21
0.18
0.18
0.17
0.17
0.18
0.18
0.24
0.25
0.24
1.92
0.16
0.15
0.15
0.15
0.17
0.17
0.17
0.16
0.18
0.17
0.17
0.17
0.16
0.16
0.17
0.16
0.16
0.15
0.16
0.15
0.08	76.20
0.08
0.08
0.08
0.08
0.09
0.08
0.08
0.07
0.07
0.07
0.09
0.06
0.06
0.06
0.06
0.08
0.08
0.07
0.08
0.08
0.08
0.08
0.08
0.07
0.08
0.08
0.07
0.07
0.07
0.07
0.07
CorWatt	PkgWatt
9.63	160.35
0.19	84.28
0.21
0.18
0.18
0.17
0.17
0.18
0.18
0.24
0.25
0.24
1.89
0.16
0.15
0.15
0.15
0.16
0.16
0.17
0.16
0.18
0.17
0.17
0.17
0.16
0.16
0.17
0.16
0.16
0.15
0.15
0.15
0.08	76.05
0.08
0.07
0.07
0.08
0.09
0.08
0.08
0.07
0.07
0.07
0.08
0.06
0.06
0.06
0.06
0.08
0.08
0.07
0.08
0.08
0.08
0.08
0.08
0.07
0.07
0.08
0.07
0.07
0.06
0.07
0.07
CorWatt	PkgWatt
9.79	160.50
0.19	84.28
0.21
0.18
0.18
0.17
0.17
0.18
0.18
0.64
0.25
0.24
1.48
0.17
0.15
0.15
0.15
0.17
0.17
0.17
0.17
0.19
0.17
0.17
0.17
0.16
0.16
0.18
0.16
0.16
0.15
0.16
0.15
0.08	76.26
0.08
0.08
0.08
0.08
0.09
0.08
0.08
0.07
0.07
0.07
0.09
0.07
0.07
0.07
0.07
0.08
0.08
0.07
0.08
0.08
0.08
0.08
0.08
0.08
0.08
0.08
0.07
0.07
0.07
0.07
0.07
CorWatt	PkgWatt
12.34	165.46
0.24	85.80
0.28
0.23
0.23
0.22
0.20
0.21
0.23
0.26
0.59
0.25
0.50
0.22
0.20
0.20
0.20
0.21
0.21
0.21
0.20
0.23
0.21
0.21
0.21
0.21
0.21
0.22
0.21
0.93
0.20
0.21
0.20
0.13	79.67
0.13
0.13
0.13
0.14
0.14
0.14
0.13
0.11
0.12
0.12
0.13
0.11
0.11
0.10
0.12
0.13
0.13
0.13
0.13
0.12
0.12
0.11
0.12
0.13
0.13
0.13
0.13
0.12
0.12
0.12
0.12
CorWatt	PkgWatt
9.07	159.53
0.18	83.54
0.17
0.18
0.17
0.17
0.17
0.20
0.19
0.32
0.51
0.32
0.88
0.16
0.15
0.15
0.15
0.17
0.17
0.17
0.16
0.18
0.17
0.17
0.17
0.16
0.16
0.17
0.16
0.19
0.17
0.16
0.17
0.08	75.96
0.08
0.08
0.07
0.08
0.09
0.08
0.08
0.06
0.06
0.06
0.07
0.06
0.06
0.06
0.06
0.08
0.07
0.07
0.08
0.08
0.08
0.08
0.08
0.07
0.07
0.08
0.07
0.06
0.06
0.06
0.07
CorWatt	PkgWatt
9.18	159.52
0.18	83.61
0.17
0.17
0.17
0.18
0.17
0.21
0.19
0.32
0.39
0.32
1.09
0.16
0.15
0.15
0.15
0.16
0.16
0.17
0.16
0.19
0.17
0.17
0.17
0.16
0.16
0.18
0.16
0.19
0.17
0.16
0.17
0.08	75.96
0.07
0.07
0.07
0.08
0.09
0.08
0.08
0.06
0.06
0.06
0.07
0.06
0.07
0.06
0.06
0.08
0.07
0.07
0.08
0.08
0.08
0.08
0.08
0.07
0.07
0.08
0.07
0.07
0.06
0.06
0.06
CorWatt	PkgWatt
9.08	159.42
0.18	83.32
0.17
0.17
0.17
0.17
0.17
0.20
0.19
0.32
0.32
0.31
1.09
0.16
0.15
0.15
0.15
0.17
0.16
0.17
0.16
0.18
0.17
0.17
0.17
0.16
0.16
0.17
0.16
0.19
0.16
0.16
0.16
0.08	76.03
0.08
0.08
0.07
0.08
0.09
0.08
0.08
0.06
0.06
0.06
0.07
0.06
0.06
0.06
0.06
0.08
0.08
0.07
0.08
0.08
0.08
0.08
0.08
0.07
0.07
0.08
0.07
0.07
0.06
0.07
0.07
CorWatt	PkgWatt
9.12	159.49
0.18	83.46
0.17
0.17
0.17
0.18
0.17
0.19
0.20
0.32
0.77
0.31
0.66
0.16
0.15
0.15
0.15
0.16
0.17
0.17
0.16
0.18
0.17
0.17
0.17
0.16
0.16
0.17
0.16
0.19
0.16
0.16
0.16
0.08	76.03
0.08
0.08
0.07
0.08
0.09
0.08
0.08
0.07
0.06
0.06
0.07
0.06
0.06
0.06
0.06
0.08
0.08
0.07
0.08
0.08
0.08
0.08
0.08
0.07
0.07
0.08
0.07
0.07
0.07
0.07
0.07
CorWatt	PkgWatt
9.13	159.35
0.18	83.46
0.17
0.17
0.17
0.18
0.17
0.19
0.19
0.32
1.12
0.31
0.32
0.16
0.15
0.15
0.15
0.17
0.17
0.17
0.16
0.19
0.17
0.17
0.17
0.16
0.16
0.17
0.16
0.19
0.16
0.16
0.16
0.08	75.99
0.08
0.07
0.07
0.08
0.09
0.08
0.08
0.06
0.06
0.06
0.07
0.06
0.06
0.06
0.06
0.08
0.08
0.07
0.08
0.08
0.08
0.09
0.08
0.07
0.07
0.08
0.07
0.07
0.06
0.07
0.07
CorWatt	PkgWatt
12.32	174.32
0.21	89.80
0.19
0.18
0.20
0.20
0.18
0.21
0.20
0.32
1.03
0.34
0.79
0.18
0.16
0.15
0.15
0.17
0.17
0.17
0.17
0.18
0.17
0.17
0.17
0.17
0.16
0.18
0.16
0.20
0.17
0.17
0.16
0.13	84.60
0.16
0.15
0.13
0.13
0.13
0.13
0.17
0.18
0.15
0.14
0.14
0.13
0.14
0.17
0.23
0.13
0.17
0.17
0.16
0.13
0.21
0.16
0.13
0.14
0.18
0.16
0.19
0.15
0.12
0.12
0.17
CorWatt	PkgWatt
20.38	199.64
0.37	109.58
0.28
0.22
0.47
0.33
0.31
0.54
0.35
0.22
0.39
0.22
4.16
0.21
0.35
0.19
0.35
0.25
0.23
0.51
0.49
0.47
0.27
0.60
0.22
0.30
0.25
0.38
0.33
0.40
0.39
0.25
0.20
0.17	90.07
0.16
0.19
0.13
0.22
0.24
0.35
0.20
0.18
0.22
0.23
0.13
0.13
0.12
0.22
0.14
0.26
0.19
0.20
0.23
0.16
0.17
0.15
0.18
0.16
0.13
0.15
0.19
0.25
0.14
0.13
0.17
CorWatt	PkgWatt
13.92	174.64
0.19	94.01
0.18
0.18
0.18
0.18
0.17
0.18
0.20
0.24
0.24
0.23
4.07
0.15
0.15
0.15
0.15
0.17
0.17
0.17
0.16
0.18
0.17
0.17
0.17
0.16
0.16
0.17
0.17
0.17
0.16
0.18
0.16
0.13	80.60
0.12
0.14
0.17
0.14
0.12
0.11
0.11
0.12
0.18
0.15
0.11
0.13
0.17
0.10
0.19
0.20
0.14
0.13
0.12
0.12
0.14
0.13
0.21
0.15
0.14
0.12
0.13
0.13
0.10
0.12
0.11
CorWatt	PkgWatt
19.19	193.08
0.28	98.65
0.22
0.22
0.24
0.23
0.21
0.21
0.23
0.26
0.29
0.26
4.10
0.24
0.19
0.18
0.21
0.21
0.22
0.21
0.22
0.23
0.20
0.21
0.22
0.20
0.20
0.24
0.21
0.22
0.20
0.25
0.20
0.22	94.54
0.28
0.24
0.26
0.30
0.22
0.27
0.23
0.26
0.27
0.26
0.28
0.22
0.23
0.39
0.26
0.30
0.19
0.38
0.25
0.24
0.22
0.27
0.25
0.25
0.33
0.24
0.37
0.23
0.16
0.16
0.17
CorWatt	PkgWatt
13.56	172.79
0.20	91.32
0.19
0.21
0.18
0.20
0.17
0.20
0.18
0.24
0.24
0.23
4.06
0.18
0.17
0.16
0.16
0.17
0.18
0.19
0.19
0.22
0.17
0.17
0.17
0.17
0.17
0.19
0.19
0.23
0.17
0.17
0.17
0.13	81.38
0.11
0.15
0.10
0.11
0.12
0.12
0.13
0.13
0.12
0.08
0.09
0.08
0.10
0.11
0.11
0.14
0.13
0.09
0.11
0.12
0.12
0.13
0.10
0.10
0.09
0.11
0.10
0.22
0.10
0.11
0.10
CorWatt	PkgWatt
20.12	193.89
0.29	100.62
0.23
0.22
0.25
0.30
0.31
0.27
0.22
0.27
0.32
0.27
4.12
0.20
0.19
0.19
0.20
0.24
0.36
0.25
0.25
0.23
0.24
0.22
0.21
0.21
0.22
0.23
0.25
0.25
0.25
0.23
0.21
0.47	93.33
0.29
0.31
0.42
0.26
0.26
0.23
0.22
0.22
0.27
0.23
0.21
0.26
0.28
0.24
0.27
0.24
0.21
0.22
0.33
0.22
0.23
0.22
0.29
0.30
0.37
0.21
0.26
0.20
0.24
0.25
0.20
CorWatt	PkgWatt
13.87	171.47
0.20	90.03
0.18
0.18
0.18
0.18
0.19
0.19
0.18
0.24
0.31
0.23
4.04
0.15
0.15
0.15
0.15
0.18
0.18
0.17
0.19
0.18
0.17
0.17
0.17
0.16
0.16
0.17
0.16
0.18
0.16
0.16
0.16
0.13	81.37
0.18
0.19
0.13
0.13
0.12
0.10
0.12
0.11
0.17
0.12
0.12
0.13
0.12
0.20
0.11
0.13
0.11
0.12
0.13
0.16
0.12
0.12
0.12
0.14
0.14
0.14
0.14
0.12
0.11
0.14
0.14
CorWatt	PkgWatt
19.42	196.11
0.28	105.23
0.23
0.22
0.24
0.27
0.29
0.35
0.25
0.25
0.27
0.25
4.15
0.20
0.19
0.19
0.22
0.23
0.21
0.22
0.25
0.29
0.21
0.21
0.20
0.20
0.20
0.22
0.20
0.23
0.26
0.23
0.24
0.21	90.98
0.20
0.42
0.21
0.23
0.23
0.31
0.28
0.18
0.22
0.21
0.22
0.22
0.21
0.21
0.24
0.19
0.34
0.31
0.20
0.28
0.20
0.22
0.29
0.21
0.28
0.46
0.22
0.20
0.23
0.25
0.30
CorWatt	PkgWatt
13.66	183.00
0.21	102.21
0.20
0.24
0.19
0.19
0.19
0.24
0.19
0.21
0.21
0.21
4.14
0.19
0.18
0.16
0.19
0.19
0.18
0.18
0.19
0.20
0.17
0.18
0.19
0.17
0.17
0.19
0.18
0.17
0.18
0.21
0.17
0.11	80.66
0.10
0.10
0.11
0.10
0.13
0.13
0.10
0.08
0.10
0.11
0.10
0.12
0.12
0.13
0.10
0.12
0.11
0.10
0.11
0.10
0.11
0.10
0.13
0.10
0.16
0.09
0.18
0.16
0.10
0.09
0.11
CorWatt	PkgWatt
19.27	196.78
0.28	104.36
0.24
0.29
0.29
0.27
0.29
0.32
0.28
0.25
0.26
0.24
4.14
0.20
0.21
0.19
0.21
0.23
0.23
0.23
0.25
0.28
0.22
0.22
0.26
0.20
0.20
0.21
0.22
0.25
0.31
0.31
0.37
0.24	92.54
0.26
0.20
0.19
0.22
0.19
0.32
0.22
0.19
0.18
0.18
0.17
0.23
0.17
0.21
0.22
0.30
0.22
0.24
0.35
0.30
0.21
0.23
0.25
0.18
0.23
0.19
0.19
0.45
0.22
0.21
0.20
CorWatt	PkgWatt
13.87	176.10
0.20	95.51
0.18
0.18
0.17
0.19
0.19
0.21
0.19
0.23
0.23
0.22
4.08
0.15
0.15
0.15
0.15
0.17
0.17
0.17
0.17
0.20
0.17
0.17
0.17
0.16
0.16
0.17
0.16
0.16
0.19
0.16
0.18
0.14	80.50
0.12
0.32
0.12
0.14
0.11
0.12
0.14
0.11
0.15
0.13
0.17
0.12
0.10
0.11
0.13
0.13
0.12
0.11
0.15
0.17
0.12
0.12
0.12
0.10
0.16
0.11
0.11
0.12
0.14
0.12
0.11
CorWatt	PkgWatt
17.64	189.38
0.27	97.39
0.23
0.26
0.26
0.27
0.29
0.28
0.23
0.23
0.21
0.20
2.85
0.33
0.18
0.18
0.29
0.37
0.25
0.23
0.24
0.20
0.25
0.21
0.19
0.21
0.20
0.23
0.22
0.19
0.23
0.29
0.20
0.21	92.07
0.22
0.24
0.23
0.27
0.30
0.22
0.27
0.18
0.20
0.18
0.17
0.20
0.21
0.18
0.48
0.34
0.25
0.23
0.21
0.20
0.22
0.22
0.24
0.18
0.23
0.34
0.24
0.18
0.17
0.18
0.17
CorWatt	PkgWatt
15.10	174.75
0.68	90.06
0.25
0.27
0.26
0.27
0.25
0.27
0.24
0.23
0.22
0.22
0.26
0.56
0.24
0.24
0.24
0.86
0.47
0.37
0.57
0.29
0.24
0.24
0.23
0.25
0.23
0.23
0.26
0.23
0.22
0.24
0.24
0.19	84.58
0.14
0.15
0.16
0.19
0.15
0.14
0.14
0.15
0.16
0.15
0.14
0.23
0.17
0.16
0.13
0.15
0.17
0.17
0.18
0.22
0.15
0.17
0.17
0.16
0.16
0.15
0.19
0.16
0.14
0.14
0.21
CorWatt	PkgWatt
17.18	185.87
0.33	94.81
0.28
0.25
0.27
0.33
0.32
0.28
0.23
0.20
0.18
0.18
0.18
0.31
0.30
0.31
0.81
0.30
0.65
0.30
0.40
0.21
0.21
0.20
0.20
0.19
0.19
0.19
0.24
0.20
0.20
0.21
0.19
0.23	91.20
0.21
0.42
0.21
0.32
0.23
0.23
0.19
0.42
0.36
0.43
0.22
0.19
0.28
0.24
0.20
0.24
0.30
0.24
0.27
0.30
0.28
0.30
0.27
0.21
0.19
0.17
0.31
0.25
0.18
0.24
0.24
CorWatt	PkgWatt
11.53	162.70
0.25	84.54
0.23
0.20
0.20
0.21
0.21
0.20
0.18
0.17
0.17
0.16
0.18
0.36
0.36
0.36
1.31
0.24
0.18
0.18
0.18
0.20
0.18
0.18
0.20
0.18
0.17
0.17
0.20
0.16
0.16
0.18
0.17
0.16	78.06
0.11
0.22
0.11
0.11
0.10
0.14
0.18
0.11
0.09
0.09
0.11
0.10
0.11
0.17
0.09
0.11
0.10
0.12
0.12
0.12
0.14
0.12
0.12
0.13
0.11
0.09
0.15
0.13
0.10
0.10
0.09
CorWatt	PkgWatt
16.91	187.52
0.31	95.24
0.27
0.27
0.28
0.29
0.35
0.31
0.31
0.19
0.21
0.32
0.22
0.36
0.36
0.37
1.25
0.22
0.31
0.21
0.21
0.25
0.21
0.23
0.22
0.20
0.21
0.23
0.20
0.19
0.19
0.23
0.20
0.26	92.43
0.21
0.17
0.20
0.25
0.20
0.25
0.34
0.18
0.21
0.41
0.25
0.21
0.18
0.19
0.24
0.25
0.20
0.18
0.24
0.25
0.23
0.25
0.22
0.25
0.18
0.46
0.22
0.28
0.29
0.21
0.27
CorWatt	PkgWatt
11.78	166.75
0.22	86.57
0.19
0.23
0.22
0.20
0.20
0.21
0.20
0.16
0.26
0.20
0.17
0.36
0.36
0.42
1.24
0.20
0.21
0.18
0.18
0.21
0.18
0.19
0.20
0.18
0.18
0.23
0.19
0.17
0.18
0.19
0.18
0.11	79.92
0.12
0.13
0.11
0.12
0.11
0.13
0.12
0.09
0.11
0.12
0.11
0.10
0.10
0.10
0.13
0.10
0.13
0.11
0.10
0.14
0.12
0.16
0.13
0.18
0.12
0.11
0.13
0.12
0.23
0.10
0.10
CorWatt	PkgWatt
16.93	186.33
0.32	94.44
0.26
0.28
0.26
0.38
0.34
0.31
0.29
0.22
0.26
0.20
0.24
0.37
0.47
0.55
1.04
0.37
0.26
0.25
0.25
0.31
0.29
0.27
0.24
0.24
0.24
0.35
0.27
0.21
0.24
0.32
0.23
0.20	92.20
0.24
0.18
0.17
0.24
0.18
0.21
0.20
0.27
0.20
0.20
0.17
0.17
0.16
0.15
0.36
0.28
0.26
0.15
0.18
0.21
0.19
0.21
0.22
0.18
0.36
0.21
0.19
0.29
0.16
0.16
0.28
CorWatt	PkgWatt
11.40	167.52
0.21	85.96
0.20
0.22
0.19
0.18
0.19
0.19
0.17
0.16
0.16
0.15
0.15
0.37
1.26
0.36
0.42
0.18
0.18
0.17
0.17
0.19
0.18
0.17
0.17
0.17
0.18
0.18
0.19
0.16
0.16
0.16
0.16
0.11	81.38
0.15
0.10
0.11
0.15
0.14
0.12
0.12
0.09
0.10
0.13
0.10
0.09
0.21
0.10
0.10
0.10
0.15
0.11
0.11
0.12
0.13
0.13
0.20
0.11
0.11
0.19
0.18
0.13
0.12
0.10
0.13
CorWatt	PkgWatt
17.09	187.62
0.27	93.45
0.27
0.27
0.26
0.20
0.27
0.25
0.22
0.19
0.21
0.17
0.23
0.37
0.53
0.34
0.60
0.32
0.33
0.24
0.23
0.21
0.19
0.18
0.21
0.19
0.18
0.22
0.19
0.17
0.19
0.21
0.18
0.34	94.32
0.30
0.23
0.27
0.29
0.22
0.21
0.23
0.20
0.39
0.27
0.21
0.24
0.26
0.32
0.21
0.21
0.26
0.20
0.28
0.35
0.29
0.43
0.71
0.25
0.21
0.46
0.23
0.24
0.23
0.20
0.24
CorWatt	PkgWatt
11.49	164.54
0.14	78.67
0.12
0.15
0.15
0.14
0.12
0.12
0.18
0.13
0.12
0.11
0.14
0.12
0.13
0.11
0.11
0.14
0.12
0.11
0.11
0.13
0.12
0.12
0.11
0.11
0.11
0.15
0.12
0.11
0.11
0.12
0.11
0.18	85.83
0.20
0.17
0.18
0.20
0.19
0.16
0.26
0.20
0.17
0.23
0.16
0.15
0.17
0.15
0.17
0.17
0.17
0.17
0.23
0.42
0.37
0.37
1.28
0.21
0.18
0.17
0.17
0.17
0.15
0.19
0.16
CorWatt	PkgWatt
14.94	182.10
0.19	89.08
0.15
0.19
0.20
0.13
0.17
0.15
0.14
0.16
0.13
0.15
0.13
0.17
0.28
0.15
0.20
0.14
0.14
0.13
0.13
0.16
0.15
0.13
0.13
0.13
0.14
0.14
0.14
0.12
0.14
0.15
0.13
0.31	93.03
0.21
0.21
0.50
0.21
0.19
0.25
0.27
0.23
0.30
0.41
0.19
0.26
0.23
0.24
0.21
0.27
0.51
0.44
0.24
0.61
0.54
0.34
0.78
0.24
0.20
0.26
0.26
0.21
0.18
0.32
0.42
CorWatt	PkgWatt
14.21	187.46
0.21	92.52
0.15
0.19
0.15
0.13
0.12
0.12
0.12
0.15
0.11
0.11
0.13
0.11
0.11
0.11
0.11
0.12
0.12
0.12
0.13
0.13
0.11
0.11
0.11
0.11
0.12
0.13
0.12
0.11
0.11
0.13
0.12
0.23	94.85
0.31
0.33
0.34
0.25
0.23
0.31
0.37
0.24
0.22
0.22
0.21
0.29
0.18
0.18
0.43
0.49
0.25
0.43
0.39
0.69
0.83
0.31
0.32
0.24
0.19
0.47
0.27
0.24
0.24
0.22
0.25
CorWatt	PkgWatt
15.50	190.80
0.33	97.38
0.30
0.29
0.26
0.20
0.36
0.22
0.19
0.27
0.35
0.39
0.55
0.24
0.25
0.28
0.17
0.28
0.24
0.18
0.20
0.21
0.25
0.19
0.18
0.17
0.17
0.44
0.19
0.17
0.17
0.39
0.21
0.21	93.47
0.22
0.17
0.16
0.19
0.21
0.15
0.20
0.18
0.21
0.26
0.17
0.26
0.30
0.20
0.51
0.20
0.17
0.34
0.18
0.44
0.36
0.21
0.21
0.16
0.15
0.15
0.26
0.17
0.17
0.25
0.22
CorWatt	PkgWatt
12.21	169.73
0.18	82.58
0.19
0.16
0.15
0.16
0.16
0.18
0.16
0.14
0.14
0.14
0.14
0.13
0.14
0.15
0.14
0.18
0.14
0.14
0.13
0.15
0.14
0.14
0.15
0.12
0.12
0.13
0.14
0.16
0.14
0.14
0.15
0.18	87.22
0.19
0.17
0.18
0.18
0.18
0.18
0.19
0.36
1.26
0.41
0.36
0.18
0.22
0.17
0.19
0.18
0.18
0.21
0.21
0.18
0.18
0.18
0.18
0.16
0.18
0.17
0.18
0.16
0.17
0.17
0.17
CorWatt	PkgWatt
30.55	194.80
0.48	105.12
0.51
0.42
0.40
0.33
0.37
0.39
0.52
1.22
0.81
1.06
0.95
0.33
0.41
0.35
0.25
0.70
0.69
0.88
0.61
1.32
1.30
1.14
1.28
1.48
1.20
1.50
1.15
0.31
0.24
0.24
0.21
0.18	89.48
0.17
0.16
0.23
0.18
0.17
0.18
0.17
0.35
1.07
0.79
0.35
0.18
0.17
0.16
0.16
0.18
0.18
0.22
0.21
0.17
0.17
0.17
0.18
0.17
0.17
0.16
0.21
0.16
0.16
0.16
0.16
CorWatt	PkgWatt
33.77	195.28
0.67	108.47
0.68
0.53
0.90
0.93
0.67
0.91
0.78
0.29
0.34
0.36
0.53
0.68
0.37
0.40
0.53
2.05
1.97
2.20
2.07
0.72
1.05
0.83
0.67
1.03
0.89
1.22
1.38
0.31
0.22
0.22
0.25
0.16	86.89
0.15
0.16
0.16
0.16
0.16
0.16
0.16
0.35
0.35
1.55
0.35
0.15
0.15
0.15
0.15
0.17
0.17
0.22
0.17
0.17
0.16
0.16
0.17
0.16
0.16
0.16
0.19
0.15
0.15
0.15
0.16
CorWatt	PkgWatt
35.20	225.52
0.82	114.93
0.67
0.75
0.95
0.83
0.69
0.78
0.66
0.51
0.26
0.25
0.35
0.74
0.51
0.57
0.75
0.56
0.53
0.61
0.59
0.38
0.43
0.31
0.43
0.43
0.37
0.53
0.38
1.19
0.87
0.91
1.07
0.27	110.47
0.24
0.24
0.25
0.37
0.23
0.23
0.27
0.84
1.57
0.90
0.96
1.18
1.28
1.35
1.52
0.21
0.22
0.21
0.27
0.29
0.42
0.30
0.30
0.19
0.20
0.18
0.21
0.20
0.20
0.20
0.22
CorWatt	PkgWatt
33.54	222.82
1.12	110.79
0.60
0.93
1.13
0.63
0.66
0.31
0.33
0.17
0.16
0.16
0.16
0.66
0.77
0.58
0.77
0.51
0.26
0.26
0.40
0.85
0.74
0.93
0.92
0.26
0.26
0.24
0.24
0.30
0.24
0.22
0.23
0.21	112.06
0.19
0.18
0.18
0.64
0.53
0.50
0.58
0.25
0.19
0.19
0.39
0.73
0.95
0.95
0.77
0.24
0.27
0.25
0.23
0.53
0.54
0.60
0.48
0.16
0.15
0.15
0.17
1.57
1.63
1.46
1.69
CorWatt	PkgWatt
35.53	222.15
0.81	114.99
0.57
0.77
0.93
0.66
0.62
1.46
0.64
0.88
0.70
0.62
0.69
0.27
0.26
0.27
0.26
0.36
0.34
0.33
0.36
0.48
0.35
0.42
0.38
0.98
0.95
0.73
1.05
1.29
1.27
1.20
1.23
0.30	107.05
0.23
0.24
0.23
0.40
0.46
0.53
0.50
0.55
0.46
0.50
0.38
0.65
0.64
0.48
0.48
0.63
0.62
0.57
0.66
0.79
0.57
0.46
0.44
0.20
0.20
0.19
0.22
0.20
0.20
0.20
0.21
CorWatt	PkgWatt
35.84	226.79
0.48	114.81
0.26
0.25
4.27
0.49
0.48
0.53
0.71
1.08
1.06
0.87
0.71
0.16
0.16
0.16
0.16
0.40
0.50
0.34
0.39
0.21
0.20
0.19
0.20
0.42
0.38
0.29
0.25
0.29
0.33
0.34
0.28
1.00	112.04
1.11
0.79
1.08
0.33
0.29
0.19
0.18
1.03
1.23
0.88
0.99
0.52
0.42
0.62
0.46
0.17
0.17
0.16
0.21
0.56
0.46
0.72
0.51
0.50
0.47
0.49
0.53
0.99
0.68
0.75
0.54
CorWatt	PkgWatt
38.70	233.79
0.49	118.13
0.26
0.25
6.49
0.42
0.59
0.53
0.64
0.50
0.50
0.35
0.48
0.16
0.16
0.16
0.16
0.18
0.18
0.18
0.18
0.20
0.18
0.18
0.18
0.51
0.59
0.40
0.65
0.27
0.26
0.42
0.31
1.42	115.61
1.48
2.12
1.68
0.17
0.16
0.16
0.16
0.98
0.83
0.67
0.82
0.41
0.34
0.38
0.34
0.24
0.31
0.22
0.30
0.48
0.37
0.31
0.42
0.22
0.19
0.20
0.22
1.39
1.49
1.72
1.51
CorWatt	PkgWatt
37.95	231.21
0.49	115.10
0.25
0.24
6.46
0.32
0.28
0.24
0.37
0.41
0.27
0.47
0.30
0.16
0.16
0.15
0.15
0.18
0.18
0.18
0.17
0.21
0.20
0.20
0.19
0.23
0.31
0.21
0.20
0.22
0.20
0.35
0.28
1.63	116.18
1.45
1.46
1.43
0.41
0.33
0.33
0.33
1.06
0.94
0.91
1.06
1.06
0.99
0.91
1.31
0.43
0.38
0.47
0.43
0.46
0.38
0.48
0.44
0.69
0.52
0.56
0.60
0.52
0.66
0.48
0.61
CorWatt	PkgWatt
37.84	231.98
0.50	116.70
0.26
0.25
6.49
0.24
0.25
0.23
0.34
0.28
0.20
0.19
0.19
0.16
0.16
0.16
0.16
0.18
0.18
0.18
0.18
0.20
0.18
0.18
0.18
0.20
0.18
0.17
0.18
0.80
0.89
1.15
0.81
0.54	115.37
0.46
0.50
0.43
0.23
0.28
0.23
0.21
1.17
0.93
1.31
1.04
0.32
0.34
0.22
0.24
0.51
0.57
0.59
0.47
0.81
0.73
0.72
0.68
1.73
1.44
1.47
1.40
0.61
0.54
0.59
0.67
CorWatt	PkgWatt
38.11	233.41
0.48	117.17
0.25
0.26
6.50
0.58
0.36
0.42
0.42
0.27
0.22
0.30
0.43
0.16
0.16
0.15
0.15
0.18
0.18
0.18
0.18
0.19
0.18
0.18
0.17
0.30
0.47
0.26
0.27
0.43
0.53
0.59
0.83
0.95	116.20
0.80
0.79
0.82
0.81
0.62
0.59
0.62
1.17
0.77
0.84
1.16
0.54
0.49
0.42
0.41
0.56
0.42
0.40
0.40
0.70
0.58
0.71
0.53
0.87
1.03
1.15
0.98
0.32
0.49
0.43
0.50
CorWatt	PkgWatt
39.17	233.78
0.49	117.73
0.25
0.25
6.50
0.97
0.77
0.67
0.69
0.48
0.52
0.56
0.49
0.16
0.16
0.16
0.16
0.18
0.18
0.18
0.17
0.20
0.18
0.18
0.18
0.22
0.34
0.29
0.22
0.20
0.29
0.28
0.22
1.01	115.95
1.04
0.96
0.96
0.81
0.71
0.90
0.69
0.73
0.95
0.67
0.74
0.57
0.62
0.46
0.61
0.87
0.82
0.71
0.65
1.18
0.90
1.16
0.88
0.20
0.23
0.19
0.18
0.51
0.48
0.43
0.54
CorWatt	PkgWatt
37.41	235.51
0.48	120.86
0.25
0.25
6.48
0.60
0.45
0.57
0.55
0.30
0.33
0.23
0.21
0.25
0.22
0.23
0.22
0.18
0.18
0.18
0.18
0.21
0.20
0.19
0.18
0.20
0.18
0.18
0.18
1.07
1.27
1.01
1.12
0.31	114.69
0.24
0.24
0.27
0.60
0.66
0.57
0.73
0.31
0.39
0.32
0.38
1.01
0.91
0.95
0.96
0.70
0.68
0.61
0.53
1.01
1.29
0.94
0.92
0.41
0.49
0.41
0.61
0.31
0.45
0.50
0.38
CorWatt	PkgWatt
38.16	232.01
0.48	119.10
0.25
0.25
6.50
0.74
0.86
0.82
1.00
0.44
0.44
0.52
0.48
0.28
0.25
0.23
0.24
0.18
0.18
0.19
0.18
0.23
0.23
0.29
0.25
0.20
0.18
0.18
0.18
0.41
0.39
0.53
0.57
1.46	112.89
1.84
1.77
1.54
0.77
0.75
0.84
0.69
0.17
0.17
0.16
0.16
0.43
0.26
0.28
0.25
0.37
0.41
0.32
0.43
0.34
0.34
0.25
0.29
1.45
1.05
0.90
1.25
0.35
0.28
0.25
0.20
CorWatt	PkgWatt
37.34	230.46
0.58	120.40
0.40
0.34
6.56
0.90
1.07
1.23
1.09
0.58
0.36
0.25
0.27
0.17
0.16
0.16
0.16
0.18
0.18
0.18
0.18
0.45
0.34
0.70
0.53
0.24
0.38
0.36
0.21
0.49
0.30
0.25
0.23
0.98	110.07
0.74
0.78
1.07
1.29
1.27
1.57
1.83
0.30
0.25
0.26
0.22
0.29
0.32
0.36
0.24
0.56
0.49
0.43
0.44
0.51
0.28
0.31
0.27
0.55
0.52
0.44
0.56
0.15
0.26
0.15
0.16
CorWatt	PkgWatt
38.51	233.75
0.52	118.05
0.30
0.28
6.52
0.49
0.58
0.71
0.44
0.37
0.59
0.36
0.58
0.16
0.16
0.16
0.16
0.18
0.18
0.18
0.18
0.26
0.30
0.26
0.30
0.22
0.19
0.26
0.20
0.43
0.34
0.38
0.76
1.00	115.69
0.86
1.16
0.86
0.27
0.26
0.45
0.35
0.17
0.17
0.16
0.17
0.32
0.22
0.45
0.22
0.91
0.86
0.75
0.62
1.88
1.78
1.62
1.92
0.44
0.44
0.48
0.57
0.51
0.47
0.72
0.43
CorWatt	PkgWatt
37.32	233.32
0.58	119.54
0.56
0.50
6.50
0.68
0.87
0.81
0.96
0.65
0.54
0.28
0.40
0.16
0.16
0.16
0.16
0.18
0.18
0.19
0.18
0.29
0.25
0.23
0.46
0.20
0.18
0.18
0.18
0.27
0.28
0.57
0.35
0.72	113.79
0.54
0.68
0.52
0.21
0.42
0.36
0.21
0.32
0.28
0.30
0.28
0.28
0.29
0.27
0.31
0.88
0.93
0.99
0.87
0.76
0.76
0.82
0.78
0.27
0.22
0.24
0.20
1.69
1.30
1.20
1.30
CorWatt	PkgWatt
37.18	231.80
1.05	122.99
1.06
0.78
4.76
3.01
1.05
1.00
0.92
0.73
0.58
0.53
0.42
0.18
0.19
0.18
0.18
0.18
0.18
0.19
0.18
0.62
0.40
0.35
0.47
0.50
0.30
0.59
0.42
0.24
0.21
0.27
0.25
0.16	108.80
0.17
0.16
0.16
0.34
0.32
0.28
0.35
0.44
0.53
0.36
0.38
0.22
0.17
0.20
0.18
0.22
0.17
0.17
0.17
0.27
0.24
0.34
0.20
1.07
0.81
0.85
1.01
1.17
1.20
1.20
1.70
CorWatt	PkgWatt
37.54	230.79
0.45	118.30
0.30
0.28
0.35
6.23
0.53
0.50
0.44
0.34
0.24
0.22
0.34
0.30
0.59
0.34
0.24
0.18
0.18
0.18
0.18
0.45
0.44
0.32
0.27
0.19
0.18
0.17
0.17
0.66
0.83
0.82
0.71
0.45	112.52
0.33
0.41
0.32
0.47
0.36
0.37
0.38
1.95
1.38
1.29
1.50
0.84
0.69
0.88
0.78
0.22
0.17
0.16
0.17
0.16
0.16
0.16
0.16
0.70
0.41
0.61
0.59
1.01
1.00
1.04
0.83
CorWatt	PkgWatt
37.37	231.83
1.41	120.37
1.10
1.36
1.30
6.39
0.40
0.51
0.58
0.16
0.19
0.16
0.16
0.16
0.16
0.16
0.16
0.18
0.18
0.18
0.18
0.23
0.47
0.24
0.21
0.22
0.28
0.21
0.21
0.44
0.44
0.55
0.60
1.31	111.42
1.30
1.62
1.22
0.86
0.58
0.74
0.87
0.56
0.43
0.60
0.37
0.76
0.52
0.54
0.60
0.21
0.16
0.16
0.16
0.62
0.51
0.47
0.43
0.27
0.28
0.30
0.45
0.48
0.31
0.23
0.29
CorWatt	PkgWatt
38.03	234.32
0.47	119.49
0.35
0.42
0.30
6.47
0.38
0.34
0.54
0.25
0.21
0.46
0.32
0.40
0.39
0.49
0.38
0.19
0.18
0.19
0.18
0.68
0.65
0.64
0.78
0.20
0.17
0.17
0.17
0.31
0.45
0.36
0.51
1.87	114.85
2.10
1.90
2.05
1.09
0.92
1.18
1.08
0.28
0.24
0.26
0.19
0.66
0.53
0.48
0.47
0.22
0.17
0.16
0.17
0.18
0.23
0.19
0.18
0.30
0.30
0.42
0.31
0.37
0.61
0.50
0.38
CorWatt	PkgWatt
36.25	230.17
0.70	121.43
0.68
0.66
0.54
1.40
0.69
0.76
0.43
4.46
0.36
0.36
0.36
0.17
0.17
0.17
0.25
0.31
0.24
0.30
0.24
0.22
0.23
0.21
0.28
0.28
0.22
0.22
0.25
1.09
1.30
1.63
1.82
0.93	108.77
0.83
0.87
0.82
0.45
0.47
0.43
0.51
0.21
0.19
0.19
0.20
1.15
1.11
1.19
1.35
0.18
0.19
0.18
0.23
0.59
0.47
0.52
0.34
0.18
0.19
0.19
0.21
0.20
0.21
0.21
0.28
CorWatt	PkgWatt
35.52	226.47
0.62	119.03
0.41
0.30
0.50
0.49
0.79
0.55
0.56
4.73
0.76
0.76
0.67
0.16
0.17
0.16
0.16
1.37
1.03
1.33
1.00
0.20
0.19
0.18
0.18
0.20
0.18
0.18
0.18
0.35
0.35
0.31
0.27
0.73	107.80
0.84
0.80
0.64
1.74
1.97
2.33
1.79
0.38
0.19
0.18
0.18
0.20
0.18
0.19
0.33
0.17
0.18
0.17
0.21
0.37
0.44
0.38
0.32
0.16
0.17
0.18
0.16
0.19
0.16
0.15
0.17
CorWatt	PkgWatt
37.14	225.78
0.56	111.39
0.29
0.28
0.65
0.81
0.81
0.83
0.84
0.43
0.53
0.29
0.41
0.36
0.24
0.24
1.16
0.32
0.32
0.26
0.34
0.24
0.23
0.23
0.24
0.89
0.87
0.76
0.85
0.73
0.70
0.45
0.61
1.91	114.06
1.57
1.62
1.60
0.36
0.38
0.32
0.41
0.65
0.24
0.25
0.24
0.46
0.45
0.59
0.42
0.29
0.25
0.24
0.26
1.22
1.05
1.05
0.99
0.42
0.34
0.53
0.43
0.54
0.42
0.43
0.43
CorWatt	PkgWatt
35.00	226.41
0.42	109.82
0.22
0.21
0.24
0.44
0.47
0.53
0.54
0.49
0.38
0.42
0.45
0.84
0.24
0.24
1.51
0.24
0.58
0.27
0.25
0.20
0.19
0.19
0.19
0.89
0.61
0.71
0.67
0.32
0.22
0.28
0.22
1.80	116.54
1.67
1.91
1.49
0.19
0.27
0.18
0.18
0.78
0.63
0.68
0.79
0.54
0.46
0.53
0.41
0.31
0.24
0.23
0.22
1.51
1.29
1.24
1.60
0.29
0.47
0.31
0.25
0.22
0.21
0.21
0.20
CorWatt	PkgWatt
34.58	224.89
0.52	109.04
0.41
0.32
0.64
0.66
0.57
0.69
0.65
0.26
0.23
0.26
0.46
1.77
0.24
0.23
0.44
0.22
0.22
0.27
0.22
0.21
0.19
0.19
0.19
0.44
0.30
0.33
0.59
0.53
0.30
0.50
0.53
1.26	115.80
0.97
1.14
1.14
1.25
0.94
1.00
0.88
0.33
0.34
0.24
0.39
0.46
0.42
0.71
0.80
0.53
0.65
0.58
0.60
0.36
0.46
0.34
0.46
1.03
0.97
0.98
0.95
0.18
0.20
0.22
0.18
CorWatt	PkgWatt
34.72	227.25
0.71	107.27
0.55
0.67
0.54
0.23
0.21
0.21
0.25
0.19
0.19
0.24
0.61
1.71
0.22
0.22
0.22
0.19
0.18
0.18
0.18
0.20
0.19
0.18
0.18
0.42
0.35
0.31
0.36
0.20
0.19
0.19
0.27
1.33	120.02
1.27
1.51
1.15
1.42
1.45
1.44
1.27
0.80
0.88
0.71
0.89
0.30
0.48
0.65
0.31
0.31
0.37
0.50
0.32
0.54
0.64
0.52
0.54
0.72
0.69
0.72
0.88
0.36
0.46
0.28
0.29
CorWatt	PkgWatt
34.31	226.66
0.90	108.05
0.58
0.38
0.72
0.27
0.26
0.50
0.42
1.61
0.26
0.25
0.60
0.17
0.16
0.16
0.17
0.19
0.18
0.19
0.18
0.20
0.19
0.18
0.18
0.40
0.53
0.32
0.28
0.20
0.20
0.48
0.20
1.21	118.56
0.79
0.83
1.10
0.49
0.34
0.39
0.40
0.74
0.80
0.59
0.95
1.17
0.87
1.18
0.81
0.27
0.33
0.28
0.23
1.37
1.35
1.12
1.27
0.54
0.43
0.44
0.38
0.53
0.51
0.47
0.61
CorWatt	PkgWatt
34.34	222.69
0.90	107.38
0.75
0.50
0.81
0.39
0.60
0.68
0.39
1.76
0.26
0.26
0.49
0.17
0.17
0.16
0.17
0.20
0.19
0.19
0.22
0.23
0.20
0.19
0.22
0.64
0.46
0.57
0.54
0.17
0.17
0.17
0.17
2.09	115.39
1.63
1.65
1.70
0.22
0.21
0.23
0.34
0.33
0.25
0.26
0.25
0.39
0.37
0.42
0.63
1.25
1.15
1.41
1.41
0.36
0.35
0.31
0.46
0.58
0.50
0.51
0.50
0.36
0.49
0.35
0.40
CorWatt	PkgWatt
33.90	219.46
0.49	103.81
0.30
0.50
0.32
0.29
0.44
0.42
0.38
1.17
0.38
0.61
1.35
0.17
0.17
0.16
0.17
0.19
0.18
0.18
0.18
0.20
0.19
0.18
0.18
0.23
0.25
0.22
0.34
0.17
0.17
0.17
0.17
0.54	115.66
0.39
0.50
0.51
0.60
0.52
0.52
0.48
0.95
0.82
0.82
0.71
0.36
0.32
0.50
0.41
1.01
1.10
1.03
0.96
0.59
0.50
0.44
0.34
1.42
1.57
1.56
1.66
0.81
0.47
0.50
0.48
CorWatt	PkgWatt
34.27	219.95
0.61	105.01
0.50
0.48
0.59
0.52
0.65
0.61
0.65
1.16
0.25
0.24
1.08
0.16
0.16
0.16
0.17
0.19
0.18
0.18
0.18
0.20
0.19
0.18
0.18
0.18
0.18
0.18
0.20
0.30
0.67
0.37
0.34
1.40	114.91
1.24
1.53
1.56
0.31
0.27
0.28
0.40
0.79
0.81
0.59
0.71
0.49
0.42
0.41
0.35
1.06
0.91
0.93
1.05
0.32
0.43
0.38
0.29
1.15
1.00
1.32
0.99
0.23
0.23
0.26
0.24
CorWatt	PkgWatt
33.17	227.06
1.01	109.69
0.73
0.81
0.88
0.30
0.30
0.46
0.28
1.45
0.24
0.23
0.70
0.17
0.17
0.16
0.17
0.18
0.18
0.19
0.18
0.20
0.19
0.18
0.18
0.18
0.18
0.18
0.21
0.54
0.43
0.82
0.60
0.96	117.37
0.80
0.88
0.73
1.70
1.37
1.36
1.60
0.19
0.21
0.25
0.18
0.53
0.49
0.58
0.49
1.25
1.30
1.14
0.97
0.19
0.18
0.21
0.19
0.60
0.48
0.47
0.41
0.19
0.19
0.19
0.19
CorWatt	PkgWatt
34.13	225.83
0.88	108.17
0.71
0.57
0.72
0.66
0.48
0.64
0.55
0.59
0.31
0.23
1.57
0.16
0.17
0.16
0.17
0.18
0.18
0.18
0.18
0.20
0.19
0.18
0.18
0.22
0.46
0.41
0.28
0.17
0.17
0.17
0.17
1.20	117.64
0.92
0.98
1.19
1.26
1.51
1.17
1.35
0.43
0.36
0.33
0.36
0.50
0.46
0.50
0.53
0.38
0.43
0.39
0.58
0.82
0.66
0.74
0.63
0.93
0.67
0.73
0.66
0.33
0.36
0.31
0.38
CorWatt	PkgWatt
24.59	204.17
0.50	101.00
0.47
0.44
0.41
0.40
0.42
0.41
0.31
0.29
0.25
0.23
1.95
0.18
0.17
0.16
0.18
0.19
0.19
0.19
0.23
0.21
0.19
0.19
0.19
0.30
0.44
0.40
0.35
0.17
0.17
0.18
0.17
0.98	103.27
0.77
0.85
0.79
0.89
1.25
0.76
0.81
0.18
0.17
0.16
0.28
0.24
0.18
0.18
0.24
0.20
0.18
0.19
0.31
0.18
0.18
0.20
0.18
0.17
0.21
0.19
0.17
0.87
0.71
0.71
0.69
CorWatt	PkgWatt
9.69	160.60
0.19	84.55
0.21
0.19
0.18
0.18
0.17
0.17
0.17
0.22
0.22
0.22
1.91
0.16
0.16
0.15
0.16
0.18
0.17
0.17
0.17
0.19
0.18
0.18
0.17
0.17
0.17
0.17
0.18
0.16
0.16
0.16
0.16
0.08	76.09
0.08
0.08
0.08
0.08
0.08
0.09
0.08
0.06
0.06
0.06
0.06
0.06
0.06
0.06
0.06
0.07
0.07
0.07
0.07
0.08
0.08
0.08
0.08
0.08
0.09
0.07
0.08
0.07
0.06
0.06
0.06
CorWatt	PkgWatt
9.65	160.62
0.19	84.41
0.21
0.19
0.18
0.18
0.17
0.17
0.17
0.22
0.22
0.22
1.86
0.16
0.16
0.15
0.15
0.18
0.18
0.18
0.17
0.19
0.18
0.17
0.17
0.16
0.16
0.17
0.18
0.16
0.16
0.16
0.16
0.08	76.17
0.08
0.08
0.08
0.08
0.08
0.09
0.08
0.07
0.07
0.06
0.06
0.06
0.06
0.06
0.06
0.08
0.07
0.07
0.07
0.08
0.08
0.08
0.08
0.08
0.09
0.08
0.08
0.07
0.07
0.06
0.07
CorWatt	PkgWatt
9.55	160.35
0.19	84.46
0.21
0.19
0.18
0.17
0.17
0.17
0.17
0.22
0.22
0.22
1.85
0.15
0.16
0.15
0.16
0.18
0.17
0.17
0.17
0.19
0.18
0.18
0.17
0.17
0.17
0.17
0.18
0.16
0.16
0.16
0.16
0.07	75.94
0.07
0.07
0.07
0.08
0.08
0.08
0.08
0.06
0.06
0.06
0.06
0.06
0.06
0.06
0.06
0.07
0.07
0.07
0.07
0.07
0.07
0.07
0.07
0.07
0.09
0.07
0.07
0.06
0.06
0.06
0.06
CorWatt	PkgWatt
9.79	160.88
0.19	84.50
0.21
0.19
0.18
0.17
0.17
0.17
0.17
0.22
0.22
0.22
1.89
0.15
0.15
0.15
0.16
0.18
0.17
0.17
0.17
0.19
0.18
0.17
0.17
0.17
0.17
0.17
0.18
0.16
0.16
0.16
0.16
0.08	76.30
0.08
0.08
0.08
0.08
0.08
0.09
0.08
0.07
0.07
0.07
0.07
0.07
0.07
0.07
0.07
0.08
0.08
0.08
0.08
0.08
0.08
0.08
0.08
0.08
0.09
0.08
0.08
0.07
0.07
0.07
0.07
CorWatt	PkgWatt
9.53	160.29
0.19	84.37
0.21
0.19
0.18
0.17
0.17
0.17
0.17
0.22
0.22
0.21
1.89
0.15
0.15
0.15
0.15
0.17
0.17
0.17
0.17
0.19
0.17
0.17
0.17
0.17
0.16
0.17
0.18
0.16
0.16
0.16
0.16
0.07	75.96
0.07
0.07
0.07
0.08
0.08
0.08
0.08
0.06
0.06
0.06
0.06
0.06
0.06
0.06
0.06
0.07
0.07
0.07
0.07
0.07
0.07
0.07
0.07
0.07
0.09
0.07
0.07
0.06
0.06
0.06
0.06
CorWatt	PkgWatt
9.58	160.32
0.19	84.38
0.21
0.19
0.18
0.17
0.17
0.17
0.17
0.22
0.22
0.21
1.86
0.15
0.15
0.15
0.15
0.18
0.17
0.17
0.17
0.19
0.18
0.17
0.17
0.17
0.17
0.17
0.18
0.16
0.16
0.16
0.16
0.08	76.01
0.07
0.08
0.08
0.08
0.08
0.08
0.08
0.06
0.06
0.06
0.06
0.06
0.06
0.06
0.06
0.07
0.07
0.07
0.08
0.08
0.08
0.08
0.08
0.08
0.09
0.08
0.08
0.07
0.06
0.06
0.07
CorWatt	PkgWatt
12.67	166.43
0.25	87.26
0.30
0.24
0.24
0.22
0.22
0.23
0.22
0.26
0.26
0.26
1.14
0.18
0.19
0.19
0.19
0.24
0.24
0.24
0.24
0.25
0.25
0.25
0.25
0.23
0.24
0.24
0.25
0.55
0.20
0.22
0.62
0.12	79.14
0.12
0.12
0.11
0.12
0.12
0.13
0.12
0.11
0.10
0.11
0.11
0.10
0.09
0.10
0.10
0.12
0.12
0.12
0.11
0.10
0.10
0.10
0.10
0.12
0.13
0.12
0.11
0.11
0.11
0.11
0.10
CorWatt	PkgWatt
9.23	159.84
0.18	83.38
0.17
0.17
0.17
0.17
0.17
0.17
0.16
0.92
0.32
0.51
0.34
0.15
0.15
0.15
0.14
0.17
0.17
0.17
0.17
0.18
0.17
0.17
0.17
0.18
0.16
0.17
0.18
0.19
0.16
0.16
0.16
0.08	76.42
0.08
0.08
0.08
0.08
0.08
0.09
0.08
0.07
0.07
0.07
0.07
0.07
0.07
0.07
0.07
0.08
0.08
0.08
0.08
0.08
0.08
0.08
0.08
0.08
0.09
0.08
0.08
0.07
0.07
0.07
0.07
CorWatt	PkgWatt
9.33	159.68
0.19	83.80
0.18
0.18
0.18
0.18
0.17
0.18
0.17
0.35
0.41
0.34
1.09
0.15
0.15
0.15
0.15
0.18
0.17
0.17
0.18
0.22
0.18
0.18
0.18
0.18
0.17
0.17
0.18
0.19
0.16
0.16
0.16
0.08	75.99
0.07
0.08
0.07
0.08
0.08
0.09
0.08
0.06
0.06
0.06
0.06
0.06
0.06
0.06
0.06
0.08
0.07
0.07
0.07
0.08
0.08
0.08
0.08
0.07
0.08
0.07
0.07
0.07
0.07
0.06
0.06
CorWatt	PkgWatt
12.16	174.58
0.29	90.41
0.23
0.21
0.22
0.30
0.21
0.20
0.21
0.51
0.34
0.34
0.97
0.20
0.17
0.18
0.19
0.25
0.20
0.20
0.22
0.22
0.20
0.20
0.21
0.22
0.21
0.20
0.21
0.24
0.18
0.19
0.21
0.15	84.16
0.15
0.12
0.13
0.12
0.15
0.13
0.12
0.11
0.13
0.10
0.11
0.09
0.12
0.12
0.11
0.10
0.10
0.11
0.13
0.11
0.10
0.11
0.17
0.13
0.12
0.17
0.14
0.12
0.18
0.11
0.13
CorWatt	PkgWatt
16.36	182.48
0.28	92.04
0.26
0.25
0.25
0.24
0.22
0.22
0.26
0.37
0.35
0.33
1.04
0.24
0.17
0.16
0.20
0.23
0.24
0.24
0.26
0.38
0.25
0.21
0.32
0.25
0.19
0.19
0.22
0.24
0.24
0.21
0.28
0.27	90.59
0.24
0.17
0.23
0.30
0.27
0.17
0.11
0.27
0.16
0.13
0.24
0.50
0.24
0.34
0.21
0.24
0.27
0.16
0.18
0.29
0.21
0.25
0.20
0.11
0.35
0.37
0.13
0.14
0.26
0.16
0.39
CorWatt	PkgWatt
21.62	179.15
0.59	99.24
0.67
0.64
0.50
0.51
0.37
0.39
0.40
0.86
0.86
1.02
1.03
0.30
0.31
0.26
0.34
0.35
0.37
0.35
0.39
1.08
1.00
1.16
0.96
0.43
0.32
0.32
0.30
0.64
0.56
0.51
0.49
0.10	79.59
0.10
0.10
0.10
0.11
0.10
0.10
0.10
0.14
0.10
0.10
0.09
0.15
0.10
0.09
0.09
0.10
0.10
0.10
0.11
0.10
0.11
0.12
0.10
0.10
0.10
0.10
0.12
0.09
0.10
0.09
0.11
CorWatt	PkgWatt
30.17	181.01
0.70	104.56
0.53
0.46
0.50
1.10
1.43
1.10
1.12
1.26
1.56
1.39
1.64
0.55
0.42
0.40
0.46
1.00
1.27
1.05
1.10
1.09
1.15
1.31
1.11
0.48
0.34
0.51
0.36
0.54
0.47
0.72
0.54
0.08	76.49
0.08
0.08
0.08
0.08
0.08
0.08
0.08
0.08
0.07
0.07
0.07
0.07
0.07
0.07
0.07
0.08
0.08
0.08
0.08
0.08
0.08
0.08
0.08
0.08
0.08
0.08
0.10
0.07
0.07
0.07
0.08
CorWatt	PkgWatt
32.98	205.89
0.41	110.28
0.26
0.24
0.24
0.73
0.64
0.60
0.92
1.27
1.25
1.43
1.34
2.18
2.10
1.73
1.74
0.31
0.49
0.41
0.33
0.73
0.46
0.35
0.33
0.32
0.33
0.35
0.30
0.30
0.59
0.29
0.33
0.30	95.66
0.23
0.29
0.25
0.71
0.48
0.58
0.46
0.63
0.45
0.46
0.47
0.17
0.16
0.17
0.17
0.17
0.14
0.14
0.14
0.16
0.17
0.16
0.15
0.58
0.38
0.54
0.46
0.15
0.12
0.12
0.15
CorWatt	PkgWatt
34.25	224.51
0.58	109.20
0.37
0.63
0.54
0.22
0.23
0.20
0.25
0.61
0.38
0.58
0.40
0.40
0.31
0.41
0.39
0.92
1.06
1.07
0.90
0.37
0.46
0.47
0.37
0.21
0.22
0.46
0.25
0.16
0.16
0.16
0.16
0.60	115.22
0.42
0.46
0.47
0.84
0.84
0.95
1.02
0.34
0.33
0.37
0.30
0.81
0.78
1.02
0.71
0.51
0.65
0.62
0.47
1.01
0.80
0.78
0.75
0.95
0.79
0.65
0.70
0.40
0.34
0.32
0.35
CorWatt	PkgWatt
33.96	226.83
0.97	108.56
1.18
0.74
0.63
0.55
0.45
0.48
0.32
0.17
0.17
0.17
0.17
0.44
0.34
0.25
0.24
0.49
0.43
0.39
0.55
0.27
0.38
0.34
0.38
0.19
0.18
0.18
0.24
0.17
0.17
0.17
0.17
0.40	118.39
0.39
0.40
0.32
0.79
0.46
0.75
0.57
0.36
0.34
0.31
0.44
0.60
0.55
0.55
0.50
0.87
0.78
0.70
0.93
1.32
1.34
1.49
1.60
0.24
0.53
0.36
0.26
1.00
0.96
1.09
0.85
CorWatt	PkgWatt
32.58	219.68
2.01	112.08
1.93
2.14
2.11
0.34
0.33
0.26
0.24
0.36
0.41
0.31
0.33
0.69
0.52
0.54
0.47
0.61
0.65
0.75
0.59
0.35
0.49
0.45
0.47
0.18
0.18
0.18
0.21
0.35
0.31
0.28
0.27
0.79	107.49
0.82
0.61
1.04
0.51
0.50
0.39
0.37
0.15
0.16
0.16
0.16
0.15
0.15
0.15
0.14
0.83
0.66
0.83
0.87
0.69
0.57
0.50
0.78
0.17
0.17
0.16
0.19
0.15
0.15
0.15
0.15
CorWatt	PkgWatt
33.07	219.37
0.64	108.53
0.70
0.51
0.45
1.22
0.94
0.86
0.80
0.42
0.41
0.40
0.59
0.61
0.46
0.54
0.54
0.62
0.40
0.54
0.51
0.46
0.53
0.52
0.50
0.17
0.17
0.18
0.20
0.17
0.16
0.16
0.16
0.65	110.83
0.82
0.36
0.75
0.67
0.75
0.72
0.62
0.20
0.23
0.18
0.17
0.35
0.25
0.27
0.31
0.41
0.30
0.30
0.54
1.40
1.52
1.25
1.28
0.67
0.61
0.73
0.59
0.15
0.15
0.15
0.16
CorWatt	PkgWatt
33.41	220.80
1.24	107.64
1.03
0.78
0.80
0.25
0.21
0.21
0.21
0.26
0.41
0.24
0.34
0.37
0.47
0.43
0.53
0.45
0.33
0.28
0.26
0.75
0.63
1.34
0.54
0.18
0.18
0.18
0.20
0.17
0.16
0.16
0.16
1.21	113.14
1.45
1.05
1.07
0.82
0.74
0.87
0.61
0.33
0.27
0.23
0.21
0.51
0.45
0.40
0.37
0.82
0.79
1.01
0.74
0.35
0.29
0.28
0.38
0.46
0.33
0.42
0.33
0.88
0.70
0.64
0.66
CorWatt	PkgWatt
32.84	222.58
1.19	111.72
0.66
0.85
0.81
0.81
0.69
0.87
0.87
0.34
0.28
0.45
0.46
0.78
0.90
1.07
0.83
0.23
0.42
0.29
0.23
0.67
0.38
0.51
0.31
0.24
0.39
0.54
0.26
0.17
0.17
0.17
0.17
1.20	110.91
1.21
1.00
1.22
1.14
0.94
0.80
0.79
0.14
0.15
0.14
0.14
0.54
0.53
0.48
0.45
0.46
0.38
0.65
0.43
0.44
0.54
0.36
0.33
0.19
0.18
0.28
0.21
0.15
0.14
0.14
0.15
CorWatt	PkgWatt
33.47	216.89
0.81	113.44
0.48
1.19
0.86
1.84
1.58
1.77
1.80
0.41
0.47
0.41
0.28
0.50
0.56
0.49
0.47
1.08
0.92
0.91
0.83
0.37
0.49
0.30
0.42
0.41
0.47
0.39
0.40
0.19
0.18
0.18
0.19
0.73	103.51
0.95
0.74
0.59
0.19
0.18
0.21
0.27
0.13
0.13
0.13
0.13
0.49
0.54
0.47
0.46
0.62
0.48
0.69
0.59
0.42
0.31
0.26
0.26
0.38
0.28
0.36
0.30
0.14
0.13
0.13
0.14
CorWatt	PkgWatt
33.50	221.28
1.16	114.03
0.95
0.94
1.09
0.33
0.57
0.50
0.37
0.69
0.70
0.86
0.56
0.75
0.66
0.75
0.63
0.56
0.48
0.55
0.47
1.15
1.42
1.02
0.95
0.29
0.21
0.21
0.24
0.17
0.16
0.17
0.17
1.33	107.21
0.94
0.85
0.92
0.46
0.47
0.44
0.47
0.49
0.44
0.38
0.48
0.22
0.26
0.22
0.21
0.45
0.56
0.42
0.59
0.23
0.22
0.43
0.30
0.32
0.25
0.34
0.28
0.23
0.20
0.20
0.20
CorWatt	PkgWatt
33.78	223.54
0.98	109.67
1.08
1.19
0.92
0.60
0.68
0.74
0.76
0.36
0.41
0.48
0.35
0.29
0.31
0.26
0.35
0.20
0.19
0.19
0.22
0.62
0.52
0.47
0.55
0.20
0.18
0.18
0.21
0.44
0.29
0.23
0.23
1.19	113.80
1.03
1.11
1.01
0.34
0.30
0.29
0.30
0.74
0.60
0.62
0.50
0.31
0.19
0.17
0.17
0.75
0.60
0.54
0.46
0.42
0.43
0.39
0.46
0.55
0.42
0.52
0.46
1.08
1.24
1.07
0.87
CorWatt	PkgWatt
33.57	223.54
1.05	111.06
0.82
0.72
0.82
0.84
0.69
0.77
0.94
0.33
0.65
0.40
0.41
0.40
0.31
0.56
0.43
0.31
0.20
0.20
0.20
0.24
0.22
0.26
0.38
0.25
0.19
0.19
0.22
1.11
0.88
0.48
0.48
0.84	112.56
0.61
0.60
0.64
0.85
0.96
0.73
0.87
0.43
0.33
0.39
0.47
0.36
0.31
0.36
0.29
1.12
1.26
1.21
1.45
0.21
0.20
0.20
0.20
0.47
0.45
0.43
0.43
0.22
0.22
0.32
0.22
