CorWatt	PkgWatt
15.40	128.00
0.55	127.99
0.46
0.49
0.47
0.51
0.52
0.53
0.52
0.42
0.45
0.43
0.42
0.54
0.55
0.59
0.57
0.47
0.48
0.47
0.51
0.42
0.43
0.39
0.40
0.39
0.38
0.48
0.37
0.57
0.52
0.56
0.52
CorWatt	PkgWatt
15.01	127.72
0.55	127.70
0.50
0.48
0.45
0.50
0.53
0.51
0.51
0.44
0.46
0.43
0.41
0.52
0.52
0.59
0.54
0.46
0.46
0.46
0.51
0.40
0.39
0.39
0.40
0.38
0.36
0.38
0.35
0.53
0.53
0.54
0.51
CorWatt	PkgWatt
70.38	184.43
2.73	184.53
2.23
2.26
2.21
2.30
2.27
2.28
2.25
2.16
2.19
2.19
2.13
2.31
2.29
2.28
2.34
2.30
2.18
1.98
2.05
2.29
2.19
1.96
1.95
2.17
2.13
1.96
1.97
2.30
2.30
2.14
2.11
