CorWatt	PkgWatt
15.29	126.97
0.51	126.98
0.48
0.52
0.57
0.53
0.51
0.53
0.51
0.40
0.45
0.42
0.40
0.52
0.53
0.52
0.54
0.51
0.49
0.48
0.49
0.43
0.41
0.41
0.40
0.41
0.37
0.41
0.40
0.52
0.51
0.57
0.52
CorWatt	PkgWatt
15.01	126.22
0.51	126.86
0.48
0.48
0.46
0.61
0.52
0.51
0.51
0.39
0.44
0.41
0.39
0.56
0.51
0.50
0.55
0.50
0.48
0.47
0.50
0.42
0.43
0.41
0.41
0.38
0.36
0.38
0.38
0.52
0.50
0.56
0.50
CorWatt	PkgWatt
17.48	129.52
0.66	128.88
0.61
0.60
0.53
0.55
0.57
0.52
0.50
0.59
0.58
0.53
0.56
0.66
0.62
0.64
0.69
0.53
0.52
0.53
0.52
0.53
0.45
0.48
0.43
0.41
0.45
0.47
0.41
0.55
0.56
0.60
0.57
CorWatt	PkgWatt
14.88	126.82
0.50	126.75
0.50
0.50
0.44
0.50
0.50
0.49
0.48
0.40
0.46
0.40
0.38
0.58
0.53
0.51
0.54
0.45
0.47
0.48
0.50
0.44
0.39
0.42
0.41
0.36
0.36
0.43
0.36
0.52
0.51
0.59
0.51
