CorWatt	PkgWatt
15.49	127.46
0.52	127.47
0.48
0.55
0.47
0.55
0.55
0.56
0.56
0.47
0.46
0.41
0.46
0.54
0.53
0.52
0.53
0.48
0.51
0.53
0.48
0.40
0.52
0.40
0.39
0.36
0.38
0.39
0.40
0.53
0.51
0.53
0.52
CorWatt	PkgWatt
14.68	126.67
0.50	126.78
0.45
0.50
0.53
0.50
0.49
0.50
0.49
0.42
0.45
0.37
0.43
0.50
0.52
0.50
0.52
0.45
0.45
0.51
0.47
0.39
0.41
0.38
0.38
0.37
0.36
0.38
0.41
0.53
0.51
0.54
0.49
CorWatt	PkgWatt
18.64	130.23
0.62	130.15
0.59
0.58
0.55
0.73
0.63
0.77
0.65
0.55
0.59
0.54
0.55
0.58
0.59
0.58
0.60
0.61
0.67
0.68
0.62
0.49
0.50
0.62
0.50
0.50
0.46
0.54
0.46
0.56
0.58
0.57
0.53
CorWatt	PkgWatt
15.24	127.16
0.52	127.06
0.44
0.48
0.45
0.51
0.50
0.57
0.54
0.40
0.46
0.38
0.41
0.52
0.52
0.50
0.52
0.53
0.55
0.61
0.51
0.40
0.41
0.42
0.40
0.37
0.37
0.38
0.37
0.54
0.54
0.55
0.54
