CorWatt	PkgWatt
15.61	128.55
0.54	128.55
0.47
0.51
0.45
0.52
0.53
0.52
0.51
0.42
0.48
0.40
0.40
0.67
0.57
0.55
0.60
0.50
0.51
0.50
0.56
0.43
0.43
0.46
0.42
0.37
0.39
0.38
0.38
0.54
0.53
0.53
0.55
CorWatt	PkgWatt
15.00	127.58
0.51	127.80
0.46
0.50
0.45
0.51
0.50
0.50
0.49
0.39
0.46
0.40
0.39
0.55
0.57
0.51
0.58
0.46
0.48
0.50
0.55
0.41
0.40
0.41
0.42
0.39
0.40
0.37
0.37
0.52
0.50
0.51
0.52
CorWatt	PkgWatt
71.35	186.75
0.91	186.52
2.22
2.28
2.25
2.28
2.30
2.28
2.22
2.24
2.23
2.18
2.17
2.33
2.36
2.34
2.34
2.29
2.27
2.11
2.21
2.36
2.24
2.06
3.49
2.18
2.17
1.98
2.00
2.37
2.34
2.18
2.14
