CorWatt	PkgWatt
4.76	153.63
0.09	76.34
0.09
0.09
0.09
0.08
0.08
0.08
0.08
0.07
0.07
0.07
0.07
0.07
0.07
0.07
0.07
0.08
0.08
0.08
0.08
0.09
0.08
0.08
0.08
0.08
0.07
0.07
0.07
0.07
0.08
0.07
0.07
0.07	76.15
0.07
0.07
0.07
0.07
0.08
0.07
0.07
0.07
0.07
0.06
0.06
0.06
0.06
0.06
0.06
0.07
0.07
0.07
0.07
0.08
0.08
0.07
0.07
0.07
0.15
0.08
0.07
0.07
0.06
0.06
0.07
CorWatt	PkgWatt
4.72	151.60
0.10	76.09
0.10
0.10
0.11
0.08
0.08
0.08
0.09
0.08
0.07
0.07
0.07
0.07
0.08
0.07
0.07
0.09
0.09
0.08
0.17
0.09
0.10
0.08
0.08
0.08
0.07
0.08
0.08
0.07
0.07
0.08
0.09
0.06	75.42
0.06
0.06
0.06
0.06
0.06
0.06
0.06
0.07
0.07
0.06
0.06
0.06
0.06
0.06
0.06
0.06
0.06
0.06
0.06
0.07
0.07
0.07
0.06
0.06
0.06
0.07
0.06
0.06
0.06
0.06
0.06
CorWatt	PkgWatt
7.55	163.04
0.20	81.85
0.12
0.11
0.13
0.11
0.11
0.10
0.13
0.10
0.10
0.08
0.09
0.09
0.10
0.09
0.10
0.14
0.12
0.11
0.11
0.19
0.16
0.15
0.15
0.23
0.11
0.12
0.14
0.09
0.10
0.13
0.11
0.13	81.27
0.11
0.11
0.12
0.12
0.12
0.10
0.10
0.15
0.12
0.12
0.09
0.10
0.10
0.10
0.14
0.09
0.09
0.13
0.09
0.12
0.15
0.16
0.12
0.10
0.09
0.12
0.10
0.14
0.11
0.11
0.13
CorWatt	PkgWatt
4.59	151.48
0.10	75.82
0.09
0.08
0.09
0.08
0.08
0.08
0.08
0.07
0.07
0.07
0.07
0.07
0.07
0.07
0.07
0.08
0.08
0.08
0.08
0.10
0.08
0.08
0.08
0.08
0.08
0.08
0.08
0.07
0.07
0.07
0.07
0.07	75.64
0.07
0.07
0.07
0.07
0.07
0.07
0.06
0.06
0.07
0.06
0.06
0.06
0.06
0.06
0.06
0.06
0.06
0.06
0.06
0.08
0.07
0.07
0.07
0.07
0.07
0.07
0.06
0.07
0.06
0.06
0.08
CorWatt	PkgWatt
4.69	151.53
0.09	75.58
0.09
0.09
0.09
0.08
0.08
0.08
0.08
0.07
0.07
0.07
0.07
0.07
0.07
0.07
0.07
0.08
0.08
0.08
0.08
0.09
0.08
0.08
0.08
0.09
0.08
0.08
0.08
0.07
0.07
0.07
0.07
0.07	75.64
0.07
0.07
0.07
0.07
0.07
0.07
0.07
0.07
0.08
0.07
0.07
0.07
0.06
0.06
0.06
0.07
0.07
0.07
0.07
0.07
0.07
0.07
0.07
0.08
0.07
0.07
0.07
0.07
0.07
0.06
0.07
