CorWatt	PkgWatt
15.54	128.00
0.55	127.75
0.47
0.47
0.44
0.57
0.55
0.53
0.53
0.44
0.49
0.44
0.40
0.56
0.56
0.54
0.58
0.46
0.49
0.49
0.48
0.42
0.42
0.42
0.48
0.44
0.37
0.40
0.40
0.54
0.53
0.52
0.53
CorWatt	PkgWatt
14.97	127.13
0.57	127.13
0.46
0.49
0.46
0.50
0.51
0.50
0.53
0.41
0.48
0.39
0.39
0.52
0.52
0.50
0.56
0.46
0.48
0.46
0.47
0.44
0.40
0.38
0.44
0.44
0.37
0.37
0.38
0.56
0.51
0.53
0.50
CorWatt	PkgWatt
21.36	132.90
0.72	132.93
0.77
0.68
2.31
0.76
0.69
0.69
0.75
0.61
0.56
0.51
0.51
0.62
0.61
0.63
0.67
0.50
0.56
0.53
0.56
0.92
0.52
0.49
0.55
0.61
0.50
0.51
0.53
0.61
0.67
0.59
0.61
CorWatt	PkgWatt
16.58	128.38
0.61	128.36
0.53
0.51
0.60
1.08
0.73
0.73
0.92
0.43
0.49
0.38
0.39
0.51
0.50
0.49
0.52
0.46
0.47
0.47
0.47
0.39
0.38
0.40
0.43
0.44
0.38
0.37
0.38
0.55
0.53
0.52
0.52
CorWatt	PkgWatt
16.41	128.17
0.59	128.15
0.48
0.51
0.56
1.24
0.74
0.74
0.82
0.42
0.46
0.38
0.38
0.52
0.50
0.49
0.53
0.44
0.46
0.46
0.47
0.40
0.39
0.38
0.41
0.45
0.36
0.37
0.35
0.54
0.56
0.52
0.51
CorWatt	PkgWatt
16.30	128.29
0.56	128.30
0.44
0.50
0.56
0.80
0.73
0.72
1.29
0.39
0.47
0.38
0.39
0.50
0.50
0.48
0.52
0.45
0.48
0.48
0.48
0.38
0.38
0.41
0.44
0.45
0.39
0.36
0.36
0.52
0.51
0.50
0.50
CorWatt	PkgWatt
16.23	128.31
0.55	128.31
0.45
0.48
0.56
0.77
0.72
0.72
1.31
0.41
0.45
0.37
0.39
0.51
0.50
0.51
0.52
0.46
0.45
0.47
0.46
0.40
0.41
0.38
0.41
0.42
0.37
0.38
0.36
0.51
0.50
0.53
0.52
CorWatt	PkgWatt
16.58	128.36
0.59	128.37
0.47
0.55
0.57
0.81
0.72
0.71
1.42
0.43
0.46
0.40
0.38
0.50
0.52
0.52
0.56
0.45
0.47
0.46
0.47
0.38
0.39
0.39
0.42
0.42
0.36
0.36
0.36
0.53
0.51
0.51
0.50
CorWatt	PkgWatt
17.53	130.06
0.55	130.05
0.46
0.49
0.54
0.57
0.50
0.50
3.25
0.40
0.45
0.39
0.38
0.51
0.50
0.51
0.54
0.45
0.46
0.48
0.48
0.39
0.38
0.38
0.41
0.42
0.36
0.37
0.35
0.52
0.51
0.51
0.51
CorWatt	PkgWatt
17.26	129.98
0.56	129.98
0.46
0.50
0.54
0.56
0.50
0.49
3.24
0.39
0.45
0.37
0.37
0.50
0.50
0.48
0.52
0.44
0.48
0.45
0.48
0.38
0.38
0.38
0.40
0.37
0.35
0.35
0.36
0.52
0.50
0.50
0.49
CorWatt	PkgWatt
17.33	129.93
0.57	129.93
0.45
0.48
0.54
0.58
0.49
0.49
3.24
0.39
0.44
0.37
0.37
0.50
0.51
0.50
0.52
0.45
0.46
0.46
0.47
0.39
0.38
0.38
0.40
0.37
0.37
0.37
0.35
0.51
0.54
0.50
0.51
CorWatt	PkgWatt
17.50	130.02
0.57	130.02
0.45
0.45
0.54
0.57
0.50
0.51
3.24
0.40
0.47
0.38
0.40
0.50
0.51
0.51
0.54
0.46
0.49
0.45
0.49
0.38
0.39
0.38
0.42
0.36
0.37
0.36
0.37
0.52
0.52
0.50
0.50
CorWatt	PkgWatt
17.72	130.28
0.61	130.28
0.49
0.48
0.55
0.57
0.52
0.51
3.26
0.40
0.45
0.39
0.38
0.51
0.50
0.49
0.54
0.45
0.47
0.46
0.47
0.40
0.38
0.40
0.43
0.36
0.37
0.37
0.36
0.52
0.54
0.54
0.54
CorWatt	PkgWatt
17.37	129.94
0.55	129.95
0.45
0.50
0.53
0.57
0.49
0.49
3.25
0.38
0.46
0.38
0.37
0.50
0.50
0.48
0.57
0.44
0.46
0.45
0.47
0.38
0.38
0.38
0.41
0.36
0.37
0.37
0.35
0.52
0.53
0.53
0.50
CorWatt	PkgWatt
17.35	129.93
0.56	129.93
0.46
0.50
0.54
0.58
0.51
0.48
3.25
0.37
0.43
0.37
0.37
0.50
0.52
0.50
0.54
0.46
0.48
0.47
0.46
0.39
0.38
0.38
0.41
0.35
0.35
0.36
0.35
0.51
0.50
0.50
0.50
CorWatt	PkgWatt
17.43	129.87
0.57	129.87
0.45
0.53
0.52
0.58
0.50
0.49
3.23
0.38
0.46
0.40
0.39
0.52
0.53
0.55
0.56
0.44
0.46
0.45
0.46
0.38
0.38
0.38
0.40
0.35
0.35
0.35
0.35
0.52
0.51
0.51
0.49
CorWatt	PkgWatt
17.47	130.17
0.57	130.15
0.46
0.50
0.52
0.58
0.50
0.49
3.26
0.40
0.45
0.40
0.37
0.51
0.52
0.52
0.55
0.44
0.46
0.46
0.46
0.39
0.38
0.38
0.41
0.35
0.35
0.37
0.35
0.51
0.54
0.50
0.51
CorWatt	PkgWatt
17.33	129.89
0.58	129.90
0.48
0.51
0.54
0.58
0.49
0.52
3.24
0.40
0.44
0.38
0.37
0.50
0.50
0.49
0.54
0.44
0.46
0.45
0.47
0.38
0.38
0.38
0.41
0.36
0.35
0.36
0.35
0.51
0.51
0.50
0.49
CorWatt	PkgWatt
17.34	129.89
0.60	129.88
0.50
0.44
0.54
0.56
0.49
0.49
3.23
0.42
0.43
0.37
0.37
0.52
0.53
0.48
0.55
0.44
0.46
0.46
0.46
0.38
0.38
0.38
0.40
0.35
0.35
0.37
0.35
0.51
0.50
0.50
0.50
CorWatt	PkgWatt
17.35	129.90
0.58	129.90
0.45
0.46
0.54
0.57
0.50
0.49
3.24
0.41
0.44
0.41
0.39
0.51
0.52
0.50
0.54
0.44
0.46
0.46
0.46
0.38
0.38
0.38
0.41
0.35
0.35
0.37
0.36
0.51
0.50
0.50
0.49
CorWatt	PkgWatt
18.21	130.02
0.66	130.03
0.54
0.79
0.60
0.76
0.70
0.71
1.09
0.48
0.49
0.44
0.77
0.63
0.61
0.59
0.63
0.49
0.50
0.53
0.50
0.45
0.45
0.45
0.47
0.42
0.41
0.42
0.40
0.56
0.55
0.55
0.56
CorWatt	PkgWatt
17.33	129.05
0.56	129.04
0.45
0.62
0.48
1.55
0.84
0.84
0.86
0.41
0.48
0.40
0.40
0.57
0.58
0.50
0.56
0.46
0.50
0.50
0.47
0.44
0.42
0.43
0.44
0.36
0.39
0.39
0.39
0.52
0.51
0.51
0.50
CorWatt	PkgWatt
16.87	128.70
0.57	128.69
0.46
0.61
0.44
1.54
0.84
0.83
0.85
0.42
0.45
0.39
0.40
0.57
0.54
0.49
0.50
0.46
0.47
0.48
0.46
0.39
0.38
0.38
0.41
0.37
0.37
0.38
0.39
0.51
0.53
0.50
0.51
CorWatt	PkgWatt
16.79	128.79
0.57	128.79
0.44
0.62
0.46
1.54
0.84
0.84
0.86
0.39
0.44
0.39
0.37
0.54
0.54
0.49
0.50
0.44
0.47
0.46
0.46
0.38
0.38
0.38
0.41
0.38
0.37
0.35
0.37
0.55
0.53
0.53
0.50
CorWatt	PkgWatt
16.70	128.74
0.55	128.73
0.46
0.60
0.44
1.54
0.84
0.83
0.85
0.39
0.42
0.38
0.37
0.55
0.54
0.49
0.51
0.45
0.46
0.47
0.47
0.41
0.41
0.38
0.41
0.36
0.35
0.36
0.37
0.51
0.51
0.50
0.51
CorWatt	PkgWatt
16.65	128.67
0.53	128.67
0.43
0.62
0.43
0.91
0.84
0.83
1.53
0.39
0.43
0.38
0.37
0.55
0.53
0.48
0.53
0.45
0.49
0.49
0.49
0.38
0.38
0.38
0.41
0.35
0.35
0.35
0.37
0.51
0.50
0.50
0.49
CorWatt	PkgWatt
17.73	129.63
0.52	129.63
0.46
0.61
0.45
1.22
1.02
1.02
1.95
0.38
0.42
0.37
0.37
0.55
0.54
0.48
0.50
0.44
0.46
0.47
0.47
0.40
0.38
0.38
0.42
0.35
0.35
0.36
0.37
0.51
0.50
0.50
0.51
CorWatt	PkgWatt
19.78	131.41
0.54	131.41
0.44
0.62
0.47
1.48
1.34
1.34
3.00
0.40
0.42
0.37
0.37
0.54
0.53
0.48
0.50
0.45
0.47
0.46
0.46
0.39
0.39
0.41
0.41
0.35
0.36
0.37
0.39
0.51
0.52
0.51
0.49
CorWatt	PkgWatt
19.87	131.54
0.55	131.54
0.47
0.61
0.45
3.12
1.34
1.33
1.33
0.40
0.43
0.40
0.38
0.55
0.54
0.49
0.51
0.45
0.46
0.48
0.47
0.40
0.39
0.39
0.42
0.36
0.35
0.37
0.37
0.51
0.52
0.50
0.51
CorWatt	PkgWatt
19.68	131.35
0.52	131.35
0.43
0.60
0.44
3.12
1.34
1.34
1.34
0.42
0.44
0.40
0.39
0.54
0.53
0.48
0.51
0.44
0.46
0.46
0.46
0.38
0.38
0.38
0.41
0.35
0.35
0.36
0.38
0.51
0.50
0.50
0.49
CorWatt	PkgWatt
19.78	131.42
0.53	131.42
0.44
0.60
0.44
3.08
1.34
1.34
1.39
0.39
0.43
0.38
0.37
0.58
0.53
0.48
0.53
0.44
0.46
0.48
0.46
0.39
0.39
0.40
0.43
0.35
0.35
0.37
0.37
0.51
0.50
0.50
0.51
CorWatt	PkgWatt
19.86	131.60
0.53	131.59
0.44
0.62
0.47
2.65
1.34
1.33
1.82
0.39
0.42
0.40
0.37
0.58
0.54
0.50
0.51
0.45
0.48
0.48
0.47
0.42
0.40
0.38
0.44
0.35
0.35
0.35
0.38
0.51
0.50
0.50
0.49
CorWatt	PkgWatt
19.86	131.39
0.53	131.38
0.46
0.62
0.44
1.68
1.34
1.33
2.77
0.39
0.45
0.38
0.38
0.55
0.54
0.49
0.52
0.46
0.47
0.48
0.47
0.40
0.39
0.38
0.42
0.35
0.36
0.38
0.36
0.51
0.50
0.51
0.51
CorWatt	PkgWatt
19.86	131.38
0.55	131.40
0.45
0.61
0.44
3.12
1.34
1.33
1.34
0.40
0.44
0.38
0.38
0.54
0.53
0.48
0.51
0.46
0.46
0.49
0.47
0.39
0.38
0.39
0.43
0.36
0.36
0.38
0.37
0.53
0.51
0.52
0.51
CorWatt	PkgWatt
19.69	131.36
0.52	131.35
0.44
0.59
0.45
3.12
1.35
1.34
1.34
0.39
0.43
0.38
0.37
0.55
0.53
0.48
0.50
0.45
0.46
0.48
0.46
0.39
0.38
0.38
0.42
0.36
0.36
0.36
0.35
0.51
0.52
0.50
0.51
CorWatt	PkgWatt
19.67	131.56
0.52	131.56
0.44
0.59
0.44
3.13
1.34
1.33
1.33
0.38
0.42
0.38
0.37
0.54
0.53
0.48
0.52
0.45
0.48
0.50
0.48
0.38
0.38
0.38
0.41
0.36
0.35
0.36
0.35
0.51
0.51
0.50
0.49
CorWatt	PkgWatt
19.91	131.49
0.53	131.49
0.45
0.60
0.44
2.10
2.38
1.34
1.33
0.41
0.43
0.39
0.39
0.56
0.54
0.51
0.51
0.46
0.46
0.49
0.47
0.40
0.41
0.39
0.42
0.36
0.37
0.38
0.36
0.51
0.51
0.52
0.52
CorWatt	PkgWatt
19.15	130.96
0.58	130.95
0.49
0.67
0.51
2.08
1.01
1.01
1.02
0.45
0.44
0.43
0.41
0.58
0.57
0.51
0.53
0.50
0.51
0.50
0.50
0.45
0.44
0.45
0.47
0.38
0.38
0.40
0.39
0.55
0.86
0.55
0.53
CorWatt	PkgWatt
16.55	128.40
0.50	128.41
0.49
0.47
0.72
0.88
0.71
0.72
1.12
0.43
0.44
0.40
0.39
0.52
0.55
0.50
0.52
0.46
0.48
0.51
0.49
0.40
0.39
0.46
0.42
0.39
0.38
0.38
0.36
0.53
0.52
0.51
0.52
CorWatt	PkgWatt
16.00	128.03
0.52	128.03
0.50
0.48
0.56
0.97
0.74
0.73
1.02
0.39
0.43
0.39
0.37
0.50
0.54
0.49
0.50
0.44
0.48
0.47
0.48
0.38
0.38
0.44
0.41
0.35
0.35
0.35
0.35
0.51
0.50
0.50
0.49
CorWatt	PkgWatt
16.14	128.08
0.50	128.07
0.45
0.47
0.56
0.83
0.74
0.74
1.15
0.40
0.43
0.39
0.38
0.51
0.54
0.51
0.51
0.45
0.47
0.48
0.46
0.39
0.38
0.43
0.42
0.37
0.37
0.38
0.35
0.52
0.54
0.50
0.51
CorWatt	PkgWatt
16.00	127.97
0.50	127.97
0.43
0.47
0.55
0.83
0.73
0.73
1.14
0.39
0.42
0.38
0.39
0.50
0.54
0.52
0.53
0.44
0.49
0.48
0.49
0.38
0.38
0.43
0.41
0.35
0.37
0.36
0.37
0.51
0.50
0.50
0.50
CorWatt	PkgWatt
16.49	128.36
0.57	128.36
0.47
0.51
0.57
0.87
0.75
0.74
1.09
0.41
0.46
0.38
0.38
0.51
0.55
0.55
0.51
0.46
0.47
0.47
0.47
0.42
0.40
0.41
0.44
0.36
0.38
0.37
0.38
0.53
0.54
0.54
0.54
CorWatt	PkgWatt
18.56	133.01
0.55	133.01
0.44
0.48
0.54
4.39
0.50
0.50
0.55
0.41
0.43
0.38
0.37
0.50
0.54
0.53
0.50
0.44
0.46
0.45
0.47
0.39
0.39
0.39
0.42
0.36
0.36
0.37
0.36
0.52
0.53
0.52
0.50
CorWatt	PkgWatt
18.77	133.35
0.55	133.35
0.44
0.49
0.54
4.40
0.55
0.50
0.54
0.41
0.43
0.38
0.38
0.51
0.54
0.57
0.53
0.47
0.48
0.48
0.47
0.40
0.39
0.38
0.42
0.36
0.35
0.36
0.37
0.52
0.51
0.50
0.51
CorWatt	PkgWatt
18.57	133.26
0.54	133.26
0.45
0.49
0.53
4.41
0.52
0.49
0.54
0.40
0.46
0.40
0.39
0.52
0.57
0.55
0.52
0.44
0.46
0.45
0.46
0.38
0.38
0.38
0.41
0.35
0.35
0.36
0.37
0.51
0.50
0.50
0.49
CorWatt	PkgWatt
18.54	133.32
0.54	133.32
0.44
0.47
0.53
4.41
0.52
0.49
0.53
0.40
0.44
0.41
0.38
0.50
0.54
0.53
0.51
0.45
0.46
0.46
0.46
0.39
0.38
0.38
0.41
0.35
0.35
0.36
0.37
0.51
0.56
0.50
0.51
CorWatt	PkgWatt
18.52	133.06
0.55	133.06
0.46
0.49
0.53
4.41
0.51
0.49
0.54
0.40
0.43
0.38
0.38
0.50
0.54
0.54
0.54
0.46
0.47
0.45
0.46
0.39
0.38
0.38
0.41
0.35
0.35
0.36
0.36
0.51
0.51
0.50
0.50
CorWatt	PkgWatt
18.73	133.35
0.56	133.35
0.48
0.48
0.55
4.41
0.52
0.50
0.54
0.42
0.43
0.39
0.38
0.53
0.57
0.54
0.52
0.46
0.47
0.47
0.46
0.40
0.39
0.38
0.41
0.36
0.35
0.37
0.36
0.51
0.51
0.51
0.51
CorWatt	PkgWatt
18.60	133.29
0.56	133.29
0.45
0.50
0.55
4.41
0.52
0.49
0.53
0.42
0.43
0.42
0.39
0.51
0.56
0.55
0.51
0.45
0.46
0.45
0.46
0.38
0.38
0.38
0.41
0.35
0.35
0.35
0.38
0.51
0.50
0.50
0.49
CorWatt	PkgWatt
18.52	133.28
0.54	133.27
0.47
0.50
0.54
4.41
0.52
0.49
0.53
0.39
0.42
0.38
0.38
0.50
0.54
0.54
0.50
0.45
0.46
0.48
0.46
0.40
0.38
0.38
0.41
0.35
0.35
0.36
0.36
0.51
0.50
0.50
0.50
CorWatt	PkgWatt
18.51	133.18
0.53	133.18
0.44
0.48
0.54
4.40
0.52
0.50
0.53
0.39
0.44
0.40
0.41
0.50
0.54
0.54
0.51
0.45
0.46
0.47
0.46
0.39
0.38
0.39
0.43
0.35
0.35
0.35
0.36
0.51
0.50
0.50
0.49
CorWatt	PkgWatt
18.87	133.42
0.54	133.42
0.48
0.47
0.54
4.40
0.52
0.50
0.55
0.41
0.46
0.39
0.39
0.51
0.56
0.56
0.53
0.47
0.47
0.49
0.46
0.40
0.39
0.39
0.42
0.36
0.36
0.38
0.37
0.52
0.56
0.51
0.52
CorWatt	PkgWatt
18.76	133.40
0.54	133.41
0.44
0.49
0.57
4.41
0.52
0.51
0.55
0.41
0.44
0.40
0.38
0.50
0.54
0.53
0.54
0.46
0.46
0.48
0.46
0.39
0.38
0.38
0.41
0.38
0.36
0.35
0.37
0.54
0.52
0.54
0.50
CorWatt	PkgWatt
18.57	133.38
1.78	133.37
0.47
0.48
0.54
3.13
0.52
0.49
0.56
0.39
0.43
0.39
0.38
0.51
0.54
0.53
0.51
0.46
0.46
0.48
0.46
0.41
0.40
0.38
0.41
0.35
0.35
0.36
0.36
0.51
0.51
0.50
0.50
CorWatt	PkgWatt
17.99	130.21
1.27	130.22
0.56
0.54
0.57
0.69
0.87
0.62
0.69
0.43
0.45
0.41
0.41
0.55
0.60
0.61
0.57
0.51
0.52
0.55
0.55
0.43
0.44
0.46
0.47
0.40
0.41
0.42
0.42
0.57
0.90
0.56
0.55
CorWatt	PkgWatt
16.41	128.35
0.60	128.34
0.53
0.48
0.46
0.79
1.15
0.75
0.85
0.41
0.43
0.39
0.39
0.53
0.56
0.57
0.52
0.45
0.46
0.49
0.47
0.40
0.38
0.40
0.43
0.36
0.36
0.37
0.37
0.52
0.51
0.51
0.51
CorWatt	PkgWatt
16.24	128.49
0.61	128.49
0.51
0.47
0.47
0.77
0.77
0.75
1.22
0.41
0.43
0.38
0.38
0.50
0.54
0.55
0.50
0.46
0.47
0.50
0.46
0.38
0.38
0.39
0.41
0.35
0.37
0.37
0.38
0.51
0.53
0.51
0.49
CorWatt	PkgWatt
16.09	128.06
0.60	128.06
0.51
0.47
0.43
0.77
0.77
0.74
1.22
0.40
0.43
0.38
0.38
0.50
0.54
0.54
0.50
0.44
0.45
0.50
0.47
0.40
0.38
0.38
0.41
0.35
0.35
0.36
0.36
0.51
0.53
0.50
0.51
CorWatt	PkgWatt
16.05	128.10
0.59	128.10
0.48
0.45
0.44
0.78
1.21
0.74
0.75
0.42
0.44
0.40
0.40
0.50
0.54
0.54
0.53
0.45
0.46
0.48
0.46
0.38
0.39
0.39
0.41
0.35
0.35
0.36
0.36
0.51
0.51
0.50
0.50
CorWatt	PkgWatt
16.48	128.45
0.60	128.46
0.46
0.51
0.45
0.77
1.47
0.75
0.73
0.40
0.43
0.39
0.38
0.52
0.54
0.55
0.52
0.45
0.47
0.50
0.46
0.39
0.40
0.40
0.44
0.36
0.35
0.37
0.37
0.52
0.51
0.50
0.52
CorWatt	PkgWatt
17.84	130.25
0.61	130.25
0.44
0.48
0.47
0.68
0.67
0.64
3.18
0.39
0.43
0.39
0.38
0.52
0.55
0.56
0.52
0.45
0.48
0.48
0.46
0.42
0.39
0.38
0.43
0.35
0.36
0.36
0.37
0.51
0.51
0.50
0.49
CorWatt	PkgWatt
17.95	130.13
0.61	130.13
0.45
0.48
0.45
0.68
0.66
0.65
3.17
0.40
0.47
0.39
0.39
0.51
0.55
0.55
0.52
0.47
0.47
0.47
0.48
0.40
0.39
0.39
0.42
0.36
0.35
0.37
0.39
0.53
0.54
0.51
0.51
CorWatt	PkgWatt
17.77	130.07
0.61	130.07
0.44
0.46
0.44
0.69
0.66
0.63
3.16
0.41
0.43
0.38
0.38
0.51
0.54
0.54
0.50
0.47
0.46
0.47
0.46
0.38
0.38
0.39
0.43
0.37
0.36
0.38
0.39
0.53
0.51
0.52
0.52
CorWatt	PkgWatt
17.86	130.28
0.60	130.28
0.44
0.46
0.44
0.70
0.67
0.64
3.17
0.43
0.43
0.39
0.38
0.51
0.54
0.54
0.53
0.45
0.46
0.46
0.46
0.39
0.39
0.38
0.42
0.36
0.37
0.37
0.38
0.52
0.53
0.51
0.52
CorWatt	PkgWatt
17.74	130.18
0.59	130.17
0.48
0.47
0.44
0.68
0.65
0.63
3.19
0.39
0.43
0.38
0.38
0.50
0.54
0.56
0.50
0.46
0.47
0.47
0.48
0.38
0.38
0.38
0.42
0.37
0.35
0.37
0.37
0.51
0.51
0.51
0.49
CorWatt	PkgWatt
17.78	130.06
0.60	130.06
0.49
0.46
0.45
0.69
0.65
0.63
3.17
0.41
0.43
0.38
0.39
0.51
0.54
0.57
0.50
0.46
0.46
0.46
0.47
0.40
0.40
0.38
0.42
0.36
0.35
0.37
0.37
0.51
0.50
0.51
0.51
CorWatt	PkgWatt
17.70	130.20
0.60	130.21
0.51
0.48
0.47
0.69
0.66
0.64
3.17
0.41
0.42
0.38
0.38
0.50
0.54
0.56
0.51
0.44
0.47
0.45
0.45
0.38
0.38
0.38
0.41
0.35
0.35
0.36
0.37
0.51
0.50
0.50
0.49
CorWatt	PkgWatt
17.89	130.34
0.59	130.34
0.49
0.47
0.45
0.67
2.64
0.65
1.19
0.40
0.43
0.38
0.39
0.51
0.54
0.54
0.51
0.45
0.47
0.50
0.48
0.39
0.39
0.38
0.42
0.38
0.37
0.38
0.38
0.52
0.51
0.50
0.51
CorWatt	PkgWatt
17.67	130.13
0.59	130.13
0.50
0.48
0.44
0.68
3.19
0.64
0.64
0.40
0.43
0.39
0.38
0.50
0.54
0.53
0.51
0.44
0.49
0.45
0.47
0.38
0.38
0.38
0.42
0.35
0.35
0.35
0.37
0.51
0.51
0.50
0.49
CorWatt	PkgWatt
17.72	130.13
0.59	130.13
0.49
0.46
0.44
0.68
3.17
0.66
0.62
0.39
0.42
0.38
0.38
0.51
0.54
0.54
0.51
0.44
0.46
0.48
0.47
0.39
0.38
0.38
0.41
0.37
0.36
0.38
0.37
0.51
0.52
0.50
0.51
CorWatt	PkgWatt
17.77	130.19
0.59	130.19
0.48
0.47
0.44
0.67
1.93
0.64
1.88
0.40
0.43
0.39
0.40
0.50
0.54
0.56
0.51
0.45
0.49
0.47
0.47
0.38
0.38
0.38
0.41
0.35
0.37
0.36
0.40
0.51
0.51
0.50
0.49
CorWatt	PkgWatt
17.59	129.89
0.63	129.89
0.54
0.52
0.48
0.65
0.64
0.64
2.38
0.45
0.46
0.38
0.38
0.51
0.64
0.54
0.51
0.46
0.48
0.48
0.50
0.43
0.40
0.42
0.45
0.36
0.37
0.38
0.36
0.53
0.54
0.53
0.55
CorWatt	PkgWatt
18.01	129.88
0.57	129.88
0.56
0.54
0.51
0.56
0.61
0.59
0.58
0.69
0.62
0.59
1.02
0.54
1.03
0.54
0.56
0.51
0.52
0.53
0.53
0.51
0.44
0.45
0.48
0.42
0.41
0.45
0.41
0.57
0.57
0.55
0.55
CorWatt	PkgWatt
16.44	128.44
0.50	128.43
0.50
0.49
0.45
0.54
0.59
0.52
0.51
0.94
0.67
0.62
0.93
0.51
0.65
0.52
0.54
0.47
0.47
0.49
0.46
0.47
0.38
0.38
0.40
0.36
0.35
0.36
0.35
0.52
0.51
0.50
0.51
CorWatt	PkgWatt
16.27	128.42
0.50	128.42
0.52
0.48
0.43
0.50
0.55
0.52
0.50
1.10
0.67
0.63
0.76
0.52
0.67
0.50
0.53
0.45
0.46
0.48
0.46
0.44
0.38
0.38
0.41
0.35
0.35
0.36
0.35
0.52
0.51
0.50
0.49
CorWatt	PkgWatt
16.44	128.29
0.49	128.29
0.51
0.47
0.44
0.50
0.55
0.53
0.51
1.20
0.67
0.63
0.69
0.53
0.63
0.52
0.52
0.46
0.46
0.48
0.46
0.44
0.38
0.38
0.43
0.37
0.36
0.38
0.35
0.52
0.55
0.51
0.51
CorWatt	PkgWatt
16.90	128.73
0.54	128.74
0.53
0.52
0.47
0.52
0.51
0.54
0.52
0.81
0.68
0.64
1.12
0.54
0.68
0.57
0.54
0.48
0.50
0.49
0.49
0.38
0.38
0.38
0.41
0.38
0.39
0.38
0.36
0.55
0.54
0.53
0.53
CorWatt	PkgWatt
17.40	130.12
0.57	130.11
0.52
0.47
0.45
0.49
0.49
0.49
0.55
0.45
0.58
0.45
2.76
0.54
0.66
0.57
0.54
0.44
0.46
0.47
0.45
0.38
0.38
0.38
0.41
0.35
0.35
0.37
0.35
0.52
0.51
0.50
0.51
CorWatt	PkgWatt
17.59	130.25
0.54	130.26
0.49
0.48
0.45
0.49
0.49
0.48
0.49
0.48
0.45
0.42
3.25
0.52
0.64
0.55
0.52
0.44
0.46
0.47
0.45
0.38
0.38
0.38
0.41
0.35
0.35
0.36
0.37
0.51
0.51
0.51
0.50
CorWatt	PkgWatt
17.68	130.42
0.55	130.41
0.51
0.49
0.47
0.49
0.49
0.49
0.50
0.42
0.43
0.40
3.26
0.51
0.64
0.55
0.55
0.45
0.46
0.50
0.46
0.40
0.38
0.39
0.42
0.36
0.35
0.37
0.35
0.52
0.51
0.50
0.52
CorWatt	PkgWatt
17.50	130.31
0.54	130.31
0.51
0.49
0.44
0.49
0.49
0.48
0.50
0.40
0.45
0.40
3.26
0.51
0.63
0.56
0.51
0.44
0.46
0.47
0.45
0.38
0.38
0.38
0.43
0.35
0.35
0.36
0.37
0.51
0.50
0.50
0.49
CorWatt	PkgWatt
17.57	130.43
0.53	130.43
0.50
0.46
0.45
0.50
0.49
0.48
0.49
0.41
0.47
0.40
3.25
0.51
0.63
0.55
0.51
0.45
0.46
0.48
0.45
0.39
0.38
0.38
0.41
0.36
0.35
0.37
0.36
0.52
0.56
0.50
0.52
CorWatt	PkgWatt
17.85	130.51
0.53	130.52
0.51
0.49
0.48
0.52
0.50
0.54
0.51
0.42
0.44
0.39
3.25
0.51
0.64
0.55
0.52
0.47
0.47
0.48
0.46
0.39
0.38
0.38
0.41
0.39
0.38
0.36
0.37
0.55
0.53
0.54
0.51
CorWatt	PkgWatt
17.64	130.31
0.52	130.30
0.51
0.47
0.44
0.49
0.49
0.55
0.50
0.41
0.43
0.39
3.26
0.51
0.64
0.55
0.52
0.45
0.46
0.49
0.46
0.41
0.41
0.38
0.41
0.36
0.35
0.37
0.36
0.52
0.51
0.51
0.51
CorWatt	PkgWatt
17.48	130.34
0.51	130.34
0.51
0.47
0.43
0.49
0.48
0.53
0.49
0.40
0.43
0.39
3.26
0.50
0.62
0.56
0.51
0.45
0.48
0.50
0.48
0.38
0.38
0.39
0.41
0.35
0.35
0.36
0.36
0.51
0.51
0.50
0.49
CorWatt	PkgWatt
17.56	130.56
0.53	130.56
0.51
0.48
0.46
0.49
0.49
0.54
0.51
0.41
0.43
0.38
3.26
0.51
0.63
0.55
0.54
0.45
0.45
0.48
0.46
0.39
0.38
0.38
0.40
0.36
0.35
0.37
0.36
0.51
0.51
0.50
0.51
CorWatt	PkgWatt
17.55	130.33
0.53	130.33
0.50
0.45
0.46
0.49
0.49
0.52
0.50
0.41
0.43
0.38
3.26
0.50
0.63
0.55
0.52
0.45
0.47
0.47
0.45
0.38
0.38
0.39
0.41
0.35
0.37
0.39
0.38
0.51
0.52
0.51
0.50
CorWatt	PkgWatt
17.68	130.36
0.52	130.36
0.53
0.47
0.44
0.50
0.49
0.53
0.51
0.40
0.43
0.39
3.26
0.51
0.63
0.55
0.53
0.45
0.46
0.49
0.46
0.39
0.38
0.38
0.41
0.36
0.35
0.38
0.37
0.52
0.56
0.51
0.52
CorWatt	PkgWatt
17.47	130.22
0.53	130.27
0.49
0.44
0.43
0.50
0.49
0.53
0.50
0.43
0.45
0.41
3.26
0.50
0.62
0.54
0.53
0.45
0.46
0.48
0.46
0.38
0.38
0.38
0.41
0.35
0.35
0.36
0.36
0.51
0.51
0.50
0.49
CorWatt	PkgWatt
18.57	130.76
0.56	130.73
0.56
0.51
0.49
0.56
0.55
0.57
0.61
0.48
0.49
0.45
1.23
0.62
0.71
0.62
0.61
0.53
0.52
0.55
0.52
0.45
0.45
0.47
0.47
0.48
0.48
0.68
0.53
0.58
1.09
0.57
0.57
CorWatt	PkgWatt
17.13	128.96
0.51	128.95
0.50
0.48
0.46
0.51
0.50
0.51
0.55
0.41
0.44
0.41
0.39
0.52
0.56
0.53
0.53
0.48
0.48
0.45
0.46
0.42
0.40
0.39
0.43
0.71
0.72
1.26
0.96
0.52
0.63
0.51
0.50
CorWatt	PkgWatt
17.03	128.87
0.48	128.87
0.51
0.47
0.44
0.50
0.49
0.54
0.51
0.41
0.48
0.38
0.38
0.52
0.55
0.57
0.53
0.45
0.47
0.47
0.47
0.40
0.38
0.38
0.42
0.72
0.72
1.43
0.73
0.54
0.63
0.52
0.53
CorWatt	PkgWatt
17.12	128.90
0.50	128.90
0.50
0.46
0.44
0.51
0.49
0.50
0.53
0.40
0.45
0.39
0.39
0.51
0.55
0.55
0.52
0.48
0.47
0.48
0.49
0.39
0.39
0.40
0.43
0.93
0.73
1.18
0.83
0.54
0.63
0.53
0.52
CorWatt	PkgWatt
16.80	128.59
0.49	128.59
0.51
0.46
0.43
0.50
0.50
0.52
0.50
0.40
0.43
0.37
0.38
0.51
0.54
0.54
0.50
0.45
0.46
0.46
0.46
0.38
0.38
0.38
0.41
1.42
0.73
0.75
0.75
0.52
0.63
0.51
0.52
CorWatt	PkgWatt
16.87	128.73
0.50	128.73
0.50
0.46
0.43
0.51
0.49
0.52
0.50
0.43
0.43
0.37
0.38
0.51
0.54
0.54
0.51
0.47
0.47
0.48
0.48
0.38
0.38
0.38
0.41
1.42
0.73
0.75
0.73
0.52
0.63
0.53
0.51
CorWatt	PkgWatt
17.32	129.14
0.50	129.14
0.50
0.46
0.43
0.53
0.49
0.50
0.49
0.42
0.43
0.38
0.40
0.52
0.55
0.58
0.52
0.48
0.47
0.47
0.46
0.40
0.40
0.38
0.42
1.58
0.78
0.80
0.79
0.54
0.61
0.52
0.52
CorWatt	PkgWatt
19.94	131.20
0.54	131.21
0.53
0.50
0.47
0.54
0.48
0.48
0.50
0.41
0.44
0.38
0.38
0.50
0.55
0.55
0.52
0.45
0.47
0.45
0.45
0.38
0.38
0.38
0.41
1.65
1.21
1.21
2.57
0.52
0.61
0.52
0.50
CorWatt	PkgWatt
19.86	131.30
0.51	131.30
0.50
0.45
0.43
0.54
0.49
0.49
0.49
0.40
0.43
0.38
0.38
0.51
0.55
0.55
0.51
0.45
0.46
0.48
0.47
0.38
0.38
0.38
0.41
3.03
1.21
1.21
1.21
0.52
0.62
0.52
0.52
CorWatt	PkgWatt
19.86	131.32
0.51	131.32
0.51
0.47
0.42
0.53
0.50
0.49
0.50
0.41
0.43
0.38
0.38
0.50
0.55
0.55
0.51
0.44
0.48
0.45
0.48
0.38
0.38
0.38
0.40
1.48
1.21
1.21
2.76
0.52
0.62
0.52
0.51
CorWatt	PkgWatt
19.97	131.56
0.50	131.56
0.51
0.48
0.43
0.55
0.49
0.49
0.50
0.40
0.43
0.38
0.38
0.51
0.55
0.56
0.52
0.45
0.46
0.47
0.46
0.40
0.38
0.38
0.41
1.21
1.21
1.21
3.04
0.54
0.62
0.53
0.53
CorWatt	PkgWatt
19.97	131.39
0.52	131.40
0.50
0.46
0.42
0.53
0.48
0.49
0.49
0.41
0.43
0.38
0.40
0.50
0.55
0.58
0.53
0.46
0.49
0.45
0.47
0.38
0.38
0.38
0.41
1.51
1.21
1.21
2.75
0.52
0.62
0.52
0.51
CorWatt	PkgWatt
20.13	131.52
0.52	131.52
0.51
0.49
0.45
0.54
0.48
0.48
0.49
0.40
0.48
0.38
0.38
0.51
0.55
0.54
0.52
0.47
0.47
0.46
0.46
0.41
0.38
0.40
0.43
3.02
1.21
1.21
1.21
0.54
0.64
0.55
0.55
CorWatt	PkgWatt
19.93	131.47
0.52	131.47
0.49
0.46
0.44
0.53
0.48
0.48
0.49
0.40
0.44
0.38
0.39
0.50
0.55
0.56
0.53
0.48
0.46
0.45
0.46
0.38
0.38
0.38
0.41
3.03
1.21
1.21
1.21
0.53
0.63
0.55
0.52
CorWatt	PkgWatt
20.20	131.59
0.52	131.60
0.52
0.47
0.45
0.54
0.52
0.49
0.49
0.42
0.45
0.40
0.38
0.51
0.56
0.57
0.54
0.50
0.49
0.48
0.46
0.39
0.38
0.38
0.41
2.71
1.21
1.21
1.52
0.54
0.62
0.52
0.52
CorWatt	PkgWatt
19.98	131.41
0.53	131.41
0.52
0.47
0.43
0.53
0.49
0.48
0.49
0.39
0.46
0.40
0.40
0.52
0.56
0.55
0.54
0.47
0.47
0.46
0.47
0.38
0.38
0.38
0.41
3.02
1.21
1.21
1.21
0.52
0.62
0.52
0.51
CorWatt	PkgWatt
19.97	131.49
0.51	131.48
0.51
0.46
0.43
0.53
0.49
0.48
0.49
0.41
0.45
0.41
0.38
0.51
0.55
0.55
0.53
0.47
0.46
0.46
0.47
0.40
0.38
0.38
0.41
3.04
1.21
1.21
1.21
0.52
0.62
0.52
0.52
CorWatt	PkgWatt
19.04	130.89
0.53	130.89
0.51
0.47
0.44
0.53
0.48
0.48
0.49
0.40
0.44
0.39
0.38
0.50
0.55
0.55
0.53
0.47
0.47
0.45
0.46
0.38
0.38
0.38
0.41
2.61
1.07
1.06
1.06
0.53
0.61
0.51
0.51
CorWatt	PkgWatt
20.80	135.65
0.64	135.67
0.61
0.56
0.57
0.58
0.56
0.61
0.55
0.48
0.54
0.50
0.45
0.62
0.65
0.61
0.60
1.11
0.57
0.55
0.56
0.49
0.53
3.05
0.53
0.52
0.44
0.44
0.42
0.62
0.64
0.60
0.59
CorWatt	PkgWatt
20.09	138.89
0.52	138.88
0.48
0.47
0.44
0.48
0.48
0.47
0.49
0.44
0.48
0.40
0.38
0.50
0.51
0.49
0.51
0.57
0.47
0.45
0.46
0.38
0.44
5.73
0.46
0.43
0.35
0.38
0.38
0.52
0.50
0.51
0.49
CorWatt	PkgWatt
20.04	139.07
0.53	139.06
0.49
0.47
0.45
0.48
0.48
0.47
0.47
0.39
0.43
0.38
0.38
0.51
0.51
0.49
0.51
0.57
0.47
0.48
0.47
0.40
0.44
5.74
0.46
0.43
0.35
0.38
0.35
0.53
0.51
0.52
0.51
CorWatt	PkgWatt
19.97	138.86
0.53	138.85
0.49
0.46
0.43
0.48
0.48
0.47
0.48
0.40
0.44
0.39
0.41
0.50
0.50
0.49
0.51
0.57
0.46
0.45
0.46
0.39
0.44
5.74
0.49
0.39
0.35
0.36
0.36
0.51
0.50
0.52
0.50
CorWatt	PkgWatt
20.27	139.06
0.52	139.07
0.51
0.47
0.45
0.49
0.49
0.50
0.47
0.41
0.48
0.39
0.38
0.51
0.52
0.51
0.56
0.55
0.47
0.46
0.46
0.41
0.44
5.74
0.47
0.41
0.36
0.40
0.36
0.53
0.51
0.51
0.54
CorWatt	PkgWatt
20.31	139.23
0.56	139.22
0.49
0.48
0.45
0.51
0.49
0.51
0.49
0.39
0.44
0.38
0.38
0.51
0.51
0.50
0.56
0.57
0.47
0.46
0.46
0.40
0.45
5.74
0.48
0.42
0.37
0.37
0.37
0.55
0.52
0.54
0.51
CorWatt	PkgWatt
20.01	139.05
0.52	139.05
0.51
0.48
0.43
0.50
0.49
0.48
0.47
0.41
0.43
0.38
0.38
0.50
0.51
0.49
0.53
0.56
0.46
0.46
0.46
0.41
0.46
5.73
0.46
0.39
0.35
0.37
0.35
0.52
0.50
0.50
0.51
CorWatt	PkgWatt
20.06	138.93
0.53	138.93
0.49
0.48
0.42
0.50
0.49
0.50
0.48
0.43
0.43
0.38
0.40
0.50
0.51
0.50
0.51
0.57
0.48
0.47
0.48
0.39
0.45
5.74
0.46
0.37
0.35
0.37
0.35
0.51
0.50
0.50
0.50
CorWatt	PkgWatt
20.31	139.20
0.54	139.20
0.52
0.50
0.46
0.49
0.49
0.51
0.51
0.40
0.44
0.39
0.39
0.51
0.52
0.52
0.53
0.56
0.46
0.47
0.47
0.40
0.46
5.74
0.47
0.39
0.36
0.38
0.36
0.52
0.51
0.51
0.52
CorWatt	PkgWatt
20.04	138.98
0.53	138.98
0.49
0.48
0.45
0.49
0.48
0.48
0.49
0.41
0.43
0.38
0.39
0.50
0.51
0.50
0.52
0.55
0.47
0.45
0.46
0.39
0.44
5.74
0.46
0.37
0.37
0.38
0.37
0.51
0.52
0.51
0.50
CorWatt	PkgWatt
20.09	139.12
0.54	139.12
0.51
0.48
0.42
0.49
0.48
0.49
0.49
0.39
0.44
0.39
0.38
0.51
0.51
0.50
0.55
0.56
0.46
0.47
0.46
0.40
0.44
5.74
0.46
0.41
0.36
0.37
0.35
0.51
0.50
0.51
0.52
CorWatt	PkgWatt
20.02	139.02
0.53	139.02
0.49
0.46
0.42
0.49
0.50
0.48
0.49
0.42
0.45
0.40
0.38
0.50
0.52
0.50
0.52
0.56
0.46
0.45
0.47
0.40
0.44
5.74
0.47
0.37
0.36
0.36
0.35
0.51
0.50
0.51
0.50
CorWatt	PkgWatt
20.25	139.14
0.53	139.14
0.49
0.47
0.43
0.50
0.50
0.50
0.49
0.43
0.44
0.39
0.38
0.53
0.52
0.50
0.54
0.56
0.46
0.47
0.47
0.41
0.47
5.74
0.48
0.39
0.37
0.38
0.36
0.52
0.50
0.51
0.52
CorWatt	PkgWatt
20.50	139.38
0.54	139.39
0.50
0.49
0.47
0.51
0.50
0.51
0.51
0.41
0.44
0.41
0.38
0.51
0.52
0.51
0.55
0.57
0.49
0.46
0.49
0.44
0.47
5.74
0.50
0.39
0.38
0.36
0.38
0.54
0.52
0.52
0.51
CorWatt	PkgWatt
20.34	139.35
0.55	139.34
0.50
0.45
0.44
0.55
0.50
0.50
0.48
0.41
0.49
0.40
0.38
0.51
0.51
0.50
0.53
0.57
0.47
0.46
0.49
0.46
0.41
5.74
0.45
0.41
0.37
0.37
0.38
0.52
0.50
0.52
0.52
CorWatt	PkgWatt
20.19	139.17
0.53	139.17
0.49
0.44
0.43
0.53
0.49
0.48
0.49
0.39
0.43
0.39
0.38
0.50
0.51
0.50
0.51
0.56
0.46
0.47
0.49
0.45
0.41
5.74
0.46
0.42
0.38
0.39
0.39
0.54
0.51
0.52
0.53
CorWatt	PkgWatt
20.50	139.54
0.55	139.53
0.50
0.44
0.45
0.54
0.52
0.50
0.51
0.40
0.44
0.39
0.38
0.52
0.52
0.51
0.57
0.56
0.47
0.48
0.49
0.45
0.41
5.74
0.47
0.43
0.38
0.38
0.41
0.52
0.51
0.52
0.53
CorWatt	PkgWatt
19.60	134.50
0.59	134.51
0.57
0.71
0.53
0.57
0.54
0.64
0.55
0.46
0.47
0.44
0.42
0.56
0.57
0.57
0.59
0.64
0.56
0.55
0.57
0.51
0.45
2.61
0.52
0.44
0.44
0.78
0.44
0.58
0.56
0.59
0.58
CorWatt	PkgWatt
17.96	130.86
0.52	130.85
0.53
0.58
0.49
0.58
0.55
3.27
0.56
0.42
0.44
0.39
0.40
0.51
0.51
0.52
0.52
0.49
0.47
0.47
0.47
0.41
0.41
0.43
0.42
0.40
0.36
0.38
0.38
0.53
0.51
0.52
0.52
CorWatt	PkgWatt
17.73	130.66
0.54	130.66
0.55
0.59
0.48
0.56
0.58
3.21
0.56
0.41
0.44
0.38
0.38
0.50
0.51
0.50
0.52
0.47
0.49
0.45
0.48
0.39
0.39
0.40
0.42
0.38
0.36
0.38
0.37
0.51
0.50
0.52
0.51
CorWatt	PkgWatt
17.81	130.88
0.53	130.88
0.53
0.57
0.45
0.56
0.59
3.18
0.54
0.41
0.43
0.39
0.38
0.51
0.52
0.50
0.52
0.47
0.48
0.49
0.50
0.41
0.41
0.39
0.42
0.41
0.38
0.39
0.38
0.52
0.51
0.51
0.53
CorWatt	PkgWatt
17.63	130.49
0.53	130.49
0.54
0.60
0.44
0.55
0.58
3.18
0.55
0.40
0.44
0.39
0.38
0.50
0.51
0.50
0.52
0.47
0.50
0.46
0.49
0.39
0.39
0.39
0.42
0.39
0.36
0.37
0.37
0.51
0.50
0.52
0.50
CorWatt	PkgWatt
17.80	130.62
0.52	130.62
0.50
0.60
0.45
0.55
0.59
3.19
0.55
0.41
0.44
0.39
0.38
0.51
0.52
0.51
0.53
0.47
0.47
0.48
0.47
0.40
0.39
0.40
0.42
0.41
0.38
0.40
0.39
0.51
0.52
0.52
0.52
CorWatt	PkgWatt
17.69	130.51
0.52	130.51
0.51
0.61
0.44
0.55
0.59
3.20
0.54
0.40
0.44
0.39
0.39
0.50
0.51
0.51
0.53
0.46
0.51
0.45
0.49
0.39
0.39
0.38
0.42
0.39
0.38
0.38
0.39
0.51
0.50
0.51
0.50
CorWatt	PkgWatt
18.06	131.02
0.53	131.02
0.53
0.63
0.47
0.56
0.59
3.18
0.56
0.41
0.49
0.39
0.38
0.51
0.52
0.51
0.52
0.47
0.49
0.47
0.47
0.42
0.39
0.40
0.44
0.38
0.39
0.39
0.40
0.53
0.54
0.54
0.55
CorWatt	PkgWatt
17.52	130.49
0.53	130.49
0.51
0.59
0.44
0.56
0.57
3.19
0.54
0.39
0.44
0.39
0.38
0.50
0.51
0.50
0.52
0.46
0.47
0.45
0.47
0.39
0.38
0.38
0.42
0.37
0.37
0.36
0.37
0.52
0.51
0.52
0.51
CorWatt	PkgWatt
18.01	130.88
0.54	130.88
0.50
0.62
0.46
0.56
0.62
3.19
0.55
0.40
0.45
0.41
0.39
0.52
0.54
0.53
0.55
0.51
0.50
0.48
0.47
0.40
0.39
0.38
0.42
0.38
0.36
0.38
0.38
0.54
0.51
0.51
0.53
CorWatt	PkgWatt
17.68	130.74
0.54	130.74
0.52
0.61
0.45
0.55
0.59
3.19
0.55
0.41
0.45
0.40
0.40
0.52
0.53
0.51
0.54
0.46
0.47
0.46
0.47
0.39
0.39
0.38
0.42
0.36
0.36
0.37
0.37
0.52
0.50
0.51
0.51
CorWatt	PkgWatt
17.81	130.80
0.54	130.79
0.53
0.62
0.45
0.56
0.59
3.18
0.55
0.41
0.45
0.42
0.39
0.52
0.52
0.50
0.53
0.47
0.48
0.47
0.48
0.41
0.40
0.39
0.42
0.38
0.36
0.37
0.40
0.52
0.51
0.51
0.52
CorWatt	PkgWatt
17.57	130.57
0.54	130.57
0.50
0.60
0.46
0.55
0.58
3.19
0.54
0.41
0.44
0.39
0.38
0.51
0.51
0.51
0.52
0.46
0.48
0.46
0.47
0.39
0.38
0.38
0.42
0.36
0.36
0.36
0.38
0.51
0.50
0.50
0.51
CorWatt	PkgWatt
17.86	130.73
0.55	130.73
0.53
0.61
0.49
0.55
0.58
3.19
0.56
0.39
0.44
0.41
0.38
0.56
0.57
0.51
0.54
0.47
0.47
0.47
0.47
0.41
0.39
0.38
0.42
0.37
0.36
0.37
0.38
0.51
0.50
0.51
0.52
CorWatt	PkgWatt
17.64	130.70
0.53	130.70
0.54
0.58
0.44
0.55
0.59
3.21
0.55
0.41
0.45
0.40
0.38
0.50
0.52
0.50
0.53
0.47
0.47
0.46
0.47
0.39
0.39
0.39
0.42
0.36
0.36
0.37
0.38
0.51
0.50
0.51
0.51
CorWatt	PkgWatt
18.03	130.82
0.53	130.82
0.54
0.59
0.45
0.55
0.60
3.19
0.56
0.42
0.44
0.40
0.38
0.51
0.52
0.53
0.53
0.50
0.49
0.50
0.53
0.45
0.43
0.39
0.43
0.38
0.36
0.38
0.38
0.52
0.52
0.52
0.52
CorWatt	PkgWatt
18.11	131.01
0.56	131.02
0.53
0.60
0.48
0.55
0.57
2.22
1.54
0.39
0.48
0.40
0.41
0.54
0.55
0.50
0.55
0.48
0.50
0.49
0.47
0.44
0.42
0.42
0.45
0.39
0.39
0.40
0.39
0.51
0.50
0.51
0.50
CorWatt	PkgWatt
17.77	130.78
0.52	130.77
0.51
0.59
0.49
0.56
0.58
0.58
3.14
0.41
0.48
0.40
0.38
0.53
0.51
0.50
0.52
0.46
0.47
0.46
0.47
0.41
0.38
0.38
0.42
0.40
0.36
0.37
0.37
0.54
0.52
0.52
0.55
CorWatt	PkgWatt
18.55	130.68
0.59	130.71
0.57
0.62
0.55
0.61
0.58
0.66
0.61
0.51
0.74
0.50
0.48
1.19
0.70
0.69
0.89
0.56
0.53
0.50
0.54
0.48
0.45
0.44
0.51
0.44
0.43
0.40
0.40
0.59
0.58
0.61
0.59
CorWatt	PkgWatt
17.10	129.20
0.52	129.18
0.51
0.52
0.45
0.51
0.52
0.55
0.52
0.44
0.53
0.46
0.43
1.30
0.80
0.79
0.93
0.49
0.49
0.48
0.49
0.44
0.42
0.40
0.44
0.41
0.39
0.39
0.37
0.53
0.52
0.53
0.53
CorWatt	PkgWatt
16.69	128.93
0.50	128.92
0.51
0.53
0.45
0.50
0.50
0.55
0.49
0.43
0.54
0.45
0.42
1.40
0.78
0.77
0.81
0.48
0.48
0.47
0.49
0.39
0.39
0.38
0.42
0.38
0.37
0.37
0.35
0.52
0.52
0.51
0.51
CorWatt	PkgWatt
16.72	129.07
0.52	129.07
0.51
0.52
0.48
0.50
0.50
0.56
0.51
0.42
0.52
0.47
0.43
1.42
0.78
0.77
0.80
0.47
0.47
0.46
0.47
0.40
0.40
0.39
0.41
0.40
0.37
0.37
0.35
0.52
0.50
0.51
0.52
CorWatt	PkgWatt
16.86	129.12
0.52	129.12
0.52
0.50
0.48
0.50
0.50
0.56
0.50
0.45
0.52
0.46
0.43
1.43
0.78
0.77
0.80
0.47
0.48
0.47
0.49
0.39
0.38
0.38
0.42
0.39
0.41
0.40
0.38
0.52
0.52
0.52
0.51
CorWatt	PkgWatt
17.43	129.56
0.52	129.55
0.56
0.52
0.49
0.51
0.51
0.54
0.51
0.41
0.53
0.44
0.42
1.73
0.86
0.85
0.89
0.47
0.47
0.48
0.48
0.40
0.39
0.41
0.41
0.40
0.38
0.38
0.38
0.53
0.51
0.51
0.53
CorWatt	PkgWatt
19.63	131.63
0.51	131.63
0.52
0.45
0.44
0.49
0.50
0.53
0.49
0.44
0.55
0.45
0.43
3.25
1.20
1.19
1.21
0.46
0.48
0.45
0.47
0.39
0.38
0.38
0.42
0.38
0.38
0.37
0.36
0.52
0.51
0.52
0.51
CorWatt	PkgWatt
19.93	131.73
0.52	131.74
0.54
0.46
0.44
0.50
0.53
0.55
0.50
0.44
0.53
0.44
0.43
3.23
1.25
1.24
1.26
0.47
0.47
0.47
0.47
0.40
0.39
0.40
0.43
0.40
0.38
0.38
0.36
0.52
0.51
0.51
0.52
CorWatt	PkgWatt
19.99	131.88
0.52	131.88
0.53
0.47
0.48
0.49
0.50
0.53
0.51
0.44
0.53
0.45
0.43
3.23
1.26
1.25
1.27
0.46
0.49
0.45
0.47
0.42
0.40
0.40
0.44
0.39
0.39
0.37
0.36
0.52
0.51
0.52
0.51
CorWatt	PkgWatt
19.95	131.75
0.53	131.74
0.56
0.47
0.45
0.51
0.50
0.53
0.49
0.44
0.51
0.48
0.43
3.24
1.22
1.21
1.23
0.48
0.48
0.47
0.47
0.41
0.39
0.40
0.42
0.38
0.42
0.38
0.36
0.53
0.51
0.52
0.53
CorWatt	PkgWatt
20.00	131.93
0.52	131.93
0.54
0.45
0.44
0.49
0.50
0.54
0.49
0.43
0.53
0.44
0.43
1.38
1.25
1.23
3.13
0.46
0.47
0.48
0.49
0.39
0.40
0.39
0.43
0.39
0.41
0.39
0.37
0.54
0.52
0.53
0.53
CorWatt	PkgWatt
20.00	131.86
0.54	131.86
0.52
0.46
0.45
0.51
0.51
0.53
0.50
0.42
0.54
0.44
0.42
3.23
1.26
1.24
1.27
0.49
0.47
0.47
0.47
0.42
0.38
0.40
0.41
0.38
0.41
0.37
0.40
0.53
0.51
0.53
0.53
CorWatt	PkgWatt
19.96	131.85
0.52	131.85
0.54
0.45
0.44
0.51
0.50
0.54
0.50
0.43
0.53
0.43
0.42
3.23
1.26
1.25
1.27
0.50
0.49
0.48
0.48
0.39
0.38
0.40
0.42
0.36
0.40
0.39
0.36
0.52
0.51
0.53
0.53
CorWatt	PkgWatt
20.02	132.01
0.52	132.00
0.53
0.46
0.44
0.50
0.50
0.54
0.50
0.44
0.53
0.44
0.44
2.79
1.25
1.24
1.71
0.49
0.48
0.48
0.48
0.41
0.39
0.42
0.42
0.38
0.39
0.38
0.36
0.53
0.52
0.52
0.54
CorWatt	PkgWatt
19.75	131.64
0.54	131.64
0.55
0.48
0.48
0.51
0.50
0.49
0.49
0.43
0.53
0.45
0.42
3.24
1.22
1.21
1.23
0.46
0.48
0.45
0.47
0.39
0.38
0.40
0.41
0.36
0.39
0.38
0.36
0.52
0.51
0.51
0.51
CorWatt	PkgWatt
19.85	131.79
0.51	131.79
0.55
0.45
0.44
0.50
0.50
0.49
0.48
0.42
0.53
0.44
0.42
3.23
1.26
1.25
1.27
0.47
0.47
0.48
0.49
0.40
0.38
0.39
0.41
0.38
0.40
0.38
0.36
0.53
0.51
0.51
0.53
CorWatt	PkgWatt
19.82	131.86
0.52	131.86
0.53
0.50
0.44
0.49
0.50
0.49
0.49
0.42
0.54
0.44
0.43
1.27
1.26
1.24
3.25
0.46
0.48
0.45
0.48
0.39
0.38
0.39
0.41
0.36
0.39
0.37
0.36
0.52
0.53
0.52
0.51
CorWatt	PkgWatt
19.60	131.50
0.61	131.53
0.59
0.59
0.63
0.63
0.58
0.57
0.60
0.47
0.58
0.49
0.46
0.96
0.93
0.94
2.06
0.55
0.54
0.54
0.48
0.47
0.45
0.42
0.43
0.41
0.43
0.43
0.46
0.58
0.55
0.59
0.57
