CorWatt	PkgWatt
4.49	153.26
0.09	77.02
0.08
0.08
0.08
0.08
0.08
0.08
0.08
0.07
0.07
0.07
0.07
0.07
0.07
0.07
0.07
0.08
0.08
0.09
0.08
0.10
0.09
0.09
0.09
0.08
0.08
0.08
0.08
0.07
0.07
0.07
0.07
0.06	76.32
0.06
0.06
0.06
0.06
0.06
0.06
0.06
0.06
0.06
0.06
0.06
0.06
0.06
0.06
0.06
0.15
0.06
0.06
0.07
0.07
0.07
0.07
0.07
0.06
0.06
0.06
0.06
0.06
0.06
0.06
0.06
CorWatt	PkgWatt
4.35	151.03
0.10	75.94
0.09
0.09
0.09
0.08
0.08
0.09
0.08
0.07
0.08
0.07
0.07
0.07
0.07
0.08
0.07
0.08
0.08
0.08
0.08
0.09
0.08
0.08
0.09
0.09
0.08
0.08
0.08
0.08
0.07
0.11
0.09
0.06	75.01
0.05
0.07
0.05
0.05
0.05
0.05
0.05
0.05
0.05
0.05
0.05
0.05
0.05
0.05
0.05
0.06
0.05
0.05
0.06
0.06
0.06
0.06
0.06
0.05
0.05
0.05
0.05
0.05
0.05
0.05
0.05
CorWatt	PkgWatt
96.36	290.69
1.06	150.57
1.53
1.67
1.65
1.61
1.68
1.57
1.54
1.56
1.53
1.54
1.54
1.64
1.64
1.49
1.49
1.54
1.53
1.54
1.56
1.58
1.54
1.45
1.50
1.66
1.65
1.65
1.63
1.56
1.57
1.48
3.10
1.47	140.14
1.45
1.46
1.42
1.46
1.46
1.35
1.34
1.45
1.44
1.43
1.45
1.45
1.43
1.34
1.35
1.43
1.40
1.43
1.45
1.46
1.45
1.36
1.35
1.43
1.42
1.42
1.41
1.41
1.40
1.30
1.27
