CorWatt	PkgWatt
23.85	177.61
0.25	86.14
0.16
0.16
0.24
0.16
0.16
0.16
0.16
0.19
4.06
0.18
0.19
0.14
0.14
0.14
0.14
0.16
0.16
0.16
0.16
0.17
0.25
0.17
0.16
0.15
0.15
0.15
0.15
0.16
0.18
0.16
0.15
0.16	91.89
0.16
0.16
0.16
0.16
0.16
0.16
0.16
0.14
0.15
0.14
0.14
0.19
0.19
0.19
2.41
0.16
0.16
0.16
0.16
0.21
0.21
0.21
4.03
0.16
0.16
0.16
0.17
3.22
0.20
0.19
0.20
CorWatt	PkgWatt
25.91	179.89
0.24	86.08
0.20
0.20
1.94
0.17
0.31
0.18
0.18
0.19
0.16
0.15
0.15
0.18
0.18
0.19
0.16
0.26
0.20
0.21
2.02
0.19
0.17
0.17
0.38
0.16
0.16
0.15
0.18
0.19
0.21
0.16
0.17
0.20	92.90
0.18
0.18
0.44
0.31
0.18
0.18
0.18
0.16
0.19
0.15
0.16
0.19
0.19
0.20
4.20
0.16
0.16
0.17
0.17
0.21
0.21
0.21
2.12
0.19
0.18
0.18
0.61
3.62
0.20
0.19
0.19
CorWatt	PkgWatt
32.30	196.22
0.36	92.19
0.26
0.35
0.50
0.24
0.50
0.36
0.33
0.27
0.36
0.32
0.34
0.28
0.30
0.26
0.30
0.36
0.51
0.35
0.25
0.39
0.34
0.26
0.33
0.35
0.27
0.23
0.34
0.23
0.72
0.29
0.29
0.92	104.35
0.23
0.50
0.28
0.23
0.24
0.24
0.49
0.24
0.89
0.21
0.70
0.20
0.20
0.21
4.20
0.37
0.22
2.54
0.39
0.22
0.22
0.22
2.12
0.61
0.29
0.28
1.96
1.15
0.21
0.52
0.20
CorWatt	PkgWatt
24.11	180.59
0.15	81.80
0.13
0.16
0.15
0.13
0.11
0.11
0.13
0.12
0.11
0.10
0.15
0.11
0.13
0.12
0.11
0.13
0.14
0.12
0.12
0.14
0.14
0.13
0.13
0.13
0.13
0.13
0.18
1.19
0.13
0.12
0.16
0.20	97.49
0.20
0.20
0.90
0.23
0.19
0.22
0.41
0.19
0.19
0.19
2.91
0.19
0.19
0.20
3.60
0.49
0.19
0.27
0.29
0.21
0.21
0.21
2.12
2.33
0.28
0.28
0.29
0.19
0.19
0.63
0.34
CorWatt	PkgWatt
24.58	179.81
0.26	85.83
0.17
0.20
0.17
0.21
0.18
0.17
0.18
0.15
0.15
0.14
0.16
0.15
0.15
0.15
0.14
0.30
0.17
0.17
0.17
0.18
0.18
0.18
0.17
0.20
0.17
0.17
0.20
0.20
0.20
2.69
1.40
0.48	93.94
0.20
0.39
0.28
0.24
0.34
0.39
0.53
0.17
0.46
0.20
0.19
0.20
0.20
0.20
2.13
0.19
0.18
0.49
0.20
0.21
0.21
0.21
2.30
2.29
0.28
0.28
0.28
0.19
0.75
0.21
0.23
CorWatt	PkgWatt
33.36	193.98
1.59	93.96
0.35
0.27
0.76
1.00
0.23
0.22
0.22
0.22
0.22
0.19
0.22
0.20
0.27
0.21
0.21
0.26
0.25
0.22
0.22
0.22
0.22
0.23
0.20
3.96
0.28
0.25
0.27
0.23
0.22
0.22
0.24
0.89	100.06
0.22
0.22
0.47
0.56
0.41
0.23
0.52
0.41
1.60
0.25
0.37
0.20
0.20
0.20
2.12
2.41
0.23
0.23
0.24
0.21
0.22
0.21
3.37
0.84
0.30
0.25
0.59
0.48
0.21
0.57
0.27
CorWatt	PkgWatt
34.94	197.38
0.31	94.20
0.18
0.18
0.19
0.23
0.19
0.18
0.18
0.17
0.16
0.15
0.15
0.18
0.19
0.15
0.16
0.17
0.17
0.18
0.19
0.20
0.19
0.18
0.17
5.95
0.21
0.21
0.21
0.16
0.20
0.19
0.16
2.05	103.21
0.27
0.28
0.27
0.21
0.56
0.24
0.97
0.34
0.28
1.12
0.31
0.19
0.19
0.20
2.12
0.22
0.22
0.21
2.82
0.21
0.22
0.21
3.61
0.21
0.20
0.21
3.02
0.22
1.43
0.24
0.39
CorWatt	PkgWatt
32.20	193.37
0.25	98.52
0.21
2.25
0.20
0.19
0.18
0.18
0.88
0.23
0.17
0.16
0.60
0.17
0.22
0.17
0.17
0.20
0.20
2.23
0.22
0.20
0.66
0.21
0.19
6.12
0.21
0.21
0.21
0.18
0.17
0.65
0.52
0.37	94.76
0.23
0.21
0.59
0.32
0.48
0.20
0.21
0.40
0.18
0.38
0.18
0.20
0.20
0.20
2.38
0.23
1.07
0.22
0.23
0.31
1.42
0.25
0.83
0.29
0.18
0.17
0.27
0.21
0.22
0.68
0.30
CorWatt	PkgWatt
33.02	201.74
0.35	100.41
0.24
0.22
1.06
2.40
0.20
0.20
0.22
0.17
0.16
0.15
0.17
0.17
0.19
0.18
0.17
0.17
0.17
0.19
0.18
0.19
0.25
0.20
0.19
6.07
0.22
0.23
0.22
0.17
0.16
0.16
0.18
0.21	101.37
0.21
0.21
3.25
0.25
0.71
0.21
0.24
0.18
0.18
0.19
0.57
0.20
0.20
0.20
3.51
0.20
0.20
0.51
0.32
0.30
1.99
0.67
0.30
0.21
0.69
0.20
0.33
0.29
0.20
0.69
0.24
CorWatt	PkgWatt
33.18	189.06
0.32	91.95
0.20
0.20
0.20
0.21
0.17
0.19
0.19
0.19
0.76
0.16
0.21
0.16
0.18
0.16
0.16
0.18
0.18
0.18
1.09
0.21
0.20
0.18
0.17
6.05
0.24
0.23
0.23
0.17
0.19
0.23
0.19
0.22	97.07
0.21
0.21
2.41
0.22
1.91
0.21
0.33
0.39
1.23
0.25
0.46
0.20
0.20
0.20
3.52
0.69
0.26
0.19
0.32
0.26
0.26
2.27
0.27
0.21
0.46
0.20
0.68
0.21
0.20
0.22
0.71
CorWatt	PkgWatt
32.43	190.54
0.31	91.22
0.18
0.18
0.27
0.19
0.17
0.17
0.21
0.17
0.16
0.15
0.17
0.16
0.16
0.15
0.15
0.19
0.17
0.17
0.19
0.19
0.19
0.18
0.18
6.04
0.21
0.21
0.21
0.16
0.17
0.24
0.18
0.21	99.33
0.20
1.14
0.32
0.88
0.25
0.25
1.44
0.22
0.93
0.25
0.22
0.20
0.21
0.20
3.54
0.20
0.21
0.19
2.19
0.30
0.24
0.54
0.61
0.24
0.25
0.25
2.68
0.27
1.07
0.22
0.71
CorWatt	PkgWatt
33.65	200.22
0.34	93.26
0.21
0.19
0.20
0.18
0.17
0.17
0.23
0.16
0.16
0.17
0.16
0.18
0.18
0.16
0.15
0.22
0.19
0.17
0.18
0.20
0.19
0.18
0.17
6.01
0.24
0.24
0.23
0.18
0.18
0.22
0.18
0.24	106.99
0.21
0.21
2.95
0.22
0.58
0.22
0.84
0.33
0.23
0.21
1.47
2.11
0.20
0.41
0.21
0.54
0.24
0.23
2.94
1.39
0.23
0.21
0.41
0.78
0.26
0.25
1.21
0.21
0.21
0.24
1.69
CorWatt	PkgWatt
34.02	202.02
0.30	96.56
0.24
0.33
0.24
0.20
0.25
0.18
0.19
0.19
0.18
0.17
0.16
0.18
0.19
0.18
0.16
0.27
0.24
0.18
0.17
0.21
0.20
0.22
0.22
5.99
0.22
0.22
0.21
0.19
0.18
0.24
0.23
0.38	105.81
0.26
0.22
2.06
0.27
0.37
0.36
1.04
0.21
0.23
0.19
1.93
0.54
0.23
0.27
1.60
1.63
0.42
0.29
0.27
0.21
0.22
0.21
2.72
3.49
0.21
0.20
0.21
0.30
0.26
0.22
0.44
