CorWatt	PkgWatt
7.23	160.25
0.13	80.20
0.13
0.13
0.13
0.12
0.12
0.12
0.12
0.11
0.11
0.11
0.11
0.11
0.11
0.11
0.11
0.13
0.13
0.13
0.12
0.13
0.12
0.12
0.12
0.11
0.11
0.11
0.11
0.11
0.11
0.11
0.11
0.11	80.21
0.11
0.11
0.19
0.11
0.11
0.11
0.11
0.10
0.11
0.10
0.10
0.09
0.09
0.09
0.09
0.11
0.11
0.11
0.11
0.11
0.11
0.11
0.11
0.11
0.11
0.11
0.11
0.11
0.11
0.11
0.11
CorWatt	PkgWatt
7.18	158.60
0.13	79.28
0.13
0.13
0.12
0.12
0.12
0.12
0.11
0.11
0.11
0.11
0.11
0.11
0.11
0.11
0.10
0.12
0.13
0.12
0.12
0.13
0.12
0.12
0.12
0.11
0.11
0.11
0.11
0.11
0.11
0.11
0.11
0.12	79.42
0.11
0.11
0.11
0.13
0.13
0.11
0.15
0.12
0.13
0.10
0.12
0.09
0.09
0.09
0.09
0.11
0.11
0.11
0.11
0.11
0.11
0.12
0.11
0.10
0.10
0.10
0.11
0.10
0.10
0.10
0.10
