CorWatt	PkgWatt
237.63	359.62
4.09	207.74
4.26
4.59
4.61
3.66
3.38
3.57
4.92
3.96
3.45
4.11
3.97
3.91
3.31
3.94
3.98
3.54
4.55
4.40
3.94
4.08
5.17
5.02
3.90
3.60
3.90
3.60
4.03
3.89
4.14
3.89
3.72
3.62	209.14
4.79
3.59
5.05
4.64
4.27
3.73
4.03
4.19
3.88
3.83
3.79
3.96
4.71
3.86
3.89
4.05
4.13
4.93
4.41
4.21
4.25
3.96
4.25
4.06
3.92
4.07
4.00
4.53
4.40
4.06
3.99
CorWatt	PkgWatt
412.88	663.77
5.27	245.22
5.37
5.32
5.26
5.23
5.25
5.27
5.30
5.17
5.23
5.09
5.17
5.23
5.20
5.19
5.19
5.24
5.20
5.29
5.24
5.32
5.29
5.29
5.22
5.19
5.25
5.19
5.20
5.19
5.23
5.24
5.26
5.26	245.39
5.24
5.27
5.27
5.21
5.26
5.30
5.22
5.21
5.18
5.22
5.22
5.23
5.18
5.25
5.23
5.15
5.16
5.15
5.18
5.24
5.23
5.23
5.18
5.16
5.15
5.15
5.19
5.23
5.24
5.22
5.14
CorWatt	PkgWatt
272.61	440.56
3.34	195.40
5.21
3.82
4.71
3.52
3.32
3.81
3.30
3.24
3.17
2.96
3.27
3.36
3.87
3.32
3.61
3.09
3.53
3.38
3.22
2.91
3.63
3.19
3.16
3.63
3.39
2.92
3.29
2.83
3.07
3.06
3.31
5.11	245.21
4.79
4.93
5.10
5.02
5.26
5.27
5.16
5.13
5.01
5.14
5.24
5.24
5.13
5.27
5.24
5.11
4.99
5.13
4.82
5.21
4.95
5.12
5.14
5.16
5.16
5.17
4.85
5.24
5.15
5.07
4.86
CorWatt	PkgWatt
274.12	428.22
2.70	182.58
4.38
3.76
4.08
3.67
3.07
3.70
2.92
2.78
3.35
2.90
3.16
2.71
4.23
2.98
3.23
3.32
2.81
3.21
3.08
2.85
3.67
3.07
3.06
2.96
3.89
2.73
3.14
2.81
3.50
2.86
3.01
5.16	245.49
4.40
4.57
5.19
4.61
5.85
5.80
5.46
5.32
5.40
5.71
5.75
5.86
5.22
5.95
5.92
5.72
5.21
5.39
4.83
5.80
5.14
5.02
5.31
5.27
5.37
5.71
4.55
5.64
5.33
5.21
4.81
CorWatt	PkgWatt
274.64	424.95
2.71	179.54
3.93
2.88
4.64
3.04
2.98
3.87
3.08
2.70
3.49
3.03
2.71
3.07
4.29
2.86
3.14
3.38
2.74
3.36
2.92
3.01
3.67
3.02
2.99
2.68
4.50
2.74
2.71
2.68
3.50
2.89
3.17
4.51	245.41
3.59
4.74
4.84
5.15
5.48
5.92
5.98
5.95
5.86
5.56
5.76
6.05
5.34
6.15
6.07
5.94
5.46
5.49
5.02
5.73
5.28
5.21
5.04
5.12
5.20
5.71
5.43
5.32
5.13
5.31
4.93
CorWatt	PkgWatt
274.60	424.99
2.99	179.56
3.77
3.00
4.70
3.28
3.95
3.19
3.01
2.88
3.59
2.71
2.63
3.26
3.85
3.18
3.00
3.39
3.31
2.78
2.97
3.14
3.68
2.80
2.92
2.68
4.41
2.73
2.71
2.61
3.04
3.37
2.84
4.33	245.48
4.07
4.55
4.63
5.28
5.36
5.82
5.83
5.69
5.96
6.02
5.70
5.89
5.87
6.04
6.08
5.90
5.56
5.62
5.15
5.20
5.48
5.64
5.23
4.60
5.35
5.43
5.28
5.31
5.06
5.13
5.16
CorWatt	PkgWatt
274.31	429.70
3.26	184.34
4.58
4.14
3.41
3.36
4.21
3.38
2.76
2.98
3.62
2.78
2.72
3.06
3.39
3.09
3.10
3.08
3.21
3.25
3.15
3.37
3.54
3.06
2.84
2.86
3.60
2.77
3.21
2.81
2.69
3.51
2.80
5.02	245.37
5.12
5.43
5.10
5.52
5.40
5.45
5.64
5.28
5.41
5.48
5.49
5.38
5.70
5.60
5.68
5.34
5.43
5.32
5.15
5.43
5.30
5.26
5.42
4.59
5.24
5.28
5.09
5.27
5.37
5.23
5.26
CorWatt	PkgWatt
276.05	426.18
2.71	180.68
5.41
3.61
3.92
3.22
4.11
3.51
2.98
3.08
2.95
2.85
3.20
3.21
3.34
3.06
3.12
3.16
3.11
2.92
3.28
3.89
3.17
2.78
2.75
3.30
3.45
2.78
2.81
2.74
2.67
3.50
2.85
5.39	245.49
5.04
5.33
5.48
5.46
5.49
5.47
5.59
5.38
5.38
5.40
5.57
5.28
5.68
5.63
5.38
5.34
5.36
5.38
5.33
5.42
5.44
5.36
5.36
5.13
5.29
5.40
5.34
5.36
5.44
5.39
5.32
CorWatt	PkgWatt
274.67	424.61
2.68	179.26
4.74
3.05
3.38
3.02
3.97
3.37
3.47
2.90
2.87
2.75
3.64
2.98
3.36
3.08
2.94
3.30
3.15
2.74
3.34
4.19
2.75
2.76
2.73
3.33
3.36
3.01
2.87
3.24
2.71
3.52
2.98
5.24	245.36
3.27
4.95
5.15
5.64
5.38
5.61
5.73
5.59
5.54
5.32
5.60
5.15
5.73
5.77
5.19
5.09
5.43
5.48
5.50
5.55
5.62
5.56
5.49
5.29
5.53
5.54
5.50
5.53
5.60
5.49
5.44
CorWatt	PkgWatt
271.37	425.86
2.67	180.45
4.30
3.12
3.64
3.20
4.27
3.33
3.31
2.64
2.73
2.73
3.83
2.66
3.10
3.28
3.25
3.45
2.67
2.74
3.26
4.25
2.74
2.77
2.75
2.75
3.29
2.95
3.37
2.87
3.16
3.16
2.94
4.27	245.41
4.04
3.76
4.76
5.76
4.75
5.59
5.89
5.55
5.50
5.72
5.79
4.62
5.82
6.12
5.62
5.46
5.26
5.65
5.56
5.45
5.53
5.30
5.13
5.47
5.60
5.58
5.73
5.22
5.38
5.30
4.97
CorWatt	PkgWatt
243.32	404.64
2.54	165.66
2.60
2.64
2.55
2.56
2.50
2.60
2.65
2.47
2.51
2.55
2.54
3.11
2.55
2.59
2.54
2.63
2.59
2.61
2.59
2.63
2.64
2.66
2.65
2.59
2.60
2.61
2.63
2.52
2.57
2.55
2.58
3.54	239.03
3.73
3.84
4.64
5.34
4.88
5.69
6.09
5.22
5.64
5.81
4.70
5.39
5.83
4.87
6.19
5.03
5.61
5.98
5.44
5.31
5.14
5.27
5.06
4.38
5.20
4.63
4.46
4.26
4.50
4.41
4.13
CorWatt	PkgWatt
204.04	367.19
2.33	154.45
2.40
2.45
2.32
2.33
2.20
2.33
2.31
2.19
2.28
2.25
2.29
2.24
2.31
2.33
2.26
2.30
2.28
2.37
2.35
2.34
2.43
2.39
2.41
2.25
2.37
2.34
2.39
2.23
2.30
2.29
2.31
3.41	212.86
3.88
3.74
4.01
4.10
4.33
4.11
3.80
4.48
4.22
4.10
4.32
4.10
4.57
3.80
4.68
4.73
3.47
3.95
4.21
4.20
4.52
3.79
3.90
4.17
3.90
3.87
3.39
4.13
4.51
3.69
3.79
CorWatt	PkgWatt
40.51	206.40
0.70	100.68
0.68
0.61
0.57
0.62
0.58
0.67
0.56
0.53
0.45
0.41
0.57
0.52
0.51
0.52
0.58
0.45
0.52
0.62
0.45
0.58
0.57
0.45
0.52
0.44
0.37
0.35
1.18
0.61
0.44
0.41
0.56
0.33	106.49
0.29
0.32
0.29
0.32
0.35
0.31
1.00
0.33
0.33
1.85
0.31
0.30
0.32
1.76
0.33
0.36
0.34
0.81
2.49
2.44
0.40
0.41
0.35
0.56
0.82
0.38
1.62
2.26
0.32
0.36
0.37
CorWatt	PkgWatt
338.92	491.35
5.16	244.52
5.33
5.29
5.19
5.28
5.30
5.26
5.36
5.20
5.20
5.10
5.28
5.33
5.22
5.28
5.32
5.23
5.36
5.41
5.23
5.28
5.40
5.38
5.39
5.33
5.30
5.27
5.38
5.21
5.24
5.32
5.33
5.33	244.89
5.27
5.38
5.28
5.26
5.34
5.31
5.25
5.32
5.28
5.24
5.15
5.28
5.26
5.26
5.33
5.14
5.23
5.21
5.07
5.27
5.32
5.34
5.27
5.23
5.22
5.29
5.30
5.33
5.23
5.36
5.31
CorWatt	PkgWatt
346.46	490.88
5.34	245.51
5.41
5.44
5.35
5.45
5.46
5.46
5.45
5.29
5.35
5.31
5.34
5.44
5.39
5.40
5.39
5.39
5.48
5.45
5.41
5.48
5.52
5.53
5.43
5.46
5.46
5.43
5.48
5.39
5.45
5.44
5.43
5.41	245.32
5.47
5.46
5.45
5.39
5.44
5.46
5.41
5.35
5.37
5.38
5.39
5.41
5.47
5.44
5.44
5.33
5.34
5.33
5.36
5.40
5.41
5.43
5.42
5.34
5.36
5.39
5.39
5.43
5.43
5.45
5.40
CorWatt	PkgWatt
300.20	448.63
5.85	203.21
5.10
3.92
7.30
3.60
4.44
5.07
3.29
5.10
4.33
5.02
3.48
3.24
3.78
3.19
3.29
3.44
3.45
3.47
3.36
3.19
3.30
3.85
3.57
3.31
4.36
3.41
3.35
3.38
3.47
3.59
4.71
5.41	245.42
5.45
5.45
5.44
5.38
5.44
5.48
5.41
5.35
5.39
5.39
5.39
5.41
5.46
5.44
5.44
5.33
5.35
5.32
5.36
5.44
5.40
5.42
5.43
5.35
5.36
5.39
5.38
5.42
5.43
5.44
5.41
CorWatt	PkgWatt
286.56	435.84
4.19	190.44
5.01
4.07
6.46
2.75
5.14
4.55
3.02
3.22
3.66
5.17
2.60
2.93
3.30
2.86
3.26
3.39
2.82
3.15
3.04
3.39
2.81
3.37
3.00
3.31
4.98
3.16
3.07
2.95
3.24
3.38
2.76
5.49	245.33
5.29
5.46
5.44
5.32
5.52
5.67
5.71
5.36
5.32
5.05
5.40
5.35
5.42
5.34
5.44
5.55
5.52
5.57
5.44
5.20
4.98
5.35
5.14
5.50
5.43
5.48
5.03
5.25
5.44
5.47
5.59
CorWatt	PkgWatt
283.29	433.19
4.36	187.70
5.94
4.95
4.12
2.76
3.82
4.60
3.12
3.60
3.04
4.30
4.04
2.82
3.14
3.11
3.14
3.18
2.67
2.73
2.70
3.39
2.77
3.26
3.07
3.27
4.39
2.99
3.51
2.70
3.18
3.35
3.02
5.54	245.46
5.27
5.46
5.24
5.19
5.56
5.82
5.96
5.45
5.41
4.90
5.18
5.20
5.52
5.41
5.29
5.73
5.59
5.82
5.60
4.89
4.87
5.16
4.96
5.42
5.51
5.33
5.19
5.13
5.42
5.49
5.72
CorWatt	PkgWatt
285.72	435.40
5.02	190.09
7.55
3.98
3.92
3.36
2.69
4.72
3.76
3.73
4.14
3.26
5.13
2.68
3.75
2.87
2.89
3.10
2.79
2.87
2.68
3.22
2.73
3.24
3.05
4.61
3.50
3.02
3.31
3.49
3.00
2.83
2.75
5.62	245.37
5.34
5.49
5.18
5.32
5.47
5.88
6.11
5.39
5.45
4.84
5.06
5.02
5.54
5.44
5.31
5.29
5.72
5.93
5.76
4.91
4.75
5.01
4.91
5.41
5.41
5.49
5.14
5.11
5.67
5.57
5.58
CorWatt	PkgWatt
284.52	434.20
3.34	188.60
6.17
4.31
4.97
2.91
2.72
4.20
4.77
4.65
3.28
3.23
4.84
3.11
3.06
2.70
2.74
2.97
2.96
2.75
2.69
3.18
3.12
3.61
2.73
4.66
3.31
3.61
3.01
2.61
3.07
3.50
3.22
5.27	245.54
5.25
5.51
5.42
5.37
5.54
5.68
5.85
5.28
5.21
5.05
5.26
5.13
5.45
5.38
5.38
5.47
5.61
5.51
5.66
5.43
5.07
5.34
5.27
5.17
5.35
5.48
5.22
5.24
5.64
5.61
5.36
CorWatt	PkgWatt
281.22	430.48
3.13	185.17
5.90
3.67
3.69
2.95
3.16
3.29
4.78
4.70
3.21
3.26
4.32
3.11
3.14
2.65
2.59
3.01
3.03
3.07
2.69
3.02
3.66
3.19
2.73
3.76
3.74
3.39
3.16
2.65
3.11
3.39
3.36
5.35	245.33
5.41
5.49
5.43
5.38
5.40
5.56
5.52
5.30
5.30
5.38
5.30
5.43
5.48
5.45
5.33
5.26
5.54
5.35
5.45
5.41
5.38
5.32
5.36
5.29
5.34
5.38
5.43
5.40
5.51
5.43
5.40
CorWatt	PkgWatt
283.64	433.09
5.16	187.60
4.88
4.82
4.43
2.85
3.42
3.13
4.91
5.34
4.39
2.79
3.78
3.05
3.06
2.54
2.52
2.84
2.93
3.20
2.62
2.91
3.70
3.02
2.97
4.53
3.66
2.78
2.85
2.63
2.64
3.22
3.42
4.36	245.50
5.35
5.44
5.47
5.40
5.42
5.67
5.51
5.36
5.35
5.43
5.35
5.55
5.50
5.45
5.35
5.30
5.60
5.43
5.46
5.40
5.32
5.39
5.39
5.39
5.36
5.35
5.45
5.41
5.52
5.49
5.44
CorWatt	PkgWatt
280.71	431.46
4.96	185.87
4.61
4.95
4.14
2.90
3.88
2.78
3.92
4.64
4.82
3.21
3.45
3.08
3.07
2.58
2.54
2.83
2.84
3.15
2.85
2.87
3.40
3.42
2.88
3.28
3.12
3.35
3.51
2.86
2.60
3.28
3.11
4.71	245.57
5.62
5.43
5.38
5.32
5.72
5.88
5.48
5.54
5.36
4.87
4.96
5.52
5.80
5.54
5.34
5.27
5.89
5.58
5.52
4.91
4.51
5.10
4.95
5.60
5.14
5.34
5.61
5.22
5.73
5.74
5.23
CorWatt	PkgWatt
250.43	419.36
3.42	176.24
4.75
3.36
2.87
2.64
3.20
2.89
2.76
2.57
2.61
2.58
2.58
2.65
2.62
2.60
2.55
2.59
2.62
2.79
2.64
2.64
2.65
2.70
2.66
2.58
2.58
2.66
2.67
2.55
2.59
2.65
2.64
4.47	243.15
5.44
4.88
4.83
4.75
5.73
5.35
4.70
5.24
5.17
4.44
4.85
4.75
5.87
4.72
4.51
5.98
6.43
5.25
5.87
4.71
3.88
4.81
4.59
5.44
4.44
4.92
5.33
4.43
5.58
5.41
4.82
