CorWatt	PkgWatt
37.93	197.03
0.28	95.85
0.29
5.76
0.27
0.22
0.21
0.22
0.22
0.19
0.19
0.20
0.20
0.19
0.18
0.18
0.19
0.26
0.27
0.27
3.57
0.21
0.22
0.21
0.20
0.20
0.20
0.21
0.20
0.21
0.21
0.21
0.21
0.20	101.07
0.21
5.71
0.21
0.21
5.81
0.21
0.21
0.14
0.14
0.15
0.14
0.15
0.14
0.14
0.14
0.16
0.16
0.15
0.16
0.16
0.16
0.17
0.16
5.72
0.19
0.19
0.19
0.14
0.14
0.14
0.14
CorWatt	PkgWatt
36.90	192.05
0.26	93.17
0.25
5.82
0.23
0.18
0.18
0.19
0.18
0.16
0.16
0.17
0.16
0.16
0.20
0.16
0.16
0.22
0.23
0.24
4.13
0.20
0.19
0.18
0.18
0.20
0.17
0.17
0.21
0.19
0.17
0.16
0.17
0.21	98.20
0.22
4.47
0.21
0.21
5.82
0.21
0.21
0.18
0.15
0.15
0.16
0.19
0.15
0.15
0.19
0.17
0.17
0.15
0.17
0.19
0.18
0.19
0.18
5.71
0.19
0.19
0.19
0.15
0.15
0.20
0.15
CorWatt	PkgWatt
41.32	199.74
0.48	104.22
0.28
5.73
0.24
0.22
0.28
0.28
0.54
5.39
0.21
0.42
0.21
0.21
0.22
0.43
0.38
0.44
0.24
0.25
4.13
0.26
0.43
0.31
0.42
0.29
0.52
0.34
0.27
0.28
0.28
0.30
0.23
0.18	95.86
0.17
0.17
0.17
0.21
5.82
0.21
0.21
0.20
0.19
0.17
0.20
0.16
0.15
0.16
0.17
0.16
0.16
0.16
0.17
0.17
0.17
0.17
0.17
5.73
0.20
0.20
0.20
0.16
0.15
0.16
0.16
CorWatt	PkgWatt
35.41	188.19
0.25	95.62
0.25
5.73
0.23
0.18
0.18
0.18
0.18
5.71
0.21
0.21
0.21
0.16
0.16
0.16
0.16
0.22
0.23
0.23
2.22
0.19
0.18
0.18
0.18
0.17
0.17
0.17
0.17
0.16
0.16
0.16
0.16
0.15	92.64
0.15
0.15
0.15
0.21
5.81
0.21
0.21
0.14
0.14
0.14
0.14
0.14
0.14
0.14
0.14
0.16
0.16
0.15
0.16
0.16
0.16
0.16
0.16
5.72
0.19
0.19
0.19
0.15
0.15
0.15
0.15
CorWatt	PkgWatt
35.40	188.09
0.26	95.49
0.25
5.75
0.23
0.18
0.17
0.18
0.17
5.67
0.21
0.21
0.21
0.16
0.16
0.16
0.16
0.23
0.23
0.23
2.11
0.20
0.18
0.18
0.18
0.17
0.17
0.18
0.18
0.16
0.16
0.16
0.16
0.15	92.66
0.16
0.16
0.16
0.21
5.82
0.21
0.21
0.15
0.14
0.14
0.14
0.14
0.14
0.14
0.14
0.16
0.16
0.15
0.16
0.16
0.16
0.16
0.16
5.71
0.20
0.19
0.19
0.15
0.15
0.15
0.15
