CorWatt	PkgWatt
15.01	126.66
0.50	126.67
0.50
0.47
0.43
0.52
0.51
0.51
0.49
0.40
0.44
0.52
0.41
0.53
0.52
0.49
0.54
0.51
0.48
0.51
0.48
0.45
0.41
0.40
0.43
0.37
0.37
0.37
0.35
0.51
0.50
0.58
0.52
CorWatt	PkgWatt
14.87	126.15
0.48	126.75
0.49
0.46
0.43
0.49
0.49
0.48
0.48
0.39
0.43
0.40
0.40
0.51
0.54
0.51
0.55
0.52
0.47
0.49
0.51
0.42
0.42
0.42
0.46
0.40
0.37
0.39
0.38
0.54
0.50
0.58
0.52
CorWatt	PkgWatt
17.57	129.42
0.63	128.82
0.55
0.56
0.57
0.65
0.61
0.57
0.56
0.56
0.53
0.56
0.50
0.54
0.60
0.59
0.59
0.55
0.55
0.56
0.55
0.50
0.49
0.55
0.45
0.48
0.46
0.51
0.46
0.59
0.54
0.58
0.52
CorWatt	PkgWatt
16.48	128.24
0.56	128.07
0.56
0.66
0.55
0.56
0.52
0.57
0.51
0.41
0.47
0.49
0.46
0.54
0.54
0.52
0.53
0.53
0.51
0.47
0.53
0.41
0.41
0.41
0.41
0.48
0.43
0.47
0.51
0.62
0.59
0.60
0.61
