CorWatt	PkgWatt
15.03	127.09
0.50	127.10
0.49
0.46
0.46
0.51
0.54
0.50
0.50
0.48
0.44
0.37
0.38
0.51
0.52
0.49
0.52
0.46
0.50
0.47
0.47
0.41
0.42
0.42
0.42
0.37
0.35
0.37
0.37
0.59
0.59
0.56
0.58
CorWatt	PkgWatt
15.25	126.90
0.54	127.41
0.48
0.47
0.43
0.50
0.55
0.49
0.51
0.42
0.44
0.37
0.42
0.60
0.58
0.57
0.59
0.46
0.50
0.48
0.47
0.39
0.41
0.39
0.46
0.35
0.39
0.36
0.36
0.57
0.56
0.61
0.56
CorWatt	PkgWatt
17.63	129.97
0.54	129.47
0.58
0.52
0.47
0.65
0.61
0.59
0.68
0.47
0.49
0.50
0.45
0.69
0.57
0.57
0.56
0.54
0.59
0.52
0.58
0.43
0.43
0.43
0.53
0.57
0.46
0.47
0.49
0.63
0.65
0.73
0.62
CorWatt	PkgWatt
15.12	127.53
0.53	127.45
0.44
0.48
0.44
0.53
0.54
0.53
0.56
0.40
0.44
0.39
0.39
0.51
0.52
0.50
0.55
0.45
0.53
0.46
0.47
0.39
0.39
0.40
0.42
0.40
0.46
0.43
0.37
0.57
0.53
0.55
0.52
