CorWatt	PkgWatt
15.53	128.20
0.53	128.19
0.53
0.48
0.47
0.52
0.55
0.52
0.52
0.47
0.46
0.42
0.45
0.53
0.55
0.57
0.55
0.46
0.48
0.47
0.49
0.41
0.43
0.40
0.42
0.39
0.41
0.39
0.49
0.55
0.54
0.55
0.54
CorWatt	PkgWatt
15.02	127.62
0.52	127.60
0.51
0.47
0.45
0.52
0.53
0.51
0.54
0.44
0.46
0.41
0.41
0.57
0.53
0.51
0.56
0.45
0.47
0.46
0.47
0.40
0.45
0.39
0.41
0.36
0.40
0.39
0.40
0.53
0.51
0.52
0.51
CorWatt	PkgWatt
68.88	183.38
0.89	183.51
2.15
2.22
2.17
2.25
2.30
2.23
2.21
2.20
2.19
2.19
3.79
2.29
2.33
2.28
2.30
2.15
2.11
1.93
2.03
2.09
2.12
1.91
1.88
2.12
2.11
1.98
1.90
2.28
2.22
2.04
2.06
