CorWatt	PkgWatt
15.23	127.02
0.52	127.02
0.54
0.52
0.54
0.55
0.52
0.52
0.53
0.46
0.45
0.38
0.37
0.50
0.55
0.49
0.51
0.49
0.46
0.46
0.49
0.40
0.41
0.41
0.39
0.37
0.37
0.38
0.37
0.55
0.56
0.59
0.57
CorWatt	PkgWatt
14.83	126.64
0.52	126.69
0.51
0.48
0.47
0.55
0.51
0.54
0.54
0.47
0.45
0.37
0.38
0.50
0.52
0.49
0.51
0.47
0.47
0.45
0.46
0.39
0.41
0.40
0.39
0.36
0.36
0.37
0.36
0.52
0.51
0.57
0.54
CorWatt	PkgWatt
18.16	129.38
0.60	129.36
0.61
0.54
0.57
0.58
0.55
0.59
0.54
0.54
0.54
0.48
0.47
0.58
0.59
0.58
0.56
0.63
0.57
0.58
0.63
0.56
0.52
0.54
0.53
0.51
0.57
0.58
0.53
0.60
0.59
0.68
0.62
CorWatt	PkgWatt
15.04	126.97
0.50	126.93
0.51
0.46
0.44
0.53
0.53
0.50
0.50
0.41
0.46
0.37
0.37
0.50
0.52
0.51
0.52
0.55
0.53
0.51
0.53
0.39
0.41
0.38
0.42
0.37
0.47
0.43
0.35
0.52
0.50
0.54
0.50
CorWatt	PkgWatt
14.83	126.70
0.53	126.70
0.52
0.45
0.44
0.52
0.50
0.48
0.50
0.44
0.44
0.36
0.37
0.50
0.54
0.49
0.50
0.50
0.51
0.48
0.51
0.42
0.41
0.39
0.39
0.35
0.47
0.41
0.35
0.51
0.49
0.55
0.51
CorWatt	PkgWatt
14.57	126.10
0.49	126.54
0.50
0.46
0.44
0.48
0.48
0.47
0.47
0.41
0.43
0.37
0.37
0.52
0.52
0.48
0.50
0.51
0.48
0.49
0.49
0.42
0.42
0.38
0.38
0.36
0.44
0.41
0.35
0.51
0.49
0.57
0.49
CorWatt	PkgWatt
14.67	127.10
0.52	126.64
0.49
0.45
0.44
0.49
0.51
0.49
0.49
0.43
0.43
0.36
0.40
0.49
0.52
0.48
0.50
0.45
0.50
0.44
0.49
0.39
0.42
0.38
0.38
0.35
0.47
0.43
0.35
0.52
0.49
0.56
0.53
CorWatt	PkgWatt
14.71	126.64
0.55	126.63
0.44
0.46
0.47
0.49
0.49
0.48
0.47
0.43
0.43
0.38
0.37
0.51
0.52
0.49
0.51
0.52
0.51
0.46
0.47
0.40
0.40
0.40
0.38
0.37
0.45
0.41
0.35
0.51
0.53
0.58
0.50
CorWatt	PkgWatt
14.44	126.60
0.53	126.61
0.44
0.44
0.42
0.50
0.51
0.48
0.48
0.38
0.43
0.36
0.41
0.51
0.51
0.48
0.50
0.45
0.50
0.44
0.46
0.39
0.39
0.38
0.38
0.38
0.47
0.40
0.36
0.51
0.51
0.54
0.50
CorWatt	PkgWatt
15.47	127.06
0.51	127.03
0.45
0.51
0.45
0.51
0.51
0.50
0.57
0.44
0.45
0.40
0.42
0.53
0.53
0.52
0.54
0.47
0.52
0.47
0.49
0.41
0.41
0.41
0.41
0.42
0.53
0.45
0.39
0.54
0.53
0.60
0.59
