CorWatt	PkgWatt
4.55	151.58
0.09	76.39
0.08
0.08
0.08
0.08
0.08
0.08
0.09
0.08
0.08
0.08
0.08
0.08
0.15
0.07
0.07
0.09
0.08
0.08
0.08
0.09
0.08
0.08
0.08
0.08
0.08
0.08
0.08
0.08
0.08
0.08
0.08
0.07	75.26
0.06
0.06
0.06
0.07
0.06
0.06
0.06
0.05
0.05
0.05
0.05
0.05
0.05
0.05
0.05
0.06
0.06
0.05
0.06
0.07
0.07
0.07
0.07
0.06
0.06
0.05
0.05
0.05
0.05
0.05
0.06
CorWatt	PkgWatt
4.47	151.47
0.09	76.36
0.09
0.08
0.08
0.10
0.08
0.08
0.09
0.08
0.09
0.07
0.12
0.08
0.07
0.07
0.07
0.09
0.08
0.08
0.09
0.10
0.08
0.08
0.09
0.08
0.08
0.08
0.09
0.07
0.10
0.08
0.07
0.06	75.02
0.06
0.06
0.06
0.06
0.06
0.06
0.05
0.05
0.05
0.05
0.05
0.05
0.05
0.05
0.05
0.06
0.05
0.05
0.05
0.06
0.06
0.06
0.06
0.05
0.05
0.05
0.05
0.05
0.05
0.05
0.05
