CorWatt	PkgWatt
15.56	127.72
0.55	127.73
0.49
0.49
0.52
0.54
0.60
0.53
0.60
0.43
0.48
0.51
0.40
0.53
0.53
0.54
0.53
0.47
0.47
0.45
0.48
0.42
0.42
0.43
0.41
0.36
0.39
0.42
0.37
0.55
0.53
0.54
0.58
CorWatt	PkgWatt
14.55	126.66
0.50	126.75
0.45
0.49
0.49
0.50
0.58
0.49
0.49
0.38
0.45
0.43
0.38
0.49
0.51
0.48
0.50
0.44
0.47
0.46
0.46
0.39
0.38
0.40
0.40
0.36
0.38
0.39
0.35
0.50
0.51
0.51
0.54
CorWatt	PkgWatt
23.67	136.03
1.81	136.03
0.72
0.72
0.84
1.39
1.06
0.70
0.71
0.59
0.74
0.63
0.57
0.66
0.72
0.72
0.71
0.63
0.65
0.64
0.70
0.71
0.59
0.65
0.62
0.55
0.55
0.59
0.57
0.73
0.66
0.73
0.83
CorWatt	PkgWatt
17.17	129.17
0.77	129.09
0.69
0.68
1.07
0.77
0.65
0.54
0.53
0.39
0.49
0.39
0.42
0.52
0.55
0.54
0.52
0.48
0.60
0.51
0.51
0.46
0.44
0.45
0.43
0.38
0.38
0.42
0.39
0.58
0.53
0.55
0.53
CorWatt	PkgWatt
17.30	129.11
1.13	129.11
0.84
0.69
0.72
0.64
0.61
0.54
0.52
0.48
0.47
0.46
0.47
0.54
0.53
0.52
0.52
0.49
0.47
0.48
0.51
0.40
0.40
0.45
0.44
0.47
0.45
0.43
0.39
0.58
0.54
0.54
0.57
CorWatt	PkgWatt
17.64	129.35
1.01	129.37
1.01
0.73
0.73
0.59
0.65
0.51
0.49
0.51
0.50
0.46
0.45
0.54
0.58
0.50
0.55
0.51
0.52
0.48
0.51
0.46
0.43
0.45
0.43
0.46
0.44
0.43
0.40
0.60
0.56
0.59
0.57
CorWatt	PkgWatt
17.05	128.85
0.84	128.83
1.08
0.86
0.69
0.55
0.66
0.52
0.49
0.43
0.44
0.40
0.38
0.57
0.56
0.55
0.54
0.49
0.57
0.50
0.53
0.45
0.44
0.43
0.45
0.38
0.40
0.43
0.37
0.52
0.49
0.50
0.54
CorWatt	PkgWatt
17.00	128.63
0.75	128.63
1.02
0.95
0.68
0.61
0.63
0.51
0.47
0.42
0.50
0.45
0.43
0.54
0.54
0.55
0.54
0.49
0.59
0.49
0.51
0.46
0.42
0.42
0.44
0.36
0.40
0.42
0.37
0.53
0.49
0.50
0.53
CorWatt	PkgWatt
18.15	130.32
0.58	130.31
0.57
2.96
0.48
0.60
0.57
0.52
0.48
0.44
0.47
0.39
0.47
0.57
0.56
0.55
0.56
0.50
0.50
0.49
0.47
0.44
0.42
0.43
0.42
0.35
0.37
0.41
0.35
0.56
0.53
0.57
0.54
CorWatt	PkgWatt
18.18	130.48
0.54	130.49
0.48
3.17
0.45
0.63
0.53
0.50
0.47
0.40
0.46
0.37
0.40
0.51
0.54
0.53
0.55
0.50
0.50
0.57
0.53
0.46
0.44
0.45
0.47
0.38
0.44
0.44
0.39
0.54
0.51
0.51
0.54
CorWatt	PkgWatt
18.05	130.38
0.54	130.37
0.50
3.17
0.43
0.62
0.54
0.51
0.47
0.40
0.43
0.41
0.41
0.53
0.54
0.52
0.55
0.51
0.46
0.45
0.50
0.43
0.39
0.42
0.42
0.47
0.41
0.42
0.38
0.57
0.55
0.55
0.56
CorWatt	PkgWatt
18.41	130.53
0.55	130.54
0.48
3.17
0.47
0.62
0.56
0.54
0.52
0.43
0.47
0.45
0.43
0.53
0.56
0.51
0.55
0.46
0.46
0.44
0.49
0.42
0.40
0.44
0.43
0.36
0.47
0.46
0.40
0.58
0.58
0.54
0.63
CorWatt	PkgWatt
20.64	132.34
0.62	132.32
0.58
2.87
0.50
0.73
0.59
0.61
0.59
0.65
0.66
0.60
0.59
0.67
0.67
0.66
0.77
0.55
0.55
0.55
0.51
0.50
0.48
0.51
0.45
0.44
0.44
0.42
0.46
0.61
0.61
0.60
0.61
