CorWatt	PkgWatt
42.71	197.26
0.19	92.17
0.18
0.18
0.17
0.17
0.17
0.17
0.48
0.19
0.19
3.39
0.19
0.15
0.15
0.15
0.15
0.17
0.17
0.17
0.18
5.67
0.23
0.21
0.21
0.16
0.16
0.16
0.16
0.16
0.16
0.16
0.16
0.21	105.19
0.21
5.84
0.21
0.21
5.88
0.21
0.21
0.15
0.14
0.15
0.14
0.14
0.14
0.14
0.14
0.20
0.21
0.19
5.76
0.16
0.16
0.16
0.16
0.15
0.15
0.15
0.15
0.20
5.85
0.19
0.19
CorWatt	PkgWatt
47.11	202.16
0.21	91.35
0.19
0.18
0.18
0.21
0.21
0.21
2.76
0.16
0.15
0.15
0.15
0.17
0.18
0.15
0.15
0.17
0.17
0.17
0.18
5.70
0.24
0.22
0.21
0.16
0.16
0.16
0.16
0.16
0.16
0.16
0.16
0.22	109.97
0.21
5.84
0.21
0.21
5.86
0.22
0.21
0.23
0.17
0.18
0.19
0.17
0.20
0.25
0.19
0.21
0.21
0.20
5.78
0.21
4.39
0.20
0.20
0.18
0.21
0.18
0.19
0.20
5.87
0.20
0.21
CorWatt	PkgWatt
51.18	207.70
0.34	95.83
0.29
0.20
0.25
0.39
0.22
0.22
2.27
0.18
0.18
0.26
0.34
0.16
0.36
0.34
0.16
0.37
0.18
0.18
0.39
5.72
0.26
0.26
0.22
0.57
0.31
0.31
0.29
0.38
0.16
0.16
0.34
0.22	113.56
0.21
5.85
0.21
0.22
5.90
0.23
0.26
0.20
0.21
0.37
0.21
0.24
0.20
0.25
0.21
0.23
0.22
0.20
5.78
0.24
5.84
0.21
0.21
0.23
0.22
0.24
0.20
0.20
5.86
0.20
0.20
CorWatt	PkgWatt
44.69	197.74
0.19	91.20
0.18
0.18
0.18
0.21
0.21
0.21
3.08
0.16
0.15
0.15
0.15
0.15
0.15
0.14
0.15
0.17
0.17
0.17
0.18
3.95
0.22
0.22
0.20
0.16
0.16
0.16
0.16
0.18
2.72
0.18
0.17
0.21	105.84
0.21
5.85
0.21
0.21
5.89
0.21
0.21
0.15
0.15
0.15
0.15
0.15
0.14
0.15
0.15
0.18
0.19
0.17
1.54
0.21
5.82
0.21
0.21
0.15
0.16
0.15
0.16
0.20
5.84
0.20
0.19
CorWatt	PkgWatt
43.28	197.43
0.19	91.38
0.18
0.18
0.18
0.21
0.22
0.22
4.12
0.16
0.16
0.15
0.15
0.15
0.15
0.15
0.15
0.17
0.17
0.16
0.17
0.19
0.17
0.18
0.17
0.16
0.16
0.16
0.16
0.21
5.66
0.21
0.20
0.21	106.02
0.21
5.85
0.21
0.21
5.80
0.21
0.21
0.15
0.15
0.15
0.15
0.15
0.14
0.14
0.14
0.16
0.16
0.16
0.16
0.22
5.84
0.21
0.21
0.15
0.16
0.16
0.16
0.20
5.84
0.20
0.20
CorWatt	PkgWatt
49.15	204.33
0.22	94.25
0.21
0.21
0.21
0.24
0.24
0.24
4.12
0.18
0.18
0.18
0.18
0.18
0.18
0.17
0.17
0.20
0.19
0.19
0.20
0.21
0.20
0.20
0.20
0.22
0.22
0.22
0.22
0.24
5.63
0.24
0.23
0.22	110.92
0.21
5.84
0.21
0.21
5.80
0.21
0.21
0.20
0.20
5.04
0.19
0.15
0.14
0.15
0.15
0.16
0.17
0.16
0.16
0.21
5.85
0.21
0.21
0.15
0.16
0.15
0.16
0.23
5.83
0.22
0.23
CorWatt	PkgWatt
50.00	201.85
0.19	92.06
0.18
0.18
0.18
0.21
0.21
0.21
2.66
0.17
0.17
0.17
2.24
0.15
0.15
0.15
0.15
0.17
0.17
0.17
0.17
0.19
0.17
0.18
0.17
0.16
0.16
0.16
0.16
0.21
5.69
0.21
0.21
0.18	110.11
0.17
1.44
0.18
0.21
5.82
0.21
0.21
0.20
0.20
5.80
0.20
0.16
0.15
0.15
0.15
0.20
4.77
0.19
0.20
0.21
5.85
0.21
0.21
0.16
0.16
0.16
0.17
0.20
5.87
0.20
0.20
CorWatt	PkgWatt
52.91	208.56
0.19	96.94
0.18
0.18
0.20
0.22
0.21
0.22
2.08
0.20
0.21
0.20
5.67
0.15
0.15
0.14
0.15
0.18
0.17
0.17
0.17
0.19
0.17
0.17
0.17
0.17
0.24
0.16
0.17
0.21
5.71
0.21
0.21
0.17	111.67
0.16
0.16
0.16
0.21
5.80
0.22
0.22
0.20
0.21
5.83
0.19
0.15
0.15
0.15
0.15
0.21
5.75
0.20
0.22
0.21
5.86
0.21
0.21
0.16
0.16
0.16
0.16
0.21
5.82
0.20
0.20
CorWatt	PkgWatt
52.49	204.74
0.19	94.99
0.17
0.18
0.18
0.21
0.21
0.21
2.07
0.20
0.21
0.19
5.67
0.15
0.15
0.14
0.14
0.17
0.17
0.17
0.17
0.18
0.17
0.17
0.17
0.16
0.16
0.16
0.16
0.21
5.72
0.21
0.21
0.16	109.70
0.16
0.16
0.16
0.21
5.79
0.21
0.21
0.20
0.20
5.82
0.19
0.14
0.14
0.14
0.14
0.20
5.75
0.19
0.21
0.21
5.84
0.21
0.21
0.15
0.16
0.15
0.15
0.20
5.81
0.20
0.19
CorWatt	PkgWatt
51.30	204.16
0.19	95.02
0.18
0.17
0.18
0.21
0.21
0.21
2.10
0.20
0.21
0.19
5.67
0.15
0.15
0.14
0.14
0.17
0.17
0.17
0.17
0.19
0.17
0.17
0.17
0.16
0.16
0.16
0.16
0.21
5.76
0.21
0.21
0.21	108.43
0.21
4.99
0.21
0.19
3.18
0.20
0.19
0.20
0.20
5.79
0.19
0.16
0.15
0.15
0.16
0.21
5.75
0.20
0.21
0.21
5.85
0.21
0.21
0.16
0.17
0.16
0.16
0.17
2.00
0.18
0.17
