CorWatt	PkgWatt
4.59	151.52
0.09	76.05
0.08
0.08
0.08
0.08
0.08
0.08
0.08
0.08
0.08
0.07
0.07
0.07
0.07
0.07
0.07
0.08
0.08
0.08
0.08
0.09
0.09
0.08
0.08
0.08
0.08
0.08
0.08
0.08
0.08
0.08
0.08
0.07	75.52
0.07
0.07
0.07
0.07
0.07
0.07
0.07
0.06
0.06
0.06
0.06
0.06
0.06
0.06
0.06
0.07
0.07
0.06
0.07
0.07
0.07
0.07
0.07
0.06
0.06
0.06
0.06
0.06
0.06
0.06
0.06
CorWatt	PkgWatt
4.44	151.12
0.08	76.00
0.08
0.09
0.08
0.09
0.08
0.08
0.09
0.08
0.07
0.07
0.08
0.08
0.07
0.07
0.07
0.08
0.08
0.08
0.09
0.09
0.08
0.09
0.10
0.08
0.16
0.08
0.08
0.07
0.07
0.07
0.08
0.06	75.06
0.06
0.06
0.06
0.07
0.06
0.06
0.06
0.05
0.05
0.05
0.05
0.05
0.05
0.05
0.05
0.06
0.06
0.05
0.06
0.06
0.06
0.06
0.07
0.05
0.05
0.05
0.05
0.05
0.05
0.05
0.05
