CorWatt	PkgWatt
28.09	208.50
0.44	112.52
0.37
0.36
0.44
0.51
0.50
0.43
0.38
0.68
0.70
0.70
0.70
0.47
0.38
0.44
0.38
0.32
0.38
0.47
0.47
0.58
0.66
0.51
0.49
1.30
1.16
1.12
1.33
1.04
1.23
1.10
1.14
0.16	96.55
0.16
0.19
0.15
0.67
0.65
0.62
0.63
0.13
0.18
0.16
0.14
0.23
0.14
0.13
0.13
0.18
0.16
0.14
0.15
0.17
0.15
0.16
0.15
0.16
0.21
0.16
0.15
0.14
0.17
0.14
0.15
CorWatt	PkgWatt
29.51	199.30
0.88	111.55
0.62
0.60
0.52
1.71
1.51
1.38
1.57
0.52
0.41
0.26
0.24
0.57
0.49
0.67
0.50
1.05
0.57
0.73
0.59
0.93
0.53
0.60
0.70
1.56
1.48
1.48
1.48
0.51
0.46
0.45
0.39
0.12	87.50
0.11
0.12
0.12
0.12
0.12
0.14
0.19
0.10
0.12
0.10
0.10
0.09
0.10
0.09
0.09
0.10
0.15
0.10
0.10
0.10
0.10
0.10
0.10
0.11
0.15
0.11
0.11
0.10
0.09
0.09
0.10
CorWatt	PkgWatt
40.07	229.14
1.08	113.49
0.85
0.71
0.58
1.05
1.02
1.01
0.87
0.28
0.27
0.37
2.29
0.39
0.40
0.37
0.36
0.27
0.25
0.26
0.27
0.37
0.39
0.34
0.41
0.37
0.30
0.29
0.31
0.53
0.96
0.75
0.52
1.33	115.84
1.20
1.25
1.16
0.41
0.33
0.37
0.41
0.29
0.30
0.31
0.29
0.87
0.71
0.70
0.86
0.25
0.25
0.69
0.28
0.57
0.50
0.51
0.75
1.55
1.11
1.25
1.00
0.57
0.65
0.43
0.45
CorWatt	PkgWatt
34.56	223.80
1.33	111.39
1.07
0.87
0.90
1.00
0.92
0.62
0.86
0.20
0.20
0.20
0.83
0.44
0.55
0.25
0.25
0.21
0.21
0.21
0.46
0.21
0.20
0.19
0.19
0.47
0.41
0.75
0.38
0.55
0.65
0.57
0.61
1.61	112.84
1.42
1.36
1.69
0.50
0.41
0.33
0.38
0.65
0.78
0.79
0.54
0.15
0.15
0.15
0.16
0.16
0.16
0.16
0.16
0.84
0.85
0.68
0.73
0.51
0.52
0.55
0.68
0.19
0.23
0.18
0.18
CorWatt	PkgWatt
33.34	222.49
0.52	115.58
0.43
0.34
0.33
0.99
1.09
1.00
1.03
0.45
0.59
0.43
0.43
0.34
0.40
1.31
0.35
0.83
0.60
0.73
0.64
0.21
0.20
0.19
0.19
1.05
0.99
1.01
1.26
1.00
0.78
0.89
0.76
0.25	106.60
0.38
0.22
0.22
0.75
0.75
0.52
0.53
0.77
0.73
0.61
0.87
0.14
0.14
0.13
0.13
0.16
0.16
0.16
0.16
0.39
0.56
0.51
0.49
0.48
0.42
0.42
0.32
0.15
0.14
0.14
0.15
CorWatt	PkgWatt
35.20	225.70
0.56	106.75
0.54
0.49
0.51
0.76
0.65
0.53
0.43
0.51
0.25
0.35
0.28
0.21
0.21
0.36
0.22
0.45
0.33
0.32
0.65
0.24
0.23
0.22
0.27
0.23
0.21
0.30
0.25
0.35
0.30
0.39
0.55
0.67	118.40
0.62
0.58
0.63
0.37
0.27
0.26
0.27
0.75
0.94
0.72
0.97
0.17
0.16
0.18
0.15
2.06
2.04
2.45
1.92
1.02
1.05
0.97
1.06
0.27
0.36
0.56
0.38
0.25
0.24
0.40
0.25
CorWatt	PkgWatt
34.10	231.77
1.50	113.80
1.32
1.15
1.20
0.61
0.54
0.51
0.43
0.23
0.24
0.20
0.20
0.16
0.17
0.16
0.16
0.23
0.23
0.23
0.25
0.23
0.21
0.21
0.27
0.90
0.72
0.60
0.83
0.31
0.38
0.36
0.38
0.77	118.17
0.46
0.63
0.58
0.19
0.19
0.19
0.19
0.46
0.39
1.27
0.34
0.16
0.17
0.16
0.15
0.59
0.66
0.59
0.63
1.49
1.49
1.20
1.48
0.75
0.73
0.82
1.03
0.29
0.41
0.29
0.31
CorWatt	PkgWatt
34.14	224.93
0.48	109.63
0.32
0.43
0.38
0.59
0.37
0.64
0.43
0.18
0.22
0.17
0.17
0.16
0.16
0.16
0.16
0.39
0.34
0.44
0.32
1.38
1.04
1.11
1.02
0.56
0.44
0.63
0.63
0.22
0.23
0.21
0.21
1.13	115.53
1.15
0.92
1.01
0.24
0.23
0.27
0.22
0.68
0.36
1.03
0.32
0.26
0.22
0.19
0.22
0.66
0.58
0.67
0.78
0.68
0.50
0.54
0.82
0.98
1.20
0.93
1.01
0.57
0.45
0.61
0.54
CorWatt	PkgWatt
32.98	235.66
0.39	111.98
0.21
0.20
0.19
0.82
0.90
1.02
0.91
0.18
0.25
0.21
0.18
0.15
0.15
0.15
0.19
0.36
0.27
0.32
0.31
0.44
0.36
0.63
0.48
0.27
0.22
0.30
0.27
0.16
0.17
0.16
0.16
0.29	123.84
0.42
0.31
0.43
2.23
2.22
2.64
2.12
0.44
0.26
0.23
0.24
0.51
0.42
0.43
0.39
0.93
0.78
0.68
0.66
0.27
0.25
0.34
0.25
0.29
0.27
0.29
0.27
0.75
0.83
0.67
0.91
CorWatt	PkgWatt
34.16	236.57
0.38	109.24
0.20
0.20
0.19
0.25
0.44
0.24
0.26
0.38
0.27
0.19
0.20
0.16
0.15
0.15
0.16
0.45
0.32
0.34
0.40
0.43
0.54
0.52
0.49
0.18
0.17
0.17
0.27
0.17
0.18
0.15
0.16
1.93	127.27
0.55
0.71
0.67
1.06
1.17
1.10
1.32
0.19
0.22
0.19
0.18
1.45
1.41
1.62
1.69
0.35
0.45
0.31
0.43
0.61
0.65
0.56
0.47
0.36
0.23
0.36
0.24
1.36
1.19
1.44
0.96
CorWatt	PkgWatt
35.81	237.10
0.38	111.78
0.23
0.21
0.20
0.43
0.39
0.59
0.43
0.44
0.85
0.28
0.21
0.19
0.17
0.16
0.17
0.31
0.25
0.23
0.21
0.74
0.52
0.50
0.51
0.22
0.19
0.18
0.26
0.69
0.28
0.26
0.37
2.87	126.45
0.49
0.70
0.48
0.37
0.33
0.36
0.33
1.97
1.57
1.91
1.50
0.46
0.40
0.40
0.35
0.53
0.32
0.38
0.31
0.56
0.46
0.43
0.54
0.31
0.44
0.50
0.49
1.10
1.47
1.26
1.22
CorWatt	PkgWatt
35.11	240.16
0.40	113.97
0.21
0.21
0.21
0.32
0.23
0.23
0.38
0.22
2.91
0.25
0.27
0.18
0.18
0.17
0.17
0.60
0.56
0.33
0.47
0.38
0.45
0.32
0.38
0.36
0.22
0.21
0.20
0.17
0.17
0.17
0.17
0.58	124.56
0.48
0.52
0.56
0.53
0.46
0.45
0.44
1.01
0.91
1.10
1.00
1.25
1.04
0.85
0.93
0.67
0.54
0.49
0.69
0.30
0.33
0.45
0.49
1.17
0.98
0.88
0.80
0.86
0.87
1.06
0.61
CorWatt	PkgWatt
34.08	236.14
0.39	117.51
0.22
0.22
0.21
1.04
0.78
0.87
0.77
0.36
1.59
0.44
0.51
0.17
0.17
0.17
0.17
0.52
0.43
0.45
0.50
1.05
1.23
0.99
0.93
0.37
0.30
0.28
0.28
0.26
0.23
0.25
0.21
0.18	119.57
0.18
0.18
0.17
0.48
0.47
0.31
0.28
0.78
0.78
2.27
0.89
0.36
0.30
0.27
0.62
0.25
0.26
0.18
0.18
0.59
0.35
0.43
0.54
1.18
1.61
1.38
1.30
0.28
0.27
0.24
0.23
CorWatt	PkgWatt
34.63	237.11
0.85	115.83
0.53
0.51
0.85
0.65
0.52
0.80
0.51
0.41
0.58
0.42
0.41
0.16
0.17
0.16
0.16
0.38
0.66
0.35
0.27
0.52
0.49
0.34
0.83
0.17
0.17
0.17
0.17
0.88
0.92
0.71
0.67
0.69	121.38
0.83
0.79
0.72
0.29
0.29
0.40
0.23
0.27
0.27
3.25
0.26
1.49
0.90
1.16
1.03
0.78
0.82
0.86
0.90
0.21
0.22
0.23
0.21
0.20
0.19
0.18
0.17
0.23
0.57
0.23
0.38
CorWatt	PkgWatt
35.37	237.51
0.89	111.91
0.43
0.47
0.38
0.31
0.44
0.24
0.26
0.29
0.22
0.21
0.46
0.15
0.15
0.15
0.15
0.26
0.19
0.19
0.19
0.99
0.82
0.65
1.03
0.17
0.16
0.16
0.16
0.44
0.24
0.28
0.35
0.49	125.98
0.40
0.37
0.37
0.50
0.80
0.49
0.52
0.33
0.35
3.42
0.36
0.89
0.66
0.85
0.63
0.53
0.25
0.25
0.34
0.84
1.21
0.81
1.03
1.21
1.02
1.25
1.15
0.75
0.55
0.60
0.71
CorWatt	PkgWatt
33.49	236.06
0.89	113.05
1.00
1.00
0.91
1.05
0.82
0.90
0.92
0.23
0.20
0.25
0.21
0.15
0.15
0.15
0.15
0.17
0.17
0.17
0.17
0.30
0.26
0.26
0.39
0.16
0.16
0.17
0.16
0.43
0.51
0.35
0.30
0.77	122.41
0.66
1.06
0.67
1.42
0.87
0.93
1.04
0.75
0.78
3.69
0.70
0.22
0.18
0.18
0.18
0.41
0.32
0.43
0.33
0.32
0.59
0.34
0.31
0.21
0.19
0.31
0.19
0.57
0.63
0.54
0.54
CorWatt	PkgWatt
34.97	237.59
1.01	111.85
0.60
0.88
0.65
0.75
0.66
0.44
0.43
0.65
0.24
0.30
0.24
0.15
0.15
0.15
0.15
0.17
0.17
0.17
0.17
0.56
0.38
0.37
0.47
0.16
0.16
0.17
0.16
0.32
0.50
0.21
0.30
1.11	125.52
0.64
0.68
0.85
0.34
0.29
0.32
0.30
0.35
0.32
3.76
0.33
0.49
0.38
0.45
0.38
0.37
0.29
0.25
0.47
1.11
0.93
0.85
0.96
0.61
0.53
0.66
0.82
1.21
0.97
1.10
0.88
CorWatt	PkgWatt
35.39	238.83
0.65	118.02
0.55
0.54
0.62
0.73
0.85
0.70
0.78
0.25
0.21
0.21
0.21
0.55
0.48
0.47
0.51
1.01
0.98
0.80
1.02
0.89
0.68
0.75
0.71
0.22
0.22
0.42
0.22
0.41
0.32
0.26
0.26
0.30	120.01
0.46
0.25
0.32
1.32
1.03
1.11
1.12
0.25
0.26
3.81
0.28
0.18
0.21
0.35
0.18
0.17
0.17
0.17
0.17
1.05
0.79
0.80
0.96
0.46
0.27
0.28
0.29
0.20
0.19
0.24
0.23
CorWatt	PkgWatt
34.94	237.24
0.68	116.03
0.69
0.42
0.47
1.17
1.06
0.80
1.23
1.03
0.85
0.85
0.64
0.17
0.17
0.17
0.17
0.18
0.18
0.18
0.18
0.64
0.44
0.28
0.73
0.23
0.22
0.44
0.34
0.22
0.34
0.44
0.23
0.19	121.32
0.19
0.17
0.18
1.00
1.11
1.39
1.08
0.24
0.24
3.83
0.26
0.23
0.19
0.19
0.17
0.29
0.23
0.27
0.23
0.33
0.28
0.26
0.44
1.30
1.04
0.96
1.27
0.24
0.56
0.38
0.36
CorWatt	PkgWatt
35.03	237.62
0.84	112.93
0.75
0.51
0.52
0.47
0.91
0.45
0.61
0.24
0.26
0.21
0.37
0.16
0.16
0.16
0.16
0.18
0.18
0.18
0.18
0.25
0.63
0.25
0.24
0.17
0.17
0.17
0.17
0.84
0.70
0.82
0.73
0.94	124.56
0.82
0.71
0.64
1.11
0.80
1.06
0.77
0.58
0.72
2.46
0.92
0.52
0.40
0.36
0.41
1.08
0.68
0.82
0.84
0.18
0.18
0.18
0.18
0.79
0.60
0.70
0.73
1.54
0.22
0.21
0.25
CorWatt	PkgWatt
37.73	230.69
1.26	112.64
0.99
0.95
1.30
0.67
0.75
0.55
0.61
0.29
0.36
0.34
0.36
0.41
0.30
0.56
0.52
0.30
0.30
0.31
0.31
0.71
0.34
0.85
0.35
0.29
0.30
0.29
0.31
0.58
0.46
0.74
0.44
1.58	119.03
1.83
1.88
1.78
0.26
0.26
0.27
0.27
0.35
0.31
0.44
0.30
0.38
0.31
0.33
0.31
0.25
0.25
0.25
0.25
0.23
0.23
0.22
0.22
1.45
1.71
1.39
1.20
1.52
0.25
0.25
0.25
CorWatt	PkgWatt
35.55	229.10
0.94	108.28
0.83
0.83
0.98
0.22
0.19
0.20
0.19
0.17
0.17
0.17
0.17
0.32
0.28
0.37
0.37
1.13
0.38
0.38
0.85
0.30
0.56
0.30
0.28
0.18
0.18
0.18
0.18
0.17
0.17
0.17
0.17
1.15	119.87
0.89
0.81
0.68
1.76
1.63
1.73
2.14
0.58
0.46
0.61
0.48
0.94
0.48
0.73
0.55
0.60
0.51
0.57
0.65
0.29
0.23
0.34
0.22
0.44
0.44
0.67
0.37
0.55
0.64
0.63
0.68
CorWatt	PkgWatt
34.88	225.93
1.21	107.95
0.90
1.04
0.91
0.20
0.19
0.20
0.19
0.17
0.17
0.17
0.17
0.17
0.17
0.16
0.16
1.59
0.40
0.40
0.40
0.49
0.54
0.51
0.58
0.18
0.18
0.18
0.18
0.17
0.17
0.17
0.17
2.62	118.47
2.10
1.98
2.12
0.48
0.48
0.54
0.57
0.67
0.88
0.62
0.57
0.47
0.56
0.41
0.51
0.27
0.42
0.26
0.34
0.75
0.40
0.46
0.43
0.59
0.44
0.51
0.58
0.35
0.30
0.26
0.46
CorWatt	PkgWatt
34.59	231.57
0.91	108.58
0.78
0.87
0.67
0.30
0.51
0.52
0.25
0.28
0.45
0.27
0.24
0.19
0.19
0.44
0.27
0.26
0.20
0.20
0.25
0.27
0.27
0.53
0.27
0.17
0.17
0.17
0.17
0.16
0.16
0.16
0.16
1.53	122.43
0.87
1.35
0.79
0.77
0.67
0.63
0.80
0.28
0.32
0.45
0.38
0.60
0.55
0.64
0.67
0.61
0.54
0.54
0.67
0.61
0.42
0.54
0.57
0.84
0.60
0.65
0.62
1.39
1.32
1.41
1.19
CorWatt	PkgWatt
34.55	230.84
0.64	107.31
0.50
0.40
0.55
0.19
0.18
0.22
0.18
0.64
0.52
0.61
0.27
0.16
0.16
0.16
0.18
0.38
0.35
0.25
0.29
0.34
0.28
0.34
0.42
0.17
0.17
0.17
0.17
0.16
0.16
0.16
0.16
1.02	123.59
1.00
0.40
0.41
1.41
0.99
0.99
0.93
0.57
0.54
0.65
0.83
1.64
1.00
1.16
0.94
1.07
1.04
1.31
1.46
0.28
0.56
0.48
0.47
0.63
0.50
0.42
0.50
0.45
0.40
0.49
0.53
CorWatt	PkgWatt
33.77	232.73
0.96	107.27
0.90
0.61
0.69
0.22
0.20
0.21
0.30
0.29
0.19
0.18
0.18
0.15
0.15
0.15
0.15
0.25
0.20
0.19
0.18
0.25
0.20
0.20
0.19
0.16
0.16
0.16
0.16
0.15
0.15
0.15
0.15
0.79	125.43
0.41
1.23
0.41
0.26
0.29
0.23
0.23
0.59
0.60
0.66
0.70
0.89
0.85
0.83
0.71
0.24
0.24
0.34
0.25
1.53
1.27
1.10
1.22
1.12
0.94
1.02
1.22
1.46
1.17
1.27
1.30
CorWatt	PkgWatt
32.74	228.80
0.78	105.97
0.35
0.28
0.28
0.32
0.27
0.53
0.50
0.15
0.15
0.15
0.15
0.15
0.15
0.15
0.15
0.63
0.33
0.50
0.40
0.23
0.18
0.18
0.17
0.16
0.16
0.16
0.16
0.15
0.15
0.15
0.15
0.82	123.13
0.78
1.71
0.85
0.44
0.35
0.33
0.39
0.48
0.54
0.44
0.41
2.17
2.22
2.00
2.70
0.40
0.50
0.35
0.53
0.29
0.42
0.35
0.28
1.02
0.69
0.74
0.67
0.70
0.27
0.26
0.29
CorWatt	PkgWatt
33.67	230.65
0.61	109.43
0.63
0.47
0.59
0.31
0.43
0.29
0.28
0.17
0.16
0.16
0.16
0.16
0.16
0.16
0.16
0.64
1.04
0.74
0.90
0.41
0.34
0.35
0.28
0.17
0.17
0.17
0.17
0.16
0.16
0.16
0.16
0.97	122.16
0.72
0.95
0.75
1.08
0.84
1.08
0.89
1.13
1.53
1.28
1.47
0.80
0.96
1.01
0.76
0.46
0.42
0.42
0.43
0.19
0.24
0.19
0.19
0.32
0.52
0.39
0.61
1.02
0.54
0.33
0.32
CorWatt	PkgWatt
34.09	230.08
0.55	109.85
0.44
0.51
0.41
0.55
0.59
0.51
0.67
0.37
0.20
0.19
0.19
0.36
0.29
0.36
0.29
0.40
0.49
0.47
1.44
0.28
0.20
0.21
0.20
0.18
0.18
0.18
0.18
0.17
0.17
0.17
0.17
0.38	120.58
0.36
0.65
0.35
1.84
1.38
1.31
1.35
0.34
0.29
0.29
0.32
0.27
0.41
0.23
0.26
0.77
0.53
0.56
0.82
0.57
0.62
0.53
0.36
1.04
1.37
1.08
0.95
0.86
0.81
0.94
0.84
CorWatt	PkgWatt
34.44	235.89
0.60	112.15
0.52
0.35
0.37
0.76
0.77
0.55
0.65
0.63
0.63
0.28
0.41
0.17
0.17
0.17
0.17
0.40
0.41
1.61
0.41
0.26
0.21
0.21
0.20
0.18
0.18
0.18
0.18
0.17
0.18
0.17
0.18
1.04	122.06
0.90
0.96
1.02
0.26
0.29
0.28
0.25
0.91
0.77
0.82
0.74
1.08
0.84
0.82
0.73
0.30
0.22
0.22
0.33
0.23
0.24
0.22
0.20
0.34
0.45
0.40
0.28
1.78
1.74
1.70
1.54
CorWatt	PkgWatt
34.75	230.49
0.79	110.18
0.93
0.96
0.64
0.67
0.58
0.75
0.54
0.19
0.18
0.25
0.18
0.17
0.17
0.17
0.16
0.40
0.40
1.03
0.94
0.27
0.20
0.20
0.20
0.18
0.18
0.18
0.18
0.17
0.17
0.17
0.17
0.52	120.38
0.29
0.29
0.33
1.09
0.85
0.76
0.79
0.35
0.29
0.35
0.28
0.99
0.83
0.87
0.75
1.00
0.83
0.93
0.96
1.01
1.01
0.99
1.01
0.48
0.35
0.47
0.35
0.99
0.89
0.79
0.65
CorWatt	PkgWatt
17.18	187.65
0.27	89.37
0.18
0.20
0.20
0.18
0.18
0.24
0.19
0.12
0.12
0.11
0.11
0.12
0.11
0.12
0.11
0.18
0.18
0.45
0.18
0.17
0.14
0.14
0.13
0.12
0.12
0.12
0.12
0.11
0.11
0.12
0.12
0.21	98.31
0.23
0.21
0.20
0.25
0.26
0.23
0.23
0.50
0.55
0.63
0.54
0.43
0.60
0.43
1.09
0.54
0.20
0.20
0.20
0.21
0.27
0.22
0.21
0.23
0.19
0.18
0.27
0.66
0.69
0.64
0.64
CorWatt	PkgWatt
10.27	163.64
0.11	77.22
0.10
0.11
0.10
0.09
0.09
0.10
0.09
0.09
0.09
0.09
0.09
0.09
0.09
0.09
0.09
0.10
0.10
0.10
0.10
0.13
0.10
0.10
0.10
0.09
0.09
0.09
0.09
0.09
0.09
0.09
0.09
0.17	86.40
0.17
0.17
0.17
0.20
0.18
0.18
0.18
0.17
0.18
0.17
0.18
0.36
1.32
0.36
0.37
0.17
0.17
0.17
0.17
0.18
0.18
0.18
0.18
0.18
0.17
0.17
0.17
0.16
0.16
0.16
0.16
CorWatt	PkgWatt
10.09	161.32
0.11	76.98
0.10
0.10
0.10
0.09
0.09
0.09
0.09
0.08
0.08
0.08
0.08
0.08
0.08
0.08
0.08
0.09
0.09
0.10
0.09
0.13
0.10
0.10
0.10
0.09
0.09
0.08
0.09
0.08
0.08
0.08
0.08
0.17	84.43
0.17
0.17
0.17
0.20
0.18
0.18
0.18
0.16
0.18
0.16
0.18
0.37
1.29
0.36
0.38
0.17
0.17
0.17
0.17
0.18
0.18
0.17
0.17
0.18
0.17
0.16
0.16
0.16
0.16
0.16
0.16
CorWatt	PkgWatt
9.98	161.27
0.10	76.80
0.10
0.10
0.10
0.09
0.09
0.09
0.09
0.08
0.08
0.08
0.08
0.08
0.08
0.08
0.08
0.09
0.09
0.09
0.09
0.12
0.09
0.10
0.09
0.08
0.08
0.08
0.08
0.08
0.08
0.08
0.08
0.17	84.42
0.17
0.17
0.17
0.20
0.18
0.18
0.18
0.16
0.18
0.17
0.18
0.36
1.32
0.36
0.36
0.17
0.17
0.17
0.17
0.18
0.18
0.17
0.17
0.18
0.17
0.16
0.16
0.16
0.16
0.16
0.16
CorWatt	PkgWatt
10.17	164.99
0.11	78.75
0.10
0.10
0.10
0.09
0.09
0.09
0.09
0.08
0.08
0.08
0.08
0.08
0.08
0.08
0.08
0.09
0.09
0.10
0.09
0.13
0.10
0.10
0.10
0.09
0.09
0.09
0.09
0.08
0.08
0.08
0.08
0.16	86.19
0.16
0.16
0.16
0.20
0.18
0.18
0.18
0.16
0.18
0.16
0.18
0.38
0.47
0.37
1.31
0.17
0.17
0.16
0.17
0.17
0.17
0.17
0.17
0.18
0.16
0.16
0.16
0.16
0.16
0.16
0.16
CorWatt	PkgWatt
10.48	161.76
0.11	77.10
0.10
0.10
0.10
0.09
0.09
0.10
0.09
0.09
0.09
0.09
0.09
0.09
0.09
0.09
0.09
0.09
0.10
0.10
0.09
0.13
0.10
0.10
0.10
0.09
0.09
0.09
0.09
0.09
0.09
0.09
0.09
0.17	84.74
0.17
0.17
0.17
0.20
0.18
0.18
0.19
0.16
0.18
0.17
0.18
0.39
1.48
0.39
0.39
0.17
0.17
0.17
0.17
0.18
0.18
0.18
0.18
0.18
0.17
0.16
0.16
0.16
0.16
0.16
0.16
CorWatt	PkgWatt
10.06	161.22
0.11	76.84
0.10
0.10
0.10
0.09
0.09
0.09
0.09
0.08
0.08
0.08
0.08
0.08
0.08
0.08
0.08
0.09
0.09
0.09
0.09
0.11
0.11
0.10
0.09
0.08
0.09
0.09
0.08
0.08
0.08
0.08
0.08
0.16	84.32
0.16
0.16
0.16
0.19
0.17
0.17
0.17
0.16
0.17
0.16
0.17
0.38
1.41
0.37
0.38
0.17
0.17
0.16
0.17
0.17
0.17
0.17
0.17
0.17
0.16
0.16
0.16
0.16
0.15
0.15
0.15
CorWatt	PkgWatt
12.67	166.49
0.22	86.26
0.22
0.22
0.22
0.18
0.16
0.18
0.18
0.20
0.20
0.20
0.21
0.21
0.21
0.21
0.21
0.97
0.25
0.25
0.24
0.24
0.29
0.23
0.24
0.30
0.30
0.30
0.89
0.20
0.20
0.20
0.19
0.13	80.24
0.13
0.13
0.13
0.14
0.14
0.14
0.14
0.12
0.14
0.13
0.13
0.13
0.12
0.12
0.12
0.13
0.13
0.13
0.13
0.13
0.12
0.13
0.13
0.13
0.14
0.13
0.13
0.13
0.12
0.13
0.13
CorWatt	PkgWatt
10.57	161.77
0.20	84.94
0.19
0.19
0.19
0.19
0.18
0.19
0.18
0.16
0.16
0.16
0.16
0.16
0.16
0.16
0.16
0.22
0.19
0.19
0.19
0.20
0.19
0.19
0.19
0.42
0.43
0.42
1.50
0.17
0.17
0.17
0.17
0.08	76.87
0.08
0.08
0.08
0.09
0.09
0.10
0.09
0.09
0.09
0.09
0.09
0.08
0.08
0.08
0.08
0.08
0.08
0.08
0.08
0.09
0.09
0.08
0.09
0.08
0.10
0.08
0.08
0.08
0.08
0.08
0.08
CorWatt	PkgWatt
10.75	162.41
0.20	85.07
0.19
0.19
0.19
0.19
0.18
0.19
0.18
0.16
0.16
0.23
0.16
0.16
0.16
0.16
0.16
0.22
0.19
0.20
0.19
0.20
0.19
0.18
0.18
0.43
0.42
0.42
1.50
0.17
0.17
0.17
0.17
0.09	77.27
0.09
0.09
0.09
0.09
0.09
0.11
0.09
0.09
0.10
0.09
0.10
0.09
0.08
0.08
0.08
0.09
0.09
0.09
0.09
0.09
0.09
0.09
0.09
0.09
0.10
0.09
0.09
0.09
0.09
0.09
0.09
CorWatt	PkgWatt
17.20	191.23
0.28	96.79
0.24
0.23
0.24
0.24
0.22
0.24
0.25
0.18
0.18
0.22
0.19
0.37
0.19
0.19
0.18
0.24
0.23
0.21
0.21
0.26
0.22
0.26
0.33
0.44
0.45
0.66
1.35
0.21
0.19
0.28
0.20
0.36	94.55
0.41
0.38
0.29
0.31
0.26
0.25
0.25
0.29
0.32
0.16
0.22
0.28
0.29
0.21
0.15
0.16
0.20
0.26
0.32
0.16
0.17
0.27
0.24
0.22
0.25
0.20
0.17
0.17
0.22
0.22
0.20
CorWatt	PkgWatt
15.47	182.89
0.39	101.35
0.43
3.32
0.38
0.26
0.24
0.19
0.20
0.28
0.20
0.23
0.29
0.27
0.17
0.16
0.27
0.22
0.31
0.20
0.29
0.35
0.26
0.24
0.24
0.22
0.20
0.20
0.30
0.19
0.24
0.21
0.21
0.15	81.71
0.15
0.17
0.14
0.16
0.14
0.13
0.14
0.21
0.20
0.12
0.11
0.11
0.10
0.17
0.09
0.17
0.11
0.11
0.14
0.10
0.15
0.11
0.13
0.11
0.15
0.11
0.15
0.11
0.10
0.16
0.15
CorWatt	PkgWatt
33.51	225.30
0.47	125.76
0.28
5.67
0.26
0.34
0.36
0.39
0.39
0.29
0.32
0.37
0.35
0.63
0.51
0.48
0.73
1.10
0.87
0.88
1.05
0.32
0.32
0.25
0.26
1.41
1.12
1.18
1.22
0.84
0.95
0.78
0.85
0.21	99.23
0.15
0.14
0.14
0.25
0.20
0.22
0.20
0.14
0.16
0.17
0.15
0.19
0.14
0.16
0.13
0.41
0.45
0.44
0.52
0.17
0.21
0.15
0.24
0.15
0.17
0.15
0.14
0.57
0.50
0.57
0.60
CorWatt	PkgWatt
35.72	238.95
0.45	124.47
0.25
3.11
0.23
1.34
1.63
1.44
1.45
0.21
0.42
0.23
0.21
0.65
0.43
0.42
0.48
0.36
0.37
0.47
0.43
0.43
0.34
0.39
0.41
0.25
0.25
0.37
0.26
0.82
0.80
0.96
0.95
0.17	114.38
0.16
0.16
0.16
1.66
0.28
0.36
0.40
0.17
0.17
0.18
0.16
1.37
1.13
1.16
1.34
0.57
0.49
0.55
0.56
0.17
0.17
0.17
0.17
0.36
0.26
0.27
0.28
0.47
0.50
0.41
0.44
CorWatt	PkgWatt
35.64	253.88
0.41	129.88
0.38
0.27
0.36
0.49
0.34
0.47
0.40
0.51
0.39
0.35
0.31
1.00
1.36
1.09
1.35
0.78
0.65
0.46
0.71
0.36
0.27
0.24
0.23
1.04
0.83
0.82
0.90
0.89
1.02
1.05
0.81
0.18	124.07
0.18
0.19
0.18
2.69
1.97
1.45
1.23
0.53
0.19
0.21
0.18
0.24
0.22
0.21
0.20
0.30
0.25
0.23
0.23
0.21
0.20
0.19
0.19
0.37
0.43
0.36
0.56
0.31
0.24
0.57
0.40
CorWatt	PkgWatt
37.10	259.00
0.56	126.14
0.57
0.28
0.27
0.31
0.58
0.70
0.52
0.18
0.18
0.17
0.18
0.22
0.29
0.38
0.30
1.18
1.71
1.27
1.48
0.51
0.41
0.57
0.46
0.53
0.56
0.45
0.73
0.22
0.22
0.44
0.22
1.15	132.78
1.38
1.53
1.89
0.18
0.19
0.19
0.18
3.42
0.48
0.30
0.25
0.41
0.52
0.73
0.70
0.19
0.18
0.18
0.18
0.54
0.35
0.23
0.23
0.98
0.79
0.56
0.55
0.49
0.42
0.65
0.42
CorWatt	PkgWatt
35.36	257.21
1.23	127.89
1.09
1.13
1.03
0.40
0.30
0.34
0.24
0.24
0.22
0.21
0.22
0.68
0.49
0.51
0.59
1.36
1.37
1.20
1.49
0.23
0.25
0.21
0.30
0.49
0.39
0.50
0.27
0.24
0.23
0.34
0.45
0.77	129.34
0.74
0.95
0.66
0.22
0.24
0.22
0.27
3.67
0.21
0.23
0.20
0.48
0.57
0.59
0.60
0.17
0.17
0.16
0.17
0.76
0.79
0.80
0.77
0.50
0.31
0.36
0.45
0.20
0.35
0.30
0.21
CorWatt	PkgWatt
35.22	256.91
1.07	128.65
0.89
0.83
0.71
0.60
0.29
0.58
0.46
1.10
1.08
1.04
1.20
1.19
0.86
0.82
0.99
0.43
0.30
0.34
0.29
0.39
0.39
0.36
0.32
0.37
0.23
0.22
0.40
0.38
0.29
0.35
0.29
1.17	128.31
0.66
0.98
0.83
0.31
0.26
0.28
0.26
3.83
0.45
0.37
0.37
0.68
0.31
0.45
0.40
0.23
0.22
0.23
0.22
0.53
0.27
0.29
0.42
0.32
0.28
0.59
0.29
0.17
0.16
0.16
0.17
CorWatt	PkgWatt
34.61	253.78
0.57	127.45
0.43
0.34
0.40
0.82
0.72
0.88
0.87
1.19
1.29
1.49
1.74
0.44
0.63
1.06
0.38
0.41
0.31
0.51
0.36
0.29
0.33
0.23
0.22
0.19
0.18
0.18
0.26
0.25
0.19
0.23
0.18
2.39	126.31
0.79
0.97
0.94
0.44
0.37
0.38
0.36
0.50
0.53
0.91
0.50
0.48
0.28
0.32
0.30
0.22
0.20
0.21
0.22
0.41
0.39
0.56
0.38
0.75
0.60
0.63
0.54
0.42
0.30
0.40
0.32
CorWatt	PkgWatt
34.65	254.03
1.10	127.07
0.88
0.98
0.97
1.90
0.33
0.29
0.42
0.43
0.47
0.42
0.33
0.45
0.55
1.92
0.48
0.21
0.21
0.26
0.28
0.30
0.21
0.20
0.20
0.18
0.18
0.18
0.18
0.18
0.18
0.23
0.18
0.33	126.97
0.37
0.30
0.21
0.55
0.56
0.58
0.70
0.28
0.26
0.25
0.25
0.91
0.83
0.94
0.73
0.68
0.55
0.54
0.56
1.67
1.47
1.39
1.94
0.44
0.46
0.37
0.34
0.22
0.20
0.19
0.30
CorWatt	PkgWatt
35.11	253.71
0.49	125.44
0.28
0.29
0.42
3.67
0.31
0.31
0.50
0.91
0.69
0.76
0.69
0.23
0.18
0.17
0.17
0.28
0.50
0.24
0.23
0.48
0.24
0.24
0.23
0.18
0.18
0.17
0.18
0.33
0.22
0.27
0.47
0.37	128.27
0.55
0.41
0.33
0.72
0.93
0.64
0.69
0.20
0.36
0.19
0.21
0.80
0.90
0.61
0.47
0.38
0.35
0.35
0.37
0.36
0.42
0.39
0.37
1.07
0.87
1.28
0.94
1.48
1.43
1.08
1.09
CorWatt	PkgWatt
34.14	243.07
1.39	128.48
1.05
1.17
1.13
3.76
0.36
0.43
0.33
1.27
1.07
1.63
1.12
0.41
0.38
0.47
0.46
0.22
0.21
0.20
0.19
0.30
0.22
0.21
0.20
0.20
0.20
0.19
0.18
0.96
0.72
0.72
0.68
0.46	114.57
0.41
0.40
0.63
0.19
0.17
0.17
0.28
0.15
0.15
0.15
0.17
0.26
0.20
0.31
0.38
0.31
0.67
0.37
0.31
0.27
0.22
0.21
0.50
0.96
1.02
0.87
0.82
0.20
0.22
0.19
0.46
CorWatt	PkgWatt
35.09	239.64
0.71	128.36
0.38
0.28
0.28
4.07
1.00
1.12
1.00
0.41
0.30
0.30
0.50
2.28
1.90
1.82
2.18
0.19
0.18
0.19
0.18
0.32
0.22
0.21
0.21
0.32
0.32
0.30
0.32
0.72
0.67
0.63
0.64
0.58	111.26
0.50
0.74
0.70
0.28
0.19
0.18
0.25
0.16
0.16
0.15
0.18
0.19
0.40
0.24
0.19
0.26
0.26
0.53
0.57
0.27
0.32
0.55
0.57
0.42
0.46
0.29
0.50
0.23
0.22
0.20
0.21
CorWatt	PkgWatt
35.77	240.57
1.17	125.50
0.93
0.78
0.85
4.20
1.94
1.71
1.77
0.18
0.18
0.17
0.17
1.21
0.33
0.31
0.33
0.30
0.30
0.31
0.41
0.31
0.21
0.23
0.21
0.18
0.18
0.18
0.18
0.31
0.30
0.63
0.39
0.59	115.09
0.86
0.56
0.88
0.16
0.16
0.16
0.16
0.28
0.29
0.31
0.44
0.32
0.44
0.47
0.42
1.33
1.24
1.51
1.37
0.38
0.38
0.28
0.25
0.22
0.26
0.34
0.22
0.16
0.15
0.15
0.16
CorWatt	PkgWatt
38.47	237.12
0.83	122.11
0.65
0.66
0.92
0.91
1.07
0.99
0.89
0.25
0.25
0.25
0.26
2.87
0.53
0.65
0.72
1.26
0.98
1.25
1.38
0.45
0.31
0.30
0.30
0.36
0.28
0.26
0.27
0.31
0.28
0.67
0.26
0.83	114.92
0.94
1.27
0.86
0.21
0.21
0.21
0.21
0.70
1.24
0.70
1.14
0.66
0.59
0.67
0.55
0.38
0.32
0.40
0.37
0.29
0.41
0.26
0.28
0.24
0.25
0.27
0.48
0.32
0.70
0.57
0.34
CorWatt	PkgWatt
34.14	221.47
1.41	112.05
1.29
1.81
1.39
0.49
0.54
0.43
0.40
0.98
0.51
1.03
0.82
0.24
0.33
0.23
0.22
0.20
0.20
0.20
0.22
0.32
0.22
0.22
0.22
0.89
0.59
0.73
0.61
0.25
0.20
0.20
0.62
0.65	109.47
0.77
0.70
0.65
0.16
0.16
0.16
0.16
0.24
0.17
0.17
0.17
0.15
0.15
0.15
0.15
0.92
0.84
0.74
0.80
0.97
1.12
0.90
0.85
0.86
0.64
1.00
0.68
0.28
0.31
0.23
0.23
CorWatt	PkgWatt
33.48	221.78
1.23	113.94
0.91
0.92
0.96
0.66
0.37
0.49
0.56
0.64
0.44
0.48
1.69
0.17
0.17
0.17
0.16
0.21
0.20
0.19
0.24
1.72
1.68
1.36
1.78
0.47
0.24
0.23
0.22
0.27
0.20
0.20
0.24
0.43	107.88
0.67
0.39
0.42
0.16
0.16
0.16
0.16
0.33
0.23
0.22
0.48
0.15
0.14
0.14
0.14
0.54
0.44
0.61
0.57
0.68
0.57
0.51
0.52
0.32
0.31
0.28
0.26
0.91
0.87
1.04
1.20
CorWatt	PkgWatt
32.77	218.77
0.71	118.29
0.74
0.51
0.59
0.87
1.51
1.25
1.27
0.44
0.52
0.42
1.59
0.42
0.32
0.32
0.36
0.37
0.44
0.28
0.42
0.58
0.78
0.81
0.98
1.83
1.13
1.35
1.03
0.79
0.60
0.65
0.69
0.34	100.46
0.33
0.25
0.61
0.14
0.14
0.15
0.14
0.29
0.27
0.52
0.31
0.13
0.13
0.13
0.13
0.61
0.30
0.36
0.34
0.20
0.16
0.16
0.15
0.14
0.18
0.15
0.15
0.30
0.36
0.32
0.29
CorWatt	PkgWatt
34.66	217.24
0.94	115.26
0.59
0.52
0.45
1.06
0.76
0.74
0.82
0.85
0.65
0.72
1.48
0.39
0.65
0.50
0.28
0.30
0.34
0.69
0.31
1.88
1.67
1.76
1.64
0.39
0.39
0.41
0.35
0.62
0.47
0.70
0.43
0.95	102.06
0.85
0.71
0.86
0.15
0.15
0.15
0.15
0.18
0.19
0.18
0.19
0.17
0.16
0.16
0.15
0.51
0.69
0.83
0.75
0.21
0.19
0.19
0.19
0.19
0.19
0.15
0.15
0.44
0.29
0.32
0.29
CorWatt	PkgWatt
34.41	221.93
0.71	113.65
0.34
0.33
0.56
0.31
0.27
0.22
0.24
1.09
0.84
0.64
1.13
0.23
0.21
0.21
0.21
0.65
0.52
0.74
0.66
0.39
0.32
0.31
0.32
1.44
1.70
1.45
1.57
0.56
0.56
0.52
0.64
1.78	108.18
1.48
1.47
1.46
0.31
0.26
0.28
0.25
0.47
0.24
0.24
0.25
0.16
0.15
0.15
0.15
0.48
0.32
0.43
0.54
0.56
0.58
0.48
0.46
0.16
0.18
0.17
0.16
0.24
0.21
0.21
0.21
CorWatt	PkgWatt
32.73	221.98
1.12	115.68
1.13
1.11
0.94
0.27
0.44
0.24
0.26
2.01
0.33
0.39
0.31
0.24
0.29
0.23
0.34
0.31
0.26
0.24
0.26
0.61
0.39
0.44
0.32
0.76
0.73
0.84
0.86
1.46
1.11
1.17
1.34
0.68	106.35
0.46
0.43
0.37
0.22
0.21
0.20
0.22
0.82
0.92
0.73
0.88
0.14
0.13
0.13
0.13
0.15
0.15
0.14
0.14
0.34
0.32
0.33
0.26
0.15
0.17
0.14
0.14
0.71
0.63
0.81
0.74
CorWatt	PkgWatt
33.59	220.72
2.23	115.94
1.40
1.61
1.70
0.83
0.93
0.74
0.75
0.68
0.54
0.35
1.69
0.31
0.26
0.29
0.25
0.42
0.39
0.53
0.37
0.54
0.61
0.64
0.67
0.36
0.35
0.37
0.62
0.46
0.46
0.40
0.36
1.01	104.79
1.10
1.18
1.21
0.30
0.17
0.17
0.17
0.40
0.20
0.20
0.20
0.14
0.14
0.14
0.14
0.19
0.17
0.16
0.16
0.67
0.67
0.85
0.56
0.15
0.19
0.15
0.15
0.15
0.15
0.14
0.15
CorWatt	PkgWatt
33.14	214.79
1.27	118.02
0.90
0.94
0.93
1.73
1.51
1.99
1.59
0.43
0.37
0.41
0.44
0.73
0.88
0.68
1.54
1.01
1.01
0.78
0.82
0.25
0.22
0.23
0.22
0.59
0.61
0.55
0.47
0.99
0.86
0.91
0.80
0.14	96.86
0.14
0.14
0.14
0.15
0.14
0.14
0.14
0.38
0.36
0.39
0.37
0.13
0.12
0.12
0.12
0.14
0.14
0.13
0.14
0.32
0.36
0.26
0.35
0.16
0.20
0.16
0.49
0.13
0.13
0.13
0.13
CorWatt	PkgWatt
33.49	217.32
1.11	117.27
0.82
1.05
0.88
0.74
0.56
0.73
0.69
2.14
1.63
1.62
1.48
0.29
0.29
0.28
1.98
0.64
0.62
0.62
0.65
0.37
0.34
0.46
0.40
0.57
0.30
0.28
0.39
0.85
0.68
0.82
0.76
0.36	99.95
0.26
0.29
0.35
0.14
0.14
0.14
0.14
0.84
0.69
0.71
0.60
0.13
0.13
0.13
0.13
0.14
0.14
0.13
0.14
0.45
0.18
0.18
0.39
0.15
0.17
0.15
0.16
0.16
0.15
0.42
0.16
CorWatt	PkgWatt
34.32	217.42
1.80	119.03
1.70
1.59
1.34
0.60
0.45
0.64
0.47
1.88
1.31
1.15
1.85
0.35
0.78
0.49
1.89
0.38
0.26
0.46
0.33
0.84
0.63
0.67
0.92
0.52
0.55
0.51
0.71
0.46
0.31
0.28
0.47
0.36	98.38
0.24
0.50
0.35
0.14
0.14
0.14
0.14
0.35
0.23
0.44
0.25
0.13
0.13
0.12
0.13
0.14
0.14
0.13
0.14
0.41
0.40
0.46
0.33
0.33
0.23
0.38
0.20
0.14
0.14
0.25
0.14
CorWatt	PkgWatt
34.68	217.53
2.39	118.68
1.79
1.69
1.59
0.66
0.57
0.59
0.50
0.61
0.54
0.66
0.53
0.31
2.03
0.34
0.32
1.05
0.65
0.68
0.70
0.74
0.55
0.79
0.55
0.80
1.00
0.71
0.68
0.59
0.39
0.36
0.99
0.37	98.85
0.64
0.38
0.47
0.14
0.14
0.14
0.14
0.25
0.17
0.15
0.30
0.13
0.13
0.13
0.13
0.14
0.14
0.13
0.14
0.29
0.45
0.35
0.33
0.55
0.53
0.44
0.54
0.13
0.13
0.13
0.14
CorWatt	PkgWatt
33.18	213.08
2.20	115.46
1.82
2.47
2.23
0.42
0.47
0.32
0.32
0.61
0.67
0.44
0.39
0.28
1.45
0.27
0.82
0.21
0.20
0.20
0.20
0.71
0.53
0.46
0.68
1.26
1.07
1.06
1.27
0.44
0.58
0.54
0.50
0.76	97.69
0.74
0.90
0.80
0.13
0.13
0.13
0.13
0.13
0.15
0.12
0.13
0.12
0.12
0.12
0.12
0.13
0.13
0.12
0.12
0.21
0.26
0.24
0.27
0.32
0.39
0.40
0.29
0.12
0.12
0.12
0.12
CorWatt	PkgWatt
32.91	216.54
1.88	119.08
1.79
1.69
1.64
0.61
0.46
0.65
0.49
1.24
1.21
1.40
1.23
0.41
0.98
0.37
1.42
0.35
0.31
0.31
0.34
0.32
0.27
0.30
0.30
0.47
0.49
0.47
0.92
1.12
0.82
1.03
0.80
0.24	97.36
0.30
0.37
0.30
0.13
0.12
0.12
0.12
0.12
0.14
0.12
0.12
0.12
0.11
0.11
0.12
0.12
0.12
0.12
0.12
0.62
0.51
0.66
0.49
0.16
0.31
0.19
0.23
0.12
0.12
0.12
0.12
CorWatt	PkgWatt
34.17	219.01
1.05	119.73
0.88
1.07
0.98
0.40
0.37
0.54
0.35
0.53
0.40
0.51
0.30
2.48
1.63
1.34
1.56
1.35
1.09
0.94
0.91
1.03
0.77
0.73
0.85
0.59
0.75
1.13
0.83
0.33
0.29
0.27
0.46
0.56	99.28
0.59
0.50
0.54
0.17
0.16
0.14
0.14
0.14
0.16
0.13
0.13
0.13
0.13
0.13
0.13
0.14
0.14
0.13
0.14
0.43
0.40
0.62
0.49
0.14
0.16
0.14
0.14
0.13
0.13
0.13
0.14
CorWatt	PkgWatt
32.81	219.50
0.96	119.63
0.66
0.69
0.74
0.26
0.42
0.29
0.25
0.88
1.19
0.95
0.87
1.62
2.39
1.69
1.95
0.27
0.26
0.45
0.36
1.45
1.28
1.34
1.46
0.64
0.54
0.47
0.45
0.43
0.29
0.29
0.25
0.55	99.95
0.56
0.60
0.55
0.13
0.13
0.13
0.13
0.13
0.14
0.13
0.13
0.13
0.12
0.12
0.12
0.13
0.13
0.13
0.13
0.31
0.29
0.39
0.41
0.13
0.15
0.13
0.13
0.13
0.12
0.12
0.13
CorWatt	PkgWatt
33.32	222.46
2.55	120.42
2.27
2.09
1.84
1.29
1.54
1.09
1.07
0.57
1.63
0.84
0.48
0.30
0.58
0.48
0.37
0.31
0.43
0.38
0.45
0.42
0.37
0.40
0.60
0.33
0.47
0.42
0.32
0.32
0.25
0.29
0.23
0.31	102.05
0.26
0.32
0.45
0.14
0.14
0.14
0.14
0.13
0.14
0.13
0.15
0.13
0.13
0.13
0.13
0.14
0.14
0.14
0.14
0.87
1.06
0.82
0.96
0.14
0.16
0.14
0.14
0.13
0.13
0.13
0.13
CorWatt	PkgWatt
32.94	216.88
1.05	119.53
0.87
0.89
0.80
0.99
0.79
0.76
0.83
0.73
0.63
0.73
1.66
0.61
0.81
0.79
0.96
0.44
0.38
0.35
0.41
1.39
1.11
1.19
1.01
0.44
0.34
0.42
0.35
1.51
1.28
1.31
1.32
0.25	97.28
0.30
0.28
0.24
0.13
0.13
0.12
0.12
0.12
0.12
0.12
0.14
0.12
0.11
0.11
0.12
0.12
0.12
0.12
0.12
0.44
0.37
0.60
0.37
0.12
0.15
0.12
0.12
0.12
0.12
0.12
0.13
CorWatt	PkgWatt
35.89	217.57
1.18	117.44
1.63
1.35
1.08
0.83
0.60
1.00
0.68
0.64
0.71
0.68
0.64
0.38
0.73
0.49
0.46
0.74
0.51
0.36
0.49
1.65
1.91
1.64
1.61
0.44
0.33
0.35
0.30
0.48
0.75
0.78
0.75
0.30	100.24
0.68
0.30
0.29
0.27
0.21
0.20
0.20
0.18
0.19
0.19
0.21
0.56
0.58
0.75
0.42
0.19
0.19
0.18
0.19
0.39
0.23
0.25
0.36
0.18
0.20
0.18
0.18
0.37
0.28
0.56
0.26
CorWatt	PkgWatt
19.49	190.14
0.53	100.88
0.47
0.48
0.44
0.21
0.22
0.25
0.21
0.35
0.69
0.35
0.86
0.77
1.03
0.77
1.26
0.38
0.23
0.28
0.22
0.21
0.24
0.20
0.20
0.21
0.20
0.25
0.20
0.51
0.51
0.47
0.44
0.12	89.27
0.12
0.12
0.12
0.13
0.13
0.13
0.24
0.16
0.14
0.24
0.32
0.26
0.31
0.26
0.35
0.13
0.13
0.13
0.13
0.36
0.24
0.37
0.22
0.13
0.15
0.13
0.12
0.12
0.14
0.13
0.13
CorWatt	PkgWatt
9.70	160.98
0.20	84.35
0.19
0.19
0.19
0.19
0.19
0.22
0.19
0.33
0.63
0.33
0.79
0.16
0.18
0.16
0.16
0.18
0.18
0.18
0.18
0.20
0.20
0.19
0.19
0.17
0.17
0.17
0.17
0.16
0.16
0.16
0.16
0.08	76.58
0.08
0.08
0.08
0.08
0.08
0.08
0.09
0.08
0.08
0.08
0.09
0.08
0.08
0.07
0.07
0.08
0.08
0.08
0.08
0.08
0.08
0.08
0.08
0.08
0.09
0.08
0.08
0.08
0.08
0.08
0.08
CorWatt	PkgWatt
9.74	160.75
0.20	84.30
0.19
0.19
0.19
0.19
0.19
0.22
0.19
0.34
1.10
0.33
0.34
0.17
0.18
0.16
0.16
0.18
0.18
0.18
0.18
0.20
0.21
0.19
0.19
0.17
0.17
0.17
0.18
0.17
0.16
0.16
0.16
0.08	76.55
0.08
0.08
0.08
0.08
0.08
0.08
0.08
0.08
0.08
0.08
0.09
0.08
0.08
0.07
0.07
0.08
0.08
0.08
0.08
0.08
0.08
0.08
0.08
0.08
0.09
0.08
0.08
0.08
0.08
0.08
0.08
CorWatt	PkgWatt
9.51	160.55
0.19	84.12
0.19
0.18
0.18
0.19
0.19
0.21
0.19
0.33
1.01
0.42
0.33
0.16
0.17
0.16
0.16
0.17
0.17
0.17
0.17
0.20
0.20
0.19
0.19
0.17
0.17
0.17
0.17
0.16
0.16
0.16
0.16
0.08	76.35
0.08
0.08
0.08
0.08
0.08
0.08
0.08
0.08
0.08
0.07
0.08
0.07
0.07
0.07
0.07
0.08
0.08
0.08
0.08
0.08
0.08
0.08
0.08
0.08
0.09
0.08
0.08
0.08
0.07
0.07
0.07
CorWatt	PkgWatt
9.44	160.40
0.19	84.10
0.18
0.18
0.18
0.20
0.19
0.21
0.19
0.33
0.33
0.50
0.93
0.16
0.17
0.16
0.16
0.18
0.18
0.18
0.17
0.20
0.20
0.18
0.18
0.17
0.17
0.17
0.17
0.16
0.16
0.16
0.16
0.08	76.28
0.08
0.08
0.08
0.08
0.08
0.08
0.08
0.07
0.08
0.07
0.08
0.07
0.07
0.07
0.06
0.08
0.08
0.08
0.08
0.08
0.08
0.08
0.08
0.08
0.09
0.08
0.08
0.07
0.07
0.07
0.07
CorWatt	PkgWatt
9.90	160.96
0.19	84.39
0.19
0.18
0.18
0.19
0.19
0.21
0.19
0.33
0.33
0.32
1.37
0.16
0.17
0.17
0.16
0.18
0.18
0.18
0.18
0.20
0.21
0.19
0.18
0.17
0.17
0.17
0.17
0.16
0.16
0.16
0.16
0.08	76.62
0.08
0.08
0.08
0.08
0.08
0.08
0.08
0.08
0.08
0.07
0.08
0.07
0.07
0.07
0.07
0.08
0.08
0.08
0.08
0.08
0.08
0.08
0.08
0.08
0.09
0.08
0.08
0.08
0.08
0.07
0.07
CorWatt	PkgWatt
12.22	164.33
0.20	87.86
0.18
0.18
0.18
0.19
0.18
0.20
0.18
0.23
0.24
0.30
4.05
0.16
0.17
0.16
0.16
0.18
0.17
0.18
0.17
0.20
0.19
0.19
0.18
0.17
0.17
0.17
0.17
0.16
0.16
0.16
0.16
0.08	76.44
0.08
0.08
0.08
0.08
0.08
0.08
0.08
0.07
0.07
0.07
0.08
0.07
0.07
0.07
0.07
0.08
0.08
0.08
0.08
0.08
0.08
0.08
0.08
0.08
0.09
0.08
0.08
0.08
0.08
0.07
0.08
CorWatt	PkgWatt
11.89	163.96
0.19	87.66
0.18
0.18
0.18
0.19
0.18
0.20
0.18
0.23
0.23
0.22
4.02
0.16
0.17
0.16
0.16
0.17
0.17
0.17
0.17
0.19
0.18
0.19
0.18
0.16
0.16
0.16
0.17
0.16
0.16
0.16
0.16
0.08	76.26
0.07
0.07
0.07
0.08
0.07
0.07
0.07
0.07
0.07
0.07
0.07
0.06
0.06
0.06
0.06
0.08
0.08
0.07
0.07
0.08
0.08
0.08
0.08
0.08
0.08
0.08
0.08
0.07
0.07
0.07
0.07
CorWatt	PkgWatt
11.91	163.76
0.19	87.64
0.18
0.18
0.18
0.19
0.18
0.20
0.18
0.23
0.23
0.22
4.03
0.16
0.17
0.16
0.16
0.17
0.18
0.18
0.17
0.19
0.18
0.19
0.18
0.16
0.16
0.16
0.17
0.16
0.16
0.16
0.16
0.08	76.20
0.08
0.08
0.08
0.08
0.08
0.08
0.08
0.07
0.07
0.07
0.07
0.06
0.06
0.07
0.06
0.08
0.08
0.07
0.08
0.08
0.08
0.08
0.08
0.08
0.08
0.07
0.08
0.07
0.07
0.07
0.07
CorWatt	PkgWatt
12.03	164.10
0.19	87.56
0.18
0.18
0.18
0.19
0.18
0.20
0.18
0.23
0.23
0.22
4.03
0.16
0.17
0.16
0.16
0.17
0.17
0.18
0.17
0.19
0.18
0.19
0.18
0.16
0.16
0.16
0.17
0.16
0.16
0.16
0.16
0.08	76.47
0.08
0.08
0.08
0.08
0.08
0.08
0.08
0.07
0.07
0.07
0.08
0.07
0.07
0.07
0.07
0.08
0.08
0.08
0.08
0.08
0.08
0.08
0.08
0.08
0.09
0.08
0.08
0.08
0.07
0.07
0.07
CorWatt	PkgWatt
16.95	189.14
0.26	100.00
0.24
0.21
0.21
0.22
0.23
0.25
0.20
0.23
0.23
0.23
4.14
0.18
0.21
0.18
0.18
0.19
0.24
0.20
0.19
0.32
0.24
0.25
0.21
0.22
0.37
0.25
0.28
0.20
0.19
0.22
0.20
0.16	89.21
0.15
0.17
0.21
0.24
0.15
0.16
0.22
0.14
0.13
0.12
0.22
0.18
0.19
0.18
0.34
0.15
0.15
0.22
0.20
0.15
0.20
0.19
0.16
0.16
0.18
0.21
0.19
0.20
0.17
0.14
0.15
CorWatt	PkgWatt
17.24	180.85
0.24	99.50
0.38
0.33
0.26
0.26
0.22
0.40
0.37
0.44
0.25
0.24
4.06
0.28
0.18
0.34
0.28
0.24
0.34
0.20
0.47
0.29
0.39
0.32
0.32
0.29
0.29
0.28
0.58
0.24
0.31
0.34
0.24
0.12	81.54
0.10
0.12
0.10
0.12
0.12
0.10
0.11
0.13
0.09
0.09
0.13
0.09
0.12
0.09
0.10
0.10
0.09
0.12
0.10
0.19
0.14
0.11
0.13
0.11
0.16
0.11
0.11
0.11
0.10
0.09
0.10
CorWatt	PkgWatt
28.31	198.18
1.20	112.46
0.98
0.96
1.11
0.36
0.30
0.30
0.42
0.76
0.98
0.63
4.20
0.24
0.29
0.29
0.36
0.56
0.61
0.49
0.52
0.93
0.84
0.89
0.80
0.98
0.99
0.96
0.91
0.47
0.44
0.43
0.37
0.12	85.58
0.11
0.11
0.13
0.12
0.11
0.11
0.12
0.14
0.12
0.10
0.12
0.10
0.09
0.09
0.11
0.11
0.10
0.11
0.11
0.10
0.10
0.13
0.10
0.10
0.13
0.14
0.11
0.14
0.10
0.10
0.21
CorWatt	PkgWatt
33.07	210.34
1.07	120.37
0.69
0.84
0.84
0.97
1.12
0.81
1.11
0.86
0.92
0.81
4.28
1.49
1.55
1.30
1.29
1.08
0.85
0.66
0.93
0.72
0.73
0.68
0.45
0.59
0.42
0.50
0.40
0.57
0.66
0.57
0.55
0.09	89.99
0.09
0.09
0.09
0.09
0.09
0.09
0.09
0.09
0.08
0.08
0.10
0.08
0.08
0.08
0.08
0.09
0.09
0.09
0.09
0.09
0.09
0.09
0.09
0.09
0.11
0.09
0.09
0.08
0.08
0.08
0.08
CorWatt	PkgWatt
34.11	214.05
0.44	118.79
0.34
0.49
0.32
1.47
2.18
1.48
1.67
0.48
0.49
0.56
4.22
0.33
0.37
0.37
0.47
0.36
0.37
0.28
0.43
0.36
0.38
0.55
0.42
1.23
1.34
1.38
1.75
0.36
0.55
0.39
0.35
0.27	95.06
0.20
0.24
0.23
0.12
0.13
0.12
0.12
0.58
0.52
0.63
0.83
0.10
0.10
0.10
0.10
0.11
0.11
0.13
0.11
0.25
0.24
0.23
0.18
0.11
0.13
0.11
0.11
0.42
0.42
0.39
0.44
CorWatt	PkgWatt
36.00	229.67
1.49	116.71
0.94
1.22
1.32
0.88
0.21
0.21
0.25
0.49
0.61
0.60
3.54
0.17
0.17
0.17
0.17
0.19
0.19
0.19
0.19
0.28
0.23
0.21
0.20
0.73
0.64
0.73
0.56
0.69
0.54
0.62
0.55
0.37	113.16
0.24
0.25
0.25
0.18
0.18
0.18
0.17
0.82
0.65
0.81
0.58
1.07
0.83
0.95
0.88
0.34
0.34
0.34
0.41
1.08
1.18
1.12
1.28
0.16
0.19
0.16
0.16
0.59
0.33
0.30
0.46
CorWatt	PkgWatt
33.91	223.22
2.04	119.54
2.30
2.29
1.97
3.09
0.47
0.44
0.50
0.49
0.43
0.57
0.45
0.17
0.17
0.16
0.17
0.24
0.23
0.23
0.35
0.63
0.60
0.57
0.47
0.71
0.63
0.93
0.75
0.46
0.52
0.45
0.39
0.14	103.49
0.14
0.14
0.14
0.15
0.14
0.14
0.15
0.26
0.25
0.25
0.31
0.59
0.40
0.71
0.54
0.14
0.14
0.14
0.14
0.81
1.05
0.86
0.85
0.14
0.17
0.15
0.14
0.17
0.17
0.17
0.30
CorWatt	PkgWatt
37.75	225.84
0.76	117.89
0.71
1.03
0.74
0.67
0.40
0.43
0.46
0.89
1.10
0.88
1.06
0.47
0.43
0.48
0.56
0.28
0.28
0.27
0.66
0.71
0.49
0.51
0.54
1.58
1.56
1.81
1.35
0.37
0.44
1.20
0.37
0.36	108.00
0.44
0.53
0.57
0.27
0.28
0.28
0.38
0.65
0.73
0.94
0.90
0.57
0.54
0.34
0.46
0.47
0.35
0.53
0.67
0.23
0.29
0.23
0.23
0.43
0.36
0.24
0.24
0.47
0.51
0.29
0.50
CorWatt	PkgWatt
33.82	221.34
0.61	110.87
0.47
0.45
0.53
0.28
0.42
0.35
0.41
0.89
1.05
1.06
1.18
0.27
0.23
0.22
0.22
0.19
0.19
0.19
0.19
0.58
0.69
0.36
0.37
1.17
1.18
1.12
1.14
0.34
0.34
0.99
0.34
1.02	110.42
0.99
1.24
1.14
0.48
0.54
0.35
0.31
0.56
0.46
0.48
0.44
0.68
0.50
0.70
0.63
0.36
0.27
0.24
0.26
0.50
0.40
0.64
0.48
0.25
0.21
0.17
0.17
0.29
0.30
0.35
0.36
CorWatt	PkgWatt
34.12	228.69
1.27	112.63
0.80
0.85
0.93
0.72
0.84
0.58
0.76
0.56
0.35
0.25
0.26
0.17
0.17
0.16
0.16
0.19
0.19
0.19
0.19
1.07
0.56
0.82
0.42
0.46
0.39
0.32
0.62
0.30
0.25
0.28
0.25
0.66	116.03
0.60
0.64
0.69
1.20
1.30
1.38
1.24
0.67
0.99
0.81
0.81
0.60
0.61
0.71
0.51
0.34
0.31
0.29
0.46
0.23
0.21
0.21
0.27
0.54
0.36
0.38
0.38
0.48
0.30
0.38
0.26
CorWatt	PkgWatt
34.24	232.20
0.72	108.91
0.45
0.41
0.52
0.22
0.32
0.22
0.27
0.22
0.41
0.22
0.22
0.16
0.17
0.16
0.16
0.19
0.19
0.19
0.18
0.62
0.45
0.66
1.12
0.26
0.25
0.21
0.22
0.17
0.18
0.18
0.17
1.61	123.28
1.71
1.38
1.42
0.55
0.46
0.63
0.59
0.34
0.37
0.53
0.50
1.48
1.80
1.31
1.55
0.64
0.68
0.55
0.56
0.55
0.52
0.45
0.52
0.39
0.37
0.42
0.56
0.44
0.39
0.38
0.47
CorWatt	PkgWatt
34.19	224.09
1.56	113.34
1.53
1.43
1.37
0.35
0.41
0.56
0.51
0.28
0.61
0.37
0.41
0.17
0.17
0.17
0.17
0.60
0.54
0.64
0.67
0.73
0.47
0.60
1.41
0.48
0.69
0.56
0.49
0.18
0.18
0.18
0.17
0.85	110.80
0.94
0.69
0.72
0.50
0.37
0.35
0.24
0.72
0.52
0.40
0.53
0.54
0.44
0.41
0.38
0.25
0.25
0.26
0.29
0.27
0.27
0.50
0.43
1.00
0.84
0.82
0.76
0.20
0.32
0.27
0.21
CorWatt	PkgWatt
34.05	221.92
0.76	116.50
0.58
0.49
0.58
0.44
0.42
0.35
0.70
0.32
0.29
0.36
0.51
0.21
0.21
0.19
0.18
1.92
1.90
2.29
2.45
0.55
0.44
0.42
1.55
0.99
0.87
0.72
1.03
0.19
0.18
0.18
0.18
0.47	105.44
0.66
0.58
0.47
0.72
0.58
0.56
0.57
0.29
0.26
0.27
0.40
0.16
0.18
0.15
0.15
0.16
0.16
0.15
0.16
0.17
0.17
0.20
0.17
0.53
0.61
0.49
0.66
0.29
0.33
0.41
0.52
CorWatt	PkgWatt
33.09	217.26
1.27	117.82
0.99
0.90
0.92
0.46
0.45
0.61
0.32
0.25
0.25
0.22
0.23
0.68
0.59
0.72
0.53
0.83
1.16
1.01
0.87
1.21
1.16
1.26
1.30
1.31
1.02
1.14
1.40
0.58
0.71
0.47
0.60
0.40	99.41
0.39
0.37
0.25
0.24
0.27
0.27
0.29
0.19
0.17
0.28
0.18
0.14
0.13
0.18
0.13
0.37
0.35
0.21
0.24
0.15
0.15
0.15
0.14
0.17
0.19
0.23
0.17
0.45
0.24
0.23
0.35
CorWatt	PkgWatt
34.09	225.03
0.57	111.09
0.38
0.35
0.62
0.59
0.75
0.66
0.80
0.19
0.18
0.17
0.18
0.65
0.94
0.65
0.95
0.23
0.33
0.24
0.28
0.31
0.27
0.28
0.22
1.53
0.92
1.04
1.07
0.44
0.21
0.21
0.21
0.80	113.95
0.80
0.77
0.72
0.97
0.71
0.77
0.75
0.95
0.85
0.90
0.77
0.16
0.15
0.15
0.15
0.31
0.32
0.27
0.49
0.18
0.18
0.18
0.18
0.19
0.22
0.29
0.19
0.92
1.30
1.01
1.09
CorWatt	PkgWatt
34.65	230.52
0.88	113.74
0.63
0.76
0.84
1.06
1.26
1.54
1.16
0.22
0.20
0.20
0.20
0.30
0.19
0.29
0.25
0.22
0.20
0.21
0.21
0.22
0.26
0.23
0.21
0.56
0.58
0.43
0.51
0.38
0.31
0.82
0.48
0.37	116.82
0.26
0.32
0.28
0.32
0.44
0.33
0.45
0.31
0.30
0.50
0.63
1.57
1.62
1.47
1.83
0.68
0.56
0.58
0.57
0.54
0.48
0.63
0.62
0.32
0.31
0.32
0.27
0.40
0.46
0.54
0.58
CorWatt	PkgWatt
34.50	224.31
1.59	116.22
1.41
1.62
1.27
0.60
0.53
0.36
0.47
0.80
0.67
0.72
0.63
0.59
0.38
0.46
0.40
0.36
0.41
0.73
0.43
0.26
0.37
0.25
0.24
0.88
1.00
1.02
1.01
0.52
0.58
0.71
0.40
0.31	108.03
0.35
0.49
0.69
0.63
0.49
0.32
0.83
0.39
0.39
0.31
0.32
0.57
0.72
0.57
0.59
0.16
0.16
0.16
0.16
0.52
0.55
0.63
0.62
0.19
0.28
0.38
0.19
0.18
0.31
0.18
0.18
CorWatt	PkgWatt
34.45	229.09
1.07	115.74
0.74
0.75
0.91
0.61
0.59
0.66
0.57
0.33
0.40
0.28
0.28
1.07
1.36
0.87
1.11
0.26
0.26
0.44
0.25
0.31
0.42
0.49
0.30
0.81
0.93
0.65
1.02
0.20
0.21
0.19
0.18
0.20	113.38
0.26
0.20
0.19
0.38
0.33
0.21
0.21
0.35
0.65
0.51
0.42
0.70
0.92
1.08
0.83
0.77
0.85
0.84
0.63
0.30
0.23
0.24
0.51
0.41
0.38
0.46
0.39
0.62
0.56
0.57
0.73
CorWatt	PkgWatt
32.87	220.90
1.53	115.95
1.64
1.19
1.23
0.42
0.38
0.56
0.46
1.48
1.40
1.33
1.22
1.10
0.93
0.76
0.83
0.27
0.24
0.27
0.25
0.29
0.32
0.34
0.42
0.47
0.30
0.49
0.45
0.31
0.29
0.36
0.28
0.28	104.90
0.39
0.24
0.23
0.62
0.93
1.07
0.42
0.20
0.29
0.38
0.21
0.29
0.38
0.38
0.37
0.35
0.29
0.25
0.46
0.17
0.18
0.17
0.17
0.32
0.33
0.26
0.25
0.32
0.27
0.24
0.37
CorWatt	PkgWatt
34.12	223.35
1.33	117.58
1.20
1.10
1.14
1.46
1.88
1.34
1.57
0.70
0.65
0.70
0.65
0.76
0.70
0.76
0.71
0.23
0.22
0.21
0.34
0.61
0.48
0.52
0.75
0.43
0.42
0.37
0.44
0.43
0.38
0.25
0.24
0.74	105.89
0.66
0.71
0.66
1.57
0.52
0.38
0.38
0.22
0.38
0.25
0.21
0.16
0.16
0.15
0.15
0.17
0.17
0.16
0.17
0.36
0.38
0.39
0.55
0.17
0.20
0.17
0.17
0.29
0.18
0.18
0.18
CorWatt	PkgWatt
33.17	218.73
2.07	119.27
1.64
1.59
1.59
0.64
0.66
0.72
0.87
0.60
0.33
0.30
0.77
1.19
0.79
1.09
0.84
0.95
0.75
0.80
1.12
0.42
0.39
0.70
0.67
1.12
0.86
1.03
1.13
0.19
0.20
0.20
0.19
0.35	99.37
0.28
0.28
0.30
0.55
0.34
0.24
0.23
0.24
0.24
0.24
0.20
0.13
0.13
0.13
0.13
0.14
0.14
0.14
0.14
0.15
0.15
0.15
0.15
0.19
0.35
0.18
0.20
0.17
0.16
0.15
0.15
CorWatt	PkgWatt
34.37	223.91
2.34	118.33
1.84
1.67
1.97
0.53
0.37
0.43
0.44
0.90
0.68
0.82
0.65
0.68
0.98
0.71
0.76
0.23
0.22
0.21
0.21
0.46
0.44
0.46
0.33
1.25
0.96
0.99
1.08
0.18
0.18
0.18
0.18
0.90	105.62
0.97
0.96
0.83
0.22
0.35
0.28
0.26
0.25
0.22
0.24
0.45
0.15
0.15
0.15
0.14
0.16
0.16
0.15
0.16
0.16
0.16
0.16
0.16
0.21
0.39
0.25
0.28
0.66
0.39
0.73
0.33
CorWatt	PkgWatt
33.70	220.80
2.39	117.20
2.08
1.96
2.35
0.46
0.66
0.49
0.40
0.67
0.55
0.63
0.55
0.91
0.58
0.63
0.65
0.22
0.22
0.22
0.21
1.14
0.76
0.89
0.81
0.68
0.41
0.55
0.52
0.18
0.18
0.18
0.18
0.28	103.54
0.44
0.34
0.37
0.19
0.32
0.29
0.19
0.48
0.41
0.43
0.39
0.17
0.20
0.16
0.16
0.15
0.15
0.15
0.15
0.15
0.16
0.15
0.15
0.21
0.38
0.27
0.24
0.89
0.89
0.81
0.68
CorWatt	PkgWatt
33.73	223.14
2.54	118.68
1.73
1.93
1.88
1.21
1.31
1.13
1.04
0.28
0.29
0.25
0.26
0.45
0.29
0.32
0.24
0.38
0.37
0.59
0.34
1.15
1.04
1.12
1.15
0.34
0.32
0.34
0.41
0.31
0.21
0.20
0.20
0.93	104.43
0.63
0.57
0.66
0.18
0.29
0.20
0.18
0.15
0.15
0.18
0.15
0.29
0.45
0.44
0.38
0.15
0.15
0.15
0.15
0.16
0.16
0.16
0.16
0.37
0.44
0.61
0.53
0.22
0.25
0.34
0.30
CorWatt	PkgWatt
36.37	218.51
2.34	116.37
1.95
1.80
2.37
0.71
0.59
0.66
0.66
0.63
0.45
0.51
0.41
0.56
0.32
0.33
0.58
0.44
0.38
1.25
0.38
0.72
0.63
0.89
0.86
0.77
0.87
0.65
0.62
0.50
0.35
0.40
0.37
0.65	102.14
0.38
0.56
0.52
0.20
0.25
0.21
0.21
0.38
0.62
0.43
0.49
0.39
0.42
0.48
0.49
0.20
0.20
0.20
0.20
0.36
0.36
0.26
0.32
0.20
0.20
0.20
0.22
0.43
0.40
0.46
0.59
CorWatt	PkgWatt
37.16	230.80
0.88	123.38
0.87
0.83
0.75
0.57
0.60
0.57
0.51
0.52
0.26
0.40
0.24
3.95
0.23
0.23
0.52
0.42
0.58
0.70
0.48
0.63
0.41
0.37
0.36
0.38
0.35
0.39
0.35
2.08
1.63
1.71
1.59
0.53	107.43
0.78
0.38
0.56
0.17
0.16
0.17
0.16
0.99
1.22
0.90
0.95
0.21
0.18
0.36
0.17
0.16
0.16
0.16
0.16
0.46
0.52
0.57
0.72
0.16
0.16
0.16
0.18
0.47
0.31
0.27
0.29
CorWatt	PkgWatt
36.94	229.44
0.79	131.48
0.74
0.49
0.61
3.90
1.39
1.60
1.49
0.88
0.75
0.78
0.76
3.76
0.91
1.10
0.98
0.61
0.64
0.66
0.82
0.81
0.69
0.71
0.58
0.47
0.34
0.38
0.40
0.48
0.46
0.54
0.44
0.13	97.97
0.13
0.13
0.13
0.14
0.14
0.13
0.14
0.35
0.36
0.35
0.40
0.28
0.18
0.17
0.27
0.13
0.13
0.13
0.13
0.52
0.43
0.51
0.34
0.13
0.14
0.13
0.15
0.14
0.22
0.13
0.14
CorWatt	PkgWatt
36.39	226.52
2.09	131.47
1.85
1.74
1.59
0.91
0.87
0.99
1.01
1.18
1.49
1.13
1.04
5.38
0.38
0.38
0.37
0.39
0.35
0.30
0.51
0.41
0.38
0.59
0.46
0.53
0.46
0.43
0.49
0.48
0.58
0.57
0.48
0.12	95.05
0.12
0.12
0.12
0.12
0.12
0.12
0.12
0.29
0.42
0.34
0.24
0.51
0.42
0.43
0.45
0.15
0.12
0.12
0.12
0.25
0.33
0.19
0.23
0.12
0.12
0.12
0.14
0.12
0.12
0.12
0.12
CorWatt	PkgWatt
35.49	225.79
1.26	131.83
1.11
0.95
0.95
0.55
0.58
0.44
0.65
1.42
1.34
1.31
1.16
5.65
0.40
0.39
0.51
0.37
0.35
0.46
0.42
0.88
0.86
0.82
0.95
0.21
0.20
0.24
0.20
1.34
1.28
1.61
1.63
0.11	93.94
0.11
0.11
0.11
0.11
0.11
0.11
0.11
0.11
0.11
0.11
0.13
0.18
0.12
0.12
0.17
0.39
0.44
0.35
0.47
0.12
0.12
0.12
0.12
0.12
0.12
0.11
0.13
0.11
0.11
0.11
0.12
CorWatt	PkgWatt
35.11	253.45
0.62	135.01
0.54
0.38
0.42
0.30
0.38
0.44
0.46
1.54
1.55
1.37
1.65
0.39
0.62
0.28
0.27
0.35
0.48
0.33
0.31
1.17
0.87
0.86
1.13
1.72
1.73
1.58
2.21
0.31
0.31
0.25
0.31
0.21	118.47
0.21
4.16
0.21
0.16
0.16
0.16
0.16
0.15
0.15
0.15
0.17
0.15
0.14
0.14
0.15
0.52
0.31
0.34
0.29
0.16
0.16
0.16
0.16
0.16
0.16
0.16
0.18
0.15
0.15
0.15
0.15
CorWatt	PkgWatt
35.37	254.17
0.78	135.45
0.70
0.68
0.67
1.11
1.16
1.22
1.25
1.46
0.83
0.88
1.03
0.66
0.57
0.77
0.70
0.59
0.52
0.50
0.48
0.81
0.56
0.33
0.60
0.26
0.22
0.21
0.22
1.36
1.22
1.43
1.53
0.42	118.69
0.28
4.29
0.28
0.17
0.17
0.16
0.17
0.16
0.16
0.16
0.19
0.15
0.15
0.15
0.15
0.29
0.21
0.21
0.20
0.17
0.17
0.17
0.17
0.16
0.17
0.16
0.19
0.15
0.15
0.15
0.16
CorWatt	PkgWatt
36.10	254.87
1.91	135.53
1.42
1.62
1.61
1.30
0.95
1.24
0.96
1.19
1.12
0.91
0.89
1.15
0.90
0.87
0.84
0.39
0.37
0.50
0.55
0.59
0.45
0.52
0.55
0.25
0.21
0.20
0.21
0.54
0.34
0.58
0.33
0.40	119.33
0.46
4.32
0.39
0.18
0.18
0.17
0.18
0.16
0.16
0.16
0.17
0.15
0.15
0.15
0.15
0.21
0.21
0.43
0.32
0.17
0.17
0.17
0.17
0.16
0.16
0.16
0.18
0.16
0.15
0.15
0.15
CorWatt	PkgWatt
35.91	254.67
0.47	134.90
0.39
0.59
0.30
0.84
0.71
0.67
0.97
0.92
0.99
1.03
1.11
0.36
0.40
0.35
0.30
1.54
1.41
1.42
1.51
0.99
0.57
0.69
0.81
1.28
0.88
1.12
0.93
0.24
0.48
0.28
0.24
0.39	119.86
0.26
4.38
0.42
0.22
0.22
0.37
0.48
0.16
0.16
0.16
0.18
0.15
0.15
0.15
0.15
0.28
0.21
0.33
0.34
0.17
0.17
0.17
0.17
0.16
0.17
0.16
0.18
0.15
0.15
0.15
0.16
CorWatt	PkgWatt
30.10	248.28
0.61	128.14
0.30
0.56
0.41
0.85
0.67
0.75
0.71
0.29
0.41
0.21
0.24
1.36
1.07
0.95
0.95
1.24
1.12
1.14
1.48
0.22
0.20
0.19
0.19
0.70
0.28
0.35
0.29
0.19
0.26
0.18
0.25
0.33	120.22
0.36
4.40
0.40
0.45
0.24
0.44
0.42
0.18
0.16
0.16
0.18
0.19
0.15
0.15
0.15
0.33
0.23
0.22
0.37
0.17
0.17
0.17
0.17
0.16
0.16
0.16
0.20
0.16
0.16
0.15
0.16
CorWatt	PkgWatt
12.82	228.54
0.12	110.46
0.11
0.11
0.11
0.11
0.11
0.11
0.11
0.10
0.09
0.09
0.09
0.09
0.10
0.10
0.09
0.12
0.12
0.13
0.12
0.12
0.11
0.11
0.11
0.12
0.11
0.11
0.11
0.10
0.10
0.10
0.10
0.21	117.96
0.21
4.42
0.21
0.16
0.16
0.16
0.16
0.15
0.15
0.15
0.16
0.15
0.14
0.14
0.14
0.16
0.16
0.16
0.16
0.16
0.16
0.16
0.16
0.16
0.16
0.16
0.16
0.15
0.15
0.15
0.15
CorWatt	PkgWatt
13.02	228.55
0.12	110.61
0.12
0.12
0.12
0.12
0.11
0.12
0.12
0.10
0.10
0.10
0.10
0.10
0.10
0.10
0.10
0.12
0.12
0.14
0.12
0.12
0.11
0.11
0.11
0.12
0.11
0.12
0.11
0.10
0.10
0.10
0.10
0.21	118.01
0.21
4.48
0.21
0.16
0.16
0.16
0.16
0.15
0.15
0.15
0.16
0.15
0.14
0.14
0.14
0.16
0.16
0.16
0.16
0.16
0.17
0.16
0.16
0.16
0.16
0.16
0.17
0.15
0.15
0.15
0.15
CorWatt	PkgWatt
12.82	228.39
0.12	110.25
0.11
0.11
0.11
0.11
0.11
0.11
0.11
0.10
0.09
0.17
0.09
0.09
0.09
0.09
0.09
0.12
0.11
0.13
0.11
0.12
0.11
0.11
0.10
0.11
0.10
0.11
0.10
0.10
0.10
0.10
0.09
0.21	118.08
0.21
4.45
0.21
0.16
0.16
0.16
0.16
0.15
0.15
0.15
0.16
0.15
0.14
0.14
0.14
0.16
0.16
0.16
0.16
0.16
0.16
0.16
0.16
0.16
0.16
0.15
0.16
0.15
0.15
0.15
0.15
CorWatt	PkgWatt
12.68	227.98
0.12	110.02
0.11
0.11
0.11
0.11
0.10
0.11
0.11
0.09
0.09
0.09
0.09
0.09
0.09
0.09
0.09
0.11
0.11
0.13
0.11
0.12
0.11
0.10
0.10
0.11
0.10
0.11
0.10
0.09
0.09
0.09
0.09
0.21	117.93
0.21
4.47
0.21
0.16
0.16
0.16
0.16
0.15
0.15
0.15
0.16
0.15
0.14
0.14
0.14
0.16
0.16
0.16
0.16
0.16
0.16
0.16
0.16
0.16
0.16
0.15
0.16
0.15
0.14
0.14
0.14
CorWatt	PkgWatt
12.69	227.97
0.12	110.06
0.11
0.11
0.11
0.11
0.10
0.11
0.11
0.09
0.09
0.09
0.09
0.09
0.09
0.09
0.09
0.11
0.11
0.13
0.11
0.12
0.10
0.10
0.10
0.11
0.10
0.11
0.10
0.09
0.09
0.09
0.09
0.21	117.99
0.21
4.45
0.21
0.16
0.16
0.16
0.16
0.15
0.15
0.15
0.16
0.15
0.14
0.14
0.14
0.16
0.16
0.16
0.16
0.16
0.17
0.16
0.16
0.16
0.16
0.16
0.17
0.15
0.15
0.14
0.15
CorWatt	PkgWatt
12.86	228.38
0.12	110.30
0.11
0.11
0.11
0.12
0.11
0.11
0.11
0.10
0.10
0.09
0.09
0.09
0.09
0.09
0.09
0.12
0.12
0.13
0.11
0.12
0.11
0.11
0.11
0.11
0.11
0.11
0.11
0.10
0.10
0.10
0.09
0.21	117.99
0.21
4.47
0.21
0.16
0.16
0.16
0.16
0.15
0.15
0.15
0.16
0.15
0.15
0.14
0.14
0.16
0.16
0.16
0.16
0.16
0.17
0.16
0.16
0.16
0.16
0.16
0.17
0.15
0.15
0.15
0.15
CorWatt	PkgWatt
12.73	228.11
0.11	110.01
0.11
0.11
0.11
0.11
0.10
0.11
0.11
0.09
0.09
0.09
0.09
0.09
0.09
0.09
0.09
0.11
0.11
0.13
0.11
0.12
0.11
0.10
0.10
0.11
0.10
0.11
0.10
0.09
0.09
0.09
0.09
0.21	118.10
0.21
4.52
0.21
0.16
0.16
0.16
0.16
0.15
0.15
0.15
0.16
0.14
0.14
0.14
0.14
0.16
0.16
0.16
0.16
0.16
0.17
0.16
0.16
0.16
0.16
0.16
0.16
0.15
0.15
0.14
0.15
CorWatt	PkgWatt
12.00	224.59
0.11	108.90
0.11
0.11
0.11
0.11
0.10
0.11
0.11
0.09
0.09
0.09
0.09
0.09
0.09
0.09
0.09
0.11
0.11
0.13
0.11
0.11
0.10
0.10
0.10
0.11
0.10
0.11
0.10
0.09
0.09
0.09
0.09
0.20	115.91
0.20
4.03
0.20
0.15
0.15
0.15
0.15
0.14
0.14
0.14
0.15
0.14
0.14
0.14
0.14
0.15
0.15
0.15
0.15
0.15
0.16
0.15
0.15
0.15
0.15
0.15
0.16
0.14
0.14
0.14
0.14
CorWatt	PkgWatt
12.29	180.84
0.14	92.16
0.16
0.14
0.15
0.16
0.17
0.18
0.18
0.16
0.16
0.16
0.15
0.13
0.14
0.53
0.14
0.17
0.17
0.23
0.18
0.18
0.16
0.17
0.18
0.17
0.16
0.17
0.17
0.13
0.13
0.14
0.13
0.17	88.63
0.16
0.18
0.17
0.17
0.17
0.17
0.17
0.16
0.17
0.18
0.55
0.15
0.14
0.15
0.15
0.17
0.17
0.16
0.17
0.20
0.21
0.21
1.13
0.17
0.17
0.17
0.18
0.17
0.16
0.17
0.17
CorWatt	PkgWatt
12.10	196.45
0.15	94.79
0.14
0.14
0.14
0.14
0.13
0.17
0.13
0.11
0.12
0.12
0.10
0.11
0.12
0.11
0.12
0.13
0.13
0.13
0.14
0.14
0.13
0.12
0.13
0.12
0.12
0.13
0.13
0.13
0.13
0.13
0.12
0.20	101.65
0.19
0.19
0.20
0.19
0.20
0.18
0.19
0.18
0.18
0.18
0.22
0.17
0.17
0.16
0.20
0.19
0.18
0.20
0.19
0.27
0.53
0.25
1.77
0.17
0.18
0.18
0.19
0.18
0.17
0.16
0.17
CorWatt	PkgWatt
18.42	199.50
0.41	96.29
0.35
0.67
0.45
0.28
0.15
0.26
0.28
0.29
0.18
0.22
0.28
0.13
0.39
0.13
0.34
0.33
0.22
0.22
0.21
0.25
0.43
0.22
0.19
0.14
0.37
0.36
0.15
0.23
0.22
0.27
0.23
0.27	103.33
0.22
0.23
0.25
0.26
0.23
0.19
0.30
0.35
0.29
0.24
0.27
0.24
0.21
0.22
0.18
0.25
0.21
0.20
0.22
1.16
1.05
0.24
0.25
0.22
0.19
0.18
0.32
0.25
0.23
0.20
0.46
CorWatt	PkgWatt
16.91	189.92
0.29	90.81
0.23
0.25
0.22
0.40
0.45
0.48
0.50
0.20
0.20
0.18
0.18
0.27
0.31
0.27
0.24
0.15
0.14
0.14
0.14
0.18
0.18
0.17
0.18
0.46
0.45
0.43
0.42
0.14
0.13
0.14
0.13
0.21	99.00
0.18
0.18
0.18
0.19
0.19
0.19
0.20
0.24
0.22
0.19
0.34
0.22
0.23
0.21
0.23
0.20
0.25
0.17
0.18
0.43
1.95
0.29
0.29
0.20
0.17
0.17
0.19
0.19
0.19
0.17
0.21
CorWatt	PkgWatt
32.73	221.24
0.61	117.42
0.37
0.42
0.53
0.37
0.30
0.38
0.50
1.22
1.12
1.23
1.05
2.88
2.45
2.72
2.46
0.23
0.28
0.23
0.24
0.43
0.43
0.52
0.43
0.52
0.52
0.50
0.60
0.26
0.24
0.35
0.28
0.17	103.72
0.16
0.17
0.16
0.17
0.18
0.17
0.18
0.17
0.17
0.19
0.20
0.15
0.16
0.15
0.15
0.17
0.17
0.16
0.17
1.06
0.71
0.38
1.20
0.17
0.17
0.17
0.19
0.16
0.16
0.16
0.16
CorWatt	PkgWatt
33.04	219.59
1.57	116.59
1.62
1.59
1.83
0.73
0.90
1.01
1.00
1.04
0.92
1.16
0.94
0.41
0.38
0.48
0.55
0.23
0.21
0.21
0.21
1.06
1.00
1.24
1.26
0.33
0.37
0.46
0.58
0.30
0.39
0.62
0.49
0.17	103.12
0.17
0.17
0.17
0.18
0.17
0.17
0.17
0.17
0.17
0.19
0.20
0.16
0.16
0.16
0.15
0.17
0.17
0.16
0.17
0.40
0.47
0.37
1.98
0.17
0.17
0.17
0.19
0.16
0.16
0.16
0.16
CorWatt	PkgWatt
35.09	223.93
1.80	112.76
1.87
2.33
1.85
0.57
0.75
0.52
0.71
0.49
0.46
0.40
0.46
0.31
0.37
0.47
0.29
0.30
0.26
0.26
0.24
0.38
0.62
0.49
0.78
0.27
0.27
0.25
0.45
0.29
0.43
0.26
0.35
0.23	111.01
0.32
0.20
0.19
0.49
0.44
0.40
0.43
0.29
0.41
0.47
0.42
0.92
1.04
0.75
0.88
0.20
0.22
0.18
0.19
0.63
0.83
1.10
1.64
0.18
0.18
0.17
0.20
0.63
0.44
0.43
0.46
CorWatt	PkgWatt
33.80	224.08
1.68	115.36
1.68
1.49
1.38
0.71
0.57
0.48
0.67
0.18
0.17
0.17
0.17
1.25
1.00
1.13
0.98
0.29
0.26
0.29
0.26
0.37
0.48
0.44
0.32
0.47
0.75
0.54
0.60
0.49
0.41
0.42
0.42
0.19	108.90
0.17
0.17
0.17
0.87
0.73
0.60
0.95
0.24
0.29
0.51
0.32
0.31
0.40
0.29
0.60
0.17
0.17
0.17
0.17
0.51
1.44
1.24
0.53
0.17
0.17
0.17
0.19
0.33
0.29
0.44
0.34
CorWatt	PkgWatt
33.63	227.86
1.80	116.36
1.49
1.70
2.07
0.26
0.22
0.23
0.31
0.19
0.18
0.18
0.18
0.34
0.33
0.33
0.44
0.20
0.19
0.19
0.19
0.49
0.40
0.44
0.42
1.44
1.30
1.24
1.29
0.25
0.26
0.31
0.47
0.17	111.31
0.17
0.17
0.17
0.69
0.74
1.54
1.11
0.24
0.27
0.27
0.28
0.20
0.24
0.19
0.18
0.17
0.17
0.17
0.17
1.09
1.06
0.86
0.99
0.17
0.17
0.17
0.19
0.61
0.58
0.64
0.47
CorWatt	PkgWatt
34.17	224.92
1.51	117.20
1.29
1.31
1.39
0.81
0.70
0.78
0.74
0.30
0.34
0.23
0.23
0.66
0.68
0.79
0.66
0.92
0.78
0.85
0.83
0.38
0.30
0.32
0.32
0.39
0.49
0.39
0.51
0.78
0.75
0.66
0.70
0.17	107.97
0.17
0.17
0.17
0.71
1.32
0.57
0.90
0.84
0.97
1.15
0.83
0.31
0.31
0.28
0.27
0.18
0.17
0.17
0.17
0.41
0.27
0.25
0.27
0.17
0.18
0.17
0.19
0.17
0.16
0.16
0.17
CorWatt	PkgWatt
33.65	224.54
0.99	118.30
1.08
0.88
1.12
0.89
1.29
1.05
0.90
0.36
0.27
0.23
0.23
0.44
0.31
0.28
0.34
0.37
0.33
0.38
0.35
0.59
0.76
0.57
0.57
1.18
0.95
1.18
0.99
1.04
1.13
1.07
0.96
0.17	106.00
0.17
0.17
0.17
0.29
2.07
0.36
0.27
0.64
0.40
0.38
0.58
0.22
0.43
0.28
0.24
0.17
0.17
0.17
0.17
0.38
0.48
0.37
0.41
0.17
0.17
0.17
0.19
0.16
0.16
0.16
0.17
CorWatt	PkgWatt
33.77	224.95
0.89	118.39
0.56
0.60
0.59
1.08
0.96
0.98
1.12
0.36
0.30
0.34
0.33
0.58
0.54
0.62
0.72
0.62
0.51
0.48
0.64
1.14
1.26
1.48
1.01
0.80
0.48
0.60
0.75
0.73
0.54
0.54
0.67
0.17	106.68
0.17
0.17
0.17
1.33
0.48
0.52
1.34
0.25
0.29
0.37
0.27
0.17
0.17
0.22
0.16
0.17
0.17
0.17
0.17
0.56
0.71
0.72
0.72
0.17
0.17
0.17
0.19
0.16
0.16
0.16
0.16
CorWatt	PkgWatt
34.12	225.14
1.24	115.89
1.05
1.42
1.23
0.40
0.27
0.27
0.38
0.32
0.46
0.48
0.34
0.80
0.96
1.01
0.59
1.00
1.13
1.20
1.41
0.45
0.63
0.54
0.38
0.22
0.41
0.21
0.21
0.27
0.47
0.36
0.32
0.69	109.14
0.47
0.57
0.63
1.44
0.84
0.26
0.27
0.17
0.23
0.17
0.17
0.85
0.96
0.75
0.68
0.29
0.18
0.18
0.18
0.67
0.59
0.49
0.59
0.17
0.17
0.17
0.20
0.16
0.17
0.16
0.17
CorWatt	PkgWatt
33.66	224.42
0.62	118.90
0.82
0.47
0.52
0.84
0.84
0.76
0.65
1.68
1.32
1.44
1.75
1.17
0.80
0.79
0.91
1.07
0.76
0.76
0.95
0.49
0.39
0.42
0.38
0.29
0.26
0.26
0.32
0.67
0.31
0.49
0.34
0.18	105.60
0.17
0.17
0.17
0.32
0.46
0.80
1.43
0.17
0.21
0.17
0.17
0.21
0.26
0.47
0.27
0.18
0.17
0.17
0.17
0.70
0.58
0.63
0.46
0.17
0.17
0.17
0.19
0.19
0.19
0.19
0.19
CorWatt	PkgWatt
33.01	228.74
0.75	118.41
0.47
0.43
0.44
0.50
0.51
0.49
0.49
0.96
1.09
1.15
0.96
1.00
1.13
1.29
1.10
0.85
0.80
0.68
0.85
0.29
0.24
0.31
0.34
0.58
0.48
0.56
0.51
0.52
0.24
0.38
0.24
0.18	110.29
0.17
0.17
0.17
1.13
1.16
1.30
1.07
0.40
0.42
0.33
0.33
0.23
0.23
0.22
0.25
0.19
0.18
0.17
0.17
0.66
0.34
0.39
0.34
0.71
0.25
0.25
0.29
0.16
0.17
0.17
0.17
CorWatt	PkgWatt
33.19	219.84
0.73	115.63
0.47
0.57
0.58
0.33
0.30
0.36
0.36
0.49
0.70
0.46
0.45
0.32
0.41
0.48
0.31
0.63
0.71
0.68
0.69
2.38
2.08
2.02
2.39
0.73
0.73
0.79
0.80
0.45
0.52
0.67
0.52
0.17	104.21
0.17
0.17
0.17
0.51
0.21
0.22
0.26
0.17
0.20
0.17
0.20
0.23
0.29
0.22
0.38
0.17
0.17
0.17
0.17
0.19
0.18
0.18
0.18
1.13
0.71
0.98
0.45
0.16
0.16
0.16
0.16
CorWatt	PkgWatt
33.16	218.98
1.38	116.28
1.08
1.35
1.20
1.24
0.95
1.29
1.31
0.60
0.70
0.74
0.48
0.41
0.73
0.39
0.58
0.51
0.40
0.49
0.30
0.85
0.95
0.79
0.96
0.84
0.72
0.76
1.02
0.63
0.48
0.51
0.44
0.17	102.81
0.17
0.17
0.17
0.23
0.22
0.21
0.24
0.17
0.20
0.17
0.20
0.34
0.32
0.20
0.19
0.17
0.17
0.17
0.17
0.18
0.18
0.17
0.17
0.24
0.23
1.39
0.83
0.16
0.16
0.16
0.16
CorWatt	PkgWatt
37.35	224.90
1.11	118.85
1.12
1.63
1.09
2.21
2.02
2.03
2.44
0.75
0.62
0.78
0.54
0.47
0.52
0.44
0.72
0.38
0.48
0.34
0.51
0.79
0.54
0.96
0.60
0.35
0.30
0.35
0.34
0.39
0.27
0.27
0.36
0.25	105.96
0.25
0.61
0.24
0.29
0.28
0.28
0.28
0.26
0.27
0.25
0.32
0.66
0.60
0.52
0.65
0.26
0.26
0.25
0.25
0.68
0.25
0.24
0.26
0.31
0.29
0.29
1.35
0.23
0.23
0.22
0.23
CorWatt	PkgWatt
33.40	220.10
0.39	113.39
0.23
0.23
0.22
0.46
0.39
0.80
0.76
0.36
0.25
0.36
0.35
1.43
1.22
1.72
1.70
0.88
0.85
0.55
0.58
0.62
0.38
0.54
0.32
0.24
0.42
0.42
0.24
0.87
0.70
0.90
0.88
0.19	106.66
0.18
0.23
0.18
1.07
0.89
0.88
0.91
0.16
0.18
0.15
0.15
0.36
0.26
0.28
0.30
0.22
0.19
0.20
0.18
1.01
1.37
0.78
1.17
0.31
0.23
0.20
0.22
0.16
0.19
0.17
0.17
CorWatt	PkgWatt
32.39	214.16
0.44	114.95
0.32
0.38
0.34
0.66
0.67
0.43
0.94
0.35
0.23
0.24
0.48
0.98
0.79
0.84
0.83
0.60
0.56
0.47
0.75
1.29
1.26
1.14
1.01
0.87
0.88
0.71
0.40
1.75
1.06
1.31
1.10
0.18	99.14
0.17
0.22
0.17
0.32
0.28
0.28
0.35
0.16
0.19
0.16
0.16
0.16
0.15
0.15
0.15
0.17
0.16
0.16
0.16
0.53
1.17
0.37
0.35
0.29
0.38
0.37
0.32
0.16
0.15
0.15
0.16
CorWatt	PkgWatt
34.07	211.90
1.86	114.99
1.57
1.69
1.38
0.42
1.02
0.86
0.45
1.43
1.24
1.59
1.21
0.62
0.60
0.50
0.74
1.20
0.94
1.22
0.84
0.75
0.62
0.61
0.59
0.22
0.22
0.43
0.22
0.35
0.28
0.22
0.22
0.18	96.98
0.18
0.19
0.23
0.22
0.24
0.32
0.41
0.16
0.19
0.16
0.16
0.16
0.16
0.15
0.15
0.17
0.16
0.16
0.16
0.36
0.35
1.38
0.36
0.20
0.22
0.21
0.38
0.15
0.15
0.15
0.16
CorWatt	PkgWatt
34.50	219.18
0.67	116.29
0.53
0.55
0.86
0.50
0.57
0.31
0.34
1.00
0.81
0.89
0.76
1.06
1.35
1.46
1.04
0.87
0.56
0.52
0.50
0.37
0.32
0.27
0.62
1.26
1.12
1.25
1.59
0.32
0.42
0.60
0.34
0.64	102.91
0.66
0.79
0.72
0.48
0.61
0.62
0.52
0.17
0.19
0.16
0.16
0.16
0.16
0.15
0.15
0.17
0.17
0.16
0.17
0.37
0.36
1.40
0.36
0.17
0.18
0.17
0.20
0.16
0.16
0.16
0.16
CorWatt	PkgWatt
34.48	221.82
0.46	108.80
0.28
0.26
0.25
0.49
0.58
0.51
0.40
0.34
0.27
0.26
0.45
0.40
0.40
0.32
0.39
0.58
0.50
0.51
0.43
0.46
0.35
0.34
0.46
0.32
0.23
0.24
0.27
1.01
0.85
1.08
1.08
1.70	114.49
1.61
1.94
1.93
0.51
0.67
0.64
0.54
0.72
0.67
0.66
0.93
0.24
0.27
0.24
0.30
0.20
0.19
0.18
0.18
0.44
0.39
0.78
1.02
0.65
0.55
0.58
0.48
0.17
0.16
0.16
0.16
CorWatt	PkgWatt
33.70	223.43
0.57	114.09
0.42
0.35
0.48
0.30
0.38
0.46
0.38
1.19
1.18
1.43
1.63
0.24
0.24
0.22
0.24
0.48
0.52
0.58
0.62
0.23
0.23
0.21
0.21
0.27
0.29
0.32
0.32
1.42
1.71
1.68
1.72
0.53	107.93
0.24
0.28
0.23
0.44
0.58
0.76
0.57
0.17
0.19
0.17
0.17
0.18
0.18
0.35
0.19
0.18
0.17
0.17
0.17
0.37
0.36
1.06
0.70
0.90
0.96
1.02
1.14
0.16
0.16
0.16
0.16
CorWatt	PkgWatt
33.66	213.13
0.80	110.06
0.65
0.69
0.77
0.59
0.80
0.49
0.63
0.96
0.97
1.06
0.90
0.34
0.29
0.38
0.64
1.68
1.72
1.36
1.29
0.22
0.20
0.20
0.20
0.20
0.21
0.34
0.21
0.31
0.32
0.30
0.55
0.39	103.08
0.48
0.26
0.42
0.91
1.00
1.06
0.82
0.63
0.49
0.51
0.48
0.28
0.27
0.26
0.23
0.18
0.17
0.17
0.18
0.37
0.36
0.36
1.40
0.21
0.30
0.22
0.35
0.17
0.17
0.17
0.18
CorWatt	PkgWatt
33.78	216.33
1.71	114.15
1.54
1.82
1.75
0.30
0.32
0.26
0.32
1.00
1.06
1.04
0.87
0.61
0.59
0.38
0.57
0.66
0.55
0.44
0.52
1.24
0.88
0.99
0.84
0.37
0.50
0.38
0.54
0.21
0.33
0.22
0.20
0.41	102.14
0.53
0.41
0.39
0.18
0.19
0.18
0.18
0.17
0.17
0.19
0.16
0.18
0.22
0.18
0.17
0.18
0.17
0.17
0.17
0.37
0.36
1.40
0.37
0.93
0.79
0.65
0.63
0.17
0.16
0.16
0.17
CorWatt	PkgWatt
33.52	192.78
1.08	104.96
0.81
0.69
0.79
0.55
0.65
0.67
0.73
0.26
0.60
0.31
0.27
1.78
1.82
1.65
2.13
0.48
0.36
0.39
0.43
1.31
1.07
1.13
1.06
0.68
0.92
0.59
0.66
0.38
0.62
0.57
0.49
0.22	87.79
0.17
0.17
0.18
0.17
0.18
0.17
0.17
0.16
0.16
0.19
0.16
0.17
0.23
0.17
0.16
0.17
0.17
0.17
0.17
0.36
0.36
1.06
0.69
0.24
0.23
0.23
0.29
0.16
0.16
0.16
0.16
CorWatt	PkgWatt
34.13	197.07
1.12	106.62
0.95
0.95
0.88
0.66
0.54
1.12
0.77
0.57
0.96
0.83
0.82
0.29
0.49
0.36
0.32
1.09
1.05
0.80
0.98
1.23
1.45
1.21
1.46
1.20
0.88
1.05
1.00
0.29
0.24
0.23
0.22
0.27	90.42
0.33
0.37
0.27
0.17
0.18
0.17
0.17
0.17
0.16
0.19
0.16
0.17
0.22
0.16
0.16
0.17
0.17
0.16
0.17
0.36
0.36
1.14
0.63
0.19
0.36
0.23
0.22
0.16
0.16
0.16
0.16
CorWatt	PkgWatt
33.69	205.84
2.02	109.05
1.31
1.50
1.64
0.89
0.82
0.63
0.72
0.81
0.56
0.58
0.51
0.68
0.59
0.60
0.54
0.67
0.84
0.61
0.71
0.24
0.35
0.26
0.24
0.88
0.83
0.91
0.82
0.51
0.77
0.59
0.44
0.84	96.86
0.74
0.58
0.64
0.17
0.18
0.17
0.17
0.17
0.16
0.19
0.16
0.20
0.19
0.17
0.16
0.17
0.17
0.17
0.17
0.36
0.36
1.41
0.36
0.22
0.28
0.23
0.21
0.16
0.16
0.16
0.16
CorWatt	PkgWatt
34.23	215.19
2.07	112.42
2.19
2.23
2.02
0.64
0.77
0.86
0.86
0.32
0.41
0.26
0.24
0.36
0.30
0.45
0.45
1.08
1.06
1.12
1.53
0.45
0.38
0.44
0.73
0.34
0.27
0.27
0.25
0.34
0.48
0.62
0.39
0.66	102.72
0.73
0.67
0.61
0.17
0.18
0.17
0.17
0.17
0.16
0.19
0.16
0.17
0.22
0.16
0.17
0.17
0.17
0.17
0.17
0.80
0.36
0.36
0.96
0.34
0.34
0.42
0.36
0.16
0.16
0.16
0.16
CorWatt	PkgWatt
33.72	213.23
2.30	113.03
2.18
1.96
1.99
0.58
0.40
0.40
0.42
0.28
0.34
0.26
0.27
0.39
0.75
0.56
0.46
0.59
0.69
0.85
0.61
0.23
0.21
0.21
0.20
0.39
0.38
0.27
0.26
1.21
1.20
1.51
0.98
0.22	100.22
0.27
0.20
0.28
0.17
0.18
0.17
0.17
0.17
0.16
0.19
0.16
0.19
0.25
0.31
0.19
0.17
0.17
0.16
0.17
1.18
0.34
0.34
0.41
0.98
0.94
0.78
0.88
0.16
0.16
0.16
0.16
CorWatt	PkgWatt
34.76	208.24
0.86	113.06
0.71
0.77
0.77
1.11
1.23
1.31
0.99
0.30
0.39
0.27
0.42
0.94
0.79
0.68
1.04
1.25
0.95
1.08
1.02
0.74
0.90
0.90
0.83
0.85
1.12
0.91
0.98
0.41
0.66
0.42
0.78
0.31	95.18
0.25
0.24
0.23
0.17
0.18
0.18
0.17
0.18
0.17
0.19
0.17
0.81
0.43
0.93
0.36
0.17
0.17
0.17
0.17
0.19
0.18
0.18
0.18
0.46
0.37
0.29
0.27
0.16
0.16
0.16
0.17
CorWatt	PkgWatt
34.66	212.69
2.03	113.57
1.56
1.41
1.35
0.33
0.52
0.45
0.40
0.43
0.43
0.50
0.43
0.33
0.65
0.45
0.32
0.43
0.47
0.43
0.37
1.33
0.99
1.17
1.26
1.33
0.86
1.02
0.92
0.69
0.84
0.77
0.88
0.45	99.17
0.71
0.45
0.46
0.18
0.19
0.18
0.18
0.18
0.17
0.20
0.17
1.38
0.47
0.36
0.36
0.17
0.17
0.17
0.17
0.18
0.18
0.18
0.18
0.21
0.45
0.26
0.25
0.16
0.16
0.16
0.17
CorWatt	PkgWatt
34.57	208.84
0.82	109.91
0.58
0.60
0.48
0.72
0.56
0.54
0.74
0.23
0.24
0.24
0.35
2.27
1.99
1.84
1.80
1.18
1.07
1.26
1.43
0.46
0.34
0.45
0.40
0.24
0.24
0.42
0.23
0.69
0.64
0.88
0.92
0.39	98.87
0.57
0.51
0.46
0.18
0.18
0.18
0.18
0.18
0.17
0.21
0.17
0.82
0.74
0.64
0.36
0.18
0.17
0.17
0.18
0.19
0.18
0.18
0.19
0.39
0.37
0.49
0.43
0.16
0.16
0.16
0.17
CorWatt	PkgWatt
33.13	211.12
0.63	111.02
0.49
0.50
0.56
0.60
0.50
0.67
0.35
0.20
0.27
0.26
0.19
0.68
0.54
0.52
0.51
0.53
0.46
0.65
0.33
1.64
1.90
1.68
2.22
0.30
0.37
0.37
0.27
1.10
1.02
1.38
1.18
0.20	100.13
0.36
0.21
0.24
0.55
0.47
0.54
0.66
0.17
0.17
0.19
0.17
0.36
0.43
1.39
0.36
0.18
0.17
0.17
0.17
0.29
0.18
0.18
0.18
0.40
0.57
0.31
0.34
0.17
0.16
0.16
0.17
