CorWatt	PkgWatt
15.59	128.95
0.56	128.96
0.47
0.49
0.49
0.54
0.66
0.56
0.54
0.40
0.44
0.39
0.39
0.52
0.54
0.55
0.57
0.49
0.50
0.52
0.57
0.44
0.42
0.42
0.43
0.38
0.40
0.39
0.37
0.55
0.52
0.52
0.54
CorWatt	PkgWatt
15.12	128.16
0.53	128.23
0.45
0.47
0.50
0.51
0.56
0.54
0.51
0.40
0.45
0.38
0.38
0.52
0.52
0.50
0.54
0.47
0.50
0.50
0.55
0.43
0.46
0.41
0.43
0.37
0.40
0.38
0.37
0.53
0.52
0.52
0.53
CorWatt	PkgWatt
70.96	185.68
0.94	185.64
2.20
2.26
2.24
2.31
2.34
2.32
2.26
2.19
2.21
2.19
2.34
2.37
2.32
2.30
2.30
2.25
2.24
2.06
2.11
2.20
2.21
2.00
1.98
2.19
2.14
1.97
1.99
2.36
3.85
2.16
2.16
