CorWatt	PkgWatt
4.32	151.78
0.08	76.33
0.08
0.08
0.08
0.08
0.08
0.08
0.08
0.08
0.08
0.07
0.07
0.07
0.07
0.07
0.07
0.08
0.08
0.08
0.08
0.09
0.08
0.08
0.08
0.08
0.08
0.08
0.08
0.07
0.07
0.08
0.08
0.06	75.58
0.06
0.06
0.06
0.06
0.06
0.06
0.06
0.05
0.05
0.05
0.05
0.05
0.05
0.05
0.05
0.06
0.06
0.05
0.06
0.07
0.07
0.07
0.07
0.05
0.05
0.05
0.05
0.05
0.05
0.05
0.06
CorWatt	PkgWatt
4.65	151.60
0.09	76.28
0.09
0.08
0.12
0.08
0.08
0.09
0.08
0.08
0.08
0.08
0.08
0.08
0.11
0.08
0.08
0.10
0.08
0.08
0.09
0.10
0.09
0.09
0.09
0.08
0.08
0.09
0.08
0.08
0.08
0.08
0.09
0.06	75.32
0.06
0.06
0.06
0.07
0.06
0.06
0.06
0.05
0.05
0.05
0.05
0.05
0.05
0.05
0.05
0.06
0.06
0.06
0.06
0.07
0.07
0.07
0.07
0.06
0.06
0.06
0.06
0.06
0.05
0.05
0.06
