CorWatt	PkgWatt
15.08	127.33
0.50	127.33
0.50
0.48
0.45
0.49
0.49
0.52
0.52
0.46
0.44
0.45
0.38
0.52
0.55
0.54
0.52
0.45
0.49
0.54
0.47
0.39
0.39
0.40
0.40
0.41
0.39
0.39
0.39
0.53
0.60
0.52
0.51
CorWatt	PkgWatt
14.88	126.95
0.49	127.02
0.47
0.47
0.44
0.49
0.49
0.50
0.47
0.44
0.46
0.42
0.38
0.53
0.52
0.51
0.51
0.47
0.50
0.49
0.47
0.41
0.40
0.39
0.38
0.40
0.38
0.39
0.37
0.55
0.58
0.57
0.52
CorWatt	PkgWatt
21.09	132.15
0.66	132.13
0.63
0.64
0.69
0.66
0.66
0.77
0.71
0.60
0.63
0.64
0.59
0.72
0.74
0.64
0.65
0.71
0.80
0.69
0.67
0.58
0.61
0.56
0.57
0.56
0.60
0.56
0.54
0.83
0.73
0.75
0.69
CorWatt	PkgWatt
15.84	127.92
0.52	127.90
0.48
0.53
0.49
0.49
0.58
0.60
0.52
0.44
0.47
0.43
0.48
0.53
0.63
0.54
0.56
0.46
0.53
0.48
0.48
0.44
0.42
0.42
0.42
0.41
0.38
0.39
0.40
0.55
0.59
0.55
0.62
CorWatt	PkgWatt
15.68	127.57
0.49	127.57
0.49
0.50
0.46
0.57
0.51
0.56
0.55
0.41
0.47
0.50
0.46
0.56
0.55
0.52
0.59
0.50
0.52
0.48
0.47
0.43
0.42
0.40
0.39
0.42
0.37
0.40
0.35
0.62
0.62
0.55
0.56
CorWatt	PkgWatt
16.99	128.63
0.54	128.67
0.53
0.52
0.49
0.53
0.52
0.60
0.56
0.47
0.53
0.47
0.49
0.58
0.65
0.63
0.59
0.52
0.57
0.53
0.52
0.46
0.45
0.44
0.43
0.47
0.45
0.43
0.42
0.64
0.66
0.61
0.71
CorWatt	PkgWatt
16.51	128.22
0.55	128.17
0.46
0.52
0.48
0.51
0.54
0.57
0.52
0.45
0.53
0.50
0.43
0.58
0.56
0.56
0.60
0.52
0.54
0.53
0.49
0.48
0.45
0.46
0.46
0.43
0.42
0.43
0.40
0.64
0.63
0.60
0.68
CorWatt	PkgWatt
15.39	127.47
0.51	127.47
0.44
0.50
0.48
0.50
0.50
0.60
0.50
0.41
0.47
0.44
0.42
0.51
0.57
0.52
0.52
0.51
0.56
0.51
0.52
0.44
0.38
0.44
0.48
0.36
0.35
0.41
0.37
0.52
0.58
0.52
0.55
CorWatt	PkgWatt
15.46	127.66
0.50	127.65
0.44
0.51
0.43
0.52
0.56
0.57
0.57
0.42
0.47
0.50
0.42
0.57
0.55
0.57
0.60
0.45
0.54
0.46
0.48
0.44
0.41
0.40
0.38
0.37
0.39
0.40
0.37
0.58
0.56
0.52
0.52
CorWatt	PkgWatt
15.65	127.75
0.54	127.75
0.48
0.50
0.46
0.52
0.50
0.50
0.58
0.42
0.48
0.43
0.45
0.55
0.59
0.56
0.54
0.49
0.54
0.52
0.50
0.46
0.50
0.43
0.42
0.39
0.36
0.41
0.36
0.53
0.56
0.51
0.57
CorWatt	PkgWatt
15.33	127.80
0.53	127.79
0.45
0.59
0.49
0.57
0.54
0.55
0.57
0.41
0.46
0.40
0.39
0.53
0.57
0.53
0.51
0.45
0.52
0.47
0.52
0.43
0.40
0.41
0.39
0.36
0.35
0.40
0.35
0.54
0.57
0.54
0.53
CorWatt	PkgWatt
15.39	127.69
0.54	127.70
0.48
0.52
0.49
0.59
0.53
0.52
0.58
0.42
0.45
0.45
0.40
0.55
0.59
0.54
0.55
0.46
0.48
0.45
0.50
0.45
0.41
0.40
0.39
0.41
0.38
0.37
0.35
0.52
0.55
0.52
0.56
CorWatt	PkgWatt
19.30	131.59
0.59	131.59
0.51
0.52
0.55
0.64
0.54
0.62
0.56
0.61
0.67
0.65
0.60
0.71
0.64
0.62
0.67
0.56
0.55
0.50
0.59
0.66
0.55
0.64
0.54
0.53
0.50
0.64
0.49
0.79
0.73
0.66
0.66
