CorWatt	PkgWatt
8.51	164.34
0.16	82.43
0.16
0.15
0.15
0.14
0.14
0.14
0.14
0.13
0.13
0.13
0.13
0.13
0.13
0.12
0.13
0.15
0.15
0.15
0.15
0.16
0.15
0.15
0.15
0.14
0.14
0.14
0.14
0.13
0.13
0.13
0.13
0.13	81.96
0.13
0.13
0.13
0.13
0.14
0.13
0.13
0.12
0.12
0.12
0.12
0.12
0.12
0.11
0.12
0.13
0.13
0.13
0.13
0.14
0.14
0.13
0.14
0.12
0.13
0.12
0.12
0.12
0.12
0.12
0.12
CorWatt	PkgWatt
8.63	161.83
0.18	81.18
0.15
0.15
0.15
0.15
0.14
0.15
0.14
0.13
0.13
0.13
0.13
0.13
0.13
0.13
0.13
0.15
0.15
0.15
0.15
0.16
0.15
0.15
0.15
0.14
0.14
0.14
0.14
0.13
0.13
0.13
0.13
0.13	80.79
0.13
0.12
0.13
0.13
0.13
0.15
0.13
0.12
0.12
0.12
0.13
0.12
0.11
0.11
0.11
0.13
0.13
0.17
0.13
0.14
0.14
0.13
0.15
0.12
0.12
0.12
0.13
0.15
0.14
0.12
0.13
CorWatt	PkgWatt
15.91	182.03
0.32	88.33
0.23
0.21
0.21
0.18
0.17
0.17
0.18
0.16
0.16
0.17
0.16
0.15
0.15
0.15
0.15
0.18
0.18
0.18
0.21
0.19
0.19
0.17
0.17
0.16
0.16
0.16
0.16
0.16
0.17
0.16
0.16
0.40	93.67
0.22
0.20
0.40
0.37
0.38
0.31
0.27
0.32
0.30
0.28
0.30
0.27
0.24
0.20
0.35
0.33
0.27
0.50
0.39
0.36
0.22
0.23
0.44
0.22
0.30
0.35
0.26
0.34
0.55
0.31
0.32
CorWatt	PkgWatt
8.61	161.65
0.16	80.71
0.15
0.15
0.15
0.15
0.15
0.15
0.15
0.13
0.13
0.13
0.13
0.13
0.13
0.13
0.13
0.15
0.15
0.15
0.15
0.16
0.15
0.14
0.14
0.14
0.14
0.14
0.14
0.13
0.13
0.13
0.13
0.13	80.78
0.13
0.13
0.13
0.13
0.13
0.13
0.13
0.12
0.12
0.13
0.13
0.12
0.12
0.12
0.12
0.13
0.14
0.13
0.13
0.14
0.14
0.14
0.14
0.13
0.13
0.13
0.13
0.12
0.12
0.12
0.12
CorWatt	PkgWatt
7.88	160.05
0.15	80.27
0.15
0.15
0.14
0.14
0.14
0.14
0.14
0.13
0.13
0.13
0.13
0.12
0.12
0.12
0.12
0.14
0.14
0.14
0.14
0.15
0.14
0.13
0.13
0.13
0.13
0.13
0.13
0.13
0.13
0.13
0.12
0.12	79.79
0.12
0.12
0.12
0.12
0.12
0.12
0.12
0.11
0.11
0.10
0.11
0.10
0.10
0.10
0.10
0.12
0.12
0.12
0.12
0.12
0.12
0.12
0.12
0.11
0.11
0.11
0.11
0.10
0.10
0.10
0.11
CorWatt	PkgWatt
16.95	176.84
0.31	93.21
0.29
0.30
0.29
0.28
0.27
0.25
0.26
0.21
0.21
0.25
0.22
4.01
0.26
0.25
0.27
0.28
0.28
0.27
0.28
0.26
0.28
0.24
0.23
0.24
0.24
0.22
0.25
0.23
0.25
0.23
0.22
0.17	83.85
0.16
0.16
0.16
0.17
0.16
0.16
0.16
0.15
0.15
0.15
0.15
0.15
0.15
0.15
0.15
0.16
0.16
0.16
0.16
0.17
0.17
0.16
0.16
0.15
0.16
0.16
0.16
0.17
0.16
0.16
0.16
CorWatt	PkgWatt
17.89	174.31
0.29	94.51
0.29
0.29
0.28
0.28
0.27
0.28
0.28
0.25
0.25
0.25
0.25
5.85
0.30
0.30
0.30
0.28
0.28
0.28
0.28
0.29
0.28
0.28
0.27
0.26
0.34
0.26
0.26
0.25
0.25
0.25
0.25
0.12	79.56
0.12
0.12
0.12
0.12
0.12
0.12
0.12
0.10
0.10
0.10
0.10
0.10
0.10
0.10
0.10
0.12
0.12
0.12
0.12
0.12
0.12
0.12
0.12
0.11
0.11
0.11
0.11
0.10
0.10
0.10
0.10
CorWatt	PkgWatt
17.97	174.09
0.29	94.36
0.29
0.28
0.28
0.28
0.27
0.28
0.28
0.25
0.25
0.25
0.25
5.84
0.30
0.30
0.30
0.28
0.28
0.27
0.27
0.29
0.28
0.27
0.27
0.26
0.26
0.26
0.26
0.25
0.25
0.25
0.25
0.12	79.84
0.12
0.12
0.12
0.12
0.12
0.12
0.12
0.11
0.11
0.11
0.11
0.11
0.11
0.11
0.11
0.12
0.12
0.13
0.12
0.12
0.12
0.12
0.12
0.12
0.12
0.12
0.12
0.11
0.11
0.11
0.11
CorWatt	PkgWatt
17.60	173.42
0.29	94.20
0.28
0.28
0.28
0.28
0.27
0.27
0.27
0.25
0.25
0.25
0.25
5.81
0.30
0.30
0.30
0.28
0.27
0.27
0.27
0.29
0.28
0.27
0.27
0.25
0.25
0.25
0.26
0.25
0.25
0.25
0.25
0.11	79.34
0.11
0.11
0.11
0.12
0.12
0.12
0.11
0.10
0.10
0.10
0.10
0.10
0.10
0.10
0.10
0.12
0.12
0.11
0.12
0.12
0.12
0.12
0.12
0.11
0.11
0.11
0.11
0.10
0.10
0.10
0.10
CorWatt	PkgWatt
17.42	173.35
0.29	93.98
0.28
0.28
0.27
0.27
0.26
0.27
0.27
0.25
0.24
0.24
0.25
5.81
0.29
0.29
0.29
0.27
0.27
0.26
0.26
0.29
0.27
0.27
0.27
0.25
0.25
0.25
0.25
0.25
0.25
0.25
0.25
0.11	79.06
0.11
0.11
0.11
0.11
0.11
0.11
0.11
0.10
0.10
0.10
0.10
0.10
0.10
0.10
0.10
0.12
0.11
0.11
0.11
0.11
0.11
0.11
0.11
0.11
0.11
0.10
0.10
0.10
0.10
0.10
0.10
CorWatt	PkgWatt
17.35	172.88
0.29	93.90
0.28
0.28
0.27
0.27
0.26
0.27
0.27
0.25
0.24
0.24
0.25
5.80
0.29
0.29
0.29
0.27
0.27
0.27
0.27
0.28
0.27
0.27
0.26
0.25
0.25
0.25
0.25
0.25
0.25
0.25
0.25
0.11	79.14
0.11
0.11
0.11
0.11
0.11
0.11
0.11
0.10
0.10
0.10
0.10
0.10
0.10
0.10
0.10
0.12
0.11
0.11
0.11
0.11
0.11
0.11
0.11
0.10
0.11
0.10
0.10
0.10
0.10
0.10
0.10
CorWatt	PkgWatt
17.50	173.33
0.29	93.76
0.28
0.28
0.27
0.27
0.26
0.27
0.26
0.24
0.24
0.24
0.24
5.80
0.29
0.29
0.29
0.26
0.26
0.27
0.26
0.28
0.27
0.27
0.26
0.25
0.25
0.25
0.25
0.25
0.25
0.25
0.24
0.12	79.42
0.11
0.11
0.11
0.12
0.12
0.12
0.12
0.10
0.10
0.10
0.10
0.10
0.10
0.10
0.10
0.12
0.12
0.11
0.12
0.12
0.12
0.12
0.12
0.11
0.11
0.11
0.11
0.10
0.10
0.10
0.10
CorWatt	PkgWatt
17.20	172.46
0.28	93.66
0.28
0.28
0.27
0.27
0.26
0.26
0.26
0.24
0.24
0.24
0.24
5.79
0.28
0.29
0.29
0.26
0.26
0.26
0.26
0.28
0.27
0.26
0.26
0.25
0.25
0.25
0.25
0.25
0.24
0.24
0.24
0.11	78.94
0.10
0.11
0.10
0.11
0.11
0.11
0.11
0.10
0.10
0.10
0.10
0.10
0.10
0.10
0.10
0.11
0.10
0.11
0.11
0.11
0.11
0.11
0.11
0.10
0.10
0.10
0.10
0.10
0.10
0.10
0.10
CorWatt	PkgWatt
17.11	172.59
0.28	93.61
0.28
0.27
0.27
0.26
0.26
0.26
0.26
0.24
0.23
0.23
0.23
5.81
0.28
0.28
0.28
0.26
0.26
0.26
0.26
0.28
0.27
0.26
0.26
0.25
0.25
0.25
0.25
0.24
0.24
0.24
0.24
0.10	78.86
0.10
0.10
0.10
0.11
0.11
0.11
0.11
0.10
0.10
0.10
0.10
0.10
0.10
0.10
0.10
0.11
0.10
0.10
0.10
0.11
0.11
0.11
0.11
0.10
0.10
0.10
0.10
0.10
0.10
0.10
0.10
CorWatt	PkgWatt
16.96	172.12
0.28	93.38
0.27
0.27
0.27
0.26
0.26
0.26
0.26
0.24
0.23
0.23
0.23
5.81
0.28
0.28
0.28
0.26
0.26
0.26
0.26
0.27
0.26
0.26
0.26
0.25
0.25
0.25
0.25
0.24
0.23
0.24
0.23
0.10	78.73
0.10
0.10
0.10
0.11
0.11
0.10
0.10
0.10
0.10
0.10
0.10
0.10
0.10
0.10
0.10
0.10
0.10
0.10
0.10
0.11
0.11
0.11
0.11
0.10
0.10
0.10
0.10
0.10
0.10
0.10
0.10
CorWatt	PkgWatt
10.46	163.06
0.18	83.80
0.18
0.18
0.17
0.17
0.17
0.17
0.17
0.16
0.15
0.15
0.15
1.68
0.18
0.17
0.17
0.17
0.17
0.17
0.18
0.19
0.18
0.18
0.18
0.17
0.17
0.16
0.17
0.16
0.15
0.16
0.15
0.11	79.34
0.11
0.11
0.11
0.11
0.11
0.11
0.11
0.11
0.11
0.11
0.11
0.11
0.11
0.11
0.10
0.11
0.11
0.11
0.11
0.12
0.12
0.12
0.13
0.11
0.11
0.11
0.11
0.11
0.11
0.11
0.11
CorWatt	PkgWatt
7.35	158.55
0.14	79.81
0.14
0.13
0.13
0.13
0.13
0.13
0.13
0.12
0.12
0.12
0.12
0.11
0.11
0.11
0.11
0.13
0.13
0.13
0.13
0.15
0.14
0.13
0.13
0.13
0.20
0.13
0.13
0.12
0.12
0.12
0.11
0.10	78.72
0.10
0.10
0.10
0.10
0.10
0.10
0.10
0.10
0.10
0.10
0.10
0.10
0.10
0.10
0.09
0.10
0.10
0.10
0.10
0.11
0.11
0.11
0.11
0.10
0.10
0.10
0.10
0.10
0.10
0.10
0.10
CorWatt	PkgWatt
6.83	157.59
0.13	79.02
0.12
0.12
0.12
0.12
0.12
0.12
0.12
0.11
0.11
0.11
0.11
0.11
0.11
0.11
0.11
0.12
0.12
0.12
0.12
0.13
0.13
0.12
0.12
0.12
0.11
0.11
0.11
0.11
0.11
0.11
0.11
0.10	78.52
0.10
0.10
0.10
0.10
0.10
0.10
0.10
0.10
0.10
0.10
0.10
0.10
0.09
0.09
0.09
0.10
0.10
0.10
0.10
0.10
0.11
0.10
0.11
0.10
0.10
0.10
0.10
0.10
0.10
0.10
0.10
CorWatt	PkgWatt
14.47	168.30
0.24	89.77
0.24
0.23
0.23
0.23
0.23
0.23
0.23
0.21
0.20
0.20
0.20
0.20
0.20
0.20
0.20
0.23
0.23
0.23
0.23
0.25
0.24
0.23
0.23
0.26
4.33
0.26
0.25
0.21
0.21
0.21
0.21
0.10	78.63
0.10
0.10
0.10
0.10
0.10
0.10
0.10
0.10
0.10
0.10
0.10
0.10
0.09
0.09
0.09
0.10
0.10
0.10
0.10
0.10
0.11
0.10
0.11
0.10
0.10
0.10
0.10
0.10
0.10
0.10
0.10
CorWatt	PkgWatt
17.23	172.49
0.28	93.58
0.27
0.27
0.27
0.27
0.26
0.27
0.26
0.24
0.24
0.23
0.23
0.23
0.23
0.23
0.23
0.26
0.26
0.26
0.26
0.28
0.27
0.27
0.26
0.32
5.89
0.32
0.30
0.25
0.24
0.24
0.24
0.11	78.81
0.10
0.10
0.10
0.11
0.10
0.10
0.10
0.10
0.10
0.10
0.10
0.09
0.09
0.09
0.09
0.11
0.10
0.11
0.11
0.11
0.11
0.11
0.11
0.10
0.10
0.10
0.10
0.10
0.10
0.10
0.10
CorWatt	PkgWatt
16.93	171.73
0.28	93.50
0.27
0.27
0.27
0.26
0.26
0.26
0.26
0.24
0.23
0.23
0.23
0.23
0.23
0.23
0.23
0.26
0.26
0.26
0.26
0.28
0.27
0.26
0.26
0.32
5.89
0.32
0.30
0.24
0.24
0.24
0.24
0.10	78.36
0.10
0.10
0.10
0.10
0.10
0.10
0.10
0.09
0.09
0.09
0.09
0.09
0.08
0.08
0.08
0.10
0.10
0.10
0.10
0.10
0.10
0.10
0.10
0.10
0.10
0.10
0.10
0.10
0.10
0.10
0.10
CorWatt	PkgWatt
16.81	171.84
0.28	93.42
0.27
0.27
0.26
0.26
0.26
0.26
0.26
0.23
0.23
0.23
0.23
0.23
0.23
0.22
0.23
0.26
0.25
0.25
0.26
0.28
0.26
0.26
0.26
0.31
5.91
0.31
0.30
0.24
0.23
0.23
0.23
0.10	78.29
0.10
0.10
0.10
0.10
0.10
0.10
0.10
0.08
0.09
0.09
0.08
0.08
0.08
0.08
0.08
0.10
0.10
0.10
0.10
0.10
0.10
0.10
0.10
0.09
0.10
0.09
0.09
0.09
0.09
0.09
0.09
CorWatt	PkgWatt
16.77	171.61
0.27	93.21
0.27
0.27
0.26
0.26
0.25
0.26
0.26
0.23
0.23
0.23
0.23
0.22
0.22
0.22
0.22
0.25
0.25
0.25
0.26
0.27
0.26
0.26
0.26
0.31
5.86
0.31
0.30
0.24
0.23
0.23
0.23
0.10	78.42
0.10
0.10
0.10
0.10
0.10
0.10
0.10
0.09
0.09
0.09
0.09
0.09
0.09
0.09
0.09
0.10
0.10
0.11
0.10
0.10
0.10
0.10
0.10
0.10
0.10
0.10
0.10
0.09
0.09
0.09
0.09
CorWatt	PkgWatt
16.87	171.59
0.27	93.10
0.27
0.26
0.26
0.26
0.25
0.26
0.26
0.23
0.23
0.23
0.23
0.22
0.22
0.22
0.22
0.25
0.25
0.25
0.26
0.28
0.26
0.26
0.26
0.32
5.84
0.32
0.30
0.24
0.24
0.24
0.24
0.10	78.60
0.10
0.10
0.10
0.10
0.10
0.10
0.10
0.09
0.09
0.09
0.09
0.09
0.09
0.09
0.09
0.10
0.10
0.11
0.11
0.10
0.10
0.11
0.11
0.10
0.10
0.10
0.10
0.09
0.09
0.09
0.09
CorWatt	PkgWatt
16.58	171.29
0.27	93.05
0.26
0.26
0.26
0.26
0.25
0.26
0.25
0.23
0.23
0.22
0.23
0.22
0.22
0.22
0.22
0.25
0.25
0.25
0.25
0.27
0.26
0.26
0.25
0.31
5.88
0.31
0.30
0.24
0.23
0.23
0.23
0.10	78.15
0.10
0.10
0.10
0.10
0.10
0.10
0.10
0.08
0.08
0.08
0.08
0.08
0.08
0.08
0.08
0.10
0.10
0.10
0.10
0.10
0.10
0.10
0.10
0.09
0.09
0.09
0.09
0.08
0.08
0.08
0.09
CorWatt	PkgWatt
16.49	170.96
0.27	92.99
0.26
0.26
0.26
0.26
0.25
0.25
0.25
0.23
0.23
0.22
0.23
0.22
0.22
0.22
0.22
0.25
0.25
0.25
0.25
0.27
0.26
0.25
0.25
0.31
5.91
0.31
0.30
0.23
0.24
0.23
0.23
0.10	77.91
0.09
0.09
0.09
0.09
0.10
0.10
0.09
0.08
0.08
0.08
0.08
0.08
0.08
0.08
0.08
0.10
0.10
0.10
0.10
0.10
0.10
0.10
0.10
0.09
0.09
0.09
0.09
0.08
0.08
0.08
0.08
CorWatt	PkgWatt
16.50	170.83
0.28	92.85
0.27
0.26
0.26
0.25
0.25
0.25
0.25
0.23
0.23
0.22
0.22
0.22
0.22
0.22
0.22
0.25
0.25
0.25
0.25
0.27
0.26
0.25
0.25
0.31
5.80
0.31
0.30
0.23
0.24
0.23
0.23
0.10	78.15
0.10
0.10
0.10
0.10
0.10
0.10
0.10
0.08
0.09
0.08
0.08
0.08
0.08
0.08
0.08
0.10
0.10
0.10
0.10
0.10
0.10
0.10
0.10
0.09
0.09
0.09
0.09
0.08
0.08
0.08
0.09
CorWatt	PkgWatt
16.60	171.25
0.27	92.68
0.26
0.26
0.25
0.25
0.25
0.25
0.25
0.23
0.22
0.22
0.22
0.22
0.22
0.22
0.22
0.25
0.25
0.25
0.25
0.27
0.26
0.25
0.25
0.31
5.76
0.30
0.30
0.23
0.24
0.23
0.23
0.10	78.41
0.10
0.10
0.10
0.10
0.10
0.10
0.10
0.09
0.09
0.09
0.09
0.09
0.09
0.09
0.09
0.10
0.11
0.11
0.11
0.10
0.10
0.10
0.11
0.10
0.10
0.10
0.10
0.09
0.09
0.09
0.09
CorWatt	PkgWatt
9.22	165.94
0.17	86.02
0.17
0.16
0.16
0.15
0.15
0.15
0.15
0.14
0.14
0.14
0.14
0.13
0.14
0.13
0.14
0.15
0.16
0.15
0.16
0.16
0.16
0.15
0.15
0.16
1.48
0.17
0.16
0.14
0.14
0.14
0.14
0.10	80.00
0.10
0.10
0.10
0.10
0.10
0.10
0.10
0.09
0.09
0.09
0.09
0.09
0.09
0.08
0.09
0.10
0.10
0.10
0.10
0.10
0.10
0.10
0.10
0.10
0.10
0.10
0.10
0.09
0.09
0.09
0.09
CorWatt	PkgWatt
6.55	156.55
0.13	78.75
0.13
0.12
0.12
0.11
0.11
0.11
0.11
0.11
0.11
0.11
0.11
0.10
0.10
0.10
0.10
0.12
0.12
0.12
0.12
0.13
0.12
0.12
0.12
0.11
0.11
0.11
0.11
0.11
0.11
0.11
0.11
0.10	77.88
0.10
0.10
0.10
0.10
0.10
0.10
0.10
0.08
0.08
0.08
0.08
0.08
0.08
0.08
0.08
0.10
0.10
0.10
0.10
0.10
0.10
0.10
0.10
0.09
0.09
0.09
0.09
0.08
0.08
0.08
0.08
CorWatt	PkgWatt
6.40	156.59
0.12	78.51
0.12
0.12
0.12
0.11
0.11
0.11
0.11
0.11
0.10
0.10
0.10
0.09
0.10
0.09
0.10
0.11
0.11
0.11
0.11
0.12
0.11
0.11
0.11
0.11
0.11
0.11
0.11
0.10
0.11
0.11
0.10
0.10	77.95
0.10
0.10
0.10
0.10
0.10
0.10
0.10
0.08
0.08
0.08
0.08
0.08
0.08
0.08
0.08
0.10
0.10
0.10
0.10
0.10
0.10
0.10
0.10
0.09
0.09
0.09
0.09
0.08
0.08
0.08
0.09
CorWatt	PkgWatt
13.80	166.83
0.22	88.57
0.22
0.21
0.21
0.25
0.24
0.25
4.39
0.19
0.18
0.18
0.18
0.18
0.18
0.18
0.18
0.20
0.21
0.20
0.21
0.22
0.21
0.21
0.20
0.20
0.20
0.20
0.20
0.19
0.19
0.19
0.19
0.10	78.27
0.10
0.10
0.10
0.10
0.11
0.11
0.11
0.09
0.09
0.09
0.09
0.09
0.09
0.09
0.09
0.11
0.11
0.10
0.10
0.11
0.11
0.11
0.11
0.10
0.10
0.10
0.10
0.09
0.09
0.09
0.09
CorWatt	PkgWatt
15.64	169.12
0.25	91.35
0.26
0.24
0.23
0.29
0.28
0.29
5.77
0.20
0.20
0.20
0.20
0.21
0.21
0.20
0.20
0.23
0.23
0.22
0.23
0.25
0.23
0.23
0.23
0.22
0.22
0.22
0.22
0.21
0.21
0.21
0.21
0.09	77.85
0.09
0.09
0.09
0.10
0.10
0.10
0.10
0.08
0.08
0.08
0.08
0.08
0.08
0.08
0.08
0.10
0.10
0.09
0.10
0.10
0.10
0.10
0.10
0.09
0.09
0.09
0.09
0.08
0.08
0.08
0.09
CorWatt	PkgWatt
15.48	168.90
0.24	91.29
0.24
0.24
0.23
0.29
0.28
0.29
5.74
0.20
0.20
0.20
0.20
0.20
0.20
0.20
0.20
0.23
0.22
0.22
0.22
0.24
0.23
0.23
0.23
0.22
0.22
0.22
0.22
0.21
0.21
0.21
0.21
0.09	77.63
0.09
0.09
0.09
0.10
0.10
0.10
0.10
0.08
0.08
0.08
0.08
0.08
0.08
0.08
0.08
0.09
0.09
0.09
0.09
0.10
0.10
0.10
0.10
0.08
0.09
0.08
0.08
0.08
0.08
0.08
0.08
CorWatt	PkgWatt
15.45	168.95
0.24	91.08
0.24
0.24
0.23
0.28
0.28
0.28
5.75
0.20
0.20
0.20
0.20
0.20
0.20
0.19
0.19
0.22
0.22
0.22
0.22
0.24
0.23
0.23
0.22
0.22
0.21
0.21
0.22
0.21
0.21
0.20
0.20
0.09	77.78
0.09
0.09
0.09
0.10
0.10
0.10
0.09
0.08
0.08
0.08
0.08
0.08
0.08
0.08
0.08
0.09
0.09
0.09
0.09
0.10
0.10
0.10
0.10
0.08
0.09
0.09
0.08
0.08
0.08
0.08
0.08
CorWatt	PkgWatt
15.74	169.35
0.25	91.32
0.24
0.24
0.23
0.29
0.28
0.28
5.76
0.20
0.20
0.20
0.20
0.20
0.20
0.19
0.19
0.22
0.22
0.22
0.22
0.24
0.23
0.23
0.22
0.22
0.29
0.22
0.22
0.21
0.21
0.21
0.20
0.10	78.00
0.10
0.09
0.09
0.10
0.10
0.10
0.10
0.09
0.09
0.09
0.09
0.09
0.09
0.09
0.09
0.09
0.09
0.09
0.09
0.10
0.10
0.10
0.11
0.09
0.09
0.09
0.09
0.09
0.09
0.09
0.09
CorWatt	PkgWatt
15.38	168.63
0.24	91.07
0.24
0.23
0.23
0.28
0.28
0.28
5.76
0.20
0.20
0.20
0.20
0.19
0.19
0.19
0.19
0.22
0.22
0.22
0.22
0.24
0.23
0.22
0.22
0.21
0.21
0.21
0.21
0.20
0.21
0.20
0.20
0.09	77.69
0.09
0.09
0.09
0.09
0.09
0.09
0.09
0.08
0.08
0.08
0.08
0.08
0.08
0.08
0.08
0.09
0.09
0.09
0.09
0.10
0.10
0.10
0.10
0.08
0.08
0.09
0.09
0.08
0.08
0.08
0.09
CorWatt	PkgWatt
15.25	168.73
0.24	91.07
0.24
0.23
0.23
0.28
0.27
0.28
5.75
0.20
0.20
0.20
0.20
0.19
0.19
0.19
0.19
0.22
0.22
0.22
0.22
0.24
0.23
0.23
0.22
0.21
0.21
0.21
0.21
0.20
0.20
0.20
0.20
0.08	77.50
0.08
0.08
0.08
0.09
0.09
0.08
0.08
0.08
0.08
0.08
0.08
0.08
0.08
0.08
0.08
0.08
0.08
0.08
0.08
0.10
0.10
0.09
0.10
0.08
0.08
0.08
0.08
0.08
0.08
0.08
0.08
CorWatt	PkgWatt
15.32	168.58
0.24	91.05
0.24
0.23
0.23
0.28
0.27
0.28
5.80
0.20
0.20
0.20
0.20
0.19
0.19
0.19
0.19
0.22
0.22
0.22
0.22
0.24
0.23
0.22
0.22
0.21
0.21
0.21
0.21
0.20
0.20
0.20
0.20
0.09	77.54
0.08
0.08
0.08
0.09
0.09
0.09
0.09
0.08
0.08
0.08
0.08
0.08
0.08
0.08
0.08
0.09
0.09
0.09
0.08
0.10
0.10
0.10
0.10
0.08
0.08
0.08
0.08
0.08
0.08
0.08
0.09
CorWatt	PkgWatt
15.50	168.76
0.24	90.99
0.24
0.23
0.23
0.28
0.27
0.28
5.79
0.20
0.20
0.20
0.20
0.19
0.19
0.19
0.19
0.22
0.22
0.22
0.22
0.24
0.23
0.23
0.22
0.21
0.21
0.21
0.21
0.21
0.21
0.21
0.21
0.09	77.87
0.09
0.09
0.09
0.09
0.09
0.09
0.09
0.09
0.09
0.09
0.09
0.09
0.09
0.09
0.09
0.09
0.09
0.09
0.09
0.10
0.10
0.10
0.10
0.09
0.09
0.09
0.09
0.09
0.09
0.09
0.09
CorWatt	PkgWatt
15.24	168.43
0.24	90.90
0.23
0.23
0.23
0.28
0.27
0.28
5.77
0.20
0.20
0.19
0.20
0.19
0.19
0.19
0.19
0.22
0.22
0.22
0.22
0.24
0.23
0.22
0.22
0.21
0.21
0.21
0.21
0.21
0.20
0.20
0.20
0.08	77.44
0.08
0.08
0.08
0.09
0.09
0.09
0.09
0.08
0.08
0.08
0.08
0.08
0.08
0.08
0.08
0.09
0.08
0.08
0.08
0.09
0.10
0.09
0.10
0.08
0.08
0.08
0.09
0.08
0.08
0.08
0.08
CorWatt	PkgWatt
7.90	159.98
0.14	80.82
0.14
0.14
0.13
0.15
0.15
0.15
1.25
0.12
0.12
0.11
0.12
0.11
0.11
0.11
0.11
0.13
0.14
0.13
0.13
0.15
0.14
0.13
0.13
0.13
0.13
0.13
0.13
0.12
0.12
0.12
0.12
0.08	79.19
0.08
0.08
0.08
0.08
0.08
0.08
0.08
0.08
0.08
0.08
0.08
0.08
0.08
0.08
0.08
0.08
0.08
0.08
0.08
0.09
0.09
0.08
0.09
0.08
0.08
0.08
0.08
0.08
0.08
0.08
0.08
CorWatt	PkgWatt
6.14	155.73
0.12	78.33
0.12
0.11
0.11
0.11
0.11
0.11
0.11
0.10
0.10
0.10
0.10
0.10
0.09
0.09
0.10
0.11
0.11
0.11
0.11
0.13
0.12
0.11
0.11
0.11
0.11
0.11
0.11
0.10
0.10
0.10
0.10
0.09	77.49
0.08
0.08
0.08
0.09
0.09
0.09
0.08
0.08
0.08
0.08
0.08
0.08
0.08
0.08
0.08
0.09
0.09
0.09
0.09
0.09
0.09
0.09
0.09
0.08
0.08
0.08
0.09
0.08
0.08
0.08
0.09
CorWatt	PkgWatt
6.28	156.05
0.12	78.31
0.12
0.11
0.11
0.11
0.11
0.11
0.11
0.10
0.10
0.10
0.10
0.10
0.10
0.10
0.10
0.11
0.11
0.11
0.11
0.13
0.12
0.12
0.12
0.11
0.11
0.11
0.11
0.10
0.10
0.10
0.10
0.09	77.62
0.09
0.09
0.09
0.09
0.09
0.09
0.09
0.09
0.09
0.09
0.09
0.09
0.09
0.09
0.09
0.09
0.09
0.09
0.09
0.09
0.09
0.09
0.09
0.09
0.09
0.09
0.09
0.09
0.09
0.09
0.09
CorWatt	PkgWatt
13.46	165.75
0.22	88.51
0.21
0.21
0.21
0.21
0.21
0.21
0.21
0.19
0.18
0.18
0.19
0.18
0.18
0.18
0.18
0.26
4.64
0.26
0.25
0.22
0.21
0.20
0.20
0.19
0.19
0.19
0.19
0.18
0.18
0.18
0.18
0.08	77.23
0.08
0.08
0.08
0.08
0.08
0.08
0.08
0.08
0.08
0.08
0.08
0.08
0.08
0.08
0.08
0.08
0.08
0.08
0.08
0.08
0.08
0.08
0.08
0.08
0.08
0.08
0.08
0.08
0.08
0.08
0.08
CorWatt	PkgWatt
15.43	168.41
0.24	91.37
0.24
0.24
0.23
0.23
0.23
0.23
0.23
0.21
0.20
0.20
0.20
0.20
0.20
0.20
0.20
0.30
5.79
0.30
0.29
0.25
0.23
0.23
0.23
0.22
0.29
0.22
0.22
0.21
0.20
0.20
0.21
0.08	77.14
0.08
0.08
0.08
0.08
0.08
0.08
0.08
0.08
0.08
0.08
0.08
0.08
0.08
0.08
0.08
0.08
0.08
0.08
0.08
0.08
0.08
0.08
0.08
0.08
0.08
0.08
0.08
0.08
0.08
0.08
0.08
CorWatt	PkgWatt
15.33	168.35
0.24	91.14
0.23
0.23
0.23
0.23
0.22
0.23
0.23
0.21
0.20
0.20
0.20
0.20
0.20
0.19
0.20
0.30
5.76
0.30
0.29
0.24
0.23
0.23
0.22
0.21
0.22
0.21
0.22
0.20
0.20
0.20
0.20
0.08	77.12
0.08
0.08
0.08
0.08
0.08
0.08
0.08
0.08
0.08
0.08
0.08
0.08
0.08
0.08
0.08
0.08
0.08
0.08
0.08
0.08
0.08
0.08
0.08
0.08
0.08
0.08
0.08
0.08
0.08
0.08
0.08
CorWatt	PkgWatt
15.49	168.53
0.24	91.14
0.24
0.23
0.23
0.23
0.22
0.23
0.23
0.21
0.21
0.20
0.20
0.20
0.20
0.20
0.20
0.30
5.74
0.30
0.29
0.24
0.23
0.23
0.23
0.21
0.22
0.21
0.22
0.21
0.21
0.21
0.21
0.09	77.50
0.09
0.09
0.09
0.09
0.09
0.09
0.09
0.09
0.09
0.09
0.09
0.09
0.09
0.08
0.08
0.09
0.09
0.09
0.09
0.09
0.09
0.09
0.09
0.09
0.09
0.09
0.09
0.09
0.09
0.09
0.09
CorWatt	PkgWatt
15.23	168.28
0.24	90.98
0.23
0.23
0.23
0.22
0.22
0.23
0.22
0.20
0.20
0.20
0.20
0.19
0.19
0.19
0.19
0.29
5.75
0.29
0.28
0.24
0.23
0.23
0.22
0.21
0.21
0.21
0.21
0.20
0.20
0.20
0.20
0.08	77.16
0.08
0.08
0.08
0.08
0.08
0.08
0.08
0.08
0.08
0.08
0.08
0.08
0.08
0.07
0.07
0.08
0.08
0.08
0.08
0.08
0.08
0.08
0.09
0.08
0.08
0.08
0.08
0.08
0.08
0.08
0.08
CorWatt	PkgWatt
15.08	167.83
0.24	90.86
0.23
0.23
0.23
0.22
0.22
0.22
0.22
0.20
0.20
0.20
0.20
0.19
0.19
0.19
0.19
0.29
5.74
0.29
0.28
0.24
0.23
0.23
0.22
0.21
0.21
0.21
0.21
0.20
0.20
0.20
0.20
0.08	76.96
0.08
0.08
0.08
0.08
0.08
0.08
0.08
0.08
0.08
0.08
0.08
0.08
0.08
0.07
0.07
0.08
0.08
0.08
0.08
0.08
0.08
0.08
0.08
0.08
0.08
0.08
0.08
0.08
0.08
0.08
0.08
CorWatt	PkgWatt
15.10	167.79
0.24	90.90
0.23
0.23
0.23
0.22
0.22
0.22
0.22
0.20
0.20
0.19
0.20
0.19
0.19
0.19
0.19
0.29
5.77
0.29
0.28
0.24
0.23
0.22
0.22
0.21
0.21
0.21
0.21
0.20
0.20
0.20
0.21
0.08	77.05
0.08
0.08
0.08
0.08
0.08
0.08
0.08
0.08
0.08
0.08
0.08
0.08
0.07
0.07
0.07
0.08
0.08
0.08
0.08
0.08
0.08
0.08
0.08
0.08
0.08
0.08
0.08
0.08
0.08
0.08
0.08
CorWatt	PkgWatt
15.31	168.50
0.24	90.92
0.23
0.23
0.23
0.22
0.22
0.22
0.22
0.20
0.20
0.19
0.20
0.19
0.19
0.19
0.19
0.29
5.76
0.29
0.28
0.24
0.23
0.22
0.22
0.21
0.21
0.21
0.21
0.20
0.20
0.20
0.20
0.09	77.42
0.09
0.09
0.09
0.09
0.09
0.09
0.09
0.08
0.08
0.08
0.08
0.08
0.08
0.08
0.08
0.09
0.09
0.09
0.09
0.09
0.09
0.09
0.09
0.09
0.09
0.09
0.09
0.09
0.09
0.09
0.08
CorWatt	PkgWatt
14.97	167.64
0.24	90.70
0.23
0.23
0.22
0.22
0.22
0.22
0.22
0.20
0.20
0.19
0.20
0.19
0.19
0.19
0.19
0.29
5.76
0.29
0.28
0.24
0.23
0.22
0.22
0.20
0.20
0.20
0.20
0.20
0.20
0.20
0.20
0.08	76.99
0.08
0.08
0.08
0.08
0.08
0.08
0.08
0.07
0.07
0.07
0.07
0.07
0.07
0.07
0.07
0.08
0.08
0.08
0.08
0.08
0.08
0.08
0.08
0.08
0.08
0.08
0.08
0.08
0.08
0.08
0.08
CorWatt	PkgWatt
15.01	167.69
0.24	90.81
0.23
0.23
0.22
0.22
0.22
0.22
0.22
0.20
0.20
0.19
0.20
0.19
0.19
0.19
0.19
0.29
5.76
0.29
0.28
0.24
0.23
0.23
0.22
0.21
0.21
0.20
0.21
0.20
0.20
0.20
0.20
0.08	76.99
0.08
0.08
0.08
0.08
0.08
0.08
0.08
0.07
0.07
0.07
0.07
0.07
0.07
0.07
0.07
0.08
0.08
0.08
0.08
0.08
0.08
0.08
0.08
0.08
0.08
0.08
0.08
0.08
0.08
0.08
0.07
CorWatt	PkgWatt
7.35	157.20
0.14	80.15
0.13
0.13
0.13
0.13
0.12
0.13
0.13
0.12
0.11
0.11
0.11
0.11
0.11
0.11
0.11
0.14
1.05
0.15
0.14
0.14
0.13
0.13
0.13
0.12
0.12
0.12
0.12
0.11
0.11
0.11
0.11
0.08	76.97
0.08
0.08
0.08
0.08
0.08
0.08
0.08
0.07
0.07
0.07
0.07
0.07
0.07
0.07
0.07
0.08
0.08
0.08
0.08
0.08
0.08
0.08
0.09
0.08
0.08
0.08
0.08
0.08
0.08
0.07
0.07
CorWatt	PkgWatt
6.14	155.43
0.12	78.30
0.12
0.12
0.12
0.11
0.11
0.11
0.11
0.10
0.10
0.10
0.10
0.10
0.10
0.10
0.10
0.11
0.11
0.11
0.11
0.12
0.12
0.11
0.11
0.11
0.18
0.11
0.11
0.10
0.10
0.10
0.10
0.09	77.20
0.09
0.09
0.09
0.09
0.09
0.09
0.09
0.07
0.07
0.07
0.07
0.07
0.07
0.07
0.07
0.09
0.09
0.09
0.09
0.09
0.09
0.09
0.09
0.08
0.09
0.08
0.08
0.08
0.08
0.08
0.08
CorWatt	PkgWatt
5.60	154.61
0.11	77.67
0.11
0.11
0.11
0.11
0.10
0.10
0.10
0.09
0.09
0.09
0.09
0.09
0.09
0.09
0.09
0.11
0.11
0.11
0.11
0.11
0.10
0.10
0.10
0.09
0.10
0.09
0.10
0.09
0.09
0.09
0.09
0.08	76.86
0.08
0.08
0.08
0.08
0.08
0.08
0.08
0.07
0.07
0.07
0.07
0.07
0.07
0.07
0.07
0.08
0.08
0.08
0.08
0.08
0.08
0.08
0.08
0.08
0.08
0.08
0.08
0.07
0.07
0.07
0.07
CorWatt	PkgWatt
13.03	164.60
0.21	87.95
0.20
0.20
0.20
0.19
0.19
0.19
0.19
0.17
0.17
0.17
0.17
0.17
0.17
0.17
0.17
0.19
0.19
0.19
0.19
0.21
0.20
0.20
0.19
0.18
0.18
0.18
0.18
0.22
0.22
0.23
4.76
0.08	76.77
0.08
0.08
0.08
0.08
0.08
0.08
0.08
0.07
0.07
0.07
0.07
0.07
0.07
0.07
0.07
0.08
0.08
0.08
0.08
0.08
0.08
0.08
0.08
0.08
0.08
0.08
0.08
0.07
0.07
0.07
0.07
CorWatt	PkgWatt
14.46	166.80
0.22	89.92
0.22
0.21
0.21
0.21
0.20
0.21
0.21
0.19
0.19
0.19
0.19
0.18
0.18
0.18
0.18
0.21
0.20
0.20
0.20
0.22
0.21
0.21
0.21
0.20
0.20
0.20
0.20
0.24
0.24
0.25
5.68
0.08	76.74
0.08
0.08
0.08
0.08
0.08
0.08
0.08
0.07
0.07
0.07
0.07
0.07
0.07
0.07
0.07
0.08
0.08
0.08
0.08
0.08
0.08
0.08
0.08
0.08
0.08
0.08
0.08
0.07
0.07
0.07
0.07
CorWatt	PkgWatt
14.68	167.12
0.22	89.88
0.22
0.21
0.21
0.21
0.20
0.21
0.21
0.19
0.19
0.19
0.19
0.18
0.18
0.18
0.18
0.21
0.20
0.21
0.21
0.22
0.21
0.21
0.21
0.20
0.20
0.20
0.20
0.24
0.25
0.26
5.62
0.09	77.24
0.09
0.09
0.09
0.09
0.09
0.09
0.09
0.08
0.08
0.08
0.08
0.08
0.08
0.07
0.07
0.09
0.09
0.09
0.09
0.09
0.09
0.09
0.09
0.08
0.08
0.08
0.08
0.08
0.08
0.07
0.08
CorWatt	PkgWatt
14.40	166.46
0.23	89.83
0.22
0.22
0.21
0.21
0.20
0.21
0.21
0.19
0.19
0.18
0.19
0.18
0.18
0.18
0.18
0.20
0.20
0.20
0.20
0.22
0.21
0.21
0.21
0.20
0.20
0.20
0.20
0.24
0.24
0.25
5.60
0.08	76.77
0.08
0.08
0.08
0.08
0.08
0.08
0.08
0.07
0.07
0.07
0.07
0.07
0.07
0.07
0.07
0.08
0.08
0.08
0.08
0.08
0.08
0.08
0.08
0.08
0.08
0.08
0.08
0.07
0.07
0.07
0.07
CorWatt	PkgWatt
14.44	166.83
0.22	89.87
0.22
0.21
0.21
0.21
0.20
0.21
0.21
0.19
0.19
0.18
0.19
0.18
0.18
0.18
0.18
0.21
0.20
0.21
0.20
0.22
0.21
0.21
0.21
0.20
0.19
0.20
0.20
0.24
0.24
0.25
5.63
0.08	76.82
0.08
0.08
0.08
0.08
0.08
0.08
0.08
0.07
0.07
0.07
0.07
0.07
0.07
0.07
0.07
0.08
0.08
0.08
0.08
0.08
0.08
0.08
0.09
0.08
0.08
0.08
0.08
0.07
0.07
0.07
0.07
CorWatt	PkgWatt
14.42	166.58
0.22	89.81
0.22
0.21
0.21
0.21
0.20
0.21
0.21
0.19
0.19
0.18
0.19
0.18
0.18
0.18
0.18
0.20
0.20
0.20
0.20
0.22
0.21
0.21
0.21
0.20
0.19
0.19
0.20
0.24
0.24
0.25
5.65
0.08	76.77
0.08
0.08
0.08
0.08
0.08
0.08
0.08
0.07
0.07
0.07
0.07
0.07
0.07
0.07
0.07
0.08
0.09
0.08
0.08
0.08
0.08
0.08
0.08
0.08
0.08
0.08
0.08
0.07
0.07
0.07
0.07
CorWatt	PkgWatt
14.61	166.77
0.22	89.77
0.22
0.21
0.21
0.21
0.20
0.21
0.21
0.19
0.19
0.18
0.19
0.18
0.18
0.18
0.18
0.21
0.20
0.20
0.20
0.22
0.21
0.21
0.21
0.20
0.19
0.20
0.20
0.24
0.24
0.26
5.64
0.09	77.08
0.09
0.09
0.09
0.09
0.09
0.09
0.09
0.07
0.07
0.07
0.07
0.07
0.07
0.07
0.07
0.09
0.09
0.09
0.09
0.09
0.09
0.09
0.09
0.08
0.08
0.08
0.08
0.07
0.07
0.07
0.08
CorWatt	PkgWatt
14.29	166.47
0.22	89.73
0.21
0.21
0.21
0.20
0.20
0.20
0.20
0.19
0.19
0.18
0.19
0.18
0.18
0.18
0.18
0.20
0.20
0.20
0.20
0.22
0.21
0.21
0.21
0.19
0.19
0.19
0.19
0.24
0.24
0.25
5.62
0.08	76.66
0.08
0.08
0.08
0.08
0.08
0.08
0.08
0.07
0.07
0.07
0.07
0.07
0.07
0.07
0.07
0.08
0.08
0.08
0.08
0.08
0.08
0.08
0.08
0.08
0.08
0.08
0.08
0.07
0.07
0.07
0.07
CorWatt	PkgWatt
14.37	166.38
0.22	89.85
0.22
0.21
0.21
0.20
0.20
0.20
0.20
0.19
0.19
0.18
0.18
0.18
0.18
0.18
0.18
0.20
0.20
0.20
0.20
0.22
0.21
0.21
0.21
0.19
0.27
0.19
0.20
0.24
0.24
0.25
5.65
0.08	76.51
0.08
0.08
0.08
0.08
0.08
0.08
0.08
0.07
0.07
0.07
0.07
0.07
0.07
0.07
0.07
0.08
0.08
0.08
0.08
0.08
0.08
0.08
0.08
0.07
0.08
0.08
0.08
0.07
0.07
0.07
0.07
CorWatt	PkgWatt
14.42	166.38
0.22	89.69
0.21
0.21
0.21
0.20
0.20
0.20
0.20
0.19
0.19
0.18
0.19
0.18
0.18
0.18
0.18
0.20
0.20
0.20
0.20
0.22
0.21
0.21
0.21
0.19
0.19
0.19
0.19
0.24
0.24
0.25
5.65
0.08	76.81
0.08
0.08
0.08
0.08
0.08
0.09
0.08
0.07
0.07
0.07
0.07
0.07
0.07
0.07
0.07
0.08
0.09
0.08
0.08
0.08
0.08
0.08
0.08
0.08
0.08
0.08
0.08
0.07
0.07
0.07
0.07
CorWatt	PkgWatt
6.95	156.29
0.13	79.21
0.13
0.12
0.12
0.11
0.11
0.11
0.12
0.11
0.11
0.11
0.11
0.10
0.10
0.10
0.10
0.11
0.11
0.11
0.11
0.12
0.12
0.11
0.11
0.11
0.11
0.11
0.11
0.12
0.12
0.12
0.81
0.09	76.99
0.09
0.09
0.09
0.09
0.09
0.09
0.09
0.07
0.07
0.07
0.07
0.07
0.07
0.07
0.07
0.09
0.09
0.09
0.09
0.09
0.09
0.09
0.09
0.08
0.08
0.08
0.08
0.07
0.07
0.07
0.08
CorWatt	PkgWatt
5.43	153.96
0.10	77.38
0.10
0.10
0.11
0.09
0.09
0.09
0.10
0.09
0.09
0.09
0.09
0.09
0.09
0.09
0.09
0.09
0.09
0.10
0.09
0.11
0.10
0.10
0.10
0.09
0.09
0.09
0.09
0.09
0.09
0.09
0.09
0.08	76.56
0.08
0.08
0.08
0.08
0.08
0.08
0.08
0.07
0.07
0.07
0.07
0.07
0.07
0.07
0.07
0.08
0.08
0.08
0.08
0.08
0.08
0.08
0.08
0.08
0.08
0.07
0.08
0.07
0.07
0.07
0.07
CorWatt	PkgWatt
5.28	153.52
0.10	77.14
0.10
0.10
0.09
0.09
0.09
0.09
0.09
0.09
0.09
0.09
0.09
0.09
0.09
0.08
0.09
0.09
0.09
0.09
0.09
0.10
0.09
0.09
0.09
0.09
0.09
0.09
0.09
0.09
0.09
0.09
0.09
0.08	76.50
0.08
0.08
0.08
0.08
0.08
0.08
0.08
0.07
0.07
0.07
0.07
0.07
0.07
0.07
0.07
0.08
0.08
0.08
0.08
0.08
0.08
0.08
0.08
0.07
0.08
0.07
0.08
0.07
0.07
0.07
0.07
CorWatt	PkgWatt
13.11	164.59
0.21	87.83
0.19
0.19
0.20
0.19
0.18
0.19
0.19
0.21
0.21
5.03
0.21
0.16
0.16
0.16
0.16
0.18
0.18
0.18
0.18
0.20
0.19
0.18
0.18
0.17
0.18
0.17
0.18
0.17
0.17
0.17
0.17
0.08	76.61
0.08
0.07
0.08
0.08
0.08
0.08
0.08
0.07
0.07
0.07
0.07
0.07
0.07
0.07
0.07
0.08
0.08
0.08
0.08
0.08
0.08
0.08
0.08
0.08
0.08
0.07
0.08
0.07
0.07
0.07
0.07
CorWatt	PkgWatt
14.35	166.22
0.21	89.37
0.21
0.20
0.20
0.20
0.20
0.20
0.20
0.23
0.23
5.76
0.23
0.18
0.17
0.17
0.17
0.19
0.19
0.19
0.19
0.22
0.20
0.20
0.20
0.19
0.19
0.19
0.19
0.18
0.18
0.18
0.18
0.08	76.88
0.08
0.08
0.08
0.09
0.09
0.09
0.09
0.07
0.07
0.07
0.07
0.07
0.07
0.07
0.07
0.09
0.08
0.08
0.09
0.09
0.09
0.09
0.09
0.08
0.08
0.08
0.08
0.07
0.07
0.07
0.07
CorWatt	PkgWatt
14.15	165.72
0.21	89.34
0.21
0.20
0.20
0.20
0.19
0.20
0.20
0.23
0.23
5.75
0.23
0.17
0.17
0.17
0.17
0.19
0.19
0.19
0.19
0.21
0.20
0.20
0.20
0.19
0.19
0.19
0.19
0.18
0.18
0.18
0.18
0.08	76.49
0.08
0.07
0.08
0.08
0.08
0.08
0.08
0.07
0.07
0.07
0.07
0.07
0.07
0.07
0.07
0.08
0.08
0.07
0.08
0.08
0.08
0.08
0.08
0.07
0.08
0.07
0.07
0.07
0.07
0.07
0.07
CorWatt	PkgWatt
14.10	165.96
0.21	89.37
0.21
0.20
0.20
0.20
0.19
0.20
0.19
0.23
0.22
5.77
0.22
0.17
0.17
0.17
0.17
0.19
0.19
0.19
0.19
0.22
0.20
0.20
0.20
0.19
0.19
0.19
0.19
0.18
0.18
0.18
0.18
0.08	76.46
0.07
0.07
0.07
0.08
0.08
0.08
0.08
0.07
0.07
0.07
0.07
0.07
0.07
0.07
0.07
0.08
0.07
0.07
0.08
0.08
0.08
0.08
0.08
0.07
0.07
0.07
0.07
0.07
0.07
0.07
0.07
CorWatt	PkgWatt
14.19	165.75
0.21	89.34
0.21
0.20
0.20
0.20
0.19
0.20
0.19
0.23
0.23
5.83
0.22
0.17
0.17
0.17
0.17
0.19
0.19
0.19
0.19
0.21
0.20
0.20
0.20
0.19
0.19
0.19
0.19
0.18
0.17
0.18
0.17
0.08	76.53
0.07
0.07
0.07
0.08
0.08
0.08
0.08
0.07
0.07
0.07
0.07
0.07
0.07
0.07
0.07
0.08
0.08
0.07
0.08
0.08
0.08
0.08
0.09
0.07
0.07
0.07
0.07
0.07
0.07
0.07
0.07
CorWatt	PkgWatt
14.39	166.31
0.21	89.44
0.21
0.20
0.20
0.20
0.19
0.20
0.19
0.23
0.23
5.79
0.23
0.17
0.17
0.17
0.17
0.19
0.19
0.19
0.19
0.22
0.21
0.20
0.20
0.19
0.26
0.19
0.19
0.18
0.18
0.18
0.18
0.08	76.80
0.08
0.08
0.08
0.09
0.09
0.09
0.08
0.07
0.07
0.07
0.07
0.07
0.07
0.07
0.07
0.08
0.08
0.07
0.08
0.09
0.09
0.09
0.09
0.07
0.07
0.07
0.07
0.07
0.07
0.07
0.07
CorWatt	PkgWatt
14.03	165.42
0.21	89.21
0.21
0.20
0.20
0.20
0.19
0.19
0.19
0.23
0.23
5.77
0.22
0.17
0.17
0.17
0.17
0.19
0.19
0.19
0.19
0.22
0.20
0.20
0.20
0.19
0.19
0.19
0.19
0.18
0.18
0.18
0.18
0.07	76.31
0.07
0.07
0.07
0.08
0.08
0.08
0.07
0.07
0.07
0.07
0.07
0.07
0.07
0.07
0.07
0.07
0.07
0.07
0.07
0.08
0.08
0.08
0.08
0.07
0.07
0.07
0.07
0.07
0.07
0.07
0.07
CorWatt	PkgWatt
14.02	165.75
0.21	89.29
0.20
0.20
0.20
0.20
0.19
0.19
0.19
0.23
0.22
5.80
0.22
0.17
0.17
0.17
0.17
0.19
0.19
0.19
0.19
0.21
0.20
0.20
0.20
0.19
0.19
0.19
0.19
0.18
0.17
0.18
0.18
0.07	76.32
0.07
0.07
0.07
0.08
0.08
0.08
0.07
0.07
0.07
0.07
0.07
0.07
0.07
0.07
0.07
0.07
0.07
0.07
0.07
0.08
0.08
0.08
0.08
0.07
0.07
0.07
0.07
0.07
0.07
0.06
0.07
CorWatt	PkgWatt
13.95	165.47
0.21	89.16
0.21
0.20
0.20
0.19
0.19
0.19
0.19
0.22
0.22
5.78
0.22
0.17
0.17
0.17
0.17
0.19
0.19
0.19
0.19
0.21
0.20
0.20
0.19
0.19
0.19
0.19
0.19
0.18
0.17
0.18
0.17
0.07	76.32
0.07
0.07
0.07
0.08
0.08
0.07
0.07
0.07
0.07
0.07
0.07
0.07
0.07
0.07
0.07
0.07
0.07
0.07
0.07
0.08
0.08
0.08
0.08
0.07
0.07
0.07
0.07
0.07
0.07
0.07
0.07
CorWatt	PkgWatt
14.17	165.76
0.21	89.13
0.21
0.20
0.20
0.20
0.19
0.19
0.19
0.23
0.23
5.75
0.23
0.18
0.17
0.17
0.17
0.19
0.19
0.19
0.19
0.21
0.20
0.20
0.20
0.19
0.19
0.19
0.19
0.18
0.18
0.18
0.18
0.08	76.72
0.08
0.08
0.08
0.08
0.08
0.08
0.08
0.07
0.07
0.07
0.07
0.07
0.07
0.07
0.07
0.08
0.08
0.07
0.08
0.09
0.09
0.09
0.09
0.07
0.07
0.08
0.07
0.07
0.07
0.07
0.07
CorWatt	PkgWatt
6.09	154.85
0.11	78.45
0.11
0.11
0.11
0.10
0.10
0.10
0.10
0.11
0.11
0.62
0.11
0.09
0.09
0.09
0.10
0.10
0.10
0.10
0.11
0.12
0.11
0.11
0.11
0.10
0.10
0.10
0.10
0.10
0.10
0.10
0.10
0.07	76.37
0.07
0.07
0.07
0.08
0.07
0.07
0.07
0.07
0.07
0.07
0.07
0.07
0.07
0.07
0.07
0.07
0.07
0.07
0.07
0.08
0.08
0.08
0.08
0.07
0.07
0.07
0.07
0.07
0.07
0.07
0.07
CorWatt	PkgWatt
5.18	153.56
0.10	77.24
0.10
0.10
0.10
0.09
0.09
0.09
0.09
0.09
0.09
0.08
0.09
0.08
0.08
0.08
0.08
0.09
0.09
0.10
0.09
0.11
0.10
0.10
0.10
0.09
0.09
0.09
0.09
0.09
0.09
0.09
0.09
0.07	76.31
0.07
0.07
0.07
0.07
0.07
0.07
0.07
0.07
0.07
0.07
0.07
0.07
0.07
0.07
0.07
0.07
0.07
0.07
0.07
0.08
0.08
0.08
0.08
0.07
0.07
0.07
0.07
0.07
0.07
0.07
0.07
CorWatt	PkgWatt
5.15	153.27
0.10	77.08
0.10
0.09
0.10
0.09
0.09
0.09
0.09
0.09
0.09
0.08
0.09
0.08
0.08
0.08
0.08
0.09
0.09
0.09
0.09
0.11
0.10
0.10
0.10
0.09
0.09
0.09
0.09
0.09
0.09
0.09
0.09
0.07	76.28
0.07
0.07
0.07
0.07
0.07
0.07
0.07
0.07
0.07
0.07
0.07
0.07
0.07
0.07
0.07
0.07
0.07
0.07
0.07
0.08
0.08
0.08
0.08
0.07
0.07
0.07
0.07
0.07
0.07
0.07
0.07
CorWatt	PkgWatt
13.31	164.72
0.20	88.01
0.19
0.19
0.19
0.18
0.18
0.18
0.18
0.17
0.17
0.17
0.17
0.17
0.17
0.17
0.17
0.18
0.18
0.18
0.18
5.24
0.24
0.23
0.23
0.18
0.18
0.18
0.18
0.17
0.17
0.17
0.17
0.08	76.58
0.07
0.07
0.07
0.08
0.08
0.08
0.08
0.07
0.07
0.07
0.07
0.07
0.07
0.07
0.07
0.08
0.08
0.07
0.07
0.08
0.08
0.08
0.08
0.07
0.07
0.07
0.07
0.07
0.07
0.07
0.07
CorWatt	PkgWatt
13.82	165.13
0.21	88.89
0.20
0.20
0.19
0.19
0.19
0.19
0.19
0.17
0.17
0.17
0.17
0.17
0.17
0.17
0.17
0.19
0.19
0.19
0.19
5.79
0.25
0.24
0.24
0.18
0.18
0.18
0.18
0.17
0.17
0.17
0.17
0.07	76.23
0.07
0.07
0.07
0.07
0.07
0.07
0.07
0.07
0.07
0.07
0.07
0.07
0.07
0.07
0.07
0.07
0.07
0.07
0.07
0.08
0.08
0.08
0.08
0.07
0.07
0.07
0.07
0.07
0.07
0.07
0.07
CorWatt	PkgWatt
13.85	165.00
0.21	88.95
0.20
0.20
0.19
0.19
0.19
0.19
0.19
0.17
0.17
0.17
0.17
0.17
0.17
0.17
0.17
0.19
0.19
0.19
0.19
5.79
0.26
0.24
0.24
0.18
0.26
0.18
0.18
0.18
0.17
0.17
0.18
0.07	76.16
0.07
0.07
0.07
0.07
0.07
0.07
0.07
0.06
0.06
0.06
0.06
0.06
0.07
0.06
0.06
0.07
0.07
0.07
0.07
0.08
0.08
0.07
0.08
0.07
0.07
0.07
0.07
0.06
0.06
0.06
0.07
CorWatt	PkgWatt
13.83	165.26
0.21	88.88
0.20
0.20
0.20
0.19
0.19
0.19
0.19
0.17
0.17
0.17
0.18
0.17
0.17
0.17
0.17
0.19
0.19
0.19
0.19
5.77
0.25
0.24
0.24
0.18
0.18
0.18
0.18
0.17
0.17
0.17
0.17
0.07	76.30
0.07
0.07
0.07
0.07
0.07
0.07
0.07
0.07
0.07
0.07
0.07
0.07
0.07
0.07
0.07
0.07
0.07
0.07
0.07
0.08
0.08
0.07
0.08
0.07
0.07
0.07
0.07
0.07
0.07
0.07
0.07
CorWatt	PkgWatt
14.08	167.36
0.21	88.97
0.20
0.20
0.19
0.19
0.19
0.19
0.19
0.17
0.17
0.17
0.18
0.17
0.17
0.17
0.17
0.19
0.19
0.19
0.19
5.80
0.26
0.25
0.24
0.18
0.18
0.18
0.18
0.17
0.17
0.17
0.17
0.08	78.38
0.08
0.07
0.08
0.08
0.08
0.08
0.07
0.07
0.07
0.07
0.07
0.08
0.07
0.07
0.07
0.08
0.07
0.08
0.07
0.08
0.09
0.08
0.09
0.07
0.07
0.08
0.07
0.07
0.07
0.07
0.07
CorWatt	PkgWatt
13.72	164.85
0.21	88.81
0.20
0.20
0.19
0.19
0.19
0.19
0.19
0.17
0.17
0.17
0.18
0.17
0.17
0.16
0.17
0.19
0.19
0.19
0.19
5.78
0.25
0.24
0.24
0.18
0.18
0.18
0.18
0.18
0.17
0.17
0.17
0.07	76.17
0.07
0.07
0.07
0.07
0.07
0.07
0.07
0.07
0.07
0.07
0.07
0.07
0.07
0.07
0.07
0.07
0.07
0.07
0.07
0.07
0.08
0.07
0.07
0.07
0.07
0.07
0.07
0.07
0.07
0.07
0.07
CorWatt	PkgWatt
13.65	164.91
0.21	88.73
0.20
0.20
0.19
0.19
0.19
0.19
0.19
0.17
0.17
0.17
0.17
0.17
0.17
0.16
0.16
0.19
0.19
0.19
0.19
5.77
0.25
0.24
0.24
0.17
0.17
0.18
0.18
0.17
0.17
0.17
0.17
0.07	76.05
0.07
0.07
0.07
0.07
0.07
0.07
0.07
0.06
0.06
0.06
0.06
0.06
0.06
0.06
0.06
0.07
0.07
0.07
0.07
0.07
0.07
0.07
0.07
0.06
0.06
0.06
0.07
0.06
0.06
0.06
0.06
CorWatt	PkgWatt
13.88	168.27
0.21	90.49
0.20
0.20
0.19
0.19
0.19
0.20
0.19
0.17
0.17
0.17
0.17
0.17
0.17
0.16
0.17
0.19
0.19
0.19
0.19
5.78
0.25
0.24
0.24
0.18
0.18
0.18
0.18
0.18
0.18
0.18
0.17
0.07	77.87
0.07
0.07
0.07
0.07
0.07
0.07
0.07
0.07
0.07
0.07
0.07
0.07
0.07
0.07
0.07
0.08
0.07
0.08
0.07
0.07
0.08
0.07
0.08
0.07
0.07
0.07
0.07
0.07
0.07
0.07
0.07
CorWatt	PkgWatt
13.96	165.83
0.20	89.06
0.20
0.19
0.19
0.19
0.19
0.19
0.19
0.17
0.17
0.17
0.17
0.17
0.17
0.16
0.16
0.19
0.19
0.19
0.19
5.79
0.25
0.24
0.24
0.18
0.18
0.18
0.18
0.18
0.17
0.17
0.17
0.08	76.67
0.08
0.07
0.07
0.08
0.08
0.08
0.07
0.07
0.07
0.07
0.07
0.07
0.07
0.07
0.07
0.08
0.07
0.08
0.08
0.08
0.08
0.08
0.08
0.07
0.08
0.07
0.07
0.07
0.07
0.07
0.07
CorWatt	PkgWatt
13.73	164.92
0.21	88.75
0.20
0.19
0.19
0.19
0.19
0.19
0.19
0.17
0.17
0.17
0.17
0.17
0.16
0.16
0.16
0.19
0.19
0.19
0.19
5.80
0.25
0.24
0.23
0.17
0.17
0.17
0.18
0.17
0.17
0.17
0.17
0.07	76.17
0.07
0.07
0.07
0.07
0.07
0.07
0.07
0.07
0.07
0.07
0.07
0.07
0.07
0.07
0.07
0.07
0.07
0.07
0.07
0.07
0.07
0.07
0.07
0.07
0.07
0.07
0.07
0.07
0.07
0.07
0.07
CorWatt	PkgWatt
5.59	153.69
0.11	77.74
0.10
0.10
0.10
0.10
0.10
0.10
0.10
0.09
0.09
0.09
0.11
0.08
0.08
0.08
0.08
0.10
0.10
0.10
0.10
0.42
0.12
0.11
0.11
0.10
0.10
0.10
0.10
0.10
0.09
0.09
0.09
0.07	76.11
0.07
0.07
0.07
0.07
0.07
0.07
0.07
0.07
0.07
0.07
0.07
0.07
0.07
0.07
0.07
0.07
0.07
0.07
0.07
0.07
0.07
0.07
0.07
0.07
0.07
0.07
0.07
0.07
0.07
0.07
0.07
CorWatt	PkgWatt
5.15	153.56
0.10	77.34
0.10
0.10
0.10
0.10
0.10
0.10
0.10
0.08
0.08
0.08
0.09
0.08
0.08
0.08
0.08
0.10
0.10
0.10
0.10
0.11
0.10
0.10
0.10
0.10
0.10
0.10
0.10
0.09
0.08
0.09
0.09
0.07	76.07
0.07
0.07
0.07
0.07
0.07
0.07
0.07
0.07
0.07
0.07
0.07
0.07
0.07
0.07
0.07
0.07
0.07
0.07
0.07
0.07
0.07
0.07
0.07
0.07
0.07
0.07
0.07
0.07
0.07
0.07
0.07
CorWatt	PkgWatt
5.24	153.46
0.10	77.09
0.10
0.09
0.10
0.09
0.09
0.09
0.09
0.08
0.08
0.08
0.08
0.08
0.08
0.08
0.08
0.09
0.09
0.09
0.09
0.11
0.10
0.10
0.10
0.09
0.17
0.09
0.09
0.08
0.08
0.08
0.08
0.08	76.39
0.07
0.07
0.07
0.07
0.07
0.07
0.07
0.07
0.07
0.07
0.07
0.07
0.07
0.07
0.07
0.07
0.07
0.07
0.07
0.07
0.07
0.07
0.07
0.07
0.07
0.07
0.07
0.07
0.07
0.07
0.07
CorWatt	PkgWatt
13.29	164.23
5.39	88.36
0.25
0.24
0.24
0.19
0.18
0.19
0.19
0.17
0.17
0.17
0.17
0.17
0.17
0.17
0.17
0.19
0.19
0.19
0.18
0.20
0.19
0.20
0.19
0.19
0.18
0.18
0.19
0.18
0.17
0.17
0.17
0.07	75.98
0.07
0.07
0.07
0.07
0.07
0.07
0.07
0.07
0.07
0.07
0.07
0.07
0.06
0.06
0.06
0.07
0.07
0.07
0.07
0.07
0.07
0.07
0.07
0.07
0.07
0.07
0.07
0.07
0.07
0.07
0.07
CorWatt	PkgWatt
13.64	164.97
5.66	88.83
0.26
0.25
0.25
0.19
0.19
0.19
0.19
0.17
0.17
0.17
0.17
0.17
0.17
0.17
0.17
0.19
0.19
0.19
0.19
0.20
0.20
0.19
0.19
0.18
0.18
0.18
0.18
0.18
0.17
0.18
0.17
0.07	76.02
0.07
0.07
0.07
0.07
0.07
0.07
0.07
0.06
0.06
0.06
0.06
0.07
0.07
0.06
0.06
0.07
0.07
0.07
0.07
0.07
0.07
0.07
0.07
0.06
0.07
0.07
0.07
0.06
0.06
0.06
0.06
CorWatt	PkgWatt
13.74	164.81
5.67	88.91
0.27
0.25
0.25
0.19
0.20
0.19
0.19
0.17
0.17
0.17
0.18
0.17
0.17
0.17
0.17
0.19
0.19
0.19
0.19
0.21
0.20
0.20
0.19
0.18
0.19
0.18
0.19
0.18
0.17
0.18
0.17
0.07	75.99
0.07
0.07
0.07
0.07
0.07
0.07
0.07
0.07
0.07
0.07
0.07
0.07
0.07
0.07
0.07
0.07
0.07
0.07
0.07
0.07
0.07
0.07
0.07
0.07
0.07
0.07
0.07
0.07
0.07
0.07
0.07
CorWatt	PkgWatt
13.85	165.27
5.65	88.85
0.26
0.25
0.25
0.19
0.19
0.19
0.19
0.17
0.17
0.17
0.18
0.17
0.17
0.17
0.17
0.19
0.19
0.19
0.19
0.21
0.20
0.19
0.19
0.18
0.18
0.18
0.19
0.17
0.17
0.17
0.17
0.07	76.31
0.07
0.07
0.07
0.07
0.07
0.08
0.07
0.07
0.07
0.07
0.07
0.07
0.07
0.07
0.07
0.07
0.07
0.07
0.07
0.07
0.07
0.07
0.07
0.07
0.07
0.07
0.07
0.07
0.07
0.07
0.07
CorWatt	PkgWatt
13.77	164.80
5.68	88.88
0.26
0.25
0.25
0.19
0.19
0.19
0.19
0.17
0.17
0.17
0.18
0.17
0.17
0.17
0.17
0.19
0.19
0.19
0.19
0.21
0.20
0.19
0.19
0.18
0.18
0.18
0.18
0.17
0.17
0.18
0.17
0.07	76.06
0.07
0.07
0.07
0.07
0.07
0.07
0.07
0.07
0.07
0.07
0.07
0.07
0.07
0.07
0.07
0.07
0.07
0.07
0.07
0.07
0.07
0.07
0.07
0.07
0.07
0.07
0.07
0.07
0.07
0.07
0.07
CorWatt	PkgWatt
13.63	164.93
5.68	88.86
0.26
0.25
0.25
0.19
0.19
0.19
0.19
0.17
0.17
0.17
0.17
0.17
0.17
0.17
0.17
0.19
0.19
0.19
0.19
0.21
0.20
0.19
0.19
0.18
0.18
0.18
0.18
0.17
0.17
0.17
0.17
0.07	75.90
0.07
0.07
0.07
0.07
0.07
0.07
0.07
0.06
0.07
0.07
0.07
0.07
0.07
0.06
0.06
0.07
0.07
0.07
0.07
0.07
0.07
0.07
0.07
0.07
0.07
0.07
0.07
0.06
0.06
0.06
0.06
CorWatt	PkgWatt
13.78	164.97
5.68	88.90
0.27
0.25
0.25
0.19
0.19
0.19
0.19
0.18
0.17
0.17
0.18
0.17
0.17
0.17
0.17
0.19
0.19
0.19
0.19
0.21
0.20
0.19
0.19
0.18
0.18
0.18
0.18
0.18
0.17
0.18
0.18
0.07	76.11
0.07
0.07
0.07
0.07
0.07
0.07
0.07
0.07
0.07
0.07
0.07
0.07
0.07
0.07
0.07
0.07
0.07
0.07
0.07
0.07
0.07
0.07
0.07
0.07
0.07
0.07
0.07
0.07
0.07
0.07
0.07
CorWatt	PkgWatt
13.82	164.90
5.68	88.78
0.26
0.25
0.25
0.19
0.19
0.19
0.19
0.17
0.17
0.17
0.18
0.17
0.17
0.17
0.17
0.19
0.19
0.19
0.19
0.21
0.20
0.19
0.19
0.18
0.18
0.18
0.18
0.17
0.17
0.17
0.17
0.07	76.23
0.07
0.07
0.07
0.07
0.07
0.07
0.07
0.07
0.07
0.07
0.07
0.07
0.07
0.07
0.07
0.07
0.07
0.07
0.07
0.07
0.07
0.07
0.07
0.07
0.07
0.07
0.07
0.07
0.07
0.07
0.07
CorWatt	PkgWatt
13.63	164.86
5.68	88.80
0.26
0.25
0.25
0.19
0.19
0.19
0.19
0.17
0.17
0.17
0.17
0.17
0.17
0.17
0.17
0.19
0.19
0.19
0.19
0.20
0.19
0.19
0.19
0.18
0.18
0.18
0.18
0.17
0.17
0.17
0.17
0.07	75.95
0.07
0.07
0.07
0.07
0.07
0.07
0.07
0.07
0.07
0.07
0.07
0.07
0.07
0.07
0.07
0.07
0.07
0.07
0.07
0.07
0.07
0.07
0.07
0.07
0.07
0.07
0.07
0.07
0.07
0.07
0.07
CorWatt	PkgWatt
13.80	164.89
5.72	88.98
0.27
0.25
0.25
0.19
0.19
0.19
0.19
0.17
0.17
0.17
0.17
0.17
0.17
0.17
0.17
0.19
0.19
0.19
0.19
0.21
0.20
0.19
0.19
0.18
0.26
0.18
0.18
0.17
0.17
0.17
0.17
0.07	75.90
0.07
0.07
0.07
0.07
0.07
0.07
0.07
0.07
0.07
0.07
0.07
0.07
0.07
0.07
0.07
0.07
0.07
0.07
0.07
0.07
0.07
0.07
0.07
0.07
0.07
0.07
0.07
0.07
0.07
0.07
0.07
CorWatt	PkgWatt
5.25	153.09
0.21	77.22
0.11
0.11
0.10
0.10
0.10
0.10
0.10
0.08
0.08
0.08
0.09
0.08
0.08
0.08
0.08
0.10
0.10
0.10
0.10
0.11
0.10
0.10
0.10
0.09
0.09
0.09
0.09
0.08
0.08
0.08
0.08
0.07	76.00
0.07
0.07
0.07
0.07
0.07
0.07
0.07
0.07
0.07
0.07
0.07
0.07
0.07
0.07
0.07
0.07
0.07
0.07
0.07
0.07
0.07
0.07
0.07
0.07
0.07
0.07
0.07
0.07
0.07
0.07
0.07
CorWatt	PkgWatt
5.20	153.30
0.10	77.06
0.10
0.10
0.10
0.10
0.10
0.10
0.10
0.08
0.08
0.08
0.09
0.08
0.08
0.08
0.08
0.10
0.09
0.10
0.09
0.11
0.10
0.10
0.10
0.09
0.09
0.09
0.09
0.08
0.08
0.08
0.08
0.07	76.14
0.07
0.07
0.07
0.07
0.07
0.07
0.07
0.07
0.07
0.07
0.07
0.07
0.07
0.07
0.07
0.07
0.07
0.07
0.07
0.07
0.07
0.07
0.07
0.07
0.07
0.07
0.07
0.07
0.07
0.07
0.07
CorWatt	PkgWatt
4.78	152.44
0.09	76.56
0.09
0.09
0.09
0.09
0.09
0.09
0.09
0.07
0.07
0.07
0.07
0.07
0.07
0.07
0.07
0.09
0.09
0.09
0.09
0.10
0.09
0.09
0.09
0.09
0.09
0.09
0.09
0.08
0.08
0.08
0.08
0.07	75.88
0.07
0.07
0.07
0.07
0.07
0.07
0.07
0.06
0.07
0.07
0.06
0.06
0.06
0.06
0.06
0.07
0.07
0.07
0.07
0.07
0.07
0.07
0.07
0.06
0.06
0.07
0.06
0.06
0.06
0.06
0.07
CorWatt	PkgWatt
13.54	164.19
0.20	88.50
0.20
0.20
0.19
0.19
0.19
0.19
0.19
0.17
0.17
0.16
0.17
0.17
0.16
0.16
0.17
0.19
0.19
0.19
0.18
0.24
0.23
0.22
5.79
0.17
0.17
0.17
0.17
0.17
0.17
0.17
0.17
0.07	75.79
0.07
0.07
0.06
0.07
0.07
0.07
0.07
0.06
0.07
0.06
0.07
0.06
0.06
0.06
0.06
0.07
0.07
0.07
0.07
0.07
0.07
0.07
0.07
0.07
0.07
0.07
0.07
0.06
0.06
0.06
0.07
CorWatt	PkgWatt
13.65	164.52
0.20	88.61
0.20
0.19
0.19
0.19
0.19
0.19
0.19
0.17
0.17
0.16
0.17
0.16
0.16
0.16
0.16
0.19
0.19
0.19
0.19
0.25
0.23
0.23
5.85
0.17
0.17
0.17
0.17
0.17
0.17
0.17
0.17
0.07	75.78
0.07
0.07
0.07
0.07
0.07
0.07
0.07
0.07
0.07
0.07
0.07
0.07
0.07
0.06
0.06
0.07
0.07
0.07
0.07
0.07
0.07
0.07
0.07
0.07
0.07
0.07
0.07
0.07
0.07
0.07
0.07
CorWatt	PkgWatt
13.79	164.74
0.20	88.55
0.19
0.19
0.19
0.19
0.19
0.19
0.19
0.17
0.17
0.16
0.17
0.16
0.16
0.16
0.16
0.19
0.19
0.19
0.19
0.25
0.23
0.23
5.88
0.17
0.17
0.17
0.17
0.17
0.17
0.17
0.17
0.07	76.20
0.07
0.07
0.07
0.07
0.07
0.07
0.07
0.07
0.07
0.07
0.07
0.07
0.07
0.07
0.07
0.07
0.07
0.07
0.07
0.07
0.07
0.07
0.07
0.07
0.07
0.07
0.07
0.07
0.07
0.07
0.07
CorWatt	PkgWatt
13.69	164.31
0.20	88.62
0.20
0.19
0.19
0.19
0.19
0.19
0.19
0.17
0.17
0.16
0.17
0.16
0.16
0.16
0.16
0.19
0.19
0.19
0.19
0.25
0.23
0.23
5.88
0.17
0.17
0.17
0.17
0.17
0.17
0.17
0.17
0.07	75.83
0.07
0.07
0.07
0.07
0.07
0.07
0.07
0.07
0.07
0.07
0.07
0.07
0.07
0.07
0.07
0.07
0.07
0.07
0.07
0.07
0.07
0.07
0.07
0.07
0.07
0.07
0.07
0.07
0.07
0.07
0.07
CorWatt	PkgWatt
13.60	164.53
0.20	88.56
0.19
0.19
0.19
0.19
0.19
0.19
0.19
0.17
0.16
0.16
0.16
0.16
0.16
0.16
0.16
0.19
0.19
0.19
0.19
0.24
0.23
0.23
5.86
0.17
0.17
0.17
0.17
0.17
0.17
0.17
0.17
0.07	75.80
0.07
0.07
0.07
0.07
0.07
0.07
0.07
0.07
0.07
0.07
0.07
0.07
0.07
0.07
0.07
0.07
0.07
0.07
0.07
0.07
0.07
0.07
0.07
0.07
0.07
0.07
0.07
0.07
0.07
0.07
0.07
CorWatt	PkgWatt
13.65	164.37
0.20	88.48
0.19
0.19
0.19
0.19
0.18
0.19
0.19
0.17
0.16
0.16
0.16
0.16
0.16
0.16
0.16
0.19
0.19
0.19
0.19
0.24
0.23
0.23
5.87
0.17
0.17
0.17
0.17
0.17
0.17
0.17
0.17
0.07	75.89
0.07
0.07
0.07
0.07
0.07
0.07
0.07
0.07
0.07
0.07
0.07
0.07
0.07
0.07
0.07
0.07
0.07
0.07
0.07
0.07
0.07
0.07
0.07
0.07
0.07
0.07
0.07
0.07
0.07
0.07
0.07
CorWatt	PkgWatt
13.89	164.64
0.20	88.76
0.20
0.19
0.19
0.19
0.19
0.19
0.19
0.17
0.17
0.16
0.16
0.16
0.16
0.16
0.16
0.19
0.19
0.19
0.19
0.25
0.24
0.23
5.89
0.18
0.25
0.17
0.17
0.17
0.17
0.17
0.17
0.07	76.01
0.07
0.07
0.07
0.07
0.07
0.07
0.07
0.07
0.07
0.07
0.07
0.07
0.07
0.07
0.07
0.07
0.07
0.07
0.07
0.07
0.07
0.07
0.07
0.07
0.07
0.07
0.07
0.07
0.07
0.07
0.07
CorWatt	PkgWatt
13.88	168.27
0.21	90.31
0.20
0.19
0.20
0.19
0.18
0.19
0.20
0.17
0.17
0.16
0.16
0.16
0.16
0.16
0.16
0.19
0.19
0.19
0.19
0.24
0.23
0.23
5.84
0.17
0.17
0.17
0.17
0.17
0.17
0.18
0.18
0.08	77.89
0.07
0.08
0.07
0.08
0.08
0.07
0.07
0.07
0.07
0.07
0.07
0.07
0.07
0.07
0.07
0.07
0.08
0.08
0.07
0.08
0.07
0.08
0.08
0.07
0.07
0.07
0.07
0.07
0.07
0.07
0.08
CorWatt	PkgWatt
13.63	164.24
0.20	88.56
0.19
0.19
0.19
0.19
0.18
0.19
0.19
0.17
0.17
0.16
0.16
0.16
0.16
0.16
0.16
0.19
0.19
0.19
0.19
0.25
0.23
0.23
5.86
0.17
0.17
0.17
0.17
0.17
0.17
0.17
0.17
0.07	75.81
0.07
0.07
0.07
0.07
0.07
0.07
0.07
0.07
0.07
0.07
0.07
0.07
0.07
0.07
0.07
0.07
0.07
0.07
0.07
0.07
0.07
0.07
0.07
0.07
0.07
0.07
0.07
0.07
0.07
0.07
0.07
CorWatt	PkgWatt
13.57	164.49
0.20	88.42
0.19
0.19
0.19
0.19
0.18
0.19
0.19
0.17
0.16
0.16
0.16
0.16
0.16
0.16
0.16
0.19
0.19
0.19
0.19
0.25
0.24
0.23
5.73
0.17
0.17
0.17
0.18
0.17
0.17
0.17
0.17
0.07	75.93
0.07
0.07
0.07
0.07
0.07
0.07
0.07
0.07
0.07
0.07
0.07
0.07
0.07
0.07
0.07
0.07
0.07
0.07
0.07
0.07
0.07
0.07
0.07
0.07
0.07
0.07
0.07
0.07
0.07
0.07
0.07
CorWatt	PkgWatt
5.08	152.75
0.10	76.84
0.10
0.10
0.10
0.09
0.09
0.09
0.09
0.08
0.08
0.08
0.08
0.08
0.08
0.08
0.08
0.09
0.09
0.09
0.09
0.11
0.10
0.09
0.10
0.09
0.09
0.08
0.09
0.09
0.08
0.08
0.08
0.07	76.02
0.07
0.07
0.07
0.07
0.07
0.07
0.07
0.07
0.07
0.07
0.07
0.07
0.07
0.07
0.07
0.07
0.07
0.07
0.07
0.07
0.07
0.07
0.07
0.07
0.07
0.07
0.07
0.07
0.07
0.07
0.07
CorWatt	PkgWatt
4.81	152.43
0.10	76.60
0.10
0.09
0.09
0.09
0.09
0.09
0.09
0.08
0.08
0.08
0.08
0.07
0.07
0.07
0.07
0.09
0.09
0.09
0.09
0.10
0.09
0.09
0.09
0.08
0.08
0.08
0.08
0.08
0.08
0.08
0.08
0.07	75.74
0.07
0.07
0.07
0.07
0.07
0.07
0.07
0.06
0.06
0.07
0.07
0.06
0.07
0.06
0.06
0.07
0.07
0.07
0.07
0.07
0.07
0.07
0.07
0.06
0.06
0.06
0.07
0.06
0.06
0.06
0.07
CorWatt	PkgWatt
4.95	152.52
0.09	76.72
0.09
0.09
0.18
0.09
0.09
0.09
0.09
0.08
0.08
0.08
0.08
0.08
0.08
0.07
0.07
0.09
0.09
0.09
0.09
0.10
0.09
0.09
0.09
0.08
0.08
0.08
0.08
0.08
0.08
0.08
0.08
0.07	75.79
0.07
0.07
0.07
0.07
0.07
0.07
0.07
0.07
0.07
0.07
0.07
0.07
0.07
0.07
0.06
0.07
0.07
0.07
0.07
0.07
0.07
0.07
0.07
0.07
0.07
0.07
0.07
0.07
0.07
0.07
0.07
CorWatt	PkgWatt
13.70	164.44
0.25	88.53
0.25
0.24
5.75
0.19
0.19
0.19
0.19
0.17
0.17
0.17
0.17
0.16
0.16
0.16
0.16
0.19
0.19
0.19
0.19
0.20
0.19
0.19
0.19
0.18
0.17
0.17
0.18
0.18
0.17
0.17
0.17
0.07	75.95
0.07
0.07
0.07
0.07
0.07
0.07
0.07
0.07
0.07
0.07
0.07
0.07
0.07
0.07
0.07
0.07
0.07
0.07
0.07
0.07
0.07
0.07
0.07
0.07
0.07
0.07
0.07
0.07
0.07
0.07
0.07
CorWatt	PkgWatt
13.59	164.45
0.25	88.50
0.25
0.24
5.72
0.19
0.19
0.19
0.19
0.17
0.17
0.16
0.16
0.16
0.16
0.16
0.16
0.19
0.19
0.19
0.19
0.20
0.19
0.19
0.19
0.18
0.18
0.18
0.17
0.17
0.17
0.17
0.17
0.07	75.89
0.07
0.07
0.07
0.07
0.07
0.07
0.07
0.07
0.07
0.07
0.07
0.07
0.07
0.07
0.07
0.07
0.07
0.07
0.07
0.07
0.07
0.07
0.07
0.07
0.07
0.07
0.07
0.07
0.07
0.07
0.07
CorWatt	PkgWatt
13.47	164.11
0.25	88.44
0.25
0.24
5.73
0.19
0.19
0.19
0.19
0.17
0.17
0.16
0.16
0.16
0.16
0.16
0.16
0.19
0.19
0.19
0.18
0.20
0.19
0.18
0.18
0.17
0.17
0.17
0.17
0.17
0.17
0.17
0.17
0.07	75.68
0.07
0.07
0.07
0.07
0.07
0.07
0.07
0.07
0.07
0.07
0.07
0.06
0.06
0.06
0.06
0.07
0.07
0.07
0.07
0.07
0.07
0.07
0.07
0.07
0.07
0.07
0.07
0.07
0.07
0.07
0.07
CorWatt	PkgWatt
13.62	164.23
0.25	88.59
0.25
0.24
5.73
0.19
0.19
0.19
0.19
0.17
0.17
0.16
0.16
0.16
0.16
0.16
0.16
0.19
0.19
0.19
0.19
0.20
0.19
0.19
0.18
0.18
0.25
0.18
0.17
0.18
0.17
0.17
0.17
0.07	75.73
0.07
0.07
0.07
0.07
0.07
0.07
0.07
0.07
0.07
0.07
0.07
0.07
0.07
0.06
0.06
0.07
0.07
0.07
0.07
0.07
0.07
0.07
0.07
0.07
0.07
0.07
0.07
0.07
0.07
0.07
0.07
CorWatt	PkgWatt
13.59	164.41
0.25	88.48
0.25
0.24
5.73
0.19
0.19
0.19
0.19
0.17
0.17
0.16
0.16
0.16
0.16
0.16
0.16
0.19
0.19
0.19
0.18
0.20
0.19
0.19
0.18
0.17
0.18
0.17
0.17
0.17
0.17
0.17
0.17
0.07	75.83
0.07
0.07
0.07
0.07
0.07
0.07
0.07
0.07
0.07
0.07
0.07
0.07
0.07
0.06
0.07
0.07
0.07
0.07
0.07
0.07
0.07
0.07
0.07
0.07
0.07
0.07
0.07
0.07
0.07
0.07
0.07
CorWatt	PkgWatt
13.59	164.18
0.25	88.50
0.25
0.24
5.75
0.19
0.19
0.19
0.19
0.17
0.17
0.16
0.16
0.16
0.16
0.16
0.16
0.19
0.19
0.19
0.19
0.20
0.19
0.19
0.18
0.17
0.17
0.17
0.17
0.17
0.17
0.17
0.17
0.07	75.74
0.07
0.07
0.07
0.07
0.07
0.07
0.07
0.07
0.07
0.07
0.07
0.07
0.07
0.06
0.07
0.07
0.07
0.07
0.07
0.07
0.07
0.07
0.07
0.07
0.07
0.07
0.07
0.07
0.07
0.07
0.07
CorWatt	PkgWatt
13.44	164.13
0.25	88.31
0.24
0.24
5.72
0.19
0.19
0.19
0.19
0.17
0.16
0.16
0.16
0.16
0.16
0.16
0.16
0.19
0.18
0.19
0.18
0.20
0.19
0.18
0.18
0.17
0.17
0.17
0.17
0.17
0.17
0.17
0.17
0.07	75.75
0.07
0.07
0.07
0.07
0.07
0.07
0.07
0.07
0.06
0.06
0.06
0.06
0.07
0.06
0.06
0.07
0.07
0.07
0.07
0.07
0.07
0.07
0.07
0.07
0.07
0.07
0.07
0.07
0.07
0.07
0.07
CorWatt	PkgWatt
13.44	164.03
0.25	88.45
0.24
0.24
5.75
0.19
0.19
0.19
0.19
0.17
0.16
0.16
0.16
0.16
0.16
0.16
0.16
0.19
0.18
0.19
0.18
0.20
0.19
0.18
0.18
0.17
0.17
0.17
0.17
0.17
0.17
0.17
0.17
0.07	75.58
0.06
0.06
0.06
0.07
0.06
0.06
0.06
0.06
0.06
0.06
0.06
0.06
0.06
0.06
0.06
0.07
0.07
0.07
0.07
0.06
0.06
0.07
0.07
0.06
0.06
0.07
0.07
0.06
0.06
0.06
0.07
CorWatt	PkgWatt
13.59	164.24
0.25	88.39
0.25
0.24
5.74
0.19
0.19
0.19
0.19
0.17
0.16
0.16
0.16
0.16
0.16
0.16
0.16
0.19
0.18
0.19
0.18
0.20
0.19
0.18
0.18
0.17
0.17
0.17
0.17
0.17
0.17
0.17
0.17
0.07	75.93
0.07
0.07
0.07
0.07
0.07
0.07
0.07
0.07
0.07
0.07
0.06
0.07
0.07
0.07
0.07
0.07
0.07
0.07
0.07
0.07
0.07
0.07
0.07
0.07
0.07
0.07
0.07
0.07
0.07
0.07
0.07
CorWatt	PkgWatt
13.18	163.82
0.25	87.90
0.25
0.24
5.43
0.18
0.18
0.18
0.19
0.16
0.16
0.16
0.16
0.16
0.16
0.16
0.16
0.18
0.18
0.18
0.18
0.20
0.18
0.18
0.18
0.17
0.17
0.17
0.17
0.17
0.17
0.17
0.16
0.07	75.87
0.07
0.07
0.07
0.07
0.07
0.07
0.07
0.07
0.07
0.06
0.06
0.06
0.07
0.06
0.06
0.07
0.07
0.07
0.07
0.07
0.07
0.07
0.07
0.07
0.07
0.07
0.07
0.07
0.07
0.07
0.07
CorWatt	PkgWatt
4.86	152.38
0.10	76.65
0.10
0.09
0.10
0.09
0.09
0.09
0.09
0.08
0.08
0.08
0.08
0.08
0.08
0.08
0.08
0.09
0.09
0.09
0.09
0.10
0.09
0.09
0.09
0.08
0.08
0.08
0.08
0.08
0.08
0.08
0.08
0.07	75.72
0.07
0.07
0.07
0.07
0.07
0.07
0.07
0.07
0.07
0.06
0.06
0.06
0.06
0.06
0.06
0.07
0.07
0.07
0.07
0.07
0.07
0.07
0.07
0.07
0.07
0.07
0.07
0.07
0.07
0.07
0.07
CorWatt	PkgWatt
4.60	151.73
0.09	76.22
0.09
0.09
0.09
0.08
0.08
0.08
0.08
0.07
0.07
0.07
0.07
0.07
0.07
0.07
0.07
0.09
0.09
0.09
0.09
0.10
0.08
0.08
0.08
0.08
0.08
0.07
0.08
0.08
0.07
0.07
0.07
0.07	75.58
0.07
0.07
0.07
0.07
0.07
0.07
0.07
0.06
0.06
0.06
0.06
0.06
0.06
0.06
0.06
0.07
0.07
0.07
0.07
0.07
0.07
0.07
0.07
0.07
0.07
0.07
0.07
0.07
0.06
0.06
0.07
CorWatt	PkgWatt
5.15	152.95
0.10	76.89
0.10
0.10
0.10
0.09
0.09
0.09
0.09
0.08
0.08
0.08
0.08
0.08
0.08
0.08
0.08
0.10
0.09
0.10
0.09
0.10
0.09
0.09
0.23
0.08
0.08
0.08
0.08
0.08
0.08
0.08
0.08
0.07	75.99
0.07
0.07
0.07
0.07
0.07
0.07
0.07
0.07
0.07
0.06
0.06
0.06
0.07
0.06
0.06
0.07
0.07
0.07
0.07
0.07
0.07
0.07
0.07
0.07
0.07
0.07
0.07
0.07
0.07
0.07
0.07
CorWatt	PkgWatt
10.53	161.17
0.20	85.44
0.19
0.19
0.19
0.18
0.17
0.18
0.18
0.16
0.16
0.16
0.16
0.16
0.16
0.16
0.16
0.17
0.17
0.17
0.17
0.24
0.23
0.22
2.91
0.17
0.25
0.17
0.17
0.16
0.16
0.16
0.16
0.07	75.70
0.07
0.07
0.07
0.07
0.07
0.07
0.07
0.06
0.06
0.06
0.06
0.06
0.06
0.06
0.06
0.07
0.07
0.07
0.07
0.07
0.07
0.07
0.07
0.07
0.07
0.07
0.07
0.07
0.07
0.07
0.07
CorWatt	PkgWatt
9.78	160.24
0.20	84.76
0.19
0.19
0.19
0.18
0.17
0.18
0.18
0.16
0.16
0.16
0.16
0.16
0.16
0.16
0.16
0.18
0.17
0.18
0.17
0.24
0.23
0.22
2.31
0.17
0.17
0.17
0.17
0.17
0.16
0.16
0.16
0.07	75.62
0.07
0.07
0.07
0.07
0.07
0.07
0.07
0.06
0.06
0.06
0.05
0.05
0.06
0.05
0.05
0.07
0.07
0.07
0.07
0.07
0.07
0.07
0.07
0.07
0.07
0.07
0.07
0.07
0.06
0.06
0.06
CorWatt	PkgWatt
10.45	161.17
0.20	85.39
0.19
0.19
0.18
0.18
0.17
0.18
0.18
0.16
0.16
0.16
0.16
0.16
0.16
0.16
0.16
0.18
0.17
0.18
0.17
0.24
0.23
0.22
2.96
0.17
0.17
0.17
0.17
0.17
0.16
0.16
0.16
0.07	75.65
0.07
0.07
0.07
0.07
0.07
0.07
0.07
0.06
0.06
0.06
0.06
0.06
0.06
0.06
0.05
0.07
0.07
0.07
0.07
0.07
0.07
0.07
0.07
0.07
0.07
0.07
0.07
0.07
0.06
0.06
0.06
CorWatt	PkgWatt
11.70	162.27
0.19	86.49
0.19
0.19
0.18
0.18
0.17
0.17
0.17
0.16
0.16
0.16
0.16
0.16
0.16
0.16
0.16
0.18
0.17
0.17
0.17
0.24
0.23
0.22
4.19
0.17
0.17
0.17
0.17
0.16
0.16
0.16
0.16
0.07	75.77
0.07
0.07
0.07
0.07
0.07
0.07
0.07
0.06
0.06
0.06
0.06
0.06
0.06
0.06
0.06
0.07
0.07
0.07
0.07
0.07
0.07
0.07
0.07
0.07
0.07
0.07
0.07
0.07
0.07
0.06
0.07
CorWatt	PkgWatt
11.67	162.04
0.19	86.48
0.19
0.18
0.18
0.18
0.17
0.17
0.17
0.16
0.16
0.16
0.16
0.16
0.16
0.16
0.16
0.18
0.17
0.18
0.17
0.24
0.23
0.22
4.19
0.17
0.17
0.17
0.17
0.16
0.16
0.16
0.16
0.07	75.69
0.07
0.07
0.07
0.07
0.07
0.07
0.07
0.06
0.06
0.06
0.06
0.06
0.06
0.06
0.05
0.07
0.07
0.07
0.07
0.07
0.07
0.07
0.07
0.07
0.07
0.07
0.07
0.07
0.06
0.06
0.06
CorWatt	PkgWatt
10.53	160.96
0.20	85.45
0.19
0.19
0.18
0.18
0.18
0.18
0.18
0.16
0.16
0.16
0.16
0.16
0.16
0.16
0.16
0.18
0.18
0.18
0.17
0.24
0.23
0.22
3.06
0.17
0.17
0.17
0.17
0.16
0.16
0.16
0.16
0.07	75.58
0.07
0.07
0.07
0.07
0.07
0.07
0.07
0.06
0.05
0.05
0.05
0.05
0.05
0.05
0.05
0.07
0.07
0.07
0.07
0.07
0.07
0.07
0.07
0.07
0.07
0.06
0.07
0.06
0.06
0.06
0.06
CorWatt	PkgWatt
9.48	160.17
0.19	84.49
0.19
0.19
0.18
0.17
0.17
0.17
0.17
0.16
0.16
0.16
0.16
0.16
0.16
0.16
0.16
0.17
0.17
0.17
0.17
0.24
0.23
0.22
2.13
0.17
0.17
0.17
0.17
0.16
0.16
0.16
0.16
0.07	75.50
0.07
0.06
0.07
0.07
0.07
0.07
0.07
0.05
0.05
0.05
0.05
0.05
0.05
0.05
0.05
0.07
0.07
0.07
0.07
0.07
0.07
0.07
0.07
0.06
0.07
0.06
0.07
0.06
0.06
0.06
0.06
CorWatt	PkgWatt
9.67	160.30
0.20	84.53
0.19
0.19
0.18
0.18
0.17
0.17
0.18
0.16
0.16
0.16
0.16
0.16
0.16
0.16
0.16
0.18
0.17
0.18
0.17
0.24
0.23
0.22
2.13
0.17
0.17
0.17
0.17
0.16
0.16
0.16
0.16
0.07	75.77
0.07
0.07
0.07
0.07
0.07
0.07
0.07
0.06
0.06
0.06
0.06
0.06
0.06
0.06
0.06
0.07
0.07
0.07
0.07
0.07
0.07
0.07
0.07
0.07
0.07
0.07
0.07
0.06
0.06
0.06
0.06
CorWatt	PkgWatt
9.59	159.99
0.19	84.44
0.18
0.18
0.18
0.17
0.17
0.17
0.18
0.16
0.16
0.16
0.16
0.16
0.16
0.16
0.16
0.17
0.17
0.18
0.17
0.24
0.23
0.23
2.13
0.17
0.17
0.17
0.17
0.16
0.16
0.16
0.16
0.07	75.65
0.07
0.07
0.07
0.07
0.07
0.07
0.07
0.06
0.06
0.06
0.06
0.06
0.06
0.06
0.05
0.07
0.07
0.07
0.07
0.07
0.07
0.07
0.07
0.07
0.07
0.07
0.07
0.06
0.06
0.06
0.06
CorWatt	PkgWatt
10.07	160.74
0.19	84.97
0.18
0.18
0.18
0.17
0.17
0.17
0.17
0.16
0.16
0.16
0.16
0.16
0.16
0.16
0.16
0.17
0.17
0.17
0.17
0.23
0.23
0.22
2.69
0.17
0.17
0.17
0.17
0.16
0.16
0.16
0.16
0.07	75.69
0.07
0.07
0.07
0.07
0.07
0.07
0.07
0.06
0.06
0.06
0.05
0.05
0.05
0.05
0.05
0.07
0.07
0.07
0.07
0.07
0.07
0.07
0.07
0.07
0.07
0.06
0.07
0.06
0.06
0.06
0.06
CorWatt	PkgWatt
11.01	161.43
0.19	85.95
0.18
0.18
0.18
0.17
0.17
0.17
0.17
0.16
0.16
0.16
0.16
0.16
0.16
0.16
0.16
0.17
0.17
0.17
0.17
0.24
0.23
0.22
3.59
0.17
0.25
0.17
0.17
0.16
0.16
0.16
0.16
0.07	75.49
0.07
0.07
0.07
0.07
0.07
0.07
0.07
0.05
0.05
0.05
0.05
0.05
0.05
0.05
0.06
0.07
0.07
0.07
0.07
0.07
0.07
0.07
0.07
0.06
0.06
0.06
0.07
0.06
0.06
0.05
0.06
CorWatt	PkgWatt
13.29	166.02
0.24	86.88
0.22
0.22
0.22
0.20
0.20
0.20
0.20
0.19
0.20
0.20
0.19
0.18
0.18
0.18
0.18
0.20
0.20
0.20
0.20
0.29
0.27
0.27
3.60
0.20
0.20
0.20
0.20
0.20
0.20
0.20
0.20
0.10	77.49
0.09
0.09
0.09
0.09
0.09
0.09
0.10
0.09
0.09
0.10
0.09
0.10
0.09
0.09
0.09
0.10
0.11
0.10
0.10
0.10
0.10
0.10
0.10
0.10
0.10
0.10
0.10
0.10
0.10
0.09
0.14
