CorWatt	PkgWatt
15.68	128.63
0.55	128.62
0.47
0.51
0.49
0.52
0.52
0.51
0.49
0.41
0.49
0.43
0.44
0.56
0.55
0.52
0.55
0.53
0.54
0.51
0.52
0.44
0.43
0.42
0.42
0.39
0.37
0.38
0.39
0.60
0.54
0.68
0.52
CorWatt	PkgWatt
15.43	127.51
0.57	128.37
0.46
0.51
0.52
0.50
0.51
0.51
0.49
0.45
0.46
0.39
0.39
0.55
0.52
0.50
0.52
0.47
0.50
0.54
0.56
0.42
0.45
0.41
0.44
0.39
0.41
0.42
0.39
0.60
0.52
0.55
0.54
CorWatt	PkgWatt
18.58	132.13
0.64	131.28
0.56
0.61
0.63
0.61
0.62
0.63
0.68
0.66
0.57
0.57
0.57
0.65
0.65
0.64
0.66
0.56
0.55
0.55
0.54
0.55
0.48
0.48
0.48
0.47
0.46
0.48
0.48
0.67
0.60
0.65
0.60
CorWatt	PkgWatt
15.98	128.50
0.52	128.39
0.46
0.52
0.52
0.52
0.53
0.55
0.54
0.55
0.48
0.45
0.43
0.54
0.54
0.52
0.56
0.51
0.54
0.48
0.49
0.45
0.43
0.41
0.42
0.45
0.44
0.40
0.40
0.60
0.59
0.55
0.55
