CorWatt	PkgWatt
15.49	127.26
0.52	127.28
0.50
0.47
0.45
0.50
0.49
0.51
0.54
0.45
0.46
0.55
0.40
0.54
0.55
0.55
0.55
0.45
0.51
0.46
0.46
0.41
0.39
0.43
0.42
0.42
0.44
0.46
0.40
0.58
0.55
0.52
0.54
CorWatt	PkgWatt
14.76	126.17
0.48	126.75
0.47
0.44
0.43
0.52
0.52
0.51
0.55
0.43
0.45
0.37
0.41
0.52
0.52
0.51
0.53
0.44
0.49
0.44
0.46
0.40
0.39
0.39
0.39
0.42
0.38
0.47
0.40
0.52
0.50
0.52
0.51
CorWatt	PkgWatt
21.57	133.62
2.64	133.02
0.60
0.61
0.55
0.63
0.70
0.63
0.63
0.57
0.63
0.54
0.51
0.64
0.61
0.75
0.63
0.55
0.66
0.53
0.55
0.59
0.48
0.48
0.59
0.51
0.63
0.63
0.56
0.79
0.73
0.70
0.68
CorWatt	PkgWatt
16.46	127.95
0.60	127.93
0.48
0.45
0.45
0.73
0.75
1.21
0.76
0.44
0.48
0.40
0.41
0.51
0.52
0.52
0.54
0.45
0.50
0.45
0.48
0.43
0.39
0.39
0.41
0.37
0.37
0.40
0.36
0.57
0.57
0.55
0.53
CorWatt	PkgWatt
16.20	127.82
0.60	127.81
0.45
0.47
0.45
0.73
0.75
1.26
0.78
0.41
0.44
0.43
0.37
0.51
0.50
0.49
0.51
0.45
0.50
0.45
0.46
0.40
0.38
0.38
0.38
0.37
0.35
0.39
0.36
0.52
0.52
0.57
0.57
CorWatt	PkgWatt
16.46	128.19
0.60	128.21
0.47
0.48
0.44
0.74
0.76
1.14
0.93
0.44
0.47
0.40
0.40
0.51
0.53
0.51
0.50
0.44
0.52
0.45
0.47
0.42
0.40
0.40
0.40
0.36
0.39
0.39
0.37
0.53
0.54
0.53
0.53
CorWatt	PkgWatt
16.44	127.94
0.60	127.92
0.44
0.51
0.44
0.74
0.76
0.73
1.27
0.44
0.49
0.44
0.41
0.55
0.55
0.52
0.52
0.44
0.50
0.45
0.45
0.42
0.40
0.39
0.39
0.35
0.36
0.40
0.38
0.52
0.54
0.51
0.52
CorWatt	PkgWatt
16.10	127.96
0.58	127.95
0.44
0.49
0.45
0.70
0.72
0.70
1.45
0.41
0.44
0.38
0.37
0.49
0.51
0.50
0.52
0.44
0.51
0.44
0.48
0.40
0.38
0.38
0.39
0.36
0.39
0.37
0.36
0.50
0.53
0.50
0.55
CorWatt	PkgWatt
17.21	129.47
0.56	129.46
0.43
0.48
0.43
0.50
0.51
0.49
3.27
0.43
0.44
0.40
0.38
0.49
0.50
0.49
0.51
0.44
0.49
0.44
0.46
0.39
0.38
0.38
0.38
0.36
0.36
0.37
0.35
0.51
0.55
0.50
0.52
CorWatt	PkgWatt
17.06	129.42
0.56	129.43
0.42
0.47
0.43
0.49
0.51
0.50
3.27
0.40
0.46
0.40
0.38
0.49
0.51
0.50
0.50
0.44
0.49
0.44
0.45
0.40
0.38
0.38
0.38
0.35
0.35
0.36
0.35
0.50
0.50
0.50
0.51
CorWatt	PkgWatt
17.36	129.74
0.58	129.75
0.43
0.50
0.46
0.51
0.51
0.51
3.27
0.37
0.44
0.45
0.38
0.49
0.50
0.48
0.50
0.44
0.49
0.44
0.45
0.39
0.38
0.38
0.38
0.39
0.38
0.38
0.35
0.52
0.55
0.54
0.52
CorWatt	PkgWatt
17.03	129.40
0.56	129.40
0.44
0.49
0.43
0.49
0.51
0.49
3.27
0.40
0.45
0.38
0.37
0.49
0.51
0.48
0.50
0.44
0.49
0.44
0.45
0.38
0.39
0.39
0.38
0.35
0.36
0.36
0.35
0.50
0.50
0.50
0.51
CorWatt	PkgWatt
17.29	129.51
0.56	129.52
0.44
0.50
0.43
0.50
0.51
0.49
3.27
0.39
0.45
0.40
0.37
0.51
0.52
0.51
0.51
0.47
0.51
0.44
0.47
0.40
0.39
0.38
0.38
0.35
0.36
0.37
0.35
0.51
0.51
0.50
0.55
CorWatt	PkgWatt
17.11	129.63
0.58	129.62
0.45
0.49
0.45
0.49
0.51
0.49
3.27
0.39
0.45
0.38
0.37
0.49
0.51
0.49
0.50
0.44
0.48
0.44
0.46
0.38
0.38
0.38
0.38
0.35
0.37
0.35
0.35
0.50
0.49
0.50
0.54
CorWatt	PkgWatt
17.21	129.80
0.58	129.80
0.48
0.47
0.43
0.50
0.53
0.50
3.27
0.39
0.45
0.39
0.37
0.49
0.50
0.48
0.50
0.44
0.47
0.44
0.46
0.38
0.39
0.40
0.40
0.35
0.36
0.37
0.36
0.51
0.55
0.50
0.52
CorWatt	PkgWatt
16.93	129.45
0.56	129.44
0.45
0.44
0.43
0.49
0.51
0.49
3.27
0.39
0.44
0.38
0.36
0.49
0.51
0.48
0.50
0.44
0.48
0.44
0.45
0.39
0.38
0.38
0.38
0.35
0.35
0.36
0.35
0.50
0.50
0.50
0.50
CorWatt	PkgWatt
17.27	129.75
0.57	129.75
0.49
0.46
0.45
0.50
0.51
0.50
3.27
0.40
0.47
0.41
0.39
0.50
0.52
0.50
0.51
0.44
0.49
0.44
0.46
0.39
0.40
0.38
0.38
0.35
0.35
0.36
0.35
0.51
0.51
0.50
0.52
CorWatt	PkgWatt
17.04	129.76
0.57	129.76
0.46
0.45
0.43
0.49
0.51
0.49
3.27
0.38
0.46
0.39
0.37
0.52
0.50
0.48
0.50
0.44
0.48
0.44
0.45
0.39
0.38
0.38
0.38
0.35
0.37
0.37
0.35
0.52
0.51
0.49
0.51
CorWatt	PkgWatt
17.17	129.65
0.57	129.66
0.42
0.46
0.42
0.51
0.51
0.52
3.27
0.39
0.45
0.41
0.36
0.50
0.50
0.51
0.50
0.44
0.49
0.44
0.46
0.40
0.41
0.39
0.40
0.35
0.35
0.36
0.35
0.50
0.50
0.49
0.52
CorWatt	PkgWatt
17.22	129.69
0.56	129.69
0.43
0.49
0.47
0.49
0.52
0.49
3.27
0.40
0.43
0.40
0.37
0.49
0.51
0.51
0.52
0.44
0.50
0.44
0.45
0.40
0.38
0.38
0.40
0.35
0.38
0.36
0.35
0.50
0.50
0.50
0.58
CorWatt	PkgWatt
18.22	129.93
0.63	129.94
0.52
0.76
0.54
0.71
0.73
0.70
1.05
0.46
0.50
0.50
0.77
0.60
0.59
0.58
0.58
0.50
0.56
0.52
0.51
0.48
0.46
0.44
0.45
0.42
0.41
0.45
0.41
0.60
0.60
0.57
0.60
CorWatt	PkgWatt
16.47	128.12
0.50	128.11
0.44
0.55
0.48
1.51
0.83
0.83
0.87
0.39
0.43
0.40
0.37
0.49
0.51
0.48
0.51
0.44
0.49
0.44
0.46
0.39
0.38
0.38
0.38
0.35
0.37
0.37
0.37
0.51
0.51
0.51
0.51
CorWatt	PkgWatt
16.54	128.15
0.49	128.15
0.45
0.56
0.48
1.22
0.84
0.84
1.18
0.39
0.43
0.40
0.38
0.50
0.50
0.48
0.50
0.45
0.51
0.44
0.47
0.40
0.39
0.38
0.38
0.36
0.35
0.35
0.35
0.50
0.50
0.50
0.53
CorWatt	PkgWatt
16.90	128.43
0.52	128.43
0.45
0.56
0.52
1.47
0.84
0.84
0.95
0.39
0.43
0.40
0.38
0.51
0.52
0.52
0.51
0.47
0.50
0.45
0.46
0.39
0.41
0.41
0.43
0.36
0.37
0.36
0.37
0.53
0.51
0.53
0.53
CorWatt	PkgWatt
16.53	128.15
0.50	128.15
0.44
0.57
0.48
1.51
0.84
0.83
0.87
0.40
0.44
0.42
0.37
0.53
0.50
0.49
0.51
0.45
0.48
0.44
0.46
0.39
0.39
0.38
0.38
0.35
0.36
0.36
0.35
0.52
0.50
0.50
0.52
CorWatt	PkgWatt
16.45	127.95
0.55	127.95
0.46
0.57
0.45
1.30
0.84
0.83
1.09
0.39
0.42
0.40
0.38
0.50
0.51
0.48
0.50
0.44
0.49
0.44
0.45
0.39
0.38
0.38
0.38
0.35
0.35
0.35
0.35
0.50
0.50
0.51
0.52
CorWatt	PkgWatt
17.65	128.94
0.54	128.94
0.47
0.57
0.43
2.09
1.03
1.03
1.07
0.39
0.42
0.40
0.36
0.50
0.50
0.48
0.50
0.46
0.49
0.46
0.48
0.38
0.38
0.38
0.38
0.37
0.35
0.35
0.35
0.53
0.51
0.50
0.52
CorWatt	PkgWatt
19.47	130.72
0.53	130.71
0.44
0.54
0.44
3.11
1.35
1.34
1.34
0.39
0.42
0.39
0.36
0.50
0.51
0.48
0.50
0.44
0.50
0.44
0.46
0.40
0.38
0.38
0.38
0.35
0.35
0.36
0.35
0.50
0.49
0.54
0.52
CorWatt	PkgWatt
19.64	130.73
0.54	130.73
0.44
0.56
0.45
3.09
1.35
1.34
1.34
0.40
0.43
0.42
0.37
0.50
0.51
0.50
0.51
0.45
0.50
0.45
0.46
0.39
0.38
0.38
0.38
0.36
0.37
0.35
0.37
0.51
0.50
0.50
0.53
CorWatt	PkgWatt
19.66	130.80
0.54	130.79
0.44
0.56
0.45
1.34
1.35
1.34
3.08
0.40
0.43
0.38
0.38
0.50
0.50
0.50
0.51
0.45
0.51
0.44
0.47
0.39
0.38
0.38
0.38
0.36
0.37
0.39
0.36
0.51
0.52
0.51
0.52
CorWatt	PkgWatt
19.71	130.89
0.55	130.89
0.45
0.56
0.44
1.34
1.34
1.34
3.10
0.39
0.44
0.42
0.36
0.51
0.50
0.48
0.50
0.45
0.50
0.44
0.46
0.41
0.38
0.40
0.40
0.36
0.37
0.38
0.35
0.53
0.52
0.50
0.54
CorWatt	PkgWatt
19.49	130.66
0.51	130.66
0.47
0.56
0.44
2.30
1.35
2.14
1.34
0.40
0.43
0.37
0.36
0.50
0.50
0.48
0.51
0.45
0.50
0.44
0.46
0.39
0.38
0.38
0.38
0.35
0.37
0.36
0.35
0.50
0.51
0.50
0.53
CorWatt	PkgWatt
19.94	131.00
0.53	131.01
0.52
0.57
0.46
3.09
1.35
1.34
1.34
0.42
0.44
0.40
0.37
0.54
0.53
0.54
0.54
0.45
0.50
0.45
0.46
0.40
0.39
0.38
0.38
0.36
0.37
0.37
0.36
0.53
0.54
0.50
0.54
CorWatt	PkgWatt
19.73	130.78
0.56	130.77
0.50
0.56
0.44
2.88
1.35
1.34
1.55
0.40
0.47
0.39
0.39
0.51
0.52
0.50
0.51
0.44
0.50
0.44
0.46
0.40
0.38
0.38
0.39
0.35
0.36
0.35
0.35
0.50
0.52
0.50
0.54
CorWatt	PkgWatt
19.52	130.80
0.53	130.79
0.51
0.58
0.45
1.34
1.34
1.34
3.09
0.40
0.43
0.38
0.36
0.51
0.51
0.49
0.50
0.44
0.49
0.44
0.46
0.39
0.38
0.38
0.38
0.35
0.35
0.35
0.35
0.50
0.49
0.50
0.52
CorWatt	PkgWatt
19.59	130.84
0.54	130.84
0.50
0.58
0.44
1.34
1.35
1.34
3.12
0.41
0.44
0.37
0.36
0.50
0.51
0.50
0.51
0.44
0.49
0.44
0.46
0.39
0.38
0.38
0.38
0.35
0.35
0.35
0.35
0.50
0.50
0.50
0.52
CorWatt	PkgWatt
19.84	130.92
0.55	130.93
0.49
0.56
0.45
2.82
1.35
1.34
1.61
0.40
0.46
0.41
0.40
0.56
0.54
0.50
0.52
0.45
0.49
0.46
0.46
0.40
0.40
0.38
0.39
0.35
0.35
0.38
0.37
0.51
0.49
0.50
0.52
CorWatt	PkgWatt
18.99	130.44
0.56	130.42
0.53
0.64
0.51
2.06
1.01
1.00
1.05
0.44
0.78
0.41
0.40
0.58
0.56
0.56
0.55
0.47
0.52
0.48
0.51
0.44
0.42
0.42
0.41
0.37
0.37
0.37
0.36
0.57
0.53
0.55
0.55
CorWatt	PkgWatt
16.22	128.06
0.70	128.08
0.64
0.65
1.12
0.77
0.50
0.51
0.58
0.42
0.47
0.42
0.39
0.52
0.52
0.51
0.53
0.45
0.49
0.45
0.46
0.41
0.40
0.40
0.39
0.36
0.36
0.37
0.38
0.52
0.51
0.51
0.53
CorWatt	PkgWatt
15.67	127.41
1.09	127.40
0.67
0.69
0.72
0.63
0.49
0.49
0.54
0.37
0.46
0.41
0.38
0.49
0.51
0.50
0.51
0.44
0.48
0.44
0.45
0.40
0.38
0.38
0.38
0.35
0.35
0.35
0.35
0.50
0.49
0.50
0.50
CorWatt	PkgWatt
16.23	127.97
0.82	127.97
0.69
0.70
1.03
0.62
0.49
0.51
0.55
0.39
0.46
0.46
0.39
0.51
0.51
0.50
0.52
0.44
0.50
0.44
0.46
0.40
0.39
0.38
0.38
0.39
0.38
0.40
0.37
0.53
0.55
0.54
0.53
CorWatt	PkgWatt
15.63	127.42
0.73	127.42
0.68
0.70
1.06
0.60
0.49
0.48
0.51
0.38
0.47
0.39
0.36
0.50
0.51
0.48
0.50
0.44
0.49
0.44
0.45
0.39
0.40
0.40
0.38
0.35
0.35
0.35
0.35
0.51
0.50
0.50
0.50
CorWatt	PkgWatt
15.64	127.61
0.72	127.62
0.67
0.69
1.13
0.60
0.48
0.48
0.48
0.37
0.45
0.40
0.36
0.51
0.50
0.48
0.50
0.46
0.51
0.44
0.47
0.39
0.38
0.38
0.38
0.35
0.35
0.35
0.35
0.51
0.50
0.50
0.51
CorWatt	PkgWatt
18.16	132.49
0.55	132.49
0.48
0.46
4.26
0.59
0.49
0.49
0.50
0.38
0.45
0.38
0.36
0.50
0.51
0.48
0.50
0.44
0.49
0.44
0.46
0.39
0.38
0.38
0.38
0.35
0.35
0.35
0.35
0.50
0.50
0.50
0.54
CorWatt	PkgWatt
18.75	132.83
0.57	132.83
0.52
0.49
4.26
0.58
0.52
0.51
0.50
0.39
0.47
0.40
0.39
0.52
0.51
0.50
0.51
0.45
0.50
0.46
0.47
0.41
0.42
0.41
0.41
0.36
0.37
0.38
0.38
0.52
0.52
0.52
0.53
CorWatt	PkgWatt
18.15	132.59
0.53	132.59
0.48
0.46
4.26
0.59
0.49
0.49
0.48
0.38
0.44
0.38
0.37
0.50
0.50
0.48
0.50
0.44
0.49
0.44
0.45
0.40
0.38
0.38
0.38
0.35
0.36
0.35
0.35
0.50
0.53
0.51
0.50
CorWatt	PkgWatt
18.24	132.51
0.54	132.51
0.50
0.46
4.26
0.60
0.50
0.49
0.49
0.39
0.46
0.40
0.39
0.50
0.50
0.48
0.50
0.44
0.49
0.44
0.45
0.39
0.40
0.38
0.38
0.35
0.35
0.36
0.35
0.51
0.49
0.50
0.52
CorWatt	PkgWatt
18.12	132.41
0.54	132.41
0.49
0.45
4.26
0.60
0.49
0.49
0.49
0.37
0.45
0.39
0.37
0.50
0.50
0.48
0.50
0.44
0.48
0.44
0.45
0.39
0.38
0.38
0.38
0.35
0.35
0.35
0.35
0.51
0.49
0.50
0.50
CorWatt	PkgWatt
18.57	132.88
0.53	132.89
0.51
0.47
4.26
0.61
0.50
0.52
0.51
0.39
0.46
0.41
0.37
0.51
0.50
0.50
0.51
0.45
0.49
0.45
0.47
0.42
0.42
0.40
0.41
0.35
0.35
0.36
0.37
0.52
0.50
0.50
0.52
CorWatt	PkgWatt
18.28	132.67
0.53	132.67
0.49
0.47
4.26
0.59
0.49
0.49
0.51
0.40
0.43
0.39
0.38
0.50
0.51
0.51
0.51
0.45
0.50
0.44
0.45
0.40
0.38
0.38
0.40
0.35
0.35
0.35
0.35
0.50
0.50
0.50
0.54
CorWatt	PkgWatt
18.42	132.80
0.54	132.80
0.49
0.45
4.26
0.59
0.52
0.49
0.50
0.40
0.43
0.44
0.37
0.50
0.51
0.49
0.51
0.44
0.48
0.46
0.46
0.41
0.40
0.38
0.38
0.36
0.35
0.35
0.37
0.51
0.51
0.50
0.57
CorWatt	PkgWatt
18.28	132.68
0.54	132.68
0.49
0.45
4.26
0.56
0.49
0.49
0.49
0.40
0.43
0.39
0.37
0.50
0.51
0.49
0.51
0.44
0.49
0.45
0.46
0.39
0.38
0.38
0.38
0.35
0.37
0.37
0.37
0.51
0.56
0.52
0.50
CorWatt	PkgWatt
18.44	132.97
0.53	132.97
0.50
0.45
4.27
0.61
0.51
0.52
0.50
0.39
0.43
0.39
0.37
0.51
0.50
0.49
0.51
0.46
0.51
0.48
0.48
0.40
0.38
0.38
0.38
0.37
0.35
0.36
0.36
0.51
0.51
0.51
0.52
CorWatt	PkgWatt
18.35	132.79
0.53	132.79
0.50
0.45
4.26
0.60
0.49
0.49
0.49
0.40
0.43
0.39
0.38
0.50
0.50
0.51
0.51
0.46
0.47
0.48
0.46
0.39
0.40
0.39
0.38
0.35
0.38
0.35
0.37
0.50
0.50
0.52
0.52
CorWatt	PkgWatt
18.29	132.67
0.55	132.66
0.49
0.46
4.26
0.60
0.49
0.49
0.51
0.41
0.43
0.39
0.37
0.50
0.50
0.49
0.51
0.45
0.46
0.47
0.46
0.40
0.40
0.38
0.38
0.35
0.35
0.36
0.35
0.51
0.51
0.50
0.53
CorWatt	PkgWatt
18.07	130.21
0.63	130.23
0.54
0.74
1.03
0.69
0.64
0.85
0.63
0.47
0.80
0.46
0.44
0.59
0.61
0.58
0.58
0.48
0.51
0.52
0.52
0.46
0.44
0.44
0.45
0.41
0.41
0.41
0.43
0.58
0.56
0.57
0.60
CorWatt	PkgWatt
16.21	128.19
0.53	128.17
0.45
0.58
0.44
0.73
0.75
0.79
1.21
0.42
0.45
0.40
0.40
0.51
0.52
0.49
0.51
0.46
0.49
0.50
0.50
0.39
0.38
0.38
0.38
0.38
0.36
0.36
0.35
0.51
0.52
0.50
0.53
CorWatt	PkgWatt
15.84	127.83
0.52	127.82
0.43
0.56
0.45
0.72
0.73
0.79
1.21
0.41
0.43
0.39
0.39
0.50
0.51
0.48
0.51
0.44
0.46
0.47
0.45
0.40
0.38
0.38
0.38
0.35
0.35
0.36
0.36
0.51
0.51
0.52
0.51
CorWatt	PkgWatt
15.85	127.84
0.53	127.84
0.43
0.58
0.44
0.72
0.74
1.00
0.97
0.40
0.44
0.39
0.39
0.50
0.51
0.50
0.51
0.44
0.46
0.49
0.46
0.39
0.38
0.38
0.38
0.36
0.36
0.36
0.36
0.51
0.50
0.50
0.52
CorWatt	PkgWatt
16.09	127.95
0.52	127.95
0.44
0.59
0.45
1.18
0.72
0.80
0.71
0.42
0.46
0.40
0.41
0.50
0.51
0.50
0.52
0.45
0.47
0.48
0.47
0.39
0.38
0.38
0.38
0.36
0.37
0.39
0.37
0.51
0.53
0.52
0.52
CorWatt	PkgWatt
16.37	128.24
0.54	128.24
0.45
0.55
0.43
1.35
0.72
0.91
0.71
0.37
0.44
0.44
0.38
0.51
0.51
0.49
0.51
0.45
0.47
0.48
0.48
0.40
0.38
0.40
0.40
0.36
0.37
0.38
0.36
0.52
0.53
0.51
0.54
CorWatt	PkgWatt
17.47	129.69
0.53	129.69
0.43
0.56
0.44
3.18
0.63
0.68
0.62
0.38
0.43
0.39
0.37
0.50
0.51
0.48
0.52
0.44
0.46
0.48
0.45
0.39
0.38
0.38
0.38
0.36
0.37
0.36
0.35
0.51
0.51
0.50
0.53
CorWatt	PkgWatt
17.65	129.97
0.53	129.97
0.43
0.58
0.45
0.67
0.64
3.16
0.61
0.39
0.44
0.42
0.38
0.52
0.53
0.54
0.52
0.44
0.46
0.47
0.46
0.40
0.38
0.38
0.38
0.35
0.35
0.36
0.35
0.52
0.52
0.50
0.52
CorWatt	PkgWatt
17.51	129.78
0.55	129.77
0.43
0.57
0.43
0.61
0.62
3.16
0.61
0.37
0.47
0.41
0.41
0.53
0.52
0.51
0.51
0.44
0.46
0.47
0.46
0.41
0.38
0.38
0.40
0.35
0.35
0.35
0.35
0.51
0.50
0.50
0.50
CorWatt	PkgWatt
17.82	130.03
0.56	130.02
0.46
0.58
0.46
0.63
0.64
3.15
0.63
0.40
0.46
0.42
0.40
0.51
0.52
0.50
0.52
0.45
0.47
0.48
0.47
0.39
0.39
0.40
0.40
0.35
0.36
0.36
0.36
0.52
0.51
0.51
0.53
CorWatt	PkgWatt
17.43	129.76
0.55	129.76
0.44
0.58
0.45
0.61
0.64
3.18
0.60
0.37
0.45
0.40
0.39
0.50
0.53
0.49
0.51
0.44
0.46
0.47
0.45
0.39
0.38
0.38
0.38
0.35
0.35
0.35
0.35
0.51
0.50
0.51
0.50
CorWatt	PkgWatt
17.62	129.95
0.56	129.95
0.43
0.58
0.45
0.61
0.63
3.16
0.60
0.40
0.47
0.43
0.39
0.54
0.54
0.49
0.52
0.44
0.46
0.48
0.46
0.39
0.38
0.38
0.38
0.35
0.35
0.37
0.36
0.51
0.50
0.50
0.52
CorWatt	PkgWatt
17.50	129.84
0.57	129.84
0.43
0.52
0.45
1.05
0.63
2.81
0.61
0.38
0.44
0.40
0.38
0.50
0.51
0.49
0.51
0.44
0.46
0.48
0.48
0.40
0.38
0.38
0.38
0.36
0.35
0.35
0.35
0.51
0.51
0.50
0.52
CorWatt	PkgWatt
17.58	129.78
0.62	129.78
0.43
0.45
0.43
0.62
0.64
3.16
0.64
0.39
0.45
0.42
0.40
0.50
0.52
0.50
0.52
0.45
0.46
0.49
0.47
0.41
0.40
0.38
0.38
0.35
0.35
0.35
0.35
0.51
0.50
0.50
0.52
CorWatt	PkgWatt
17.32	129.62
0.60	129.62
0.43
0.45
0.43
0.61
0.62
3.18
0.62
0.38
0.45
0.39
0.38
0.50
0.50
0.49
0.50
0.44
0.47
0.48
0.47
0.39
0.38
0.38
0.38
0.35
0.35
0.35
0.35
0.51
0.50
0.50
0.50
CorWatt	PkgWatt
18.42	130.68
0.64	130.71
0.46
0.50
0.49
0.66
0.66
3.15
0.65
0.41
0.47
0.46
0.40
0.50
0.54
0.52
0.54
0.47
0.49
0.50
0.50
0.40
0.41
0.38
0.38
0.41
0.40
0.42
0.37
0.55
0.56
0.57
0.55
CorWatt	PkgWatt
17.38	129.65
0.61	129.63
0.44
0.47
0.44
0.61
0.62
3.16
0.63
0.38
0.45
0.37
0.38
0.50
0.51
0.48
0.50
0.44
0.46
0.47
0.46
0.39
0.40
0.40
0.38
0.35
0.35
0.35
0.35
0.51
0.50
0.50
0.50
CorWatt	PkgWatt
17.08	129.18
0.62	129.18
0.45
0.47
0.45
0.59
0.61
2.44
0.61
0.38
0.52
0.40
0.38
0.53
0.54
0.52
0.51
0.46
0.49
0.48
0.50
0.40
0.39
0.38
0.38
0.36
0.36
0.36
0.35
0.54
0.54
0.50
0.54
CorWatt	PkgWatt
17.94	129.88
0.59	129.90
0.50
0.57
0.77
0.72
1.18
0.76
0.72
0.45
0.73
0.44
0.44
0.58
0.59
0.56
0.58
0.49
0.51
0.53
0.53
0.45
0.45
0.44
0.44
0.41
0.42
0.41
0.42
0.57
0.56
0.55
0.59
CorWatt	PkgWatt
16.36	128.09
0.53	128.08
0.45
0.52
0.55
0.73
1.13
0.94
0.72
0.39
0.47
0.39
0.40
0.51
0.51
0.49
0.52
0.45
0.48
0.48
0.48
0.40
0.41
0.41
0.40
0.36
0.38
0.38
0.37
0.53
0.54
0.52
0.53
CorWatt	PkgWatt
15.87	127.86
0.50	127.85
0.42
0.47
0.54
0.73
1.29
0.80
0.71
0.39
0.45
0.38
0.38
0.50
0.51
0.48
0.51
0.44
0.47
0.48
0.45
0.40
0.38
0.38
0.38
0.35
0.35
0.36
0.35
0.51
0.51
0.51
0.51
CorWatt	PkgWatt
16.14	128.18
0.52	128.19
0.45
0.53
0.55
0.73
1.32
0.75
0.72
0.39
0.47
0.40
0.40
0.50
0.50
0.49
0.52
0.44
0.47
0.49
0.46
0.40
0.41
0.38
0.38
0.35
0.35
0.36
0.35
0.52
0.50
0.50
0.52
CorWatt	PkgWatt
15.86	127.76
0.51	127.75
0.42
0.47
0.54
0.73
1.32
0.74
0.71
0.39
0.45
0.37
0.37
0.50
0.51
0.48
0.51
0.44
0.47
0.48
0.45
0.39
0.38
0.38
0.38
0.35
0.35
0.36
0.35
0.51
0.54
0.51
0.50
CorWatt	PkgWatt
17.13	129.50
0.54	129.50
0.43
0.53
0.53
0.56
2.96
0.58
0.54
0.39
0.45
0.40
0.37
0.50
0.50
0.51
0.51
0.44
0.46
0.48
0.46
0.40
0.40
0.39
0.40
0.35
0.35
0.35
0.35
0.51
0.50
0.50
0.52
CorWatt	PkgWatt
17.39	129.89
0.53	129.88
0.43
0.49
0.55
0.49
3.39
0.53
0.51
0.39
0.43
0.39
0.38
0.50
0.52
0.50
0.51
0.46
0.48
0.47
0.45
0.40
0.38
0.38
0.40
0.35
0.35
0.36
0.35
0.51
0.50
0.50
0.54
CorWatt	PkgWatt
17.60	130.20
0.55	130.20
0.43
0.49
0.53
0.50
3.38
0.54
0.50
0.40
0.43
0.43
0.39
0.50
0.50
0.49
0.51
0.44
0.47
0.50
0.47
0.41
0.40
0.38
0.39
0.37
0.37
0.38
0.37
0.53
0.52
0.52
0.53
CorWatt	PkgWatt
17.22	129.82
0.53	129.82
0.43
0.49
0.52
0.49
3.38
0.52
0.49
0.39
0.42
0.38
0.38
0.50
0.50
0.48
0.50
0.44
0.46
0.48
0.45
0.39
0.38
0.38
0.38
0.35
0.36
0.36
0.35
0.51
0.50
0.50
0.50
CorWatt	PkgWatt
17.37	129.79
0.54	129.79
0.43
0.48
0.53
0.52
3.38
0.54
0.49
0.39
0.42
0.37
0.38
0.50
0.52
0.49
0.51
0.45
0.48
0.48
0.47
0.39
0.38
0.38
0.38
0.36
0.35
0.36
0.35
0.51
0.51
0.50
0.55
CorWatt	PkgWatt
17.35	129.90
0.53	129.90
0.43
0.47
0.53
0.49
3.39
0.53
0.49
0.39
0.42
0.37
0.38
0.50
0.50
0.51
0.50
0.45
0.46
0.47
0.45
0.38
0.40
0.39
0.38
0.35
0.37
0.35
0.37
0.51
0.53
0.51
0.53
CorWatt	PkgWatt
17.42	130.10
0.55	130.09
0.44
0.51
0.53
0.50
3.38
0.53
0.49
0.40
0.42
0.38
0.38
0.50
0.50
0.49
0.51
0.46
0.48
0.48
0.46
0.39
0.39
0.38
0.38
0.36
0.35
0.36
0.35
0.51
0.51
0.50
0.52
CorWatt	PkgWatt
17.27	129.79
0.55	129.79
0.43
0.48
0.53
0.49
3.39
0.52
0.49
0.40
0.42
0.38
0.38
0.50
0.50
0.49
0.50
0.44
0.46
0.48
0.46
0.39
0.38
0.38
0.38
0.35
0.35
0.36
0.35
0.51
0.50
0.51
0.53
CorWatt	PkgWatt
17.37	129.94
0.54	129.94
0.44
0.50
0.54
0.50
3.39
0.53
0.49
0.39
0.42
0.37
0.38
0.50
0.50
0.48
0.50
0.45
0.48
0.49
0.48
0.39
0.39
0.39
0.38
0.36
0.35
0.35
0.35
0.51
0.51
0.50
0.51
CorWatt	PkgWatt
17.20	129.89
0.55	129.88
0.43
0.45
0.54
0.49
3.39
0.51
0.49
0.39
0.42
0.38
0.38
0.50
0.51
0.49
0.51
0.44
0.46
0.47
0.45
0.40
0.38
0.38
0.38
0.36
0.36
0.36
0.35
0.51
0.50
0.50
0.50
CorWatt	PkgWatt
17.44	129.91
0.55	129.91
0.43
0.46
0.53
0.50
3.38
0.53
0.50
0.40
0.43
0.38
0.38
0.50
0.51
0.50
0.51
0.44
0.47
0.49
0.47
0.40
0.38
0.38
0.38
0.37
0.37
0.37
0.36
0.51
0.51
0.51
0.54
CorWatt	PkgWatt
17.57	130.18
0.53	130.18
0.45
0.51
0.54
0.49
3.38
0.54
0.49
0.39
0.45
0.38
0.39
0.50
0.50
0.50
0.50
0.46
0.48
0.47
0.47
0.39
0.38
0.38
0.38
0.38
0.36
0.39
0.37
0.52
0.56
0.51
0.52
CorWatt	PkgWatt
18.33	130.21
0.60	130.22
0.52
0.55
0.60
0.56
1.37
0.59
0.57
0.63
0.83
0.49
0.45
0.70
0.62
0.63
0.75
0.49
0.50
0.53
0.53
0.46
0.43
0.45
0.45
0.42
0.43
0.44
0.41
0.59
0.57
0.55
0.60
CorWatt	PkgWatt
16.71	128.62
0.50	128.61
0.47
0.45
0.43
0.49
0.52
0.51
0.50
0.51
0.46
0.39
0.39
1.47
0.94
0.85
0.92
0.45
0.47
0.47
0.45
0.39
0.38
0.38
0.38
0.36
0.38
0.36
0.35
0.52
0.52
0.51
0.53
CorWatt	PkgWatt
16.90	128.64
0.51	128.65
0.50
0.46
0.46
0.49
0.50
0.50
0.48
0.52
0.47
0.42
0.42
1.42
1.03
0.89
0.92
0.44
0.47
0.49
0.46
0.40
0.38
0.38
0.38
0.36
0.37
0.37
0.35
0.52
0.52
0.51
0.52
CorWatt	PkgWatt
16.64	128.42
0.51	128.42
0.48
0.45
0.44
0.48
0.50
0.50
0.48
0.51
0.49
0.40
0.42
0.87
1.56
0.86
0.91
0.44
0.46
0.47
0.45
0.40
0.38
0.38
0.39
0.35
0.35
0.35
0.35
0.51
0.51
0.50
0.50
CorWatt	PkgWatt
17.16	128.94
0.56	128.95
0.54
0.49
0.48
0.53
0.49
0.53
0.48
0.53
0.49
0.40
0.39
0.85
1.54
0.85
0.93
0.45
0.47
0.51
0.45
0.42
0.42
0.41
0.38
0.35
0.35
0.36
0.35
0.55
0.51
0.50
0.59
CorWatt	PkgWatt
16.87	128.50
0.54	128.49
0.49
0.46
0.46
0.49
0.50
0.50
0.49
0.52
0.47
0.39
0.39
0.88
1.54
0.86
0.92
0.45
0.47
0.49
0.46
0.40
0.39
0.40
0.39
0.36
0.36
0.36
0.36
0.52
0.53
0.51
0.52
CorWatt	PkgWatt
17.30	128.97
0.52	128.97
0.48
0.47
0.45
0.49
0.50
0.49
0.48
0.50
0.50
0.43
0.41
0.95
1.77
0.92
0.98
0.44
0.47
0.48
0.46
0.38
0.38
0.40
0.38
0.35
0.36
0.40
0.38
0.52
0.51
0.51
0.52
CorWatt	PkgWatt
19.69	131.17
0.52	131.17
0.47
0.46
0.44
0.48
0.49
0.49
0.48
0.49
0.46
0.38
0.40
1.36
1.99
2.53
1.37
0.44
0.47
0.47
0.48
0.38
0.38
0.39
0.38
0.35
0.36
0.36
0.35
0.51
0.51
0.51
0.53
CorWatt	PkgWatt
19.64	131.07
0.53	131.07
0.46
0.44
0.43
0.49
0.48
0.49
0.47
0.50
0.46
0.41
0.41
1.36
1.54
2.96
1.37
0.44
0.46
0.48
0.45
0.39
0.38
0.39
0.38
0.35
0.35
0.37
0.35
0.51
0.51
0.50
0.52
CorWatt	PkgWatt
19.59	131.11
0.52	131.11
0.47
0.44
0.42
0.48
0.48
0.49
0.47
0.51
0.45
0.39
0.39
1.36
3.16
1.35
1.38
0.44
0.47
0.47
0.45
0.38
0.38
0.38
0.38
0.36
0.36
0.37
0.35
0.51
0.52
0.50
0.51
CorWatt	PkgWatt
20.11	131.64
0.53	131.65
0.49
0.46
0.45
0.51
0.49
0.51
0.48
0.51
0.44
0.46
0.41
1.36
2.14
2.36
1.37
0.45
0.47
0.49
0.46
0.39
0.39
0.39
0.38
0.38
0.39
0.40
0.36
0.54
0.55
0.55
0.54
CorWatt	PkgWatt
19.68	131.16
0.51	131.16
0.47
0.47
0.43
0.48
0.48
0.49
0.48
0.50
0.44
0.39
0.39
1.36
3.17
1.35
1.38
0.44
0.46
0.47
0.47
0.39
0.39
0.39
0.38
0.35
0.36
0.36
0.35
0.52
0.51
0.51
0.51
CorWatt	PkgWatt
19.74	131.30
0.53	131.30
0.47
0.46
0.43
0.48
0.48
0.49
0.48
0.51
0.44
0.42
0.39
1.36
3.16
1.35
1.38
0.46
0.47
0.47
0.47
0.38
0.40
0.40
0.38
0.35
0.35
0.37
0.35
0.52
0.52
0.50
0.52
CorWatt	PkgWatt
19.73	131.27
0.54	131.27
0.48
0.46
0.45
0.48
0.48
0.50
0.50
0.51
0.44
0.40
0.39
1.36
3.16
1.35
1.38
0.44
0.46
0.47
0.45
0.38
0.38
0.38
0.38
0.35
0.36
0.36
0.35
0.52
0.51
0.50
0.53
CorWatt	PkgWatt
19.99	131.57
0.53	131.57
0.49
0.47
0.43
0.49
0.51
0.51
0.49
0.49
0.46
0.40
0.40
1.36
3.15
1.35
1.38
0.45
0.47
0.48
0.47
0.38
0.40
0.41
0.40
0.37
0.38
0.39
0.38
0.53
0.54
0.52
0.53
CorWatt	PkgWatt
19.68	131.18
0.52	131.17
0.45
0.49
0.43
0.48
0.48
0.49
0.48
0.51
0.44
0.39
0.39
1.36
3.16
1.35
1.38
0.44
0.46
0.48
0.45
0.38
0.38
0.39
0.38
0.35
0.36
0.37
0.36
0.52
0.52
0.52
0.51
CorWatt	PkgWatt
19.75	131.18
0.53	131.18
0.44
0.49
0.44
0.48
0.48
0.49
0.48
0.51
0.47
0.41
0.40
1.36
3.18
1.35
1.38
0.44
0.46
0.48
0.45
0.38
0.39
0.39
0.38
0.35
0.35
0.36
0.35
0.52
0.52
0.51
0.53
CorWatt	PkgWatt
18.90	130.53
0.52	130.53
0.42
0.47
0.43
0.48
0.49
0.50
0.48
0.50
0.43
0.38
0.39
1.23
2.79
1.22
1.26
0.44
0.46
0.48
0.45
0.38
0.39
0.40
0.39
0.35
0.38
0.36
0.35
0.51
0.51
0.53
0.53
CorWatt	PkgWatt
19.88	134.25
0.58	134.27
0.53
0.54
0.51
0.54
0.54
0.56
0.57
0.51
0.52
0.52
0.46
0.60
0.61
0.59
0.64
0.50
0.55
1.06
0.53
0.51
0.50
2.94
0.51
0.42
0.42
0.42
0.41
0.59
0.56
0.56
0.58
CorWatt	PkgWatt
19.87	138.43
0.52	138.41
0.46
0.44
0.46
0.48
0.48
0.48
0.49
0.39
0.45
0.41
0.38
0.50
0.51
0.51
0.56
0.46
0.51
0.55
0.46
0.40
0.39
5.72
0.42
0.36
0.36
0.35
0.35
0.51
0.50
0.50
0.52
CorWatt	PkgWatt
20.05	138.61
0.53	138.61
0.47
0.44
0.42
0.48
0.50
0.50
0.50
0.38
0.43
0.46
0.39
0.50
0.51
0.48
0.56
0.44
0.49
0.57
0.46
0.41
0.41
5.72
0.41
0.35
0.36
0.38
0.37
0.53
0.55
0.51
0.55
CorWatt	PkgWatt
19.74	138.47
0.52	138.47
0.46
0.44
0.43
0.47
0.49
0.47
0.48
0.38
0.42
0.40
0.40
0.50
0.51
0.48
0.55
0.44
0.48
0.56
0.46
0.39
0.40
5.73
0.40
0.35
0.36
0.37
0.35
0.53
0.51
0.50
0.50
CorWatt	PkgWatt
19.99	138.51
0.52	138.51
0.47
0.44
0.43
0.49
0.49
0.50
0.48
0.39
0.43
0.41
0.41
0.50
0.51
0.49
0.55
0.45
0.51
0.56
0.48
0.41
0.40
5.72
0.41
0.38
0.36
0.37
0.36
0.52
0.51
0.51
0.52
CorWatt	PkgWatt
19.85	138.60
0.52	138.60
0.47
0.44
0.42
0.47
0.49
0.47
0.47
0.38
0.42
0.41
0.40
0.51
0.51
0.51
0.52
0.45
0.50
0.55
0.46
0.39
0.42
5.72
0.42
0.35
0.37
0.36
0.36
0.51
0.51
0.52
0.53
CorWatt	PkgWatt
19.77	138.56
0.54	138.56
0.48
0.46
0.42
0.47
0.49
0.47
0.47
0.38
0.44
0.40
0.39
0.50
0.52
0.51
0.51
0.44
0.50
0.55
0.45
0.39
0.40
5.72
0.41
0.35
0.35
0.37
0.35
0.51
0.50
0.50
0.52
CorWatt	PkgWatt
19.99	138.72
0.53	138.72
0.47
0.45
0.43
0.48
0.50
0.48
0.48
0.40
0.43
0.41
0.40
0.51
0.52
0.50
0.52
0.45
0.49
0.56
0.47
0.41
0.41
5.73
0.41
0.36
0.40
0.37
0.36
0.52
0.52
0.52
0.52
CorWatt	PkgWatt
20.09	138.80
0.53	138.81
0.47
0.46
0.43
0.49
0.52
0.48
0.49
0.39
0.43
0.39
0.41
0.50
0.54
0.49
0.51
0.46
0.52
0.57
0.48
0.40
0.41
5.72
0.42
0.37
0.36
0.37
0.35
0.52
0.56
0.51
0.53
CorWatt	PkgWatt
19.77	138.74
0.53	138.73
0.46
0.45
0.42
0.48
0.49
0.47
0.48
0.39
0.43
0.39
0.40
0.50
0.52
0.50
0.50
0.44
0.49
0.55
0.46
0.41
0.40
5.72
0.41
0.36
0.37
0.36
0.36
0.51
0.52
0.52
0.50
CorWatt	PkgWatt
19.83	138.73
0.53	138.73
0.45
0.44
0.42
0.48
0.49
0.47
0.48
0.37
0.43
0.40
0.39
0.50
0.51
0.49
0.51
0.44
0.50
0.56
0.46
0.40
0.40
5.73
0.41
0.35
0.37
0.41
0.36
0.51
0.52
0.52
0.52
CorWatt	PkgWatt
20.06	138.72
0.53	138.72
0.47
0.45
0.44
0.48
0.50
0.49
0.48
0.38
0.45
0.40
0.40
0.50
0.51
0.50
0.51
0.46
0.50
0.56
0.47
0.40
0.40
5.73
0.42
0.38
0.37
0.41
0.36
0.52
0.54
0.53
0.53
CorWatt	PkgWatt
20.08	138.98
0.51	138.98
0.47
0.45
0.43
0.48
0.50
0.48
0.49
0.38
0.45
0.45
0.39
0.51
0.53
0.50
0.52
0.45
0.48
0.54
0.46
0.41
0.40
5.73
0.42
0.37
0.39
0.40
0.37
0.52
0.53
0.51
0.56
CorWatt	PkgWatt
20.11	138.93
0.52	138.93
0.45
0.44
0.44
0.50
0.51
0.50
0.51
0.38
0.43
0.40
0.39
0.50
0.52
0.50
0.53
0.45
0.49
0.57
0.46
0.40
0.42
5.73
0.42
0.36
0.44
0.39
0.36
0.52
0.53
0.51
0.53
CorWatt	PkgWatt
20.35	138.99
0.56	139.01
0.44
0.47
0.45
0.48
0.49
0.50
0.47
0.41
0.46
0.43
0.42
0.52
0.53
0.55
0.53
0.44
0.51
0.60
0.49
0.44
0.40
5.73
0.41
0.35
0.35
0.39
0.37
0.55
0.53
0.53
0.55
CorWatt	PkgWatt
19.88	138.73
0.54	138.72
0.43
0.44
0.42
0.48
0.49
0.48
0.47
0.38
0.45
0.40
0.41
0.50
0.52
0.51
0.52
0.44
0.49
0.57
0.46
0.42
0.40
5.73
0.43
0.35
0.36
0.37
0.35
0.51
0.51
0.52
0.54
CorWatt	PkgWatt
20.10	139.18
0.54	139.18
0.49
0.45
0.45
0.49
0.49
0.48
0.48
0.38
0.43
0.40
0.39
0.50
0.52
0.50
0.53
0.46
0.58
0.48
0.46
0.40
0.40
5.73
0.42
0.38
0.38
0.39
0.39
0.53
0.54
0.52
0.52
CorWatt	PkgWatt
19.63	134.54
0.72	134.54
0.55
0.52
0.51
0.56
0.60
0.55
0.88
0.47
0.52
0.46
0.46
0.57
0.58
0.58
0.58
0.52
0.66
0.55
0.55
0.49
0.47
2.70
0.49
0.45
0.43
0.44
0.41
0.60
0.57
0.58
0.60
CorWatt	PkgWatt
17.86	130.77
0.62	130.76
0.50
0.47
0.46
0.54
3.28
0.56
0.52
0.40
0.47
0.41
0.40
0.54
0.54
0.50
0.52
0.46
0.51
0.48
0.50
0.40
0.40
0.43
0.40
0.36
0.36
0.38
0.37
0.52
0.51
0.52
0.53
CorWatt	PkgWatt
17.42	130.17
0.59	130.16
0.50
0.47
0.46
0.51
3.21
0.54
0.51
0.40
0.43
0.37
0.39
0.50
0.52
0.50
0.52
0.45
0.50
0.48
0.50
0.40
0.39
0.40
0.39
0.35
0.36
0.36
0.35
0.51
0.51
0.52
0.53
CorWatt	PkgWatt
17.61	130.32
0.59	130.32
0.50
0.46
0.44
0.52
3.19
0.55
0.52
0.41
0.44
0.39
0.41
0.50
0.52
0.52
0.53
0.46
0.51
0.50
0.50
0.41
0.40
0.41
0.40
0.36
0.36
0.37
0.35
0.52
0.51
0.53
0.54
CorWatt	PkgWatt
17.36	130.16
0.58	130.16
0.47
0.45
0.44
0.51
3.20
0.54
0.51
0.39
0.43
0.39
0.40
0.50
0.52
0.50
0.52
0.46
0.51
0.45
0.49
0.40
0.39
0.39
0.39
0.37
0.36
0.37
0.36
0.51
0.52
0.52
0.53
CorWatt	PkgWatt
17.81	130.61
0.59	130.62
0.51
0.47
0.46
0.53
3.21
0.55
0.50
0.40
0.43
0.44
0.39
0.51
0.54
0.51
0.52
0.46
0.51
0.45
0.49
0.40
0.39
0.40
0.39
0.40
0.38
0.38
0.35
0.56
0.55
0.59
0.55
CorWatt	PkgWatt
17.33	130.21
0.59	130.21
0.49
0.47
0.45
0.51
3.19
0.54
0.50
0.40
0.43
0.37
0.39
0.50
0.52
0.50
0.53
0.45
0.49
0.45
0.48
0.40
0.40
0.41
0.39
0.35
0.36
0.36
0.35
0.52
0.51
0.52
0.51
CorWatt	PkgWatt
17.53	130.25
0.59	130.25
0.51
0.47
0.44
0.52
3.19
0.54
0.51
0.39
0.43
0.39
0.39
0.51
0.52
0.51
0.52
0.48
0.51
0.46
0.52
0.40
0.41
0.40
0.40
0.35
0.36
0.37
0.35
0.53
0.51
0.53
0.52
CorWatt	PkgWatt
17.36	130.27
0.60	130.27
0.50
0.48
0.46
0.51
3.21
0.55
0.52
0.39
0.42
0.37
0.39
0.50
0.52
0.50
0.51
0.45
0.49
0.46
0.49
0.40
0.39
0.38
0.39
0.35
0.36
0.36
0.35
0.51
0.51
0.52
0.54
CorWatt	PkgWatt
17.50	130.22
0.59	130.23
0.51
0.49
0.44
0.51
3.20
0.55
0.52
0.38
0.42
0.38
0.39
0.50
0.52
0.50
0.52
0.46
0.50
0.45
0.50
0.39
0.41
0.42
0.40
0.35
0.37
0.38
0.37
0.52
0.53
0.53
0.52
CorWatt	PkgWatt
17.42	130.20
0.60	130.20
0.51
0.46
0.45
0.51
3.19
0.54
0.52
0.39
0.43
0.37
0.39
0.50
0.54
0.50
0.52
0.45
0.50
0.45
0.50
0.40
0.39
0.39
0.39
0.35
0.36
0.36
0.35
0.52
0.55
0.52
0.54
CorWatt	PkgWatt
17.61	130.26
0.60	130.26
0.51
0.48
0.45
0.53
3.20
0.54
0.52
0.40
0.45
0.41
0.40
0.50
0.52
0.51
0.53
0.45
0.50
0.46
0.50
0.39
0.42
0.40
0.39
0.37
0.36
0.38
0.35
0.52
0.52
0.52
0.52
CorWatt	PkgWatt
17.36	130.29
0.59	130.29
0.45
0.50
0.44
0.52
3.20
0.56
0.52
0.40
0.43
0.37
0.39
0.51
0.52
0.50
0.51
0.45
0.48
0.45
0.49
0.41
0.40
0.40
0.39
0.35
0.36
0.37
0.35
0.52
0.52
0.51
0.51
CorWatt	PkgWatt
17.45	130.25
0.59	130.26
0.45
0.50
0.44
0.53
3.21
0.55
0.53
0.38
0.43
0.39
0.38
0.50
0.52
0.51
0.52
0.45
0.49
0.47
0.50
0.41
0.40
0.40
0.41
0.35
0.35
0.36
0.35
0.52
0.51
0.53
0.52
CorWatt	PkgWatt
17.41	130.30
0.58	130.30
0.44
0.49
0.47
0.51
3.19
0.54
0.52
0.39
0.43
0.38
0.38
0.50
0.53
0.52
0.52
0.47
0.51
0.47
0.46
0.41
0.38
0.38
0.41
0.35
0.36
0.36
0.36
0.51
0.51
0.53
0.53
CorWatt	PkgWatt
17.65	130.45
0.58	130.46
0.46
0.50
0.44
0.52
3.19
0.56
0.53
0.40
0.43
0.43
0.40
0.51
0.53
0.50
0.52
0.46
0.49
0.49
0.47
0.41
0.40
0.39
0.39
0.37
0.38
0.40
0.38
0.54
0.53
0.53
0.53
CorWatt	PkgWatt
17.29	130.28
0.58	130.28
0.45
0.50
0.45
0.51
3.19
0.54
0.51
0.40
0.43
0.38
0.39
0.50
0.53
0.50
0.52
0.44
0.49
0.47
0.47
0.40
0.38
0.38
0.39
0.35
0.36
0.37
0.35
0.51
0.51
0.53
0.51
CorWatt	PkgWatt
17.39	130.22
0.59	130.23
0.50
0.45
0.44
0.54
3.19
0.56
0.51
0.39
0.42
0.38
0.38
0.50
0.52
0.50
0.51
0.45
0.51
0.47
0.50
0.39
0.38
0.40
0.39
0.37
0.35
0.37
0.35
0.51
0.51
0.54
0.52
CorWatt	PkgWatt
18.08	130.09
0.62	130.10
0.58
0.75
0.53
0.66
0.77
0.68
1.02
0.46
0.81
0.44
0.45
0.59
0.61
0.61
0.59
0.52
0.54
0.52
0.51
0.45
0.46
0.47
0.46
0.42
0.42
0.41
0.41
0.58
0.56
0.60
0.58
CorWatt	PkgWatt
16.46	128.74
0.54	128.73
0.50
0.57
0.45
0.76
0.82
0.76
1.34
0.40
0.44
0.39
0.40
0.51
0.52
0.50
0.52
0.46
0.51
0.47
0.47
0.40
0.38
0.40
0.39
0.36
0.36
0.37
0.35
0.52
0.53
0.53
0.53
CorWatt	PkgWatt
16.32	128.62
0.51	128.62
0.44
0.56
0.49
0.76
0.80
0.76
1.35
0.40
0.43
0.38
0.41
0.51
0.52
0.50
0.51
0.45
0.49
0.48
0.46
0.40
0.38
0.39
0.39
0.36
0.38
0.36
0.35
0.51
0.55
0.53
0.51
CorWatt	PkgWatt
16.61	128.71
0.51	128.71
0.45
0.60
0.50
0.77
0.82
0.76
1.37
0.39
0.43
0.40
0.39
0.52
0.54
0.51
0.52
0.46
0.52
0.49
0.49
0.40
0.39
0.40
0.39
0.38
0.35
0.37
0.36
0.52
0.53
0.54
0.53
CorWatt	PkgWatt
16.30	128.48
0.51	128.48
0.44
0.57
0.48
0.76
0.80
0.76
1.38
0.39
0.42
0.37
0.40
0.50
0.53
0.52
0.52
0.45
0.50
0.47
0.47
0.39
0.38
0.39
0.38
0.36
0.38
0.36
0.36
0.51
0.51
0.54
0.51
CorWatt	PkgWatt
16.89	129.07
0.52	129.07
0.44
0.56
0.48
0.84
0.88
0.83
1.65
0.39
0.43
0.37
0.38
0.51
0.52
0.50
0.52
0.45
0.52
0.48
0.48
0.39
0.38
0.39
0.39
0.36
0.37
0.38
0.37
0.52
0.52
0.54
0.52
CorWatt	PkgWatt
19.61	131.47
0.54	131.48
0.46
0.57
0.48
1.20
1.19
1.18
3.17
0.39
0.43
0.38
0.40
0.50
0.52
0.50
0.52
0.46
0.51
0.48
0.50
0.41
0.39
0.41
0.41
0.39
0.36
0.39
0.37
0.52
0.53
0.52
0.52
CorWatt	PkgWatt
19.58	131.47
0.53	131.47
0.44
0.57
0.49
1.23
1.24
1.23
3.17
0.40
0.42
0.42
0.38
0.51
0.52
0.50
0.52
0.45
0.49
0.48
0.48
0.40
0.39
0.40
0.39
0.39
0.37
0.36
0.35
0.52
0.53
0.50
0.53
CorWatt	PkgWatt
19.57	131.49
0.52	131.49
0.44
0.57
0.53
1.24
1.24
1.23
3.17
0.39
0.43
0.38
0.38
0.50
0.52
0.50
0.54
0.45
0.49
0.48
0.48
0.40
0.40
0.39
0.39
0.38
0.38
0.36
0.35
0.51
0.52
0.50
0.51
CorWatt	PkgWatt
19.72	131.77
0.54	131.78
0.45
0.58
0.48
3.17
1.24
1.23
1.23
0.41
0.43
0.40
0.39
0.53
0.54
0.54
0.53
0.45
0.49
0.48
0.49
0.40
0.39
0.41
0.39
0.36
0.36
0.37
0.35
0.53
0.53
0.50
0.51
CorWatt	PkgWatt
19.56	131.51
0.53	131.51
0.46
0.56
0.47
3.17
1.24
1.23
1.23
0.41
0.46
0.39
0.41
0.50
0.52
0.51
0.52
0.45
0.49
0.48
0.48
0.42
0.39
0.38
0.41
0.35
0.35
0.36
0.35
0.52
0.51
0.50
0.50
CorWatt	PkgWatt
19.56	131.40
0.56	131.40
0.51
0.56
0.47
3.18
1.20
1.19
1.19
0.38
0.43
0.38
0.42
0.50
0.52
0.50
0.52
0.45
0.51
0.48
0.48
0.39
0.39
0.41
0.40
0.40
0.35
0.36
0.36
0.53
0.52
0.51
0.51
CorWatt	PkgWatt
19.57	131.46
0.54	131.45
0.50
0.56
0.46
3.15
1.25
1.24
1.25
0.40
0.43
0.37
0.38
0.52
0.53
0.50
0.53
0.45
0.49
0.48
0.48
0.40
0.39
0.39
0.39
0.36
0.35
0.36
0.35
0.51
0.51
0.51
0.51
CorWatt	PkgWatt
19.87	131.89
0.55	131.90
0.50
0.60
0.47
1.24
2.02
1.23
2.39
0.40
0.46
0.41
0.41
0.54
0.54
0.50
0.52
0.45
0.50
0.48
0.48
0.39
0.39
0.40
0.39
0.40
0.36
0.38
0.37
0.52
0.51
0.50
0.53
CorWatt	PkgWatt
19.51	131.46
0.54	131.45
0.45
0.59
0.47
1.24
2.21
1.23
2.19
0.39
0.43
0.37
0.38
0.50
0.51
0.50
0.52
0.45
0.50
0.48
0.51
0.40
0.39
0.40
0.39
0.38
0.35
0.36
0.35
0.51
0.51
0.50
0.51
CorWatt	PkgWatt
19.50	131.37
0.53	131.37
0.44
0.59
0.44
1.23
1.99
1.23
2.42
0.39
0.42
0.39
0.40
0.50
0.51
0.51
0.52
0.45
0.50
0.48
0.50
0.41
0.39
0.40
0.39
0.35
0.35
0.36
0.35
0.52
0.51
0.51
0.51
CorWatt	PkgWatt
19.34	131.46
0.52	131.45
0.44
0.59
0.44
1.20
1.22
1.20
3.17
0.40
0.43
0.38
0.38
0.50
0.52
0.50
0.52
0.45
0.50
0.46
0.49
0.40
0.39
0.39
0.39
0.35
0.35
0.36
0.36
0.51
0.51
0.52
0.50
CorWatt	PkgWatt
19.72	130.92
0.61	131.39
0.48
0.64
0.50
0.98
0.99
0.93
2.01
0.47
0.51
0.53
0.45
0.56
0.57
0.58
0.57
0.58
0.57
0.55
0.56
0.50
0.46
0.47
0.48
0.47
0.43
0.42
0.44
0.64
0.62
0.60
0.57
