CorWatt	PkgWatt
14.29	126.25
0.48	126.24
0.43
0.46
0.43
0.47
0.50
0.52
0.52
0.37
0.44
0.37
0.37
0.49
0.50
0.51
0.50
0.47
0.47
0.45
0.47
0.41
0.41
0.42
0.39
0.36
0.35
0.37
0.36
0.50
0.50
0.49
0.51
CorWatt	PkgWatt
14.31	125.77
0.48	126.16
0.42
0.46
0.44
0.48
0.49
0.52
0.50
0.37
0.44
0.38
0.36
0.51
0.53
0.49
0.50
0.44
0.46
0.47
0.47
0.41
0.42
0.41
0.39
0.36
0.35
0.37
0.35
0.52
0.51
0.51
0.51
CorWatt	PkgWatt
72.24	186.78
2.86	186.29
2.28
2.49
2.29
2.39
2.39
2.39
2.44
2.20
2.21
2.26
2.16
2.42
2.35
2.33
2.35
2.26
2.24
2.06
2.17
2.20
2.23
2.02
2.03
2.11
2.10
2.01
1.92
2.34
2.36
2.19
2.13
