CorWatt	PkgWatt
29.49	202.46
0.26	101.88
0.19
0.19
0.47
0.20
0.19
0.21
1.27
0.19
0.19
0.18
0.94
0.17
0.17
0.16
0.20
0.23
0.23
0.24
3.48
0.21
0.19
0.19
0.18
0.17
0.17
0.17
0.18
0.25
0.22
0.22
4.07
0.20	100.85
0.19
0.20
1.17
0.18
0.18
0.19
0.18
0.18
0.16
0.16
0.17
0.20
0.21
0.20
3.54
0.20
0.19
1.48
0.20
0.21
2.46
0.21
0.21
0.18
0.18
0.17
0.17
0.26
0.18
0.17
0.18
CorWatt	PkgWatt
27.74	196.62
0.19	102.38
0.18
0.19
0.18
0.21
0.21
0.22
3.07
0.21
0.21
0.20
3.03
0.16
0.15
0.15
0.16
0.23
0.23
0.23
3.47
0.19
0.18
0.18
0.17
0.16
0.16
0.16
0.17
0.25
0.21
0.21
4.07
0.20	94.33
0.17
0.17
0.18
0.20
0.20
0.25
1.59
0.18
0.18
1.72
0.19
0.20
0.18
0.15
0.17
0.19
0.16
0.16
0.17
0.19
0.22
0.18
0.18
0.17
0.16
0.21
0.17
0.17
0.17
0.16
0.18
CorWatt	PkgWatt
34.26	205.39
0.35	109.20
0.23
0.25
2.52
1.39
0.22
0.21
0.90
0.22
1.99
0.19
0.29
1.92
0.19
0.19
0.49
0.25
0.26
0.25
3.50
0.24
0.27
0.23
0.23
0.53
0.19
0.19
1.14
0.26
0.21
0.22
4.08
0.45	95.64
0.35
0.29
0.30
0.31
0.35
0.32
0.27
0.53
0.31
0.33
0.38
0.33
0.23
0.43
0.34
0.33
0.23
0.37
0.27
0.51
0.27
0.28
0.30
0.33
0.29
0.32
0.33
0.25
0.34
0.30
0.31
CorWatt	PkgWatt
25.75	183.83
0.28	103.30
0.22
0.23
2.53
0.20
0.18
0.18
0.79
0.21
0.22
0.20
3.17
0.17
0.16
0.16
0.16
0.23
0.23
0.24
3.49
0.23
0.22
0.22
3.32
0.16
0.16
0.16
0.17
0.25
0.21
0.21
4.08
0.17	81.04
0.09
0.10
0.09
0.10
0.11
0.10
0.10
0.08
0.10
0.09
0.09
0.09
0.10
0.09
0.11
0.11
0.09
0.09
0.13
0.09
0.10
0.11
0.11
0.12
0.09
0.09
0.09
0.10
0.09
0.08
0.10
CorWatt	PkgWatt
26.29	212.39
0.23	116.92
0.18
0.19
0.20
0.18
0.18
0.18
0.19
0.21
0.21
0.20
3.32
0.20
0.20
0.20
3.32
0.23
0.23
0.25
3.47
0.23
0.22
0.22
3.32
0.16
0.16
0.16
0.16
0.25
0.21
0.21
4.07
0.12	95.14
0.12
0.11
0.10
0.10
0.15
0.10
0.10
0.11
0.09
0.09
0.09
0.09
0.08
0.10
0.11
0.09
0.09
0.09
0.11
0.13
0.11
0.11
0.15
0.12
0.09
0.09
0.10
0.10
0.11
0.11
0.11
CorWatt	PkgWatt
31.48	198.96
0.29	106.21
0.24
0.22
0.38
0.22
0.21
0.20
1.83
0.23
0.20
0.19
0.98
0.19
0.20
0.19
2.62
0.24
0.25
0.25
3.52
0.21
0.19
0.20
0.20
0.21
0.22
0.21
3.24
0.26
0.21
0.25
4.13
0.24	93.66
0.21
0.19
0.18
0.18
0.18
0.17
0.19
0.22
0.19
0.18
0.18
0.17
0.16
0.16
0.17
0.20
0.20
0.20
3.52
0.19
0.20
0.21
0.20
0.18
0.20
0.19
0.18
0.19
0.20
0.19
0.19
CorWatt	PkgWatt
31.11	188.96
0.27	98.52
0.21
0.20
0.51
0.21
0.21
0.20
1.67
0.20
0.23
0.22
1.41
0.18
0.19
0.20
1.91
0.24
0.24
0.25
3.49
0.22
0.19
0.20
0.21
0.92
0.19
0.18
0.32
0.25
0.21
0.22
4.08
0.96	90.10
0.20
0.18
0.17
0.16
0.17
0.16
0.16
0.14
0.16
0.14
0.14
0.16
0.16
0.15
0.16
0.20
0.21
0.20
5.78
0.16
0.16
0.16
0.17
0.15
0.15
0.15
0.16
0.15
0.15
0.16
0.15
CorWatt	PkgWatt
30.74	187.72
0.29	96.83
0.22
0.22
1.80
0.19
0.19
0.19
0.98
0.19
0.20
0.19
2.43
0.16
0.16
0.16
0.17
0.23
0.23
0.25
3.49
0.20
0.18
0.20
0.18
0.17
0.17
0.17
0.18
0.25
0.21
0.22
4.08
1.60	91.01
0.18
0.18
0.18
0.18
0.16
0.17
0.16
0.15
0.15
0.17
0.15
0.15
0.17
0.16
0.16
0.20
0.21
0.20
5.80
0.18
0.19
0.18
0.25
0.18
0.16
0.16
0.18
0.15
0.15
0.20
0.18
CorWatt	PkgWatt
28.36	185.25
0.20	96.22
0.20
0.19
0.21
0.20
0.22
0.20
1.90
0.17
0.17
0.19
0.18
0.20
0.20
0.20
3.36
0.22
0.21
0.20
1.03
0.20
0.19
0.23
0.19
0.19
0.20
0.21
1.65
0.23
0.21
0.23
4.10
0.17	89.05
0.16
0.15
0.15
0.15
0.19
0.16
0.15
0.14
0.14
0.17
0.17
0.19
0.17
0.15
0.15
0.20
0.21
0.19
5.73
0.16
0.16
0.18
0.18
0.15
0.15
0.15
0.17
0.15
0.15
0.19
0.20
CorWatt	PkgWatt
29.05	204.15
0.23	97.32
0.25
0.19
0.23
0.19
0.18
0.18
0.25
0.16
0.16
0.17
0.17
0.17
0.16
0.16
0.19
0.19
0.19
0.19
0.19
0.21
0.21
0.20
0.19
0.17
0.17
0.17
0.21
0.21
0.24
0.26
4.03
0.49	106.30
0.18
0.17
0.19
0.19
0.20
0.20
1.93
0.18
0.18
2.04
0.18
0.17
0.19
1.11
0.17
0.21
0.21
0.20
5.95
0.21
0.19
0.19
1.09
0.17
0.19
0.17
0.93
0.18
0.17
0.90
0.20
CorWatt	PkgWatt
25.99	186.97
0.19	95.33
0.18
0.18
0.18
0.22
0.22
0.22
3.78
0.19
0.20
0.19
1.67
0.15
0.15
0.15
0.16
0.20
0.18
0.19
0.19
0.19
0.17
0.17
0.17
0.16
0.16
0.16
0.16
0.21
0.21
0.25
4.03
0.19	91.13
0.16
0.16
0.16
0.19
0.17
0.16
0.21
0.15
0.16
0.16
0.17
0.16
0.15
0.15
0.22
0.20
0.21
0.20
5.72
0.18
0.17
0.16
0.18
0.17
0.16
0.16
0.18
0.17
0.16
0.17
0.18
CorWatt	PkgWatt
27.83	184.76
2.33	95.84
0.22
0.22
0.23
0.18
0.18
0.18
0.20
0.20
0.20
2.92
0.20
0.16
0.17
0.16
0.17
0.21
0.23
1.24
0.21
0.20
0.18
0.21
0.18
0.19
0.18
0.18
1.14
0.23
0.21
0.24
4.10
0.18	88.94
0.16
0.15
0.15
0.16
0.19
0.17
0.16
0.14
0.15
0.14
0.14
0.14
0.17
0.15
0.15
0.20
0.21
0.20
5.70
0.18
0.17
0.17
0.19
0.15
0.15
0.15
0.22
0.15
0.15
0.14
0.16
CorWatt	PkgWatt
27.14	187.74
0.26	95.93
2.07
0.21
0.21
0.19
1.74
0.19
0.20
0.20
0.20
3.81
0.20
0.17
0.18
0.16
0.49
0.20
0.20
0.20
0.18
0.20
0.20
0.18
0.18
0.17
0.16
0.16
0.17
0.19
0.20
0.23
2.12
0.24	91.70
0.22
0.20
0.18
0.18
0.18
0.20
0.18
0.19
0.17
0.19
0.18
0.15
0.20
0.16
0.16
0.20
0.20
0.19
5.75
0.23
0.20
0.19
0.19
0.18
0.17
0.22
0.21
0.18
0.19
0.18
0.22
