CorWatt	PkgWatt
4.43	154.18
0.09	77.48
0.08
0.08
0.08
0.08
0.08
0.08
0.08
0.08
0.08
0.07
0.07
0.07
0.07
0.07
0.07
0.08
0.08
0.08
0.08
0.09
0.08
0.09
0.09
0.08
0.08
0.08
0.08
0.07
0.07
0.07
0.07
0.07	76.69
0.07
0.07
0.07
0.07
0.06
0.06
0.06
0.05
0.05
0.05
0.05
0.05
0.05
0.05
0.05
0.06
0.06
0.06
0.06
0.07
0.07
0.07
0.07
0.06
0.06
0.06
0.06
0.06
0.06
0.05
0.06
CorWatt	PkgWatt
4.89	151.86
0.09	76.39
0.09
0.09
0.09
0.09
0.09
0.09
0.09
0.08
0.08
0.08
0.13
0.08
0.08
0.08
0.07
0.09
0.10
0.09
0.09
0.10
0.09
0.09
0.09
0.12
0.09
0.08
0.08
0.08
0.08
0.08
0.09
0.07	75.57
0.08
0.07
0.07
0.07
0.07
0.07
0.06
0.06
0.06
0.06
0.06
0.06
0.06
0.06
0.06
0.07
0.06
0.06
0.06
0.07
0.07
0.07
0.07
0.06
0.06
0.06
0.06
0.06
0.06
0.06
0.06
