CorWatt	PkgWatt
15.10	127.39
0.51	127.40
0.48
0.46
0.44
0.49
0.50
0.49
0.49
0.41
0.48
0.39
0.38
0.51
0.51
0.51
0.52
0.49
0.49
0.55
0.47
0.41
0.43
0.40
0.40
0.37
0.42
0.40
0.47
0.57
0.55
0.58
0.51
CorWatt	PkgWatt
15.08	126.69
0.51	127.34
0.48
0.48
0.46
0.50
0.50
0.50
0.49
0.41
0.47
0.42
0.44
0.51
0.54
0.54
0.55
0.49
0.48
0.54
0.47
0.41
0.45
0.39
0.40
0.36
0.40
0.37
0.37
0.54
0.53
0.57
0.56
CorWatt	PkgWatt
18.10	130.39
0.70	129.74
0.64
0.57
0.55
0.61
0.66
0.59
0.57
0.49
0.54
0.49
0.54
0.62
0.59
0.58
0.61
0.59
0.65
0.63
0.61
0.52
0.49
0.46
0.48
0.44
0.51
0.46
0.45
0.61
0.61
0.56
0.59
CorWatt	PkgWatt
15.16	127.45
0.51	127.36
0.51
0.50
0.54
0.52
0.50
0.50
0.49
0.41
0.51
0.44
0.43
0.54
0.52
0.50
0.53
0.48
0.47
0.52
0.47
0.40
0.42
0.40
0.40
0.37
0.39
0.37
0.39
0.56
0.52
0.52
0.52
