CorWatt	PkgWatt
15.25	127.25
0.52	127.25
0.45
0.51
0.49
0.50
0.50
0.50
0.49
0.39
0.44
0.40
0.37
0.52
0.52
0.55
0.55
0.46
0.51
0.49
0.48
0.44
0.40
0.41
0.43
0.41
0.36
0.41
0.36
0.60
0.56
0.53
0.66
CorWatt	PkgWatt
14.79	126.74
0.50	127.26
0.44
0.52
0.47
0.50
0.49
0.51
0.48
0.40
0.44
0.38
0.37
0.50
0.52
0.51
0.53
0.46
0.48
0.49
0.50
0.43
0.39
0.41
0.41
0.36
0.37
0.40
0.35
0.57
0.56
0.54
0.56
CorWatt	PkgWatt
18.02	129.83
0.59	129.32
0.56
0.59
0.56
0.54
0.52
0.55
0.51
0.54
0.55
0.61
0.56
0.65
0.65
0.63
0.70
0.49
0.55
0.58
0.53
0.49
0.47
0.48
0.48
0.49
0.46
0.47
0.45
0.67
0.73
0.66
0.62
CorWatt	PkgWatt
15.47	127.79
0.52	127.71
0.44
0.54
0.48
0.50
0.50
0.52
0.49
0.47
0.54
0.42
0.38
0.65
0.59
0.56
0.61
0.45
0.50
0.47
0.47
0.41
0.39
0.39
0.42
0.41
0.41
0.38
0.40
0.56
0.55
0.54
0.51
