CorWatt	PkgWatt
15.12	127.15
0.53	127.15
0.44
0.51
0.43
0.49
0.51
0.50
0.53
0.40
0.45
0.42
0.38
0.55
0.52
0.54
0.56
0.52
0.51
0.51
0.50
0.41
0.39
0.40
0.44
0.35
0.40
0.38
0.35
0.52
0.57
0.52
0.61
CorWatt	PkgWatt
14.98	126.45
0.50	127.16
0.46
0.53
0.43
0.51
0.51
0.51
0.55
0.38
0.44
0.41
0.38
0.57
0.54
0.52
0.53
0.53
0.48
0.51
0.49
0.43
0.43
0.40
0.43
0.36
0.39
0.39
0.37
0.53
0.53
0.51
0.51
CorWatt	PkgWatt
17.58	129.85
0.54	129.15
0.44
0.51
0.49
0.61
0.57
0.55
0.58
0.49
0.51
0.49
0.50
0.60
0.63
0.61
0.60
0.57
0.58
0.55
0.55
0.43
0.41
0.45
0.42
0.58
0.52
0.51
0.50
0.67
0.71
0.68
0.69
CorWatt	PkgWatt
15.61	127.64
0.53	127.54
0.47
0.53
0.44
0.53
0.50
0.50
0.54
0.45
0.46
0.43
0.39
0.52
0.52
0.52
0.53
0.46
0.48
0.49
0.47
0.42
0.42
0.41
0.40
0.43
0.47
0.49
0.37
0.60
0.65
0.59
0.59
