CorWatt	PkgWatt
15.35	127.55
0.51	127.55
0.50
0.57
0.49
0.52
0.53
0.53
0.59
0.41
0.46
0.41
0.44
0.54
0.55
0.53
0.54
0.54
0.54
0.45
0.46
0.40
0.40
0.38
0.40
0.40
0.37
0.39
0.41
0.53
0.52
0.52
0.51
CorWatt	PkgWatt
14.82	127.01
0.49	126.99
0.47
0.53
0.44
0.57
0.54
0.49
0.61
0.42
0.47
0.37
0.43
0.52
0.55
0.50
0.52
0.44
0.50
0.44
0.47
0.40
0.39
0.38
0.40
0.38
0.35
0.38
0.36
0.51
0.50
0.50
0.50
CorWatt	PkgWatt
18.57	130.52
0.59	130.57
0.53
0.60
0.53
0.64
0.61
0.61
0.66
0.52
0.50
0.48
0.51
0.60
0.62
0.62
0.62
0.64
0.70
0.62
0.70
0.53
0.57
0.61
0.50
0.56
0.54
0.51
0.41
0.61
0.63
0.60
0.60
CorWatt	PkgWatt
15.10	127.22
0.48	127.19
0.47
0.52
0.43
0.55
0.52
0.49
0.51
0.43
0.46
0.37
0.40
0.53
0.52
0.49
0.51
0.50
0.50
0.47
0.54
0.45
0.46
0.45
0.41
0.43
0.37
0.49
0.36
0.51
0.50
0.50
0.49
CorWatt	PkgWatt
17.89	129.14
0.54	128.96
0.56
0.59
0.52
0.63
0.58
0.58
0.57
0.50
0.52
0.47
0.49
0.60
0.61
0.59
0.61
0.62
0.57
0.55
0.59
0.51
0.53
0.53
0.52
0.50
0.47
0.53
0.45
0.61
0.60
0.60
0.75
