CorWatt	PkgWatt
290.55	481.61
4.53	243.41
4.55
4.34
4.53
4.82
4.70
4.53
4.80
4.74
4.76
4.08
4.70
4.21
4.52
4.65
4.37
4.61
4.32
4.84
4.75
5.01
4.79
5.01
4.87
4.91
4.88
4.75
4.24
4.25
4.71
4.64
4.30
4.52	240.64
4.66
4.50
4.35
4.07
4.59
4.29
4.44
4.40
4.45
4.68
4.43
4.17
4.63
4.79
4.76
4.48
4.41
4.08
4.14
4.74
4.47
4.86
4.06
4.32
4.41
4.70
4.16
4.15
4.43
4.76
4.32
CorWatt	PkgWatt
275.49	478.07
4.34	234.83
4.18
4.08
4.73
4.69
4.63
4.42
5.01
4.16
3.92
3.26
4.44
3.43
3.34
4.36
4.27
4.12
3.60
4.09
4.53
4.44
4.40
5.07
4.91
4.79
4.80
4.98
4.09
4.65
4.87
3.91
3.61
3.79	229.62
3.96
4.50
3.94
3.81
4.23
3.64
4.54
3.89
4.33
4.88
4.10
4.34
4.34
4.68
3.98
3.60
3.92
3.78
3.72
3.93
4.18
3.80
3.86
4.30
4.56
4.41
4.03
3.27
4.47
4.66
3.90
CorWatt	PkgWatt
346.98	631.87
4.28	241.87
4.73
4.63
4.78
4.88
4.79
4.48
4.82
4.35
4.70
4.49
3.99
3.85
4.62
3.96
4.56
4.58
4.39
4.09
4.79
4.89
4.80
4.43
4.74
4.87
4.78
4.68
4.26
4.60
4.80
4.19
4.30
4.14	240.36
3.66
4.56
4.61
4.77
4.06
3.90
4.46
4.71
4.80
4.68
4.64
4.50
4.98
4.98
4.73
4.25
3.93
4.24
4.55
4.77
4.66
3.90
3.93
4.43
4.65
4.76
3.97
4.98
4.34
4.92
4.79
CorWatt	PkgWatt
292.74	485.18
4.49	239.52
4.92
4.88
4.71
4.69
4.45
4.90
4.13
4.81
4.76
4.68
4.78
3.92
4.41
3.90
4.35
4.83
4.86
4.58
4.73
4.86
4.91
5.00
4.98
4.72
4.71
4.95
4.93
3.12
2.97
2.85
3.30
4.83	245.39
4.75
4.78
4.80
4.56
4.52
4.64
4.55
4.48
4.70
4.65
4.67
4.75
4.77
4.70
4.89
4.51
4.45
4.59
4.62
4.62
4.75
4.68
4.67
4.17
4.70
4.63
4.59
4.93
5.05
4.89
4.72
CorWatt	PkgWatt
289.26	481.64
3.94	238.13
4.80
4.85
4.48
4.78
4.48
5.01
4.77
4.81
4.91
4.60
4.90
3.86
4.33
3.65
4.43
4.94
5.07
4.90
5.12
4.81
4.91
4.93
4.84
4.86
4.68
4.85
4.84
2.83
2.84
2.28
2.35
4.75	244.36
4.71
4.71
4.75
4.53
4.46
4.65
4.53
4.42
4.55
4.63
4.47
4.72
4.75
4.70
4.83
4.35
4.42
4.34
4.54
4.72
4.71
4.75
4.58
4.46
4.54
4.70
4.63
4.86
4.90
4.76
4.57
CorWatt	PkgWatt
286.91	480.94
4.57	237.13
4.89
4.69
4.57
4.95
4.25
4.83
4.63
4.77
4.82
4.37
4.87
2.59
3.07
3.13
3.97
4.87
5.16
5.04
5.06
4.93
5.09
4.85
4.88
4.65
4.67
4.81
4.92
2.65
3.30
3.18
3.45
4.71	243.37
4.70
4.70
4.57
4.57
4.78
4.74
4.60
4.39
4.52
4.54
4.46
4.62
4.51
4.29
4.62
4.39
4.57
4.50
4.35
4.78
4.49
4.19
4.49
4.30
4.48
4.64
4.76
4.92
4.92
4.62
4.52
CorWatt	PkgWatt
285.18	479.01
4.75	235.10
4.71
4.78
4.72
4.94
4.43
4.92
4.49
4.75
4.77
4.48
4.85
3.06
2.81
2.90
2.77
4.28
5.04
4.78
5.01
4.95
5.03
5.12
4.79
4.80
4.70
4.81
4.99
2.64
3.32
2.97
2.98
4.74	243.94
4.95
5.00
4.85
4.53
4.42
4.44
4.51
4.44
4.35
4.50
4.39
4.56
4.66
4.27
4.57
4.41
4.66
4.82
4.93
4.68
4.62
4.67
4.55
4.66
4.65
4.77
4.79
4.37
4.24
4.58
4.23
CorWatt	PkgWatt
250.48	449.33
4.10	221.48
3.44
3.93
4.13
4.71
4.49
4.56
4.62
4.11
4.58
3.62
4.68
2.25
2.86
2.85
2.87
3.25
4.12
3.59
3.60
4.80
4.77
4.13
4.66
3.64
4.51
3.85
3.91
2.29
3.14
3.32
3.10
3.96	227.52
4.15
4.33
4.48
3.72
4.44
4.02
3.25
4.46
4.51
4.66
3.99
4.38
4.15
4.08
3.71
3.35
2.87
3.88
4.24
4.14
4.23
3.50
4.11
3.70
4.42
4.36
3.83
3.63
3.62
4.35
3.34
CorWatt	PkgWatt
228.75	431.38
5.36	232.25
4.10
5.60
4.55
3.04
4.55
4.25
5.62
3.37
2.71
3.62
4.33
5.70
4.34
4.83
2.81
2.78
3.53
2.40
2.91
3.91
4.18
4.81
3.62
4.55
4.57
3.75
4.90
3.75
5.65
3.22
4.81
4.89	199.25
2.08
2.37
3.62
2.02
2.05
2.16
2.17
4.22
4.32
4.07
3.73
3.05
3.72
2.07
2.81
1.94
2.04
3.69
2.02
3.73
2.13
2.82
4.66
3.06
5.22
3.77
2.15
2.15
2.14
2.16
3.60
CorWatt	PkgWatt
278.45	470.67
4.60	245.64
5.24
5.46
5.27
5.20
4.81
5.10
4.99
4.46
4.58
4.18
4.63
5.16
4.93
5.13
4.05
3.59
4.72
3.88
3.87
4.45
4.23
4.94
5.02
4.89
4.84
5.24
4.70
4.60
5.24
3.94
5.17
3.74	224.93
3.61
3.10
4.10
2.63
4.11
3.44
3.73
4.01
4.03
4.50
4.20
4.05
5.04
3.08
4.53
3.83
3.03
5.07
4.23
4.04
3.72
3.70
4.99
3.92
4.85
3.75
3.53
3.23
4.39
4.36
4.75
CorWatt	PkgWatt
304.91	490.94
4.59	245.42
4.93
5.09
5.05
4.67
4.68
4.96
4.18
4.54
4.66
4.61
4.87
4.67
4.60
4.82
4.75
4.44
4.47
4.96
5.21
5.23
4.62
4.85
5.23
4.84
4.81
4.68
4.85
4.59
4.74
4.87
5.16
5.20	245.45
4.64
4.72
4.71
4.37
4.86
4.91
4.42
4.58
5.03
4.39
4.40
4.60
4.65
4.71
4.96
4.86
4.72
4.74
4.84
4.58
4.85
4.81
4.95
4.42
4.90
4.94
4.94
4.70
4.88
4.50
4.86
