CorWatt	PkgWatt
15.36	128.07
0.52	128.07
0.48
0.48
0.51
0.54
0.52
0.52
0.51
0.48
0.45
0.42
0.49
0.57
0.59
0.55
0.55
0.46
0.47
0.46
0.48
0.41
0.42
0.40
0.41
0.38
0.41
0.38
0.37
0.54
0.53
0.54
0.53
CorWatt	PkgWatt
14.95	127.28
0.50	127.53
0.46
0.50
0.49
0.50
0.52
0.49
0.50
0.47
0.44
0.42
0.40
0.59
0.54
0.53
0.52
0.45
0.46
0.46
0.48
0.42
0.44
0.42
0.41
0.36
0.41
0.38
0.35
0.54
0.50
0.51
0.50
CorWatt	PkgWatt
67.90	182.46
0.89	182.18
2.14
2.17
2.18
2.21
2.21
2.19
2.17
3.58
2.12
2.09
2.07
2.24
2.25
2.19
2.22
2.13
2.28
1.94
1.98
2.12
2.14
1.94
1.91
2.04
2.06
1.88
1.87
2.30
2.27
2.05
2.02
