CorWatt	PkgWatt
4.68	151.73
0.08	75.62
0.08
0.08
0.08
0.07
0.07
0.07
0.07
0.07
0.07
0.06
0.07
0.06
0.06
0.06
0.06
0.08
0.08
0.08
0.08
0.09
0.08
0.08
0.08
0.07
0.07
0.07
0.08
0.06
0.07
0.07
0.07
0.08	76.14
0.07
0.07
0.07
0.08
0.08
0.08
0.08
0.07
0.07
0.07
0.07
0.06
0.06
0.06
0.06
0.08
0.08
0.07
0.08
0.08
0.08
0.08
0.08
0.08
0.09
0.08
0.07
0.07
0.07
0.07
0.07
CorWatt	PkgWatt
5.05	152.18
0.08	75.89
0.08
0.09
0.09
0.08
0.08
0.08
0.09
0.07
0.07
0.06
0.07
0.07
0.07
0.07
0.07
0.08
0.10
0.08
0.08
0.09
0.09
0.08
0.09
0.08
0.08
0.08
0.08
0.07
0.11
0.07
0.07
0.11	76.30
0.08
0.08
0.08
0.12
0.08
0.08
0.08
0.07
0.07
0.07
0.08
0.07
0.07
0.07
0.07
0.08
0.08
0.07
0.08
0.08
0.08
0.08
0.08
0.09
0.09
0.08
0.08
0.07
0.13
0.07
0.07
