CorWatt	PkgWatt
4.38	151.89
0.08	76.02
0.08
0.08
0.08
0.08
0.07
0.07
0.07
0.07
0.07
0.06
0.07
0.06
0.06
0.06
0.06
0.07
0.07
0.07
0.07
0.09
0.08
0.08
0.08
0.07
0.07
0.07
0.07
0.07
0.07
0.07
0.07
0.07	75.87
0.07
0.07
0.07
0.07
0.07
0.07
0.07
0.06
0.06
0.06
0.06
0.06
0.06
0.06
0.05
0.07
0.07
0.06
0.07
0.07
0.07
0.07
0.07
0.06
0.07
0.06
0.06
0.06
0.06
0.06
0.06
CorWatt	PkgWatt
4.63	151.41
0.08	75.76
0.08
0.08
0.08
0.07
0.07
0.07
0.08
0.07
0.07
0.06
0.07
0.06
0.07
0.06
0.06
0.07
0.07
0.07
0.07
0.09
0.08
0.08
0.08
0.07
0.07
0.07
0.07
0.07
0.07
0.07
0.07
0.07	75.72
0.07
0.07
0.08
0.08
0.09
0.07
0.07
0.06
0.06
0.07
0.07
0.06
0.06
0.15
0.06
0.07
0.09
0.07
0.07
0.07
0.07
0.09
0.07
0.07
0.07
0.06
0.07
0.06
0.06
0.07
0.06
