CorWatt	PkgWatt
4.42	152.91
0.09	76.69
0.08
0.09
0.09
0.09
0.08
0.08
0.08
0.07
0.07
0.06
0.07
0.07
0.07
0.07
0.07
0.08
0.08
0.10
0.08
0.08
0.08
0.08
0.08
0.07
0.08
0.07
0.07
0.07
0.07
0.07
0.07
0.06	76.23
0.07
0.06
0.06
0.06
0.06
0.06
0.06
0.06
0.06
0.06
0.06
0.06
0.06
0.06
0.06
0.06
0.06
0.07
0.06
0.07
0.07
0.06
0.06
0.07
0.06
0.06
0.06
0.06
0.06
0.06
0.06
CorWatt	PkgWatt
4.67	151.26
0.11	76.04
0.10
0.10
0.09
0.08
0.10
0.08
0.08
0.07
0.07
0.15
0.07
0.07
0.07
0.07
0.08
0.09
0.08
0.15
0.12
0.10
0.08
0.08
0.08
0.07
0.07
0.07
0.08
0.08
0.07
0.07
0.08
0.06	75.27
0.06
0.06
0.06
0.06
0.06
0.06
0.06
0.06
0.06
0.06
0.06
0.06
0.06
0.06
0.06
0.06
0.06
0.07
0.06
0.06
0.07
0.06
0.06
0.07
0.06
0.06
0.06
0.06
0.06
0.06
0.06
CorWatt	PkgWatt
7.31	160.35
0.16	82.55
0.16
0.19
0.14
0.17
0.20
0.14
0.18
0.13
0.17
0.16
0.14
0.16
0.12
0.10
0.12
0.11
0.13
0.17
0.12
0.19
0.15
0.14
0.16
0.13
0.15
0.11
0.19
0.19
0.12
0.15
0.18
0.08	77.87
0.08
0.08
0.07
0.07
0.07
0.07
0.08
0.07
0.07
0.08
0.07
0.07
0.07
0.07
0.07
0.08
0.08
0.11
0.09
0.08
0.09
0.08
0.08
0.08
0.07
0.08
0.07
0.07
0.07
0.08
0.08
CorWatt	PkgWatt
4.92	152.27
0.11	76.24
0.09
0.10
0.09
0.09
0.09
0.09
0.10
0.08
0.08
0.07
0.07
0.07
0.07
0.07
0.07
0.09
0.09
0.09
0.09
0.09
0.08
0.09
0.08
0.08
0.08
0.08
0.08
0.09
0.07
0.07
0.09
0.07	75.86
0.07
0.07
0.07
0.07
0.07
0.07
0.07
0.07
0.07
0.07
0.07
0.07
0.07
0.06
0.06
0.07
0.07
0.08
0.08
0.07
0.08
0.07
0.07
0.08
0.07
0.07
0.07
0.07
0.07
0.07
0.07
