CorWatt	PkgWatt
15.16	127.50
0.55	127.52
0.46
0.48
0.48
0.50
0.57
0.55
0.49
0.42
0.48
0.42
0.42
0.52
0.54
0.53
0.56
0.45
0.46
0.47
0.47
0.41
0.39
0.38
0.40
0.52
0.38
0.42
0.38
0.53
0.52
0.51
0.51
CorWatt	PkgWatt
14.97	126.70
0.51	127.24
0.46
0.47
0.44
0.50
0.57
0.54
0.49
0.45
0.51
0.39
0.39
0.50
0.54
0.51
0.54
0.47
0.46
0.46
0.47
0.40
0.40
0.40
0.40
0.42
0.39
0.37
0.42
0.55
0.52
0.51
0.51
CorWatt	PkgWatt
21.57	133.68
2.35	133.12
0.59
0.59
0.65
0.66
0.63
0.58
0.56
0.71
0.70
0.57
0.60
0.61
0.63
0.60
0.75
0.55
0.56
0.64
0.58
0.49
0.86
0.51
0.58
0.64
0.55
0.55
0.53
0.81
0.63
0.63
0.65
CorWatt	PkgWatt
16.27	128.34
0.57	128.33
0.43
0.46
0.47
0.72
1.17
0.78
0.72
0.45
0.47
0.47
0.45
0.50
0.52
0.50
0.51
0.47
0.48
0.46
0.46
0.43
0.41
0.40
0.38
0.39
0.36
0.37
0.35
0.55
0.53
0.51
0.53
CorWatt	PkgWatt
16.52	128.39
0.59	128.39
0.44
0.45
0.51
0.77
0.79
0.93
1.10
0.42
0.49
0.39
0.41
0.53
0.51
0.50
0.52
0.47
0.49
0.46
0.47
0.39
0.41
0.42
0.39
0.39
0.36
0.37
0.37
0.62
0.51
0.51
0.53
CorWatt	PkgWatt
17.02	128.88
0.58	128.92
0.51
0.48
0.54
0.76
0.79
0.73
1.29
0.49
0.52
0.49
0.46
0.55
0.55
0.49
0.55
0.49
0.52
0.49
0.49
0.40
0.38
0.41
0.44
0.40
0.38
0.36
0.36
0.58
0.55
0.50
0.49
CorWatt	PkgWatt
16.21	128.30
0.52	128.26
0.56
0.45
0.49
0.73
0.75
0.73
1.29
0.39
0.47
0.40
0.41
0.50
0.52
0.51
0.53
0.47
0.48
0.46
0.47
0.40
0.38
0.40
0.39
0.36
0.38
0.36
0.35
0.53
0.51
0.51
0.51
CorWatt	PkgWatt
16.57	128.53
0.52	128.55
0.57
0.47
0.50
0.70
0.72
0.70
1.48
0.42
0.49
0.40
0.41
0.50
0.52
0.50
0.51
0.45
0.49
0.45
0.47
0.41
0.40
0.38
0.38
0.39
0.42
0.41
0.37
0.56
0.51
0.57
0.51
CorWatt	PkgWatt
17.30	130.09
0.52	130.08
0.54
0.44
0.47
0.50
0.54
0.49
3.28
0.40
0.44
0.39
0.39
0.50
0.51
0.49
0.51
0.46
0.48
0.45
0.45
0.39
0.38
0.39
0.38
0.36
0.38
0.36
0.35
0.56
0.51
0.50
0.51
CorWatt	PkgWatt
17.30	129.95
0.52	129.95
0.55
0.45
0.47
0.51
0.53
0.49
3.27
0.38
0.44
0.38
0.38
0.51
0.51
0.49
0.50
0.48
0.50
0.47
0.45
0.38
0.38
0.39
0.38
0.38
0.37
0.37
0.36
0.53
0.50
0.50
0.49
CorWatt	PkgWatt
17.40	130.08
0.52	130.07
0.54
0.45
0.47
0.50
0.52
0.50
3.27
0.38
0.44
0.38
0.40
0.52
0.52
0.51
0.51
0.47
0.49
0.45
0.46
0.39
0.40
0.39
0.39
0.38
0.38
0.36
0.37
0.52
0.51
0.52
0.53
CorWatt	PkgWatt
17.28	129.96
0.53	129.97
0.55
0.47
0.48
0.49
0.52
0.49
3.28
0.39
0.44
0.40
0.39
0.50
0.51
0.49
0.51
0.46
0.48
0.45
0.45
0.38
0.38
0.39
0.38
0.35
0.38
0.36
0.35
0.52
0.50
0.50
0.49
CorWatt	PkgWatt
17.24	130.06
0.54	130.05
0.54
0.45
0.46
0.51
0.53
0.50
3.27
0.37
0.43
0.38
0.41
0.50
0.50
0.49
0.50
0.47
0.50
0.45
0.45
0.39
0.38
0.38
0.38
0.36
0.38
0.35
0.35
0.52
0.50
0.50
0.51
CorWatt	PkgWatt
17.22	129.93
0.52	129.93
0.54
0.49
0.44
0.49
0.52
0.51
3.28
0.38
0.43
0.37
0.38
0.50
0.52
0.49
0.51
0.46
0.48
0.45
0.45
0.38
0.38
0.39
0.38
0.35
0.41
0.37
0.35
0.52
0.50
0.50
0.49
CorWatt	PkgWatt
17.46	130.08
0.51	130.07
0.54
0.49
0.45
0.50
0.52
0.50
3.27
0.40
0.43
0.40
0.40
0.52
0.51
0.50
0.51
0.47
0.48
0.46
0.46
0.40
0.39
0.38
0.38
0.37
0.39
0.38
0.35
0.56
0.51
0.50
0.52
CorWatt	PkgWatt
17.33	130.12
0.52	130.13
0.54
0.48
0.43
0.49
0.52
0.49
3.28
0.39
0.44
0.37
0.41
0.51
0.51
0.51
0.51
0.48
0.50
0.45
0.46
0.39
0.38
0.39
0.38
0.37
0.38
0.37
0.36
0.51
0.50
0.50
0.49
CorWatt	PkgWatt
17.51	130.26
0.53	130.26
0.55
0.51
0.46
0.49
0.52
0.49
3.27
0.41
0.45
0.38
0.42
0.50
0.50
0.49
0.51
0.46
0.50
0.47
0.48
0.39
0.39
0.39
0.39
0.39
0.38
0.37
0.37
0.52
0.52
0.51
0.53
CorWatt	PkgWatt
17.40	130.15
0.53	130.15
0.54
0.50
0.45
0.49
0.52
0.50
3.28
0.40
0.49
0.39
0.40
0.50
0.51
0.49
0.51
0.44
0.49
0.45
0.46
0.39
0.39
0.38
0.38
0.38
0.40
0.35
0.35
0.55
0.50
0.52
0.49
CorWatt	PkgWatt
17.45	130.03
0.52	130.02
0.56
0.48
0.45
0.53
0.52
0.52
3.28
0.38
0.47
0.40
0.40
0.50
0.52
0.51
0.51
0.44
0.48
0.45
0.46
0.39
0.38
0.39
0.39
0.38
0.38
0.35
0.35
0.53
0.51
0.50
0.51
CorWatt	PkgWatt
17.50	130.18
0.52	130.19
0.54
0.49
0.44
0.49
0.52
0.49
3.28
0.42
0.48
0.40
0.38
0.52
0.52
0.51
0.53
0.44
0.48
0.45
0.47
0.40
0.38
0.40
0.39
0.37
0.41
0.40
0.35
0.54
0.51
0.50
0.50
CorWatt	PkgWatt
17.89	130.09
0.78	130.10
0.58
0.58
0.51
0.68
0.71
0.69
1.10
0.48
0.53
0.46
0.49
0.57
0.58
0.88
0.59
0.48
0.52
0.49
0.51
0.46
0.43
0.44
0.44
0.42
0.42
0.41
0.40
0.62
0.56
0.55
0.56
CorWatt	PkgWatt
16.63	128.73
0.60	128.72
0.44
0.52
0.44
0.85
0.84
0.86
1.50
0.39
0.45
0.40
0.39
0.50
0.52
0.50
0.51
0.45
0.49
0.46
0.46
0.39
0.38
0.39
0.38
0.37
0.38
0.36
0.37
0.52
0.52
0.50
0.49
CorWatt	PkgWatt
16.73	128.92
0.61	128.91
0.46
0.51
0.45
0.90
0.86
0.85
1.50
0.39
0.44
0.40
0.41
0.52
0.51
0.51
0.51
0.44
0.48
0.47
0.47
0.40
0.38
0.39
0.38
0.37
0.37
0.36
0.35
0.52
0.51
0.50
0.51
CorWatt	PkgWatt
16.65	129.04
0.61	129.04
0.45
0.46
0.43
0.85
0.85
0.84
1.50
0.39
0.46
0.41
0.41
0.52
0.53
0.49
0.51
0.45
0.48
0.46
0.46
0.40
0.38
0.39
0.38
0.36
0.39
0.38
0.37
0.51
0.51
0.51
0.52
CorWatt	PkgWatt
16.79	128.98
0.60	128.98
0.45
0.50
0.48
1.02
0.85
0.84
1.36
0.39
0.44
0.40
0.40
0.51
0.51
0.50
0.51
0.46
0.49
0.47
0.47
0.40
0.39
0.40
0.40
0.39
0.39
0.36
0.36
0.52
0.51
0.51
0.51
CorWatt	PkgWatt
16.59	128.82
0.58	128.82
0.44
0.51
0.44
1.50
0.84
0.84
0.87
0.38
0.44
0.40
0.38
0.51
0.53
0.49
0.50
0.47
0.49
0.45
0.46
0.39
0.40
0.38
0.40
0.37
0.39
0.37
0.35
0.53
0.50
0.50
0.49
CorWatt	PkgWatt
17.82	129.77
0.58	129.77
0.46
0.49
0.45
2.12
1.04
1.03
1.05
0.39
0.45
0.39
0.42
0.50
0.51
0.51
0.51
0.47
0.48
0.46
0.46
0.40
0.39
0.40
0.39
0.35
0.37
0.36
0.35
0.52
0.51
0.50
0.50
CorWatt	PkgWatt
19.90	131.79
0.59	131.80
0.46
0.54
0.47
1.34
1.34
1.33
3.10
0.39
0.49
0.39
0.39
0.50
0.52
0.49
0.51
0.47
0.49
0.45
0.47
0.40
0.39
0.39
0.39
0.35
0.38
0.37
0.37
0.55
0.53
0.54
0.52
CorWatt	PkgWatt
19.63	131.29
0.58	131.29
0.45
0.53
0.46
1.33
1.34
1.34
3.08
0.38
0.44
0.39
0.40
0.50
0.50
0.49
0.51
0.47
0.48
0.45
0.46
0.41
0.39
0.40
0.40
0.35
0.36
0.36
0.35
0.51
0.51
0.50
0.50
CorWatt	PkgWatt
19.64	131.44
0.59	131.44
0.44
0.52
0.45
3.08
1.35
1.34
1.34
0.39
0.44
0.40
0.39
0.50
0.52
0.49
0.51
0.48
0.50
0.45
0.48
0.40
0.38
0.39
0.39
0.35
0.36
0.35
0.35
0.51
0.51
0.50
0.49
CorWatt	PkgWatt
19.75	131.45
0.58	131.44
0.47
0.54
0.48
3.10
1.34
1.34
1.33
0.38
0.44
0.38
0.39
0.50
0.51
0.50
0.52
0.47
0.49
0.46
0.47
0.39
0.39
0.39
0.39
0.35
0.39
0.37
0.36
0.53
0.50
0.50
0.50
CorWatt	PkgWatt
19.80	131.57
0.59	131.57
0.46
0.53
0.44
1.34
1.35
1.34
3.09
0.39
0.47
0.38
0.39
0.50
0.53
0.49
0.50
0.48
0.49
0.45
0.46
0.39
0.39
0.41
0.40
0.35
0.41
0.36
0.37
0.53
0.51
0.51
0.51
CorWatt	PkgWatt
19.76	131.50
0.59	131.51
0.50
0.52
0.48
3.08
1.35
1.34
1.34
0.39
0.45
0.40
0.40
0.50
0.50
0.49
0.50
0.46
0.48
0.45
0.48
0.40
0.39
0.40
0.39
0.35
0.37
0.37
0.35
0.51
0.51
0.51
0.51
CorWatt	PkgWatt
19.60	131.32
0.60	131.33
0.44
0.47
0.44
1.50
2.51
1.34
1.76
0.38
0.45
0.39
0.40
0.50
0.51
0.50
0.52
0.47
0.48
0.45
0.47
0.41
0.41
0.40
0.39
0.35
0.36
0.36
0.35
0.51
0.50
0.50
0.49
CorWatt	PkgWatt
19.72	131.36
0.61	131.34
0.46
0.46
0.47
1.34
2.66
1.38
1.73
0.40
0.45
0.39
0.40
0.51
0.51
0.50
0.50
0.48
0.49
0.46
0.47
0.39
0.41
0.41
0.39
0.35
0.37
0.36
0.35
0.52
0.50
0.50
0.51
CorWatt	PkgWatt
19.73	131.51
0.59	131.53
0.44
0.52
0.44
1.33
1.35
3.09
1.33
0.38
0.44
0.37
0.38
0.50
0.52
0.50
0.51
0.49
0.52
0.45
0.46
0.41
0.39
0.40
0.41
0.37
0.38
0.36
0.35
0.53
0.50
0.50
0.49
CorWatt	PkgWatt
19.67	131.56
0.59	131.55
0.45
0.52
0.45
1.34
1.35
3.10
1.33
0.38
0.45
0.39
0.41
0.50
0.51
0.50
0.51
0.46
0.48
0.45
0.46
0.40
0.39
0.39
0.39
0.36
0.37
0.35
0.36
0.52
0.50
0.50
0.50
CorWatt	PkgWatt
18.88	130.68
0.65	130.68
0.50
0.56
0.47
1.03
1.06
2.05
1.00
0.43
0.51
0.41
0.42
0.52
0.85
0.53
0.53
0.46
0.50
0.47
0.53
0.42
0.42
0.41
0.40
0.40
0.44
0.40
0.38
0.55
0.52
0.53
0.52
CorWatt	PkgWatt
17.19	129.09
0.56	129.10
0.49
0.51
0.74
0.92
1.03
0.73
0.72
0.45
0.50
0.44
0.44
0.55
0.56
0.55
0.56
0.48
0.51
0.49
0.52
0.43
0.42
0.43
0.41
0.40
0.41
0.40
0.39
0.55
0.53
0.53
0.53
CorWatt	PkgWatt
15.97	128.06
0.51	128.05
0.44
0.50
0.54
0.74
0.86
1.09
0.72
0.39
0.44
0.38
0.38
0.51
0.51
0.49
0.51
0.46
0.49
0.47
0.47
0.39
0.38
0.39
0.38
0.39
0.39
0.37
0.36
0.51
0.51
0.50
0.49
CorWatt	PkgWatt
15.99	128.22
0.50	128.22
0.43
0.49
0.55
0.73
0.95
0.96
0.72
0.39
0.44
0.38
0.40
0.52
0.50
0.51
0.51
0.46
0.49
0.45
0.46
0.40
0.40
0.38
0.39
0.38
0.40
0.37
0.36
0.53
0.52
0.52
0.52
CorWatt	PkgWatt
15.86	127.92
0.51	127.92
0.45
0.50
0.56
0.73
0.79
1.12
0.72
0.39
0.45
0.40
0.39
0.50
0.51
0.49
0.51
0.45
0.49
0.45
0.46
0.39
0.39
0.38
0.38
0.36
0.37
0.36
0.35
0.52
0.50
0.50
0.49
CorWatt	PkgWatt
16.04	128.18
0.51	128.17
0.45
0.49
0.54
0.74
0.85
1.14
0.73
0.40
0.44
0.39
0.40
0.51
0.51
0.50
0.51
0.46
0.49
0.46
0.46
0.40
0.39
0.38
0.38
0.38
0.39
0.36
0.35
0.52
0.51
0.50
0.50
CorWatt	PkgWatt
18.52	133.47
0.52	133.48
0.45
0.51
0.55
0.49
0.55
4.45
0.51
0.38
0.44
0.38
0.38
0.50
0.51
0.49
0.51
0.46
0.48
0.45
0.46
0.39
0.39
0.38
0.39
0.36
0.41
0.35
0.35
0.51
0.50
0.50
0.49
CorWatt	PkgWatt
18.83	133.59
0.54	133.59
0.46
0.48
0.55
0.50
0.54
4.48
0.50
0.39
0.45
0.40
0.41
0.51
0.52
0.50
0.52
0.46
0.49
0.47
0.47
0.41
0.41
0.39
0.40
0.38
0.40
0.38
0.36
0.54
0.51
0.50
0.50
CorWatt	PkgWatt
19.31	134.03
0.55	134.04
0.47
0.49
0.56
0.51
0.54
4.47
0.52
0.42
0.47
0.41
0.44
0.53
0.54
0.54
0.54
0.51
0.52
0.48
0.49
0.43
0.42
0.40
0.41
0.37
0.39
0.41
0.38
0.54
0.53
0.51
0.50
CorWatt	PkgWatt
18.96	133.87
0.55	133.86
0.47
0.49
0.56
0.51
0.55
4.48
0.50
0.40
0.45
0.38
0.42
0.50
0.51
0.49
0.52
0.47
0.51
0.47
0.48
0.42
0.42
0.39
0.40
0.38
0.41
0.38
0.37
0.54
0.52
0.51
0.52
CorWatt	PkgWatt
18.63	133.60
0.52	133.60
0.45
0.46
0.55
0.50
0.54
4.48
0.49
0.39
0.48
0.37
0.40
0.50
0.51
0.49
0.51
0.45
0.50
0.46
0.47
0.41
0.40
0.38
0.39
0.35
0.37
0.36
0.35
0.57
0.51
0.52
0.49
CorWatt	PkgWatt
18.60	133.46
0.54	133.46
0.47
0.46
0.57
0.52
0.53
4.47
0.51
0.38
0.44
0.39
0.41
0.50
0.51
0.51
0.50
0.45
0.49
0.46
0.47
0.42
0.40
0.39
0.39
0.35
0.35
0.36
0.35
0.51
0.50
0.50
0.50
CorWatt	PkgWatt
18.72	133.66
0.53	133.66
0.46
0.46
0.56
0.50
0.54
4.49
0.49
0.40
0.48
0.40
0.41
0.52
0.51
0.52
0.52
0.44
0.49
0.45
0.48
0.42
0.40
0.39
0.40
0.35
0.39
0.36
0.35
0.52
0.50
0.50
0.49
CorWatt	PkgWatt
18.73	133.62
0.53	133.61
0.45
0.46
0.55
0.51
0.54
4.48
0.50
0.41
0.46
0.39
0.42
0.54
0.53
0.50
0.52
0.45
0.49
0.46
0.48
0.42
0.41
0.39
0.40
0.35
0.35
0.36
0.35
0.52
0.50
0.50
0.50
CorWatt	PkgWatt
18.62	133.65
0.54	133.66
0.44
0.48
0.56
0.50
0.54
4.48
0.51
0.39
0.45
0.39
0.41
0.50
0.52
0.50
0.51
0.46
0.49
0.45
0.47
0.42
0.40
0.39
0.39
0.35
0.36
0.37
0.37
0.51
0.51
0.50
0.49
CorWatt	PkgWatt
18.71	133.62
0.55	133.63
0.46
0.47
0.56
0.50
0.57
4.48
0.49
0.39
0.44
0.38
0.42
0.51
0.50
0.51
0.53
0.45
0.49
0.46
0.47
0.42
0.40
0.39
0.39
0.35
0.41
0.36
0.35
0.52
0.51
0.50
0.50
CorWatt	PkgWatt
18.75	133.62
0.55	133.62
0.45
0.47
0.55
0.50
0.55
4.48
0.49
0.39
0.46
0.40
0.43
0.51
0.53
0.50
0.51
0.45
0.49
0.46
0.46
0.41
0.39
0.39
0.39
0.35
0.35
0.38
0.36
0.55
0.51
0.50
0.51
CorWatt	PkgWatt
18.79	133.76
0.54	133.76
0.49
0.49
0.56
0.51
0.55
4.49
0.50
0.39
0.44
0.38
0.44
0.50
0.52
0.51
0.53
0.45
0.49
0.48
0.47
0.42
0.40
0.39
0.40
0.35
0.35
0.36
0.36
0.52
0.50
0.50
0.50
CorWatt	PkgWatt
18.38	130.98
0.78	130.99
0.55
0.55
0.62
0.77
0.70
1.26
0.60
0.46
0.52
0.46
0.47
0.58
0.61
0.57
0.58
0.54
0.55
0.52
0.56
0.79
0.49
0.45
0.46
0.41
0.48
0.43
0.41
0.57
0.55
0.55
0.56
CorWatt	PkgWatt
16.16	128.26
0.59	128.25
0.44
0.46
0.51
0.75
1.23
0.73
0.72
0.39
0.47
0.40
0.42
0.51
0.54
0.51
0.52
0.46
0.49
0.46
0.47
0.40
0.42
0.38
0.39
0.35
0.42
0.37
0.35
0.51
0.51
0.50
0.50
CorWatt	PkgWatt
16.31	128.37
0.59	128.37
0.46
0.47
0.52
0.88
0.82
1.05
0.72
0.39
0.47
0.41
0.39
0.50
0.55
0.49
0.52
0.44
0.49
0.45
0.46
0.41
0.42
0.38
0.38
0.35
0.43
0.38
0.37
0.55
0.52
0.54
0.52
CorWatt	PkgWatt
16.22	128.42
0.58	128.41
0.45
0.48
0.51
1.21
0.75
0.75
0.73
0.39
0.44
0.39
0.39
0.50
0.53
0.50
0.52
0.46
0.49
0.47
0.47
0.44
0.44
0.38
0.40
0.35
0.43
0.36
0.35
0.53
0.51
0.51
0.51
CorWatt	PkgWatt
16.02	128.19
0.60	128.19
0.43
0.47
0.51
1.20
0.74
0.73
0.72
0.39
0.45
0.39
0.39
0.50
0.53
0.49
0.51
0.47
0.50
0.45
0.48
0.41
0.41
0.38
0.38
0.35
0.41
0.36
0.35
0.53
0.51
0.50
0.49
CorWatt	PkgWatt
16.23	128.41
0.61	128.40
0.45
0.46
0.51
0.74
0.72
1.48
0.70
0.38
0.44
0.39
0.39
0.50
0.53
0.49
0.52
0.44
0.49
0.45
0.46
0.40
0.43
0.38
0.38
0.35
0.41
0.36
0.35
0.51
0.51
0.50
0.50
CorWatt	PkgWatt
17.83	130.26
0.60	130.26
0.45
0.47
0.47
0.64
0.65
3.18
0.61
0.40
0.47
0.39
0.38
0.50
0.55
0.49
0.51
0.46
0.48
0.47
0.46
0.39
0.41
0.40
0.40
0.35
0.45
0.36
0.36
0.53
0.50
0.51
0.52
CorWatt	PkgWatt
17.76	130.31
0.60	130.31
0.46
0.48
0.52
0.65
0.64
3.16
0.61
0.40
0.45
0.39
0.39
0.50
0.53
0.49
0.52
0.46
0.49
0.46
0.47
0.40
0.41
0.38
0.39
0.35
0.40
0.36
0.35
0.52
0.51
0.50
0.51
CorWatt	PkgWatt
17.64	130.09
0.59	130.10
0.44
0.46
0.50
3.14
0.63
0.66
0.61
0.38
0.44
0.40
0.40
0.50
0.53
0.49
0.52
0.44
0.48
0.46
0.46
0.43
0.45
0.38
0.39
0.35
0.39
0.36
0.35
0.52
0.51
0.50
0.49
CorWatt	PkgWatt
17.71	130.26
0.62	130.26
0.44
0.45
0.52
3.15
0.63
0.65
0.63
0.39
0.44
0.38
0.39
0.50
0.53
0.49
0.51
0.44
0.48
0.45
0.47
0.40
0.45
0.39
0.38
0.35
0.42
0.36
0.35
0.52
0.50
0.50
0.50
CorWatt	PkgWatt
18.01	130.45
0.60	130.45
0.45
0.49
0.49
3.17
0.63
0.63
0.63
0.39
0.45
0.39
0.40
0.51
0.56
0.52
0.52
0.48
0.53
0.46
0.46
0.44
0.42
0.40
0.43
0.36
0.42
0.37
0.36
0.53
0.52
0.51
0.49
CorWatt	PkgWatt
17.72	130.25
0.60	130.24
0.46
0.46
0.49
3.15
0.63
0.62
0.62
0.39
0.47
0.39
0.41
0.50
0.54
0.50
0.52
0.45
0.49
0.46
0.46
0.40
0.40
0.38
0.40
0.36
0.40
0.36
0.35
0.52
0.51
0.50
0.50
CorWatt	PkgWatt
17.71	130.16
0.60	130.16
0.46
0.48
0.47
3.15
0.63
0.61
0.61
0.40
0.45
0.38
0.39
0.50
0.54
0.49
0.51
0.44
0.48
0.45
0.48
0.41
0.41
0.38
0.38
0.36
0.42
0.39
0.37
0.53
0.50
0.51
0.51
CorWatt	PkgWatt
17.58	130.09
0.60	130.08
0.44
0.45
0.49
1.13
0.64
2.70
0.61
0.39
0.45
0.38
0.40
0.50
0.53
0.49
0.52
0.44
0.48
0.45
0.47
0.39
0.39
0.38
0.38
0.35
0.39
0.37
0.36
0.52
0.50
0.50
0.50
CorWatt	PkgWatt
17.68	130.10
0.59	130.11
0.46
0.46
0.49
0.65
0.64
3.18
0.61
0.39
0.44
0.39
0.39
0.51
0.54
0.49
0.50
0.46
0.50
0.47
0.46
0.39
0.38
0.38
0.38
0.37
0.40
0.36
0.35
0.52
0.51
0.51
0.49
CorWatt	PkgWatt
17.81	130.45
0.59	130.45
0.48
0.46
0.46
0.66
0.64
3.16
0.61
0.39
0.44
0.38
0.40
0.53
0.54
0.52
0.52
0.46
0.49
0.46
0.47
0.39
0.41
0.38
0.39
0.37
0.40
0.36
0.37
0.52
0.51
0.52
0.52
CorWatt	PkgWatt
18.48	130.66
0.63	130.67
0.51
0.52
0.50
1.76
0.63
2.04
0.65
0.41
0.47
0.43
0.43
0.54
0.57
0.53
0.54
0.48
0.52
0.48
0.50
0.39
0.42
0.41
0.38
0.38
0.41
0.39
0.39
0.55
0.54
0.53
0.53
CorWatt	PkgWatt
16.96	129.50
0.62	129.48
0.45
0.45
0.51
1.29
0.61
1.86
0.58
0.39
0.45
0.40
0.40
0.50
0.55
0.50
0.51
0.46
0.50
0.45
0.47
0.39
0.38
0.38
0.38
0.35
0.40
0.36
0.35
0.51
0.51
0.50
0.50
CorWatt	PkgWatt
18.24	130.13
0.58	130.15
0.59
0.56
0.51
0.58
0.59
0.58
0.56
0.62
0.65
0.93
0.78
0.57
1.14
0.58
0.59
0.52
0.53
0.49
0.51
0.46
0.45
0.44
0.45
0.42
0.48
0.42
0.41
0.57
0.56
0.55
0.55
CorWatt	PkgWatt
16.36	128.44
0.49	128.43
0.49
0.47
0.46
0.51
0.50
0.49
0.49
0.63
0.66
0.90
0.98
0.51
0.66
0.52
0.53
0.46
0.49
0.46
0.46
0.40
0.39
0.38
0.38
0.37
0.46
0.39
0.36
0.55
0.52
0.51
0.50
CorWatt	PkgWatt
16.37	128.40
0.51	128.40
0.50
0.46
0.44
0.50
0.51
0.50
0.51
0.63
0.67
1.17
0.65
0.52
0.64
0.53
0.53
0.48
0.51
0.46
0.47
0.40
0.39
0.39
0.39
0.38
0.42
0.39
0.38
0.52
0.51
0.51
0.50
CorWatt	PkgWatt
16.34	128.32
0.52	128.32
0.49
0.47
0.46
0.50
0.50
0.49
0.49
0.64
0.69
0.83
1.03
0.51
0.63
0.50
0.52
0.47
0.51
0.47
0.47
0.39
0.39
0.38
0.38
0.38
0.42
0.37
0.36
0.54
0.52
0.51
0.52
CorWatt	PkgWatt
15.99	128.20
0.51	128.20
0.48
0.46
0.43
0.48
0.50
0.49
0.48
0.61
0.67
0.83
1.01
0.50
0.64
0.51
0.52
0.44
0.48
0.45
0.46
0.39
0.38
0.38
0.38
0.37
0.39
0.36
0.35
0.53
0.50
0.52
0.50
CorWatt	PkgWatt
17.19	129.81
0.52	129.81
0.52
0.45
0.45
0.52
0.50
0.51
0.50
0.45
0.50
0.49
2.73
0.51
0.62
0.52
0.53
0.46
0.49
0.46
0.46
0.39
0.38
0.38
0.38
0.37
0.35
0.36
0.35
0.52
0.51
0.50
0.50
CorWatt	PkgWatt
17.55	130.29
0.51	130.30
0.49
0.45
0.44
0.48
0.49
0.48
0.48
0.42
0.49
0.44
3.26
0.52
0.62
0.52
0.54
0.45
0.48
0.46
0.48
0.40
0.38
0.38
0.39
0.36
0.39
0.36
0.35
0.52
0.51
0.50
0.50
CorWatt	PkgWatt
17.96	130.69
0.54	130.70
0.51
0.49
0.44
0.49
0.49
0.48
0.48
0.47
0.47
0.45
3.26
0.52
0.63
0.54
0.53
0.45
0.48
0.45
0.50
0.43
0.42
0.38
0.42
0.36
0.35
0.36
0.36
0.59
0.55
0.54
0.51
CorWatt	PkgWatt
17.40	130.47
0.52	130.46
0.47
0.47
0.43
0.48
0.49
0.51
0.49
0.42
0.45
0.42
3.26
0.50
0.62
0.50
0.53
0.45
0.48
0.45
0.46
0.39
0.39
0.38
0.38
0.36
0.35
0.36
0.37
0.52
0.51
0.50
0.49
CorWatt	PkgWatt
17.60	130.33
0.53	130.34
0.49
0.47
0.45
0.50
0.53
0.49
0.49
0.43
0.44
0.42
3.26
0.52
0.61
0.52
0.54
0.45
0.48
0.46
0.48
0.39
0.38
0.38
0.40
0.37
0.36
0.37
0.35
0.52
0.51
0.51
0.51
CorWatt	PkgWatt
17.45	130.28
0.53	130.28
0.48
0.45
0.43
0.48
0.51
0.48
0.48
0.43
0.46
0.43
3.26
0.52
0.63
0.50
0.52
0.44
0.48
0.46
0.46
0.39
0.38
0.38
0.38
0.37
0.36
0.38
0.37
0.51
0.51
0.50
0.51
CorWatt	PkgWatt
17.45	130.22
0.51	130.22
0.45
0.47
0.51
0.50
0.50
0.48
0.48
0.43
0.44
0.42
3.26
0.50
0.61
0.50
0.52
0.44
0.48
0.47
0.46
0.39
0.38
0.38
0.38
0.37
0.35
0.36
0.35
0.52
0.51
0.50
0.51
CorWatt	PkgWatt
17.46	130.45
0.52	130.45
0.43
0.45
0.48
0.48
0.50
0.48
0.49
0.40
0.44
0.42
3.26
0.52
0.63
0.50
0.52
0.44
0.48
0.45
0.46
0.39
0.42
0.38
0.40
0.38
0.40
0.38
0.35
0.52
0.51
0.51
0.50
CorWatt	PkgWatt
17.64	130.38
0.54	130.38
0.45
0.45
0.46
0.50
0.50
0.49
0.50
0.41
0.47
0.43
3.26
0.52
0.61
0.51
0.53
0.47
0.48
0.46
0.48
0.39
0.40
0.38
0.39
0.39
0.38
0.37
0.36
0.56
0.51
0.51
0.51
CorWatt	PkgWatt
17.63	130.36
0.54	130.37
0.45
0.47
0.47
0.51
0.51
0.48
0.49
0.40
0.46
0.42
3.26
0.50
0.62
0.50
0.53
0.44
0.49
0.45
0.46
0.40
0.40
0.38
0.38
0.37
0.37
0.39
0.37
0.55
0.52
0.55
0.52
CorWatt	PkgWatt
17.43	130.48
0.55	130.47
0.44
0.46
0.46
0.50
0.49
0.48
0.48
0.39
0.45
0.42
3.25
0.50
0.62
0.50
0.53
0.44
0.48
0.45
0.46
0.41
0.40
0.38
0.40
0.37
0.35
0.36
0.35
0.52
0.51
0.50
0.50
CorWatt	PkgWatt
17.35	130.24
0.53	130.24
0.44
0.47
0.44
0.48
0.49
0.49
0.49
0.38
0.45
0.40
3.26
0.50
0.62
0.50
0.53
0.46
0.50
0.45
0.48
0.39
0.40
0.38
0.38
0.37
0.35
0.36
0.35
0.51
0.51
0.50
0.49
CorWatt	PkgWatt
18.25	130.38
0.60	130.39
0.55
0.54
0.71
0.56
0.57
0.72
0.56
0.47
0.50
0.47
1.35
0.56
0.67
0.57
0.57
0.85
0.55
0.51
0.53
0.47
0.47
0.45
0.48
0.44
0.42
0.43
0.41
0.57
0.57
0.57
0.56
CorWatt	PkgWatt
16.95	128.96
1.48	128.96
0.80
0.81
0.82
0.51
0.51
0.62
0.50
0.40
0.48
0.41
0.40
0.52
0.54
0.50
0.53
0.46
0.48
0.47
0.46
0.40
0.40
0.41
0.40
0.39
0.39
0.40
0.36
0.55
0.51
0.51
0.52
CorWatt	PkgWatt
16.56	128.67
1.39	128.66
0.82
0.82
0.91
0.50
0.50
0.60
0.49
0.40
0.45
0.39
0.40
0.50
0.50
0.51
0.52
0.44
0.49
0.45
0.46
0.40
0.39
0.38
0.40
0.37
0.35
0.37
0.35
0.52
0.51
0.50
0.50
CorWatt	PkgWatt
16.55	128.57
1.47	128.57
0.80
0.80
0.82
0.49
0.49
0.60
0.49
0.40
0.45
0.41
0.40
0.50
0.52
0.52
0.53
0.45
0.48
0.45
0.46
0.41
0.42
0.38
0.38
0.37
0.35
0.37
0.35
0.51
0.51
0.50
0.49
CorWatt	PkgWatt
16.81	128.66
0.97	128.67
0.82
0.80
1.34
0.52
0.51
0.63
0.52
0.40
0.45
0.39
0.39
0.51
0.51
0.51
0.53
0.45
0.50
0.47
0.46
0.40
0.42
0.40
0.40
0.40
0.35
0.37
0.35
0.53
0.51
0.51
0.51
CorWatt	PkgWatt
16.66	128.66
1.46	128.67
0.81
0.82
0.82
0.49
0.50
0.60
0.50
0.41
0.45
0.39
0.38
0.50
0.54
0.51
0.52
0.47
0.52
0.46
0.46
0.42
0.41
0.38
0.43
0.35
0.35
0.36
0.35
0.51
0.51
0.50
0.49
CorWatt	PkgWatt
16.92	128.99
1.41	128.99
0.85
0.84
1.05
0.50
0.50
0.62
0.50
0.41
0.49
0.40
0.40
0.50
0.51
0.50
0.51
0.48
0.49
0.46
0.47
0.41
0.41
0.38
0.39
0.35
0.35
0.37
0.35
0.52
0.51
0.50
0.50
CorWatt	PkgWatt
19.69	131.44
3.04	131.45
1.27
1.29
1.27
0.49
0.51
0.60
0.49
0.42
0.46
0.38
0.38
0.50
0.52
0.49
0.51
0.45
0.49
0.45
0.48
0.41
0.43
0.39
0.39
0.35
0.37
0.40
0.36
0.57
0.50
0.51
0.51
CorWatt	PkgWatt
19.77	131.36
1.52	131.36
1.27
1.29
2.78
0.52
0.53
0.60
0.49
0.44
0.46
0.39
0.39
0.50
0.51
0.50
0.54
0.47
0.49
0.46
0.47
0.41
0.41
0.39
0.40
0.39
0.36
0.39
0.36
0.52
0.51
0.51
0.51
CorWatt	PkgWatt
19.63	131.51
3.02	131.50
1.27
1.30
1.28
0.50
0.52
0.60
0.49
0.40
0.44
0.39
0.38
0.51
0.51
0.50
0.52
0.47
0.51
0.47
0.46
0.40
0.41
0.38
0.39
0.38
0.37
0.37
0.36
0.51
0.51
0.50
0.49
CorWatt	PkgWatt
19.55	131.32
3.03	131.33
1.27
1.30
1.27
0.50
0.51
0.60
0.49
0.42
0.44
0.38
0.38
0.51
0.50
0.52
0.51
0.46
0.48
0.45
0.46
0.39
0.42
0.38
0.40
0.36
0.35
0.36
0.36
0.52
0.50
0.51
0.50
CorWatt	PkgWatt
19.65	131.28
1.74	131.28
1.90
1.29
1.95
0.49
0.53
0.60
0.49
0.41
0.45
0.41
0.40
0.50
0.53
0.49
0.52
0.46
0.49
0.47
0.46
0.39
0.42
0.38
0.39
0.37
0.35
0.38
0.37
0.52
0.51
0.51
0.49
CorWatt	PkgWatt
19.73	131.42
1.29	131.41
3.01
1.29
1.28
0.53
0.53
0.60
0.50
0.42
0.44
0.38
0.39
0.50
0.52
0.53
0.52
0.46
0.51
0.46
0.46
0.40
0.42
0.39
0.40
0.35
0.36
0.37
0.36
0.53
0.51
0.51
0.51
CorWatt	PkgWatt
19.46	131.32
1.29	131.32
3.01
1.29
1.28
0.49
0.51
0.60
0.50
0.40
0.44
0.40
0.38
0.50
0.52
0.49
0.51
0.45
0.49
0.45
0.46
0.40
0.41
0.38
0.39
0.35
0.35
0.37
0.35
0.51
0.51
0.50
0.49
CorWatt	PkgWatt
19.60	131.33
1.29	131.33
3.01
1.29
1.27
0.51
0.51
0.59
0.49
0.41
0.44
0.38
0.38
0.50
0.51
0.50
0.51
0.45
0.50
0.46
0.46
0.40
0.44
0.39
0.40
0.39
0.38
0.38
0.35
0.53
0.50
0.50
0.50
CorWatt	PkgWatt
19.57	131.48
1.29	131.48
2.92
1.39
1.27
0.49
0.51
0.60
0.50
0.43
0.45
0.39
0.41
0.50
0.51
0.51
0.50
0.46
0.50
0.45
0.46
0.39
0.39
0.38
0.39
0.36
0.36
0.37
0.37
0.51
0.50
0.50
0.49
CorWatt	PkgWatt
19.96	131.90
1.29	131.90
1.60
1.97
2.03
0.50
0.51
0.60
0.50
0.44
0.48
0.42
0.40
0.50
0.51
0.51
0.51
0.49
0.52
0.48
0.48
0.40
0.41
0.39
0.40
0.40
0.36
0.38
0.36
0.54
0.53
0.51
0.53
CorWatt	PkgWatt
18.93	130.90
1.20	130.89
1.16
1.50
2.38
0.49
0.51
0.59
0.49
0.44
0.45
0.38
0.38
0.50
0.51
0.49
0.51
0.45
0.49
0.45
0.46
0.39
0.39
0.38
0.39
0.38
0.38
0.38
0.35
0.54
0.51
0.52
0.50
CorWatt	PkgWatt
19.42	133.72
0.62	133.74
0.53
0.52
0.51
0.54
0.55
0.59
0.57
0.50
2.87
0.49
0.45
0.58
0.58
0.81
0.60
0.54
0.56
0.53
0.52
0.77
0.45
0.44
0.45
0.43
0.41
0.41
0.40
0.57
0.56
0.55
0.56
CorWatt	PkgWatt
20.00	137.39
0.55	137.38
0.46
0.47
0.44
0.49
0.50
0.49
0.49
0.42
5.72
0.44
0.39
0.52
0.52
0.63
0.55
0.46
0.48
0.45
0.47
0.41
0.38
0.38
0.40
0.36
0.35
0.39
0.35
0.51
0.51
0.50
0.50
CorWatt	PkgWatt
19.99	137.30
0.55	137.29
0.45
0.46
0.44
0.50
0.50
0.49
0.50
0.44
5.73
0.43
0.39
0.53
0.53
0.61
0.54
0.45
0.48
0.46
0.46
0.40
0.38
0.38
0.39
0.37
0.36
0.36
0.35
0.52
0.50
0.50
0.51
CorWatt	PkgWatt
19.78	137.23
0.56	137.22
0.44
0.46
0.44
0.48
0.49
0.50
0.49
0.42
5.73
0.44
0.39
0.50
0.52
0.59
0.51
0.45
0.49
0.46
0.46
0.39
0.38
0.38
0.38
0.36
0.35
0.35
0.36
0.51
0.50
0.50
0.49
CorWatt	PkgWatt
19.99	137.40
0.56	137.40
0.47
0.46
0.46
0.52
0.53
0.49
0.51
0.42
5.73
0.43
0.40
0.52
0.51
0.61
0.53
0.44
0.49
0.46
0.46
0.39
0.38
0.38
0.38
0.36
0.35
0.35
0.35
0.55
0.50
0.50
0.50
CorWatt	PkgWatt
19.90	137.39
0.56	137.39
0.45
0.45
0.44
0.49
0.50
0.48
0.50
0.43
5.73
0.43
0.41
0.51
0.54
0.61
0.52
0.44
0.48
0.46
0.46
0.39
0.38
0.38
0.38
0.36
0.35
0.38
0.36
0.51
0.50
0.50
0.51
CorWatt	PkgWatt
20.03	137.39
0.55	137.39
0.46
0.48
0.46
0.50
0.51
0.49
0.50
0.44
5.72
0.43
0.40
0.51
0.52
0.60
0.52
0.45
0.49
0.47
0.46
0.40
0.39
0.38
0.40
0.38
0.36
0.36
0.36
0.52
0.50
0.50
0.50
CorWatt	PkgWatt
19.88	137.29
0.53	137.29
0.45
0.46
0.44
0.48
0.51
0.48
0.49
0.39
5.74
0.43
0.39
0.52
0.55
0.59
0.53
0.44
0.48
0.45
0.46
0.39
0.42
0.38
0.40
0.37
0.35
0.40
0.35
0.51
0.50
0.50
0.49
CorWatt	PkgWatt
20.18	137.68
0.55	137.69
0.47
0.46
0.46
0.50
0.51
0.50
0.53
0.41
5.74
0.44
0.40
0.51
0.53
0.60
0.53
0.48
0.49
0.46
0.47
0.40
0.41
0.39
0.39
0.38
0.36
0.36
0.36
0.53
0.52
0.51
0.51
CorWatt	PkgWatt
20.22	137.49
0.53	137.49
0.47
0.47
0.47
0.51
0.51
0.49
0.51
0.41
5.73
0.43
0.39
0.51
0.54
0.59
0.53
0.46
0.48
0.46
0.46
0.40
0.40
0.38
0.39
0.37
0.40
0.40
0.37
0.55
0.54
0.55
0.51
CorWatt	PkgWatt
20.13	137.49
0.54	137.49
0.46
0.47
0.47
0.50
0.50
0.49
0.50
0.41
5.74
0.43
0.40
0.51
0.52
0.60
0.53
0.45
0.49
0.47
0.47
0.43
0.40
0.38
0.41
0.38
0.35
0.36
0.35
0.56
0.51
0.51
0.51
CorWatt	PkgWatt
19.87	137.47
0.53	137.48
0.44
0.48
0.45
0.49
0.51
0.48
0.49
0.39
5.74
0.42
0.39
0.50
0.52
0.61
0.52
0.47
0.50
0.45
0.48
0.41
0.40
0.38
0.39
0.38
0.36
0.35
0.35
0.51
0.51
0.50
0.49
CorWatt	PkgWatt
19.99	137.58
0.56	137.58
0.47
0.47
0.46
0.52
0.51
0.49
0.50
0.40
5.73
0.43
0.41
0.51
0.52
0.61
0.52
0.45
0.48
0.45
0.46
0.41
0.40
0.38
0.39
0.37
0.36
0.35
0.35
0.51
0.51
0.50
0.50
CorWatt	PkgWatt
20.09	137.54
0.53	137.54
0.44
0.46
0.44
0.50
0.51
0.50
0.49
0.40
5.73
0.44
0.39
0.50
0.53
0.60
0.52
0.46
0.49
0.47
0.48
0.42
0.40
0.41
0.40
0.38
0.37
0.41
0.36
0.53
0.50
0.51
0.51
CorWatt	PkgWatt
20.21	137.54
0.53	137.54
0.46
0.48
0.48
0.51
0.51
0.49
0.51
0.42
5.74
0.43
0.40
0.51
0.52
0.62
0.56
0.46
0.49
0.46
0.47
0.40
0.40
0.38
0.39
0.38
0.38
0.41
0.36
0.53
0.51
0.50
0.51
CorWatt	PkgWatt
19.99	137.56
0.53	137.56
0.45
0.47
0.44
0.49
0.51
0.48
0.48
0.41
5.73
0.44
0.42
0.50
0.53
0.60
0.53
0.45
0.49
0.45
0.47
0.42
0.43
0.38
0.39
0.38
0.35
0.40
0.35
0.52
0.51
0.50
0.49
CorWatt	PkgWatt
20.12	137.72
0.55	137.72
0.46
0.45
0.46
0.55
0.51
0.52
0.51
0.39
5.73
0.43
0.40
0.51
0.51
0.61
0.53
0.45
0.50
0.45
0.47
0.40
0.43
0.40
0.39
0.39
0.35
0.37
0.35
0.55
0.50
0.50
0.50
CorWatt	PkgWatt
19.75	134.18
0.59	134.19
0.54
0.57
0.98
0.58
0.59
0.58
0.59
0.46
2.82
0.50
0.48
0.59
0.62
0.70
0.62
0.54
0.57
0.52
0.51
0.51
0.47
0.44
0.47
0.44
0.42
0.43
0.40
0.57
0.55
0.58
0.55
CorWatt	PkgWatt
17.99	131.07
0.54	131.06
0.46
0.47
0.57
0.55
0.56
3.24
0.58
0.42
0.49
0.42
0.40
0.53
0.53
0.51
0.55
0.48
0.50
0.46
0.48
0.41
0.42
0.39
0.40
0.39
0.37
0.40
0.36
0.53
0.52
0.52
0.52
CorWatt	PkgWatt
17.82	130.64
0.56	130.64
0.48
0.49
0.56
0.52
0.54
3.20
0.54
0.41
0.45
0.41
0.38
0.52
0.53
0.50
0.54
0.47
0.50
0.46
0.49
0.43
0.43
0.39
0.40
0.37
0.38
0.42
0.37
0.54
0.51
0.52
0.52
CorWatt	PkgWatt
17.53	130.42
0.54	130.41
0.44
0.46
0.55
0.54
0.57
3.18
0.53
0.42
0.46
0.41
0.39
0.51
0.51
0.50
0.53
0.45
0.49
0.45
0.47
0.41
0.42
0.38
0.39
0.38
0.36
0.38
0.35
0.51
0.51
0.51
0.51
CorWatt	PkgWatt
17.59	130.65
0.54	130.64
0.46
0.46
0.56
0.52
0.54
3.19
0.54
0.40
0.44
0.40
0.38
0.54
0.53
0.51
0.53
0.47
0.50
0.47
0.47
0.40
0.41
0.39
0.39
0.41
0.35
0.39
0.37
0.52
0.51
0.52
0.51
CorWatt	PkgWatt
17.66	130.59
0.54	130.59
0.45
0.46
0.55
0.53
0.54
3.20
0.54
0.41
0.44
0.40
0.39
0.54
0.53
0.53
0.53
0.47
0.49
0.46
0.47
0.40
0.43
0.39
0.40
0.38
0.37
0.38
0.36
0.53
0.51
0.52
0.51
CorWatt	PkgWatt
17.48	130.41
0.54	130.42
0.47
0.48
0.57
0.52
0.54
3.18
0.54
0.41
0.44
0.42
0.38
0.50
0.53
0.50
0.52
0.46
0.50
0.45
0.47
0.40
0.41
0.38
0.39
0.37
0.38
0.37
0.35
0.51
0.51
0.50
0.50
CorWatt	PkgWatt
17.46	130.37
0.53	130.37
0.45
0.46
0.56
0.54
0.56
3.18
0.54
0.40
0.43
0.40
0.38
0.51
0.51
0.50
0.53
0.48
0.50
0.45
0.47
0.40
0.42
0.38
0.39
0.36
0.36
0.37
0.35
0.52
0.50
0.51
0.50
CorWatt	PkgWatt
17.43	130.39
0.54	130.40
0.47
0.48
0.55
0.52
0.54
3.21
0.54
0.40
0.44
0.40
0.38
0.50
0.52
0.50
0.53
0.46
0.49
0.45
0.47
0.40
0.41
0.38
0.39
0.36
0.35
0.38
0.35
0.51
0.51
0.51
0.50
CorWatt	PkgWatt
17.73	130.72
0.54	130.71
0.48
0.48
0.54
0.52
0.55
0.59
3.17
0.42
0.43
0.40
0.39
0.53
0.54
0.51
0.53
0.46
0.50
0.46
0.47
0.40
0.43
0.39
0.40
0.39
0.39
0.39
0.35
0.54
0.51
0.51
0.52
CorWatt	PkgWatt
17.57	130.50
0.53	130.50
0.49
0.48
0.55
0.52
0.53
0.56
3.18
0.41
0.43
0.39
0.42
0.51
0.53
0.53
0.52
0.47
0.50
0.45
0.47
0.40
0.39
0.38
0.39
0.39
0.36
0.41
0.36
0.53
0.51
0.50
0.50
CorWatt	PkgWatt
17.76	130.53
0.54	130.53
0.51
0.48
0.57
0.53
0.54
0.56
3.19
0.42
0.47
0.41
0.38
0.51
0.51
0.51
0.52
0.47
0.50
0.47
0.48
0.40
0.40
0.38
0.40
0.42
0.36
0.38
0.36
0.54
0.52
0.51
0.52
CorWatt	PkgWatt
17.46	130.47
0.52	130.47
0.48
0.47
0.55
0.52
0.53
0.55
3.17
0.40
0.43
0.41
0.38
0.50
0.53
0.50
0.52
0.46
0.49
0.45
0.47
0.40
0.39
0.38
0.39
0.40
0.38
0.37
0.35
0.53
0.51
0.52
0.50
CorWatt	PkgWatt
17.81	130.44
0.55	130.45
0.49
0.46
0.56
0.54
0.56
0.57
3.19
0.43
0.43
0.43
0.39
0.51
0.53
0.55
0.56
0.47
0.49
0.46
0.47
0.41
0.41
0.39
0.39
0.40
0.37
0.37
0.35
0.54
0.53
0.51
0.51
CorWatt	PkgWatt
17.56	130.37
0.53	130.36
0.47
0.47
0.56
0.52
0.53
2.76
0.99
0.41
0.46
0.41
0.38
0.53
0.53
0.53
0.55
0.46
0.48
0.45
0.48
0.41
0.39
0.38
0.40
0.38
0.35
0.38
0.35
0.52
0.52
0.50
0.49
CorWatt	PkgWatt
17.45	130.45
0.53	130.44
0.45
0.47
0.55
0.52
0.53
3.17
0.56
0.41
0.45
0.41
0.38
0.53
0.54
0.50
0.53
0.45
0.49
0.45
0.47
0.40
0.39
0.38
0.40
0.38
0.35
0.36
0.35
0.51
0.51
0.50
0.50
CorWatt	PkgWatt
17.34	130.12
0.54	130.12
0.45
0.47
0.55
0.53
0.53
3.18
0.53
0.40
0.43
0.41
0.39
0.50
0.53
0.50
0.53
0.46
0.49
0.45
0.47
0.40
0.39
0.38
0.39
0.37
0.35
0.36
0.36
0.51
0.50
0.50
0.49
CorWatt	PkgWatt
17.68	130.44
0.55	130.44
0.48
0.48
0.55
0.52
0.59
3.17
0.51
0.42
0.44
0.42
0.40
0.54
0.54
0.54
0.55
0.47
0.50
0.46
0.47
0.40
0.39
0.39
0.39
0.38
0.36
0.37
0.35
0.52
0.51
0.51
0.51
CorWatt	PkgWatt
17.91	129.99
0.80	130.00
0.52
0.54
0.57
0.65
0.68
1.11
0.67
0.48
0.53
0.47
0.48
0.58
0.62
0.89
0.60
0.50
0.52
0.51
0.51
0.45
0.44
0.44
0.44
0.45
0.39
0.44
0.39
0.57
0.55
0.55
0.56
CorWatt	PkgWatt
16.42	128.77
0.62	128.76
0.47
0.49
0.48
0.76
0.77
0.83
1.34
0.42
0.44
0.41
0.39
0.50
0.52
0.50
0.52
0.45
0.49
0.47
0.47
0.40
0.40
0.39
0.39
0.40
0.35
0.37
0.35
0.52
0.51
0.51
0.50
CorWatt	PkgWatt
16.33	128.66
0.60	128.66
0.45
0.46
0.45
0.76
0.78
0.89
1.31
0.41
0.44
0.41
0.38
0.52
0.54
0.50
0.52
0.45
0.49
0.45
0.46
0.40
0.43
0.39
0.41
0.35
0.35
0.40
0.35
0.51
0.51
0.50
0.50
CorWatt	PkgWatt
16.53	128.65
0.61	128.65
0.47
0.47
0.48
0.77
0.77
0.82
1.37
0.42
0.48
0.41
0.40
0.51
0.53
0.50
0.53
0.46
0.49
0.46
0.47
0.41
0.40
0.38
0.39
0.38
0.36
0.37
0.36
0.54
0.52
0.51
0.51
CorWatt	PkgWatt
16.62	128.65
0.61	128.66
0.47
0.48
0.46
0.78
0.78
1.39
0.77
0.41
0.45
0.41
0.39
0.51
0.54
0.51
0.53
0.47
0.49
0.46
0.47
0.40
0.41
0.39
0.39
0.36
0.38
0.40
0.38
0.54
0.52
0.54
0.52
CorWatt	PkgWatt
17.08	129.26
0.61	129.26
0.46
0.48
0.47
0.85
0.87
0.99
1.65
0.42
0.44
0.41
0.40
0.50
0.51
0.50
0.56
0.46
0.49
0.45
0.46
0.42
0.40
0.38
0.40
0.36
0.35
0.38
0.35
0.54
0.51
0.50
0.50
CorWatt	PkgWatt
19.38	131.24
0.59	131.24
0.45
0.54
0.45
1.17
1.18
1.18
3.18
0.40
0.45
0.42
0.38
0.50
0.52
0.50
0.54
0.48
0.50
0.46
0.48
0.41
0.40
0.39
0.39
0.35
0.35
0.36
0.35
0.51
0.52
0.51
0.49
CorWatt	PkgWatt
19.70	131.57
0.60	131.58
0.49
0.53
0.47
1.23
1.24
1.23
3.17
0.43
0.44
0.41
0.40
0.51
0.52
0.50
0.53
0.46
0.50
0.46
0.47
0.42
0.41
0.40
0.41
0.36
0.35
0.36
0.35
0.52
0.52
0.51
0.51
CorWatt	PkgWatt
19.60	131.68
0.59	131.68
0.45
0.52
0.44
1.23
1.23
2.19
2.22
0.40
0.43
0.43
0.38
0.50
0.52
0.50
0.53
0.46
0.49
0.46
0.48
0.40
0.40
0.40
0.39
0.36
0.37
0.39
0.36
0.53
0.50
0.51
0.51
CorWatt	PkgWatt
19.46	131.46
0.59	131.45
0.48
0.51
0.47
1.23
1.24
3.17
1.22
0.41
0.44
0.40
0.39
0.50
0.51
0.50
0.53
0.45
0.49
0.45
0.47
0.40
0.40
0.39
0.39
0.35
0.35
0.36
0.35
0.51
0.51
0.50
0.50
CorWatt	PkgWatt
19.57	131.52
0.59	131.52
0.45
0.50
0.45
1.23
1.24
3.17
1.23
0.41
0.43
0.42
0.40
0.50
0.53
0.50
0.54
0.45
0.49
0.45
0.47
0.42
0.42
0.39
0.39
0.39
0.35
0.38
0.35
0.53
0.52
0.50
0.49
CorWatt	PkgWatt
19.61	131.63
0.60	131.63
0.47
0.51
0.48
1.19
1.20
3.18
1.19
0.43
0.44
0.40
0.39
0.54
0.51
0.51
0.52
0.46
0.50
0.46
0.47
0.40
0.43
0.41
0.39
0.38
0.35
0.38
0.35
0.53
0.51
0.51
0.52
CorWatt	PkgWatt
19.59	131.68
0.59	131.68
0.45
0.54
0.44
1.23
1.23
1.24
3.16
0.39
0.43
0.40
0.38
0.51
0.54
0.52
0.52
0.47
0.53
0.45
0.46
0.42
0.41
0.39
0.42
0.37
0.37
0.38
0.35
0.51
0.51
0.50
0.49
CorWatt	PkgWatt
19.53	131.55
0.58	131.55
0.47
0.52
0.46
1.23
1.23
1.24
3.16
0.39
0.48
0.41
0.40
0.51
0.51
0.50
0.51
0.46
0.49
0.45
0.46
0.40
0.43
0.38
0.39
0.39
0.35
0.36
0.35
0.51
0.51
0.50
0.50
CorWatt	PkgWatt
19.67	131.49
0.60	131.49
0.46
0.52
0.44
1.23
1.23
1.24
3.16
0.41
0.43
0.40
0.38
0.50
0.52
0.51
0.52
0.46
0.49
0.45
0.49
0.41
0.43
0.39
0.39
0.37
0.39
0.41
0.37
0.53
0.50
0.51
0.52
CorWatt	PkgWatt
19.55	131.56
0.58	131.56
0.46
0.50
0.46
1.20
1.22
3.17
1.21
0.39
0.44
0.40
0.40
0.51
0.51
0.50
0.55
0.47
0.49
0.46
0.47
0.40
0.42
0.39
0.39
0.41
0.35
0.38
0.36
0.53
0.51
0.51
0.51
CorWatt	PkgWatt
19.52	131.50
0.58	131.50
0.45
0.51
0.47
1.21
1.23
3.17
1.21
0.38
0.44
0.39
0.38
0.51
0.52
0.50
0.52
0.47
0.50
0.48
0.47
0.39
0.41
0.39
0.39
0.40
0.36
0.37
0.37
0.51
0.50
0.52
0.51
CorWatt	PkgWatt
19.28	130.89
0.67	131.01
0.52
0.63
0.54
0.94
0.95
2.10
0.95
0.46
0.50
0.47
0.49
0.58
0.53
0.58
0.60
0.54
0.54
0.51
0.51
0.41
0.45
0.42
0.41
0.49
0.41
0.48
0.41
0.57
0.55
0.54
0.54
