CorWatt	PkgWatt
162.02	386.93
2.22	153.73
2.15
2.20
2.17
2.15
2.12
2.14
2.21
2.10
2.10
2.08
2.15
2.17
2.12
2.11
2.12
2.43
2.35
2.28
2.23
2.25
2.18
2.21
2.25
2.18
2.20
2.11
2.29
2.22
2.12
2.21
2.13
2.10	149.43
2.10
2.10
2.09
2.11
2.11
2.08
2.12
2.02
2.11
2.12
2.03
2.04
1.96
2.06
1.99
2.07
2.08
2.03
2.05
2.07
2.16
2.10
2.06
2.07
2.08
2.01
2.06
2.05
2.11
2.04
2.09
CorWatt	PkgWatt
152.24	310.60
2.63	159.49
2.35
2.58
2.48
2.30
2.10
2.17
2.19
2.20
2.14
2.08
2.11
2.18
2.50
2.39
2.24
3.08
3.35
3.21
3.22
2.44
2.58
2.62
2.20
2.32
2.72
2.46
2.56
2.43
2.57
2.54
2.35
2.23	151.06
2.32
2.29
2.27
2.39
2.37
2.32
2.41
2.14
2.40
2.40
2.15
2.32
2.12
2.17
2.13
2.33
2.24
2.25
2.12
2.29
2.44
2.21
2.28
2.29
2.35
2.14
2.32
2.34
2.38
2.18
2.36
CorWatt	PkgWatt
151.22	325.26
2.60	166.55
2.35
2.61
2.48
2.29
2.11
2.17
2.17
2.19
2.14
2.08
2.13
2.18
2.66
2.42
2.24
3.16
3.27
3.24
3.18
2.48
2.58
2.61
2.19
2.33
2.67
2.44
2.60
2.44
2.62
2.50
2.33
2.17	158.69
2.18
2.30
2.30
2.31
2.31
2.29
2.31
2.12
2.29
2.28
2.11
2.35
2.13
2.13
2.10
2.31
2.20
2.24
2.16
2.23
2.36
2.18
2.25
2.24
2.30
2.22
2.22
2.31
2.34
2.19
2.28
CorWatt	PkgWatt
151.42	343.10
2.62	175.07
2.42
2.64
2.52
2.29
2.15
2.19
2.23
2.21
2.12
2.08
2.10
2.17
2.70
2.45
2.28
3.14
3.30
3.15
3.20
2.41
2.55
2.56
2.18
2.31
2.63
2.40
2.54
2.39
2.61
2.48
2.31
2.32	168.05
2.36
2.38
2.65
2.34
2.46
2.26
2.32
2.22
2.22
1.92
2.18
2.11
2.21
2.05
2.10
2.42
1.91
2.20
2.28
1.98
2.40
2.34
2.30
2.50
2.06
2.34
2.12
2.22
2.23
2.49
2.17
CorWatt	PkgWatt
152.22	343.82
2.89	175.03
2.39
2.61
2.58
2.32
2.16
2.18
2.20
2.21
2.12
2.07
2.13
2.19
2.62
2.45
2.27
3.07
3.29
3.20
3.28
2.41
2.54
2.54
2.18
2.30
2.62
2.40
2.54
2.37
2.61
2.47
2.34
2.30	168.84
2.30
2.39
2.49
2.36
2.41
2.44
2.47
2.11
2.24
1.91
2.24
2.14
2.25
2.15
2.17
2.38
2.23
2.17
2.47
1.98
2.46
2.44
2.26
2.30
2.03
2.43
2.35
2.26
2.09
2.44
2.05
CorWatt	PkgWatt
151.80	343.05
2.32	174.37
2.38
2.76
2.59
2.33
2.19
2.18
2.20
2.20
2.12
2.04
2.11
2.17
2.58
2.39
2.28
3.06
3.29
3.19
3.22
2.44
2.59
2.55
2.20
2.31
2.63
2.41
2.51
2.40
2.58
2.57
2.35
2.18	168.56
2.28
2.28
2.54
2.41
2.48
2.50
2.47
2.09
2.20
2.07
2.38
2.10
2.25
2.15
2.21
2.32
2.25
2.18
2.43
1.95
2.46
2.50
2.30
2.30
2.01
2.18
2.38
2.14
2.23
2.46
1.93
CorWatt	PkgWatt
152.70	345.48
2.29	175.90
2.40
2.87
2.53
2.28
2.14
2.12
2.22
2.10
2.14
2.11
2.18
2.19
2.66
2.42
2.28
3.09
3.34
3.35
3.21
2.43
2.73
2.65
2.20
2.29
2.46
2.38
2.40
2.43
2.55
2.63
2.37
1.99	167.15
2.21
2.36
2.57
2.37
2.44
2.52
2.56
2.12
2.14
2.17
2.42
2.16
2.28
2.19
2.23
2.22
2.23
2.16
2.38
1.95
2.43
2.48
2.26
2.29
2.06
2.20
2.39
2.15
2.21
2.46
1.93
