CorWatt	PkgWatt
15.08	126.65
0.55	126.66
0.50
0.49
0.53
0.53
0.53
0.57
0.50
0.39
0.45
0.40
0.39
0.54
0.51
0.56
0.53
0.50
0.47
0.45
0.47
0.41
0.40
0.41
0.44
0.38
0.39
0.36
0.37
0.51
0.50
0.53
0.50
CorWatt	PkgWatt
14.67	126.37
0.54	126.35
0.46
0.47
0.50
0.51
0.50
0.56
0.53
0.38
0.44
0.43
0.39
0.49
0.52
0.49
0.52
0.45
0.45
0.46
0.48
0.40
0.39
0.38
0.42
0.39
0.38
0.37
0.35
0.50
0.51
0.51
0.51
CorWatt	PkgWatt
21.68	132.53
0.77	132.57
0.59
0.61
0.59
0.67
0.63
0.72
2.62
0.64
0.63
0.52
0.57
0.65
0.67
0.65
0.67
0.63
0.62
0.63
0.60
0.57
0.59
0.64
0.58
0.45
0.52
0.52
0.50
0.65
0.62
0.65
0.72
CorWatt	PkgWatt
16.13	127.45
1.18	127.43
0.66
0.69
0.67
0.49
0.50
0.60
0.60
0.46
0.43
0.38
0.38
0.49
0.53
0.49
0.52
0.49
0.44
0.44
0.45
0.43
0.39
0.43
0.47
0.35
0.40
0.38
0.37
0.51
0.50
0.50
0.52
CorWatt	PkgWatt
16.23	127.39
1.00	127.39
0.97
0.73
0.67
0.48
0.49
0.60
0.59
0.37
0.43
0.37
0.38
0.49
0.53
0.54
0.52
0.45
0.48
0.44
0.47
0.43
0.38
0.48
0.42
0.36
0.37
0.37
0.35
0.50
0.51
0.52
0.55
CorWatt	PkgWatt
16.28	127.60
0.71	127.60
1.23
0.73
0.68
0.51
0.49
0.59
0.59
0.40
0.43
0.38
0.39
0.52
0.54
0.57
0.53
0.44
0.45
0.47
0.50
0.42
0.40
0.41
0.43
0.36
0.39
0.36
0.35
0.50
0.50
0.49
0.52
CorWatt	PkgWatt
15.87	127.27
0.94	127.26
1.01
0.73
0.68
0.48
0.48
0.60
0.59
0.36
0.42
0.38
0.38
0.49
0.53
0.54
0.51
0.44
0.44
0.44
0.46
0.39
0.38
0.38
0.41
0.35
0.37
0.35
0.35
0.50
0.49
0.49
0.50
CorWatt	PkgWatt
16.14	127.67
1.25	127.67
0.90
0.69
0.66
0.48
0.49
0.60
0.58
0.39
0.42
0.36
0.39
0.49
0.53
0.54
0.51
0.44
0.45
0.45
0.48
0.41
0.38
0.39
0.41
0.38
0.39
0.35
0.35
0.50
0.49
0.49
0.50
CorWatt	PkgWatt
17.16	129.51
3.19	129.51
0.52
0.53
0.44
0.48
0.49
0.57
0.56
0.36
0.42
0.36
0.39
0.49
0.54
0.53
0.51
0.47
0.46
0.44
0.46
0.39
0.38
0.37
0.41
0.35
0.37
0.36
0.35
0.50
0.49
0.49
0.51
CorWatt	PkgWatt
17.23	129.39
3.19	129.38
0.50
0.52
0.44
0.48
0.49
0.53
0.58
0.39
0.43
0.37
0.39
0.49
0.55
0.53
0.52
0.44
0.45
0.45
0.46
0.40
0.39
0.38
0.41
0.37
0.39
0.38
0.35
0.50
0.49
0.51
0.49
CorWatt	PkgWatt
17.52	129.58
3.18	129.59
0.49
0.52
0.44
0.48
0.49
0.56
0.57
0.39
0.43
0.39
0.40
0.50
0.55
0.53
0.54
0.45
0.48
0.45
0.48
0.42
0.38
0.42
0.43
0.35
0.40
0.37
0.38
0.52
0.50
0.49
0.51
CorWatt	PkgWatt
17.37	129.53
3.19	129.53
0.50
0.51
0.45
0.49
0.49
0.55
0.59
0.37
0.42
0.42
0.39
0.50
0.54
0.53
0.52
0.44
0.45
0.45
0.47
0.41
0.38
0.39
0.43
0.35
0.35
0.36
0.36
0.52
0.52
0.52
0.53
CorWatt	PkgWatt
17.16	129.39
3.19	129.39
0.48
0.51
0.43
0.47
0.48
0.55
0.58
0.37
0.43
0.37
0.41
0.49
0.55
0.53
0.53
0.43
0.44
0.44
0.45
0.40
0.39
0.38
0.41
0.35
0.36
0.35
0.35
0.51
0.52
0.52
0.50
CorWatt	PkgWatt
17.41	129.44
3.18	129.44
0.48
0.52
0.46
0.48
0.50
0.54
0.57
0.37
0.43
0.38
0.39
0.49
0.56
0.54
0.54
0.48
0.46
0.46
0.46
0.41
0.38
0.39
0.42
0.40
0.35
0.36
0.36
0.53
0.51
0.52
0.50
CorWatt	PkgWatt
17.23	129.28
3.18	129.27
0.51
0.51
0.45
0.47
0.49
0.54
0.57
0.37
0.45
0.37
0.40
0.51
0.55
0.54
0.52
0.48
0.45
0.44
0.45
0.41
0.38
0.39
0.41
0.35
0.35
0.35
0.35
0.51
0.50
0.50
0.50
CorWatt	PkgWatt
17.10	129.10
3.19	129.10
0.49
0.52
0.44
0.49
0.49
0.54
0.59
0.38
0.44
0.38
0.39
0.49
0.54
0.52
0.53
0.43
0.44
0.44
0.46
0.41
0.38
0.37
0.41
0.35
0.35
0.35
0.35
0.50
0.49
0.49
0.49
CorWatt	PkgWatt
17.06	129.25
3.19	129.25
0.49
0.52
0.43
0.49
0.49
0.54
0.58
0.36
0.42
0.38
0.38
0.49
0.54
0.53
0.52
0.44
0.44
0.44
0.45
0.39
0.38
0.39
0.41
0.35
0.35
0.35
0.35
0.50
0.49
0.49
0.50
CorWatt	PkgWatt
17.82	129.72
3.19	129.74
0.53
0.55
0.47
0.53
0.50
0.54
0.60
0.40
0.45
0.41
0.44
0.51
0.59
0.56
0.55
0.47
0.48
0.48
0.49
0.41
0.40
0.38
0.43
0.38
0.35
0.38
0.35
0.51
0.49
0.50
0.49
CorWatt	PkgWatt
17.32	129.33
3.19	129.32
0.49
0.52
0.44
0.49
0.50
0.55
0.58
0.38
0.45
0.40
0.39
0.50
0.54
0.53
0.52
0.45
0.45
0.45
0.46
0.42
0.38
0.40
0.42
0.36
0.35
0.37
0.37
0.51
0.49
0.49
0.50
CorWatt	PkgWatt
17.01	129.10
3.04	129.10
0.50
0.52
0.43
0.48
0.49
0.54
0.57
0.37
0.42
0.36
0.38
0.49
0.54
0.52
0.53
0.44
0.44
0.46
0.46
0.41
0.38
0.38
0.42
0.40
0.35
0.35
0.35
0.52
0.49
0.49
0.49
CorWatt	PkgWatt
18.16	129.47
1.13	129.47
0.68
0.68
0.65
0.58
0.57
0.84
0.64
0.45
0.51
0.43
0.77
0.56
0.57
0.61
0.59
0.54
0.49
0.48
0.50
0.47
0.43
0.45
0.51
0.42
0.43
0.42
0.47
0.60
0.54
0.56
0.56
CorWatt	PkgWatt
16.95	128.12
1.49	128.13
0.80
0.79
0.79
0.50
0.50
0.64
0.54
0.38
0.43
0.44
0.39
0.50
0.51
0.55
0.52
0.53
0.47
0.46
0.48
0.42
0.39
0.39
0.42
0.36
0.37
0.37
0.41
0.54
0.52
0.52
0.53
CorWatt	PkgWatt
16.62	127.91
1.48	127.90
0.79
0.79
0.79
0.50
0.49
0.64
0.54
0.38
0.43
0.37
0.40
0.49
0.50
0.55
0.56
0.50
0.45
0.44
0.45
0.39
0.38
0.39
0.40
0.37
0.38
0.35
0.35
0.51
0.52
0.52
0.52
CorWatt	PkgWatt
16.50	128.06
1.48	128.06
0.80
0.79
0.78
0.49
0.49
0.63
0.51
0.37
0.42
0.38
0.38
0.49
0.50
0.54
0.55
0.51
0.45
0.44
0.46
0.41
0.40
0.42
0.42
0.35
0.36
0.35
0.35
0.50
0.50
0.50
0.49
CorWatt	PkgWatt
16.39	127.77
1.46	127.77
0.80
0.79
0.79
0.48
0.49
0.64
0.50
0.37
0.43
0.36
0.38
0.50
0.51
0.54
0.56
0.44
0.47
0.45
0.47
0.39
0.38
0.38
0.40
0.35
0.36
0.36
0.35
0.52
0.49
0.49
0.50
CorWatt	PkgWatt
16.75	128.08
1.34	128.08
0.96
0.80
0.82
0.49
0.49
0.66
0.53
0.39
0.42
0.38
0.39
0.51
0.50
0.55
0.56
0.47
0.46
0.44
0.48
0.42
0.39
0.41
0.43
0.38
0.36
0.36
0.35
0.51
0.50
0.50
0.50
CorWatt	PkgWatt
18.39	129.56
1.16	129.57
1.98
1.01
1.01
0.49
0.51
0.64
0.52
0.41
0.46
0.41
0.41
0.54
0.53
0.60
0.57
0.46
0.49
0.47
0.48
0.39
0.38
0.39
0.41
0.38
0.41
0.39
0.38
0.55
0.55
0.53
0.52
CorWatt	PkgWatt
19.48	130.66
1.28	130.64
3.04
1.29
1.27
0.49
0.49
0.65
0.49
0.38
0.42
0.36
0.41
0.50
0.50
0.56
0.54
0.45
0.47
0.44
0.47
0.40
0.38
0.39
0.41
0.35
0.36
0.35
0.35
0.50
0.51
0.49
0.49
CorWatt	PkgWatt
19.46	130.56
1.62	130.56
2.68
1.29
1.27
0.49
0.49
0.65
0.48
0.38
0.43
0.39
0.41
0.50
0.50
0.55
0.54
0.45
0.46
0.44
0.46
0.39
0.38
0.40
0.41
0.35
0.36
0.35
0.35
0.51
0.50
0.49
0.50
CorWatt	PkgWatt
19.62	130.90
3.04	130.90
1.27
1.29
1.27
0.50
0.49
0.65
0.50
0.38
0.42
0.38
0.39
0.51
0.53
0.55
0.54
0.46
0.47
0.45
0.47
0.41
0.40
0.41
0.43
0.36
0.36
0.36
0.35
0.50
0.49
0.50
0.50
CorWatt	PkgWatt
19.67	131.03
3.06	131.04
1.27
1.29
1.27
0.50
0.49
0.63
0.48
0.37
0.41
0.40
0.38
0.52
0.50
0.59
0.54
0.48
0.46
0.45
0.47
0.42
0.41
0.41
0.43
0.35
0.38
0.35
0.35
0.51
0.50
0.50
0.50
CorWatt	PkgWatt
19.60	130.89
2.43	130.89
1.90
1.29
1.27
0.49
0.49
0.65
0.49
0.37
0.42
0.43
0.38
0.49
0.50
0.55
0.54
0.47
0.46
0.45
0.48
0.41
0.40
0.39
0.41
0.37
0.38
0.35
0.35
0.51
0.49
0.49
0.49
CorWatt	PkgWatt
19.65	130.85
2.70	130.85
1.62
1.29
1.27
0.49
0.50
0.66
0.48
0.38
0.42
0.37
0.39
0.50
0.50
0.53
0.54
0.47
0.47
0.44
0.46
0.40
0.40
0.41
0.42
0.37
0.39
0.37
0.35
0.52
0.52
0.51
0.52
CorWatt	PkgWatt
19.66	131.07
3.04	131.06
1.28
1.29
1.27
0.49
0.51
0.64
0.49
0.37
0.43
0.37
0.38
0.50
0.51
0.54
0.55
0.46
0.46
0.45
0.47
0.41
0.39
0.40
0.42
0.36
0.40
0.38
0.38
0.51
0.50
0.51
0.50
CorWatt	PkgWatt
19.51	130.89
3.04	130.89
1.27
1.29
1.27
0.49
0.49
0.64
0.48
0.36
0.42
0.36
0.38
0.50
0.50
0.53
0.54
0.46
0.48
0.44
0.47
0.39
0.38
0.38
0.41
0.36
0.37
0.38
0.36
0.50
0.50
0.51
0.51
CorWatt	PkgWatt
19.58	130.79
1.28	130.80
1.87
2.44
1.27
0.49
0.49
0.63
0.54
0.39
0.42
0.36
0.38
0.49
0.50
0.58
0.54
0.47
0.46
0.44
0.47
0.40
0.41
0.41
0.41
0.35
0.38
0.35
0.35
0.51
0.50
0.50
0.49
CorWatt	PkgWatt
19.47	130.72
1.28	130.72
3.03
1.29
1.27
0.49
0.49
0.63
0.54
0.38
0.42
0.37
0.39
0.50
0.50
0.53
0.54
0.45
0.45
0.45
0.46
0.40
0.38
0.40
0.41
0.35
0.37
0.35
0.35
0.50
0.50
0.50
0.50
CorWatt	PkgWatt
19.63	131.12
0.97	131.12
1.83
0.94
0.92
0.55
0.55
0.71
0.61
0.45
0.51
0.45
0.44
0.56
0.57
0.59
0.62
0.49
0.52
0.51
0.53
0.46
0.45
0.44
0.47
0.46
0.46
0.88
0.41
0.60
0.57
0.57
0.57
CorWatt	PkgWatt
16.27	127.94
0.55	127.95
0.46
0.47
0.44
0.57
0.50
0.56
0.52
0.38
0.45
0.38
0.39
0.51
0.51
0.49
0.53
0.44
0.48
0.45
0.47
0.40
0.40
0.43
0.41
0.35
0.38
0.50
0.36
0.78
0.92
1.09
0.72
CorWatt	PkgWatt
15.96	127.66
0.53	127.66
0.44
0.44
0.44
0.54
0.50
0.55
0.49
0.36
0.43
0.38
0.38
0.50
0.50
0.50
0.52
0.45
0.46
0.44
0.46
0.40
0.38
0.38
0.41
0.37
0.39
0.48
0.35
0.80
0.78
1.18
0.74
CorWatt	PkgWatt
16.10	127.68
0.54	127.69
0.43
0.44
0.44
0.54
0.50
0.57
0.50
0.39
0.42
0.38
0.41
0.50
0.50
0.51
0.52
0.44
0.47
0.44
0.47
0.39
0.40
0.39
0.41
0.35
0.39
0.48
0.37
0.79
1.08
0.91
0.74
CorWatt	PkgWatt
16.60	128.27
0.55	128.27
0.45
0.46
0.45
0.54
0.51
0.56
0.51
0.39
0.45
0.44
0.40
0.53
0.53
0.53
0.54
0.49
0.48
0.47
0.48
0.44
0.39
0.41
0.44
0.38
0.37
0.47
0.37
0.99
0.92
0.89
0.77
CorWatt	PkgWatt
15.94	127.94
0.51	127.94
0.42
0.44
0.43
0.52
0.49
0.55
0.48
0.36
0.42
0.37
0.38
0.50
0.50
0.51
0.53
0.44
0.45
0.44
0.45
0.39
0.38
0.38
0.41
0.36
0.36
0.48
0.35
1.39
0.73
0.77
0.73
CorWatt	PkgWatt
18.83	133.14
0.55	133.14
0.43
0.46
0.44
0.54
0.49
0.54
0.50
0.38
0.45
0.39
0.39
0.51
0.51
0.53
0.53
0.47
0.47
0.45
0.46
0.40
0.38
0.38
0.41
0.38
0.36
0.49
0.36
4.56
0.55
0.58
0.51
CorWatt	PkgWatt
18.78	133.26
0.53	133.26
0.44
0.44
0.44
0.50
0.48
0.54
0.49
0.38
0.45
0.38
0.41
0.53
0.53
0.56
0.54
0.44
0.45
0.44
0.46
0.40
0.38
0.38
0.41
0.36
0.36
0.48
0.36
4.58
0.53
0.57
0.52
CorWatt	PkgWatt
18.94	133.55
0.55	133.55
0.46
0.46
0.43
0.50
0.49
0.55
0.50
0.39
0.45
0.40
0.41
0.54
0.52
0.54
0.54
0.46
0.46
0.45
0.47
0.40
0.38
0.39
0.41
0.37
0.37
0.47
0.37
4.59
0.54
0.57
0.52
CorWatt	PkgWatt
18.70	133.22
0.54	133.22
0.42
0.44
0.43
0.48
0.48
0.54
0.49
0.39
0.43
0.38
0.41
0.51
0.51
0.52
0.53
0.45
0.46
0.45
0.46
0.39
0.38
0.44
0.41
0.37
0.36
0.48
0.36
4.59
0.53
0.57
0.52
CorWatt	PkgWatt
18.99	133.43
0.56	133.44
0.44
0.47
0.45
0.50
0.49
0.56
0.50
0.39
0.44
0.40
0.41
0.52
0.55
0.55
0.55
0.50
0.46
0.45
0.47
0.40
0.38
0.39
0.40
0.36
0.36
0.47
0.37
4.59
0.52
0.58
0.51
CorWatt	PkgWatt
18.74	133.50
0.56	133.49
0.43
0.44
0.43
0.48
0.50
0.54
0.49
0.40
0.45
0.38
0.39
0.51
0.52
0.52
0.54
0.45
0.46
0.45
0.46
0.39
0.38
0.39
0.41
0.36
0.36
0.48
0.37
4.59
0.52
0.58
0.52
CorWatt	PkgWatt
18.86	133.38
0.54	133.38
0.44
0.45
0.44
0.49
0.49
0.55
0.49
0.39
0.44
0.38
0.40
0.51
0.52
0.52
0.54
0.45
0.47
0.46
0.46
0.40
0.38
0.39
0.42
0.42
0.37
0.48
0.37
4.60
0.53
0.57
0.52
CorWatt	PkgWatt
18.77	133.32
0.54	133.33
0.42
0.44
0.46
0.49
0.48
0.54
0.48
0.38
0.45
0.37
0.41
0.52
0.51
0.53
0.55
0.44
0.46
0.44
0.45
0.40
0.38
0.41
0.43
0.37
0.38
0.48
0.37
4.59
0.54
0.57
0.52
CorWatt	PkgWatt
19.31	133.75
0.55	133.75
0.43
0.47
0.53
0.49
0.49
0.54
0.50
0.40
0.47
0.44
0.40
0.54
0.55
0.54
0.56
0.47
0.49
0.45
0.51
0.43
0.38
0.38
0.43
0.36
0.40
0.47
0.37
4.59
0.54
0.59
0.55
CorWatt	PkgWatt
18.88	133.49
0.54	133.49
0.42
0.44
0.48
0.48
0.49
0.54
0.49
0.38
0.45
0.39
0.41
0.51
0.51
0.49
0.51
0.51
0.45
0.44
0.45
0.39
0.38
0.40
0.42
0.40
0.39
0.48
0.37
4.60
0.55
0.56
0.57
CorWatt	PkgWatt
18.98	133.52
0.55	133.52
0.45
0.46
0.44
0.49
0.49
0.54
0.49
0.39
0.45
0.38
0.40
0.52
0.52
0.50
0.52
0.50
0.47
0.46
0.48
0.41
0.40
0.40
0.42
0.37
0.37
0.47
0.37
4.59
0.54
0.56
0.55
CorWatt	PkgWatt
18.71	133.38
0.54	133.38
0.44
0.46
0.44
0.48
0.48
0.54
0.49
0.38
0.44
0.37
0.39
0.51
0.51
0.50
0.52
0.44
0.47
0.46
0.47
0.39
0.38
0.38
0.42
0.36
0.36
0.48
0.36
4.60
0.53
0.55
0.55
CorWatt	PkgWatt
17.96	129.88
0.61	129.90
0.51
0.77
0.53
0.89
0.63
0.68
0.66
0.44
0.50
0.42
0.79
0.56
0.56
0.55
0.57
0.52
0.52
0.49
0.51
0.47
0.43
0.46
0.48
0.45
0.41
0.47
0.41
0.92
0.58
0.57
0.60
CorWatt	PkgWatt
16.15	127.99
0.53	127.97
0.43
0.60
0.44
1.23
0.74
0.79
0.73
0.38
0.44
0.38
0.41
0.52
0.50
0.49
0.51
0.45
0.46
0.45
0.46
0.40
0.38
0.40
0.43
0.35
0.36
0.37
0.37
0.54
0.54
0.53
0.54
CorWatt	PkgWatt
16.23	127.99
0.55	127.99
0.45
0.57
0.44
1.10
0.73
0.93
0.77
0.39
0.44
0.37
0.42
0.50
0.51
0.49
0.51
0.45
0.48
0.46
0.48
0.40
0.38
0.40
0.43
0.35
0.37
0.36
0.36
0.57
0.53
0.50
0.54
CorWatt	PkgWatt
16.03	127.97
0.55	127.97
0.43
0.56
0.43
1.22
0.72
0.73
0.76
0.38
0.45
0.41
0.42
0.51
0.50
0.48
0.51
0.48
0.45
0.45
0.45
0.39
0.38
0.40
0.43
0.35
0.35
0.35
0.36
0.58
0.52
0.50
0.53
CorWatt	PkgWatt
16.00	127.85
0.53	127.85
0.42
0.57
0.43
1.19
0.72
0.79
0.78
0.38
0.44
0.37
0.39
0.53
0.52
0.51
0.50
0.46
0.46
0.44
0.46
0.40
0.40
0.41
0.42
0.35
0.35
0.36
0.35
0.56
0.51
0.50
0.52
CorWatt	PkgWatt
16.41	128.24
0.56	128.24
0.44
0.55
0.47
1.58
0.70
0.69
0.76
0.37
0.44
0.38
0.39
0.53
0.51
0.51
0.51
0.46
0.45
0.44
0.47
0.42
0.39
0.39
0.45
0.38
0.35
0.35
0.35
0.56
0.51
0.50
0.53
CorWatt	PkgWatt
17.97	129.88
0.55	129.88
0.44
0.46
0.54
3.17
0.64
0.62
0.69
0.40
0.45
0.45
0.40
0.51
0.51
0.50
0.52
0.48
0.47
0.47
0.49
0.41
0.39
0.39
0.42
0.41
0.36
0.36
0.36
0.56
0.52
0.51
0.53
CorWatt	PkgWatt
17.67	129.89
0.54	129.89
0.44
0.45
0.55
3.15
0.62
0.63
0.69
0.37
0.44
0.37
0.38
0.51
0.50
0.48
0.50
0.46
0.47
0.45
0.47
0.40
0.38
0.40
0.41
0.37
0.37
0.37
0.35
0.57
0.51
0.50
0.55
CorWatt	PkgWatt
17.55	129.73
0.53	129.73
0.43
0.44
0.57
3.15
0.63
0.62
0.69
0.37
0.44
0.36
0.38
0.50
0.50
0.48
0.50
0.45
0.46
0.44
0.48
0.40
0.38
0.41
0.41
0.35
0.36
0.37
0.37
0.56
0.50
0.50
0.53
CorWatt	PkgWatt
17.66	129.79
0.52	129.79
0.43
0.55
0.51
3.16
0.61
0.61
0.68
0.38
0.44
0.37
0.38
0.50
0.50
0.48
0.50
0.49
0.48
0.44
0.49
0.39
0.38
0.39
0.41
0.37
0.35
0.37
0.36
0.55
0.51
0.51
0.55
CorWatt	PkgWatt
17.71	129.99
0.53	129.99
0.43
0.56
0.47
3.18
0.62
0.62
0.67
0.39
0.44
0.37
0.39
0.51
0.52
0.52
0.51
0.45
0.47
0.45
0.48
0.40
0.40
0.40
0.41
0.37
0.36
0.36
0.35
0.56
0.50
0.50
0.53
CorWatt	PkgWatt
17.62	129.75
0.53	129.75
0.44
0.57
0.51
0.66
0.62
3.16
0.69
0.37
0.44
0.37
0.39
0.50
0.50
0.48
0.50
0.45
0.45
0.44
0.47
0.39
0.38
0.39
0.41
0.35
0.35
0.35
0.35
0.56
0.50
0.50
0.53
CorWatt	PkgWatt
17.60	129.77
0.52	129.77
0.43
0.56
0.48
0.62
0.62
3.16
0.68
0.39
0.44
0.36
0.38
0.50
0.50
0.48
0.50
0.45
0.48
0.46
0.50
0.40
0.38
0.38
0.41
0.39
0.36
0.36
0.35
0.55
0.50
0.50
0.52
CorWatt	PkgWatt
17.55	129.76
0.52	129.76
0.45
0.57
0.50
0.63
0.63
1.57
2.26
0.37
0.44
0.37
0.38
0.50
0.50
0.48
0.50
0.44
0.47
0.44
0.49
0.39
0.38
0.38
0.41
0.35
0.35
0.35
0.35
0.56
0.50
0.51
0.54
CorWatt	PkgWatt
17.68	129.80
0.52	129.80
0.46
0.57
0.49
0.61
0.62
0.66
3.16
0.38
0.44
0.37
0.39
0.50
0.51
0.51
0.51
0.46
0.47
0.45
0.48
0.40
0.38
0.39
0.41
0.37
0.37
0.37
0.35
0.55
0.51
0.51
0.53
CorWatt	PkgWatt
17.70	129.74
0.53	129.75
0.48
0.56
0.43
0.62
0.62
1.78
2.10
0.38
0.45
0.38
0.41
0.50
0.50
0.50
0.51
0.44
0.46
0.44
0.49
0.39
0.38
0.38
0.41
0.35
0.36
0.37
0.37
0.55
0.52
0.50
0.53
CorWatt	PkgWatt
17.80	129.85
0.54	129.85
0.50
0.57
0.45
0.62
0.62
0.67
3.14
0.37
0.43
0.42
0.39
0.50
0.50
0.48
0.50
0.45
0.46
0.44
0.49
0.42
0.38
0.40
0.43
0.36
0.36
0.37
0.36
0.57
0.54
0.53
0.55
CorWatt	PkgWatt
17.03	129.12
0.54	129.12
0.50
0.58
0.44
0.59
0.61
0.69
2.24
0.37
0.43
0.61
0.39
0.50
0.50
0.49
0.51
0.45
0.46
0.44
0.47
0.40
0.38
0.38
0.45
0.35
0.35
0.36
0.35
0.58
0.53
0.53
0.56
CorWatt	PkgWatt
17.91	129.38
0.57	129.39
0.50
0.52
0.56
0.55
0.56
0.63
0.59
0.46
0.50
0.54
0.70
0.74
1.27
0.75
0.76
0.50
0.51
0.49
0.52
0.44
0.42
0.43
0.46
0.42
0.39
0.40
0.39
0.59
0.58
0.56
0.59
CorWatt	PkgWatt
16.20	127.91
0.50	127.90
0.44
0.45
0.47
0.49
0.49
0.59
0.48
0.39
0.45
0.39
0.51
0.76
0.83
1.24
0.74
0.49
0.46
0.44
0.47
0.41
0.38
0.39
0.41
0.35
0.35
0.36
0.35
0.54
0.51
0.49
0.56
CorWatt	PkgWatt
16.19	127.97
0.51	127.97
0.44
0.47
0.47
0.50
0.48
0.60
0.50
0.37
0.44
0.39
0.50
0.75
0.84
1.29
0.75
0.45
0.46
0.44
0.48
0.40
0.38
0.39
0.41
0.35
0.35
0.36
0.35
0.54
0.51
0.49
0.54
CorWatt	PkgWatt
16.06	127.76
0.52	127.76
0.42
0.44
0.42
0.49
0.49
0.59
0.48
0.38
0.43
0.39
0.50
0.74
0.76
1.35
0.74
0.45
0.45
0.45
0.47
0.39
0.38
0.39
0.41
0.35
0.35
0.36
0.35
0.55
0.51
0.49
0.58
CorWatt	PkgWatt
16.44	128.12
0.52	128.12
0.45
0.48
0.45
0.50
0.49
0.56
0.51
0.40
0.45
0.41
0.51
1.05
0.94
0.96
0.77
0.46
0.47
0.45
0.50
0.40
0.38
0.39
0.42
0.35
0.36
0.36
0.36
0.54
0.51
0.50
0.55
CorWatt	PkgWatt
17.31	129.62
0.55	129.62
0.49
0.44
0.46
0.49
0.50
0.56
0.48
0.38
0.43
0.39
0.49
3.12
0.56
0.55
0.54
0.44
0.46
0.46
0.47
0.39
0.38
0.39
0.44
0.35
0.35
0.35
0.35
0.54
0.50
0.49
0.55
CorWatt	PkgWatt
17.51	130.10
0.52	130.10
0.43
0.44
0.47
0.48
0.49
0.54
0.48
0.39
0.42
0.38
0.49
3.40
0.55
0.52
0.54
0.45
0.47
0.44
0.48
0.40
0.38
0.38
0.42
0.40
0.35
0.35
0.35
0.54
0.50
0.50
0.55
CorWatt	PkgWatt
17.47	129.90
0.51	129.90
0.43
0.44
0.46
0.49
0.49
0.54
0.48
0.37
0.44
0.39
0.49
3.40
0.53
0.50
0.51
0.48
0.45
0.44
0.48
0.42
0.38
0.42
0.43
0.35
0.35
0.35
0.35
0.54
0.51
0.50
0.55
CorWatt	PkgWatt
18.05	130.26
0.56	130.27
0.48
0.44
0.50
0.50
0.56
0.63
0.53
0.41
0.44
0.45
0.48
3.40
0.54
0.53
0.53
0.46
0.46
0.46
0.49
0.41
0.38
0.39
0.41
0.37
0.36
0.36
0.35
0.56
0.52
0.52
0.57
CorWatt	PkgWatt
17.75	129.96
0.53	129.96
0.44
0.45
0.48
0.50
0.51
0.55
0.50
0.39
0.44
0.41
0.49
3.40
0.54
0.52
0.54
0.46
0.46
0.44
0.48
0.40
0.39
0.40
0.42
0.37
0.38
0.37
0.36
0.55
0.52
0.51
0.56
CorWatt	PkgWatt
17.51	130.09
0.53	130.09
0.45
0.45
0.49
0.49
0.48
0.55
0.49
0.37
0.43
0.37
0.47
3.40
0.53
0.51
0.52
0.45
0.47
0.45
0.49
0.40
0.39
0.40
0.41
0.35
0.35
0.35
0.35
0.55
0.50
0.50
0.55
CorWatt	PkgWatt
17.43	129.91
0.53	129.90
0.44
0.46
0.48
0.48
0.49
0.54
0.47
0.38
0.44
0.38
0.48
3.40
0.53
0.50
0.52
0.45
0.46
0.45
0.48
0.39
0.38
0.38
0.40
0.35
0.35
0.35
0.35
0.54
0.50
0.51
0.56
CorWatt	PkgWatt
17.69	129.99
0.52	129.99
0.44
0.47
0.49
0.49
0.49
0.55
0.49
0.38
0.44
0.39
0.47
3.40
0.56
0.51
0.52
0.48
0.46
0.44
0.49
0.42
0.38
0.41
0.42
0.40
0.36
0.37
0.36
0.54
0.50
0.50
0.55
CorWatt	PkgWatt
17.55	130.13
0.51	130.13
0.45
0.45
0.50
0.48
0.49
0.53
0.48
0.38
0.44
0.39
0.49
3.40
0.53
0.50
0.51
0.50
0.45
0.44
0.48
0.39
0.38
0.39
0.40
0.35
0.36
0.37
0.37
0.55
0.52
0.50
0.55
CorWatt	PkgWatt
17.42	129.83
0.53	129.83
0.45
0.44
0.48
0.49
0.49
0.53
0.48
0.40
0.44
0.38
0.49
3.40
0.53
0.51
0.51
0.45
0.47
0.44
0.48
0.39
0.38
0.38
0.40
0.35
0.35
0.35
0.35
0.54
0.52
0.50
0.54
CorWatt	PkgWatt
17.38	129.84
0.52	129.83
0.42
0.44
0.47
0.48
0.50
0.54
0.48
0.39
0.44
0.40
0.49
3.40
0.53
0.51
0.52
0.44
0.45
0.44
0.48
0.39
0.38
0.38
0.40
0.35
0.35
0.35
0.35
0.55
0.50
0.50
0.56
CorWatt	PkgWatt
17.58	129.95
0.54	129.95
0.43
0.45
0.43
0.49
0.49
0.57
0.51
0.38
0.44
0.39
0.48
3.40
0.55
0.53
0.52
0.45
0.47
0.45
0.49
0.40
0.40
0.41
0.41
0.35
0.35
0.36
0.35
0.54
0.50
0.51
0.55
CorWatt	PkgWatt
18.08	129.86
0.57	129.88
0.48
0.51
0.48
0.55
0.58
0.60
0.54
0.45
0.49
0.47
0.53
1.16
0.57
0.57
0.56
0.51
0.50
0.49
0.53
0.49
0.45
0.43
0.49
0.42
0.41
0.41
0.93
0.83
0.76
0.64
0.70
CorWatt	PkgWatt
16.84	128.48
0.53	128.47
0.43
0.44
0.42
0.49
0.49
0.55
0.48
0.37
0.45
0.44
0.38
0.51
0.51
0.49
0.51
0.47
0.46
0.44
0.48
0.43
0.38
0.39
0.42
0.40
0.35
0.36
0.48
0.97
1.56
0.86
0.89
CorWatt	PkgWatt
17.14	128.65
0.51	128.66
0.45
0.44
0.51
0.49
0.50
0.57
0.48
0.40
0.46
0.41
0.39
0.55
0.51
0.50
0.52
0.48
0.48
0.45
0.46
0.43
0.39
0.42
0.42
0.39
0.38
0.39
0.48
1.08
1.44
0.87
0.91
CorWatt	PkgWatt
16.89	128.56
0.50	128.56
0.43
0.44
0.47
0.49
0.50
0.55
0.49
0.38
0.45
0.40
0.38
0.51
0.52
0.49
0.52
0.47
0.47
0.46
0.48
0.42
0.38
0.39
0.44
0.37
0.37
0.37
0.49
0.93
1.58
0.86
0.89
CorWatt	PkgWatt
16.70	128.52
0.49	128.52
0.42
0.44
0.49
0.48
0.48
0.54
0.47
0.40
0.44
0.38
0.37
0.51
0.50
0.48
0.50
0.46
0.49
0.45
0.48
0.41
0.38
0.39
0.41
0.39
0.36
0.37
0.47
1.58
0.89
0.87
0.90
CorWatt	PkgWatt
16.69	128.55
0.50	128.55
0.42
0.44
0.48
0.48
0.49
0.54
0.47
0.42
0.46
0.38
0.38
0.50
0.50
0.50
0.51
0.44
0.46
0.45
0.47
0.41
0.40
0.41
0.41
0.37
0.35
0.35
0.46
1.59
0.88
0.86
0.88
CorWatt	PkgWatt
17.20	128.89
0.51	128.89
0.44
0.46
0.49
0.48
0.48
0.54
0.47
0.38
0.46
0.38
0.38
0.50
0.50
0.49
0.50
0.45
0.45
0.46
0.45
0.41
0.38
0.39
0.41
0.37
0.35
0.35
0.47
1.89
0.98
0.95
0.97
CorWatt	PkgWatt
19.98	131.17
0.51	131.17
0.43
0.44
0.48
0.49
0.49
0.55
0.49
0.38
0.45
0.38
0.39
0.52
0.52
0.49
0.51
0.48
0.48
0.47
0.49
0.41
0.38
0.38
0.42
0.42
0.38
0.37
0.46
3.24
1.36
1.37
1.35
CorWatt	PkgWatt
19.74	131.10
0.51	131.10
0.44
0.46
0.47
0.49
0.50
0.54
0.47
0.39
0.46
0.39
0.38
0.50
0.50
0.49
0.51
0.44
0.45
0.44
0.47
0.41
0.38
0.38
0.41
0.36
0.36
0.37
0.48
3.23
1.37
1.37
1.36
CorWatt	PkgWatt
19.73	130.99
0.51	130.99
0.43
0.44
0.47
0.48
0.48
0.55
0.48
0.37
0.45
0.38
0.38
0.51
0.52
0.51
0.50
0.45
0.46
0.44
0.46
0.41
0.38
0.38
0.41
0.38
0.37
0.38
0.47
1.38
3.21
1.36
1.35
CorWatt	PkgWatt
20.21	131.18
0.52	131.20
0.43
0.44
0.55
0.48
0.49
0.61
0.51
0.39
0.46
0.39
0.41
0.54
0.52
0.58
0.54
0.44
0.45
0.44
0.49
0.45
0.38
0.38
0.41
0.36
0.37
0.39
0.49
3.23
1.37
1.36
1.35
CorWatt	PkgWatt
20.51	131.52
0.53	131.52
0.48
0.45
0.50
0.50
0.49
0.61
0.55
0.39
0.44
0.44
0.41
0.52
0.53
0.55
0.54
0.47
0.47
0.46
0.49
0.47
0.39
0.40
0.43
0.39
0.39
0.39
0.49
2.56
2.06
1.37
1.36
CorWatt	PkgWatt
19.80	130.85
0.51	130.82
0.48
0.45
0.45
0.48
0.49
0.55
0.49
0.38
0.43
0.38
0.39
0.50
0.50
0.49
0.50
0.47
0.47
0.44
0.48
0.42
0.38
0.38
0.41
0.36
0.35
0.36
0.47
1.38
2.87
1.37
1.70
CorWatt	PkgWatt
19.87	130.91
0.51	130.92
0.47
0.45
0.44
0.49
0.49
0.56
0.49
0.38
0.45
0.42
0.37
0.51
0.51
0.51
0.51
0.45
0.47
0.44
0.48
0.42
0.38
0.38
0.41
0.35
0.35
0.36
0.49
1.38
1.37
1.37
3.22
CorWatt	PkgWatt
19.83	131.04
0.51	131.04
0.48
0.44
0.45
0.48
0.49
0.56
0.47
0.39
0.45
0.38
0.40
0.52
0.52
0.49
0.51
0.44
0.46
0.44
0.48
0.44
0.38
0.38
0.41
0.35
0.35
0.36
0.48
1.38
3.22
1.37
1.36
CorWatt	PkgWatt
20.04	131.08
0.52	131.08
0.52
0.47
0.43
0.50
0.49
0.54
0.50
0.39
0.45
0.41
0.40
0.53
0.51
0.52
0.53
0.45
0.46
0.44
0.48
0.42
0.38
0.38
0.41
0.37
0.37
0.38
0.47
1.38
2.53
1.36
2.06
CorWatt	PkgWatt
20.01	131.03
0.51	131.03
0.50
0.46
0.44
0.48
0.48
0.55
0.47
0.43
0.44
0.39
0.42
0.51
0.50
0.49
0.51
0.46
0.47
0.46
0.48
0.42
0.38
0.39
0.41
0.37
0.37
0.39
0.48
1.38
1.44
1.37
3.16
CorWatt	PkgWatt
18.89	130.14
0.52	130.15
0.50
0.48
0.45
0.50
0.49
0.54
0.50
0.40
0.45
0.42
0.40
0.52
0.55
0.52
0.52
0.48
0.46
0.45
0.48
0.42
0.38
0.38
0.41
0.35
0.35
0.36
0.47
1.19
1.17
1.16
2.61
CorWatt	PkgWatt
20.23	134.93
0.60	134.95
0.52
0.51
0.51
0.54
0.55
0.59
0.55
0.45
0.48
0.44
0.46
0.56
0.57
0.57
0.57
0.51
0.51
0.52
1.09
3.42
0.53
0.48
0.53
0.43
0.42
0.45
0.48
0.63
0.61
0.57
0.58
CorWatt	PkgWatt
20.12	138.00
0.53	137.99
0.43
0.44
0.43
0.49
0.49
0.54
0.49
0.38
0.45
0.38
0.40
0.52
0.51
0.49
0.51
0.48
0.47
0.45
0.58
5.79
0.47
0.39
0.43
0.36
0.36
0.36
0.39
0.56
0.54
0.51
0.52
CorWatt	PkgWatt
19.90	137.94
0.51	137.94
0.42
0.44
0.43
0.47
0.47
0.53
0.47
0.37
0.46
0.37
0.40
0.51
0.50
0.48
0.50
0.46
0.46
0.45
0.59
5.79
0.48
0.40
0.45
0.36
0.35
0.36
0.35
0.56
0.54
0.50
0.50
CorWatt	PkgWatt
20.09	138.25
0.53	138.25
0.43
0.44
0.46
0.47
0.47
0.53
0.48
0.38
0.45
0.43
0.39
0.50
0.50
0.48
0.50
0.47
0.46
0.45
0.59
5.79
0.46
0.38
0.42
0.35
0.35
0.36
0.35
0.57
0.56
0.54
0.53
CorWatt	PkgWatt
20.01	138.14
0.52	138.14
0.42
0.44
0.42
0.47
0.51
0.54
0.48
0.37
0.44
0.37
0.38
0.51
0.51
0.49
0.50
0.50
0.46
0.44
0.56
5.79
0.43
0.39
0.42
0.36
0.36
0.37
0.35
0.53
0.58
0.58
0.50
CorWatt	PkgWatt
20.43	137.31
0.55	137.31
0.45
0.46
0.43
0.49
0.50
0.58
0.50
0.39
0.44
0.38
0.40
0.52
0.51
0.49
0.51
5.69
0.51
0.49
0.59
0.65
0.46
0.40
0.43
0.36
0.36
0.37
0.40
0.52
0.54
0.56
0.50
CorWatt	PkgWatt
20.12	137.23
0.56	137.23
0.45
0.47
0.45
0.49
0.49
0.55
0.48
0.38
0.45
0.37
0.38
0.50
0.50
0.48
0.51
5.92
0.48
0.47
0.58
0.41
0.43
0.38
0.42
0.35
0.35
0.36
0.37
0.51
0.55
0.55
0.50
CorWatt	PkgWatt
20.16	137.19
0.56	137.19
0.43
0.46
0.45
0.49
0.49
0.56
0.50
0.37
0.45
0.36
0.39
0.50
0.50
0.48
0.50
5.92
0.49
0.47
0.58
0.42
0.42
0.40
0.44
0.35
0.35
0.35
0.39
0.52
0.54
0.54
0.49
CorWatt	PkgWatt
20.16	137.22
0.54	137.22
0.43
0.46
0.44
0.49
0.49
0.56
0.48
0.38
0.45
0.38
0.39
0.50
0.50
0.49
0.51
5.92
0.48
0.47
0.59
0.41
0.43
0.40
0.42
0.35
0.36
0.37
0.36
0.52
0.56
0.55
0.50
CorWatt	PkgWatt
20.35	137.46
0.55	137.46
0.45
0.46
0.44
0.49
0.49
0.56
0.49
0.39
0.46
0.37
0.40
0.51
0.51
0.49
0.51
5.92
0.57
0.49
0.58
0.41
0.44
0.40
0.42
0.35
0.35
0.38
0.37
0.51
0.56
0.55
0.50
CorWatt	PkgWatt
20.15	137.34
0.54	137.34
0.43
0.46
0.43
0.49
0.49
0.56
0.48
0.38
0.47
0.39
0.40
0.51
0.50
0.49
0.52
5.92
0.52
0.47
0.58
0.40
0.43
0.39
0.42
0.35
0.35
0.36
0.35
0.51
0.54
0.55
0.50
CorWatt	PkgWatt
20.23	137.40
0.54	137.40
0.43
0.45
0.43
0.50
0.49
0.59
0.50
0.38
0.46
0.36
0.38
0.52
0.52
0.51
0.50
5.92
0.51
0.47
0.58
0.40
0.44
0.41
0.42
0.35
0.35
0.36
0.37
0.51
0.54
0.55
0.49
CorWatt	PkgWatt
20.22	137.32
0.54	137.32
0.44
0.46
0.44
0.50
0.49
0.55
0.48
0.38
0.45
0.38
0.38
0.53
0.51
0.51
0.50
5.93
0.48
0.47
0.60
0.42
0.44
0.39
0.43
0.35
0.35
0.36
0.35
0.51
0.54
0.54
0.50
CorWatt	PkgWatt
20.28	137.41
0.56	137.41
0.43
0.45
0.44
0.49
0.49
0.55
0.50
0.39
0.44
0.42
0.39
0.51
0.50
0.49
0.50
5.92
0.48
0.48
0.60
0.40
0.44
0.39
0.42
0.35
0.35
0.36
0.39
0.52
0.55
0.55
0.50
CorWatt	PkgWatt
20.77	137.88
0.54	137.89
0.44
0.46
0.44
0.51
0.51
0.59
0.48
0.37
0.44
0.41
0.41
0.53
0.53
0.49
0.53
5.92
0.56
0.49
0.62
0.40
0.45
0.42
0.43
0.38
0.40
0.41
0.37
0.55
0.55
0.57
0.57
CorWatt	PkgWatt
20.33	137.57
0.54	137.57
0.43
0.44
0.43
0.49
0.50
0.55
0.50
0.37
0.44
0.37
0.38
0.51
0.52
0.49
0.50
5.93
0.49
0.48
0.61
0.40
0.42
0.40
0.42
0.38
0.38
0.42
0.39
0.54
0.51
0.53
0.55
CorWatt	PkgWatt
20.21	137.46
0.53	137.46
0.44
0.44
0.43
0.49
0.49
0.55
0.48
0.38
0.45
0.37
0.38
0.50
0.50
0.49
0.51
5.92
0.50
0.50
0.61
0.40
0.42
0.39
0.42
0.39
0.35
0.39
0.36
0.54
0.51
0.53
0.57
CorWatt	PkgWatt
19.59	133.40
0.61	133.40
0.58
0.79
0.54
0.56
0.57
1.09
0.57
0.49
0.51
0.43
0.47
0.58
0.57
0.58
0.58
2.40
0.55
0.54
0.63
0.48
0.50
0.47
0.48
0.43
0.41
0.42
0.43
0.62
0.58
0.57
0.59
CorWatt	PkgWatt
17.56	130.26
2.10	130.26
0.52
1.68
0.51
0.49
0.49
0.62
0.49
0.39
0.44
0.38
0.40
0.51
0.50
0.49
0.51
0.48
0.47
0.46
0.50
0.40
0.40
0.40
0.42
0.36
0.35
0.36
0.35
0.56
0.53
0.51
0.51
CorWatt	PkgWatt
17.46	130.09
3.13	130.10
0.45
0.56
0.50
0.49
0.49
0.61
0.49
0.38
0.44
0.36
0.40
0.50
0.50
0.49
0.50
0.47
0.48
0.48
0.52
0.40
0.39
0.39
0.42
0.39
0.37
0.36
0.36
0.55
0.56
0.51
0.50
CorWatt	PkgWatt
17.43	130.23
3.12	130.22
0.55
0.60
0.48
0.49
0.51
0.60
0.49
0.39
0.44
0.37
0.39
0.50
0.50
0.49
0.51
0.48
0.46
0.45
0.51
0.39
0.40
0.39
0.42
0.35
0.35
0.36
0.35
0.55
0.55
0.51
0.50
CorWatt	PkgWatt
17.67	130.03
3.12	130.03
0.54
0.58
0.49
0.49
0.51
0.60
0.50
0.39
0.44
0.37
0.40
0.51
0.52
0.52
0.51
0.46
0.47
0.48
0.50
0.40
0.40
0.41
0.42
0.40
0.39
0.40
0.36
0.55
0.55
0.51
0.50
CorWatt	PkgWatt
17.56	130.01
3.12	130.02
0.54
0.55
0.48
0.49
0.49
0.60
0.49
0.40
0.44
0.39
0.42
0.50
0.50
0.51
0.51
0.50
0.47
0.46
0.52
0.39
0.39
0.38
0.42
0.36
0.37
0.38
0.38
0.55
0.55
0.51
0.50
CorWatt	PkgWatt
17.74	130.16
3.12	130.16
0.52
0.57
0.55
0.49
0.49
0.62
0.49
0.38
0.45
0.42
0.39
0.50
0.50
0.49
0.51
0.48
0.48
0.46
0.49
0.42
0.39
0.41
0.43
0.39
0.36
0.37
0.37
0.57
0.58
0.55
0.52
CorWatt	PkgWatt
17.43	130.13
3.11	130.13
0.50
0.56
0.53
0.49
0.50
0.61
0.50
0.39
0.44
0.37
0.38
0.50
0.50
0.51
0.51
0.49
0.49
0.46
0.47
0.39
0.39
0.38
0.41
0.35
0.35
0.36
0.35
0.54
0.57
0.52
0.50
CorWatt	PkgWatt
17.91	130.43
3.13	130.43
0.52
0.59
0.55
0.50
0.50
0.61
0.51
0.38
0.46
0.40
0.39
0.52
0.52
0.53
0.52
0.50
0.49
0.48
0.49
0.41
0.41
0.40
0.42
0.36
0.36
0.39
0.38
0.57
0.57
0.52
0.52
CorWatt	PkgWatt
17.53	130.13
3.12	130.13
0.52
0.56
0.55
0.49
0.49
0.61
0.48
0.41
0.46
0.38
0.40
0.52
0.52
0.50
0.51
0.46
0.48
0.46
0.48
0.40
0.39
0.38
0.41
0.35
0.35
0.36
0.36
0.55
0.55
0.51
0.50
CorWatt	PkgWatt
17.47	130.03
3.12	130.03
0.53
0.57
0.54
0.52
0.49
0.62
0.50
0.38
0.45
0.39
0.40
0.51
0.50
0.49
0.51
0.46
0.47
0.46
0.48
0.39
0.39
0.38
0.41
0.35
0.35
0.36
0.35
0.55
0.56
0.50
0.49
CorWatt	PkgWatt
17.35	130.17
3.12	130.17
0.52
0.56
0.54
0.49
0.50
0.61
0.49
0.38
0.43
0.38
0.39
0.50
0.50
0.49
0.50
0.47
0.47
0.45
0.46
0.39
0.39
0.39
0.41
0.35
0.35
0.36
0.35
0.55
0.55
0.51
0.50
CorWatt	PkgWatt
18.27	130.45
1.10	130.48
0.53
2.64
0.58
0.55
0.51
0.60
0.51
0.44
0.50
0.44
0.44
0.53
0.55
0.54
0.52
0.51
0.53
0.52
0.51
0.40
0.40
0.39
0.41
0.39
0.35
0.39
0.37
0.55
0.56
0.52
0.50
CorWatt	PkgWatt
17.44	129.91
3.13	129.88
0.52
0.58
0.55
0.49
0.49
0.61
0.49
0.38
0.44
0.38
0.39
0.50
0.50
0.50
0.50
0.46
0.47
0.47
0.47
0.39
0.39
0.39
0.43
0.35
0.35
0.36
0.35
0.55
0.55
0.50
0.50
CorWatt	PkgWatt
17.39	129.93
3.11	129.93
0.51
0.57
0.54
0.49
0.51
0.61
0.49
0.37
0.45
0.36
0.38
0.51
0.51
0.50
0.50
0.46
0.47
0.46
0.48
0.39
0.39
0.39
0.41
0.35
0.35
0.37
0.37
0.55
0.55
0.51
0.49
CorWatt	PkgWatt
17.48	130.14
3.12	130.14
0.50
0.56
0.53
0.49
0.49
0.61
0.48
0.40
0.46
0.37
0.40
0.51
0.50
0.50
0.51
0.47
0.48
0.45
0.48
0.39
0.39
0.42
0.44
0.36
0.35
0.36
0.35
0.55
0.55
0.51
0.50
CorWatt	PkgWatt
17.89	130.31
3.11	130.32
0.52
0.56
0.57
0.50
0.50
0.61
0.51
0.39
0.45
0.44
0.40
0.51
0.51
0.50
0.51
0.47
0.49
0.46
0.49
0.41
0.40
0.40
0.41
0.41
0.36
0.37
0.36
0.59
0.58
0.55
0.55
CorWatt	PkgWatt
17.36	130.01
3.04	130.01
0.52
0.56
0.52
0.49
0.49
0.61
0.49
0.39
0.46
0.37
0.38
0.50
0.52
0.50
0.51
0.44
0.48
0.46
0.48
0.38
0.40
0.39
0.41
0.37
0.35
0.37
0.35
0.55
0.56
0.52
0.50
CorWatt	PkgWatt
18.38	130.17
0.63	130.19
0.53
0.61
0.54
0.58
0.58
0.63
0.62
0.45
1.03
0.45
0.45
0.86
0.70
0.70
0.97
0.54
0.55
0.52
0.55
0.51
0.49
0.48
0.50
0.42
0.40
0.42
0.40
0.60
0.58
0.56
0.55
CorWatt	PkgWatt
16.49	128.58
0.51	128.57
0.46
0.55
0.45
0.49
0.49
0.49
0.52
0.39
0.54
0.38
0.40
0.93
0.78
0.77
1.28
0.44
0.48
0.46
0.49
0.45
0.40
0.40
0.42
0.35
0.35
0.37
0.38
0.55
0.51
0.51
0.50
CorWatt	PkgWatt
16.72	128.55
0.53	128.55
0.45
0.53
0.46
0.50
0.50
0.52
0.55
0.39
0.52
0.37
0.40
1.20
0.78
0.77
1.06
0.45
0.49
0.46
0.49
0.48
0.40
0.42
0.45
0.36
0.36
0.37
0.38
0.55
0.52
0.53
0.50
CorWatt	PkgWatt
16.47	128.57
0.49	128.57
0.44
0.53
0.44
0.52
0.49
0.48
0.52
0.38
0.53
0.38
0.42
1.41
0.77
0.76
0.84
0.45
0.48
0.45
0.48
0.43
0.39
0.39
0.41
0.35
0.36
0.37
0.36
0.55
0.54
0.52
0.50
CorWatt	PkgWatt
16.48	128.71
0.50	128.72
0.47
0.53
0.44
0.56
0.49
0.49
0.49
0.39
0.53
0.37
0.41
1.33
0.77
0.78
0.94
0.44
0.48
0.46
0.49
0.39
0.39
0.39
0.41
0.35
0.35
0.37
0.36
0.55
0.57
0.51
0.49
CorWatt	PkgWatt
17.36	129.13
0.50	129.15
0.51
0.54
0.43
0.56
0.50
0.49
0.48
0.40
0.54
0.41
0.46
1.43
0.88
0.89
1.33
0.45
0.48
0.45
0.48
0.38
0.39
0.39
0.41
0.35
0.35
0.37
0.35
0.55
0.57
0.51
0.51
CorWatt	PkgWatt
19.79	131.28
0.52	131.26
0.51
0.55
0.45
0.50
0.50
0.53
0.51
0.39
0.52
0.39
0.40
1.20
1.21
1.19
3.27
0.46
0.49
0.47
0.49
0.40
0.42
0.41
0.41
0.36
0.36
0.39
0.36
0.55
0.57
0.51
0.51
CorWatt	PkgWatt
19.80	131.44
0.52	131.43
0.50
0.54
0.47
0.50
0.49
0.48
0.48
0.41
0.52
0.39
0.40
3.23
1.25
1.24
1.26
0.47
0.48
0.45
0.49
0.40
0.41
0.39
0.42
0.35
0.36
0.36
0.37
0.55
0.57
0.52
0.51
CorWatt	PkgWatt
20.48	131.78
0.55	131.79
0.52
0.53
0.47
0.51
0.53
0.50
0.53
0.43
0.57
0.47
0.44
1.80
1.26
1.24
2.69
0.51
0.49
0.50
0.53
0.39
0.39
0.39
0.41
0.39
0.39
0.40
0.39
0.60
0.62
0.54
0.53
CorWatt	PkgWatt
19.67	131.11
0.53	131.10
0.49
0.53
0.43
0.48
0.50
0.50
0.49
0.39
0.54
0.40
0.41
3.22
1.21
1.20
1.22
0.47
0.47
0.45
0.49
0.38
0.39
0.40
0.41
0.38
0.37
0.39
0.36
0.57
0.59
0.52
0.53
CorWatt	PkgWatt
20.04	131.60
0.53	131.62
0.52
0.55
0.49
0.51
0.51
0.49
0.52
0.41
0.55
0.39
0.40
1.26
1.25
1.24
3.25
0.48
0.46
0.47
0.49
0.40
0.40
0.39
0.42
0.36
0.38
0.40
0.38
0.56
0.58
0.52
0.51
CorWatt	PkgWatt
19.80	131.34
0.51	131.34
0.48
0.54
0.44
0.49
0.50
0.49
0.48
0.39
0.53
0.39
0.41
1.25
1.25
1.23
3.24
0.47
0.47
0.47
0.49
0.38
0.39
0.38
0.41
0.37
0.36
0.41
0.40
0.55
0.55
0.52
0.53
CorWatt	PkgWatt
19.59	131.30
0.52	131.29
0.47
0.51
0.43
0.48
0.49
0.48
0.49
0.40
0.53
0.38
0.41
1.25
1.26
1.24
3.25
0.46
0.45
0.46
0.48
0.39
0.41
0.40
0.42
0.35
0.35
0.37
0.35
0.55
0.56
0.51
0.50
CorWatt	PkgWatt
19.64	131.25
0.55	131.25
0.47
0.52
0.46
0.52
0.49
0.48
0.48
0.39
0.54
0.39
0.41
1.23
1.24
1.22
3.25
0.47
0.45
0.45
0.47
0.38
0.39
0.39
0.41
0.35
0.35
0.36
0.37
0.55
0.55
0.51
0.51
CorWatt	PkgWatt
19.69	131.34
0.53	131.34
0.44
0.51
0.45
0.49
0.50
0.49
0.50
0.39
0.53
0.38
0.40
1.22
1.23
1.21
3.25
0.47
0.46
0.49
0.52
0.39
0.40
0.39
0.41
0.38
0.37
0.38
0.36
0.55
0.57
0.51
0.53
CorWatt	PkgWatt
19.68	131.34
0.57	131.34
0.46
0.52
0.44
0.52
0.52
0.48
0.48
0.40
0.53
0.38
0.40
1.25
1.25
1.24
3.25
0.46
0.46
0.46
0.50
0.38
0.39
0.38
0.41
0.35
0.35
0.36
0.35
0.55
0.55
0.51
0.51
CorWatt	PkgWatt
19.63	131.24
0.55	131.25
0.44
0.51
0.44
0.48
0.49
0.48
0.51
0.38
0.53
0.38
0.40
3.21
1.25
1.25
1.27
0.46
0.45
0.46
0.49
0.40
0.40
0.39
0.41
0.37
0.37
0.39
0.36
0.55
0.55
0.51
0.50
CorWatt	PkgWatt
19.44	130.91
0.59	130.95
0.53
0.62
0.57
0.67
0.67
0.63
0.60
0.45
0.63
0.46
0.48
1.85
0.86
0.89
0.92
0.52
0.54
0.52
0.55
0.42
0.47
0.47
0.47
0.42
0.40
0.45
0.43
0.58
0.57
0.65
0.58
