CorWatt	PkgWatt
4.65	156.39
0.09	79.17
0.08
0.09
0.08
0.08
0.08
0.08
0.08
0.07
0.07
0.07
0.07
0.07
0.07
0.07
0.07
0.08
0.08
0.08
0.08
0.10
0.09
0.08
0.08
0.08
0.08
0.08
0.08
0.07
0.07
0.07
0.07
0.07	77.26
0.07
0.07
0.07
0.07
0.07
0.07
0.07
0.06
0.06
0.06
0.06
0.06
0.06
0.06
0.06
0.08
0.07
0.07
0.08
0.07
0.08
0.08
0.08
0.07
0.07
0.06
0.07
0.06
0.06
0.06
0.06
CorWatt	PkgWatt
4.61	151.57
0.08	75.98
0.08
0.08
0.08
0.08
0.08
0.08
0.08
0.07
0.07
0.07
0.07
0.07
0.07
0.07
0.07
0.08
0.08
0.08
0.08
0.09
0.08
0.08
0.08
0.08
0.08
0.08
0.08
0.07
0.07
0.07
0.07
0.07	75.81
0.07
0.07
0.11
0.07
0.08
0.07
0.07
0.06
0.06
0.10
0.07
0.06
0.06
0.07
0.06
0.08
0.07
0.06
0.07
0.07
0.07
0.08
0.08
0.06
0.07
0.06
0.07
0.06
0.07
0.06
0.06
