CorWatt	PkgWatt
15.16	128.52
0.54	127.46
0.52
0.49
0.47
0.56
0.54
0.56
0.53
0.41
0.45
0.38
0.40
0.58
0.51
0.52
0.52
0.45
0.48
0.50
0.47
0.43
0.39
0.42
0.46
0.37
0.35
0.36
0.35
0.55
0.52
0.51
0.52
CorWatt	PkgWatt
15.18	127.55
0.49	127.55
0.48
0.50
0.45
0.54
0.54
0.57
0.54
0.39
0.44
0.40
0.38
0.53
0.52
0.50
0.51
0.48
0.49
0.47
0.47
0.48
0.43
0.44
0.49
0.36
0.37
0.39
0.38
0.55
0.54
0.54
0.54
CorWatt	PkgWatt
21.39	133.14
0.70	133.18
0.63
0.70
0.61
2.62
0.65
0.63
0.66
0.48
0.54
0.49
0.48
0.73
0.63
0.62
0.69
0.57
0.60
0.60
0.64
0.58
0.59
0.55
0.57
0.49
0.53
0.56
0.55
0.70
0.65
0.69
0.64
CorWatt	PkgWatt
16.47	128.50
0.72	128.48
0.69
0.78
1.17
0.60
0.50
0.49
0.50
0.41
0.45
0.40
0.37
0.53
0.50
0.51
0.51
0.46
0.47
0.47
0.46
0.42
0.44
0.46
0.50
0.38
0.39
0.41
0.35
0.56
0.52
0.54
0.51
CorWatt	PkgWatt
16.65	128.48
0.73	128.46
0.69
0.76
1.21
0.62
0.50
0.51
0.51
0.41
0.46
0.38
0.38
0.55
0.55
0.50
0.52
0.47
0.48
0.49
0.46
0.41
0.48
0.44
0.49
0.39
0.36
0.37
0.36
0.52
0.54
0.55
0.57
CorWatt	PkgWatt
16.56	128.25
0.73	128.26
0.70
0.75
1.22
0.61
0.50
0.51
0.51
0.37
0.45
0.40
0.37
0.57
0.51
0.49
0.53
0.47
0.51
0.48
0.47
0.44
0.42
0.41
0.52
0.42
0.35
0.36
0.38
0.52
0.51
0.53
0.55
CorWatt	PkgWatt
16.37	128.25
0.75	128.25
0.67
1.27
0.70
0.60
0.49
0.49
0.50
0.41
0.46
0.40
0.39
0.53
0.51
0.48
0.53
0.44
0.49
0.51
0.47
0.41
0.38
0.41
0.47
0.37
0.37
0.37
0.37
0.51
0.52
0.54
0.58
CorWatt	PkgWatt
16.42	128.26
1.21	128.27
0.65
0.97
0.64
0.60
0.50
0.49
0.49
0.39
0.48
0.36
0.38
0.54
0.50
0.48
0.52
0.44
0.47
0.48
0.47
0.39
0.41
0.41
0.47
0.36
0.36
0.38
0.38
0.53
0.53
0.56
0.56
CorWatt	PkgWatt
17.22	129.68
3.14	129.67
0.48
0.57
0.43
0.58
0.49
0.49
0.50
0.37
0.43
0.38
0.39
0.51
0.50
0.48
0.52
0.44
0.47
0.48
0.46
0.39
0.38
0.40
0.43
0.35
0.35
0.35
0.35
0.51
0.52
0.54
0.55
CorWatt	PkgWatt
17.34	129.79
3.14	129.79
0.48
0.56
0.43
0.59
0.51
0.49
0.51
0.39
0.43
0.38
0.37
0.50
0.51
0.49
0.52
0.45
0.48
0.47
0.48
0.39
0.38
0.40
0.39
0.41
0.36
0.36
0.36
0.51
0.50
0.53
0.56
CorWatt	PkgWatt
17.31	129.84
3.14	129.84
0.51
0.56
0.43
0.59
0.50
0.48
0.48
0.38
0.43
0.37
0.38
0.50
0.50
0.50
0.51
0.46
0.50
0.48
0.45
0.39
0.39
0.40
0.39
0.35
0.36
0.38
0.35
0.51
0.51
0.54
0.56
CorWatt	PkgWatt
17.15	129.62
3.14	129.62
0.53
0.54
0.45
0.58
0.49
0.48
0.48
0.39
0.42
0.38
0.37
0.51
0.51
0.49
0.51
0.45
0.47
0.48
0.46
0.39
0.38
0.40
0.39
0.35
0.35
0.35
0.35
0.51
0.50
0.53
0.55
CorWatt	PkgWatt
17.24	129.70
3.14	129.69
0.52
0.53
0.46
0.59
0.49
0.49
0.49
0.37
0.43
0.37
0.37
0.50
0.50
0.49
0.53
0.44
0.48
0.49
0.47
0.38
0.38
0.40
0.39
0.38
0.36
0.35
0.35
0.50
0.51
0.53
0.55
CorWatt	PkgWatt
17.22	129.62
3.14	129.62
0.50
0.53
0.48
0.59
0.50
0.49
0.49
0.38
0.42
0.37
0.37
0.53
0.50
0.49
0.52
0.45
0.48
0.47
0.47
0.39
0.38
0.41
0.39
0.35
0.35
0.35
0.35
0.51
0.50
0.53
0.54
CorWatt	PkgWatt
17.29	129.79
3.14	129.79
0.48
0.55
0.47
0.59
0.50
0.48
0.48
0.39
0.43
0.36
0.37
0.51
0.52
0.50
0.51
0.44
0.47
0.48
0.46
0.39
0.41
0.40
0.39
0.37
0.36
0.37
0.35
0.51
0.51
0.53
0.54
CorWatt	PkgWatt
17.30	129.73
3.14	129.72
0.49
0.52
0.47
0.60
0.49
0.48
0.49
0.37
0.44
0.37
0.37
0.50
0.50
0.49
0.53
0.44
0.49
0.49
0.47
0.39
0.40
0.41
0.39
0.40
0.37
0.35
0.37
0.55
0.53
0.50
0.50
CorWatt	PkgWatt
17.49	129.72
3.14	129.72
0.52
0.54
0.49
0.59
0.50
0.49
0.49
0.39
0.44
0.38
0.41
0.50
0.50
0.49
0.54
0.44
0.49
0.46
0.46
0.40
0.38
0.43
0.41
0.37
0.35
0.35
0.35
0.57
0.57
0.53
0.52
CorWatt	PkgWatt
17.40	129.77
3.14	129.78
0.50
0.55
0.47
0.59
0.50
0.49
0.49
0.39
0.48
0.37
0.38
0.51
0.50
0.49
0.53
0.44
0.47
0.45
0.46
0.39
0.39
0.42
0.40
0.38
0.37
0.37
0.35
0.56
0.55
0.52
0.50
CorWatt	PkgWatt
17.21	129.67
3.15	129.66
0.49
0.56
0.44
0.60
0.51
0.50
0.52
0.39
0.44
0.36
0.37
0.50
0.50
0.50
0.54
0.44
0.47
0.45
0.45
0.39
0.38
0.40
0.39
0.35
0.35
0.35
0.35
0.55
0.53
0.50
0.50
CorWatt	PkgWatt
17.19	129.55
3.06	129.56
0.49
0.56
0.43
0.59
0.49
0.49
0.48
0.38
0.45
0.39
0.38
0.56
0.54
0.50
0.54
0.44
0.46
0.44
0.45
0.38
0.38
0.40
0.42
0.35
0.35
0.35
0.35
0.56
0.55
0.50
0.50
CorWatt	PkgWatt
18.13	129.56
0.77	129.57
0.53
0.59
0.49
0.77
0.95
0.95
0.72
0.42
0.48
0.44
0.41
0.59
0.58
0.55
0.58
0.50
0.54
0.53
0.51
0.49
0.50
0.48
0.46
0.41
0.40
0.41
0.41
0.58
0.93
0.57
0.59
CorWatt	PkgWatt
16.76	128.51
0.60	128.50
0.48
0.50
0.43
0.83
0.91
1.55
0.84
0.39
0.43
0.38
0.37
0.51
0.53
0.50
0.54
0.44
0.48
0.45
0.46
0.39
0.44
0.41
0.39
0.38
0.35
0.35
0.35
0.51
0.55
0.51
0.51
CorWatt	PkgWatt
16.75	128.52
0.60	128.52
0.46
0.49
0.49
0.83
0.92
1.54
0.85
0.38
0.44
0.36
0.38
0.51
0.52
0.51
0.55
0.44
0.47
0.46
0.45
0.39
0.38
0.40
0.40
0.36
0.35
0.36
0.35
0.52
0.54
0.55
0.50
CorWatt	PkgWatt
16.73	128.39
0.60	128.39
0.44
0.49
0.45
0.83
1.43
1.03
0.83
0.39
0.44
0.41
0.40
0.53
0.53
0.51
0.53
0.44
0.48
0.45
0.45
0.39
0.38
0.41
0.39
0.35
0.35
0.35
0.36
0.51
0.54
0.55
0.50
CorWatt	PkgWatt
16.91	128.42
0.60	128.40
0.47
0.53
0.45
0.84
1.53
0.90
0.84
0.42
0.44
0.38
0.38
0.51
0.51
0.50
0.54
0.45
0.48
0.47
0.48
0.40
0.41
0.41
0.41
0.36
0.36
0.36
0.36
0.51
0.55
0.56
0.51
CorWatt	PkgWatt
17.26	128.71
0.58	128.73
0.48
0.55
0.50
0.83
1.45
0.99
0.83
0.38
0.48
0.39
0.41
0.55
0.56
0.53
0.55
0.47
0.51
0.49
0.46
0.42
0.39
0.44
0.44
0.38
0.37
0.39
0.35
0.51
0.53
0.55
0.51
CorWatt	PkgWatt
17.76	129.38
0.58	129.37
0.46
0.49
0.43
1.03
2.15
1.06
1.03
0.38
0.43
0.38
0.39
0.51
0.51
0.49
0.50
0.44
0.47
0.47
0.47
0.39
0.40
0.41
0.41
0.35
0.35
0.35
0.35
0.50
0.53
0.56
0.50
CorWatt	PkgWatt
19.94	131.11
0.61	131.12
0.49
0.51
0.47
1.34
2.99
1.50
1.33
0.37
0.47
0.39
0.37
0.51
0.51
0.48
0.50
0.44
0.46
0.46
0.46
0.39
0.38
0.40
0.40
0.41
0.36
0.35
0.35
0.56
0.53
0.59
0.53
CorWatt	PkgWatt
19.68	130.98
0.59	130.96
0.49
0.51
0.44
1.34
1.35
3.13
1.34
0.38
0.43
0.38
0.37
0.50
0.50
0.49
0.51
0.45
0.48
0.47
0.46
0.41
0.40
0.40
0.39
0.35
0.35
0.35
0.35
0.51
0.54
0.55
0.50
CorWatt	PkgWatt
19.67	130.94
0.58	130.95
0.45
0.52
0.43
1.34
3.13
1.35
1.33
0.39
0.43
0.37
0.37
0.50
0.51
0.49
0.50
0.45
0.49
0.48
0.48
0.39
0.38
0.41
0.39
0.35
0.36
0.36
0.35
0.51
0.53
0.54
0.50
CorWatt	PkgWatt
19.69	131.13
0.60	131.14
0.48
0.50
0.45
1.33
1.55
2.94
1.33
0.37
0.42
0.36
0.36
0.51
0.50
0.50
0.50
0.44
0.48
0.47
0.46
0.39
0.40
0.42
0.39
0.36
0.35
0.35
0.35
0.52
0.53
0.57
0.50
CorWatt	PkgWatt
19.81	131.04
0.59	131.04
0.47
0.54
0.43
1.34
3.14
1.35
1.34
0.38
0.44
0.37
0.38
0.51
0.51
0.48
0.50
0.45
0.47
0.46
0.46
0.42
0.41
0.42
0.41
0.35
0.36
0.36
0.36
0.51
0.55
0.56
0.52
CorWatt	PkgWatt
19.77	131.03
0.63	131.03
0.47
0.53
0.43
1.34
3.13
1.34
1.33
0.38
0.43
0.37
0.38
0.53
0.50
0.49
0.50
0.44
0.47
0.47
0.46
0.39
0.39
0.41
0.44
0.36
0.35
0.35
0.35
0.51
0.53
0.57
0.50
CorWatt	PkgWatt
19.68	130.94
0.58	130.95
0.46
0.49
0.43
1.34
3.12
1.36
1.34
0.39
0.45
0.40
0.37
0.50
0.50
0.49
0.51
0.44
0.47
0.46
0.46
0.39
0.39
0.41
0.40
0.38
0.35
0.35
0.35
0.51
0.53
0.54
0.51
CorWatt	PkgWatt
19.69	131.09
0.58	131.08
0.46
0.52
0.43
1.34
3.13
1.35
1.33
0.38
0.43
0.37
0.36
0.51
0.50
0.49
0.51
0.44
0.48
0.46
0.46
0.38
0.40
0.42
0.42
0.36
0.35
0.36
0.35
0.51
0.53
0.56
0.50
CorWatt	PkgWatt
19.76	131.02
0.59	131.02
0.47
0.52
0.44
1.33
3.14
1.34
1.33
0.37
0.43
0.39
0.36
0.52
0.50
0.49
0.51
0.45
0.48
0.47
0.46
0.41
0.41
0.41
0.43
0.35
0.35
0.35
0.35
0.51
0.53
0.57
0.50
CorWatt	PkgWatt
19.75	131.07
0.59	131.07
0.43
0.51
0.45
1.34
3.14
1.34
1.33
0.38
0.44
0.38
0.38
0.53
0.51
0.49
0.51
0.45
0.49
0.47
0.46
0.40
0.38
0.41
0.42
0.36
0.35
0.35
0.35
0.51
0.53
0.55
0.50
CorWatt	PkgWatt
19.53	130.87
0.65	130.87
0.50
0.54
0.49
0.98
1.99
1.16
1.01
0.43
0.50
0.39
0.42
0.53
0.53
0.53
0.54
0.49
0.85
0.55
0.53
0.45
0.48
0.47
0.49
0.40
0.41
0.42
0.41
0.61
0.61
0.60
0.57
CorWatt	PkgWatt
16.12	127.97
0.70	127.98
0.68
1.18
0.66
0.51
0.57
0.66
0.50
0.38
0.44
0.38
0.38
0.50
0.51
0.50
0.51
0.45
0.50
0.50
0.46
0.45
0.39
0.42
0.41
0.36
0.35
0.36
0.36
0.51
0.54
0.51
0.50
CorWatt	PkgWatt
15.99	127.66
0.72	127.67
0.72
1.11
0.68
0.50
0.57
0.61
0.50
0.39
0.43
0.37
0.37
0.50
0.50
0.48
0.50
0.45
0.49
0.48
0.47
0.44
0.38
0.41
0.41
0.40
0.36
0.35
0.36
0.51
0.54
0.51
0.50
CorWatt	PkgWatt
16.14	127.76
0.75	127.75
0.72
1.10
0.68
0.49
0.56
0.60
0.50
0.40
0.44
0.37
0.37
0.52
0.50
0.54
0.52
0.47
0.48
0.48
0.46
0.46
0.39
0.41
0.41
0.35
0.36
0.38
0.36
0.51
0.54
0.52
0.52
CorWatt	PkgWatt
16.99	128.56
0.87	128.60
0.75
1.01
0.74
0.53
0.56
0.63
0.54
0.40
0.49
0.42
0.41
0.58
0.58
0.57
0.57
0.47
0.48
0.54
0.51
0.46
0.38
0.49
0.42
0.35
0.35
0.41
0.36
0.52
0.56
0.51
0.51
CorWatt	PkgWatt
16.25	128.26
0.72	128.23
0.71
1.35
0.71
0.49
0.54
0.62
0.49
0.39
0.43
0.37
0.38
0.52
0.50
0.49
0.51
0.44
0.48
0.51
0.48
0.38
0.38
0.40
0.41
0.37
0.36
0.36
0.35
0.50
0.53
0.56
0.50
CorWatt	PkgWatt
18.39	132.78
0.53	132.77
0.52
4.29
0.51
0.49
0.51
0.60
0.49
0.38
0.44
0.38
0.36
0.50
0.51
0.49
0.51
0.44
0.48
0.47
0.47
0.39
0.38
0.40
0.40
0.35
0.35
0.35
0.35
0.50
0.53
0.55
0.50
CorWatt	PkgWatt
18.51	132.88
0.53	132.87
0.53
4.30
0.50
0.49
0.50
0.59
0.49
0.38
0.44
0.37
0.37
0.50
0.51
0.51
0.51
0.45
0.47
0.49
0.46
0.38
0.40
0.40
0.41
0.37
0.37
0.38
0.35
0.50
0.53
0.54
0.50
CorWatt	PkgWatt
18.90	133.15
0.54	133.16
0.52
4.29
0.50
0.50
0.50
0.59
0.50
0.39
0.44
0.41
0.38
0.51
0.52
0.52
0.52
0.46
0.52
0.49
0.49
0.40
0.42
0.42
0.43
0.40
0.38
0.37
0.37
0.52
0.54
0.57
0.52
CorWatt	PkgWatt
18.73	132.99
0.54	132.99
0.54
4.29
0.51
0.49
0.50
0.59
0.49
0.38
0.45
0.37
0.39
0.55
0.51
0.50
0.51
0.45
0.49
0.46
0.48
0.41
0.39
0.43
0.43
0.37
0.36
0.35
0.35
0.51
0.57
0.57
0.51
CorWatt	PkgWatt
18.49	132.92
0.53	132.92
0.51
4.29
0.49
0.49
0.49
0.59
0.49
0.39
0.47
0.36
0.37
0.51
0.50
0.50
0.50
0.44
0.47
0.46
0.46
0.40
0.39
0.41
0.41
0.35
0.36
0.37
0.35
0.51
0.55
0.56
0.50
CorWatt	PkgWatt
18.48	132.83
0.53	132.82
0.51
4.30
0.51
0.50
0.52
0.61
0.51
0.38
0.43
0.37
0.37
0.50
0.50
0.50
0.52
0.44
0.47
0.45
0.46
0.39
0.39
0.41
0.42
0.35
0.35
0.36
0.35
0.51
0.54
0.56
0.50
CorWatt	PkgWatt
18.51	133.05
0.53	133.06
0.51
4.30
0.49
0.49
0.49
0.59
0.49
0.39
0.44
0.38
0.39
0.53
0.53
0.49
0.52
0.44
0.46
0.45
0.46
0.39
0.38
0.41
0.41
0.35
0.36
0.36
0.35
0.53
0.55
0.55
0.50
CorWatt	PkgWatt
18.45	132.87
0.53	132.87
0.52
4.30
0.49
0.49
0.50
0.60
0.49
0.39
0.44
0.39
0.37
0.52
0.51
0.51
0.51
0.44
0.47
0.46
0.46
0.39
0.38
0.40
0.41
0.35
0.35
0.36
0.35
0.51
0.53
0.54
0.50
CorWatt	PkgWatt
18.45	132.87
0.55	132.87
0.55
4.29
0.50
0.49
0.50
0.58
0.49
0.37
0.43
0.37
0.38
0.52
0.51
0.48
0.50
0.44
0.47
0.45
0.46
0.39
0.39
0.40
0.41
0.40
0.35
0.35
0.35
0.51
0.54
0.55
0.50
CorWatt	PkgWatt
18.62	132.97
0.54	132.97
0.53
4.30
0.53
0.49
0.50
0.59
0.51
0.39
0.43
0.37
0.38
0.55
0.52
0.50
0.52
0.44
0.47
0.47
0.46
0.38
0.38
0.41
0.42
0.35
0.35
0.35
0.35
0.51
0.53
0.56
0.51
CorWatt	PkgWatt
18.61	133.15
0.54	133.15
0.51
4.30
0.52
0.49
0.50
0.60
0.49
0.39
0.44
0.41
0.42
0.55
0.53
0.50
0.51
0.44
0.46
0.45
0.46
0.39
0.39
0.40
0.41
0.35
0.35
0.36
0.37
0.51
0.53
0.55
0.50
CorWatt	PkgWatt
18.52	132.98
0.55	132.98
0.51
4.29
0.53
0.49
0.50
0.59
0.49
0.38
0.43
0.36
0.37
0.53
0.52
0.52
0.52
0.44
0.47
0.47
0.48
0.39
0.39
0.41
0.41
0.35
0.35
0.35
0.35
0.51
0.53
0.54
0.50
CorWatt	PkgWatt
17.95	130.02
0.54	130.05
0.55
0.84
0.73
0.84
0.80
0.70
0.64
0.43
0.50
0.44
0.43
0.54
0.53
0.55
0.56
0.53
0.52
0.54
0.51
0.46
0.52
0.50
0.50
0.43
0.40
0.41
0.41
0.57
0.89
0.59
0.55
CorWatt	PkgWatt
16.14	128.08
0.50	128.06
0.51
0.47
0.58
0.78
1.24
0.73
0.72
0.38
0.44
0.38
0.39
0.52
0.51
0.50
0.52
0.44
0.48
0.47
0.46
0.38
0.46
0.44
0.39
0.35
0.35
0.36
0.35
0.51
0.51
0.50
0.50
CorWatt	PkgWatt
16.30	128.18
0.51	128.19
0.52
0.46
0.59
1.02
0.99
0.73
0.73
0.39
0.48
0.39
0.37
0.51
0.51
0.50
0.51
0.44
0.46
0.46
0.45
0.39
0.44
0.43
0.40
0.41
0.37
0.36
0.36
0.55
0.51
0.54
0.53
CorWatt	PkgWatt
16.07	127.90
0.49	127.90
0.54
0.48
0.58
0.78
1.23
0.73
0.73
0.37
0.44
0.37
0.38
0.53
0.50
0.50
0.52
0.44
0.47
0.47
0.45
0.39
0.45
0.43
0.39
0.35
0.35
0.36
0.35
0.51
0.50
0.50
0.50
CorWatt	PkgWatt
16.00	127.91
0.48	127.90
0.52
0.46
0.57
0.86
1.16
0.72
0.72
0.38
0.44
0.36
0.37
0.51
0.51
0.50
0.51
0.45
0.49
0.48
0.47
0.39
0.44
0.44
0.39
0.35
0.35
0.35
0.35
0.51
0.50
0.50
0.50
CorWatt	PkgWatt
16.41	128.40
0.54	128.39
0.53
0.46
0.58
0.76
1.62
0.71
0.70
0.39
0.44
0.37
0.37
0.50
0.50
0.52
0.51
0.44
0.48
0.47
0.46
0.38
0.45
0.44
0.39
0.35
0.35
0.35
0.35
0.51
0.51
0.50
0.50
CorWatt	PkgWatt
18.68	130.59
0.55	130.61
0.56
0.48
0.60
0.69
3.19
0.66
0.66
0.40
0.47
0.41
0.41
0.54
0.54
0.52
0.54
0.48
0.51
0.49
0.49
0.41
0.44
0.45
0.42
0.37
0.41
0.40
0.40
0.55
0.55
0.55
0.54
CorWatt	PkgWatt
17.66	129.83
0.54	129.82
0.53
0.45
0.57
0.67
3.16
0.63
0.63
0.39
0.43
0.37
0.37
0.50
0.50
0.50
0.50
0.44
0.48
0.47
0.46
0.39
0.43
0.44
0.40
0.35
0.35
0.35
0.35
0.51
0.50
0.50
0.50
CorWatt	PkgWatt
17.61	129.87
0.52	129.88
0.52
0.44
0.57
3.16
0.68
0.61
0.62
0.39
0.44
0.39
0.37
0.52
0.50
0.49
0.50
0.44
0.47
0.46
0.45
0.39
0.45
0.43
0.39
0.36
0.35
0.35
0.35
0.50
0.50
0.50
0.50
CorWatt	PkgWatt
17.75	130.04
0.53	130.03
0.53
0.45
0.56
0.71
3.16
0.65
0.61
0.38
0.43
0.37
0.37
0.52
0.50
0.49
0.52
0.44
0.48
0.47
0.46
0.39
0.46
0.45
0.41
0.35
0.35
0.36
0.35
0.51
0.50
0.50
0.50
CorWatt	PkgWatt
18.02	130.14
0.54	130.15
0.53
0.47
0.57
0.67
3.19
0.62
0.63
0.39
0.43
0.40
0.38
0.52
0.51
0.51
0.52
0.46
0.50
0.48
0.47
0.42
0.48
0.45
0.42
0.36
0.37
0.37
0.36
0.52
0.52
0.50
0.51
CorWatt	PkgWatt
17.65	129.84
0.52	129.84
0.51
0.45
0.58
0.67
3.17
0.62
0.61
0.38
0.43
0.38
0.38
0.52
0.50
0.49
0.51
0.44
0.48
0.46
0.48
0.39
0.45
0.44
0.40
0.35
0.35
0.35
0.35
0.51
0.51
0.50
0.50
CorWatt	PkgWatt
17.77	129.95
0.52	129.95
0.51
0.44
0.57
0.67
3.17
0.61
0.62
0.38
0.48
0.36
0.37
0.51
0.50
0.48
0.50
0.44
0.46
0.48
0.47
0.39
0.46
0.43
0.41
0.35
0.37
0.38
0.36
0.52
0.52
0.52
0.51
CorWatt	PkgWatt
17.68	129.93
0.52	129.92
0.52
0.45
0.56
0.67
3.17
0.63
0.62
0.39
0.43
0.37
0.40
0.53
0.50
0.50
0.50
0.44
0.48
0.47
0.47
0.38
0.44
0.43
0.39
0.35
0.35
0.35
0.35
0.51
0.51
0.50
0.51
CorWatt	PkgWatt
17.65	129.76
0.52	129.76
0.51
0.45
0.57
0.67
3.19
0.61
0.62
0.38
0.44
0.36
0.37
0.50
0.50
0.48
0.51
0.44
0.49
0.46
0.48
0.39
0.43
0.44
0.39
0.38
0.36
0.36
0.36
0.51
0.50
0.50
0.50
CorWatt	PkgWatt
17.68	129.80
0.51	129.81
0.51
0.45
0.58
0.66
3.16
0.63
0.61
0.40
0.44
0.36
0.37
0.51
0.50
0.50
0.50
0.46
0.47
0.47
0.46
0.38
0.45
0.43
0.40
0.35
0.37
0.37
0.35
0.50
0.49
0.52
0.51
CorWatt	PkgWatt
17.59	129.84
0.52	129.84
0.54
0.47
0.58
0.66
3.17
0.61
0.62
0.38
0.43
0.37
0.37
0.50
0.50
0.49
0.51
0.44
0.47
0.46
0.45
0.39
0.43
0.44
0.39
0.35
0.35
0.35
0.35
0.51
0.50
0.50
0.50
CorWatt	PkgWatt
17.11	129.23
0.53	129.24
0.53
0.48
0.61
0.65
2.28
0.59
0.58
0.38
0.44
0.39
0.37
0.52
0.52
0.51
0.53
0.45
0.47
0.49
0.48
0.38
0.45
0.44
0.40
0.37
0.36
0.36
0.35
0.51
0.70
0.51
0.50
CorWatt	PkgWatt
18.00	129.55
0.57	129.56
0.57
0.54
0.49
0.58
0.57
0.57
0.54
0.44
0.50
0.44
0.43
0.63
0.57
0.56
0.57
0.48
0.52
0.50
0.51
0.45
0.46
0.49
0.46
0.79
0.92
0.59
0.59
0.58
0.68
0.56
0.83
CorWatt	PkgWatt
16.15	127.84
0.52	127.83
0.53
0.45
0.42
0.54
0.49
0.51
0.48
0.38
0.44
0.37
0.37
0.56
0.51
0.51
0.51
0.44
0.47
0.47
0.46
0.38
0.40
0.44
0.40
0.62
1.13
0.61
0.59
0.51
0.51
0.50
0.62
CorWatt	PkgWatt
16.48	128.24
0.53	128.23
0.54
0.45
0.44
0.57
0.50
0.49
0.50
0.40
0.44
0.39
0.38
0.56
0.52
0.52
0.52
0.45
0.51
0.48
0.47
0.39
0.40
0.44
0.40
0.76
1.06
0.61
0.61
0.52
0.52
0.51
0.61
CorWatt	PkgWatt
16.43	128.13
0.53	128.13
0.53
0.46
0.45
0.53
0.50
0.51
0.49
0.38
0.43
0.38
0.40
0.55
0.50
0.52
0.52
0.45
0.48
0.48
0.48
0.40
0.38
0.45
0.43
1.00
0.81
0.59
0.59
0.52
0.53
0.53
0.63
CorWatt	PkgWatt
16.10	127.84
0.53	127.85
0.50
0.44
0.45
0.48
0.48
0.49
0.48
0.37
0.48
0.37
0.37
0.50
0.50
0.48
0.51
0.44
0.46
0.47
0.45
0.39
0.38
0.43
0.45
0.61
1.18
0.61
0.59
0.52
0.52
0.52
0.62
CorWatt	PkgWatt
17.23	129.63
0.56	129.63
0.49
0.46
0.45
0.49
0.50
0.52
0.50
0.38
0.44
0.37
0.37
0.51
0.50
0.49
0.52
0.44
0.47
0.47
0.47
0.38
0.38
0.43
0.44
0.41
2.87
0.40
0.39
0.51
0.50
0.50
0.60
CorWatt	PkgWatt
17.50	130.13
0.56	130.12
0.50
0.45
0.42
0.48
0.48
0.48
0.48
0.37
0.46
0.39
0.39
0.52
0.53
0.50
0.52
0.44
0.47
0.47
0.45
0.40
0.38
0.44
0.44
0.37
3.23
0.36
0.35
0.52
0.52
0.50
0.61
CorWatt	PkgWatt
17.47	130.15
0.52	130.14
0.53
0.45
0.43
0.49
0.49
0.50
0.49
0.39
0.44
0.40
0.38
0.51
0.51
0.49
0.52
0.44
0.46
0.48
0.46
0.39
0.38
0.43
0.44
0.39
3.23
0.37
0.35
0.52
0.51
0.50
0.59
CorWatt	PkgWatt
17.44	130.10
0.56	130.11
0.51
0.44
0.44
0.48
0.48
0.49
0.48
0.38
0.43
0.37
0.37
0.51
0.50
0.49
0.51
0.44
0.47
0.47
0.46
0.38
0.38
0.44
0.44
0.41
3.23
0.36
0.35
0.53
0.52
0.52
0.60
CorWatt	PkgWatt
17.45	130.15
0.54	130.15
0.51
0.44
0.44
0.48
0.48
0.51
0.49
0.39
0.43
0.37
0.37
0.52
0.52
0.50
0.52
0.44
0.47
0.48
0.46
0.38
0.38
0.43
0.44
0.37
3.23
0.36
0.36
0.52
0.51
0.50
0.62
CorWatt	PkgWatt
17.54	130.27
0.55	130.27
0.50
0.44
0.45
0.48
0.49
0.48
0.48
0.40
0.44
0.41
0.41
0.53
0.53
0.51
0.50
0.44
0.46
0.47
0.45
0.38
0.38
0.43
0.44
0.37
3.23
0.36
0.37
0.52
0.52
0.50
0.61
CorWatt	PkgWatt
17.52	130.14
0.54	130.13
0.51
0.46
0.44
0.49
0.49
0.50
0.49
0.39
0.42
0.37
0.37
0.54
0.50
0.49
0.50
0.44
0.47
0.49
0.49
0.39
0.38
0.43
0.44
0.38
3.23
0.37
0.35
0.52
0.51
0.50
0.61
CorWatt	PkgWatt
17.39	130.13
0.54	130.14
0.51
0.44
0.44
0.48
0.49
0.48
0.48
0.37
0.44
0.39
0.39
0.49
0.50
0.48
0.50
0.44
0.46
0.49
0.45
0.39
0.38
0.44
0.45
0.37
3.23
0.37
0.35
0.51
0.53
0.50
0.61
CorWatt	PkgWatt
17.46	129.99
0.53	129.99
0.52
0.45
0.43
0.48
0.48
0.50
0.48
0.38
0.43
0.38
0.37
0.52
0.50
0.50
0.51
0.44
0.47
0.47
0.47
0.38
0.39
0.43
0.45
0.39
3.23
0.37
0.35
0.51
0.52
0.51
0.61
CorWatt	PkgWatt
17.87	130.21
0.54	130.21
0.52
0.46
0.50
0.49
0.49
0.51
0.48
0.39
0.49
0.40
0.37
0.51
0.50
0.50
0.51
0.44
0.46
0.48
0.45
0.41
0.38
0.46
0.46
0.46
3.23
0.37
0.36
0.56
0.53
0.53
0.63
CorWatt	PkgWatt
17.48	130.06
0.53	130.04
0.52
0.46
0.45
0.49
0.49
0.51
0.48
0.38
0.44
0.37
0.37
0.50
0.50
0.49
0.51
0.44
0.47
0.47
0.46
0.40
0.40
0.43
0.43
0.39
3.23
0.37
0.35
0.52
0.52
0.51
0.61
CorWatt	PkgWatt
17.38	129.98
0.53	129.98
0.51
0.46
0.42
0.48
0.49
0.48
0.48
0.38
0.44
0.37
0.37
0.54
0.50
0.49
0.50
0.45
0.48
0.48
0.47
0.39
0.38
0.44
0.44
0.37
3.23
0.36
0.35
0.51
0.50
0.50
0.61
CorWatt	PkgWatt
18.37	130.12
0.59	130.14
0.61
0.53
0.52
0.54
0.56
0.60
0.58
0.47
0.98
0.45
0.44
0.66
0.64
0.82
0.69
0.48
0.52
0.52
0.53
0.44
0.46
0.49
0.49
0.45
1.08
0.41
0.41
0.60
0.56
0.57
0.65
CorWatt	PkgWatt
16.87	128.48
0.51	128.46
0.51
0.47
0.47
0.49
0.51
0.51
0.50
0.38
0.54
0.38
0.40
1.02
0.87
1.44
0.92
0.45
0.47
0.46
0.46
0.41
0.38
0.42
0.41
0.35
0.37
0.38
0.36
0.51
0.52
0.51
0.50
CorWatt	PkgWatt
16.81	128.62
0.51	128.61
0.52
0.44
0.46
0.49
0.50
0.52
0.51
0.40
0.53
0.37
0.38
1.56
0.88
0.89
0.91
0.44
0.49
0.48
0.47
0.38
0.38
0.43
0.41
0.35
0.35
0.36
0.35
0.51
0.52
0.51
0.50
CorWatt	PkgWatt
16.60	128.27
0.52	128.28
0.50
0.44
0.44
0.48
0.48
0.48
0.48
0.41
0.54
0.41
0.37
1.55
0.88
0.90
0.91
0.44
0.47
0.46
0.45
0.38
0.38
0.41
0.39
0.37
0.36
0.36
0.35
0.50
0.50
0.50
0.50
CorWatt	PkgWatt
16.64	128.33
0.51	128.33
0.52
0.44
0.43
0.50
0.48
0.53
0.49
0.39
0.53
0.37
0.37
0.87
0.88
1.55
0.91
0.44
0.47
0.47
0.46
0.39
0.39
0.42
0.42
0.35
0.35
0.35
0.35
0.50
0.50
0.51
0.50
CorWatt	PkgWatt
16.73	128.35
0.53	128.35
0.53
0.45
0.44
0.48
0.48
0.48
0.50
0.38
0.54
0.41
0.37
1.56
0.88
0.86
0.90
0.45
0.48
0.47
0.45
0.41
0.41
0.41
0.41
0.38
0.35
0.35
0.35
0.50
0.50
0.49
0.50
CorWatt	PkgWatt
17.41	128.96
0.50	128.95
0.52
0.45
0.44
0.49
0.50
0.51
0.49
0.39
0.53
0.39
0.40
0.98
0.96
1.78
1.00
0.45
0.50
0.50
0.48
0.40
0.40
0.42
0.41
0.37
0.36
0.37
0.36
0.53
0.51
0.51
0.52
CorWatt	PkgWatt
19.86	130.97
0.53	130.98
0.51
0.44
0.43
0.48
0.48
0.48
0.48
0.39
0.57
0.37
0.38
3.11
1.37
1.42
1.37
0.44
0.47
0.49
0.48
0.39
0.40
0.41
0.41
0.36
0.37
0.38
0.37
0.53
0.53
0.52
0.52
CorWatt	PkgWatt
19.67	130.86
0.53	130.85
0.50
0.44
0.42
0.48
0.48
0.50
0.48
0.39
0.53
0.38
0.39
1.37
1.37
3.17
1.37
0.44
0.49
0.47
0.46
0.39
0.38
0.41
0.39
0.35
0.35
0.36
0.36
0.52
0.50
0.50
0.50
CorWatt	PkgWatt
19.74	130.99
0.52	130.99
0.51
0.44
0.42
0.49
0.50
0.48
0.48
0.39
0.53
0.38
0.38
3.17
1.37
1.36
1.37
0.44
0.49
0.47
0.48
0.39
0.38
0.40
0.39
0.40
0.36
0.36
0.36
0.51
0.50
0.51
0.51
CorWatt	PkgWatt
19.82	131.00
0.53	130.99
0.49
0.44
0.43
0.49
0.49
0.50
0.48
0.41
0.53
0.38
0.39
3.17
1.36
1.36
1.37
0.46
0.50
0.48
0.46
0.38
0.40
0.40
0.40
0.35
0.37
0.38
0.36
0.51
0.50
0.51
0.52
CorWatt	PkgWatt
19.69	131.02
0.52	131.03
0.52
0.45
0.49
0.48
0.48
0.48
0.48
0.39
0.53
0.38
0.38
1.37
1.37
3.18
1.37
0.44
0.47
0.46
0.46
0.38
0.38
0.41
0.39
0.35
0.35
0.37
0.35
0.51
0.50
0.50
0.50
CorWatt	PkgWatt
19.70	130.93
0.53	130.93
0.50
0.44
0.48
0.48
0.48
0.49
0.47
0.38
0.53
0.37
0.38
1.37
1.37
3.16
1.37
0.44
0.47
0.49
0.48
0.38
0.38
0.40
0.39
0.37
0.37
0.36
0.35
0.51
0.50
0.50
0.50
CorWatt	PkgWatt
19.69	131.00
0.51	131.00
0.52
0.46
0.46
0.48
0.51
0.49
0.48
0.39
0.53
0.37
0.38
2.11
1.37
2.42
1.37
0.44
0.49
0.46
0.47
0.38
0.38
0.40
0.39
0.35
0.35
0.35
0.35
0.51
0.51
0.50
0.50
CorWatt	PkgWatt
19.82	131.16
0.51	131.15
0.51
0.44
0.48
0.49
0.49
0.49
0.50
0.39
0.52
0.38
0.38
3.16
1.37
1.36
1.37
0.44
0.47
0.50
0.48
0.38
0.38
0.41
0.39
0.37
0.37
0.38
0.35
0.51
0.52
0.50
0.51
CorWatt	PkgWatt
19.75	131.10
0.50	131.11
0.51
0.44
0.47
0.48
0.48
0.48
0.49
0.40
0.54
0.39
0.38
2.34
1.36
2.19
1.37
0.44
0.49
0.47
0.47
0.38
0.38
0.40
0.39
0.37
0.37
0.36
0.37
0.51
0.51
0.50
0.51
CorWatt	PkgWatt
19.95	131.19
0.54	131.19
0.51
0.46
0.49
0.48
0.48
0.49
0.48
0.39
0.52
0.39
0.41
1.98
1.37
2.56
1.37
0.45
0.48
0.45
0.48
0.40
0.39
0.42
0.41
0.37
0.36
0.36
0.36
0.54
0.55
0.53
0.52
CorWatt	PkgWatt
18.72	130.21
0.50	130.21
0.51
0.44
0.47
0.48
0.50
0.48
0.47
0.39
0.55
0.37
0.39
1.19
1.19
2.66
1.21
0.44
0.46
0.44
0.47
0.39
0.38
0.40
0.40
0.36
0.37
0.38
0.35
0.55
0.53
0.52
0.50
CorWatt	PkgWatt
20.28	134.63
0.58	134.63
0.58
0.52
0.56
0.55
0.55
0.55
0.56
0.49
0.57
0.47
0.46
0.58
0.57
0.64
0.62
0.55
0.56
0.52
1.08
3.20
0.54
0.50
0.50
0.42
0.41
0.45
0.43
0.61
0.57
0.55
0.56
CorWatt	PkgWatt
20.00	138.46
0.51	138.45
0.51
0.45
0.46
0.47
0.47
0.47
0.48
0.38
0.46
0.39
0.39
0.52
0.53
0.56
0.52
0.44
0.48
0.45
0.57
5.79
0.45
0.41
0.40
0.35
0.35
0.35
0.35
0.55
0.51
0.50
0.50
CorWatt	PkgWatt
20.01	138.21
0.50	138.21
0.50
0.44
0.45
0.47
0.48
0.47
0.48
0.42
0.43
0.41
0.37
0.52
0.51
0.57
0.52
0.44
0.47
0.46
0.56
5.80
0.46
0.41
0.39
0.35
0.35
0.36
0.35
0.55
0.52
0.50
0.50
CorWatt	PkgWatt
19.92	138.24
0.52	138.24
0.52
0.44
0.45
0.47
0.48
0.47
0.48
0.38
0.44
0.38
0.38
0.51
0.51
0.53
0.52
0.44
0.47
0.45
0.57
5.79
0.44
0.42
0.40
0.38
0.35
0.35
0.35
0.55
0.53
0.50
0.50
CorWatt	PkgWatt
20.53	138.85
0.54	138.85
0.57
0.49
0.50
0.52
0.48
0.49
0.50
0.38
0.46
0.38
0.37
0.53
0.53
0.51
0.52
0.47
0.51
0.49
0.59
5.79
0.41
0.42
0.41
0.39
0.39
0.35
0.39
0.56
0.55
0.50
0.50
CorWatt	PkgWatt
20.10	138.38
0.54	138.38
0.50
0.44
0.44
0.54
0.49
0.47
0.48
0.41
0.44
0.40
0.40
0.53
0.55
0.50
0.50
0.44
0.46
0.45
0.57
5.79
0.41
0.42
0.40
0.35
0.35
0.36
0.37
0.54
0.55
0.50
0.50
CorWatt	PkgWatt
19.85	138.32
0.54	138.32
0.51
0.46
0.44
0.47
0.48
0.48
0.47
0.38
0.43
0.36
0.37
0.50
0.50
0.49
0.50
0.44
0.46
0.47
0.59
5.80
0.41
0.41
0.40
0.35
0.35
0.36
0.35
0.55
0.55
0.50
0.50
CorWatt	PkgWatt
19.86	138.39
0.53	138.38
0.51
0.44
0.43
0.47
0.48
0.47
0.48
0.38
0.45
0.38
0.39
0.50
0.50
0.48
0.50
0.44
0.46
0.46
0.57
5.80
0.41
0.42
0.42
0.35
0.35
0.35
0.35
0.54
0.56
0.51
0.50
CorWatt	PkgWatt
20.36	138.75
0.54	138.74
0.53
0.46
0.44
0.49
0.50
0.49
0.49
0.40
0.46
0.39
0.40
0.51
0.51
0.50
0.56
0.45
0.48
0.49
0.57
5.80
0.43
0.42
0.42
0.39
0.36
0.37
0.36
0.56
0.57
0.51
0.52
CorWatt	PkgWatt
20.19	138.55
0.53	138.56
0.52
0.46
0.45
0.47
0.48
0.53
0.48
0.38
0.45
0.38
0.37
0.50
0.52
0.48
0.51
0.44
0.46
0.47
0.57
5.80
0.40
0.41
0.41
0.43
0.37
0.35
0.35
0.58
0.57
0.52
0.54
CorWatt	PkgWatt
19.94	138.39
0.52	138.38
0.52
0.46
0.43
0.47
0.48
0.52
0.47
0.38
0.44
0.37
0.37
0.50
0.50
0.51
0.50
0.44
0.46
0.48
0.56
5.80
0.42
0.41
0.40
0.35
0.35
0.36
0.35
0.55
0.56
0.52
0.50
CorWatt	PkgWatt
19.97	138.58
0.52	138.58
0.51
0.45
0.42
0.47
0.49
0.52
0.47
0.39
0.44
0.37
0.38
0.51
0.50
0.50
0.51
0.45
0.49
0.49
0.59
5.80
0.42
0.41
0.40
0.35
0.35
0.35
0.35
0.54
0.51
0.54
0.50
CorWatt	PkgWatt
20.02	138.61
0.53	138.60
0.51
0.45
0.45
0.48
0.49
0.51
0.48
0.39
0.43
0.37
0.38
0.51
0.50
0.50
0.51
0.44
0.46
0.48
0.57
5.80
0.41
0.42
0.40
0.36
0.35
0.36
0.35
0.55
0.51
0.56
0.50
CorWatt	PkgWatt
20.34	138.68
0.52	138.69
0.51
0.48
0.45
0.48
0.52
0.53
0.50
0.39
0.45
0.39
0.39
0.51
0.52
0.49
0.53
0.44
0.48
0.47
0.58
5.80
0.41
0.44
0.43
0.35
0.38
0.39
0.37
0.56
0.53
0.57
0.51
CorWatt	PkgWatt
20.37	138.73
0.55	138.73
0.53
0.45
0.43
0.48
0.52
0.52
0.50
0.39
0.45
0.37
0.40
0.51
0.54
0.50
0.57
0.44
0.47
0.49
0.58
5.79
0.41
0.42
0.42
0.36
0.40
0.37
0.37
0.58
0.53
0.52
0.51
CorWatt	PkgWatt
20.03	138.61
0.52	138.61
0.49
0.44
0.42
0.47
0.52
0.51
0.49
0.38
0.46
0.39
0.39
0.50
0.51
0.49
0.51
0.44
0.46
0.49
0.57
5.79
0.41
0.41
0.41
0.42
0.35
0.42
0.35
0.51
0.51
0.50
0.51
CorWatt	PkgWatt
20.23	138.84
0.52	138.84
0.49
0.44
0.43
0.50
0.54
0.54
0.49
0.39
0.45
0.38
0.38
0.53
0.51
0.50
0.54
0.45
0.46
0.50
0.57
5.79
0.43
0.44
0.43
0.36
0.35
0.42
0.35
0.52
0.51
0.51
0.51
CorWatt	PkgWatt
19.35	133.73
0.54	133.76
0.55
0.49
0.50
0.57
0.61
0.58
0.60
0.42
0.47
0.43
0.57
1.06
0.55
0.54
0.56
0.54
0.56
0.58
0.63
2.50
0.50
0.50
0.50
0.42
0.41
0.45
0.41
0.60
0.58
0.56
0.56
CorWatt	PkgWatt
17.86	130.58
0.55	130.57
0.53
0.45
0.47
0.55
0.54
0.50
0.52
0.43
0.49
0.43
3.14
0.63
0.54
0.52
0.53
0.46
0.48
0.48
0.49
0.41
0.41
0.41
0.41
0.36
0.35
0.37
0.35
0.52
0.51
0.51
0.51
CorWatt	PkgWatt
17.81	130.44
0.53	130.44
0.51
0.45
0.48
0.53
0.53
0.49
0.50
0.42
0.49
0.41
3.08
0.63
0.55
0.50
0.53
0.46
0.47
0.48
0.48
0.40
0.42
0.43
0.42
0.37
0.37
0.39
0.37
0.53
0.53
0.52
0.54
CorWatt	PkgWatt
17.71	130.48
0.52	130.47
0.53
0.45
0.48
0.54
0.54
0.50
0.53
0.42
0.46
0.40
3.06
0.63
0.53
0.51
0.55
0.46
0.47
0.47
0.47
0.40
0.39
0.41
0.41
0.38
0.36
0.37
0.37
0.52
0.53
0.53
0.52
CorWatt	PkgWatt
17.59	130.25
0.53	130.25
0.52
0.44
0.47
0.54
0.53
0.48
0.50
0.43
0.46
0.40
3.07
0.63
0.52
0.51
0.53
0.45
0.49
0.47
0.48
0.40
0.38
0.41
0.40
0.39
0.36
0.37
0.36
0.52
0.51
0.50
0.51
CorWatt	PkgWatt
17.58	130.22
0.52	130.22
0.52
0.44
0.50
0.53
0.53
0.48
0.51
0.43
0.46
0.40
3.08
0.63
0.52
0.53
0.53
0.46
0.47
0.47
0.46
0.40
0.40
0.43
0.40
0.36
0.36
0.37
0.37
0.52
0.51
0.52
0.51
CorWatt	PkgWatt
17.67	130.25
0.54	130.26
0.54
0.45
0.51
0.54
0.53
0.48
0.49
0.43
0.48
0.42
3.06
0.63
0.54
0.50
0.53
0.45
0.47
0.47
0.48
0.40
0.38
0.41
0.40
0.36
0.37
0.39
0.38
0.52
0.51
0.51
0.51
CorWatt	PkgWatt
17.69	130.39
0.52	130.38
0.51
0.48
0.48
0.53
0.53
0.49
0.50
0.43
0.47
0.41
3.06
0.62
0.56
0.51
0.53
0.45
0.47
0.49
0.49
0.41
0.39
0.41
0.40
0.37
0.38
0.37
0.36
0.53
0.52
0.51
0.51
CorWatt	PkgWatt
17.46	130.22
0.52	130.23
0.49
0.54
0.47
0.53
0.53
0.49
0.49
0.40
0.46
0.40
3.08
0.62
0.54
0.50
0.53
0.44
0.48
0.45
0.48
0.40
0.38
0.41
0.40
0.35
0.35
0.37
0.35
0.51
0.51
0.50
0.50
CorWatt	PkgWatt
17.53	130.17
0.54	130.17
0.47
0.51
0.45
0.53
0.53
0.48
0.51
0.45
0.47
0.40
3.07
0.62
0.53
0.53
0.52
0.44
0.46
0.48
0.46
0.40
0.38
0.41
0.40
0.37
0.37
0.38
0.35
0.51
0.51
0.50
0.50
CorWatt	PkgWatt
17.58	130.51
0.53	130.51
0.48
0.51
0.43
0.53
0.54
0.49
0.50
0.42
0.47
0.42
3.07
0.62
0.54
0.52
0.53
0.44
0.50
0.46
0.48
0.40
0.38
0.42
0.40
0.38
0.37
0.37
0.37
0.51
0.51
0.50
0.51
CorWatt	PkgWatt
17.89	130.46
0.56	130.46
0.48
0.53
0.46
0.53
0.53
0.49
0.50
0.43
0.50
0.42
3.06
0.63
0.53
0.51
0.53
0.47
0.48
0.48
0.46
0.42
0.39
0.43
0.43
0.38
0.38
0.37
0.36
0.53
0.54
0.54
0.53
CorWatt	PkgWatt
17.59	130.29
0.54	130.29
0.47
0.51
0.43
0.55
0.53
0.48
0.50
0.42
0.48
0.41
3.07
0.62
0.55
0.50
0.53
0.44
0.47
0.47
0.46
0.40
0.39
0.41
0.41
0.36
0.37
0.38
0.35
0.52
0.54
0.53
0.51
CorWatt	PkgWatt
17.52	130.24
0.54	130.24
0.45
0.52
0.45
0.55
0.54
0.48
0.49
0.41
0.46
0.40
3.08
0.62
0.53
0.52
0.54
0.46
0.49
0.49
0.46
0.40
0.38
0.41
0.40
0.35
0.35
0.36
0.35
0.51
0.52
0.51
0.50
CorWatt	PkgWatt
17.55	130.38
0.54	130.38
0.47
0.52
0.44
0.53
0.53
0.48
0.49
0.42
0.50
0.42
3.06
0.64
0.56
0.52
0.55
0.44
0.46
0.48
0.46
0.42
0.38
0.41
0.39
0.35
0.35
0.37
0.35
0.52
0.51
0.50
0.50
CorWatt	PkgWatt
17.59	130.22
0.54	130.21
0.46
0.52
0.45
0.55
0.53
0.49
0.49
0.45
0.47
0.43
3.07
0.64
0.54
0.51
0.54
0.45
0.46
0.48
0.46
0.40
0.38
0.41
0.40
0.36
0.35
0.36
0.35
0.52
0.51
0.51
0.50
CorWatt	PkgWatt
17.44	130.21
0.54	130.21
0.48
0.51
0.45
0.53
0.53
0.49
0.49
0.41
0.46
0.41
3.06
0.64
0.53
0.50
0.52
0.44
0.47
0.47
0.46
0.40
0.38
0.40
0.40
0.38
0.35
0.37
0.35
0.51
0.51
0.50
0.50
CorWatt	PkgWatt
17.43	130.08
0.56	130.08
0.47
0.51
0.45
0.54
0.53
0.50
0.52
0.42
0.46
0.40
2.96
0.54
0.66
0.51
0.54
0.44
0.47
0.50
0.46
0.40
0.38
0.40
0.40
0.35
0.35
0.36
0.35
0.51
0.50
0.50
0.51
CorWatt	PkgWatt
18.27	130.09
0.71	130.11
0.63
0.68
1.02
0.57
1.12
0.58
0.56
0.46
0.53
0.48
0.55
0.62
0.66
0.60
0.60
0.48
0.50
0.52
0.51
0.45
0.46
0.48
0.46
0.44
0.47
0.47
0.45
0.57
0.55
0.55
0.55
CorWatt	PkgWatt
16.58	128.77
0.79	128.75
0.80
0.77
1.27
0.49
0.62
0.50
0.50
0.40
0.44
0.38
0.45
0.51
0.52
0.51
0.52
0.45
0.47
0.49
0.49
0.41
0.39
0.41
0.42
0.38
0.42
0.40
0.36
0.52
0.51
0.51
0.50
CorWatt	PkgWatt
16.76	128.73
0.76	128.74
0.90
0.78
1.20
0.49
0.61
0.49
0.50
0.39
0.48
0.39
0.46
0.55
0.54
0.51
0.54
0.44
0.49
0.49
0.46
0.43
0.38
0.43
0.42
0.40
0.42
0.43
0.36
0.51
0.51
0.50
0.50
CorWatt	PkgWatt
16.48	128.55
0.78	128.55
1.18
0.77
0.94
0.49
0.61
0.50
0.50
0.39
0.47
0.38
0.43
0.51
0.51
0.51
0.53
0.45
0.47
0.46
0.46
0.40
0.38
0.42
0.39
0.37
0.41
0.41
0.35
0.53
0.51
0.50
0.50
CorWatt	PkgWatt
16.93	128.93
0.79	128.93
0.74
0.78
1.33
0.51
0.60
0.54
0.51
0.39
0.47
0.39
0.45
0.51
0.54
0.52
0.56
0.45
0.48
0.46
0.46
0.40
0.40
0.42
0.41
0.41
0.43
0.41
0.36
0.56
0.55
0.54
0.55
CorWatt	PkgWatt
17.37	129.28
0.88	129.28
0.85
0.88
1.74
0.50
0.61
0.50
0.50
0.41
0.44
0.40
0.44
0.52
0.54
0.50
0.54
0.45
0.48
0.47
0.47
0.42
0.41
0.42
0.41
0.38
0.41
0.40
0.35
0.52
0.51
0.52
0.51
CorWatt	PkgWatt
19.32	131.18
1.14	131.18
1.12
1.14
3.12
0.50
0.61
0.49
0.49
0.39
0.45
0.38
0.42
0.50
0.51
0.49
0.51
0.45
0.49
0.49
0.48
0.40
0.38
0.42
0.41
0.37
0.40
0.40
0.35
0.51
0.51
0.50
0.51
CorWatt	PkgWatt
19.74	131.57
1.20	131.57
3.06
1.20
1.54
0.50
0.62
0.51
0.50
0.39
0.44
0.37
0.40
0.50
0.50
0.50
0.52
0.44
0.47
0.47
0.46
0.40
0.39
0.41
0.40
0.37
0.42
0.39
0.35
0.51
0.51
0.50
0.50
CorWatt	PkgWatt
19.93	131.58
1.20	131.58
3.47
1.20
1.19
0.50
0.63
0.51
0.51
0.39
0.44
0.38
0.38
0.51
0.50
0.52
0.52
0.46
0.48
0.45
0.46
0.40
0.39
0.42
0.42
0.37
0.42
0.42
0.37
0.51
0.52
0.51
0.50
CorWatt	PkgWatt
19.75	131.41
1.16	131.41
2.77
1.16
1.75
0.51
0.62
0.51
0.52
0.41
0.44
0.37
0.39
0.51
0.52
0.50
0.54
0.45
0.47
0.48
0.47
0.40
0.39
0.41
0.41
0.37
0.41
0.41
0.36
0.52
0.51
0.51
0.50
CorWatt	PkgWatt
19.45	131.28
1.19	131.28
1.18
1.19
3.11
0.50
0.60
0.49
0.50
0.40
0.46
0.40
0.40
0.50
0.51
0.50
0.53
0.44
0.48
0.45
0.47
0.40
0.38
0.42
0.40
0.38
0.40
0.39
0.35
0.51
0.51
0.50
0.51
CorWatt	PkgWatt
19.87	131.53
1.20	131.53
3.09
1.20
1.51
0.51
0.63
0.51
0.52
0.40
0.43
0.37
0.38
0.52
0.51
0.51
0.53
0.44
0.47
0.47
0.47
0.40
0.41
0.43
0.42
0.37
0.40
0.40
0.35
0.51
0.50
0.50
0.50
CorWatt	PkgWatt
19.55	131.58
1.19	131.59
1.18
1.19
3.10
0.50
0.61
0.49
0.51
0.39
0.44
0.40
0.38
0.52
0.52
0.50
0.52
0.45
0.49
0.45
0.46
0.43
0.40
0.42
0.44
0.38
0.41
0.39
0.35
0.51
0.51
0.50
0.50
CorWatt	PkgWatt
20.03	131.58
1.20	131.57
3.47
1.20
1.18
0.50
0.60
0.51
0.51
0.40
0.46
0.39
0.38
0.52
0.51
0.50
0.53
0.47
0.48
0.47
0.47
0.42
0.41
0.42
0.41
0.39
0.41
0.40
0.35
0.52
0.51
0.51
0.50
CorWatt	PkgWatt
19.60	131.42
1.17	131.43
1.69
1.75
2.07
0.50
0.60
0.49
0.50
0.39
0.44
0.37
0.38
0.50
0.51
0.50
0.52
0.44
0.47
0.48
0.48
0.40
0.41
0.44
0.42
0.39
0.43
0.41
0.36
0.53
0.51
0.51
0.53
CorWatt	PkgWatt
19.46	131.24
1.19	131.24
1.17
2.67
1.63
0.51
0.62
0.49
0.51
0.38
0.43
0.37
0.39
0.51
0.51
0.49
0.53
0.44
0.46
0.47
0.47
0.41
0.39
0.42
0.40
0.38
0.42
0.40
0.35
0.51
0.50
0.51
0.50
CorWatt	PkgWatt
19.50	131.51
1.19	131.51
1.18
1.20
3.10
0.50
0.61
0.50
0.50
0.40
0.43
0.37
0.38
0.50
0.51
0.49
0.51
0.45
0.49
0.47
0.48
0.40
0.39
0.43
0.40
0.41
0.43
0.40
0.36
0.51
0.51
0.51
0.51
CorWatt	PkgWatt
19.40	130.92
0.89	130.95
0.89
1.38
1.34
0.55
0.65
0.59
0.56
0.49
0.52
0.45
0.46
0.54
0.57
0.58
0.55
0.49
0.48
0.51
0.51
0.43
0.48
0.46
0.50
0.48
0.60
0.52
0.45
0.64
0.60
0.63
0.60
