CorWatt	PkgWatt
15.62	127.55
0.56	127.55
0.46
0.52
0.46
0.51
0.56
0.54
0.53
0.41
0.48
0.43
0.39
0.54
0.54
0.53
0.53
0.51
0.48
0.48
0.50
0.45
0.45
0.41
0.43
0.39
0.42
0.50
0.40
0.57
0.51
0.55
0.57
CorWatt	PkgWatt
14.62	126.91
0.52	127.00
0.44
0.52
0.42
0.49
0.55
0.53
0.48
0.38
0.44
0.40
0.38
0.50
0.50
0.50
0.51
0.49
0.47
0.49
0.47
0.42
0.41
0.41
0.46
0.35
0.35
0.39
0.36
0.52
0.50
0.50
0.50
CorWatt	PkgWatt
18.56	129.99
0.63	129.93
0.62
0.71
0.55
0.65
0.62
0.66
0.65
0.52
0.51
0.50
0.42
0.62
0.57
0.58
0.66
0.60
0.60
0.57
0.61
0.56
0.52
0.50
0.54
0.45
0.52
0.50
0.50
0.66
0.65
0.68
0.64
CorWatt	PkgWatt
15.20	127.29
0.50	127.20
0.44
0.57
0.44
0.53
0.52
0.58
0.55
0.48
0.44
0.39
0.39
0.55
0.53
0.51
0.52
0.52
0.47
0.48
0.53
0.43
0.43
0.40
0.40
0.36
0.38
0.37
0.39
0.55
0.52
0.52
0.52
