CorWatt	PkgWatt
4.18	156.55
0.08	78.50
0.08
0.08
0.08
0.08
0.08
0.08
0.08
0.07
0.06
0.06
0.07
0.06
0.06
0.06
0.06
0.08
0.08
0.08
0.08
0.09
0.08
0.07
0.07
0.07
0.07
0.07
0.07
0.06
0.07
0.07
0.07
0.07	78.15
0.06
0.06
0.06
0.06
0.06
0.06
0.06
0.06
0.06
0.06
0.06
0.06
0.05
0.05
0.06
0.06
0.06
0.06
0.06
0.06
0.06
0.06
0.06
0.06
0.06
0.06
0.06
0.06
0.06
0.06
0.06
CorWatt	PkgWatt
4.32	151.61
0.08	75.88
0.07
0.08
0.07
0.07
0.07
0.07
0.07
0.06
0.06
0.06
0.06
0.06
0.06
0.07
0.07
0.08
0.07
0.07
0.08
0.09
0.08
0.07
0.07
0.07
0.07
0.07
0.07
0.06
0.06
0.06
0.07
0.07	75.94
0.11
0.06
0.06
0.08
0.06
0.06
0.07
0.06
0.06
0.06
0.06
0.06
0.06
0.06
0.06
0.06
0.06
0.06
0.06
0.10
0.07
0.09
0.06
0.08
0.07
0.06
0.07
0.06
0.06
0.06
0.06
CorWatt	PkgWatt
58.23	219.30
0.82	120.05
0.98
1.03
1.04
0.99
0.94
0.83
0.89
0.95
0.90
0.81
0.88
0.89
0.87
0.86
0.91
0.99
0.84
0.85
1.03
1.05
0.84
0.81
0.93
0.84
1.01
0.84
1.02
0.92
0.96
0.80
0.89
0.91	124.85
0.90
0.91
0.90
1.01
2.79
0.95
0.96
1.03
0.99
0.97
0.99
1.00
0.98
0.94
0.97
1.00
1.00
1.02
1.06
1.07
1.05
1.01
1.01
1.07
1.08
1.08
1.10
1.09
1.10
1.06
1.02
CorWatt	PkgWatt
173.01	424.76
0.32	186.59
2.46
2.74
2.68
2.59
2.60
2.41
2.41
2.55
2.49
2.46
2.50
2.51
2.48
2.29
2.29
2.54
2.52
2.53
2.52
2.51
2.50
2.33
2.34
2.53
2.49
2.50
2.47
2.44
2.48
2.27
2.27
2.61	195.05
2.57
2.55
2.54
2.63
3.85
2.40
2.38
2.63
2.61
2.58
2.62
2.62
2.60
2.41
2.41
2.54
2.51
2.54
2.55
2.58
2.58
2.38
2.39
2.58
2.54
2.57
2.55
2.56
2.54
2.34
2.28
