CorWatt	PkgWatt
15.56	128.38
0.56	128.38
0.45
0.48
0.47
0.64
0.55
0.52
0.50
0.41
0.48
0.41
0.40
0.59
0.54
0.57
0.56
0.50
0.51
0.51
0.57
0.43
0.41
0.46
0.42
0.37
0.38
0.38
0.37
0.55
0.53
0.52
0.52
CorWatt	PkgWatt
15.10	127.66
0.54	128.07
0.44
0.47
0.44
0.51
0.53
0.51
0.50
0.41
0.46
0.41
0.41
0.57
0.56
0.55
0.52
0.47
0.48
0.47
0.55
0.41
0.43
0.43
0.46
0.36
0.39
0.38
0.36
0.52
0.53
0.54
0.52
CorWatt	PkgWatt
71.97	187.60
0.97	187.08
2.28
2.36
2.32
2.31
2.36
2.30
2.23
2.18
2.22
2.16
2.13
2.32
2.35
2.34
2.33
2.27
2.28
2.09
2.13
2.21
2.21
2.04
1.97
2.24
2.21
2.01
3.73
2.44
2.46
2.22
2.21
