CorWatt	PkgWatt
15.29	127.84
0.55	127.84
0.52
0.48
0.48
0.52
0.51
0.51
0.51
0.41
0.47
0.51
0.47
0.52
0.54
0.59
0.53
0.48
0.48
0.48
0.47
0.40
0.39
0.40
0.40
0.38
0.37
0.41
0.41
0.53
0.51
0.51
0.54
CorWatt	PkgWatt
14.82	126.91
0.54	127.47
0.49
0.47
0.46
0.52
0.52
0.49
0.51
0.38
0.54
0.39
0.39
0.50
0.51
0.57
0.51
0.47
0.47
0.49
0.47
0.42
0.39
0.38
0.39
0.37
0.36
0.40
0.39
0.52
0.52
0.50
0.51
CorWatt	PkgWatt
67.93	164.40
0.90	185.72
2.19
2.26
2.23
2.29
2.30
2.29
2.24
2.18
2.22
2.20
2.18
2.31
2.30
2.35
2.29
2.34
3.90
2.25
2.20
2.47
2.26
2.10
2.04
2.23
2.22
2.04
2.04
2.44
2.43
2.24
2.22
