CorWatt	PkgWatt
15.27	127.28
0.50	127.28
0.46
0.51
0.47
0.54
0.52
0.57
0.54
0.40
0.46
0.41
0.39
0.52
0.52
0.50
0.54
0.52
0.52
0.49
0.47
0.40
0.45
0.40
0.39
0.39
0.38
0.42
0.39
0.55
0.54
0.56
0.55
CorWatt	PkgWatt
14.84	126.88
0.51	127.07
0.44
0.51
0.49
0.51
0.50
0.51
0.50
0.41
0.43
0.37
0.38
0.52
0.52
0.51
0.54
0.48
0.55
0.46
0.47
0.41
0.43
0.39
0.38
0.39
0.36
0.40
0.40
0.52
0.56
0.52
0.52
CorWatt	PkgWatt
18.34	130.00
0.59	129.84
0.52
0.59
0.54
0.56
0.59
0.64
0.59
0.61
0.68
0.61
0.53
0.63
0.68
0.67
0.69
0.55
0.56
0.54
0.54
0.43
0.58
0.49
0.45
0.47
0.49
0.47
0.47
0.68
0.62
0.60
0.65
CorWatt	PkgWatt
16.64	128.87
0.59	128.69
0.63
0.53
0.47
0.55
0.57
0.54
0.51
0.53
0.64
0.46
0.43
0.54
0.55
0.53
0.57
0.48
0.59
0.49
0.54
0.48
0.49
0.45
0.42
0.42
0.51
0.49
0.39
0.55
0.55
0.56
0.58
