CorWatt	PkgWatt
15.79	129.15
0.55	129.15
0.48
0.53
0.48
0.53
0.57
0.54
0.53
0.42
0.45
0.40
0.42
0.66
0.59
0.60
0.62
0.48
0.48
0.50
0.49
0.45
0.41
0.43
0.44
0.39
0.38
0.41
0.40
0.55
0.53
0.54
0.55
CorWatt	PkgWatt
15.14	127.82
0.53	128.32
0.46
0.52
0.47
0.51
0.54
0.51
0.52
0.40
0.45
0.39
0.40
0.58
0.57
0.58
0.56
0.46
0.47
0.49
0.47
0.44
0.40
0.43
0.44
0.37
0.37
0.38
0.36
0.53
0.52
0.52
0.51
CorWatt	PkgWatt
69.06	165.69
0.90	187.17
2.21
2.25
2.25
2.31
2.34
2.34
2.27
2.26
2.50
2.30
2.25
2.42
2.48
2.43
2.49
2.31
2.32
2.13
2.14
2.30
2.27
2.06
2.04
2.27
2.24
2.06
2.07
2.50
2.48
2.32
3.85
