CorWatt	PkgWatt
4.60	151.59
0.09	75.93
0.09
0.09
0.09
0.08
0.08
0.08
0.08
0.07
0.07
0.07
0.07
0.07
0.07
0.07
0.07
0.08
0.08
0.08
0.08
0.09
0.08
0.08
0.08
0.08
0.08
0.07
0.07
0.07
0.07
0.07
0.07
0.07	75.67
0.07
0.07
0.06
0.06
0.06
0.06
0.06
0.06
0.06
0.06
0.06
0.06
0.06
0.06
0.06
0.06
0.06
0.06
0.06
0.07
0.07
0.07
0.07
0.07
0.07
0.07
0.15
0.06
0.06
0.06
0.06
CorWatt	PkgWatt
4.90	151.68
0.11	76.21
0.09
0.09
0.11
0.09
0.09
0.08
0.09
0.08
0.07
0.12
0.07
0.08
0.07
0.07
0.08
0.09
0.09
0.10
0.10
0.10
0.08
0.08
0.10
0.10
0.08
0.12
0.08
0.08
0.07
0.09
0.09
0.07	75.49
0.07
0.06
0.06
0.07
0.07
0.06
0.06
0.06
0.06
0.06
0.06
0.06
0.06
0.06
0.06
0.06
0.06
0.06
0.06
0.08
0.07
0.07
0.07
0.06
0.07
0.07
0.06
0.06
0.06
0.06
0.06
CorWatt	PkgWatt
7.27	162.89
0.15	82.29
0.12
0.12
0.12
0.12
0.13
0.15
0.14
0.12
0.10
0.14
0.10
0.22
0.14
0.10
0.12
0.12
0.10
0.13
0.14
0.14
0.12
0.12
0.21
0.13
0.13
0.12
0.10
0.10
0.12
0.09
0.13
0.12	80.66
0.09
0.12
0.14
0.09
0.10
0.09
0.15
0.09
0.09
0.10
0.09
0.08
0.08
0.08
0.09
0.09
0.09
0.09
0.14
0.10
0.09
0.12
0.13
0.08
0.09
0.11
0.08
0.09
0.10
0.09
0.10
CorWatt	PkgWatt
4.62	151.52
0.09	75.92
0.10
0.10
0.09
0.08
0.08
0.08
0.08
0.07
0.07
0.07
0.07
0.08
0.09
0.07
0.07
0.08
0.08
0.08
0.08
0.09
0.08
0.08
0.08
0.09
0.08
0.08
0.08
0.07
0.07
0.07
0.07
0.08	75.57
0.07
0.07
0.07
0.07
0.07
0.06
0.06
0.06
0.06
0.06
0.06
0.06
0.06
0.06
0.06
0.07
0.07
0.07
0.07
0.07
0.07
0.07
0.07
0.07
0.07
0.07
0.06
0.06
0.06
0.06
0.06
CorWatt	PkgWatt
4.49	151.37
0.09	75.81
0.09
0.09
0.09
0.08
0.08
0.08
0.08
0.07
0.07
0.07
0.07
0.07
0.07
0.07
0.07
0.08
0.08
0.08
0.08
0.09
0.08
0.08
0.08
0.08
0.08
0.07
0.07
0.07
0.07
0.07
0.07
0.07	75.48
0.06
0.06
0.06
0.06
0.06
0.06
0.06
0.06
0.06
0.06
0.06
0.06
0.06
0.06
0.06
0.07
0.06
0.06
0.07
0.07
0.07
0.07
0.07
0.06
0.07
0.07
0.06
0.06
0.06
0.06
0.06
CorWatt	PkgWatt
5.95	157.01
0.17	79.34
0.17
0.17
0.16
0.13
0.10
0.10
0.12
0.12
0.12
0.11
0.09
0.13
0.10
0.10
0.12
0.09
0.09
0.09
0.09
0.11
0.10
0.12
0.12
0.12
0.12
0.12
0.09
0.09
0.09
0.11
0.08
0.07	77.73
0.07
0.07
0.07
0.07
0.07
0.07
0.07
0.07
0.07
0.07
0.07
0.06
0.06
0.06
0.06
0.07
0.07
0.07
0.08
0.08
0.07
0.07
0.09
0.07
0.07
0.11
0.10
0.07
0.07
0.07
0.07
CorWatt	PkgWatt
4.67	151.47
0.09	75.93
0.09
0.09
0.09
0.08
0.08
0.08
0.08
0.07
0.08
0.14
0.07
0.07
0.07
0.07
0.07
0.08
0.08
0.08
0.08
0.09
0.08
0.08
0.08
0.08
0.08
0.07
0.07
0.07
0.07
0.07
0.07
0.07	75.67
0.07
0.07
0.07
0.07
0.07
0.06
0.06
0.06
0.06
0.06
0.06
0.06
0.06
0.06
0.06
0.07
0.07
0.07
0.07
0.07
0.07
0.07
0.07
0.07
0.07
0.08
0.07
0.06
0.06
0.06
0.06
CorWatt	PkgWatt
4.43	151.36
0.09	75.72
0.08
0.10
0.08
0.08
0.08
0.08
0.08
0.07
0.07
0.07
0.07
0.07
0.07
0.07
0.07
0.08
0.08
0.08
0.08
0.09
0.08
0.08
0.08
0.08
0.07
0.07
0.07
0.07
0.07
0.07
0.06
0.06	75.44
0.06
0.06
0.06
0.06
0.06
0.06
0.06
0.06
0.06
0.06
0.06
0.06
0.06
0.06
0.06
0.07
0.06
0.06
0.07
0.07
0.07
0.07
0.07
0.06
0.07
0.07
0.06
0.06
0.06
0.06
0.06
CorWatt	PkgWatt
4.79	151.77
0.09	76.11
0.09
0.10
0.09
0.08
0.09
0.08
0.09
0.07
0.08
0.07
0.07
0.08
0.07
0.07
0.07
0.09
0.09
0.09
0.08
0.09
0.08
0.08
0.08
0.09
0.08
0.08
0.08
0.07
0.07
0.07
0.07
0.07	75.50
0.07
0.07
0.07
0.07
0.07
0.07
0.07
0.07
0.07
0.07
0.06
0.06
0.06
0.06
0.06
0.07
0.07
0.07
0.08
0.07
0.07
0.07
0.07
0.07
0.07
0.08
0.07
0.07
0.07
0.07
0.07
