CorWatt	PkgWatt
15.13	127.08
0.53	127.08
0.50
0.47
0.46
0.51
0.52
0.54
0.52
0.43
0.49
0.39
0.48
0.52
0.55
0.53
0.52
0.46
0.57
0.46
0.46
0.39
0.40
0.39
0.38
0.36
0.43
0.38
0.37
0.52
0.52
0.57
0.50
CorWatt	PkgWatt
15.03	126.82
0.50	126.92
0.50
0.51
0.46
0.52
0.53
0.51
0.51
0.42
0.46
0.38
0.43
0.51
0.53
0.50
0.51
0.49
0.50
0.46
0.47
0.40
0.42
0.39
0.42
0.38
0.42
0.40
0.38
0.54
0.51
0.56
0.52
CorWatt	PkgWatt
18.65	129.98
0.70	129.91
0.69
0.67
0.62
0.63
0.68
0.61
0.66
0.46
0.51
0.45
0.57
0.62
0.63
0.62
0.63
0.56
0.63
0.56
0.55
0.53
0.53
0.49
0.47
0.45
0.48
0.60
0.56
0.63
0.59
0.67
0.60
CorWatt	PkgWatt
14.95	127.17
0.57	127.14
0.51
0.52
0.45
0.50
0.55
0.48
0.51
0.42
0.45
0.37
0.41
0.50
0.52
0.49
0.50
0.46
0.49
0.45
0.46
0.38
0.40
0.38
0.38
0.44
0.43
0.43
0.44
0.51
0.51
0.57
0.49
CorWatt	PkgWatt
14.91	127.00
0.49	127.00
0.52
0.50
0.42
0.55
0.54
0.50
0.53
0.43
0.44
0.42
0.42
0.50
0.53
0.51
0.50
0.46
0.50
0.46
0.45
0.38
0.44
0.38
0.38
0.37
0.41
0.41
0.42
0.51
0.54
0.50
0.50
CorWatt	PkgWatt
15.18	127.42
0.50	127.42
0.51
0.54
0.46
0.56
0.53
0.51
0.50
0.42
0.45
0.39
0.46
0.51
0.53
0.50
0.52
0.46
0.51
0.45
0.47
0.38
0.41
0.40
0.40
0.44
0.44
0.43
0.41
0.52
0.55
0.51
0.52
CorWatt	PkgWatt
15.35	127.20
0.48	127.17
0.56
0.51
0.44
0.54
0.53
0.50
0.54
0.48
0.45
0.39
0.43
0.52
0.52
0.50
0.53
0.46
0.50
0.46
0.48
0.40
0.40
0.40
0.46
0.39
0.45
0.42
0.39
0.53
0.57
0.56
0.55
