CorWatt	PkgWatt
15.38	127.58
0.52	127.58
0.46
0.48
0.48
0.50
0.51
0.51
0.51
0.46
0.46
0.43
0.49
0.55
0.57
0.55
0.58
0.47
0.47
0.48
0.50
0.44
0.42
0.40
0.40
0.39
0.37
0.40
0.39
0.58
0.53
0.55
0.54
CorWatt	PkgWatt
14.67	126.78
0.49	126.82
0.45
0.46
0.50
0.50
0.49
0.49
0.48
0.45
0.44
0.38
0.38
0.53
0.51
0.51
0.54
0.45
0.47
0.45
0.46
0.41
0.39
0.38
0.39
0.38
0.38
0.41
0.37
0.55
0.50
0.53
0.54
CorWatt	PkgWatt
62.86	175.83
0.96	175.90
1.93
1.96
2.00
1.97
2.04
1.99
1.94
1.94
1.93
1.93
2.00
2.07
2.06
2.13
2.09
1.96
1.96
1.83
1.85
1.90
1.84
1.69
1.67
1.98
2.00
1.83
1.82
3.66
2.06
1.98
1.91
CorWatt	PkgWatt
49.71	163.50
0.69	163.46
1.59
1.62
1.65
1.63
1.64
1.64
1.58
1.55
1.54
1.54
1.49
1.67
1.67
1.64
1.67
1.66
1.62
1.45
1.51
1.54
1.54
1.39
1.36
1.50
1.48
1.35
1.34
2.43
1.67
1.54
1.53
