CorWatt	PkgWatt
4.96	152.49
0.08	76.11
0.08
0.08
0.08
0.08
0.08
0.08
0.08
0.07
0.07
0.08
0.07
0.07
0.07
0.07
0.07
0.08
0.08
0.08
0.08
0.10
0.08
0.08
0.08
0.08
0.08
0.08
0.08
0.07
0.07
0.07
0.07
0.08	76.40
0.08
0.08
0.08
0.08
0.08
0.08
0.08
0.08
0.07
0.07
0.07
0.07
0.07
0.07
0.07
0.08
0.08
0.07
0.08
0.08
0.08
0.08
0.08
0.08
0.09
0.09
0.09
0.07
0.07
0.07
0.07
CorWatt	PkgWatt
5.05	152.17
0.10	76.03
0.08
0.08
0.09
0.08
0.08
0.08
0.16
0.07
0.07
0.08
0.09
0.07
0.08
0.07
0.07
0.08
0.08
0.09
0.09
0.10
0.09
0.08
0.08
0.08
0.08
0.08
0.10
0.07
0.08
0.07
0.07
0.08	76.16
0.07
0.07
0.07
0.08
0.08
0.08
0.07
0.08
0.07
0.07
0.07
0.07
0.07
0.07
0.07
0.08
0.07
0.07
0.07
0.08
0.08
0.08
0.08
0.08
0.08
0.08
0.09
0.07
0.07
0.07
0.07
CorWatt	PkgWatt
13.75	180.54
0.26	88.05
0.22
0.17
0.14
0.17
0.14
0.17
0.15
0.14
0.12
0.18
0.15
0.21
0.14
0.14
0.13
0.14
0.14
0.14
0.17
0.16
0.17
0.13
0.12
0.20
0.18
0.14
0.16
0.13
0.18
0.16
0.12
0.20	92.41
0.24
0.17
0.19
0.33
0.17
0.15
0.17
0.23
0.18
0.17
0.16
0.20
0.17
0.16
0.21
0.18
0.18
0.15
0.21
0.19
0.16
0.17
0.23
0.27
0.31
0.21
0.26
0.24
2.21
0.25
0.36
