CorWatt	PkgWatt
154.73	367.78
2.47	185.37
2.46
2.48
2.44
2.40
2.44
2.47
2.48
2.36
2.39
2.37
2.41
2.38
2.41
2.37
2.38
2.45
2.48
2.49
2.47
2.49
2.52
2.52
2.50
2.44
2.46
2.48
2.48
2.38
2.45
2.42
2.43
2.42	185.51
2.46
2.45
2.45
2.42
2.47
2.48
2.44
2.40
2.42
2.39
2.39
2.43
2.45
2.41
2.41
2.38
2.40
2.40
2.41
2.47
2.45
2.47
2.48
2.38
2.42
2.43
2.41
2.41
2.44
2.43
2.39
CorWatt	PkgWatt
158.39	376.39
2.46	186.08
2.46
2.50
2.43
2.48
2.47
2.47
2.51
2.42
2.42
2.37
2.41
2.43
2.42
2.40
2.40
2.48
2.49
2.51
2.44
2.55
2.55
2.52
2.53
2.54
2.49
2.48
2.50
2.43
2.48
2.46
2.45
2.42	185.94
2.44
2.45
2.48
2.46
2.47
2.48
2.45
2.40
2.42
2.38
2.42
2.45
2.44
2.44
2.41
2.38
2.41
2.39
2.46
2.44
2.45
2.49
2.53
2.39
2.41
2.42
2.40
2.45
2.44
2.40
2.41
CorWatt	PkgWatt
160.69	381.87
2.58	188.98
2.55
2.53
2.53
2.53
2.49
2.55
2.53
2.46
2.48
2.40
2.46
2.46
2.42
2.47
2.58
2.51
2.57
2.60
2.51
2.56
2.55
2.55
2.51
2.56
2.57
2.53
2.49
2.47
2.47
2.48
2.47
2.48	186.79
2.46
2.52
2.47
2.48
2.49
2.46
2.47
2.40
2.43
2.42
2.42
2.45
2.47
2.44
2.42
2.43
2.45
2.43
2.43
2.48
2.48
2.50
2.48
2.43
2.40
2.41
2.42
2.43
2.47
2.43
2.42
CorWatt	PkgWatt
153.51	363.28
2.48	185.55
2.49
2.49
2.45
2.45
2.43
2.47
2.46
2.39
2.42
2.38
2.42
2.40
2.41
2.35
2.41
2.47
2.49
2.49
2.45
2.51
2.51
2.51
2.48
2.44
2.47
2.45
2.44
2.42
2.43
2.43
2.45
2.43	185.35
2.46
2.45
2.43
2.41
2.48
2.47
2.44
2.38
2.39
2.41
2.38
2.43
2.43
2.39
2.42
2.37
2.44
2.38
2.43
2.46
2.46
2.47
2.45
2.41
2.40
2.41
2.40
2.42
2.40
2.43
2.40
CorWatt	PkgWatt
156.12	368.17
2.47	185.68
2.46
2.49
2.42
2.48
2.43
2.46
2.49
2.37
2.43
2.37
2.41
2.44
2.44
2.40
2.40
2.45
2.51
2.51
2.45
2.53
2.55
2.56
2.50
2.46
2.48
2.44
2.43
2.42
2.46
2.45
2.45
2.46	185.70
2.46
2.44
2.42
2.45
2.47
2.46
2.44
2.41
2.41
2.40
2.38
2.43
2.44
2.41
2.43
2.41
2.42
2.37
2.45
2.47
2.49
2.47
2.48
2.42
2.40
2.43
2.46
2.43
2.44
2.42
2.40
CorWatt	PkgWatt
158.20	379.46
2.46	185.99
2.47
2.51
2.44
2.49
2.46
2.49
2.48
2.38
2.39
2.38
2.41
2.40
2.40
2.42
2.42
2.46
2.49
2.49
2.52
2.50
2.55
2.52
2.51
2.47
2.46
2.48
2.45
2.40
2.44
2.45
2.43
2.42	185.51
2.42
2.47
2.46
2.45
2.45
2.46
2.44
2.39
2.40
2.38
2.42
2.43
2.44
2.40
2.42
2.40
2.41
2.38
2.40
2.45
2.45
2.44
2.49
2.40
2.40
2.40
2.40
2.40
2.47
2.43
2.39
CorWatt	PkgWatt
152.93	363.90
2.47	184.93
2.47
2.46
2.41
2.45
2.44
2.47
2.43
2.36
2.38
2.35
2.39
2.40
2.40
2.38
2.38
2.43
2.44
2.49
2.45
2.48
2.50
2.49
2.47
2.43
2.44
2.46
2.43
2.37
2.43
2.41
2.41
2.43	184.37
2.42
2.45
2.38
2.43
2.45
2.42
2.42
2.37
2.40
2.36
2.39
2.37
2.41
2.39
2.39
2.38
2.36
2.34
2.40
2.45
2.44
2.40
2.43
2.38
2.36
2.41
2.39
2.35
2.39
2.41
2.36
CorWatt	PkgWatt
153.98	368.39
2.46	185.30
2.47
2.45
2.42
2.45
2.44
2.46
2.47
2.40
2.38
2.35
2.41
2.38
2.38
2.39
2.41
2.40
2.48
2.48
2.43
2.50
2.47
2.50
2.48
2.43
2.47
2.42
2.48
2.36
2.39
2.42
2.41
2.44	184.81
2.43
2.44
2.37
2.40
2.44
2.42
2.41
2.40
2.42
2.37
2.38
2.40
2.43
2.34
2.37
2.36
2.36
2.35
2.40
2.45
2.46
2.42
2.45
2.35
2.35
2.38
2.40
2.36
2.39
2.37
2.39
CorWatt	PkgWatt
157.09	378.08
2.45	185.48
2.48
2.47
2.45
2.47
2.43
2.46
2.45
2.37
2.39
2.35
2.40
2.37
2.41
2.40
2.38
2.42
2.46
2.47
2.45
2.49
2.50
2.48
2.46
2.46
2.44
2.45
2.45
2.36
2.40
2.46
2.41
2.44	185.58
2.43
2.41
2.46
2.43
2.45
2.42
2.43
2.38
2.42
2.39
2.42
2.42
2.39
2.41
2.37
2.34
2.39
2.36
2.42
2.45
2.46
2.44
2.47
2.35
2.39
2.40
2.40
2.37
2.41
2.39
2.38
CorWatt	PkgWatt
154.18	366.78
2.47	185.97
2.49
2.49
2.44
2.43
2.44
2.49
2.46
2.39
2.38
2.39
2.41
2.40
2.42
2.40
2.45
2.44
2.47
2.50
2.46
2.52
2.50
2.51
2.48
2.45
2.49
2.45
2.44
2.36
2.40
2.43
2.46
2.43	185.82
2.46
2.45
2.44
2.45
2.48
2.48
2.40
2.39
2.43
2.38
2.40
2.42
2.46
2.38
2.39
2.41
2.40
2.40
2.42
2.45
2.47
2.44
2.48
2.37
2.43
2.42
2.43
2.40
2.41
2.39
2.41
CorWatt	PkgWatt
157.24	374.21
2.47	185.28
2.52
2.49
2.44
2.47
2.44
2.47
2.47
2.38
2.37
2.36
2.40
2.40
2.43
2.39
2.42
2.46
2.46
2.50
2.48
2.50
2.51
2.48
2.46
2.46
2.46
2.46
2.48
2.37
2.48
2.43
2.42
2.42	185.36
2.43
2.42
2.46
2.43
2.45
2.47
2.44
2.41
2.42
2.39
2.41
2.41
2.43
2.40
2.40
2.40
2.40
2.36
2.39
2.48
2.44
2.46
2.48
2.40
2.43
2.39
2.41
2.43
2.44
2.42
2.43
CorWatt	PkgWatt
153.54	364.41
2.44	186.37
2.48
2.45
2.44
2.49
2.45
2.46
2.43
2.41
2.37
2.34
2.43
2.38
2.40
2.40
2.45
2.46
2.46
2.52
2.47
2.51
2.48
2.48
2.47
2.45
2.45
2.47
2.48
2.38
2.43
2.46
2.42
2.46	186.03
2.44
2.41
2.44
2.41
2.45
2.45
2.42
2.39
2.42
2.38
2.43
2.43
2.41
2.40
2.41
2.40
2.38
2.40
2.35
2.44
2.45
2.43
2.44
2.39
2.37
2.40
2.41
2.41
2.45
2.38
2.40
