CorWatt	PkgWatt
15.61	129.08
0.54	129.08
0.46
0.52
0.47
0.57
0.56
0.53
0.65
0.44
0.46
0.39
0.40
0.53
0.53
0.55
0.56
0.48
0.49
0.49
0.57
0.43
0.46
0.45
0.43
0.37
0.38
0.38
0.40
0.55
0.52
0.53
0.53
CorWatt	PkgWatt
15.33	128.02
0.52	128.54
0.44
0.54
0.45
0.52
0.55
0.55
0.50
0.44
0.51
0.40
0.40
0.52
0.52
0.53
0.53
0.47
0.50
0.49
0.55
0.41
0.45
0.46
0.40
0.37
0.38
0.37
0.40
0.56
0.54
0.53
0.54
CorWatt	PkgWatt
69.13	164.87
0.89	187.64
2.25
2.30
2.27
2.39
2.42
2.40
2.37
3.83
2.31
2.35
2.27
2.44
2.43
2.44
2.64
2.32
2.34
2.16
2.17
2.27
2.31
2.08
2.03
2.28
2.25
2.07
2.09
2.52
2.50
2.30
2.26
