CorWatt	PkgWatt
14.88	127.15
0.53	127.15
0.45
0.50
0.47
0.50
0.49
0.48
0.52
0.42
0.44
0.37
0.41
0.52
0.52
0.50
0.52
0.54
0.48
0.47
0.50
0.38
0.40
0.45
0.39
0.36
0.38
0.38
0.35
0.55
0.52
0.56
0.53
CorWatt	PkgWatt
15.40	126.94
0.57	127.67
0.44
0.49
0.47
0.54
0.54
0.56
0.55
0.49
0.50
0.44
0.45
0.53
0.51
0.50
0.57
0.52
0.47
0.47
0.53
0.43
0.43
0.44
0.42
0.35
0.35
0.38
0.35
0.56
0.53
0.53
0.55
CorWatt	PkgWatt
18.00	130.59
0.66	129.88
0.53
0.48
0.57
0.60
0.55
0.58
0.59
0.50
0.50
0.56
0.46
0.72
0.63
0.60
0.76
0.54
0.58
0.51
0.59
0.47
0.46
0.51
0.46
0.48
0.52
0.49
0.51
0.65
0.63
0.66
0.61
CorWatt	PkgWatt
14.61	127.11
0.53	127.06
0.44
0.47
0.45
0.52
0.50
0.49
0.49
0.42
0.43
0.37
0.38
0.52
0.50
0.49
0.51
0.44
0.46
0.46
0.49
0.38
0.39
0.38
0.40
0.38
0.37
0.38
0.36
0.57
0.56
0.54
0.56
