CorWatt	PkgWatt
263.84	448.41
5.08	241.17
5.12
6.57
4.25
3.64
3.88
3.81
4.66
4.39
3.69
3.57
4.13
4.64
4.06
4.86
4.65
5.32
4.49
4.71
3.25
4.99
5.44
6.43
5.99
3.88
4.95
4.08
3.94
3.69
4.89
4.60
4.02
4.36	220.93
4.47
4.07
3.80
4.10
3.56
3.64
4.56
3.43
3.94
3.29
3.89
5.08
3.47
4.51
3.84
3.55
3.96
3.15
2.79
3.05
2.93
4.56
2.90
4.23
3.53
3.84
3.23
3.69
4.45
4.34
4.06
CorWatt	PkgWatt
277.26	483.54
3.71	237.40
5.57
5.81
4.39
4.45
4.48
4.13
4.67
4.13
4.25
3.88
3.90
4.26
4.53
3.79
4.67
4.18
4.05
4.13
3.62
5.06
4.46
6.02
4.20
3.88
4.03
4.20
4.19
4.18
4.81
4.21
4.35
4.39	232.69
4.55
4.41
3.96
4.25
4.05
4.54
3.78
4.45
3.83
3.93
3.94
4.09
3.90
4.50
4.13
3.73
4.09
3.97
3.72
4.30
4.45
4.77
4.17
3.66
4.24
4.52
4.55
4.94
4.25
4.23
3.95
CorWatt	PkgWatt
238.29	427.14
3.61	226.06
3.94
4.06
3.75
4.13
4.13
4.10
3.91
3.71
4.17
3.88
3.55
4.43
4.18
3.82
3.72
4.48
4.08
3.90
4.75
4.65
3.85
4.10
3.47
4.29
3.47
4.09
4.04
3.87
4.37
4.17
3.88
3.02	214.54
3.89
3.09
2.73
3.87
3.89
4.43
4.93
4.01
3.43
3.31
3.52
3.41
3.23
3.38
3.54
3.25
3.02
3.15
3.37
3.94
3.79
3.51
3.71
3.68
4.93
3.45
3.99
3.42
3.32
3.41
3.53
CorWatt	PkgWatt
250.53	450.59
3.83	235.45
3.94
3.72
3.84
5.41
3.96
5.02
4.59
3.97
3.55
3.93
4.15
4.41
3.88
4.72
3.74
4.10
4.76
5.49
4.66
4.49
4.44
4.26
3.90
2.86
4.22
4.04
4.36
4.70
3.71
4.29
4.29
2.84	215.11
2.99
2.61
2.44
3.40
4.42
4.59
3.97
3.32
3.66
4.01
3.53
3.30
3.89
3.90
3.46
3.69
3.26
3.13
3.85
3.77
3.80
3.30
3.75
3.83
3.81
3.28
3.17
3.62
3.20
4.02
4.19
CorWatt	PkgWatt
299.88	558.14
4.22	236.33
3.63
4.09
4.33
4.76
4.26
4.87
4.03
4.81
4.59
4.53
4.46
3.21
2.06
2.99
2.91
3.79
4.12
4.62
4.19
4.56
4.45
4.46
4.21
4.07
3.98
4.70
4.50
4.26
4.21
4.36
4.48
2.63	241.57
2.67
3.58
3.27
4.53
4.26
4.33
3.64
3.55
5.09
5.52
3.99
4.60
5.72
5.80
4.03
5.14
4.98
4.28
5.15
5.71
4.91
3.50
4.50
3.66
3.87
3.32
3.39
4.29
3.52
5.80
5.45
CorWatt	PkgWatt
274.81	479.47
3.96	234.81
4.34
5.31
4.40
4.23
4.72
4.01
4.01
4.23
4.50
4.64
4.37
2.82
1.88
2.48
2.66
4.60
4.18
4.48
4.77
4.83
4.02
3.94
4.10
4.28
4.34
4.15
4.46
4.19
4.76
4.03
4.54
3.55	244.62
4.37
3.78
3.18
4.64
3.98
3.83
3.83
4.88
4.38
5.33
3.81
4.95
4.77
4.52
4.67
5.37
5.43
3.79
4.71
5.38
4.92
3.33
5.55
3.96
3.77
3.01
3.65
5.48
4.91
5.44
5.37
CorWatt	PkgWatt
271.76	478.21
3.88	234.63
3.99
4.85
4.15
4.44
4.25
4.37
4.38
3.93
4.86
4.16
4.33
2.02
2.11
2.14
2.45
4.75
5.02
3.95
4.52
4.33
4.00
3.99
5.16
4.16
4.13
4.09
4.29
4.47
4.29
5.37
4.86
3.98	244.07
4.14
4.11
3.68
3.67
4.69
3.32
3.96
4.77
5.73
4.97
4.76
4.93
4.02
3.34
4.75
4.38
4.10
4.33
4.61
4.57
5.24
4.07
5.19
4.59
3.40
3.77
4.78
4.91
4.99
3.90
4.65
CorWatt	PkgWatt
264.24	472.06
3.96	243.47
3.79
4.05
4.16
5.02
5.17
4.78
4.99
4.87
5.25
4.85
5.45
2.38
2.17
2.59
3.28
4.41
4.24
4.28
4.20
5.61
4.48
5.48
4.79
4.83
4.80
4.67
4.77
4.00
4.44
5.02
4.31
3.97	228.07
3.21
4.63
3.60
3.67
4.11
3.94
3.17
3.23
3.37
3.31
4.31
3.90
3.23
3.13
3.20
3.74
3.16
3.81
3.81
3.83
5.10
4.81
4.27
4.53
4.31
5.92
4.08
3.52
3.70
3.21
3.19
