CorWatt	PkgWatt
14.76	126.97
0.52	126.96
0.50
0.55
0.45
0.51
0.51
0.52
0.50
0.43
0.47
0.39
0.38
0.51
0.52
0.50
0.51
0.45
0.48
0.46
0.46
0.40
0.39
0.41
0.41
0.36
0.37
0.38
0.39
0.52
0.50
0.52
0.50
CorWatt	PkgWatt
15.03	127.12
0.52	127.12
0.47
0.58
0.49
0.55
0.55
0.51
0.53
0.41
0.45
0.38
0.38
0.52
0.54
0.50
0.52
0.45
0.51
0.48
0.48
0.40
0.39
0.40
0.41
0.39
0.37
0.40
0.38
0.52
0.52
0.53
0.50
CorWatt	PkgWatt
18.02	129.55
0.69	129.59
0.60
0.73
0.62
0.59
0.62
0.65
0.58
0.56
0.53
0.45
0.47
0.53
0.64
0.57
0.53
0.59
0.63
0.58
0.67
0.47
0.53
0.49
0.49
0.41
0.41
0.57
0.40
0.60
0.62
0.62
0.59
CorWatt	PkgWatt
15.50	127.61
0.59	127.55
0.49
0.63
0.43
0.53
0.51
0.53
0.54
0.45
0.44
0.37
0.38
0.51
0.55
0.49
0.51
0.55
0.56
0.48
0.61
0.39
0.39
0.39
0.40
0.39
0.40
0.45
0.39
0.52
0.56
0.54
0.53
