CorWatt	PkgWatt
4.89	155.33
0.10	75.84
0.09
0.08
0.08
0.08
0.08
0.08
0.08
0.07
0.07
0.06
0.06
0.06
0.07
0.06
0.06
0.08
0.08
0.08
0.08
0.09
0.08
0.08
0.08
0.08
0.08
0.08
0.08
0.07
0.07
0.07
0.06
0.08	76.31
0.08
0.08
0.07
0.08
0.08
0.08
0.07
0.08
0.07
0.07
0.07
0.07
0.07
0.07
0.07
0.08
0.07
0.07
0.07
0.08
0.08
0.08
0.08
0.13
0.09
0.08
0.07
0.07
0.07
0.07
0.07
CorWatt	PkgWatt
5.39	152.08
0.10	76.34
0.10
0.09
0.08
0.08
0.08
0.08
0.09
0.07
0.08
0.08
0.07
0.08
0.08
0.07
0.07
0.10
0.09
0.09
0.10
0.14
0.11
0.09
0.09
0.09
0.08
0.09
0.08
0.10
0.10
0.08
0.07
0.10	76.45
0.08
0.08
0.08
0.10
0.08
0.08
0.08
0.09
0.07
0.07
0.07
0.07
0.07
0.07
0.07
0.08
0.07
0.07
0.09
0.08
0.08
0.08
0.08
0.10
0.13
0.12
0.09
0.07
0.07
0.07
0.07
CorWatt	PkgWatt
14.09	176.06
0.26	90.42
0.28
0.20
0.21
0.19
0.24
0.18
0.18
2.32
0.30
0.32
0.33
0.22
0.20
0.16
0.20
0.33
0.20
0.20
0.18
0.21
0.19
0.19
0.23
0.18
0.17
0.17
0.31
0.21
0.20
0.16
0.20
0.15	84.88
0.15
0.13
0.12
0.13
0.11
0.11
0.18
0.16
0.11
0.10
0.11
0.15
0.17
0.20
0.17
0.16
0.24
0.17
0.18
0.18
0.13
0.11
0.15
0.25
0.17
0.16
0.21
0.11
0.15
0.13
0.15
