CorWatt	PkgWatt
15.45	128.19
0.54	128.18
0.52
0.49
0.48
0.53
0.53
0.52
0.51
0.47
0.50
0.45
0.51
0.53
0.55
0.54
0.55
0.46
0.48
0.49
0.49
0.41
0.43
0.45
0.40
0.39
0.38
0.39
0.37
0.54
0.52
0.52
0.52
CorWatt	PkgWatt
14.72	127.02
0.57	127.35
0.50
0.46
0.44
0.50
0.51
0.54
0.50
0.46
0.46
0.42
0.39
0.50
0.52
0.52
0.54
0.44
0.45
0.46
0.48
0.41
0.39
0.41
0.39
0.36
0.36
0.37
0.35
0.53
0.51
0.51
0.49
CorWatt	PkgWatt
67.63	183.67
0.94	183.29
2.10
2.15
2.14
2.20
2.17
2.15
2.15
2.06
2.05
2.08
2.04
2.21
2.22
2.20
2.32
3.57
2.15
1.98
2.01
2.11
2.11
1.93
1.89
2.10
2.16
1.89
1.90
2.31
2.22
2.02
2.04
