CorWatt	PkgWatt
30.70	191.17
0.23	95.97
0.22
0.22
0.22
0.23
0.22
0.23
0.22
0.23
3.95
0.23
0.24
0.23
5.73
0.23
0.24
0.21
0.21
0.21
0.21
0.22
0.21
0.21
0.21
0.19
0.19
0.20
0.20
0.21
0.20
0.20
0.43
0.21	94.85
0.21
5.76
0.21
0.19
3.82
0.19
0.18
0.14
0.14
0.15
0.14
0.14
0.14
0.14
0.14
0.15
0.15
0.15
0.15
0.16
0.16
0.16
0.16
0.15
0.15
0.15
0.15
0.14
0.14
0.14
0.15
CorWatt	PkgWatt
27.97	181.77
0.21	88.21
0.18
0.18
0.18
0.17
0.17
0.17
0.18
0.17
0.16
0.16
0.16
0.20
5.72
0.20
0.20
0.18
0.18
0.17
0.17
0.19
0.18
0.20
0.20
0.16
0.16
0.16
0.17
0.16
0.16
0.17
0.16
0.21	93.60
0.23
5.83
0.22
0.21
5.81
0.21
0.21
0.16
0.15
0.15
0.14
0.14
0.14
0.15
0.16
0.16
0.21
0.15
0.16
0.16
0.16
0.17
0.17
0.17
0.18
0.15
0.16
0.15
0.16
0.17
0.17
CorWatt	PkgWatt
32.33	191.67
0.38	94.80
0.38
0.22
0.21
0.19
0.32
0.32
0.21
0.18
0.20
0.32
0.33
0.20
5.73
0.20
0.40
0.19
0.36
0.37
0.23
0.29
0.35
0.33
0.21
0.21
0.28
0.32
0.26
0.57
0.32
0.30
0.31
0.21	96.96
0.24
5.82
0.22
0.22
5.87
0.22
0.21
0.19
0.17
0.16
0.21
0.19
0.18
0.16
0.20
0.21
0.24
0.20
0.22
0.19
0.39
0.20
0.18
0.18
0.17
0.17
0.17
0.18
0.18
0.17
0.18
CorWatt	PkgWatt
30.49	182.93
0.20	90.74
0.19
0.18
0.19
0.17
0.17
0.17
0.18
0.16
0.16
0.16
0.16
0.20
5.80
0.20
0.21
0.22
0.22
0.22
2.79
0.19
0.18
0.18
0.18
0.16
0.17
0.17
0.17
0.16
0.17
0.16
0.16
0.20	92.87
0.21
5.81
0.21
0.21
5.85
0.21
0.21
0.15
0.14
0.14
0.15
0.16
0.16
0.15
0.15
0.16
0.16
0.15
0.16
0.16
0.16
0.16
0.16
0.15
0.15
0.15
0.15
0.15
0.14
0.14
0.14
