CorWatt	PkgWatt
4.30	151.03
0.09	76.07
0.08
0.09
0.08
0.08
0.17
0.08
0.08
0.07
0.07
0.07
0.07
0.07
0.07
0.07
0.07
0.08
0.08
0.08
0.08
0.10
0.09
0.09
0.08
0.07
0.08
0.07
0.07
0.07
0.07
0.07
0.07
0.06	74.94
0.05
0.05
0.05
0.05
0.05
0.05
0.05
0.05
0.05
0.05
0.05
0.05
0.06
0.05
0.05
0.05
0.05
0.05
0.05
0.06
0.06
0.06
0.06
0.06
0.05
0.05
0.05
0.05
0.05
0.05
0.06
CorWatt	PkgWatt
4.21	150.59
0.09	75.77
0.08
0.09
0.08
0.08
0.12
0.08
0.08
0.07
0.07
0.07
0.07
0.07
0.07
0.07
0.06
0.09
0.08
0.09
0.08
0.10
0.08
0.08
0.12
0.07
0.07
0.08
0.07
0.06
0.07
0.06
0.07
0.05	74.91
0.05
0.05
0.05
0.05
0.05
0.05
0.05
0.05
0.05
0.05
0.05
0.05
0.05
0.05
0.05
0.05
0.05
0.05
0.05
0.06
0.06
0.06
0.06
0.05
0.05
0.05
0.05
0.05
0.05
0.05
0.05
CorWatt	PkgWatt
14.23	179.21
0.26	89.90
0.24
0.26
0.19
0.19
0.32
0.27
0.18
0.26
0.31
0.26
0.24
0.23
0.30
0.32
0.15
0.28
0.24
0.18
0.22
0.33
0.24
0.21
0.23
0.26
0.18
0.18
0.42
0.22
0.22
0.21
0.27
0.19	89.44
0.16
0.23
0.24
0.28
0.17
0.20
0.21
0.18
0.17
0.21
0.15
0.20
0.15
0.14
0.21
0.36
0.20
0.21
0.20
0.28
0.23
0.12
0.18
0.14
0.18
0.17
0.20
0.27
0.25
0.11
0.19
CorWatt	PkgWatt
4.92	155.53
0.09	77.72
0.09
0.08
0.09
0.08
0.09
0.08
0.08
0.07
0.07
0.07
0.07
0.07
0.07
0.08
0.07
0.08
0.08
0.08
0.08
0.10
0.09
0.09
0.09
0.07
0.07
0.07
0.08
0.07
0.07
0.07
0.07
0.08	77.67
0.07
0.08
0.09
0.07
0.07
0.06
0.08
0.07
0.07
0.06
0.10
0.07
0.06
0.06
0.11
0.07
0.07
0.06
0.08
0.07
0.07
0.07
0.09
0.07
0.07
0.06
0.08
0.07
0.06
0.06
0.14
CorWatt	PkgWatt
4.57	151.10
0.09	76.17
0.10
0.09
0.09
0.16
0.09
0.09
0.09
0.07
0.07
0.09
0.07
0.09
0.07
0.07
0.07
0.10
0.09
0.09
0.09
0.11
0.09
0.09
0.10
0.08
0.08
0.08
0.10
0.11
0.08
0.07
0.07
0.06	74.96
0.06
0.06
0.06
0.06
0.06
0.06
0.06
0.05
0.05
0.05
0.05
0.05
0.05
0.05
0.05
0.06
0.05
0.05
0.06
0.06
0.06
0.06
0.06
0.05
0.05
0.05
0.05
0.05
0.05
0.05
0.05
CorWatt	PkgWatt
11.12	163.66
0.16	85.16
0.17
0.16
0.17
0.16
0.16
0.15
0.17
0.15
0.13
0.17
0.15
0.14
0.15
0.13
0.14
0.20
0.16
0.19
0.15
3.39
0.19
0.18
0.18
0.15
0.14
0.14
0.14
0.18
0.14
0.13
0.14
0.10	78.61
0.09
0.10
0.10
0.09
0.10
0.09
0.09
0.09
0.09
0.09
0.08
0.08
0.08
0.08
0.09
0.09
0.09
0.08
0.09
0.10
0.10
0.10
0.09
0.09
0.09
0.09
0.08
0.09
0.08
0.08
0.09
CorWatt	PkgWatt
12.67	161.71
0.17	86.17
0.16
0.15
0.17
0.16
0.15
0.15
0.22
0.15
0.14
0.14
0.14
0.14
0.14
0.13
0.14
0.17
0.15
0.15
0.18
5.81
0.20
0.20
0.19
0.15
0.14
0.14
0.16
0.13
0.13
0.13
0.15
0.07	75.38
0.07
0.07
0.07
0.06
0.06
0.06
0.07
0.06
0.06
0.06
0.06
0.06
0.06
0.06
0.06
0.06
0.06
0.06
0.06
0.07
0.07
0.07
0.07
0.06
0.06
0.06
0.06
0.06
0.06
0.06
0.06
CorWatt	PkgWatt
12.42	164.95
0.16	87.61
0.15
0.15
0.15
0.15
0.15
0.15
0.14
0.13
0.13
0.13
0.13
0.13
0.15
0.13
0.13
0.15
0.15
0.14
0.14
5.78
0.20
0.20
0.19
0.13
0.13
0.13
0.14
0.13
0.13
0.13
0.13
0.07	77.31
0.06
0.06
0.06
0.06
0.07
0.06
0.08
0.07
0.06
0.06
0.11
0.06
0.06
0.06
0.07
0.06
0.06
0.06
0.08
0.08
0.07
0.07
0.07
0.10
0.09
0.06
0.06
0.06
0.06
0.06
0.08
CorWatt	PkgWatt
12.27	160.86
0.17	86.09
0.15
0.16
0.17
0.15
0.16
0.16
0.15
0.14
0.15
0.14
0.20
0.15
0.14
0.14
0.14
0.16
0.15
0.15
0.16
5.78
0.20
0.20
0.19
0.15
0.14
0.14
0.18
0.15
0.13
0.13
0.13
0.06	74.87
0.05
0.06
0.06
0.05
0.05
0.05
0.05
0.05
0.05
0.05
0.05
0.05
0.05
0.05
0.05
0.05
0.05
0.05
0.05
0.06
0.06
0.06
0.06
0.05
0.05
0.05
0.05
0.05
0.05
0.05
0.05
CorWatt	PkgWatt
12.31	164.88
0.17	88.01
0.16
0.15
0.17
0.16
0.15
0.15
0.16
0.13
0.19
0.14
0.14
0.15
0.13
0.14
0.13
0.16
0.17
0.15
0.16
5.79
0.19
0.19
0.19
0.14
0.14
0.14
0.19
0.13
0.13
0.13
0.15
0.06	76.75
0.06
0.06
0.06
0.06
0.05
0.05
0.05
0.05
0.05
0.05
0.05
0.05
0.05
0.05
0.05
0.05
0.05
0.05
0.05
0.06
0.06
0.06
0.06
0.05
0.05
0.06
0.05
0.05
0.05
0.05
0.05
CorWatt	PkgWatt
12.62	166.78
0.17	89.82
0.16
0.16
0.17
0.16
0.16
0.15
0.15
0.21
0.14
0.14
0.13
0.15
0.13
0.15
0.13
0.17
0.16
0.16
0.20
5.80
0.20
0.20
0.19
0.14
0.15
0.14
0.16
0.14
0.14
0.14
0.16
0.07	76.98
0.06
0.06
0.06
0.06
0.06
0.06
0.06
0.06
0.06
0.06
0.06
0.06
0.06
0.06
0.06
0.06
0.06
0.06
0.06
0.06
0.07
0.06
0.06
0.06
0.06
0.06
0.06
0.06
0.06
0.06
0.06
CorWatt	PkgWatt
12.25	160.94
0.17	86.11
0.16
0.16
0.18
0.17
0.15
0.15
0.15
0.14
0.13
0.15
0.14
0.14
0.13
0.21
0.14
0.15
0.15
0.15
0.16
5.80
0.20
0.19
0.19
0.14
0.14
0.14
0.15
0.14
0.13
0.14
0.17
0.05	74.88
0.05
0.05
0.05
0.05
0.05
0.05
0.05
0.05
0.05
0.05
0.05
0.05
0.05
0.05
0.05
0.05
0.05
0.05
0.05
0.06
0.06
0.05
0.06
0.05
0.05
0.05
0.05
0.05
0.05
0.05
0.05
CorWatt	PkgWatt
13.96	167.35
0.19	89.29
0.17
0.19
0.18
0.18
0.16
0.21
0.16
0.16
0.18
0.17
0.15
0.18
0.16
0.23
0.17
0.17
0.16
0.21
0.24
5.82
0.21
0.20
0.21
0.15
0.19
0.17
0.20
0.18
0.16
0.18
0.15
0.11	78.17
0.08
0.08
0.10
0.09
0.08
0.07
0.08
0.08
0.07
0.07
0.09
0.08
0.07
0.07
0.08
0.08
0.09
0.07
0.08
0.08
0.08
0.07
0.08
0.08
0.08
0.07
0.10
0.07
0.07
0.06
0.08
