CorWatt	PkgWatt
252.10	437.96
4.74	227.19
3.30
3.69
3.59
3.36
4.58
3.69
3.45
3.79
4.14
3.14
3.23
3.86
3.61
3.76
3.65
5.83
4.15
3.83
4.23
5.26
5.06
4.22
5.02
4.91
3.43
4.12
4.19
4.84
4.23
3.82
3.40
3.62	226.44
4.03
3.43
3.75
4.64
4.39
3.28
4.30
3.96
3.91
3.41
3.96
4.26
4.74
3.94
4.42
4.58
3.65
3.85
4.12
3.92
3.60
3.86
4.34
3.61
3.47
3.90
5.54
4.07
3.65
5.29
4.17
CorWatt	PkgWatt
249.74	459.01
3.22	217.39
3.23
3.27
3.24
4.39
3.70
3.30
3.86
3.58
3.76
3.23
3.40
4.29
3.33
3.46
4.12
3.75
3.29
4.63
3.92
3.50
3.94
3.46
3.44
3.74
3.23
3.69
4.27
3.52
4.55
4.44
3.33
3.51	226.16
3.65
3.13
3.51
3.03
4.10
3.06
3.57
3.87
4.04
3.70
3.66
4.68
5.06
4.56
3.96
4.31
3.60
3.40
4.28
4.50
4.58
4.25
3.07
3.49
3.15
4.06
4.35
3.65
4.62
4.40
4.82
CorWatt	PkgWatt
218.84	432.27
3.35	214.77
3.79
3.40
3.39
3.30
4.08
3.83
3.56
4.02
3.33
3.25
3.32
3.57
3.23
3.15
3.03
3.64
3.35
3.28
3.22
3.36
3.52
3.60
3.56
3.14
2.50
2.38
2.67
4.32
3.35
3.60
4.02
5.13	216.50
3.42
4.79
4.31
2.56
3.27
2.66
2.49
3.98
3.27
3.08
3.26
2.97
4.25
3.84
3.70
3.95
5.10
3.07
2.58
2.40
5.15
2.99
3.39
3.59
3.07
3.48
3.43
2.48
2.66
3.07
2.77
CorWatt	PkgWatt
238.48	446.07
3.58	223.71
4.11
4.26
3.83
3.90
3.88
4.22
3.79
4.00
3.71
3.73
3.59
4.07
4.34
4.07
3.83
3.32
3.66
3.80
3.81
3.81
4.43
4.44
3.86
2.64
3.76
2.58
2.66
3.78
3.25
3.60
3.61
3.46	223.63
4.72
4.43
4.15
3.99
4.66
3.45
3.18
3.46
4.03
3.43
3.46
2.86
3.16
3.63
3.78
3.75
3.45
4.90
2.74
3.00
4.00
3.02
3.38
2.92
3.38
4.53
4.63
3.44
3.77
3.34
4.24
CorWatt	PkgWatt
265.80	502.98
4.76	229.81
3.73
4.11
3.99
4.63
4.34
4.42
3.70
4.89
5.20
4.91
4.35
3.62
5.54
4.16
4.29
3.48
3.95
3.77
3.89
3.81
4.36
3.80
3.66
2.09
2.42
2.07
1.82
5.07
4.31
4.43
3.95
3.22	230.61
3.57
3.46
3.84
4.15
4.36
3.32
3.14
4.58
4.88
5.42
4.17
3.41
3.86
3.74
3.59
3.06
3.35
3.70
3.74
3.63
3.53
3.93
3.40
4.42
3.58
3.04
4.25
5.17
4.86
3.84
4.42
CorWatt	PkgWatt
266.62	485.67
5.23	240.54
4.71
4.86
5.30
5.60
4.90
4.91
4.12
4.65
5.25
4.76
4.57
4.42
3.62
3.93
3.82
4.67
5.51
4.39
4.94
4.23
5.29
3.88
4.36
1.95
2.08
2.46
1.92
4.12
4.94
3.78
4.81
3.44	225.37
3.44
3.42
3.51
3.92
3.46
3.48
3.17
4.84
5.53
5.14
4.03
3.57
3.88
3.78
3.79
3.27
3.24
3.04
3.57
3.19
3.02
2.96
2.89
3.87
3.00
3.43
4.26
3.47
5.77
3.52
4.21
