CorWatt	PkgWatt
315.06	525.84
4.31	216.62
4.47
3.98
4.21
4.35
4.49
4.31
4.30
4.34
4.32
4.30
4.61
4.01
4.12
4.28
4.24
4.40
4.26
4.45
4.24
4.48
4.32
4.43
4.41
4.43
4.07
4.28
4.22
4.41
4.17
4.20
4.19
3.89	215.60
4.42
3.93
4.73
3.95
3.99
5.00
4.31
5.06
4.21
3.61
4.48
4.68
4.20
4.45
4.22
4.20
4.46
3.32
5.28
4.22
3.83
3.69
3.84
3.59
3.45
3.91
4.79
3.98
3.88
5.00
3.64
CorWatt	PkgWatt
295.57	469.95
5.26	227.95
4.06
4.03
3.89
4.26
4.65
4.36
4.38
4.43
4.53
4.30
4.39
4.05
4.23
4.25
4.38
4.43
4.92
4.52
4.41
5.31
4.43
4.52
4.50
3.99
5.17
4.04
4.42
4.40
4.28
4.17
4.13
4.47	239.39
3.41
3.26
6.00
6.90
7.00
6.89
6.82
3.66
5.46
3.18
4.73
4.64
4.22
4.16
4.10
6.81
4.99
5.87
5.04
4.50
3.60
3.85
3.22
3.63
4.05
3.89
5.39
4.41
4.21
6.98
4.18
