CorWatt	PkgWatt
333.36	588.37
4.42	241.00
4.52
4.34
4.35
4.51
4.49
4.61
4.39
4.52
4.62
4.40
4.53
4.50
4.32
4.52
4.46
4.44
4.60
4.36
4.57
4.76
4.65
4.74
4.50
4.43
4.60
4.53
4.60
4.57
4.41
4.62
4.63
4.53	241.69
4.48
4.54
4.66
4.54
4.62
4.40
4.49
4.46
4.63
4.30
4.31
4.47
4.65
4.60
4.53
4.42
4.31
4.20
4.53
4.58
4.60
4.61
4.61
4.52
4.53
4.36
4.47
4.63
4.62
4.55
4.63
CorWatt	PkgWatt
192.98	405.41
3.00	202.89
3.07
2.93
3.03
2.98
3.03
3.04
3.06
3.02
3.03
2.99
3.06
2.98
2.97
3.05
2.95
2.99
3.11
2.94
3.00
3.15
3.22
3.14
2.89
3.00
3.11
2.96
3.05
3.11
3.02
3.04
3.13
2.93	202.57
3.01
3.03
2.99
3.04
3.01
2.95
3.02
2.97
2.95
2.87
2.96
2.98
3.00
2.96
2.95
2.91
2.92
2.91
2.95
2.99
3.07
3.00
3.03
2.94
3.97
2.90
2.89
2.94
2.98
2.94
2.95
CorWatt	PkgWatt
151.82	363.37
2.41	181.39
2.44
2.39
2.35
2.39
2.34
2.37
2.39
2.31
2.31
2.29
2.35
2.32
2.33
2.30
2.31
2.36
2.38
2.43
2.39
2.43
2.45
2.44
2.39
2.36
2.38
2.36
2.40
2.30
2.35
2.37
2.38
2.36	182.04
2.37
2.33
2.34
2.36
2.36
2.34
2.36
2.27
2.31
2.32
2.32
2.31
2.44
2.28
2.28
2.31
2.27
2.28
2.34
2.36
2.37
2.38
2.40
2.26
3.79
2.29
2.32
2.34
2.33
2.33
2.33
CorWatt	PkgWatt
153.65	367.84
2.43	183.55
2.46
2.42
2.39
2.42
2.40
2.40
2.39
2.34
2.36
2.30
2.35
2.36
2.36
2.34
2.32
2.38
2.43
2.44
2.40
2.45
2.46
2.47
2.44
2.39
2.40
2.40
2.40
2.35
2.40
2.35
2.37
2.37	184.18
2.39
2.39
2.40
2.36
2.42
2.39
2.40
2.33
2.33
2.37
2.35
2.36
2.36
2.34
2.35
2.36
2.34
2.32
2.31
2.36
2.41
2.41
2.41
2.29
3.80
2.27
2.35
2.34
2.39
2.38
2.37
CorWatt	PkgWatt
157.01	372.34
2.47	185.34
2.50
2.47
2.44
2.47
2.45
2.48
2.44
2.40
2.36
2.40
2.38
2.42
2.45
2.37
2.37
2.49
2.47
2.52
2.42
2.44
2.54
2.51
2.48
2.42
2.47
2.46
2.41
2.43
2.42
2.45
2.42
2.40	186.97
2.40
2.43
2.47
2.42
2.47
2.48
2.49
2.35
2.40
2.37
2.42
2.38
2.42
2.43
2.40
2.43
2.39
2.35
2.45
2.50
2.49
2.47
2.48
2.33
3.82
2.35
2.37
2.41
2.42
2.40
2.39
