CorWatt	PkgWatt
15.66	128.84
0.57	128.85
0.49
0.49
0.47
0.53
0.54
0.53
0.53
0.53
0.50
0.44
0.42
0.56
0.57
0.61
0.57
0.49
0.49
0.47
0.53
0.41
0.40
0.40
0.41
0.40
0.40
0.39
0.38
0.54
0.53
0.53
0.53
CorWatt	PkgWatt
15.25	127.49
0.54	128.19
0.48
0.48
0.46
0.51
0.51
0.54
0.50
0.42
0.49
0.46
0.40
0.53
0.53
0.62
0.57
0.46
0.49
0.50
0.51
0.40
0.40
0.43
0.40
0.37
0.39
0.39
0.38
0.54
0.52
0.52
0.53
CorWatt	PkgWatt
68.49	162.18
0.92	186.83
2.24
2.29
2.29
2.29
2.30
2.34
2.28
2.24
2.26
2.25
2.20
2.38
2.37
2.41
2.41
2.55
3.89
2.26
2.25
2.34
2.30
2.16
2.10
2.24
2.22
2.05
2.08
2.53
2.47
2.27
2.27
