CorWatt	PkgWatt
15.38	127.89
0.51	127.89
0.51
0.49
0.47
0.52
0.53
0.53
0.53
0.48
0.46
0.42
0.40
0.55
0.56
0.53
0.64
0.47
0.48
0.48
0.51
0.42
0.43
0.40
0.41
0.40
0.38
0.38
0.36
0.54
0.53
0.54
0.54
CorWatt	PkgWatt
14.80	127.35
0.51	127.50
0.50
0.50
0.45
0.49
0.54
0.50
0.49
0.47
0.43
0.40
0.39
0.50
0.52
0.52
0.56
0.46
0.46
0.45
0.51
0.40
0.43
0.38
0.39
0.39
0.36
0.37
0.36
0.55
0.52
0.51
0.50
CorWatt	PkgWatt
67.32	182.49
0.90	182.38
2.10
2.12
2.12
2.13
2.18
2.14
2.08
2.17
2.10
2.12
2.13
2.21
2.20
2.22
2.39
2.11
2.12
1.92
1.95
2.07
2.07
1.88
1.85
2.13
2.06
1.86
1.89
2.30
2.24
3.51
2.03
