CorWatt	PkgWatt
5.13	156.05
0.10	77.64
0.09
0.09
0.08
0.09
0.08
0.08
0.08
0.07
0.08
0.08
0.08
0.07
0.07
0.07
0.07
0.08
0.08
0.08
0.08
0.10
0.08
0.08
0.09
0.08
0.08
0.08
0.08
0.07
0.07
0.07
0.07
0.08	77.91
0.08
0.08
0.08
0.08
0.08
0.08
0.08
0.07
0.07
0.07
0.08
0.07
0.07
0.08
0.07
0.08
0.08
0.08
0.13
0.08
0.08
0.08
0.08
0.08
0.08
0.08
0.08
0.08
0.07
0.07
0.09
CorWatt	PkgWatt
5.53	152.98
0.14	76.40
0.15
0.12
0.09
0.08
0.08
0.08
0.13
0.08
0.09
0.13
0.07
0.07
0.07
0.07
0.08
0.08
0.08
0.10
0.08
0.11
0.09
0.09
0.09
0.10
0.09
0.09
0.08
0.07
0.08
0.07
0.07
0.09	76.50
0.08
0.08
0.08
0.09
0.08
0.08
0.08
0.07
0.07
0.07
0.08
0.07
0.07
0.07
0.07
0.08
0.08
0.08
0.08
0.09
0.09
0.09
0.09
0.10
0.09
0.09
0.09
0.08
0.08
0.08
0.09
