CorWatt	PkgWatt
15.31	127.32
0.56	127.33
0.46
0.48
0.46
0.51
0.51
0.56
0.53
0.43
0.48
0.42
0.41
0.55
0.57
0.60
0.56
0.44
0.48
0.47
0.49
0.42
0.40
0.42
0.45
0.37
0.37
0.38
0.40
0.52
0.51
0.53
0.52
CorWatt	PkgWatt
14.70	126.88
0.51	126.94
0.44
0.46
0.50
0.51
0.50
0.51
0.51
0.44
0.46
0.40
0.43
0.54
0.53
0.58
0.55
0.45
0.45
0.47
0.45
0.38
0.40
0.40
0.41
0.35
0.35
0.36
0.35
0.52
0.50
0.52
0.49
CorWatt	PkgWatt
21.89	133.34
0.69	133.28
0.61
0.63
0.60
0.61
0.61
0.69
0.65
0.57
0.59
0.57
0.53
0.69
0.65
0.67
0.71
0.66
0.68
0.66
0.65
0.56
0.57
0.51
0.65
0.53
0.54
0.63
0.56
0.63
0.60
2.73
0.63
CorWatt	PkgWatt
16.60	128.52
0.53	128.49
0.48
0.46
0.47
0.50
0.49
0.52
0.54
0.40
0.46
0.38
0.38
0.58
0.52
0.58
0.52
0.52
0.53
0.55
0.51
0.40
0.38
0.38
0.41
0.61
0.62
1.12
0.60
0.53
0.50
0.64
0.49
CorWatt	PkgWatt
16.61	128.23
0.53	128.23
0.47
0.46
0.43
0.49
0.49
0.51
0.53
0.38
0.48
0.47
0.41
0.56
0.55
0.57
0.51
0.47
0.48
0.49
0.49
0.41
0.38
0.41
0.43
0.64
0.61
0.70
1.08
0.52
0.52
0.63
0.52
CorWatt	PkgWatt
16.38	128.16
0.50	128.16
0.47
0.45
0.43
0.50
0.48
0.50
0.53
0.38
0.46
0.45
0.39
0.53
0.52
0.56
0.51
0.51
0.51
0.53
0.51
0.39
0.38
0.38
0.41
0.61
0.60
1.17
0.60
0.52
0.50
0.63
0.50
CorWatt	PkgWatt
16.26	128.06
0.53	128.05
0.46
0.45
0.42
0.48
0.50
0.50
0.54
0.39
0.45
0.45
0.37
0.53
0.51
0.56
0.50
0.45
0.50
0.46
0.47
0.39
0.38
0.38
0.41
0.63
0.60
1.19
0.61
0.51
0.51
0.62
0.50
CorWatt	PkgWatt
16.39	128.37
0.53	128.37
0.43
0.45
0.44
0.50
0.48
0.49
0.54
0.38
0.45
0.43
0.38
0.53
0.54
0.52
0.50
0.46
0.47
0.46
0.48
0.38
0.39
0.40
0.42
0.59
0.58
1.44
0.58
0.52
0.50
0.62
0.51
CorWatt	PkgWatt
17.49	129.98
0.53	129.98
0.49
0.48
0.44
0.48
0.49
0.49
0.53
0.39
0.45
0.42
0.38
0.54
0.52
0.49
0.51
0.45
0.48
0.46
0.46
0.39
0.38
0.39
0.41
0.39
0.38
3.13
0.36
0.52
0.51
0.61
0.54
CorWatt	PkgWatt
17.34	129.94
0.52	129.93
0.48
0.46
0.43
0.48
0.48
0.50
0.52
0.37
0.45
0.42
0.38
0.53
0.51
0.48
0.50
0.45
0.47
0.49
0.46
0.38
0.38
0.38
0.41
0.39
0.39
3.13
0.37
0.52
0.50
0.60
0.49
CorWatt	PkgWatt
17.43	130.06
0.54	130.06
0.48
0.46
0.42
0.48
0.49
0.49
0.52
0.37
0.45
0.41
0.37
0.53
0.51
0.48
0.51
0.45
0.50
0.46
0.49
0.39
0.38
0.39
0.40
0.40
0.43
3.14
0.36
0.52
0.51
0.61
0.50
CorWatt	PkgWatt
17.36	129.99
0.52	129.98
0.47
0.44
0.42
0.48
0.50
0.49
0.53
0.39
0.45
0.41
0.37
0.53
0.52
0.50
0.51
0.44
0.46
0.50
0.45
0.38
0.38
0.38
0.41
0.39
0.41
3.13
0.37
0.52
0.50
0.61
0.51
CorWatt	PkgWatt
17.53	130.00
0.53	130.00
0.47
0.46
0.42
0.49
0.49
0.50
0.54
0.37
0.45
0.41
0.37
0.54
0.55
0.49
0.52
0.46
0.49
0.47
0.46
0.40
0.38
0.40
0.41
0.41
0.41
3.13
0.37
0.52
0.51
0.61
0.51
CorWatt	PkgWatt
17.58	130.19
0.55	130.19
0.44
0.46
0.45
0.48
0.48
0.48
0.53
0.39
0.46
0.43
0.38
0.52
0.52
0.50
0.52
0.44
0.49
0.46
0.46
0.40
0.38
0.39
0.42
0.41
0.40
3.13
0.37
0.53
0.53
0.64
0.54
CorWatt	PkgWatt
17.33	130.06
0.54	130.05
0.42
0.45
0.43
0.49
0.49
0.50
0.53
0.37
0.45
0.45
0.37
0.50
0.51
0.48
0.52
0.44
0.47
0.45
0.45
0.39
0.38
0.38
0.41
0.41
0.41
3.14
0.35
0.52
0.52
0.62
0.50
CorWatt	PkgWatt
17.26	129.88
0.53	129.88
0.43
0.44
0.43
0.49
0.51
0.51
0.55
0.37
0.44
0.42
0.37
0.50
0.51
0.49
0.52
0.45
0.47
0.45
0.48
0.38
0.38
0.38
0.40
0.38
0.38
3.13
0.35
0.52
0.50
0.61
0.49
CorWatt	PkgWatt
17.58	130.06
0.53	130.06
0.46
0.46
0.43
0.48
0.49
0.50
0.52
0.39
0.46
0.43
0.40
0.53
0.51
0.55
0.54
0.45
0.47
0.45
0.48
0.39
0.38
0.38
0.41
0.39
0.43
3.13
0.36
0.52
0.52
0.61
0.51
CorWatt	PkgWatt
17.45	129.89
0.52	129.89
0.50
0.47
0.43
0.48
0.48
0.49
0.52
0.39
0.47
0.44
0.40
0.52
0.52
0.49
0.52
0.45
0.48
0.46
0.45
0.40
0.38
0.38
0.42
0.39
0.38
3.13
0.35
0.52
0.50
0.61
0.50
CorWatt	PkgWatt
17.29	129.81
0.53	129.80
0.49
0.46
0.44
0.48
0.48
0.48
0.52
0.37
0.46
0.42
0.37
0.51
0.51
0.49
0.52
0.44
0.47
0.45
0.45
0.38
0.38
0.38
0.41
0.39
0.39
3.14
0.36
0.52
0.50
0.61
0.50
CorWatt	PkgWatt
17.23	129.68
0.54	129.68
0.47
0.47
0.44
0.48
0.48
0.50
0.55
0.37
0.45
0.41
0.37
0.53
0.53
0.50
0.53
0.45
0.51
0.46
0.45
0.38
0.38
0.38
0.41
0.38
0.38
2.91
0.35
0.52
0.50
0.61
0.52
CorWatt	PkgWatt
18.60	129.97
0.78	129.99
0.51
0.55
0.51
0.72
0.73
1.10
1.13
0.48
0.52
0.45
0.49
0.64
0.60
0.59
0.64
0.51
0.55
0.52
0.56
0.46
0.45
0.44
0.47
0.46
0.46
0.46
0.42
0.59
0.61
0.63
0.59
CorWatt	PkgWatt
16.62	128.33
0.60	128.31
0.44
0.49
0.43
0.83
0.83
0.84
1.53
0.37
0.43
0.36
0.37
0.56
0.53
0.49
0.58
0.44
0.49
0.47
0.53
0.39
0.38
0.38
0.41
0.36
0.37
0.37
0.35
0.52
0.50
0.50
0.49
CorWatt	PkgWatt
16.97	128.62
0.59	128.62
0.45
0.49
0.46
0.83
0.84
0.85
1.53
0.38
0.47
0.38
0.38
0.57
0.53
0.49
0.57
0.45
0.48
0.48
0.51
0.42
0.41
0.41
0.42
0.37
0.40
0.39
0.36
0.51
0.52
0.51
0.52
CorWatt	PkgWatt
16.56	128.18
0.58	128.17
0.43
0.44
0.47
0.83
0.84
1.53
0.84
0.37
0.45
0.38
0.37
0.57
0.54
0.48
0.58
0.44
0.47
0.46
0.51
0.38
0.38
0.38
0.42
0.36
0.36
0.36
0.35
0.51
0.49
0.50
0.50
CorWatt	PkgWatt
16.90	128.52
0.59	128.53
0.46
0.47
0.50
0.83
0.84
1.53
0.85
0.38
0.44
0.42
0.37
0.58
0.51
0.49
0.58
0.45
0.47
0.45
0.51
0.39
0.38
0.39
0.41
0.37
0.37
0.36
0.36
0.55
0.56
0.53
0.52
CorWatt	PkgWatt
16.63	128.29
0.58	128.28
0.47
0.46
0.46
0.83
0.83
1.53
0.83
0.37
0.43
0.37
0.36
0.57
0.51
0.51
0.57
0.44
0.48
0.46
0.51
0.40
0.39
0.39
0.41
0.35
0.38
0.36
0.35
0.51
0.50
0.50
0.50
CorWatt	PkgWatt
17.92	129.41
0.59	129.41
0.46
0.46
0.43
1.05
1.07
2.23
1.06
0.36
0.44
0.38
0.37
0.56
0.51
0.48
0.57
0.46
0.47
0.48
0.51
0.39
0.39
0.39
0.40
0.35
0.35
0.36
0.35
0.51
0.50
0.50
0.50
CorWatt	PkgWatt
19.63	131.10
0.59	131.10
0.50
0.46
0.46
1.33
1.35
3.14
1.33
0.38
0.43
0.37
0.37
0.58
0.52
0.48
0.56
0.44
0.46
0.46
0.49
0.38
0.38
0.38
0.41
0.35
0.35
0.36
0.35
0.51
0.49
0.50
0.49
CorWatt	PkgWatt
19.87	131.41
0.59	131.43
0.51
0.46
0.43
1.34
1.35
3.13
1.34
0.38
0.44
0.38
0.38
0.57
0.52
0.49
0.56
0.46
0.47
0.45
0.46
0.41
0.41
0.41
0.43
0.35
0.36
0.38
0.36
0.50
0.51
0.51
0.52
CorWatt	PkgWatt
19.63	131.03
0.59	131.03
0.49
0.45
0.46
1.33
1.35
3.13
1.33
0.37
0.43
0.36
0.37
0.58
0.51
0.49
0.57
0.45
0.46
0.48
0.46
0.38
0.38
0.38
0.41
0.36
0.35
0.36
0.35
0.51
0.50
0.50
0.49
CorWatt	PkgWatt
19.62	131.05
0.58	131.05
0.46
0.45
0.44
1.33
1.35
2.88
1.60
0.38
0.44
0.37
0.37
0.59
0.50
0.48
0.57
0.44
0.47
0.45
0.46
0.41
0.38
0.40
0.43
0.35
0.35
0.36
0.35
0.50
0.50
0.50
0.50
CorWatt	PkgWatt
19.59	130.99
0.59	130.98
0.49
0.45
0.43
1.34
1.35
2.02
2.45
0.37
0.43
0.36
0.38
0.58
0.51
0.49
0.57
0.44
0.46
0.46
0.46
0.38
0.40
0.39
0.41
0.35
0.35
0.35
0.35
0.51
0.48
0.50
0.49
CorWatt	PkgWatt
19.85	131.19
0.59	131.19
0.48
0.46
0.44
1.34
1.35
1.76
2.70
0.38
0.43
0.40
0.40
0.58
0.54
0.50
0.60
0.46
0.47
0.45
0.46
0.40
0.40
0.39
0.43
0.35
0.37
0.36
0.35
0.51
0.51
0.50
0.50
CorWatt	PkgWatt
19.74	131.06
0.58	131.06
0.48
0.46
0.46
1.33
1.35
2.37
2.09
0.38
0.46
0.37
0.38
0.60
0.54
0.50
0.55
0.45
0.47
0.46
0.46
0.41
0.38
0.38
0.42
0.35
0.37
0.35
0.35
0.51
0.49
0.50
0.50
CorWatt	PkgWatt
19.81	131.11
0.59	131.12
0.47
0.45
0.43
1.33
1.34
1.34
3.11
0.36
0.43
0.41
0.37
0.58
0.52
0.49
0.55
0.46
0.46
0.48
0.48
0.39
0.38
0.40
0.43
0.38
0.40
0.37
0.36
0.50
0.53
0.51
0.51
CorWatt	PkgWatt
19.57	131.08
0.59	131.06
0.48
0.45
0.43
1.33
1.34
3.14
1.33
0.38
0.44
0.37
0.37
0.57
0.51
0.49
0.55
0.45
0.46
0.47
0.46
0.38
0.38
0.38
0.41
0.36
0.36
0.36
0.35
0.51
0.49
0.50
0.50
CorWatt	PkgWatt
19.72	131.26
0.58	131.27
0.47
0.45
0.43
1.33
1.35
3.13
1.33
0.38
0.43
0.37
0.37
0.57
0.51
0.49
0.55
0.46
0.49
0.46
0.48
0.39
0.39
0.39
0.41
0.39
0.38
0.37
0.35
0.50
0.50
0.50
0.50
CorWatt	PkgWatt
19.38	131.17
0.64	131.18
0.68
0.49
0.51
0.95
0.95
1.86
0.98
0.42
0.46
0.41
0.41
0.63
0.55
0.53
0.59
0.53
0.54
0.55
0.54
0.76
0.46
0.45
0.48
0.43
0.44
0.45
0.41
0.56
0.57
0.55
0.56
CorWatt	PkgWatt
16.09	128.07
0.52	128.06
0.56
0.47
0.49
0.71
0.73
0.75
1.24
0.39
0.45
0.38
0.37
0.56
0.55
0.49
0.51
0.45
0.48
0.52
0.46
0.40
0.38
0.39
0.41
0.36
0.37
0.36
0.35
0.51
0.49
0.50
0.50
CorWatt	PkgWatt
15.95	127.87
0.52	127.86
0.55
0.44
0.47
0.72
0.75
0.78
1.15
0.38
0.43
0.36
0.37
0.55
0.58
0.49
0.51
0.45
0.48
0.54
0.46
0.38
0.38
0.38
0.41
0.37
0.38
0.36
0.35
0.51
0.49
0.49
0.49
CorWatt	PkgWatt
16.00	128.01
0.51	128.03
0.56
0.46
0.47
1.08
0.75
0.76
0.80
0.37
0.43
0.37
0.37
0.54
0.55
0.49
0.50
0.44
0.49
0.51
0.47
0.39
0.38
0.38
0.41
0.36
0.40
0.35
0.37
0.50
0.49
0.50
0.51
CorWatt	PkgWatt
15.96	127.73
0.51	127.73
0.56
0.44
0.47
1.13
0.74
0.76
0.73
0.38
0.43
0.36
0.36
0.55
0.57
0.50
0.50
0.46
0.47
0.52
0.45
0.38
0.38
0.38
0.41
0.36
0.39
0.38
0.38
0.52
0.49
0.49
0.49
CorWatt	PkgWatt
16.15	128.12
0.51	128.12
0.54
0.48
0.47
0.71
0.72
0.71
1.43
0.37
0.44
0.38
0.37
0.55
0.59
0.50
0.52
0.44
0.49
0.45
0.47
0.38
0.38
0.38
0.41
0.36
0.41
0.37
0.35
0.50
0.50
0.49
0.50
CorWatt	PkgWatt
18.91	133.17
0.53	133.17
0.55
0.48
0.50
0.50
0.53
0.50
4.36
0.38
0.44
0.39
0.40
0.54
0.58
0.52
0.53
0.46
0.49
0.49
0.48
0.43
0.39
0.40
0.43
0.39
0.39
0.37
0.36
0.52
0.53
0.53
0.52
CorWatt	PkgWatt
18.56	133.03
0.53	133.04
0.53
0.45
0.49
0.50
0.52
0.49
4.36
0.38
0.45
0.41
0.37
0.53
0.59
0.50
0.53
0.45
0.47
0.45
0.46
0.40
0.38
0.39
0.41
0.37
0.39
0.38
0.35
0.51
0.52
0.51
0.50
CorWatt	PkgWatt
18.30	132.72
0.52	132.72
0.53
0.45
0.48
0.50
0.53
0.51
4.36
0.36
0.42
0.37
0.37
0.53
0.57
0.50
0.53
0.44
0.46
0.46
0.46
0.38
0.38
0.38
0.41
0.36
0.37
0.35
0.35
0.51
0.49
0.50
0.49
CorWatt	PkgWatt
18.48	132.93
0.53	132.93
0.53
0.44
0.47
0.50
0.52
0.49
4.37
0.39
0.44
0.38
0.39
0.54
0.57
0.52
0.54
0.44
0.46
0.46
0.45
0.39
0.38
0.39
0.41
0.36
0.38
0.35
0.37
0.51
0.50
0.50
0.53
CorWatt	PkgWatt
18.43	132.97
0.52	132.96
0.54
0.46
0.47
0.49
0.51
0.49
4.37
0.39
0.46
0.39
0.41
0.55
0.57
0.49
0.52
0.45
0.46
0.46
0.46
0.39
0.38
0.38
0.41
0.35
0.37
0.35
0.35
0.51
0.49
0.50
0.49
CorWatt	PkgWatt
18.40	132.84
0.54	132.85
0.53
0.45
0.50
0.49
0.51
0.49
4.37
0.39
0.44
0.38
0.37
0.53
0.58
0.49
0.52
0.44
0.47
0.45
0.46
0.39
0.38
0.38
0.41
0.35
0.38
0.36
0.36
0.50
0.49
0.50
0.50
CorWatt	PkgWatt
18.51	132.91
0.55	132.91
0.54
0.47
0.47
0.49
0.51
0.50
4.36
0.37
0.48
0.38
0.39
0.56
0.60
0.51
0.53
0.45
0.46
0.48
0.46
0.38
0.38
0.38
0.41
0.35
0.37
0.35
0.35
0.51
0.49
0.50
0.49
CorWatt	PkgWatt
19.01	133.21
0.59	133.23
0.55
0.51
0.53
0.49
0.53
0.49
4.36
0.38
0.52
0.42
0.42
0.58
0.69
0.55
0.53
0.44
0.47
0.45
0.46
0.39
0.38
0.39
0.41
0.36
0.37
0.36
0.37
0.51
0.49
0.50
0.50
CorWatt	PkgWatt
18.55	133.09
0.56	133.06
0.55
0.48
0.48
0.49
0.52
0.49
4.36
0.38
0.44
0.37
0.38
0.55
0.56
0.49
0.52
0.45
0.49
0.47
0.48
0.39
0.38
0.38
0.41
0.35
0.38
0.36
0.40
0.51
0.49
0.50
0.50
CorWatt	PkgWatt
18.54	133.00
0.52	133.01
0.53
0.45
0.48
0.49
0.52
0.49
4.37
0.38
0.44
0.37
0.37
0.55
0.56
0.49
0.53
0.45
0.48
0.45
0.46
0.41
0.41
0.40
0.42
0.36
0.38
0.35
0.38
0.51
0.49
0.50
0.55
CorWatt	PkgWatt
18.75	133.20
0.53	133.20
0.54
0.51
0.46
0.50
0.54
0.51
4.37
0.41
0.45
0.43
0.40
0.57
0.57
0.49
0.53
0.45
0.47
0.46
0.47
0.41
0.40
0.38
0.42
0.37
0.37
0.36
0.36
0.52
0.50
0.51
0.52
CorWatt	PkgWatt
18.71	133.33
0.54	133.33
0.55
0.50
0.47
0.50
0.52
0.51
4.37
0.38
0.45
0.44
0.37
0.57
0.55
0.48
0.53
0.44
0.46
0.45
0.46
0.39
0.39
0.39
0.41
0.38
0.36
0.35
0.35
0.55
0.54
0.53
0.52
CorWatt	PkgWatt
18.15	130.08
0.80	130.08
0.62
0.58
0.55
0.61
0.83
0.74
0.81
0.45
0.55
0.47
0.45
0.65
0.60
0.56
0.59
0.52
0.53
0.55
0.56
0.45
0.45
0.45
0.49
0.44
0.42
0.74
0.43
0.58
0.56
0.56
0.55
CorWatt	PkgWatt
16.16	128.04
0.60	128.03
0.43
0.47
0.49
0.72
0.79
1.23
0.74
0.37
0.45
0.37
0.39
0.58
0.53
0.50
0.54
0.46
0.47
0.47
0.53
0.39
0.40
0.39
0.41
0.37
0.36
0.36
0.35
0.52
0.50
0.51
0.50
CorWatt	PkgWatt
16.06	127.91
0.60	127.91
0.45
0.47
0.50
0.72
0.79
1.22
0.71
0.37
0.44
0.36
0.38
0.59
0.59
0.50
0.53
0.44
0.46
0.46
0.46
0.38
0.38
0.38
0.41
0.36
0.35
0.35
0.38
0.52
0.49
0.50
0.50
CorWatt	PkgWatt
16.16	128.10
0.60	128.10
0.43
0.47
0.49
0.73
0.95
1.07
0.72
0.39
0.44
0.37
0.38
0.57
0.55
0.48
0.54
0.44
0.47
0.45
0.45
0.40
0.40
0.40
0.43
0.36
0.35
0.37
0.39
0.51
0.52
0.51
0.52
CorWatt	PkgWatt
15.97	127.83
0.61	127.82
0.45
0.46
0.52
0.72
0.78
1.21
0.73
0.37
0.44
0.37
0.38
0.56
0.55
0.49
0.53
0.45
0.46
0.45
0.47
0.38
0.38
0.38
0.41
0.36
0.35
0.35
0.35
0.51
0.50
0.51
0.50
CorWatt	PkgWatt
16.31	128.27
0.60	128.27
0.44
0.44
0.43
0.69
0.79
1.62
0.70
0.38
0.45
0.38
0.37
0.56
0.56
0.49
0.53
0.44
0.47
0.45
0.46
0.41
0.38
0.41
0.43
0.36
0.36
0.36
0.35
0.51
0.50
0.50
0.50
CorWatt	PkgWatt
17.54	129.66
0.61	129.66
0.43
0.46
0.44
0.61
0.68
3.19
0.62
0.36
0.43
0.36
0.37
0.59
0.57
0.49
0.53
0.46
0.46
0.45
0.47
0.38
0.40
0.39
0.41
0.35
0.35
0.36
0.35
0.52
0.49
0.50
0.49
CorWatt	PkgWatt
17.58	129.83
0.61	129.83
0.43
0.45
0.44
0.61
0.67
3.16
0.64
0.38
0.43
0.39
0.39
0.57
0.57
0.48
0.54
0.46
0.46
0.45
0.45
0.39
0.39
0.38
0.42
0.35
0.36
0.35
0.35
0.51
0.49
0.50
0.50
CorWatt	PkgWatt
18.09	130.06
0.63	130.06
0.45
0.47
0.48
0.62
3.16
0.68
0.61
0.41
0.46
0.40
0.40
0.59
0.57
0.51
0.52
0.48
0.48
0.48
0.47
0.41
0.39
0.39
0.41
0.38
0.39
0.38
0.42
0.52
0.50
0.51
0.51
CorWatt	PkgWatt
17.74	129.78
0.62	129.79
0.44
0.44
0.43
0.61
3.11
0.71
0.62
0.38
0.45
0.42
0.38
0.57
0.56
0.49
0.50
0.47
0.47
0.47
0.46
0.39
0.38
0.40
0.42
0.38
0.38
0.38
0.39
0.51
0.51
0.52
0.51
CorWatt	PkgWatt
17.40	129.61
0.60	129.60
0.42
0.45
0.43
0.60
3.19
0.64
0.60
0.38
0.43
0.37
0.38
0.58
0.56
0.48
0.50
0.44
0.46
0.45
0.46
0.38
0.38
0.38
0.41
0.36
0.36
0.36
0.35
0.51
0.49
0.50
0.49
CorWatt	PkgWatt
17.56	129.85
0.60	129.86
0.43
0.50
0.43
0.61
3.16
0.63
0.63
0.36
0.43
0.36
0.37
0.58
0.59
0.49
0.50
0.44
0.48
0.45
0.47
0.38
0.38
0.38
0.41
0.39
0.39
0.36
0.35
0.50
0.49
0.50
0.50
CorWatt	PkgWatt
17.57	129.66
0.59	129.65
0.43
0.48
0.44
0.61
3.16
0.65
0.61
0.39
0.43
0.37
0.38
0.58
0.55
0.49
0.51
0.46
0.47
0.45
0.46
0.38
0.40
0.40
0.41
0.37
0.38
0.37
0.35
0.51
0.49
0.50
0.51
CorWatt	PkgWatt
17.66	129.66
0.60	129.67
0.45
0.50
0.45
0.61
0.69
3.16
0.62
0.39
0.44
0.37
0.37
0.58
0.57
0.49
0.51
0.45
0.48
0.45
0.46
0.39
0.38
0.39
0.41
0.37
0.38
0.35
0.35
0.50
0.49
0.50
0.51
CorWatt	PkgWatt
17.55	129.62
0.59	129.63
0.44
0.45
0.48
0.60
0.67
3.18
0.60
0.36
0.44
0.36
0.37
0.57
0.57
0.48
0.50
0.45
0.48
0.47
0.50
0.38
0.38
0.38
0.41
0.36
0.38
0.35
0.35
0.51
0.49
0.50
0.49
CorWatt	PkgWatt
17.55	129.86
0.59	129.86
0.44
0.46
0.49
0.61
1.18
2.68
0.61
0.38
0.43
0.36
0.37
0.58
0.55
0.50
0.50
0.44
0.48
0.45
0.47
0.39
0.38
0.38
0.41
0.35
0.36
0.36
0.36
0.50
0.49
0.50
0.50
CorWatt	PkgWatt
17.57	129.72
0.58	129.72
0.43
0.49
0.48
0.61
3.16
0.65
0.61
0.37
0.43
0.37
0.38
0.58
0.57
0.53
0.51
0.44
0.46
0.46
0.47
0.38
0.38
0.38
0.41
0.35
0.38
0.37
0.36
0.51
0.49
0.50
0.49
CorWatt	PkgWatt
17.10	129.06
0.63	129.08
0.45
0.47
0.50
0.58
2.21
0.63
0.58
0.40
0.46
0.38
0.38
0.60
0.56
0.52
0.52
0.44
0.51
0.47
0.48
0.39
0.38
0.39
0.42
0.36
0.40
0.39
0.63
0.50
0.49
0.50
0.50
CorWatt	PkgWatt
17.77	129.30
0.77	129.29
0.50
0.55
0.50
0.61
0.68
0.94
0.64
0.42
0.48
0.42
0.44
0.59
0.55
0.52
0.56
0.60
0.63
0.60
0.88
0.46
0.43
0.45
0.48
0.43
0.41
0.41
0.50
0.57
0.57
0.59
0.57
CorWatt	PkgWatt
16.00	128.01
0.57	128.00
0.45
0.47
0.43
0.48
0.55
0.51
0.50
0.37
0.43
0.41
0.37
0.56
0.51
0.49
0.53
0.68
0.70
0.69
1.25
0.39
0.38
0.38
0.40
0.37
0.35
0.37
0.35
0.51
0.51
0.53
0.50
CorWatt	PkgWatt
16.07	127.90
0.57	127.90
0.44
0.48
0.47
0.49
0.56
0.51
0.49
0.38
0.45
0.38
0.37
0.56
0.52
0.51
0.55
0.70
0.70
0.70
1.27
0.38
0.38
0.38
0.41
0.36
0.35
0.35
0.35
0.52
0.49
0.50
0.50
CorWatt	PkgWatt
16.18	127.90
0.56	127.91
0.45
0.44
0.47
0.48
0.55
0.50
0.49
0.38
0.46
0.40
0.39
0.58
0.52
0.52
0.56
0.76
0.69
0.69
1.28
0.39
0.38
0.39
0.41
0.35
0.35
0.36
0.37
0.51
0.51
0.50
0.50
CorWatt	PkgWatt
16.02	128.02
0.56	128.02
0.45
0.45
0.48
0.53
0.49
0.48
0.48
0.39
0.44
0.39
0.40
0.58
0.55
0.49
0.54
1.20
0.71
0.69
0.79
0.39
0.38
0.38
0.41
0.35
0.35
0.35
0.35
0.51
0.49
0.50
0.49
CorWatt	PkgWatt
17.16	129.49
0.59	129.49
0.45
0.44
0.48
0.58
0.49
0.49
0.49
0.38
0.43
0.37
0.38
0.58
0.55
0.48
0.53
2.98
0.53
0.50
0.50
0.39
0.38
0.38
0.40
0.35
0.35
0.35
0.35
0.50
0.49
0.50
0.51
CorWatt	PkgWatt
17.84	130.24
0.62	130.24
0.49
0.51
0.50
0.57
0.50
0.49
0.48
0.38
0.47
0.37
0.37
0.58
0.59
0.50
0.55
3.32
0.54
0.51
0.50
0.39
0.38
0.38
0.41
0.39
0.35
0.39
0.35
0.51
0.49
0.50
0.49
CorWatt	PkgWatt
17.50	129.97
0.58	129.97
0.43
0.47
0.45
0.52
0.49
0.49
0.48
0.38
0.45
0.41
0.40
0.57
0.57
0.52
0.54
3.32
0.50
0.47
0.46
0.39
0.38
0.38
0.40
0.36
0.35
0.35
0.36
0.51
0.49
0.50
0.50
CorWatt	PkgWatt
17.31	130.09
0.58	130.09
0.46
0.46
0.46
0.53
0.49
0.48
0.48
0.37
0.43
0.37
0.37
0.56
0.56
0.48
0.52
3.32
0.50
0.49
0.48
0.38
0.38
0.38
0.41
0.36
0.35
0.36
0.35
0.51
0.49
0.50
0.49
CorWatt	PkgWatt
17.34	129.93
0.57	129.93
0.43
0.44
0.43
0.52
0.48
0.48
0.47
0.38
0.44
0.37
0.36
0.56
0.56
0.49
0.53
3.32
0.49
0.47
0.47
0.40
0.39
0.41
0.42
0.36
0.35
0.35
0.41
0.51
0.48
0.50
0.50
CorWatt	PkgWatt
17.35	129.92
0.56	129.91
0.44
0.45
0.44
0.53
0.49
0.49
0.48
0.38
0.43
0.37
0.38
0.57
0.58
0.49
0.51
3.33
0.50
0.47
0.47
0.38
0.38
0.38
0.41
0.36
0.35
0.35
0.39
0.51
0.49
0.50
0.50
CorWatt	PkgWatt
17.74	130.12
0.59	130.13
0.47
0.47
0.47
0.53
0.49
0.49
0.49
0.38
0.43
0.43
0.37
0.56
0.56
0.49
0.50
3.33
0.50
0.47
0.47
0.41
0.38
0.39
0.41
0.37
0.37
0.36
0.39
0.55
0.55
0.53
0.53
CorWatt	PkgWatt
17.38	130.02
0.57	130.02
0.45
0.47
0.44
0.52
0.50
0.48
0.48
0.36
0.43
0.37
0.36
0.60
0.56
0.48
0.50
3.33
0.49
0.48
0.47
0.41
0.40
0.39
0.41
0.36
0.35
0.36
0.35
0.51
0.49
0.50
0.51
CorWatt	PkgWatt
17.37	129.89
0.57	129.88
0.44
0.47
0.43
0.53
0.51
0.48
0.48
0.37
0.42
0.36
0.36
0.58
0.56
0.48
0.51
3.33
0.51
0.50
0.48
0.40
0.40
0.39
0.42
0.35
0.35
0.35
0.35
0.50
0.49
0.50
0.50
CorWatt	PkgWatt
17.42	129.99
0.58	129.98
0.47
0.46
0.46
0.52
0.50
0.49
0.48
0.38
0.43
0.37
0.37
0.57
0.56
0.49
0.51
3.33
0.50
0.48
0.47
0.39
0.39
0.39
0.42
0.36
0.35
0.36
0.35
0.51
0.49
0.50
0.49
CorWatt	PkgWatt
17.57	130.03
0.58	130.05
0.44
0.48
0.43
0.54
0.50
0.49
0.48
0.37
0.43
0.37
0.38
0.57
0.58
0.49
0.50
3.33
0.50
0.47
0.47
0.42
0.40
0.39
0.43
0.36
0.35
0.37
0.41
0.51
0.51
0.51
0.52
CorWatt	PkgWatt
17.30	130.01
0.58	130.00
0.45
0.45
0.45
0.53
0.49
0.48
0.49
0.37
0.42
0.36
0.37
0.57
0.56
0.48
0.50
3.32
0.50
0.48
0.46
0.38
0.38
0.38
0.41
0.35
0.35
0.37
0.36
0.52
0.49
0.50
0.49
CorWatt	PkgWatt
17.97	129.64
0.86	129.66
0.64
0.56
0.58
0.59
0.55
0.74
0.57
0.42
0.49
0.41
0.41
0.60
0.62
0.56
0.55
1.10
0.87
0.53
0.52
0.47
0.46
0.46
0.51
0.41
0.41
0.42
0.42
0.56
0.55
0.56
0.56
CorWatt	PkgWatt
16.83	128.23
0.94	128.22
1.38
0.80
0.80
0.57
0.49
0.61
0.53
0.38
0.43
0.39
0.37
0.59
0.55
0.50
0.53
0.46
0.47
0.47
0.46
0.38
0.40
0.40
0.47
0.36
0.35
0.38
0.36
0.52
0.49
0.50
0.50
CorWatt	PkgWatt
16.66	128.41
0.85	128.41
1.47
0.80
0.81
0.54
0.49
0.59
0.49
0.37
0.43
0.38
0.39
0.58
0.58
0.48
0.52
0.48
0.46
0.46
0.45
0.39
0.40
0.39
0.43
0.36
0.36
0.36
0.35
0.51
0.50
0.50
0.50
CorWatt	PkgWatt
16.56	128.17
0.98	128.17
1.33
0.79
0.81
0.55
0.49
0.59
0.47
0.38
0.44
0.37
0.37
0.58
0.58
0.50
0.53
0.45
0.48
0.46
0.45
0.40
0.38
0.38
0.41
0.36
0.35
0.36
0.35
0.51
0.49
0.50
0.49
CorWatt	PkgWatt
16.87	128.31
0.89	128.31
1.42
0.79
0.81
0.56
0.50
0.60
0.48
0.37
0.43
0.42
0.38
0.57
0.57
0.49
0.53
0.47
0.47
0.47
0.46
0.40
0.38
0.40
0.43
0.38
0.37
0.38
0.39
0.53
0.52
0.52
0.51
CorWatt	PkgWatt
16.68	128.28
1.31	128.27
1.00
0.80
0.80
0.57
0.50
0.60
0.49
0.38
0.43
0.38
0.37
0.56
0.58
0.49
0.52
0.47
0.49
0.46
0.48
0.38
0.38
0.38
0.42
0.35
0.35
0.37
0.36
0.52
0.49
0.50
0.52
CorWatt	PkgWatt
17.11	128.74
1.74	128.74
0.91
0.87
0.86
0.55
0.50
0.59
0.49
0.37
0.44
0.39
0.36
0.55
0.58
0.48
0.52
0.46
0.50
0.45
0.48
0.39
0.38
0.38
0.40
0.38
0.36
0.36
0.35
0.50
0.49
0.50
0.50
CorWatt	PkgWatt
19.66	130.98
2.50	130.98
1.85
1.29
1.27
0.55
0.49
0.58
0.48
0.39
0.42
0.37
0.38
0.56
0.58
0.48
0.52
0.48
0.47
0.46
0.48
0.38
0.40
0.39
0.41
0.37
0.36
0.38
0.36
0.52
0.49
0.50
0.51
CorWatt	PkgWatt
19.53	130.81
1.47	130.80
2.26
1.88
1.27
0.50
0.56
0.60
0.48
0.38
0.43
0.37
0.37
0.58
0.57
0.49
0.52
0.47
0.47
0.45
0.46
0.39
0.38
0.38
0.41
0.35
0.35
0.35
0.35
0.50
0.49
0.50
0.50
CorWatt	PkgWatt
19.63	130.97
1.29	130.96
1.59
2.74
1.27
0.49
0.56
0.59
0.49
0.37
0.43
0.37
0.37
0.56
0.57
0.50
0.52
0.45
0.50
0.48
0.47
0.38
0.38
0.38
0.41
0.37
0.37
0.37
0.35
0.51
0.49
0.50
0.49
CorWatt	PkgWatt
19.58	131.05
1.29	131.05
1.27
3.07
1.27
0.49
0.55
0.61
0.48
0.37
0.42
0.36
0.36
0.55
0.57
0.48
0.51
0.47
0.49
0.45
0.47
0.39
0.38
0.39
0.41
0.35
0.35
0.35
0.39
0.50
0.49
0.50
0.52
CorWatt	PkgWatt
19.64	130.97
1.29	130.97
1.27
3.08
1.27
0.51
0.56
0.60
0.50
0.37
0.42
0.36
0.36
0.55
0.57
0.50
0.52
0.45
0.48
0.48
0.47
0.39
0.38
0.38
0.41
0.36
0.36
0.38
0.36
0.52
0.49
0.50
0.50
CorWatt	PkgWatt
19.63	130.89
1.29	130.90
3.02
1.30
1.27
0.49
0.56
0.60
0.48
0.38
0.42
0.38
0.36
0.58
0.57
0.51
0.53
0.45
0.50
0.45
0.48
0.39
0.39
0.39
0.41
0.35
0.37
0.37
0.35
0.52
0.50
0.50
0.50
CorWatt	PkgWatt
19.76	131.09
1.29	131.08
3.03
1.29
1.27
0.49
0.54
0.59
0.51
0.39
0.42
0.38
0.40
0.57
0.56
0.49
0.53
0.45
0.48
0.47
0.46
0.40
0.38
0.40
0.45
0.38
0.35
0.36
0.36
0.52
0.52
0.52
0.52
CorWatt	PkgWatt
19.68	131.16
1.29	131.17
3.04
1.29
1.27
0.49
0.58
0.61
0.48
0.36
0.42
0.40
0.37
0.56
0.55
0.49
0.53
0.46
0.48
0.46
0.46
0.41
0.38
0.39
0.41
0.37
0.36
0.37
0.35
0.51
0.52
0.52
0.51
CorWatt	PkgWatt
19.62	130.92
1.29	130.93
1.83
2.51
1.27
0.49
0.57
0.61
0.51
0.38
0.43
0.37
0.37
0.56
0.57
0.51
0.55
0.45
0.47
0.46
0.46
0.38
0.38
0.38
0.41
0.36
0.35
0.36
0.36
0.51
0.49
0.50
0.51
CorWatt	PkgWatt
19.65	131.00
1.29	130.99
1.82
2.53
1.27
0.49
0.51
0.61
0.48
0.38
0.45
0.39
0.39
0.57
0.57
0.52
0.55
0.45
0.47
0.46
0.46
0.39
0.38
0.38
0.41
0.35
0.35
0.36
0.36
0.51
0.51
0.50
0.50
CorWatt	PkgWatt
18.39	129.90
1.10	129.90
1.06
2.45
1.07
0.49
0.50
0.60
0.48
0.39
0.44
0.39
0.40
0.59
0.57
0.50
0.54
0.44
0.47
0.46
0.46
0.39
0.38
0.38
0.41
0.36
0.35
0.36
0.35
0.52
0.49
0.50
0.50
CorWatt	PkgWatt
20.01	134.92
0.58	134.94
0.49
0.54
0.49
0.61
0.57
0.59
0.55
0.44
0.46
0.41
0.42
0.57
0.58
0.56
0.59
0.52
0.78
0.51
0.84
0.52
3.49
0.48
0.50
0.41
0.41
0.42
0.41
0.57
0.58
0.56
0.56
CorWatt	PkgWatt
19.95	138.28
0.53	138.27
0.44
0.51
0.45
0.54
0.48
0.48
0.47
0.37
0.43
0.36
0.37
0.54
0.58
0.50
0.53
0.44
0.57
0.47
0.46
0.43
5.72
0.44
0.41
0.36
0.35
0.36
0.35
0.51
0.49
0.50
0.49
CorWatt	PkgWatt
20.06	138.27
0.54	138.27
0.44
0.50
0.44
0.51
0.50
0.48
0.48
0.38
0.45
0.40
0.41
0.54
0.55
0.50
0.53
0.46
0.57
0.46
0.46
0.44
5.73
0.44
0.41
0.35
0.35
0.36
0.39
0.51
0.49
0.50
0.51
CorWatt	PkgWatt
19.94	138.47
0.52	138.46
0.44
0.49
0.45
0.54
0.49
0.48
0.49
0.37
0.43
0.37
0.37
0.52
0.56
0.49
0.53
0.44
0.57
0.48
0.48
0.44
5.71
0.44
0.41
0.35
0.35
0.37
0.35
0.52
0.49
0.50
0.51
CorWatt	PkgWatt
20.34	138.55
0.54	138.57
0.45
0.50
0.47
0.52
0.51
0.50
0.47
0.40
0.47
0.37
0.37
0.54
0.59
0.52
0.54
0.48
0.56
0.45
0.47
0.49
5.72
0.48
0.42
0.39
0.35
0.35
0.37
0.51
0.54
0.50
0.50
CorWatt	PkgWatt
19.85	138.24
0.51	138.23
0.43
0.48
0.44
0.54
0.48
0.47
0.47
0.38
0.43
0.37
0.38
0.50
0.56
0.49
0.53
0.44
0.48
0.47
0.57
0.43
5.72
0.44
0.41
0.35
0.35
0.35
0.35
0.51
0.52
0.50
0.49
CorWatt	PkgWatt
20.38	138.86
0.54	138.87
0.45
0.50
0.49
0.55
0.50
0.50
0.48
0.40
0.44
0.43
0.37
0.51
0.56
0.50
0.54
0.46
0.47
0.46
0.58
0.45
5.70
0.44
0.42
0.38
0.38
0.36
0.36
0.56
0.56
0.54
0.53
CorWatt	PkgWatt
19.92	138.41
0.52	138.39
0.43
0.47
0.45
0.52
0.50
0.48
0.47
0.37
0.43
0.37
0.38
0.51
0.56
0.49
0.54
0.44
0.47
0.46
0.57
0.45
5.72
0.45
0.41
0.35
0.35
0.36
0.35
0.53
0.50
0.50
0.49
CorWatt	PkgWatt
20.08	138.54
0.52	138.55
0.44
0.46
0.45
0.53
0.51
0.47
0.47
0.37
0.43
0.37
0.38
0.50
0.57
0.51
0.52
0.46
0.50
0.48
0.57
0.44
5.72
0.45
0.42
0.35
0.36
0.39
0.42
0.51
0.51
0.50
0.51
CorWatt	PkgWatt
19.81	138.40
0.52	138.40
0.45
0.45
0.46
0.47
0.51
0.48
0.47
0.38
0.43
0.36
0.38
0.50
0.56
0.48
0.53
0.44
0.47
0.45
0.55
0.45
5.71
0.44
0.42
0.35
0.35
0.36
0.35
0.52
0.50
0.50
0.53
CorWatt	PkgWatt
20.04	138.52
0.54	138.53
0.42
0.46
0.44
0.49
0.54
0.48
0.47
0.38
0.43
0.37
0.39
0.50
0.55
0.48
0.53
0.45
0.48
0.45
0.56
0.47
5.72
0.45
0.42
0.35
0.35
0.37
0.43
0.52
0.52
0.51
0.51
CorWatt	PkgWatt
19.94	138.63
0.53	138.62
0.45
0.45
0.46
0.49
0.52
0.48
0.49
0.37
0.43
0.37
0.38
0.51
0.56
0.49
0.54
0.45
0.47
0.47
0.56
0.44
5.71
0.44
0.42
0.36
0.35
0.38
0.36
0.52
0.50
0.50
0.50
CorWatt	PkgWatt
19.82	138.55
0.53	138.55
0.42
0.44
0.44
0.47
0.53
0.47
0.47
0.40
0.45
0.36
0.39
0.50
0.56
0.49
0.53
0.45
0.47
0.45
0.57
0.45
5.72
0.44
0.41
0.36
0.35
0.35
0.35
0.51
0.50
0.50
0.50
CorWatt	PkgWatt
20.11	138.71
0.52	138.71
0.44
0.45
0.45
0.48
0.53
0.50
0.51
0.39
0.44
0.37
0.39
0.53
0.58
0.49
0.56
0.45
0.47
0.48
0.57
0.44
5.72
0.47
0.42
0.37
0.35
0.38
0.36
0.53
0.50
0.51
0.49
CorWatt	PkgWatt
20.29	138.93
0.53	138.94
0.43
0.46
0.54
0.47
0.54
0.48
0.50
0.38
0.44
0.39
0.45
0.51
0.59
0.50
0.56
0.48
0.47
0.46
0.56
0.43
5.71
0.43
0.45
0.38
0.35
0.36
0.38
0.52
0.51
0.52
0.50
CorWatt	PkgWatt
20.93	139.47
0.55	139.47
0.47
0.48
0.53
0.51
0.55
0.53
0.51
0.45
0.46
0.41
0.44
0.56
0.59
0.53
0.55
0.48
0.51
0.51
0.60
0.41
5.71
0.41
0.41
0.41
0.39
0.40
0.38
0.55
0.53
0.53
0.57
CorWatt	PkgWatt
20.19	138.89
0.53	138.89
0.43
0.44
0.50
0.48
0.50
0.53
0.47
0.41
0.44
0.41
0.38
0.50
0.56
0.49
0.51
0.47
0.47
0.48
0.57
0.40
5.72
0.43
0.42
0.39
0.37
0.38
0.45
0.52
0.53
0.52
0.52
CorWatt	PkgWatt
19.23	133.65
0.58	133.67
0.49
0.51
0.54
0.56
0.56
0.60
0.53
0.80
0.67
0.43
0.44
0.58
0.94
0.57
0.59
0.52
0.53
0.55
0.60
0.48
2.16
0.49
0.49
0.46
0.43
0.43
0.42
0.58
0.58
0.55
0.56
CorWatt	PkgWatt
17.85	130.78
0.55	130.77
0.45
0.45
0.43
0.49
0.53
0.54
0.50
0.40
0.54
0.38
0.39
0.59
3.30
0.56
0.55
0.46
0.50
0.47
0.49
0.40
0.41
0.39
0.42
0.46
0.41
0.38
0.36
0.52
0.50
0.51
0.51
CorWatt	PkgWatt
17.77	130.46
0.54	130.45
0.44
0.45
0.44
0.49
0.50
0.53
0.49
0.41
0.53
0.38
0.40
0.60
3.26
0.56
0.55
0.48
0.48
0.48
0.47
0.39
0.40
0.40
0.42
0.44
0.38
0.39
0.39
0.53
0.50
0.51
0.52
CorWatt	PkgWatt
17.59	130.21
0.56	130.23
0.45
0.46
0.45
0.48
0.49
0.49
0.53
0.39
0.54
0.39
0.38
0.59
3.25
0.56
0.55
0.46
0.48
0.47
0.46
0.39
0.38
0.39
0.41
0.41
0.38
0.36
0.39
0.52
0.50
0.50
0.52
CorWatt	PkgWatt
17.51	130.31
0.54	130.31
0.44
0.44
0.43
0.48
0.49
0.49
0.53
0.39
0.53
0.38
0.38
0.59
3.25
0.56
0.54
0.45
0.49
0.49
0.47
0.38
0.38
0.38
0.41
0.43
0.37
0.37
0.39
0.52
0.50
0.50
0.51
CorWatt	PkgWatt
17.59	130.39
0.55	130.39
0.44
0.46
0.43
0.49
0.50
0.51
0.54
0.39
0.54
0.38
0.38
0.59
3.26
0.56
0.55
0.45
0.50
0.46
0.50
0.39
0.38
0.38
0.41
0.41
0.35
0.39
0.40
0.52
0.50
0.50
0.50
CorWatt	PkgWatt
17.65	130.34
0.53	130.34
0.45
0.45
0.43
0.49
0.50
0.54
0.49
0.39
0.54
0.38
0.39
0.59
3.25
0.58
0.56
0.45
0.47
0.48
0.47
0.39
0.38
0.38
0.41
0.41
0.37
0.39
0.41
0.53
0.53
0.50
0.50
CorWatt	PkgWatt
17.56	130.12
0.56	130.12
0.43
0.44
0.43
0.48
0.49
0.53
0.48
0.39
0.54
0.39
0.38
0.59
3.25
0.57
0.56
0.45
0.50
0.46
0.48
0.39
0.38
0.38
0.42
0.42
0.37
0.38
0.39
0.51
0.50
0.50
0.50
CorWatt	PkgWatt
17.70	130.29
0.54	130.30
0.43
0.46
0.45
0.48
0.49
0.52
0.48
0.39
0.54
0.38
0.40
0.58
3.26
0.55
0.56
0.45
0.48
0.49
0.46
0.42
0.38
0.40
0.43
0.44
0.36
0.37
0.40
0.54
0.54
0.53
0.51
CorWatt	PkgWatt
17.56	130.37
0.53	130.37
0.43
0.44
0.43
0.48
0.49
0.49
0.53
0.39
0.54
0.42
0.38
0.58
3.24
0.56
0.56
0.45
0.47
0.46
0.46
0.40
0.38
0.38
0.41
0.45
0.35
0.40
0.39
0.52
0.52
0.52
0.51
CorWatt	PkgWatt
17.86	130.38
0.52	130.37
0.45
0.46
0.46
0.50
0.52
0.52
0.55
0.39
0.54
0.39
0.39
0.59
3.25
0.58
0.58
0.46
0.47
0.48
0.46
0.41
0.39
0.39
0.43
0.44
0.36
0.38
0.40
0.54
0.50
0.51
0.51
CorWatt	PkgWatt
17.68	130.26
0.54	130.27
0.45
0.46
0.43
0.49
0.49
0.49
0.53
0.40
0.56
0.40
0.40
0.60
3.25
0.59
0.59
0.45
0.47
0.47
0.46
0.40
0.38
0.38
0.40
0.44
0.36
0.39
0.39
0.52
0.51
0.50
0.50
CorWatt	PkgWatt
17.51	130.22
0.51	130.22
0.44
0.44
0.44
0.48
0.49
0.49
0.52
0.41
0.55
0.40
0.41
0.60
3.26
0.55
0.57
0.44
0.47
0.47
0.46
0.39
0.38
0.38
0.41
0.45
0.35
0.37
0.39
0.52
0.50
0.50
0.49
CorWatt	PkgWatt
17.49	130.22
0.54	130.22
0.45
0.44
0.45
0.48
0.49
0.49
0.53
0.39
0.53
0.39
0.39
0.58
3.25
0.55
0.56
0.45
0.47
0.46
0.46
0.40
0.38
0.38
0.41
0.44
0.35
0.36
0.39
0.52
0.51
0.50
0.50
CorWatt	PkgWatt
17.71	130.24
0.54	130.23
0.45
0.46
0.45
0.49
0.49
0.50
0.51
0.39
0.53
0.39
0.39
0.61
3.25
0.58
0.58
0.45
0.47
0.48
0.48
0.39
0.40
0.39
0.42
0.43
0.35
0.37
0.39
0.53
0.52
0.51
0.50
CorWatt	PkgWatt
17.60	130.14
0.53	130.15
0.43
0.46
0.44
0.48
0.50
0.49
0.52
0.40
0.54
0.42
0.42
0.61
3.25
0.57
0.56
0.45
0.47
0.47
0.46
0.39
0.38
0.39
0.41
0.43
0.35
0.36
0.41
0.52
0.50
0.50
0.50
CorWatt	PkgWatt
17.46	130.06
0.54	130.06
0.44
0.44
0.45
0.49
0.49
0.48
0.52
0.38
0.54
0.38
0.38
0.59
3.25
0.55
0.56
0.44
0.47
0.49
0.48
0.38
0.38
0.38
0.41
0.44
0.35
0.37
0.38
0.52
0.50
0.50
0.49
CorWatt	PkgWatt
17.40	130.11
0.54	130.11
0.43
0.44
0.44
0.48
0.50
0.50
0.53
0.39
0.54
0.38
0.38
0.60
3.12
0.55
0.56
0.45
0.47
0.46
0.46
0.40
0.40
0.41
0.41
0.44
0.35
0.38
0.38
0.52
0.50
0.50
0.50
CorWatt	PkgWatt
18.30	130.25
1.08	130.25
0.66
0.66
0.63
0.58
0.56
1.12
0.58
0.48
0.57
0.48
0.47
0.64
0.64
0.61
0.62
0.51
0.56
0.53
0.51
0.44
0.44
0.43
0.48
0.47
0.42
0.43
0.45
0.58
0.56
0.56
0.55
CorWatt	PkgWatt
16.65	128.57
1.04	128.57
1.01
0.74
0.72
0.54
0.50
0.63
0.49
0.38
0.45
0.41
0.38
0.55
0.57
0.51
0.55
0.46
0.47
0.47
0.46
0.40
0.38
0.39
0.42
0.43
0.37
0.38
0.39
0.55
0.56
0.53
0.52
CorWatt	PkgWatt
16.63	128.79
0.77	128.78
1.31
0.75
0.71
0.53
0.50
0.60
0.49
0.41
0.44
0.40
0.39
0.56
0.59
0.52
0.54
0.45
0.48
0.47
0.46
0.42
0.41
0.40
0.42
0.43
0.36
0.36
0.39
0.53
0.51
0.51
0.50
CorWatt	PkgWatt
16.48	128.53
0.77	128.53
1.32
0.74
0.70
0.53
0.51
0.61
0.48
0.39
0.44
0.38
0.38
0.59
0.57
0.50
0.54
0.46
0.50
0.48
0.48
0.39
0.38
0.39
0.41
0.42
0.35
0.36
0.39
0.51
0.51
0.50
0.50
CorWatt	PkgWatt
16.49	128.52
1.17	128.51
0.80
0.90
0.72
0.50
0.55
0.60
0.49
0.40
0.43
0.37
0.38
0.58
0.57
0.51
0.56
0.45
0.47
0.47
0.46
0.39
0.39
0.38
0.41
0.41
0.35
0.36
0.38
0.52
0.50
0.50
0.50
CorWatt	PkgWatt
17.44	129.33
1.04	129.33
0.82
1.65
0.82
0.51
0.56
0.61
0.49
0.40
0.44
0.38
0.38
0.59
0.57
0.51
0.53
0.47
0.48
0.46
0.48
0.40
0.38
0.40
0.42
0.40
0.35
0.40
0.40
0.52
0.55
0.52
0.52
CorWatt	PkgWatt
19.39	131.26
1.68	131.26
1.12
2.62
1.13
0.51
0.54
0.61
0.50
0.38
0.44
0.37
0.38
0.57
0.57
0.50
0.54
0.45
0.47
0.47
0.47
0.39
0.38
0.38
0.41
0.40
0.35
0.37
0.38
0.52
0.51
0.50
0.49
CorWatt	PkgWatt
19.57	131.26
1.80	131.26
1.16
2.52
1.17
0.49
0.53
0.59
0.49
0.40
0.47
0.37
0.39
0.59
0.56
0.52
0.54
0.47
0.48
0.46
0.46
0.40
0.40
0.39
0.41
0.41
0.35
0.35
0.38
0.51
0.51
0.50
0.50
CorWatt	PkgWatt
19.75	131.53
3.12	131.53
1.17
1.19
1.17
0.50
0.54
0.62
0.52
0.40
0.46
0.38
0.39
0.60
0.58
0.50
0.56
0.45
0.47
0.47
0.46
0.39
0.41
0.40
0.43
0.41
0.36
0.38
0.39
0.52
0.51
0.50
0.49
CorWatt	PkgWatt
19.59	131.19
3.13	131.19
1.13
1.14
1.14
0.49
0.53
0.60
0.50
0.38
0.46
0.39
0.41
0.61
0.55
0.52
0.54
0.48
0.47
0.46
0.46
0.42
0.40
0.40
0.44
0.41
0.36
0.36
0.38
0.51
0.51
0.50
0.50
CorWatt	PkgWatt
19.49	131.29
1.19	131.29
1.16
3.14
1.17
0.49
0.53
0.61
0.49
0.38
0.43
0.40
0.38
0.56
0.54
0.51
0.53
0.45
0.48
0.48
0.46
0.39
0.39
0.38
0.41
0.41
0.35
0.37
0.38
0.52
0.51
0.50
0.49
CorWatt	PkgWatt
19.69	131.43
1.91	131.44
1.16
2.41
1.17
0.49
0.54
0.60
0.49
0.38
0.43
0.39
0.38
0.55
0.51
0.51
0.54
0.49
0.47
0.48
0.46
0.39
0.40
0.40
0.42
0.45
0.37
0.43
0.40
0.52
0.53
0.52
0.51
CorWatt	PkgWatt
19.56	131.43
1.19	131.41
1.16
3.07
1.22
0.50
0.54
0.60
0.51
0.38
0.44
0.37
0.38
0.57
0.52
0.50
0.54
0.46
0.47
0.48
0.46
0.40
0.39
0.39
0.42
0.43
0.36
0.37
0.39
0.52
0.51
0.51
0.52
CorWatt	PkgWatt
19.46	131.10
1.18	131.10
1.15
3.13
1.15
0.49
0.54
0.60
0.50
0.39
0.44
0.38
0.38
0.55
0.51
0.50
0.53
0.46
0.49
0.47
0.48
0.39
0.39
0.39
0.42
0.44
0.35
0.36
0.38
0.51
0.50
0.50
0.50
CorWatt	PkgWatt
19.50	131.27
1.16	131.27
1.13
3.14
1.14
0.53
0.53
0.60
0.49
0.39
0.44
0.37
0.39
0.56
0.51
0.51
0.54
0.46
0.47
0.47
0.46
0.38
0.40
0.40
0.42
0.43
0.36
0.38
0.38
0.52
0.50
0.50
0.51
CorWatt	PkgWatt
19.40	131.34
1.19	131.33
1.16
2.25
2.04
0.51
0.53
0.60
0.49
0.38
0.43
0.37
0.38
0.55
0.50
0.50
0.53
0.46
0.48
0.46
0.46
0.40
0.39
0.39
0.41
0.41
0.35
0.36
0.38
0.52
0.51
0.50
0.50
CorWatt	PkgWatt
19.64	131.36
1.19	131.35
1.16
3.13
1.16
0.51
0.54
0.59
0.51
0.39
0.44
0.37
0.39
0.57
0.53
0.51
0.54
0.45
0.50
0.50
0.48
0.39
0.39
0.39
0.42
0.44
0.38
0.37
0.38
0.53
0.50
0.50
0.50
CorWatt	PkgWatt
19.53	130.69
0.93	131.20
0.87
0.89
1.78
0.63
0.69
0.77
0.64
0.49
0.55
0.41
0.48
0.60
0.56
0.56
0.60
0.60
0.54
0.53
0.53
0.46
0.45
0.56
0.48
0.49
0.40
0.44
0.43
0.57
0.56
0.54
0.57
