CorWatt	PkgWatt
126.43	334.06
2.13	163.40
1.83
1.80
1.92
2.11
2.09
1.80
1.78
2.05
1.75
1.93
1.76
2.08
2.07
1.75
1.77
1.92
1.84
2.02
1.97
1.80
1.83
1.99
2.00
1.80
2.12
1.79
2.11
2.06
1.77
1.77
2.07
2.02	167.07
2.03
2.03
2.02
2.02
2.01
2.02
2.01
2.02
2.03
2.02
2.02
2.03
2.03
2.04
2.01
1.97
1.98
1.97
1.91
2.05
2.04
2.05
2.02
1.96
1.99
1.95
1.95
2.00
2.01
1.98
1.98
CorWatt	PkgWatt
130.01	338.49
2.05	165.85
2.18
1.99
2.04
2.04
1.95
1.94
1.94
1.97
1.89
1.84
1.89
2.00
2.02
1.94
1.91
1.93
2.01
2.04
2.00
1.97
2.05
2.01
2.05
1.96
2.03
2.02
2.04
1.99
1.99
2.00
2.00
2.00	167.07
2.02
2.03
2.01
2.02
2.00
2.02
2.01
2.01
2.01
2.02
2.02
2.02
2.02
2.02
2.01
1.97
1.96
1.96
1.89
2.05
2.01
2.03
2.02
1.97
1.99
1.96
1.96
2.00
2.02
1.99
1.99
CorWatt	PkgWatt
154.53	436.13
2.08	167.58
2.09
2.15
2.01
2.03
2.04
2.05
2.04
1.89
1.99
1.96
1.99
2.03
2.03
2.00
2.00
2.05
2.06
2.06
2.04
2.06
2.09
2.07
2.06
2.04
2.05
2.05
2.04
1.99
2.01
2.02
2.02
1.97	166.19
1.98
1.99
1.98
1.98
1.98
1.99
1.97
1.98
1.98
1.98
1.97
2.00
2.01
2.02
1.99
2.11
1.93
1.92
1.88
2.01
1.99
2.01
1.97
1.94
1.97
1.93
1.94
1.97
1.99
1.97
1.94
CorWatt	PkgWatt
130.78	337.46
2.06	168.69
2.26
2.06
2.04
2.19
2.01
2.04
2.04
1.97
1.97
1.95
1.98
1.99
2.01
1.99
1.99
2.06
2.05
2.02
2.03
2.05
2.08
2.06
2.01
2.12
2.06
2.03
2.04
2.02
2.03
2.01
2.04
2.03	168.78
2.04
2.06
2.06
2.05
2.04
2.06
2.06
2.04
2.03
2.05
2.05
2.06
2.06
2.07
2.05
2.02
2.03
2.02
1.96
2.13
2.07
2.07
2.07
2.01
2.05
2.03
2.03
2.04
2.06
2.05
2.04
CorWatt	PkgWatt
151.20	356.50
2.42	180.46
2.53
2.57
2.49
2.52
2.47
2.48
2.50
2.44
2.39
2.37
2.47
2.40
2.44
2.44
2.43
2.43
2.46
2.46
2.46
2.47
2.51
2.50
2.43
2.45
2.48
2.43
2.45
2.40
2.42
2.40
2.44
2.25	175.94
2.27
2.29
2.28
2.28
2.27
2.28
2.27
2.28
2.26
2.28
2.28
2.29
2.28
2.30
2.28
2.24
2.26
2.25
2.16
2.32
2.28
2.30
2.28
2.23
2.29
2.25
2.25
2.26
2.28
2.28
2.28
CorWatt	PkgWatt
162.23	366.29
2.57	185.07
2.70
2.64
2.67
2.59
2.63
2.65
2.68
2.56
2.62
2.55
2.59
2.57
2.62
2.63
2.63
2.62
2.68
2.66
2.69
2.65
2.75
2.69
2.66
2.64
2.69
2.63
2.64
2.55
2.59
2.57
2.63
2.42	181.14
2.44
2.45
2.45
2.44
2.42
2.44
2.43
2.45
2.44
2.45
2.45
2.45
2.45
2.47
2.45
2.39
2.41
2.42
2.30
2.48
2.45
2.47
2.45
2.40
2.45
2.42
2.42
2.44
2.45
2.45
2.44
