CorWatt	PkgWatt
156.37	377.75
2.47	188.00
2.50
2.53
2.42
2.44
2.45
2.47
2.46
2.42
2.42
2.38
2.39
2.41
2.43
2.39
2.37
2.46
2.46
2.52
2.46
2.51
2.53
2.52
2.49
2.46
2.47
2.46
2.45
2.44
2.45
2.44
2.43
2.46	187.70
2.47
2.46
2.49
2.45
2.46
2.43
2.45
2.46
2.40
2.39
2.42
2.41
2.45
2.40
2.41
2.37
2.42
2.40
2.44
2.47
2.48
2.47
2.48
2.41
2.38
2.39
2.40
2.43
2.45
2.43
2.39
CorWatt	PkgWatt
161.33	384.31
2.51	187.76
2.54
2.52
2.46
2.65
2.49
2.54
2.55
2.43
2.46
2.40
2.44
2.47
2.45
2.42
2.46
2.49
2.49
2.55
2.48
2.54
2.55
2.56
2.52
2.45
2.52
2.47
2.50
2.43
2.49
2.45
2.48
2.47	186.92
2.44
2.45
2.49
2.49
2.49
2.46
2.48
2.40
2.44
2.45
2.43
2.45
2.44
2.43
2.39
2.40
2.40
2.42
2.41
2.49
2.47
2.49
2.47
2.42
2.42
2.44
2.43
2.47
2.42
2.44
2.45
CorWatt	PkgWatt
153.24	361.23
2.49	187.95
2.52
2.49
2.47
2.50
2.47
2.48
2.51
2.43
2.44
2.42
2.46
2.43
2.42
2.43
2.41
2.51
2.50
2.51
2.52
2.52
2.56
2.57
2.51
2.45
2.49
2.49
2.45
2.45
2.45
2.47
2.46
2.48	187.92
2.47
2.49
2.46
2.49
2.48
2.48
2.48
2.43
2.40
2.46
2.43
2.43
2.46
2.44
2.45
2.41
2.40
2.42
2.42
2.49
2.50
2.46
2.60
2.41
2.40
2.42
2.42
2.45
2.43
2.47
2.41
CorWatt	PkgWatt
158.98	381.90
2.47	185.30
2.51
2.48
2.44
2.46
2.47
2.47
2.49
2.41
2.38
2.36
2.40
2.45
2.42
2.41
2.41
2.45
2.48
2.47
2.49
2.52
2.54
2.52
2.50
2.44
2.47
2.48
2.44
2.42
2.45
2.44
2.46
2.47	184.45
2.43
2.43
2.43
2.46
2.47
2.44
2.46
2.38
2.39
2.42
2.38
2.42
2.43
2.42
2.41
2.40
2.42
2.37
2.41
2.45
2.44
2.43
2.46
2.40
2.38
2.41
2.39
2.43
2.41
2.44
2.43
CorWatt	PkgWatt
153.48	359.76
2.44	184.53
2.48
2.47
2.47
2.48
2.45
2.46
2.48
2.40
2.40
2.34
2.39
2.40
2.40
2.42
2.41
2.44
2.48
2.47
2.50
2.48
2.51
2.49
2.46
2.45
2.46
2.46
2.48
2.42
2.47
2.49
2.43
2.43	184.31
2.45
2.42
2.42
2.44
2.43
2.44
2.46
2.41
2.41
2.39
2.40
2.40
2.43
2.42
2.39
2.39
2.37
2.38
2.40
2.43
2.44
2.43
2.46
2.38
2.40
2.39
2.42
2.42
2.41
2.43
2.41
CorWatt	PkgWatt
156.96	370.20
2.48	185.17
2.50
2.50
2.44
2.49
2.44
2.50
2.49
2.39
2.40
2.36
2.43
2.43
2.41
2.41
2.41
2.47
2.49
2.48
2.49
2.49
2.54
2.53
2.48
2.46
2.48
2.47
2.47
2.40
2.45
2.46
2.43
2.46	184.75
2.46
2.44
2.45
2.45
2.44
2.44
2.44
2.43
2.42
2.42
2.44
2.41
2.41
2.44
2.40
2.40
2.39
2.37
2.41
2.45
2.44
2.49
2.47
2.41
2.41
2.42
2.40
2.44
2.43
2.39
2.44
CorWatt	PkgWatt
159.28	383.90
2.48	186.64
2.46
2.50
2.46
2.49
2.43
2.48
2.50
2.38
2.40
2.38
2.41
2.41
2.43
2.41
2.43
2.47
2.50
2.48
2.45
2.51
2.51
2.48
2.47
2.43
2.48
2.47
2.46
2.40
2.44
2.41
2.45
2.44	186.50
2.44
2.45
2.44
2.44
2.43
2.44
2.44
2.42
2.40
2.44
2.40
2.44
2.43
2.43
2.42
2.41
2.41
2.41
2.39
2.43
2.48
2.47
2.48
2.42
2.40
2.40
2.42
2.44
2.44
2.41
2.44
CorWatt	PkgWatt
152.70	358.04
2.45	184.98
2.43
2.49
2.45
2.48
2.45
2.47
2.47
2.40
2.41
2.40
2.42
2.40
2.39
2.41
2.41
2.47
2.50
2.48
2.48
2.49
2.53
2.50
2.50
2.44
2.47
2.45
2.44
2.40
2.46
2.41
2.46
2.47	184.65
2.44
2.46
2.45
2.47
2.44
2.46
2.46
2.39
2.39
2.43
2.42
2.41
2.43
2.40
2.38
2.39
2.40
2.41
2.40
2.44
2.47
2.48
2.47
2.40
2.41
2.40
2.41
2.42
2.41
2.43
2.41
CorWatt	PkgWatt
156.74	371.69
2.45	184.51
2.46
2.49
2.43
2.48
2.44
2.45
2.47
2.39
2.42
2.38
2.41
2.44
2.40
2.40
2.42
2.44
2.44
2.50
2.47
2.53
2.49
2.52
2.50
2.42
2.44
2.44
2.47
2.38
2.45
2.42
2.44
2.42	184.12
2.44
2.43
2.42
2.43
2.45
2.44
2.43
2.34
2.39
2.40
2.41
2.40
2.42
2.41
2.42
2.36
2.41
2.41
2.38
2.45
2.44
2.45
2.46
2.39
2.38
2.41
2.40
2.40
2.43
2.42
2.38
CorWatt	PkgWatt
155.42	371.70
2.44	184.62
2.45
2.50
2.45
2.49
2.46
2.45
2.44
2.40
2.39
2.38
2.41
2.40
2.42
2.41
2.41
2.48
2.45
2.52
2.47
2.51
2.52
2.46
2.47
2.47
2.45
2.47
2.42
2.42
2.43
2.47
2.45
2.48	184.40
2.46
2.44
2.44
2.43
2.40
2.43
2.42
2.39
2.40
2.44
2.40
2.40
2.39
2.42
2.41
2.35
2.39
2.39
2.40
2.45
2.47
2.45
2.44
2.40
2.39
2.37
2.41
2.40
2.42
2.42
2.37
CorWatt	PkgWatt
154.04	362.56
2.44	183.76
2.43
2.46
2.44
2.46
2.44
2.42
2.42
2.37
2.38
2.34
2.36
2.39
2.39
2.36
2.38
2.42
2.42
2.51
2.46
2.49
2.48
2.44
2.46
2.45
2.41
2.45
2.44
2.40
2.40
2.43
2.43
2.42	183.49
2.42
2.44
2.42
2.46
2.45
2.43
2.40
2.37
2.37
2.42
2.42
2.39
2.39
2.42
2.38
2.36
2.37
2.35
2.39
2.41
2.44
2.48
2.46
2.38
2.40
2.39
2.39
2.40
2.39
2.40
2.37
CorWatt	PkgWatt
156.36	373.13
2.50	185.26
2.50
2.50
2.48
2.48
2.45
2.47
2.47
2.43
2.42
2.40
2.44
2.42
2.44
2.39
2.41
2.45
2.47
2.54
2.46
2.53
2.48
2.49
2.50
2.45
2.45
2.43
2.45
2.40
2.42
2.45
2.46
2.46	184.86
2.48
2.45
2.46
2.47
2.44
2.46
2.45
2.39
2.41
2.38
2.41
2.40
2.41
2.39
2.40
2.40
2.41
2.41
2.41
2.47
2.45
2.47
2.49
2.43
2.41
2.41
2.39
2.40
2.42
2.45
2.41
