CorWatt	PkgWatt
15.19	127.87
0.52	127.87
0.48
0.47
0.46
0.51
0.54
0.53
0.52
0.46
0.46
0.41
0.44
0.54
0.53
0.54
0.56
0.45
0.47
0.46
0.47
0.40
0.41
0.41
0.46
0.40
0.38
0.41
0.37
0.54
0.53
0.54
0.53
CorWatt	PkgWatt
15.19	127.82
0.53	127.86
0.51
0.48
0.46
0.52
0.55
0.51
0.53
0.46
0.46
0.40
0.44
0.53
0.53
0.55
0.55
0.45
0.50
0.46
0.48
0.40
0.41
0.41
0.46
0.38
0.38
0.39
0.36
0.53
0.51
0.53
0.51
CorWatt	PkgWatt
71.00	185.74
2.81	185.76
2.28
2.33
2.46
2.33
2.37
2.31
2.29
2.19
2.16
2.13
2.18
2.30
2.27
2.31
2.35
2.25
2.21
2.00
2.03
2.15
2.14
1.97
1.93
2.20
2.16
1.95
1.97
2.33
2.34
2.14
2.18
