CorWatt	PkgWatt
154.51	417.22
2.13	163.82
2.09
2.12
2.09
2.09
2.02
2.08
2.02
2.01
2.03
2.00
2.04
2.07
2.03
2.07
2.02
2.08
2.08
2.08
2.08
2.12
2.12
2.11
2.11
2.07
2.07
2.05
2.10
2.03
2.04
2.09
2.07
2.00	160.09
2.02
2.08
2.04
2.02
1.90
2.05
2.26
1.91
1.97
1.95
1.86
1.93
1.94
1.99
1.94
1.89
1.88
1.87
1.85
2.07
2.03
1.94
1.98
1.99
1.81
1.96
1.92
1.91
1.95
1.95
1.89
CorWatt	PkgWatt
128.96	323.89
2.09	164.16
2.14
2.16
2.09
2.14
2.06
2.12
2.04
2.04
2.03
2.00
2.04
2.09
2.03
2.03
2.06
2.07
2.13
2.10
2.07
2.13
2.09
2.09
2.15
2.09
2.08
2.09
2.09
2.02
2.07
2.11
2.06
2.04	159.74
2.05
2.05
1.96
2.04
1.94
2.05
2.21
1.95
1.95
1.91
1.84
2.00
1.94
1.96
1.95
1.80
1.88
1.94
1.86
1.96
2.00
1.87
1.98
1.97
1.81
1.95
1.89
1.89
1.92
1.96
1.86
CorWatt	PkgWatt
130.17	333.07
2.09	167.40
2.14
2.11
2.07
2.09
2.07
2.09
2.07
2.02
2.03
1.97
2.02
2.06
2.06
2.04
2.03
2.03
2.07
2.07
2.04
2.07
2.08
2.10
2.08
2.06
2.07
2.06
2.05
2.01
2.05
2.06
2.06
2.07	165.68
2.07
2.10
2.06
2.09
2.07
2.12
2.01
1.89
1.98
2.00
1.96
2.09
2.03
2.03
2.04
1.95
2.00
2.02
1.94
2.00
2.00
2.05
1.83
2.03
1.87
1.83
2.02
1.90
2.14
2.05
2.01
CorWatt	PkgWatt
128.68	334.52
2.29	167.61
2.08
2.04
2.01
2.05
2.04
2.05
2.04
1.97
1.97
1.94
1.97
2.00
1.99
1.99
1.99
2.00
2.02
2.02
1.98
2.04
2.05
2.03
2.03
2.01
2.03
2.00
2.01
1.98
1.99
2.01
2.00
1.85	166.86
2.08
2.10
2.10
2.00
2.08
2.11
1.77
1.79
2.07
2.05
2.01
1.84
2.06
2.11
2.05
1.84
2.06
2.07
2.00
1.92
2.01
2.11
2.02
2.05
1.97
1.88
2.06
1.71
2.09
2.10
2.09
CorWatt	PkgWatt
128.45	334.44
2.10	167.51
2.07
2.05
2.02
2.06
2.04
2.06
2.04
1.97
1.97
1.94
1.97
2.01
2.00
2.00
1.99
2.00
2.02
2.01
1.98
2.05
2.05
2.03
2.03
2.01
2.03
2.01
2.01
1.98
2.00
2.02
2.00
1.82	166.90
2.09
2.10
2.10
1.98
2.03
2.11
1.73
1.93
2.08
1.96
1.89
2.12
2.06
2.11
2.05
1.83
1.82
2.08
2.01
2.03
2.10
2.11
1.85
2.06
2.05
1.79
2.07
1.71
2.04
2.10
2.09
CorWatt	PkgWatt
127.86	333.73
2.05	167.56
2.08
2.05
2.02
2.07
2.05
2.06
2.05
1.98
1.98
1.95
1.98
2.01
2.01
2.00
1.99
2.01
2.03
2.02
1.99
2.05
2.06
2.04
2.03
2.02
2.03
2.01
2.02
1.99
2.00
2.02
2.00
1.76	166.19
1.93
2.11
2.10
1.99
1.85
2.11
1.80
2.24
2.08
1.96
1.84
1.92
1.84
2.11
2.06
2.03
1.82
2.08
2.01
1.82
2.06
2.12
1.75
1.98
2.05
1.72
2.07
1.71
2.10
2.10
2.09
CorWatt	PkgWatt
129.77	335.71
2.27	167.04
2.05
2.03
2.00
2.04
2.03
2.03
2.02
1.96
1.96
1.93
1.96
1.99
1.99
1.98
1.97
1.98
2.01
1.99
1.97
2.03
2.04
2.01
2.01
1.99
2.01
1.99
1.99
1.97
1.98
2.00
1.98
2.05	168.65
2.07
2.08
2.08
2.08
2.03
2.06
2.03
2.12
2.05
2.03
1.99
2.06
2.04
2.08
2.03
2.00
2.03
2.05
1.98
2.10
2.08
2.08
2.08
2.03
2.03
2.04
2.04
1.99
2.07
2.07
2.06
CorWatt	PkgWatt
128.84	334.55
2.36	168.99
2.10
2.09
2.07
2.09
2.06
2.07
2.07
1.99
2.01
2.00
2.01
2.02
2.02
2.03
2.02
2.07
2.10
2.10
2.12
2.09
2.09
2.09
2.10
2.05
2.06
2.07
2.07
2.02
2.03
2.05
2.04
1.97	165.56
1.98
2.02
1.99
2.02
1.97
1.99
1.95
1.97
1.96
1.94
1.91
1.98
1.95
1.99
1.94
1.91
1.92
1.94
1.89
2.04
2.02
2.00
2.01
1.91
1.91
1.90
1.91
1.89
1.97
1.96
1.96
CorWatt	PkgWatt
129.36	335.26
2.37	169.34
2.11
2.10
2.07
2.09
2.07
2.08
2.08
2.01
2.03
2.00
2.03
2.03
2.04
2.04
2.04
2.07
2.10
2.10
2.08
2.11
2.11
2.11
2.10
2.06
2.09
2.08
2.08
2.04
2.05
2.06
2.07
1.99	165.93
2.00
2.01
2.00
2.01
1.97
2.00
1.97
1.98
1.97
1.94
1.92
1.99
1.94
1.99
1.95
1.91
1.93
1.95
1.89
2.03
2.02
2.01
2.01
1.92
1.91
1.91
1.93
1.91
1.97
1.97
1.96
CorWatt	PkgWatt
129.33	335.14
2.26	169.11
2.12
2.10
2.07
2.09
2.08
2.09
2.07
2.01
2.03
2.00
2.03
2.04
2.04
2.04
2.04
2.07
2.10
2.10
2.08
2.11
2.12
2.11
2.10
2.07
2.09
2.07
2.08
2.04
2.05
2.07
2.06
1.99	166.04
2.00
1.99
1.99
1.99
1.97
1.99
2.03
1.99
1.98
1.94
1.92
2.00
1.96
2.01
1.96
1.91
1.93
1.94
1.88
2.02
2.00
2.00
1.98
1.94
1.92
1.92
1.94
1.92
1.98
1.98
1.95
CorWatt	PkgWatt
129.58	335.48
2.09	169.05
2.12
2.10
2.06
2.10
2.08
2.09
2.08
2.01
2.03
2.00
2.03
2.04
2.05
2.04
2.04
2.07
2.11
2.09
2.07
2.11
2.12
2.10
2.10
2.06
2.09
2.07
2.08
2.04
2.05
2.07
2.06
1.99	166.41
2.00
1.99
1.99
2.02
1.98
2.00
2.24
2.00
1.99
1.95
1.92
2.01
1.98
2.02
1.96
1.91
1.93
1.94
1.88
2.02
2.01
2.01
1.99
1.95
1.94
1.93
1.94
1.93
1.98
1.98
1.96
CorWatt	PkgWatt
129.59	335.32
2.16	169.20
2.12
2.10
2.06
2.09
2.07
2.09
2.08
2.01
2.03
2.01
2.03
2.05
2.05
2.04
2.04
2.07
2.11
2.10
2.08
2.11
2.13
2.11
2.10
2.06
2.09
2.07
2.08
2.03
2.05
2.07
2.05
1.99	166.13
2.00
1.99
1.99
2.01
1.97
2.00
2.02
2.15
1.99
1.96
1.93
2.01
1.98
2.02
1.96
1.91
1.92
1.94
1.88
2.02
2.01
2.01
1.99
1.95
1.94
1.93
1.94
1.93
1.99
1.98
1.96
CorWatt	PkgWatt
129.61	335.55
2.38	169.45
2.12
2.10
2.07
2.09
2.07
2.10
2.08
2.01
2.03
2.01
2.03
2.04
2.05
2.04
2.04
2.07
2.11
2.10
2.08
2.11
2.13
2.11
2.10
2.07
2.09
2.07
2.08
2.03
2.05
2.07
2.06
1.99	166.08
2.00
1.99
1.99
2.01
1.97
1.99
1.96
2.00
1.99
1.96
1.92
2.01
1.97
2.02
1.96
1.91
1.93
1.94
1.88
2.02
2.01
2.01
1.99
1.95
1.94
1.93
1.94
1.93
1.98
1.98
1.96
CorWatt	PkgWatt
129.47	335.17
2.16	169.22
2.12
2.10
2.07
2.10
2.08
2.31
2.08
2.01
2.03
2.00
2.03
2.04
2.05
2.04
2.04
2.07
2.10
2.09
2.07
2.11
2.12
2.11
2.10
2.06
2.09
2.07
2.08
2.03
2.05
2.07
2.06
1.99	165.95
2.00
1.99
1.98
2.01
1.97
1.99
1.95
1.99
1.99
1.95
1.92
2.01
1.98
2.02
1.96
1.91
1.93
1.94
1.88
2.02
2.00
2.00
1.98
1.94
1.93
1.93
1.94
1.92
1.98
1.97
1.96
CorWatt	PkgWatt
129.85	335.70
2.05	167.64
2.28
2.05
2.02
2.05
2.03
2.12
2.03
1.97
1.97
1.94
1.96
2.00
2.00
1.99
1.99
2.00
2.03
2.02
2.00
2.06
2.06
2.04
2.02
2.01
2.03
2.00
2.01
1.97
2.00
2.02
2.00
2.04	168.12
2.04
2.06
2.06
2.07
2.03
2.06
2.02
2.06
2.04
2.02
1.98
2.06
2.02
2.07
2.01
1.98
2.00
2.03
1.96
2.08
2.07
2.06
2.06
2.02
2.02
2.02
2.03
1.99
2.06
2.06
2.04
CorWatt	PkgWatt
130.09	336.22
2.04	167.26
2.35
2.04
2.00
2.04
2.03
2.04
2.02
1.96
1.97
1.94
1.96
1.99
1.99
1.98
1.98
1.99
2.01
2.00
1.97
2.04
2.04
2.02
2.01
2.00
2.01
1.99
2.00
1.97
1.99
2.01
1.99
2.06	168.87
2.07
2.08
2.08
2.09
2.04
2.07
2.04
2.07
2.05
2.03
1.99
2.07
2.04
2.09
2.03
2.00
2.04
2.05
1.99
2.10
2.09
2.09
2.09
2.04
2.04
2.04
2.05
2.00
2.07
2.08
2.06
CorWatt	PkgWatt
129.91	335.63
2.03	166.99
2.14
2.04
2.00
2.04
2.03
2.04
2.02
1.96
1.96
1.93
1.96
1.99
1.99
1.98
1.98
1.98
2.01
2.00
1.98
2.03
2.05
2.02
2.01
2.00
2.01
1.99
2.00
1.97
1.99
2.01
1.99
2.05	168.73
2.07
2.07
2.08
2.09
2.04
2.07
2.04
2.21
2.06
2.04
2.00
2.07
2.04
2.09
2.03
2.00
2.04
2.05
1.98
2.10
2.08
2.09
2.08
2.04
2.03
2.04
2.05
2.00
2.07
2.08
2.05
CorWatt	PkgWatt
129.88	335.75
2.03	167.28
2.26
2.04
2.00
2.05
2.03
2.04
2.03
1.96
1.97
1.94
1.96
1.99
1.99
1.98
1.98
1.99
2.01
2.00
2.02
2.04
2.05
2.02
2.01
2.00
2.02
1.99
2.00
1.97
1.99
2.01
1.99
2.06	168.43
2.07
2.08
2.08
2.09
2.04
2.07
2.04
1.93
2.06
2.05
2.00
2.07
1.99
2.09
2.03
2.00
2.04
2.05
1.98
2.10
2.08
2.09
2.08
2.04
2.04
2.04
2.05
2.00
2.07
2.08
2.05
CorWatt	PkgWatt
129.93	335.64
2.09	167.18
2.29
2.04
2.00
2.05
2.03
2.04
2.03
1.96
1.97
1.93
1.96
1.99
1.99
1.98
1.97
1.98
2.01
2.00
1.98
2.03
2.04
2.02
2.01
2.00
2.01
1.99
2.00
1.97
1.99
2.00
1.99
2.05	168.40
2.07
2.07
2.08
2.08
2.04
2.07
2.04
2.06
2.05
2.03
1.99
2.07
2.03
2.08
2.03
2.00
2.03
2.05
1.98
2.10
2.08
2.08
2.08
2.03
2.03
2.04
2.04
2.00
2.07
2.07
2.05
CorWatt	PkgWatt
129.71	335.58
2.26	167.00
2.10
2.03
2.00
2.04
2.02
2.03
2.03
1.95
1.97
1.94
1.96
1.98
1.98
1.98
1.97
1.98
2.01
2.01
1.98
2.02
2.03
2.01
2.01
1.99
2.01
1.99
2.00
1.96
1.97
1.98
1.98
2.05	168.61
2.07
2.08
2.08
2.08
2.03
2.07
2.04
2.06
2.04
2.03
1.99
2.07
2.02
2.07
2.03
2.00
2.03
2.05
1.98
2.10
2.08
2.08
2.09
2.03
2.01
2.03
2.04
2.00
2.06
2.08
2.05
CorWatt	PkgWatt
129.67	335.31
2.02	167.10
2.33
2.04
2.00
2.04
2.02
2.03
2.03
1.94
1.96
1.94
1.96
1.98
1.98
1.98
1.97
1.98
2.01
2.01
1.99
2.02
2.03
2.02
2.02
1.99
2.01
2.00
2.01
1.96
1.96
1.98
1.98
2.06	168.44
2.06
2.08
2.08
2.09
2.03
2.07
2.04
2.06
2.04
2.03
1.99
2.07
2.03
2.07
2.03
2.00
2.03
2.04
1.98
2.10
2.08
2.08
2.09
2.03
2.01
2.04
2.05
2.00
2.06
2.08
2.06
CorWatt	PkgWatt
129.81	335.80
2.01	166.94
2.17
2.03
1.99
2.04
2.02
2.03
2.03
1.95
1.97
1.94
1.96
1.98
1.98
1.98
1.98
1.98
2.01
2.01
1.99
2.02
2.03
2.02
2.02
1.99
2.01
2.00
2.01
1.97
1.97
1.98
1.98
2.05	168.62
2.06
2.08
2.08
2.08
2.03
2.07
2.04
2.20
2.04
2.03
1.99
2.07
2.03
2.07
2.03
2.00
2.03
2.04
1.98
2.10
2.08
2.08
2.09
2.03
2.01
2.04
2.04
2.00
2.06
2.08
2.05
CorWatt	PkgWatt
66.20	255.85
1.31	128.45
1.31
1.18
1.05
1.01
1.01
0.93
1.14
1.06
1.07
0.84
1.01
0.99
1.08
1.01
0.98
0.96
0.93
1.07
1.17
1.19
0.93
1.02
0.90
1.08
1.23
0.97
0.94
1.28
1.13
1.22
1.07
0.96	127.73
1.08
0.97
1.05
1.09
0.93
1.03
1.05
1.21
1.16
1.00
1.03
1.02
0.99
1.05
0.98
1.00
0.90
1.04
0.96
1.11
0.90
1.07
1.04
0.88
1.01
0.96
0.93
0.90
0.94
0.99
0.97
CorWatt	PkgWatt
7.41	158.73
0.13	79.47
0.13
0.13
0.13
0.13
0.13
0.13
0.13
0.11
0.11
0.11
0.11
0.11
0.11
0.11
0.11
0.13
0.13
0.13
0.13
0.14
0.13
0.13
0.13
0.12
0.12
0.12
0.12
0.11
0.11
0.12
0.11
0.11	79.21
0.11
0.11
0.11
0.11
0.11
0.12
0.11
0.11
0.11
0.11
0.11
0.10
0.10
0.10
0.10
0.11
0.11
0.11
0.11
0.12
0.12
0.12
0.12
0.11
0.11
0.11
0.11
0.11
0.11
0.11
0.11
CorWatt	PkgWatt
18.58	170.55
0.32	85.37
0.32
0.31
0.31
0.30
0.28
0.31
0.26
0.29
0.29
0.28
0.27
0.29
0.29
0.29
0.29
0.30
0.31
0.28
0.32
0.33
0.32
0.29
0.29
0.30
0.27
0.28
0.30
0.29
0.27
0.28
0.29
0.29	85.17
0.29
0.30
0.29
0.30
0.29
0.31
0.29
0.28
0.30
0.26
0.29
0.28
0.29
0.28
0.27
0.29
0.30
0.29
0.28
0.30
0.28
0.30
0.29
0.28
0.28
0.29
0.30
0.26
0.26
0.26
0.29
CorWatt	PkgWatt
95.25	292.68
1.52	145.92
1.52
1.49
1.44
1.53
1.47
1.56
1.53
1.43
1.48
1.38
1.56
1.42
1.50
1.44
1.41
1.44
1.50
1.54
1.50
1.52
1.45
1.49
1.52
1.45
1.48
1.45
1.51
1.42
1.42
1.47
1.50
1.61	146.74
1.49
1.50
1.51
1.50
1.50
1.56
1.52
1.47
1.50
1.47
1.43
1.46
1.50
1.48
1.48
1.44
1.50
1.50
1.45
1.58
1.55
1.54
1.54
1.45
1.44
1.45
1.48
1.46
1.53
1.49
1.51
CorWatt	PkgWatt
152.71	391.57
2.37	193.18
2.36
2.39
2.29
2.49
2.40
2.50
2.46
2.17
2.29
2.17
2.39
2.29
2.24
2.32
2.28
2.36
2.38
2.43
2.41
2.27
2.27
2.28
2.26
2.42
2.28
2.33
2.25
2.28
2.37
2.37
2.32
2.46	198.11
2.46
2.47
2.46
2.51
2.43
2.44
2.40
2.41
2.43
2.40
2.32
2.42
2.45
2.47
2.46
2.39
2.42
2.45
2.32
2.49
2.50
2.49
2.47
2.44
2.36
2.44
2.43
2.39
2.46
2.47
2.48
