CorWatt	PkgWatt
4.83	153.67
0.09	77.26
0.10
0.09
0.09
0.09
0.09
0.08
0.08
0.07
0.07
0.07
0.07
0.08
0.07
0.07
0.07
0.09
0.09
0.09
0.09
0.10
0.08
0.08
0.08
0.08
0.08
0.08
0.08
0.08
0.08
0.08
0.16
0.07	76.44
0.07
0.07
0.07
0.07
0.07
0.07
0.07
0.06
0.06
0.06
0.06
0.07
0.06
0.06
0.06
0.07
0.07
0.06
0.07
0.07
0.07
0.07
0.07
0.08
0.07
0.07
0.07
0.07
0.06
0.06
0.07
CorWatt	PkgWatt
4.77	152.62
0.09	76.54
0.11
0.09
0.09
0.08
0.12
0.08
0.09
0.09
0.08
0.07
0.09
0.08
0.07
0.07
0.08
0.09
0.13
0.09
0.08
0.10
0.08
0.08
0.08
0.08
0.07
0.08
0.07
0.08
0.07
0.07
0.07
0.06	75.98
0.06
0.06
0.06
0.06
0.06
0.06
0.06
0.06
0.06
0.06
0.06
0.06
0.06
0.06
0.06
0.06
0.06
0.06
0.06
0.06
0.06
0.06
0.06
0.07
0.06
0.07
0.06
0.06
0.11
0.07
0.11
CorWatt	PkgWatt
9.37	163.21
0.31	83.33
0.30
0.28
0.52
0.11
0.26
0.10
0.26
0.09
0.21
0.23
0.09
0.15
0.20
0.22
0.09
0.10
0.27
0.19
0.10
0.26
0.22
0.10
0.10
0.24
0.09
0.25
0.09
0.20
0.11
0.27
0.09
0.14	80.12
0.09
0.10
0.19
0.11
0.09
0.08
0.09
0.09
0.09
0.08
0.11
0.08
0.08
0.08
0.10
0.10
0.12
0.11
0.13
0.15
0.10
0.13
0.13
0.09
0.08
0.09
0.10
0.09
0.10
0.08
0.09
CorWatt	PkgWatt
4.28	151.02
0.09	75.43
0.09
0.08
0.08
0.07
0.08
0.08
0.07
0.06
0.06
0.06
0.06
0.06
0.07
0.06
0.06
0.08
0.08
0.08
0.08
0.08
0.07
0.07
0.07
0.07
0.07
0.07
0.07
0.06
0.06
0.06
0.06
0.06	75.44
0.06
0.06
0.06
0.06
0.06
0.06
0.06
0.06
0.06
0.06
0.07
0.06
0.06
0.06
0.06
0.06
0.06
0.07
0.07
0.07
0.06
0.07
0.06
0.07
0.06
0.06
0.06
0.06
0.06
0.06
0.06
CorWatt	PkgWatt
4.53	151.39
0.09	75.63
0.09
0.08
0.08
0.08
0.08
0.08
0.08
0.07
0.07
0.06
0.07
0.07
0.07
0.07
0.07
0.08
0.08
0.08
0.08
0.08
0.08
0.08
0.07
0.07
0.07
0.07
0.07
0.07
0.07
0.07
0.07
0.07	75.72
0.07
0.07
0.07
0.07
0.07
0.07
0.07
0.06
0.06
0.06
0.06
0.06
0.06
0.06
0.06
0.07
0.07
0.08
0.07
0.07
0.07
0.07
0.07
0.07
0.07
0.07
0.07
0.06
0.07
0.06
0.07
CorWatt	PkgWatt
5.53	155.75
0.15	78.61
0.15
0.15
0.15
0.11
0.11
0.11
0.11
0.09
0.10
0.09
0.10
0.10
0.10
0.09
0.09
0.11
0.11
0.11
0.11
0.11
0.11
0.11
0.11
0.10
0.10
0.10
0.10
0.09
0.09
0.09
0.09
0.07	77.36
0.06
0.06
0.06
0.07
0.06
0.06
0.06
0.06
0.07
0.08
0.06
0.06
0.06
0.06
0.06
0.07
0.06
0.07
0.07
0.07
0.07
0.07
0.07
0.07
0.06
0.06
0.06
0.07
0.06
0.06
0.06
CorWatt	PkgWatt
4.22	150.95
0.08	75.42
0.09
0.08
0.08
0.07
0.07
0.07
0.07
0.06
0.06
0.06
0.06
0.07
0.06
0.06
0.06
0.08
0.08
0.08
0.08
0.08
0.07
0.07
0.07
0.07
0.07
0.06
0.07
0.06
0.06
0.06
0.06
0.06	75.37
0.06
0.06
0.06
0.06
0.06
0.06
0.06
0.06
0.06
0.06
0.06
0.06
0.06
0.06
0.06
0.06
0.06
0.07
0.06
0.07
0.06
0.07
0.06
0.07
0.06
0.06
0.06
0.06
0.06
0.06
0.06
CorWatt	PkgWatt
4.40	151.27
0.09	75.88
0.09
0.09
0.09
0.08
0.08
0.08
0.08
0.07
0.07
0.14
0.07
0.07
0.07
0.07
0.06
0.08
0.08
0.08
0.08
0.08
0.07
0.08
0.07
0.08
0.07
0.07
0.07
0.07
0.06
0.06
0.06
0.06	75.39
0.06
0.06
0.06
0.06
0.06
0.06
0.06
0.06
0.06
0.06
0.06
0.06
0.06
0.06
0.06
0.06
0.06
0.07
0.06
0.06
0.06
0.06
0.06
0.07
0.06
0.06
0.06
0.06
0.06
0.06
0.06
CorWatt	PkgWatt
4.59	150.90
0.08	75.60
0.09
0.08
0.08
0.08
0.08
0.08
0.08
0.07
0.07
0.07
0.07
0.07
0.07
0.07
0.07
0.08
0.08
0.08
0.08
0.09
0.08
0.08
0.08
0.07
0.07
0.07
0.07
0.07
0.07
0.07
0.07
0.07	75.39
0.06
0.06
0.06
0.07
0.07
0.07
0.07
0.06
0.06
0.06
0.07
0.06
0.06
0.06
0.06
0.07
0.07
0.07
0.07
0.07
0.07
0.07
0.07
0.07
0.07
0.07
0.07
0.07
0.07
0.06
0.07
