CorWatt	PkgWatt
4.54	151.25
0.08	75.64
0.09
0.08
0.08
0.09
0.08
0.08
0.08
0.07
0.07
0.07
0.07
0.07
0.07
0.06
0.07
0.08
0.08
0.08
0.08
0.08
0.08
0.08
0.08
0.07
0.07
0.07
0.07
0.07
0.07
0.07
0.07
0.07	75.67
0.07
0.07
0.07
0.07
0.07
0.06
0.07
0.07
0.06
0.06
0.06
0.06
0.06
0.06
0.06
0.07
0.06
0.06
0.06
0.07
0.07
0.07
0.08
0.07
0.07
0.07
0.07
0.06
0.07
0.06
0.08
CorWatt	PkgWatt
4.71	151.56
0.09	76.03
0.11
0.09
0.09
0.08
0.08
0.10
0.08
0.07
0.07
0.07
0.08
0.08
0.07
0.07
0.08
0.10
0.09
0.08
0.09
0.10
0.08
0.17
0.08
0.07
0.09
0.08
0.07
0.07
0.07
0.07
0.08
0.06	75.43
0.06
0.06
0.06
0.06
0.06
0.06
0.06
0.07
0.06
0.06
0.06
0.06
0.06
0.06
0.06
0.06
0.06
0.06
0.06
0.08
0.07
0.07
0.07
0.07
0.06
0.06
0.06
0.06
0.06
0.06
0.06
CorWatt	PkgWatt
7.37	162.94
0.14	82.09
0.15
0.13
0.11
0.10
0.11
0.11
0.12
0.12
0.15
0.09
0.10
0.10
0.10
0.08
0.09
0.16
0.13
0.16
0.13
0.18
0.12
0.12
0.21
0.10
0.11
0.16
0.12
0.10
0.11
0.09
0.12
0.10	80.99
0.09
0.08
0.12
0.11
0.10
0.08
0.14
0.14
0.10
0.10
0.08
0.10
0.09
0.08
0.09
0.14
0.15
0.14
0.10
0.11
0.12
0.11
0.16
0.13
0.11
0.09
0.09
0.08
0.10
0.09
0.13
CorWatt	PkgWatt
4.87	152.00
0.10	76.09
0.09
0.10
0.09
0.08
0.08
0.08
0.08
0.07
0.07
0.07
0.07
0.07
0.07
0.07
0.07
0.10
0.09
0.09
0.09
0.09
0.09
0.09
0.09
0.08
0.08
0.08
0.08
0.07
0.07
0.07
0.07
0.07	75.82
0.07
0.07
0.07
0.07
0.07
0.07
0.07
0.08
0.07
0.07
0.08
0.06
0.06
0.06
0.06
0.09
0.08
0.09
0.07
0.07
0.07
0.07
0.07
0.08
0.07
0.07
0.07
0.06
0.06
0.06
0.07
