CorWatt	PkgWatt
15.30	127.15
0.56	127.15
0.45
0.46
0.45
0.51
0.52
0.52
0.49
0.57
0.44
0.44
0.45
0.55
0.53
0.52
0.55
0.45
0.48
0.48
0.49
0.43
0.45
0.42
0.42
0.39
0.39
0.38
0.41
0.54
0.52
0.52
0.54
CorWatt	PkgWatt
14.39	126.27
0.51	126.40
0.42
0.45
0.42
0.50
0.48
0.48
0.47
0.45
0.42
0.38
0.40
0.55
0.50
0.49
0.54
0.48
0.46
0.44
0.47
0.39
0.42
0.39
0.40
0.36
0.37
0.37
0.37
0.51
0.50
0.49
0.51
CorWatt	PkgWatt
61.59	175.86
1.06	175.78
1.94
1.99
1.97
2.05
2.06
2.10
2.22
1.87
1.83
1.86
1.84
1.96
1.93
1.95
1.99
1.93
1.95
3.13
1.81
1.90
1.89
1.79
1.73
1.86
1.89
1.71
1.71
2.02
1.97
1.82
1.82
CorWatt	PkgWatt
50.47	164.38
0.63	164.34
1.61
1.61
1.59
1.66
1.69
1.66
1.60
1.62
1.57
1.57
1.55
1.69
1.65
1.73
1.70
1.62
1.61
2.21
1.52
1.55
1.60
1.43
1.38
1.58
1.54
1.40
1.38
1.70
1.68
1.55
1.57
