CorWatt	PkgWatt
4.76	151.82
0.09	76.30
0.09
0.09
0.09
0.08
0.09
0.09
0.08
0.08
0.08
0.08
0.08
0.08
0.08
0.08
0.08
0.09
0.08
0.09
0.09
0.10
0.09
0.09
0.09
0.08
0.08
0.08
0.08
0.09
0.09
0.08
0.08
0.07	75.54
0.07
0.07
0.07
0.07
0.07
0.07
0.07
0.06
0.06
0.06
0.06
0.06
0.06
0.06
0.06
0.07
0.07
0.06
0.07
0.07
0.07
0.07
0.07
0.06
0.07
0.06
0.06
0.06
0.06
0.06
0.06
CorWatt	PkgWatt
4.54	151.27
0.08	76.12
0.09
0.08
0.08
0.08
0.08
0.10
0.08
0.08
0.09
0.07
0.08
0.07
0.16
0.07
0.08
0.08
0.08
0.09
0.09
0.09
0.08
0.09
0.09
0.08
0.08
0.09
0.08
0.10
0.08
0.08
0.08
0.06	75.14
0.06
0.06
0.06
0.06
0.06
0.06
0.06
0.05
0.05
0.05
0.05
0.05
0.05
0.05
0.05
0.06
0.06
0.05
0.06
0.07
0.06
0.06
0.07
0.06
0.06
0.05
0.05
0.05
0.05
0.05
0.05
