CorWatt	PkgWatt
15.04	127.28
0.52	127.27
0.45
0.51
0.44
0.51
0.52
0.51
0.50
0.39
0.53
0.42
0.40
0.52
0.53
0.58
0.53
0.50
0.47
0.46
0.47
0.41
0.41
0.40
0.39
0.44
0.36
0.39
0.37
0.55
0.53
0.51
0.51
CorWatt	PkgWatt
14.47	126.64
0.57	126.63
0.43
0.50
0.44
0.49
0.49
0.50
0.49
0.37
0.45
0.40
0.37
0.51
0.50
0.56
0.52
0.49
0.45
0.44
0.47
0.38
0.38
0.38
0.39
0.39
0.36
0.42
0.36
0.51
0.50
0.50
0.49
CorWatt	PkgWatt
61.33	174.62
1.01	174.79
1.94
1.96
1.89
1.91
1.98
1.80
1.88
1.89
1.89
1.92
1.86
2.00
2.04
1.99
2.02
1.96
1.91
1.86
1.82
1.96
1.99
1.80
1.79
1.86
1.80
1.63
1.66
2.02
3.36
1.87
2.08
CorWatt	PkgWatt
50.66	164.07
0.68	163.99
1.62
1.63
1.62
1.66
1.70
1.67
1.62
1.56
1.57
1.58
1.53
1.69
1.68
1.77
1.73
1.68
1.62
1.47
1.50
1.56
1.56
1.43
1.38
1.54
1.51
1.38
1.39
1.71
2.47
1.59
1.54
