CorWatt	PkgWatt
15.15	127.47
0.53	127.47
0.52
0.56
0.46
0.50
0.56
0.55
0.52
0.39
0.43
0.42
0.43
0.51
0.51
0.51
0.52
0.47
0.49
0.47
0.46
0.43
0.39
0.39
0.42
0.39
0.40
0.38
0.40
0.53
0.56
0.52
0.54
CorWatt	PkgWatt
14.93	126.98
0.56	127.17
0.52
0.48
0.44
0.54
0.52
0.52
0.50
0.41
0.43
0.38
0.41
0.55
0.51
0.52
0.51
0.46
0.48
0.45
0.46
0.44
0.41
0.41
0.42
0.39
0.36
0.38
0.37
0.54
0.51
0.51
0.53
CorWatt	PkgWatt
20.87	133.18
0.71	133.03
0.72
0.66
0.67
0.76
0.67
0.79
0.67
0.61
0.60
0.59
0.72
0.72
0.69
0.73
0.83
0.62
0.56
0.56
0.67
0.55
0.58
0.66
0.61
0.52
0.58
0.51
0.52
0.69
0.67
0.72
0.74
CorWatt	PkgWatt
16.03	128.13
0.54	128.11
0.53
0.50
0.52
0.53
0.54
0.54
0.56
0.45
0.52
0.43
0.48
0.58
0.65
0.60
0.60
0.50
0.50
0.46
0.47
0.43
0.39
0.43
0.46
0.41
0.45
0.39
0.40
0.55
0.55
0.53
0.57
CorWatt	PkgWatt
15.77	128.15
0.55	128.14
0.51
0.46
0.53
0.52
0.54
0.54
0.54
0.43
0.49
0.41
0.42
0.62
0.55
0.52
0.54
0.45
0.54
0.51
0.51
0.44
0.44
0.42
0.53
0.39
0.42
0.41
0.36
0.55
0.54
0.52
0.55
CorWatt	PkgWatt
16.92	129.04
0.58	129.06
0.56
0.56
0.51
0.56
0.59
0.63
0.60
0.47
0.55
0.48
0.49
0.53
0.53
0.51
0.55
0.53
0.56
0.53
0.54
0.48
0.50
0.49
0.51
0.43
0.49
0.43
0.41
0.58
0.58
0.55
0.61
CorWatt	PkgWatt
15.51	127.54
0.50	127.52
0.51
0.47
0.49
0.49
0.51
0.54
0.51
0.42
0.47
0.38
0.39
0.55
0.50
0.51
0.59
0.49
0.52
0.51
0.51
0.45
0.44
0.42
0.55
0.38
0.43
0.40
0.35
0.57
0.56
0.56
0.58
CorWatt	PkgWatt
15.42	127.75
0.52	127.75
0.52
0.50
0.51
0.50
0.51
0.50
0.51
0.38
0.48
0.38
0.42
0.52
0.57
0.53
0.58
0.50
0.53
0.50
0.47
0.42
0.43
0.40
0.52
0.39
0.41
0.39
0.37
0.53
0.57
0.50
0.55
CorWatt	PkgWatt
15.47	127.47
0.54	127.47
0.54
0.49
0.54
0.48
0.54
0.55
0.53
0.39
0.47
0.37
0.37
0.56
0.50
0.51
0.56
0.48
0.51
0.48
0.48
0.41
0.41
0.38
0.43
0.39
0.48
0.43
0.38
0.58
0.54
0.54
0.60
CorWatt	PkgWatt
15.42	127.61
0.51	127.61
0.53
0.49
0.51
0.51
0.53
0.53
0.49
0.39
0.45
0.37
0.38
0.54
0.51
0.51
0.53
0.52
0.54
0.49
0.57
0.44
0.45
0.43
0.46
0.37
0.40
0.36
0.36
0.56
0.56
0.55
0.59
CorWatt	PkgWatt
15.37	127.36
0.58	127.36
0.56
0.50
0.49
0.52
0.57
0.57
0.56
0.38
0.47
0.38
0.37
0.55
0.50
0.51
0.54
0.46
0.52
0.45
0.46
0.42
0.43
0.41
0.46
0.38
0.41
0.39
0.38
0.53
0.54
0.52
0.57
CorWatt	PkgWatt
15.36	127.46
0.50	127.47
0.52
0.46
0.50
0.54
0.51
0.49
0.48
0.41
0.48
0.39
0.41
0.55
0.54
0.53
0.55
0.49
0.53
0.52
0.51
0.45
0.42
0.42
0.55
0.39
0.41
0.36
0.35
0.55
0.51
0.50
0.57
CorWatt	PkgWatt
19.09	130.27
0.63	130.28
0.58
0.61
0.55
0.55
0.56
0.51
0.49
0.61
0.58
0.54
0.61
0.79
0.68
0.76
0.78
0.61
0.65
0.64
0.65
0.52
0.55
0.57
0.57
0.49
0.48
0.51
0.49
0.61
0.67
0.59
0.63
