CorWatt	PkgWatt
4.50	154.12
0.09	77.19
0.09
0.10
0.12
0.09
0.09
0.08
0.08
0.07
0.07
0.06
0.07
0.07
0.07
0.06
0.06
0.08
0.08
0.08
0.08
0.09
0.08
0.08
0.08
0.07
0.07
0.07
0.07
0.07
0.07
0.07
0.07
0.06	76.63
0.07
0.06
0.06
0.07
0.08
0.06
0.06
0.06
0.06
0.06
0.06
0.06
0.06
0.06
0.06
0.07
0.06
0.06
0.07
0.07
0.06
0.07
0.06
0.06
0.06
0.06
0.06
0.06
0.06
0.06
0.06
CorWatt	PkgWatt
4.75	152.10
0.09	76.15
0.08
0.09
0.08
0.08
0.08
0.08
0.08
0.07
0.07
0.13
0.07
0.06
0.06
0.06
0.06
0.08
0.08
0.08
0.08
0.08
0.08
0.07
0.07
0.07
0.07
0.07
0.07
0.07
0.07
0.06
0.07
0.08	76.15
0.08
0.07
0.07
0.07
0.09
0.07
0.07
0.08
0.06
0.06
0.06
0.06
0.07
0.07
0.06
0.08
0.07
0.07
0.11
0.08
0.07
0.07
0.09
0.07
0.07
0.12
0.07
0.07
0.07
0.07
0.07
CorWatt	PkgWatt
13.13	176.70
0.25	86.69
0.20
0.28
0.22
0.15
0.12
0.13
0.23
0.21
0.10
0.10
0.15
0.21
0.12
0.12
0.18
0.24
0.12
0.11
0.18
0.25
0.13
0.12
0.23
0.20
0.13
0.11
0.15
0.12
0.12
0.10
0.20
0.18	89.86
0.22
0.21
0.34
0.44
0.26
0.30
0.34
0.33
0.22
0.14
0.21
0.18
0.18
0.25
0.22
0.25
0.25
0.22
0.19
0.24
0.26
0.28
0.22
0.18
0.33
0.24
0.24
0.29
0.20
0.16
0.26
CorWatt	PkgWatt
5.35	156.30
0.14	78.70
0.10
0.12
0.11
0.13
0.11
0.10
0.09
0.08
0.08
0.08
0.09
0.09
0.09
0.08
0.09
0.09
0.09
0.09
0.15
0.12
0.09
0.09
0.09
0.09
0.09
0.09
0.10
0.08
0.09
0.08
0.08
0.07	77.56
0.07
0.07
0.07
0.07
0.07
0.09
0.08
0.07
0.07
0.06
0.08
0.07
0.07
0.07
0.07
0.07
0.07
0.07
0.08
0.07
0.09
0.08
0.07
0.07
0.06
0.06
0.07
0.06
0.06
0.06
0.07
CorWatt	PkgWatt
5.07	155.93
0.10	77.92
0.09
0.09
0.10
0.08
0.09
0.08
0.08
0.07
0.07
0.08
0.07
0.07
0.07
0.07
0.07
0.08
0.08
0.08
0.08
0.09
0.08
0.08
0.08
0.07
0.08
0.07
0.07
0.07
0.07
0.07
0.07
0.07	77.98
0.09
0.07
0.07
0.13
0.08
0.08
0.08
0.07
0.08
0.07
0.07
0.07
0.07
0.08
0.07
0.08
0.08
0.07
0.09
0.07
0.09
0.08
0.08
0.08
0.07
0.07
0.11
0.10
0.08
0.08
0.08
CorWatt	PkgWatt
6.74	162.28
0.14	81.27
0.13
0.13
0.14
0.12
0.12
0.11
0.12
0.09
0.09
0.09
0.08
0.11
0.11
0.11
0.11
0.11
0.10
0.10
0.11
0.12
0.11
0.10
0.12
0.11
0.10
0.09
0.09
0.09
0.09
0.09
0.09
0.10	81.16
0.11
0.10
0.10
0.09
0.12
0.10
0.09
0.09
0.14
0.11
0.09
0.09
0.08
0.09
0.11
0.10
0.10
0.10
0.12
0.10
0.12
0.11
0.11
0.13
0.10
0.09
0.13
0.11
0.10
0.09
0.11
CorWatt	PkgWatt
5.30	154.63
0.10	76.60
0.10
0.09
0.11
0.09
0.09
0.09
0.09
0.08
0.08
0.08
0.08
0.07
0.07
0.07
0.07
0.09
0.09
0.09
0.09
0.10
0.09
0.09
0.09
0.08
0.08
0.08
0.08
0.08
0.08
0.08
0.07
0.08	77.96
0.07
0.07
0.09
0.08
0.08
0.12
0.08
0.07
0.08
0.07
0.07
0.07
0.07
0.08
0.07
0.08
0.07
0.07
0.09
0.09
0.09
0.09
0.10
0.11
0.07
0.07
0.11
0.07
0.07
0.07
0.08
CorWatt	PkgWatt
5.16	156.18
0.12	78.60
0.11
0.10
0.10
0.09
0.11
0.09
0.10
0.12
0.11
0.08
0.08
0.08
0.08
0.08
0.08
0.09
0.09
0.09
0.10
0.11
0.09
0.09
0.09
0.08
0.08
0.08
0.09
0.09
0.08
0.07
0.07
0.07	77.52
0.10
0.08
0.07
0.07
0.07
0.07
0.08
0.06
0.07
0.06
0.07
0.06
0.06
0.06
0.06
0.07
0.07
0.07
0.07
0.08
0.08
0.08
0.09
0.07
0.07
0.06
0.06
0.06
0.06
0.06
0.07
CorWatt	PkgWatt
4.85	153.54
0.10	77.61
0.09
0.09
0.09
0.08
0.08
0.08
0.08
0.07
0.07
0.07
0.07
0.07
0.07
0.07
0.07
0.08
0.08
0.08
0.08
0.10
0.08
0.08
0.08
0.07
0.07
0.07
0.07
0.07
0.07
0.07
0.07
0.07	75.92
0.07
0.08
0.07
0.08
0.07
0.07
0.08
0.07
0.07
0.06
0.11
0.06
0.06
0.06
0.08
0.07
0.07
0.07
0.09
0.07
0.07
0.08
0.08
0.14
0.07
0.07
0.07
0.07
0.06
0.08
0.07
CorWatt	PkgWatt
5.27	155.98
0.11	78.18
0.09
0.09
0.10
0.08
0.09
0.09
0.08
0.07
0.07
0.07
0.08
0.07
0.08
0.07
0.08
0.09
0.08
0.09
0.09
0.10
0.09
0.09
0.09
0.08
0.09
0.08
0.08
0.07
0.07
0.08
0.08
0.08	77.89
0.08
0.08
0.12
0.07
0.07
0.07
0.09
0.07
0.08
0.07
0.08
0.07
0.07
0.07
0.08
0.09
0.08
0.08
0.14
0.09
0.10
0.08
0.08
0.08
0.08
0.07
0.08
0.07
0.07
0.07
0.08
CorWatt	PkgWatt
5.43	156.41
0.11	78.28
0.10
0.10
0.10
0.09
0.09
0.09
0.09
0.08
0.08
0.14
0.08
0.08
0.07
0.07
0.07
0.09
0.09
0.09
0.09
0.11
0.09
0.09
0.09
0.08
0.08
0.08
0.08
0.08
0.08
0.08
0.08
0.07	78.05
0.07
0.09
0.07
0.08
0.07
0.07
0.09
0.07
0.08
0.07
0.07
0.07
0.07
0.07
0.13
0.08
0.07
0.09
0.08
0.08
0.09
0.08
0.09
0.08
0.07
0.12
0.08
0.08
0.09
0.07
0.10
CorWatt	PkgWatt
4.74	155.18
0.10	77.50
0.09
0.08
0.09
0.08
0.08
0.08
0.08
0.07
0.07
0.07
0.07
0.07
0.07
0.06
0.06
0.08
0.08
0.08
0.08
0.09
0.08
0.08
0.08
0.07
0.07
0.07
0.07
0.07
0.07
0.07
0.07
0.07	77.66
0.09
0.07
0.07
0.08
0.08
0.07
0.12
0.06
0.07
0.07
0.06
0.06
0.06
0.06
0.08
0.10
0.07
0.07
0.11
0.08
0.07
0.07
0.08
0.07
0.06
0.07
0.07
0.06
0.07
0.06
0.06
CorWatt	PkgWatt
6.41	159.29
0.12	79.93
0.10
0.09
0.10
0.09
0.09
0.09
0.09
0.08
0.08
0.08
0.08
0.07
0.07
0.07
0.07
0.09
0.09
0.09
0.09
0.11
0.09
0.09
0.09
0.08
0.08
0.08
0.08
0.07
0.08
0.08
0.07
0.09	79.43
0.10
0.10
0.18
0.09
0.15
0.10
0.09
0.08
0.12
0.13
0.11
0.10
0.15
0.09
0.10
0.10
0.14
0.13
0.14
0.12
0.10
0.11
0.12
0.10
0.12
0.11
0.12
0.16
0.10
0.10
0.13
