CorWatt	PkgWatt
294.18	480.62
4.70	243.25
4.40
4.88
4.50
4.60
4.82
4.67
4.57
4.51
4.64
4.35
4.63
4.63
4.54
4.75
4.54
4.74
4.46
4.77
4.76
4.96
4.70
4.73
4.63
4.77
4.39
4.68
4.71
4.77
4.80
4.60
4.84
4.42	239.54
4.74
4.62
4.83
4.43
4.47
4.54
4.53
4.18
4.26
4.48
4.49
4.59
4.39
4.76
4.47
4.48
4.47
4.38
4.69
4.51
4.62
4.47
4.32
4.57
4.35
4.66
4.35
4.49
4.43
4.73
4.42
CorWatt	PkgWatt
354.21	635.94
4.81	243.30
4.65
4.67
4.71
4.70
4.56
4.62
4.60
4.42
4.65
4.66
4.57
4.56
4.49
4.68
4.56
4.65
4.59
4.78
4.78
4.87
4.53
4.78
4.78
4.76
4.57
4.77
4.76
4.65
4.62
4.67
4.88
4.29	238.40
4.49
4.58
4.73
4.24
4.39
4.68
4.31
4.33
4.27
4.52
4.36
4.53
4.27
4.65
4.67
4.47
4.50
4.30
4.50
4.49
4.57
4.35
4.40
4.37
4.32
4.55
4.29
4.40
4.70
4.46
4.36
CorWatt	PkgWatt
271.23	462.04
4.50	227.97
4.21
4.48
4.35
4.60
4.72
4.61
4.57
4.42
3.13
4.25
3.60
4.49
4.32
4.51
4.53
4.59
3.75
4.53
4.60
3.72
3.17
3.42
3.35
3.55
4.31
4.46
4.51
3.73
4.14
4.27
3.79
4.29	234.13
4.53
4.40
4.46
4.13
4.22
4.33
4.32
4.30
4.16
4.56
4.39
4.32
4.24
4.54
4.27
4.22
4.39
4.13
4.55
4.57
4.38
4.41
4.46
4.48
4.40
4.45
4.18
4.13
4.29
4.03
3.54
CorWatt	PkgWatt
250.33	431.13
4.63	221.32
4.52
4.72
4.44
4.68
4.58
4.51
4.63
2.97
2.66
2.87
3.00
4.58
4.60
4.58
4.60
4.32
3.32
4.27
4.26
2.77
2.24
2.46
3.07
3.52
4.45
4.73
4.71
3.30
3.70
3.26
3.80
4.18	236.12
4.45
4.63
4.48
4.49
4.49
4.60
4.35
4.52
4.52
4.56
4.61
4.15
4.16
4.41
4.31
4.26
4.05
4.32
3.93
4.68
4.57
4.41
4.45
4.48
4.37
4.37
4.27
4.30
4.03
4.15
4.00
CorWatt	PkgWatt
250.46	418.93
4.41	217.93
4.45
4.52
4.53
4.57
4.00
4.38
4.38
2.44
2.51
2.55
2.93
4.36
4.26
4.36
4.32
4.15
3.82
4.32
4.14
2.48
2.41
2.36
2.67
3.49
4.21
4.50
4.30
3.99
3.92
3.59
4.05
4.49	240.10
4.71
4.46
4.85
4.41
4.48
4.65
4.41
4.33
4.53
4.61
4.53
4.59
4.50
4.73
4.56
4.38
4.15
4.42
4.30
4.73
4.50
4.60
4.10
4.40
4.48
4.46
4.27
4.44
4.50
4.70
4.50
CorWatt	PkgWatt
307.86	543.27
4.74	228.33
4.84
4.85
4.68
4.65
4.55
4.55
4.61
3.09
3.29
3.49
3.31
4.21
4.36
4.23
4.08
4.54
4.32
4.67
4.37
3.14
3.49
3.56
3.69
3.75
4.09
4.21
4.13
3.96
4.05
3.99
4.09
4.52	239.64
4.72
4.60
4.51
4.14
4.33
4.56
4.36
4.50
4.47
4.60
4.39
4.63
4.48
4.59
4.58
4.17
4.46
4.31
4.41
4.55
4.50
4.53
3.46
4.54
4.50
4.54
4.34
4.66
4.45
4.80
4.60
