CorWatt	PkgWatt
6.31	157.89
0.12	80.12
0.11
0.11
0.12
0.11
0.11
0.11
0.11
0.10
0.10
0.10
0.10
0.09
0.09
0.09
0.10
0.11
0.11
0.11
0.11
0.12
0.11
0.11
0.11
0.10
0.10
0.10
0.10
0.10
0.12
0.10
0.10
0.09	77.88
0.10
0.10
0.10
0.09
0.09
0.09
0.09
0.09
0.09
0.09
0.09
0.09
0.09
0.09
0.09
0.09
0.09
0.09
0.09
0.10
0.10
0.10
0.10
0.09
0.09
0.09
0.09
0.09
0.09
0.09
0.09
CorWatt	PkgWatt
6.61	156.73
0.12	78.34
0.11
0.11
0.12
0.11
0.11
0.11
0.11
0.10
0.10
0.10
0.10
0.10
0.10
0.10
0.10
0.11
0.11
0.11
0.11
0.12
0.11
0.11
0.11
0.10
0.10
0.10
0.10
0.10
0.10
0.10
0.10
0.18	78.27
0.10
0.10
0.10
0.10
0.10
0.10
0.13
0.10
0.09
0.09
0.09
0.09
0.09
0.10
0.09
0.11
0.10
0.09
0.09
0.10
0.10
0.11
0.11
0.09
0.09
0.09
0.11
0.09
0.09
0.10
0.11
CorWatt	PkgWatt
15.93	187.82
0.23	90.44
0.21
0.18
0.17
0.16
0.16
0.16
0.18
0.15
0.14
0.14
0.15
0.17
0.15
0.14
0.15
0.16
0.16
0.20
0.17
0.18
0.18
0.21
0.16
0.16
0.15
0.14
0.16
0.16
0.16
0.14
0.14
0.27	97.49
0.29
0.26
0.25
0.32
0.29
0.26
0.36
0.31
0.37
0.22
0.23
0.23
0.26
0.21
0.24
0.26
0.36
0.31
0.25
0.28
2.14
0.31
0.38
0.26
0.27
0.20
0.27
0.26
0.25
0.22
0.26
