CorWatt	PkgWatt
4.38	152.40
0.08	76.63
0.08
0.08
0.08
0.08
0.08
0.08
0.08
0.07
0.07
0.07
0.07
0.07
0.06
0.06
0.06
0.08
0.08
0.08
0.08
0.09
0.17
0.08
0.08
0.08
0.08
0.08
0.08
0.07
0.07
0.06
0.06
0.06	75.98
0.06
0.06
0.06
0.07
0.06
0.06
0.06
0.06
0.06
0.06
0.06
0.06
0.06
0.06
0.06
0.06
0.06
0.06
0.06
0.07
0.07
0.07
0.07
0.06
0.06
0.06
0.06
0.06
0.06
0.06
0.06
CorWatt	PkgWatt
4.61	155.56
0.08	77.78
0.08
0.08
0.08
0.08
0.07
0.08
0.08
0.06
0.06
0.06
0.06
0.07
0.08
0.07
0.07
0.08
0.08
0.07
0.08
0.09
0.08
0.08
0.08
0.07
0.07
0.07
0.07
0.06
0.06
0.06
0.06
0.07	77.92
0.08
0.07
0.07
0.13
0.07
0.07
0.06
0.06
0.06
0.09
0.11
0.06
0.07
0.06
0.06
0.06
0.06
0.06
0.07
0.08
0.08
0.09
0.08
0.07
0.06
0.06
0.08
0.07
0.08
0.06
0.06
CorWatt	PkgWatt
98.80	295.24
0.53	152.23
3.14
1.74
1.71
1.64
1.65
1.58
1.61
1.66
1.58
1.57
1.60
1.66
1.74
1.60
1.61
1.60
1.57
1.58
1.59
1.65
1.62
1.55
1.55
1.57
1.56
1.56
1.54
1.52
1.53
1.44
1.45
1.66	142.50
1.54
1.63
1.52
1.54
1.52
1.45
1.42
1.51
1.54
1.53
1.51
1.51
1.48
1.39
1.43
1.48
1.47
1.50
1.51
1.49
1.48
1.40
1.42
1.46
1.44
1.50
1.45
1.41
1.40
1.30
1.30
CorWatt	PkgWatt
127.83	341.58
0.30	175.87
3.05
2.37
2.29
2.20
2.21
2.10
2.14
2.21
2.14
2.14
2.17
2.18
2.15
2.07
2.06
2.14
2.09
2.12
2.10
2.09
2.09
1.96
1.96
2.09
2.07
2.08
2.06
2.03
2.05
1.89
1.91
2.06	166.71
2.05
2.03
1.98
2.08
2.04
1.89
1.88
2.03
2.03
2.01
2.04
2.03
2.03
1.84
1.83
1.96
1.94
1.95
1.94
1.96
1.95
1.80
1.81
1.90
1.87
1.88
1.88
1.85
1.84
1.67
1.64
