CorWatt	PkgWatt
16.12	128.49
0.54	128.50
0.53
0.49
0.48
0.52
0.52
0.52
0.50
0.44
0.46
0.44
0.48
0.55
0.61
0.53
0.57
0.52
0.54
0.52
0.52
0.55
0.48
0.45
0.44
0.40
0.38
0.41
0.41
0.61
0.54
0.58
0.58
CorWatt	PkgWatt
15.07	126.99
0.51	127.69
0.49
0.48
0.45
0.49
0.50
0.50
0.49
0.41
0.44
0.39
0.39
0.51
0.54
0.52
0.54
0.47
0.51
0.50
0.49
0.43
0.44
0.44
0.42
0.38
0.40
0.37
0.39
0.60
0.52
0.55
0.55
CorWatt	PkgWatt
18.11	131.23
0.62	130.52
0.59
0.59
0.57
0.52
0.58
0.55
0.49
0.52
0.48
0.48
0.46
0.63
0.61
0.63
0.65
0.54
0.53
0.52
0.55
0.52
0.53
0.47
0.47
0.53
0.52
0.49
0.47
0.84
0.71
0.69
0.71
CorWatt	PkgWatt
15.63	128.19
0.50	128.09
0.48
0.48
0.48
0.51
0.52
0.51
0.50
0.44
0.49
0.42
0.44
0.53
0.53
0.54
0.58
0.47
0.49
0.48
0.52
0.43
0.41
0.40
0.41
0.38
0.40
0.38
0.39
0.70
0.64
0.60
0.56
