CorWatt	PkgWatt
15.45	127.89
0.52	127.90
0.45
0.50
0.46
0.51
0.52
0.52
0.51
0.42
0.47
0.43
0.49
0.53
0.53
0.52
0.52
0.50
0.47
0.46
0.48
0.40
0.43
0.39
0.43
0.39
0.47
0.42
0.47
0.59
0.56
0.53
0.54
CorWatt	PkgWatt
14.86	127.56
0.51	127.55
0.45
0.53
0.45
0.51
0.50
0.51
0.51
0.38
0.45
0.38
0.40
0.50
0.51
0.51
0.52
0.46
0.46
0.46
0.47
0.39
0.39
0.38
0.42
0.41
0.48
0.41
0.42
0.54
0.51
0.51
0.54
CorWatt	PkgWatt
21.36	132.82
0.68	132.87
0.64
0.65
0.68
0.67
0.61
0.63
0.78
0.56
0.66
0.55
0.58
0.77
0.82
0.71
0.85
0.73
0.65
0.68
0.67
0.58
0.66
0.62
0.58
0.57
0.65
0.64
0.61
0.69
0.83
0.66
0.70
CorWatt	PkgWatt
16.00	128.40
0.55	128.38
0.51
0.53
0.49
0.55
0.51
0.51
0.56
0.44
0.46
0.42
0.40
0.55
0.54
0.58
0.60
0.50
0.50
0.51
0.50
0.42
0.43
0.39
0.44
0.47
0.52
0.44
0.41
0.53
0.60
0.57
0.57
CorWatt	PkgWatt
15.96	128.32
0.53	128.32
0.54
0.49
0.49
0.52
0.52
0.49
0.51
0.43
0.48
0.39
0.44
0.54
0.57
0.56
0.60
0.50
0.52
0.49
0.58
0.45
0.44
0.43
0.46
0.46
0.49
0.44
0.40
0.55
0.58
0.52
0.55
CorWatt	PkgWatt
17.06	129.27
0.56	129.29
0.57
0.54
0.55
0.50
0.51
0.53
0.56
0.44
0.51
0.44
0.43
0.61
0.64
0.64
0.62
0.52
0.57
0.55
0.59
0.45
0.47
0.47
0.51
0.46
0.53
0.48
0.45
0.61
0.58
0.57
0.62
CorWatt	PkgWatt
16.36	128.49
0.55	128.48
0.52
0.50
0.53
0.55
0.56
0.54
0.52
0.43
0.47
0.41
0.49
0.55
0.53
0.56
0.60
0.54
0.52
0.48
0.55
0.41
0.45
0.44
0.50
0.49
0.49
0.44
0.45
0.56
0.59
0.57
0.59
CorWatt	PkgWatt
15.76	128.19
0.53	128.18
0.54
0.49
0.48
0.54
0.51
0.54
0.53
0.40
0.47
0.40
0.43
0.53
0.54
0.56
0.56
0.49
0.48
0.51
0.49
0.41
0.41
0.39
0.43
0.50
0.48
0.43
0.42
0.57
0.57
0.57
0.58
CorWatt	PkgWatt
15.61	127.92
0.55	127.92
0.51
0.49
0.51
0.49
0.50
0.49
0.51
0.41
0.47
0.40
0.44
0.55
0.55
0.55
0.55
0.49
0.47
0.46
0.51
0.40
0.40
0.38
0.44
0.49
0.47
0.42
0.43
0.58
0.55
0.57
0.60
CorWatt	PkgWatt
15.69	128.20
0.54	128.21
0.57
0.53
0.51
0.54
0.54
0.53
0.54
0.43
0.49
0.39
0.44
0.53
0.55
0.56
0.57
0.49
0.50
0.50
0.53
0.41
0.40
0.39
0.47
0.41
0.44
0.40
0.39
0.52
0.50
0.51
0.56
CorWatt	PkgWatt
15.83	128.17
0.53	128.18
0.53
0.50
0.51
0.52
0.51
0.50
0.52
0.42
0.48
0.41
0.44
0.57
0.55
0.52
0.53
0.55
0.52
0.50
0.49
0.45
0.46
0.42
0.48
0.43
0.47
0.41
0.43
0.52
0.51
0.57
0.59
CorWatt	PkgWatt
15.73	128.21
0.56	128.20
0.56
0.56
0.52
0.55
0.54
0.51
0.55
0.40
0.46
0.41
0.43
0.56
0.54
0.58
0.58
0.50
0.51
0.49
0.50
0.39
0.42
0.41
0.46
0.39
0.44
0.41
0.41
0.52
0.50
0.51
0.57
CorWatt	PkgWatt
15.19	127.63
0.52	127.59
0.54
0.48
0.46
0.50
0.53
0.52
0.50
0.40
0.45
0.42
0.40
0.57
0.56
0.56
0.53
0.49
0.48
0.48
0.48
0.40
0.40
0.41
0.43
0.39
0.43
0.38
0.39
0.53
0.51
0.52
0.56
