CorWatt	PkgWatt
14.96	126.92
0.51	126.91
0.44
0.44
0.43
0.50
0.51
0.52
0.55
0.48
0.49
0.40
0.41
0.56
0.57
0.55
0.55
0.47
0.46
0.44
0.56
0.40
0.43
0.39
0.42
0.35
0.37
0.35
0.36
0.53
0.50
0.52
0.50
CorWatt	PkgWatt
14.43	126.43
0.49	126.62
0.42
0.45
0.43
0.50
0.49
0.49
0.53
0.46
0.47
0.39
0.41
0.54
0.55
0.53
0.51
0.44
0.45
0.44
0.46
0.38
0.41
0.38
0.41
0.37
0.35
0.35
0.35
0.52
0.50
0.50
0.49
CorWatt	PkgWatt
63.88	176.84
1.82	176.69
2.02
2.12
2.07
2.17
2.94
2.14
2.08
1.94
2.02
1.92
1.91
2.12
2.17
2.12
2.16
1.98
1.96
1.82
1.88
1.91
1.94
1.73
1.73
1.88
1.82
1.68
1.72
2.30
2.09
1.85
1.85
CorWatt	PkgWatt
43.25	157.09
1.45	157.05
1.36
1.45
1.41
1.46
1.46
1.51
1.45
1.39
1.38
1.34
1.29
1.49
1.48
1.45
1.51
1.34
1.35
1.25
1.26
1.29
1.32
1.17
1.14
1.26
1.24
1.14
1.14
1.45
1.45
1.30
1.28
