CorWatt	PkgWatt
4.07	152.53
0.08	76.43
0.08
0.08
0.08
0.07
0.08
0.07
0.07
0.06
0.06
0.06
0.06
0.06
0.06
0.06
0.06
0.08
0.08
0.07
0.07
0.09
0.07
0.07
0.07
0.07
0.07
0.07
0.07
0.06
0.06
0.06
0.06
0.08	76.12
0.06
0.06
0.06
0.06
0.06
0.06
0.06
0.05
0.05
0.05
0.05
0.06
0.06
0.07
0.06
0.06
0.06
0.06
0.06
0.06
0.06
0.06
0.06
0.06
0.06
0.06
0.06
0.06
0.06
0.06
0.06
CorWatt	PkgWatt
4.44	151.73
0.08	75.91
0.08
0.08
0.08
0.07
0.08
0.07
0.07
0.06
0.07
0.07
0.06
0.06
0.06
0.06
0.06
0.08
0.08
0.08
0.08
0.09
0.08
0.07
0.07
0.07
0.07
0.07
0.07
0.07
0.06
0.06
0.06
0.08	75.79
0.06
0.06
0.06
0.06
0.07
0.06
0.06
0.06
0.06
0.06
0.07
0.06
0.06
0.06
0.06
0.07
0.06
0.06
0.10
0.07
0.06
0.07
0.06
0.07
0.11
0.06
0.06
0.06
0.06
0.07
0.07
CorWatt	PkgWatt
13.43	179.41
0.25	90.72
0.20
0.32
0.20
0.19
0.20
0.28
0.27
0.13
0.31
0.27
0.17
0.16
0.23
0.18
0.19
0.32
0.23
0.19
0.23
0.27
0.29
0.22
0.14
0.12
0.29
0.31
0.20
0.26
0.25
0.29
0.49
0.29	88.99
0.17
0.23
0.16
0.17
0.20
0.19
0.23
0.16
0.12
0.15
0.15
0.19
0.19
0.34
0.13
0.25
0.18
0.13
0.19
0.14
0.13
0.14
0.18
0.15
0.20
0.16
0.14
0.21
0.17
0.25
0.13
CorWatt	PkgWatt
4.65	155.08
0.09	77.40
0.08
0.08
0.08
0.07
0.08
0.07
0.07
0.06
0.06
0.07
0.07
0.06
0.06
0.06
0.06
0.08
0.09
0.08
0.08
0.08
0.08
0.07
0.08
0.07
0.07
0.07
0.07
0.06
0.06
0.06
0.06
0.07	77.51
0.10
0.07
0.11
0.06
0.08
0.06
0.06
0.06
0.06
0.06
0.07
0.07
0.07
0.11
0.07
0.07
0.07
0.06
0.08
0.07
0.09
0.07
0.07
0.07
0.07
0.07
0.08
0.07
0.08
0.09
0.06
CorWatt	PkgWatt
4.46	154.51
0.08	77.22
0.08
0.08
0.09
0.07
0.07
0.07
0.07
0.06
0.06
0.06
0.06
0.06
0.06
0.06
0.06
0.08
0.08
0.08
0.08
0.08
0.08
0.07
0.08
0.07
0.07
0.07
0.07
0.07
0.06
0.07
0.06
0.11	77.26
0.07
0.06
0.06
0.06
0.06
0.06
0.08
0.06
0.06
0.06
0.07
0.07
0.06
0.06
0.06
0.06
0.07
0.06
0.13
0.06
0.06
0.07
0.06
0.06
0.08
0.06
0.06
0.09
0.07
0.06
0.07
CorWatt	PkgWatt
10.43	165.85
0.13	80.94
0.14
0.13
0.13
0.12
0.12
0.11
0.11
0.10
0.10
0.10
0.10
0.10
0.11
0.10
0.09
0.12
0.12
0.12
0.11
0.13
0.12
0.12
0.11
0.11
0.11
0.11
0.11
0.13
0.13
0.13
0.13
0.12	84.94
0.10
0.10
0.11
0.13
0.11
0.11
0.16
0.10
0.09
0.11
0.10
0.10
0.09
0.10
0.11
0.13
0.11
0.14
0.11
0.10
0.11
0.11
0.12
0.12
0.12
0.13
3.27
0.11
0.11
0.12
0.10
CorWatt	PkgWatt
12.50	162.95
0.09	77.16
0.08
0.08
0.08
0.07
0.07
0.07
0.07
0.06
0.06
0.06
0.07
0.06
0.06
0.06
0.06
0.08
0.08
0.08
0.08
0.08
0.08
0.08
0.08
0.07
0.07
0.07
0.07
0.06
0.06
0.06
0.06
0.20	85.85
0.14
0.13
0.14
0.14
0.14
0.13
0.15
0.14
0.13
0.12
0.15
0.13
0.12
0.12
0.16
0.14
0.13
0.13
0.15
0.14
0.14
0.14
0.15
0.18
0.18
0.18
5.80
0.13
0.13
0.14
0.13
CorWatt	PkgWatt
12.40	164.95
0.09	77.22
0.08
0.08
0.08
0.07
0.07
0.07
0.07
0.06
0.06
0.06
0.06
0.06
0.06
0.06
0.06
0.08
0.08
0.08
0.08
0.08
0.07
0.08
0.07
0.07
0.07
0.07
0.07
0.06
0.06
0.06
0.06
0.14	87.58
0.13
0.13
0.14
0.14
0.14
0.14
0.20
0.12
0.12
0.12
0.13
0.12
0.12
0.12
0.13
0.15
0.14
0.14
0.18
0.14
0.14
0.14
0.16
0.18
0.17
0.18
5.78
0.14
0.13
0.13
0.13
CorWatt	PkgWatt
12.44	164.85
0.09	77.30
0.08
0.08
0.08
0.07
0.08
0.07
0.07
0.06
0.06
0.06
0.07
0.06
0.06
0.06
0.06
0.08
0.08
0.08
0.08
0.09
0.07
0.08
0.07
0.07
0.07
0.07
0.07
0.06
0.06
0.06
0.06
0.14	87.56
0.16
0.14
0.14
0.13
0.13
0.13
0.14
0.12
0.13
0.13
0.12
0.12
0.16
0.12
0.16
0.14
0.13
0.13
0.15
0.14
0.14
0.14
0.16
0.18
0.17
0.18
5.70
0.18
0.15
0.14
0.14
CorWatt	PkgWatt
12.80	165.40
0.09	77.84
0.09
0.09
0.08
0.08
0.08
0.08
0.08
0.07
0.07
0.07
0.07
0.07
0.07
0.14
0.07
0.08
0.08
0.08
0.08
0.09
0.08
0.09
0.08
0.07
0.07
0.07
0.07
0.07
0.07
0.07
0.07
0.14	87.68
0.14
0.14
0.15
0.14
0.14
0.13
0.15
0.14
0.14
0.13
0.18
0.13
0.12
0.12
0.14
0.15
0.13
0.13
0.13
0.15
0.15
0.15
0.16
0.18
0.18
0.18
5.72
0.14
0.14
0.17
0.17
CorWatt	PkgWatt
12.32	164.83
0.09	77.15
0.08
0.08
0.08
0.07
0.07
0.07
0.07
0.06
0.06
0.06
0.06
0.06
0.06
0.06
0.06
0.08
0.08
0.08
0.08
0.08
0.07
0.08
0.07
0.07
0.06
0.07
0.07
0.06
0.06
0.06
0.06
0.13	87.54
0.20
0.13
0.14
0.13
0.14
0.14
0.14
0.14
0.12
0.12
0.12
0.15
0.13
0.12
0.12
0.14
0.13
0.13
0.18
0.15
0.14
0.15
0.14
0.17
0.17
0.18
5.69
0.13
0.13
0.14
0.14
CorWatt	PkgWatt
12.31	164.72
0.09	77.23
0.08
0.08
0.08
0.07
0.08
0.07
0.07
0.06
0.06
0.06
0.06
0.06
0.06
0.06
0.06
0.08
0.08
0.08
0.08
0.08
0.07
0.08
0.08
0.07
0.07
0.07
0.07
0.06
0.06
0.06
0.06
0.13	87.52
0.13
0.13
0.16
0.14
0.13
0.13
0.15
0.13
0.15
0.12
0.16
0.13
0.13
0.12
0.14
0.14
0.13
0.13
0.15
0.14
0.14
0.18
0.15
0.18
0.17
0.18
5.66
0.13
0.13
0.14
0.13
CorWatt	PkgWatt
13.75	169.96
0.11	79.54
0.09
0.09
0.09
0.09
0.09
0.08
0.08
0.07
0.08
0.08
0.07
0.07
0.07
0.07
0.07
0.09
0.09
0.08
0.08
0.10
0.09
0.09
0.09
0.08
0.07
0.08
0.08
0.07
0.08
0.07
0.07
0.16	90.46
0.22
0.18
0.17
0.23
0.17
0.15
0.14
0.14
0.16
0.18
0.17
0.13
0.19
0.15
0.13
0.23
0.15
0.27
0.15
0.17
0.19
0.20
0.17
0.18
0.18
0.19
5.75
0.15
0.15
0.20
0.17
