CorWatt	PkgWatt
9.16	165.52
0.17	83.27
0.17
0.17
0.16
0.16
0.16
0.16
0.16
0.15
0.15
0.15
0.15
0.14
0.14
0.14
0.14
0.16
0.16
0.16
0.16
0.17
0.16
0.17
0.16
0.16
0.16
0.16
0.16
0.14
0.14
0.15
0.14
0.14	82.02
0.13
0.13
0.13
0.14
0.14
0.14
0.14
0.12
0.12
0.12
0.12
0.12
0.12
0.12
0.12
0.14
0.14
0.13
0.14
0.14
0.14
0.14
0.14
0.13
0.13
0.13
0.13
0.12
0.12
0.12
0.13
CorWatt	PkgWatt
8.74	161.69
0.18	81.40
0.16
0.16
0.15
0.15
0.15
0.17
0.15
0.14
0.17
0.14
0.14
0.13
0.14
0.13
0.13
0.15
0.15
0.15
0.20
0.17
0.16
0.16
0.16
0.16
0.15
0.15
0.16
0.14
0.15
0.14
0.14
0.12	80.14
0.12
0.12
0.12
0.13
0.13
0.13
0.13
0.11
0.11
0.11
0.11
0.11
0.11
0.11
0.11
0.13
0.12
0.12
0.12
0.13
0.13
0.13
0.13
0.12
0.12
0.12
0.12
0.12
0.12
0.12
0.12
CorWatt	PkgWatt
72.63	266.96
1.23	136.09
1.24
1.34
1.25
1.18
1.26
1.19
1.22
1.40
1.16
1.18
1.27
1.06
1.05
1.18
1.23
1.23
1.10
1.17
1.18
1.14
1.25
1.25
1.20
1.15
1.14
1.23
1.27
1.10
1.09
1.22
1.33
1.08	130.89
1.03
1.01
1.14
1.14
1.17
1.06
1.04
1.19
1.04
1.08
1.09
1.03
1.03
1.01
1.04
1.03
1.06
1.03
1.06
1.08
1.04
1.06
1.07
1.12
0.98
0.99
1.07
1.09
1.09
1.09
1.11
CorWatt	PkgWatt
157.88	380.35
2.49	189.93
2.49
2.51
2.44
2.51
2.49
2.50
2.49
2.40
2.42
2.39
2.42
2.43
2.42
2.43
2.43
2.48
2.51
2.51
2.52
2.55
2.53
2.53
2.52
2.48
2.52
2.48
2.49
2.46
2.46
2.47
2.45
2.46	190.38
2.49
2.48
2.48
2.49
2.51
2.48
2.45
2.42
2.43
2.44
2.40
2.47
2.49
2.47
2.46
2.42
2.40
2.43
2.46
2.49
2.52
2.47
2.49
2.42
2.42
2.44
2.45
2.42
2.46
2.47
2.48
CorWatt	PkgWatt
157.02	374.26
2.51	187.26
2.53
2.50
2.46
2.46
2.46
2.49
2.49
2.40
2.39
2.40
2.45
2.38
2.43
2.40
2.43
2.49
2.48
2.51
2.50
2.55
2.52
2.54
2.53
2.47
2.49
2.48
2.48
2.43
2.45
2.47
2.45
2.47	187.16
2.46
2.49
2.46
2.44
2.48
2.41
2.49
2.42
2.44
2.39
2.41
2.43
2.43
2.43
2.40
2.43
2.38
2.41
2.46
2.44
2.48
2.49
2.47
2.44
2.41
2.42
2.42
2.42
2.45
2.45
2.45
CorWatt	PkgWatt
156.98	374.39
2.48	187.16
2.48
2.46
2.45
2.51
2.46
2.49
2.49
2.42
2.42
2.41
2.43
2.40
2.40
2.41
2.44
2.47
2.47
2.49
2.48
2.53
2.50
2.55
2.51
2.49
2.49
2.47
2.50
2.41
2.44
2.44
2.46
2.50	187.05
2.48
2.46
2.48
2.45
2.45
2.43
2.44
2.43
2.43
2.41
2.42
2.44
2.46
2.43
2.40
2.40
2.39
2.43
2.43
2.47
2.47
2.47
2.49
2.40
2.39
2.43
2.42
2.45
2.47
2.45
2.44
CorWatt	PkgWatt
156.27	370.81
2.48	185.71
2.49
2.49
2.47
2.50
2.47
2.48
2.46
2.40
2.41
2.37
2.41
2.40
2.40
2.37
2.40
2.46
2.49
2.50
2.49
2.48
2.53
2.53
2.46
2.46
2.48
2.46
2.47
2.41
2.48
2.46
2.46
2.45	185.08
2.42
2.44
2.43
2.43
2.47
2.47
2.45
2.43
2.44
2.40
2.39
2.43
2.43
2.40
2.40
2.40
2.43
2.36
2.43
2.46
2.45
2.47
2.47
2.42
2.39
2.39
2.42
2.44
2.41
2.41
2.40
CorWatt	PkgWatt
155.43	370.70
2.43	185.73
2.50
2.51
2.44
2.46
2.45
2.49
2.46
2.35
2.42
2.34
2.40
2.40
2.37
2.40
2.42
2.45
2.45
2.49
2.47
2.47
2.52
2.54
2.49
2.48
2.43
2.44
2.45
2.37
2.43
2.45
2.45
2.45	185.21
2.45
2.38
2.43
2.43
2.42
2.45
2.41
2.40
2.44
2.39
2.38
2.42
2.39
2.39
2.39
2.38
2.40
2.36
2.43
2.44
2.44
2.46
2.45
2.41
2.40
2.41
2.42
2.42
2.41
2.42
2.41
CorWatt	PkgWatt
155.38	369.85
2.45	184.89
2.48
2.46
2.42
2.50
2.45
2.47
2.47
2.36
2.40
2.35
2.40
2.41
2.39
2.40
2.40
2.45
2.43
2.51
2.46
2.50
2.48
2.48
2.50
2.41
2.43
2.47
2.47
2.37
2.46
2.44
2.42
2.46	184.73
2.45
2.42
2.43
2.44
2.46
2.48
2.42
2.41
2.39
2.40
2.41
2.42
2.42
2.39
2.40
2.38
2.38
2.39
2.39
2.46
2.44
2.43
2.43
2.39
2.38
2.43
2.40
2.41
2.39
2.40
2.37
CorWatt	PkgWatt
155.65	368.54
2.46	184.45
2.50
2.49
2.42
2.48
2.43
2.45
2.49
2.38
2.43
2.35
2.41
2.38
2.39
2.42
2.41
2.49
2.47
2.50
2.50
2.50
2.50
2.49
2.51
2.48
2.48
2.41
2.45
2.40
2.44
2.43
2.44
2.43	184.07
2.41
2.41
2.44
2.42
2.44
2.43
2.44
2.39
2.38
2.42
2.39
2.42
2.43
2.43
2.40
2.40
2.38
2.40
2.42
2.45
2.45
2.41
2.45
2.37
2.37
2.41
2.41
2.42
2.43
2.38
2.40
CorWatt	PkgWatt
155.85	368.81
2.47	184.46
2.50
2.47
2.45
2.48
2.43
2.47
2.47
2.36
2.39
2.36
2.39
2.41
2.38
2.40
2.41
2.46
2.47
2.49
2.47
2.51
2.50
2.53
2.48
2.43
2.48
2.44
2.47
2.43
2.44
2.46
2.43
2.46	184.38
2.44
2.42
2.39
2.43
2.46
2.45
2.44
2.41
2.39
2.41
2.43
2.39
2.43
2.44
2.43
2.39
2.41
2.39
2.41
2.44
2.47
2.43
2.47
2.41
2.43
2.40
2.39
2.43
2.42
2.42
2.40
CorWatt	PkgWatt
155.74	368.93
2.46	184.68
2.50
2.49
2.46
2.48
2.43
2.43
2.47
2.43
2.37
2.38
2.40
2.39
2.45
2.42
2.39
2.45
2.46
2.49
2.45
2.48
2.51
2.53
2.46
2.47
2.47
2.45
2.45
2.39
2.44
2.45
2.45
2.46	184.25
2.43
2.46
2.45
2.42
2.47
2.49
2.42
2.39
2.38
2.45
2.41
2.44
2.41
2.43
2.39
2.40
2.41
2.34
2.38
2.44
2.44
2.42
2.43
2.39
2.37
2.40
2.40
2.41
2.43
2.42
2.43
CorWatt	PkgWatt
156.06	369.37
2.53	184.77
2.51
2.50
2.46
2.47
2.45
2.46
2.47
2.39
2.37
2.37
2.40
2.40
2.40
2.41
2.39
2.44
2.48
2.49
2.50
2.48
2.50
2.54
2.46
2.45
2.48
2.43
2.48
2.41
2.41
2.45
2.45
2.46	184.66
2.45
2.44
2.43
2.40
2.45
2.43
2.41
2.43
2.39
2.41
2.43
2.42
2.44
2.40
2.42
2.40
2.40
2.41
2.40
2.46
2.45
2.44
2.49
2.43
2.41
2.42
2.41
2.46
2.43
2.42
2.43
CorWatt	PkgWatt
155.15	367.78
2.46	184.42
2.49
2.47
2.44
2.46
2.45
2.46
2.49
2.38
2.42
2.35
2.37
2.36
2.39
2.42
2.42
2.46
2.49
2.47
2.45
2.52
2.50
2.53
2.46
2.44
2.47
2.42
2.45
2.37
2.40
2.44
2.44
2.42	183.26
2.44
2.41
2.41
2.40
2.45
2.43
2.43
2.37
2.40
2.39
2.40
2.40
2.41
2.39
2.41
2.38
2.40
2.39
2.37
2.48
2.42
2.43
2.46
2.42
2.38
2.35
2.38
2.39
2.40
2.41
2.40
