CorWatt	PkgWatt
15.42	128.43
0.57	128.43
0.48
0.49
0.47
0.54
0.54
0.52
0.51
0.47
0.55
0.41
0.42
0.53
0.54
0.59
0.54
0.47
0.49
0.49
0.51
0.40
0.42
0.39
0.40
0.38
0.39
0.38
0.37
0.55
0.58
0.53
0.52
CorWatt	PkgWatt
15.08	127.21
0.56	127.86
0.45
0.48
0.48
0.51
0.53
0.51
0.51
0.48
0.44
0.42
0.41
0.52
0.53
0.58
0.54
0.47
0.50
0.47
0.51
0.42
0.41
0.38
0.40
0.38
0.38
0.37
0.37
0.53
0.52
0.52
0.52
CorWatt	PkgWatt
68.17	160.77
0.91	185.92
2.21
2.26
2.25
2.29
2.32
2.29
2.28
2.26
2.26
2.31
2.22
2.36
2.38
2.40
2.39
2.36
2.37
2.18
2.22
2.26
2.30
2.04
2.04
2.25
2.23
3.53
2.06
2.48
2.64
2.28
2.26
