CorWatt	PkgWatt
15.29	127.38
0.51	127.38
0.54
0.50
0.46
0.52
0.50
0.51
0.52
0.42
0.47
0.42
0.49
0.53
0.54
0.52
0.56
0.47
0.49
0.48
0.50
0.47
0.40
0.42
0.40
0.38
0.37
0.42
0.36
0.53
0.53
0.51
0.53
CorWatt	PkgWatt
14.72	126.73
0.50	126.83
0.52
0.46
0.44
0.48
0.48
0.49
0.50
0.39
0.45
0.39
0.39
0.54
0.51
0.51
0.55
0.48
0.47
0.47
0.50
0.43
0.38
0.39
0.39
0.36
0.37
0.42
0.38
0.51
0.52
0.52
0.53
CorWatt	PkgWatt
20.95	132.19
0.80	132.12
0.68
0.67
0.69
0.73
0.70
0.67
0.74
0.50
0.61
0.58
0.54
0.67
0.68
0.70
0.69
0.63
0.66
0.66
0.66
0.65
0.69
0.67
0.58
0.65
0.47
0.45
0.51
0.73
0.76
0.70
0.84
CorWatt	PkgWatt
15.58	127.37
0.52	127.35
0.50
0.50
0.46
0.49
0.50
0.49
0.55
0.42
0.49
0.45
0.42
0.51
0.54
0.53
0.51
0.50
0.51
0.50
0.49
0.47
0.38
0.38
0.44
0.41
0.43
0.42
0.40
0.59
0.57
0.55
0.67
CorWatt	PkgWatt
15.55	127.56
0.53	127.56
0.60
0.49
0.48
0.53
0.52
0.51
0.55
0.40
0.48
0.48
0.46
0.53
0.57
0.57
0.57
0.47
0.46
0.46
0.49
0.47
0.40
0.39
0.40
0.38
0.39
0.39
0.36
0.60
0.54
0.55
0.55
CorWatt	PkgWatt
16.63	128.15
0.56	128.18
0.57
0.65
0.55
0.62
0.59
0.55
0.61
0.48
0.47
0.46
0.43
0.58
0.62
0.57
0.57
0.51
0.53
0.50
0.46
0.46
0.48
0.46
0.48
0.39
0.42
0.41
0.35
0.57
0.58
0.53
0.59
CorWatt	PkgWatt
15.73	127.62
0.50	127.59
0.53
0.49
0.50
0.52
0.54
0.55
0.53
0.42
0.49
0.52
0.48
0.57
0.57
0.55
0.58
0.49
0.49
0.47
0.49
0.42
0.43
0.42
0.44
0.39
0.40
0.36
0.35
0.54
0.54
0.55
0.58
CorWatt	PkgWatt
15.63	127.56
0.56	127.56
0.51
0.53
0.52
0.54
0.54
0.60
0.53
0.41
0.48
0.42
0.41
0.54
0.54
0.52
0.54
0.47
0.50
0.47
0.48
0.39
0.44
0.39
0.41
0.38
0.42
0.43
0.37
0.59
0.57
0.55
0.58
CorWatt	PkgWatt
15.44	127.32
0.51	127.32
0.50
0.50
0.44
0.52
0.54
0.53
0.50
0.41
0.48
0.42
0.41
0.53
0.54
0.53
0.51
0.47
0.53
0.50
0.49
0.38
0.38
0.40
0.42
0.43
0.42
0.42
0.40
0.59
0.53
0.61
0.59
CorWatt	PkgWatt
15.41	127.31
0.49	127.31
0.55
0.49
0.48
0.52
0.51
0.52
0.56
0.41
0.48
0.49
0.42
0.52
0.56
0.56
0.53
0.48
0.47
0.48
0.46
0.40
0.40
0.38
0.44
0.37
0.39
0.39
0.39
0.56
0.56
0.56
0.59
CorWatt	PkgWatt
15.51	127.46
0.52	127.46
0.57
0.53
0.51
0.55
0.53
0.52
0.58
0.41
0.50
0.42
0.41
0.54
0.56
0.56
0.51
0.49
0.47
0.47
0.46
0.41
0.40
0.40
0.44
0.37
0.36
0.36
0.39
0.58
0.55
0.57
0.59
CorWatt	PkgWatt
15.21	127.35
0.50	127.36
0.53
0.49
0.48
0.49
0.49
0.50
0.53
0.37
0.45
0.41
0.37
0.51
0.54
0.51
0.51
0.51
0.50
0.49
0.49
0.38
0.38
0.39
0.43
0.42
0.37
0.40
0.41
0.59
0.63
0.57
0.59
CorWatt	PkgWatt
18.85	129.92
0.63	129.93
0.66
0.66
0.61
0.63
0.60
0.59
0.63
0.55
0.61
0.58
0.58
0.69
0.72
0.74
0.67
0.59
0.65
0.55
0.54
0.53
0.49
0.58
0.62
0.44
0.47
0.44
0.43
0.66
0.60
0.55
0.61
