CorWatt	PkgWatt
15.37	127.19
0.50	127.20
0.45
0.67
0.45
0.51
0.54
0.51
0.52
0.40
0.44
0.42
0.42
0.53
0.54
0.57
0.55
0.50
0.49
0.48
0.48
0.43
0.41
0.41
0.41
0.38
0.40
0.42
0.39
0.54
0.53
0.55
0.53
CorWatt	PkgWatt
14.85	126.79
0.49	126.78
0.45
0.58
0.45
0.52
0.52
0.53
0.54
0.42
0.44
0.37
0.39
0.52
0.53
0.52
0.53
0.47
0.46
0.45
0.46
0.39
0.40
0.39
0.38
0.39
0.42
0.38
0.37
0.53
0.52
0.54
0.51
CorWatt	PkgWatt
20.59	131.69
0.82	131.75
0.84
0.83
0.69
0.71
0.66
0.63
0.81
0.66
0.58
0.65
0.56
0.74
0.75
0.69
0.69
0.61
0.65
0.58
0.61
0.53
0.55
0.52
0.55
0.48
0.54
0.57
0.49
0.62
0.64
0.72
0.63
CorWatt	PkgWatt
15.45	127.27
0.50	127.25
0.49
0.55
0.48
0.49
0.49
0.51
0.48
0.49
0.51
0.42
0.49
0.57
0.59
0.53
0.54
0.51
0.48
0.55
0.50
0.43
0.42
0.44
0.44
0.36
0.36
0.40
0.36
0.51
0.50
0.58
0.49
CorWatt	PkgWatt
15.74	127.54
0.53	127.54
0.52
0.60
0.50
0.51
0.50
0.49
0.54
0.51
0.56
0.43
0.45
0.53
0.64
0.54
0.55
0.48
0.52
0.47
0.51
0.38
0.44
0.43
0.38
0.36
0.38
0.43
0.36
0.54
0.52
0.57
0.55
CorWatt	PkgWatt
16.52	128.12
0.64	128.14
0.50
0.62
0.51
0.58
0.58
0.53
0.54
0.48
0.51
0.45
0.47
0.58
0.57
0.55
0.57
0.51
0.52
0.51
0.52
0.45
0.46
0.45
0.44
0.43
0.41
0.42
0.41
0.59
0.56
0.59
0.56
CorWatt	PkgWatt
15.34	127.25
0.50	127.23
0.43
0.56
0.50
0.50
0.49
0.48
0.53
0.51
0.50
0.42
0.47
0.54
0.64
0.54
0.56
0.49
0.48
0.48
0.48
0.38
0.38
0.43
0.38
0.38
0.40
0.39
0.36
0.51
0.51
0.58
0.52
CorWatt	PkgWatt
15.33	127.08
0.49	127.08
0.42
0.54
0.52
0.52
0.51
0.48
0.48
0.46
0.51
0.42
0.42
0.58
0.63
0.54
0.55
0.48
0.47
0.44
0.50
0.41
0.43
0.39
0.38
0.43
0.40
0.45
0.39
0.51
0.51
0.56
0.52
CorWatt	PkgWatt
15.35	127.24
0.50	127.24
0.46
0.55
0.47
0.51
0.56
0.52
0.52
0.45
0.48
0.39
0.41
0.55
0.54
0.50
0.51
0.50
0.49
0.46
0.49
0.39
0.39
0.43
0.40
0.38
0.45
0.41
0.39
0.57
0.55
0.57
0.55
CorWatt	PkgWatt
15.56	127.36
0.49	127.36
0.44
0.55
0.50
0.54
0.53
0.52
0.49
0.45
0.49
0.39
0.41
0.56
0.56
0.53
0.53
0.48
0.58
0.52
0.51
0.43
0.41
0.45
0.45
0.42
0.38
0.37
0.40
0.55
0.53
0.56
0.54
CorWatt	PkgWatt
15.43	127.30
0.49	127.29
0.45
0.57
0.48
0.55
0.54
0.54
0.54
0.53
0.51
0.42
0.42
0.57
0.58
0.55
0.54
0.51
0.50
0.48
0.47
0.39
0.38
0.42
0.39
0.38
0.36
0.38
0.42
0.52
0.50
0.57
0.51
CorWatt	PkgWatt
15.13	127.00
0.51	127.01
0.47
0.56
0.53
0.53
0.61
0.53
0.52
0.43
0.48
0.37
0.39
0.53
0.53
0.52
0.50
0.49
0.49
0.49
0.49
0.38
0.38
0.42
0.41
0.40
0.38
0.36
0.38
0.52
0.49
0.55
0.49
CorWatt	PkgWatt
18.81	129.64
0.65	129.84
0.62
0.61
0.64
0.64
0.62
0.57
0.57
0.54
0.62
0.54
0.54
0.66
0.62
0.67
0.63
0.73
0.60
0.62
0.69
0.52
0.50
0.62
0.59
0.48
0.52
0.52
0.49
0.53
0.57
0.57
0.52
