CorWatt	PkgWatt
166.28	428.76
2.10	163.18
2.16
2.15
2.13
2.07
2.01
2.13
2.14
2.05
2.02
2.05
2.07
2.14
2.12
2.13
2.08
2.11
2.11
2.14
2.11
2.11
2.14
2.13
2.17
2.08
2.11
2.08
2.12
2.03
2.16
2.11
2.10
2.24	168.50
2.26
2.13
2.20
2.01
2.11
2.22
2.22
2.22
2.26
2.38
2.45
2.43
2.34
1.95
2.10
2.52
2.25
2.14
1.99
2.44
2.22
2.02
2.33
2.06
2.31
2.09
1.89
2.35
2.24
2.24
2.56
CorWatt	PkgWatt
135.43	328.58
2.09	162.50
2.11
2.09
2.10
2.05
1.97
2.11
2.10
2.02
2.03
2.03
2.05
2.07
2.10
2.07
2.03
2.12
2.08
2.12
2.10
2.16
2.14
2.13
2.16
2.07
2.11
2.04
2.10
2.01
2.11
2.08
2.09
2.19	166.08
2.18
2.17
1.93
1.95
2.16
2.05
2.18
2.16
2.23
2.30
2.20
2.32
2.26
1.88
2.12
2.49
2.21
2.09
1.92
2.33
2.17
1.91
2.29
2.04
2.17
2.10
1.95
2.24
2.04
2.21
2.35
CorWatt	PkgWatt
134.21	327.29
2.11	162.57
2.09
2.10
2.12
2.03
1.97
2.10
2.10
2.02
2.06
2.01
2.05
2.05
2.06
2.18
2.05
2.20
2.09
2.14
2.10
2.12
2.13
2.11
2.15
2.06
2.11
2.05
2.07
2.00
2.07
2.05
2.07
2.31	164.71
2.28
2.18
1.87
2.06
2.10
1.90
2.30
2.24
2.09
2.26
2.20
2.08
2.01
2.17
2.03
2.06
2.13
2.25
1.83
2.34
2.27
1.99
2.37
2.23
2.07
1.99
1.87
1.90
1.89
2.21
2.13
CorWatt	PkgWatt
136.01	328.85
2.17	163.90
2.14
2.10
2.13
2.05
2.09
2.11
2.11
2.04
2.04
2.03
2.05
2.10
2.10
2.12
2.11
2.23
2.26
2.38
2.14
2.09
2.13
2.11
2.12
2.13
2.12
2.07
2.10
2.03
2.11
2.08
2.10
2.32	165.00
2.32
2.18
1.87
2.19
2.25
1.89
2.22
2.36
2.17
2.33
2.15
2.06
2.03
2.21
2.05
2.25
2.21
2.14
1.82
2.34
2.35
2.24
2.26
2.29
1.96
2.02
1.87
1.88
1.88
2.28
1.89
CorWatt	PkgWatt
137.77	330.63
2.16	164.14
2.13
2.11
2.10
2.10
2.03
2.11
2.17
2.02
2.02
2.05
2.12
2.09
2.10
2.18
2.14
2.25
2.17
2.39
2.18
2.11
2.19
2.10
2.15
2.15
2.14
2.07
2.10
2.06
2.20
2.10
2.14
2.32	166.49
2.39
2.25
1.88
2.28
2.23
1.89
2.23
2.44
2.31
2.28
2.27
2.10
2.06
2.32
2.07
2.26
2.29
2.20
1.84
2.39
2.38
2.21
2.33
2.35
2.07
1.98
1.87
1.96
1.94
2.34
1.90
CorWatt	PkgWatt
138.38	331.71
2.08	163.10
2.15
2.07
2.11
2.17
2.03
2.14
2.16
1.99
2.01
2.01
2.03
2.08
2.08
2.03
2.08
2.19
2.12
2.25
2.18
2.11
2.16
2.10
2.10
2.06
2.07
2.05
2.11
2.08
2.14
2.14
2.10
2.32	168.47
2.45
2.29
1.88
2.36
2.24
1.90
2.27
2.56
2.36
2.27
2.36
2.24
2.07
2.32
2.21
2.21
2.38
2.23
1.83
2.42
2.36
2.29
2.49
2.41
2.07
2.06
1.89
2.23
2.09
2.18
1.91
CorWatt	PkgWatt
138.70	332.13
2.09	163.37
2.12
2.09
2.09
2.18
2.04
2.15
2.15
1.99
2.00
2.02
2.00
2.06
2.07
2.04
2.10
2.18
2.14
2.27
2.19
2.10
2.14
2.13
2.11
2.04
2.10
2.04
2.16
2.06
2.16
2.15
2.12
2.42	168.53
2.39
2.33
1.89
2.37
2.25
1.92
2.27
2.53
2.36
2.36
2.31
2.32
1.97
2.33
2.22
2.22
2.41
2.22
1.83
2.29
2.34
2.36
2.53
2.44
2.08
2.07
1.88
2.24
2.13
2.17
1.92
