CorWatt	PkgWatt
15.56	128.16
0.52	128.17
0.48
0.50
0.49
0.54
0.54
0.53
0.51
0.44
0.46
0.41
0.38
0.51
0.55
0.51
0.57
0.49
0.49
0.49
0.50
0.43
0.41
0.44
0.42
0.42
0.51
0.47
0.39
0.60
0.51
0.53
0.53
CorWatt	PkgWatt
15.04	127.54
0.51	127.67
0.44
0.46
0.48
0.51
0.51
0.52
0.49
0.41
0.44
0.39
0.38
0.50
0.53
0.50
0.56
0.51
0.50
0.46
0.48
0.42
0.40
0.41
0.41
0.40
0.45
0.41
0.39
0.59
0.52
0.53
0.52
CorWatt	PkgWatt
18.38	130.67
0.67	130.55
0.64
0.61
0.57
0.62
0.67
0.60
0.58
0.55
0.56
0.53
0.50
0.58
0.60
0.58
0.59
0.62
0.57
0.55
0.59
0.54
0.49
0.52
0.50
0.46
0.50
0.54
0.45
0.69
0.64
0.64
0.61
CorWatt	PkgWatt
15.36	127.80
0.53	127.72
0.48
0.49
0.48
0.50
0.52
0.50
0.50
0.44
0.46
0.45
0.43
0.52
0.53
0.52
0.53
0.47
0.48
0.47
0.48
0.47
0.40
0.42
0.43
0.38
0.39
0.39
0.37
0.61
0.60
0.56
0.54
