CorWatt	PkgWatt
213.17	417.11
3.17	189.71
3.19
3.93
3.99
3.02
3.01
2.98
3.24
3.14
3.41
3.77
4.02
3.72
2.86
3.59
2.06
4.00
3.16
3.43
4.00
3.80
4.00
3.66
3.94
3.38
4.14
3.07
4.12
3.70
3.84
4.01
3.59
2.02	145.62
2.04
2.05
2.51
2.04
2.04
2.04
2.03
2.03
2.02
2.03
2.03
2.04
2.04
2.04
2.03
1.97
1.98
1.98
1.99
2.53
2.05
2.05
2.04
1.98
2.00
1.99
2.46
1.99
2.01
2.00
1.99
CorWatt	PkgWatt
187.37	357.14
3.27	195.50
3.05
3.78
3.84
3.00
3.49
3.48
3.15
3.32
3.26
3.42
3.79
3.76
2.87
3.57
2.55
3.61
3.13
3.61
3.76
3.62
3.89
3.61
3.67
3.19
3.90
3.18
3.75
3.67
3.58
3.72
3.49
2.29	161.55
2.33
2.34
2.58
2.35
2.40
2.38
2.40
2.31
2.33
2.39
2.37
2.39
2.34
2.39
2.33
2.30
2.26
2.28
2.27
2.78
2.44
2.46
2.35
2.38
2.37
2.41
2.82
2.32
2.35
2.37
2.28
CorWatt	PkgWatt
193.60	382.54
3.14	198.67
3.20
3.27
3.34
3.14
3.16
3.29
3.22
3.21
3.08
3.04
3.36
3.15
3.07
3.33
3.14
3.36
3.11
3.19
3.16
3.32
3.43
3.36
3.36
3.22
3.24
3.31
3.24
3.20
3.35
3.24
3.26
2.82	188.20
2.91
2.83
2.85
2.85
2.90
2.85
2.91
2.83
2.76
2.80
2.90
2.88
2.90
2.85
2.82
2.88
3.20
2.85
2.78
3.07
2.97
2.96
2.85
2.86
2.88
2.83
2.91
2.95
2.90
2.87
2.83
CorWatt	PkgWatt
183.59	363.84
2.98	186.29
3.05
3.11
3.11
3.02
3.03
3.15
3.08
3.02
3.01
2.87
3.22
2.99
2.88
3.13
2.94
3.06
3.02
3.13
3.04
3.07
3.20
3.14
3.17
3.02
3.05
3.20
2.99
2.99
3.08
2.99
3.03
2.74	173.56
2.62
2.52
2.62
2.48
2.62
2.69
2.63
2.56
2.46
2.63
2.63
2.59
2.51
2.62
2.59
2.64
2.68
2.55
2.62
2.80
2.73
2.69
2.74
2.61
2.64
2.60
2.56
2.60
2.67
2.61
2.59
CorWatt	PkgWatt
172.46	330.77
2.80	172.38
2.95
3.03
3.03
2.93
2.91
2.97
2.93
2.92
2.82
2.81
3.04
2.75
2.77
2.93
2.74
2.94
2.87
3.03
2.88
2.88
2.99
3.05
3.02
2.94
2.95
3.07
2.90
2.84
2.92
2.95
2.87
2.55	158.27
2.41
2.37
2.45
2.45
2.41
2.50
2.47
2.47
2.33
2.48
2.40
2.43
2.39
2.47
2.46
2.49
2.51
2.33
2.50
2.68
2.54
2.67
2.63
2.49
2.36
2.41
2.41
2.57
2.50
2.41
2.45
CorWatt	PkgWatt
171.61	330.05
2.78	172.10
2.92
3.02
3.01
2.95
2.96
2.93
2.80
2.85
2.82
2.81
3.02
2.84
2.74
2.89
2.74
2.94
2.86
2.98
2.90
2.84
3.01
3.12
2.97
2.90
2.95
3.05
2.90
2.84
2.89
2.99
2.84
2.55	157.99
2.41
2.38
2.45
2.50
2.37
2.47
2.34
2.39
2.32
2.46
2.40
2.35
2.39
2.43
2.48
2.43
2.50
2.32
2.50
2.61
2.53
2.67
2.62
2.43
2.40
2.38
2.39
2.55
2.49
2.50
2.51
CorWatt	PkgWatt
171.22	333.51
2.81	173.71
2.92
3.01
2.99
2.95
2.97
2.93
2.80
2.87
2.81
2.79
3.05
2.83
2.75
2.90
2.74
2.95
2.83
2.92
2.74
2.85
2.93
3.16
2.96
2.89
2.91
3.03
2.95
2.83
2.88
2.97
2.78
2.45	159.79
2.41
2.32
2.42
2.47
2.37
2.44
2.37
2.40
2.41
2.48
2.36
2.30
2.44
2.45
2.63
2.44
2.55
2.32
2.50
2.62
2.51
2.62
2.63
2.45
2.37
2.40
2.37
2.54
2.51
2.42
2.53
CorWatt	PkgWatt
169.39	330.15
2.78	172.63
2.90
2.98
2.98
2.96
2.98
2.92
2.76
2.86
2.81
2.80
3.04
2.80
2.75
2.90
2.74
2.94
2.83
2.88
2.74
2.86
2.91
3.16
2.96
2.89
2.89
3.00
2.95
2.84
2.87
2.94
2.74
2.46	157.48
2.39
2.34
2.37
2.36
2.35
2.38
2.33
2.28
2.40
2.45
2.32
2.28
2.38
2.37
2.45
2.39
2.46
2.31
2.51
2.47
2.54
2.54
2.57
2.37
2.33
2.36
2.35
2.54
2.41
2.47
2.48
CorWatt	PkgWatt
169.48	335.94
2.76	175.31
2.99
3.06
2.97
3.02
3.00
2.92
2.79
2.87
2.73
2.96
3.05
2.79
2.78
2.98
2.73
2.88
2.87
2.81
2.78
2.85
2.93
3.13
3.00
2.91
2.94
3.13
2.99
2.81
2.77
2.89
2.77
2.49	160.71
2.39
2.37
2.37
2.39
2.39
2.42
2.35
2.27
2.22
2.36
2.29
2.30
2.32
2.33
2.38
2.38
2.44
2.30
2.53
2.45
2.52
2.47
2.57
2.38
2.35
2.35
2.31
2.58
2.42
2.45
2.51
CorWatt	PkgWatt
167.61	326.21
2.73	170.14
2.94
2.99
2.89
2.99
2.96
2.88
2.75
2.80
2.69
2.83
2.92
2.74
2.74
2.95
2.69
2.83
2.77
2.81
2.73
2.81
2.86
3.15
2.94
2.84
2.86
3.12
2.89
2.69
2.75
2.74
2.73
2.44	155.98
2.37
2.33
2.42
2.34
2.34
2.40
2.33
2.30
2.24
2.38
2.31
2.35
2.33
2.33
2.40
2.32
2.44
2.30
2.50
2.45
2.50
2.47
2.58
2.37
2.34
2.36
2.32
2.55
2.49
2.44
2.50
CorWatt	PkgWatt
174.92	343.11
2.79	177.35
3.01
3.06
2.95
3.09
3.06
2.96
2.84
2.83
2.79
2.93
3.03
2.83
2.83
3.05
2.78
2.89
2.83
2.93
2.82
2.91
2.98
3.26
2.99
2.92
2.95
3.15
3.00
2.78
2.87
2.83
2.82
2.57	165.76
2.55
2.60
2.60
2.42
2.48
2.44
2.61
2.43
2.33
2.44
2.41
2.54
2.52
2.44
2.51
2.52
2.87
2.49
2.65
2.63
2.61
2.71
2.68
2.51
2.52
2.52
2.46
2.61
2.53
2.47
2.51
CorWatt	PkgWatt
181.57	373.62
2.59	186.69
2.78
2.88
3.31
3.03
2.81
3.25
2.98
2.62
2.61
2.70
2.76
2.74
2.66
3.06
2.64
2.68
2.61
2.72
2.67
2.70
3.37
2.98
2.72
3.34
2.75
3.20
3.11
2.58
2.55
2.60
2.62
2.94	187.18
3.05
2.89
2.95
2.66
2.70
2.85
2.88
2.89
2.76
2.57
2.68
3.01
2.91
2.80
2.55
2.79
3.02
2.96
2.86
2.73
2.75
2.79
3.06
2.55
2.88
2.87
2.89
3.07
2.86
2.94
2.88
CorWatt	PkgWatt
164.84	353.55
2.15	166.24
2.09
2.23
3.46
2.34
2.31
3.51
2.85
1.79
1.55
1.68
1.89
2.44
1.94
2.41
1.57
2.13
1.59
1.89
1.56
2.26
3.47
2.13
1.73
3.55
2.12
2.79
2.92
2.02
1.90
1.58
1.58
3.17	187.22
3.24
2.95
2.95
2.73
2.85
3.22
3.15
3.15
2.74
2.55
2.54
3.12
3.15
2.76
2.43
2.78
3.22
2.99
2.62
2.46
2.48
2.89
3.04
2.26
2.89
2.82
3.30
3.28
3.19
3.27
3.21
CorWatt	PkgWatt
157.56	317.12
2.59	156.53
2.53
2.52
2.52
2.43
2.50
2.79
2.66
2.50
1.89
2.10
2.38
2.02
2.31
2.41
2.04
2.11
1.97
2.29
1.95
2.58
2.43
2.40
2.58
2.71
2.50
2.73
2.66
2.02
2.24
2.55
2.48
2.52	160.51
2.57
2.50
2.46
2.46
2.56
2.54
2.53
2.43
2.32
2.56
2.46
2.51
2.59
2.54
2.54
2.41
2.56
2.46
2.41
2.56
2.89
2.91
2.80
2.51
2.47
2.34
2.50
2.53
2.61
2.58
2.51
CorWatt	PkgWatt
163.35	337.98
2.86	170.96
2.71
2.64
2.65
2.65
2.68
2.65
2.60
2.64
2.53
2.51
2.58
2.28
2.37
2.47
2.45
2.80
2.72
2.55
2.64
2.81
2.65
2.65
2.71
2.39
2.32
2.47
2.52
2.68
2.75
2.55
2.58
2.49	167.02
2.56
2.43
2.48
2.36
2.58
2.59
2.57
2.46
2.25
2.48
2.44
2.42
2.50
2.45
2.37
2.39
2.56
2.44
2.40
2.54
2.80
2.87
2.67
2.50
2.56
2.45
2.43
2.50
2.62
2.57
2.53
