CorWatt	PkgWatt
15.43	128.00
0.54	128.01
0.47
0.53
0.46
0.59
0.57
0.54
0.52
0.41
0.55
0.46
0.40
0.53
0.53
0.52
0.53
0.47
0.49
0.49
0.57
0.45
0.42
0.43
0.43
0.37
0.38
0.37
0.36
0.52
0.51
0.51
0.53
CorWatt	PkgWatt
15.08	127.39
0.50	127.61
0.46
0.51
0.48
0.63
0.52
0.51
0.49
0.39
0.44
0.41
0.39
0.51
0.54
0.51
0.52
0.47
0.47
0.50
0.57
0.45
0.42
0.43
0.41
0.37
0.39
0.37
0.39
0.52
0.50
0.50
0.51
CorWatt	PkgWatt
69.79	184.17
0.91	183.93
2.16
2.24
2.23
2.30
2.31
2.28
2.25
2.18
3.85
2.21
2.16
2.31
2.33
2.34
2.33
2.20
2.20
2.02
2.06
2.18
2.15
2.02
1.95
2.09
2.06
1.88
1.90
2.30
2.23
2.08
2.08
