CorWatt	PkgWatt
15.31	128.05
0.54	128.05
0.50
0.49
0.45
0.51
0.54
0.52
0.52
0.41
0.45
0.43
0.50
0.54
0.53
0.58
0.55
0.48
0.49
0.49
0.50
0.40
0.39
0.39
0.40
0.37
0.37
0.40
0.39
0.53
0.52
0.59
0.54
CorWatt	PkgWatt
15.00	127.37
0.53	127.55
0.49
0.51
0.45
0.51
0.52
0.51
0.50
0.40
0.45
0.42
0.42
0.52
0.54
0.58
0.54
0.47
0.47
0.49
0.48
0.40
0.39
0.40
0.39
0.38
0.37
0.39
0.36
0.53
0.52
0.58
0.50
CorWatt	PkgWatt
66.63	180.55
0.91	180.36
2.03
2.12
2.08
2.22
2.16
2.16
2.10
2.06
2.07
2.05
2.09
2.25
2.20
2.22
2.19
2.06
2.14
1.94
1.97
2.05
2.03
1.84
1.86
2.01
1.97
1.85
1.87
2.18
3.65
2.06
2.22
