CorWatt	PkgWatt
15.49	128.36
0.53	128.36
0.47
0.47
0.52
0.50
0.50
0.50
0.49
0.41
0.45
0.42
0.42
0.57
0.54
0.55
0.53
0.52
0.54
0.50
0.50
0.43
0.42
0.41
0.42
0.52
0.37
0.38
0.39
0.60
0.52
0.56
0.52
CorWatt	PkgWatt
15.20	127.24
0.51	127.91
0.45
0.46
0.50
0.50
0.51
0.52
0.49
0.41
0.45
0.41
0.40
0.53
0.55
0.58
0.54
0.50
0.52
0.49
0.52
0.44
0.42
0.40
0.40
0.39
0.40
0.40
0.39
0.59
0.51
0.56
0.52
CorWatt	PkgWatt
18.80	131.69
0.73	131.01
0.64
0.69
0.68
0.68
0.64
0.65
0.65
0.55
0.54
0.57
0.58
0.58
0.63
0.59
0.65
0.57
0.59
0.60
0.59
0.48
0.49
0.45
0.42
0.51
0.49
0.51
0.51
0.63
0.60
0.68
0.58
CorWatt	PkgWatt
15.80	128.34
0.56	128.28
0.53
0.56
0.53
0.52
0.56
0.52
0.51
0.43
0.46
0.41
0.43
0.57
0.54
0.53
0.54
0.55
0.49
0.48
0.49
0.43
0.43
0.41
0.44
0.41
0.43
0.39
0.41
0.61
0.56
0.56
0.54
