CorWatt	PkgWatt
4.62	153.32
0.09	76.00
0.11
0.10
0.09
0.08
0.09
0.08
0.08
0.07
0.07
0.07
0.07
0.07
0.07
0.07
0.07
0.08
0.09
0.08
0.08
0.10
0.08
0.08
0.08
0.07
0.07
0.07
0.07
0.07
0.07
0.07
0.07
0.07	77.35
0.07
0.07
0.06
0.07
0.07
0.06
0.06
0.06
0.07
0.06
0.06
0.06
0.06
0.06
0.06
0.06
0.06
0.06
0.06
0.07
0.07
0.07
0.07
0.07
0.07
0.07
0.07
0.06
0.06
0.06
0.07
CorWatt	PkgWatt
4.63	151.28
0.09	75.91
0.10
0.09
0.09
0.09
0.08
0.08
0.08
0.07
0.07
0.14
0.09
0.07
0.07
0.16
0.07
0.08
0.09
0.08
0.08
0.09
0.09
0.09
0.08
0.08
0.07
0.07
0.08
0.07
0.07
0.07
0.08
0.06	75.35
0.06
0.06
0.06
0.06
0.06
0.06
0.06
0.06
0.07
0.06
0.06
0.06
0.06
0.06
0.06
0.06
0.06
0.06
0.06
0.07
0.07
0.06
0.06
0.06
0.06
0.07
0.06
0.06
0.06
0.06
0.06
CorWatt	PkgWatt
7.70	163.36
0.13	82.18
0.17
0.13
0.12
0.14
0.19
0.14
0.12
0.10
0.10
0.09
0.12
0.13
0.13
0.10
0.13
0.10
0.15
0.13
0.11
0.16
0.13
0.11
0.11
0.14
0.14
0.12
0.14
0.20
0.14
0.10
0.12
0.12	81.28
0.18
0.11
0.16
0.11
0.09
0.09
0.11
0.09
0.11
0.16
0.09
0.10
0.09
0.08
0.11
0.12
0.11
0.17
0.14
0.12
0.13
0.09
0.10
0.09
0.10
0.11
0.10
0.09
0.10
0.09
0.10
CorWatt	PkgWatt
4.73	151.82
0.09	75.84
0.10
0.10
0.09
0.08
0.08
0.08
0.08
0.07
0.07
0.07
0.07
0.07
0.07
0.07
0.07
0.08
0.08
0.08
0.08
0.09
0.08
0.08
0.08
0.07
0.07
0.07
0.07
0.09
0.10
0.07
0.07
0.07	75.72
0.07
0.07
0.08
0.07
0.07
0.07
0.07
0.07
0.08
0.07
0.07
0.06
0.06
0.06
0.06
0.07
0.07
0.08
0.07
0.07
0.07
0.07
0.07
0.07
0.07
0.07
0.07
0.06
0.06
0.06
0.06
