CorWatt	PkgWatt
15.27	127.63
0.52	127.64
0.56
0.56
0.47
0.50
0.51
0.53
0.52
0.45
0.44
0.43
0.39
0.51
0.53
0.51
0.52
0.49
0.47
0.50
0.48
0.41
0.46
0.43
0.42
0.38
0.39
0.38
0.38
0.52
0.53
0.52
0.52
CorWatt	PkgWatt
15.21	126.93
0.50	127.50
0.49
0.49
0.49
0.53
0.50
0.49
0.54
0.45
0.53
0.45
0.45
0.56
0.55
0.52
0.51
0.45
0.52
0.52
0.47
0.44
0.43
0.44
0.40
0.35
0.36
0.41
0.36
0.51
0.52
0.51
0.49
CorWatt	PkgWatt
17.11	130.24
0.64	129.69
0.53
0.56
0.61
0.61
0.65
0.64
0.64
0.45
0.60
0.42
0.42
0.55
0.63
0.58
0.56
0.45
0.51
0.49
0.56
0.45
0.46
0.49
0.48
0.46
0.42
0.48
0.47
0.54
0.55
0.63
0.54
CorWatt	PkgWatt
16.29	128.43
0.53	128.20
0.54
0.53
0.52
0.69
0.59
0.55
0.56
0.43
0.48
0.42
0.43
0.55
0.56
0.60
0.56
0.49
0.51
0.50
0.51
0.44
0.44
0.46
0.44
0.41
0.41
0.45
0.41
0.57
0.56
0.56
0.58
