CorWatt	PkgWatt
15.26	127.15
0.53	127.12
0.47
0.54
0.52
0.54
0.53
0.53
0.58
0.48
0.45
0.43
0.40
0.52
0.53
0.52
0.52
0.46
0.48
0.46
0.48
0.40
0.40
0.41
0.40
0.39
0.38
0.42
0.37
0.54
0.52
0.54
0.51
CorWatt	PkgWatt
14.79	126.88
0.54	126.94
0.46
0.53
0.49
0.50
0.53
0.50
0.50
0.51
0.44
0.40
0.40
0.50
0.51
0.50
0.51
0.47
0.49
0.45
0.46
0.41
0.38
0.38
0.38
0.38
0.36
0.40
0.36
0.52
0.51
0.52
0.49
CorWatt	PkgWatt
18.30	129.72
0.63	129.71
0.61
0.64
0.56
0.63
0.64
0.67
0.59
0.52
0.53
0.48
0.50
0.58
0.60
0.59
0.56
0.53
0.57
0.55
0.54
0.54
0.54
0.54
0.48
0.57
0.55
0.50
0.61
0.61
0.63
0.62
0.59
CorWatt	PkgWatt
15.57	127.47
0.55	127.40
0.51
0.55
0.43
0.51
0.53
0.56
0.53
0.46
0.44
0.37
0.38
0.52
0.53
0.52
0.53
0.51
0.53
0.47
0.46
0.41
0.39
0.41
0.40
0.50
0.49
0.45
0.52
0.53
0.51
0.55
0.52
