CorWatt	PkgWatt
15.57	127.82
0.54	127.84
0.49
0.49
0.50
0.52
0.52
0.54
0.52
0.41
0.55
0.42
0.45
0.57
0.55
0.55
0.55
0.49
0.50
0.47
0.51
0.43
0.45
0.45
0.42
0.38
0.36
0.43
0.36
0.55
0.56
0.53
0.53
CorWatt	PkgWatt
15.31	127.22
0.51	127.66
0.48
0.49
0.48
0.51
0.51
0.49
0.51
0.44
0.46
0.40
0.44
0.57
0.52
0.53
0.55
0.48
0.54
0.47
0.53
0.43
0.41
0.45
0.44
0.38
0.36
0.44
0.38
0.56
0.54
0.54
0.53
CorWatt	PkgWatt
21.67	134.09
0.69	133.64
0.59
0.62
0.65
0.62
2.72
0.60
0.61
0.55
0.55
0.50
0.59
0.66
0.66
0.63
0.73
0.69
0.61
0.61
0.59
0.52
0.46
0.50
0.57
0.54
0.48
0.49
0.57
0.78
0.70
0.73
0.82
CorWatt	PkgWatt
16.53	128.58
1.16	128.56
0.70
0.73
0.68
0.53
0.62
0.50
0.49
0.44
0.47
0.38
0.40
0.51
0.51
0.50
0.51
0.45
0.47
0.52
0.50
0.41
0.40
0.38
0.39
0.39
0.38
0.44
0.39
0.59
0.56
0.58
0.53
CorWatt	PkgWatt
16.21	128.56
1.21	128.55
0.70
0.74
0.69
0.49
0.62
0.50
0.49
0.42
0.44
0.38
0.39
0.50
0.51
0.50
0.52
0.45
0.48
0.52
0.49
0.39
0.38
0.38
0.38
0.40
0.35
0.42
0.35
0.54
0.53
0.53
0.50
CorWatt	PkgWatt
17.24	129.14
1.21	129.18
0.80
0.72
0.71
0.53
0.65
0.55
0.54
0.47
0.48
0.41
0.43
0.57
0.58
0.56
0.58
0.50
0.49
0.49
0.49
0.43
0.38
0.38
0.43
0.42
0.35
0.40
0.36
0.57
0.60
0.60
0.55
CorWatt	PkgWatt
16.45	128.68
0.73	128.64
1.24
0.71
0.72
0.49
0.62
0.50
0.52
0.43
0.44
0.38
0.41
0.51
0.57
0.53
0.53
0.47
0.47
0.49
0.47
0.39
0.40
0.39
0.40
0.38
0.36
0.38
0.37
0.53
0.52
0.53
0.53
CorWatt	PkgWatt
16.43	128.57
1.08	128.57
1.04
0.68
0.75
0.48
0.61
0.49
0.49
0.43
0.43
0.38
0.40
0.53
0.52
0.50
0.52
0.47
0.50
0.50
0.47
0.39
0.38
0.39
0.38
0.39
0.35
0.36
0.35
0.52
0.51
0.61
0.53
CorWatt	PkgWatt
17.40	130.15
0.52	130.16
3.17
0.48
0.50
0.50
0.61
0.50
0.49
0.41
0.43
0.38
0.39
0.50
0.52
0.50
0.52
0.47
0.49
0.49
0.47
0.39
0.38
0.38
0.38
0.36
0.36
0.36
0.35
0.51
0.51
0.56
0.51
CorWatt	PkgWatt
17.43	130.42
0.53	130.42
3.19
0.53
0.49
0.49
0.61
0.51
0.50
0.42
0.44
0.38
0.39
0.52
0.51
0.52
0.53
0.46
0.48
0.48
0.47
0.39
0.38
0.39
0.38
0.35
0.35
0.36
0.36
0.51
0.51
0.51
0.50
CorWatt	PkgWatt
17.53	130.25
0.53	130.24
3.18
0.52
0.48
0.49
0.60
0.50
0.49
0.44
0.43
0.39
0.39
0.50
0.53
0.52
0.53
0.46
0.47
0.50
0.48
0.39
0.39
0.38
0.39
0.36
0.37
0.38
0.37
0.54
0.51
0.51
0.52
CorWatt	PkgWatt
17.77	130.49
0.55	130.50
3.19
0.53
0.49
0.49
0.60
0.51
0.51
0.43
0.44
0.43
0.39
0.50
0.51
0.54
0.54
0.48
0.49
0.51
0.48
0.40
0.39
0.39
0.40
0.37
0.36
0.38
0.38
0.52
0.51
0.54
0.50
CorWatt	PkgWatt
17.70	130.48
0.53	130.48
3.18
0.52
0.52
0.49
0.61
0.50
0.50
0.41
0.46
0.43
0.40
0.51
0.52
0.50
0.51
0.46
0.49
0.50
0.49
0.39
0.40
0.38
0.40
0.38
0.36
0.38
0.37
0.53
0.52
0.53
0.51
CorWatt	PkgWatt
17.50	130.38
0.53	130.38
3.18
0.48
0.50
0.49
0.60
0.49
0.49
0.38
0.48
0.39
0.39
0.50
0.54
0.51
0.51
0.45
0.47
0.48
0.47
0.39
0.39
0.38
0.39
0.38
0.37
0.36
0.37
0.53
0.51
0.58
0.50
CorWatt	PkgWatt
17.56	130.21
0.53	130.21
3.17
0.50
0.50
0.51
0.61
0.51
0.50
0.39
0.43
0.41
0.39
0.50
0.54
0.54
0.53
0.45
0.47
0.48
0.48
0.39
0.39
0.38
0.39
0.37
0.36
0.38
0.36
0.52
0.51
0.55
0.50
CorWatt	PkgWatt
17.46	130.24
0.53	130.24
3.17
0.48
0.50
0.49
0.60
0.49
0.49
0.40
0.44
0.40
0.39
0.52
0.54
0.53
0.53
0.45
0.47
0.48
0.49
0.41
0.38
0.38
0.40
0.35
0.36
0.37
0.36
0.52
0.53
0.51
0.49
CorWatt	PkgWatt
17.36	130.13
0.53	130.13
3.18
0.49
0.51
0.49
0.60
0.49
0.50
0.42
0.46
0.40
0.40
0.50
0.52
0.51
0.52
0.45
0.47
0.48
0.47
0.39
0.38
0.38
0.39
0.36
0.35
0.36
0.35
0.52
0.51
0.51
0.50
CorWatt	PkgWatt
17.46	130.36
0.56	130.37
3.17
0.50
0.51
0.49
0.61
0.51
0.49
0.40
0.43
0.39
0.42
0.51
0.52
0.50
0.53
0.45
0.48
0.47
0.46
0.39
0.38
0.38
0.39
0.36
0.36
0.36
0.36
0.53
0.51
0.56
0.50
CorWatt	PkgWatt
17.56	130.38
0.54	130.37
3.19
0.51
0.47
0.49
0.63
0.51
0.49
0.39
0.43
0.40
0.40
0.56
0.52
0.53
0.54
0.45
0.47
0.49
0.48
0.40
0.40
0.38
0.39
0.37
0.35
0.36
0.35
0.52
0.51
0.55
0.51
CorWatt	PkgWatt
17.52	130.19
0.55	130.20
3.16
0.49
0.46
0.49
0.60
0.49
0.49
0.41
0.46
0.43
0.42
0.52
0.55
0.51
0.53
0.45
0.46
0.48
0.46
0.39
0.38
0.38
0.38
0.35
0.35
0.39
0.35
0.51
0.50
0.59
0.51
CorWatt	PkgWatt
18.14	130.19
0.80	130.20
0.58
0.61
0.53
1.08
0.78
0.73
0.69
0.48
0.50
0.45
0.77
0.59
0.61
0.57
0.59
0.51
0.51
0.55
0.53
0.44
0.44
0.44
0.45
0.43
0.40
0.42
0.40
0.56
0.55
0.58
0.56
CorWatt	PkgWatt
16.91	128.89
0.60	128.86
0.45
0.52
0.45
1.40
1.01
0.85
0.84
0.39
0.45
0.41
0.40
0.52
0.54
0.52
0.53
0.46
0.48
0.49
0.47
0.40
0.41
0.39
0.41
0.37
0.36
0.37
0.37
0.53
0.52
0.52
0.50
CorWatt	PkgWatt
16.97	128.96
0.62	128.97
0.47
0.48
0.46
0.88
1.53
0.87
0.84
0.42
0.47
0.41
0.40
0.53
0.53
0.51
0.53
0.46
0.50
0.50
0.47
0.40
0.39
0.38
0.39
0.37
0.38
0.37
0.35
0.52
0.51
0.53
0.50
CorWatt	PkgWatt
16.87	128.98
0.60	128.99
0.47
0.47
0.52
0.88
1.52
0.87
0.84
0.39
0.46
0.41
0.41
0.50
0.50
0.50
0.52
0.45
0.47
0.48
0.46
0.39
0.38
0.38
0.38
0.38
0.37
0.36
0.37
0.54
0.53
0.56
0.51
CorWatt	PkgWatt
16.66	128.89
0.60	128.88
0.46
0.47
0.48
1.50
0.85
0.86
0.83
0.40
0.44
0.40
0.38
0.51
0.52
0.50
0.52
0.45
0.47
0.48
0.47
0.40
0.39
0.38
0.40
0.36
0.35
0.36
0.35
0.52
0.51
0.54
0.50
CorWatt	PkgWatt
16.63	128.73
0.59	128.73
0.44
0.47
0.49
1.51
0.85
0.85
0.83
0.38
0.44
0.41
0.38
0.50
0.51
0.50
0.52
0.47
0.48
0.49
0.48
0.39
0.38
0.38
0.38
0.36
0.35
0.36
0.35
0.51
0.50
0.56
0.51
CorWatt	PkgWatt
17.94	129.95
0.61	129.95
0.48
0.47
0.50
2.12
1.05
1.05
1.03
0.41
0.43
0.40
0.38
0.50
0.52
0.52
0.54
0.47
0.48
0.48
0.47
0.40
0.39
0.38
0.39
0.36
0.35
0.36
0.35
0.52
0.51
0.51
0.50
CorWatt	PkgWatt
19.88	131.54
0.60	131.55
0.45
0.47
0.50
3.11
1.35
1.35
1.34
0.40
0.45
0.40
0.40
0.51
0.53
0.50
0.51
0.46
0.48
0.49
0.47
0.40
0.39
0.40
0.40
0.35
0.37
0.36
0.38
0.53
0.51
0.53
0.51
CorWatt	PkgWatt
19.67	131.65
0.60	131.65
0.46
0.49
0.50
1.34
3.10
1.35
1.34
0.38
0.44
0.39
0.38
0.50
0.51
0.50
0.51
0.45
0.47
0.49
0.47
0.40
0.39
0.39
0.39
0.35
0.35
0.36
0.35
0.52
0.51
0.51
0.50
CorWatt	PkgWatt
19.70	131.36
0.59	131.36
0.44
0.46
0.49
3.08
1.35
1.35
1.34
0.40
0.45
0.39
0.40
0.50
0.51
0.50
0.52
0.45
0.47
0.48
0.47
0.41
0.41
0.39
0.39
0.35
0.35
0.36
0.36
0.51
0.50
0.51
0.50
CorWatt	PkgWatt
19.96	131.68
0.60	131.67
0.47
0.47
0.51
1.70
2.76
1.35
1.34
0.40
0.43
0.41
0.40
0.53
0.52
0.51
0.52
0.46
0.47
0.49
0.47
0.41
0.39
0.41
0.40
0.37
0.36
0.38
0.35
0.53
0.51
0.54
0.50
CorWatt	PkgWatt
19.97	131.72
0.60	131.73
0.46
0.52
0.50
1.99
2.47
1.35
1.34
0.38
0.44
0.39
0.38
0.52
0.52
0.52
0.52
0.46
0.51
0.48
0.47
0.43
0.39
0.40
0.44
0.35
0.35
0.37
0.36
0.51
0.51
0.54
0.49
CorWatt	PkgWatt
19.98	131.88
0.60	131.88
0.50
0.49
0.48
2.20
2.24
1.35
1.34
0.40
0.48
0.40
0.40
0.54
0.53
0.51
0.52
0.46
0.49
0.49
0.48
0.40
0.39
0.39
0.40
0.36
0.35
0.36
0.36
0.52
0.51
0.53
0.51
CorWatt	PkgWatt
19.86	131.54
0.61	131.54
0.46
0.50
0.44
2.03
2.42
1.35
1.34
0.39
0.45
0.38
0.38
0.53
0.50
0.50
0.51
0.45
0.48
0.49
0.48
0.41
0.40
0.39
0.39
0.36
0.36
0.38
0.38
0.54
0.51
0.53
0.50
CorWatt	PkgWatt
19.79	131.54
0.59	131.53
0.47
0.52
0.45
2.08
2.37
1.35
1.34
0.41
0.44
0.38
0.38
0.51
0.52
0.50
0.51
0.46
0.47
0.49
0.47
0.40
0.39
0.39
0.39
0.36
0.35
0.38
0.35
0.52
0.51
0.52
0.51
CorWatt	PkgWatt
19.69	131.65
0.60	131.65
0.45
0.52
0.44
3.10
1.35
1.35
1.33
0.39
0.43
0.38
0.39
0.50
0.51
0.50
0.51
0.47
0.50
0.49
0.47
0.39
0.39
0.38
0.39
0.37
0.35
0.37
0.35
0.51
0.51
0.52
0.49
CorWatt	PkgWatt
19.76	131.56
0.60	131.57
0.45
0.51
0.44
1.34
3.12
1.35
1.34
0.39
0.44
0.38
0.38
0.50
0.53
0.52
0.51
0.47
0.48
0.49
0.47
0.39
0.40
0.38
0.40
0.37
0.35
0.36
0.36
0.51
0.51
0.52
0.51
CorWatt	PkgWatt
19.21	131.27
0.70	131.24
0.54
0.56
0.52
1.23
1.84
1.03
1.03
0.45
0.48
0.42
0.74
0.58
0.58
0.57
0.57
0.48
0.51
0.52
0.50
0.42
0.42
0.42
0.42
0.38
0.38
0.38
0.37
0.54
0.54
0.56
0.54
CorWatt	PkgWatt
16.66	128.67
0.74	128.71
0.48
0.51
0.52
1.02
0.77
0.71
0.92
0.42
0.46
0.39
0.41
0.54
0.54
0.52
0.54
0.49
0.50
0.50
0.48
0.41
0.39
0.40
0.40
0.38
0.38
0.38
0.38
0.53
0.52
0.53
0.51
CorWatt	PkgWatt
15.90	128.18
0.58	128.18
0.45
0.49
0.47
1.09
0.78
0.74
0.81
0.39
0.45
0.39
0.40
0.50
0.51
0.50
0.52
0.46
0.47
0.48
0.46
0.39
0.38
0.38
0.38
0.35
0.35
0.36
0.35
0.51
0.51
0.51
0.49
CorWatt	PkgWatt
16.00	128.43
0.61	128.43
0.44
0.50
0.46
1.02
0.77
0.73
0.87
0.39
0.44
0.38
0.38
0.51
0.53
0.50
0.52
0.45
0.47
0.49
0.46
0.39
0.38
0.38
0.38
0.35
0.36
0.38
0.37
0.53
0.51
0.55
0.50
CorWatt	PkgWatt
15.96	128.15
0.59	128.15
0.43
0.48
0.44
1.08
0.78
0.73
0.81
0.40
0.45
0.40
0.40
0.51
0.52
0.52
0.51
0.47
0.46
0.49
0.46
0.39
0.38
0.38
0.38
0.35
0.35
0.39
0.37
0.51
0.50
0.51
0.49
CorWatt	PkgWatt
16.68	128.89
0.58	128.89
0.45
0.52
0.51
1.00
0.75
0.73
0.99
0.42
0.48
0.42
0.41
0.53
0.54
0.51
0.54
0.49
0.50
0.52
0.49
0.40
0.41
0.39
0.40
0.39
0.39
0.39
0.40
0.55
0.53
0.53
0.54
CorWatt	PkgWatt
18.63	133.50
0.57	133.50
0.44
0.48
0.49
4.50
0.52
0.49
0.52
0.39
0.45
0.39
0.39
0.50
0.50
0.50
0.51
0.45
0.46
0.49
0.47
0.39
0.39
0.38
0.39
0.36
0.37
0.37
0.36
0.54
0.50
0.57
0.50
CorWatt	PkgWatt
18.66	133.66
0.58	133.66
0.46
0.49
0.47
4.50
0.53
0.52
0.55
0.40
0.44
0.41
0.38
0.50
0.53
0.51
0.51
0.45
0.47
0.48
0.47
0.40
0.39
0.38
0.39
0.35
0.35
0.36
0.35
0.52
0.50
0.52
0.50
CorWatt	PkgWatt
18.68	133.67
0.57	133.68
0.46
0.49
0.47
4.51
0.51
0.50
0.52
0.40
0.45
0.41
0.38
0.53
0.52
0.51
0.53
0.45
0.46
0.48
0.48
0.41
0.39
0.39
0.41
0.35
0.35
0.36
0.35
0.52
0.52
0.51
0.49
CorWatt	PkgWatt
18.81	133.81
0.57	133.81
0.45
0.49
0.48
4.51
0.52
0.50
0.53
0.42
0.45
0.41
0.40
0.51
0.53
0.50
0.53
0.45
0.47
0.48
0.47
0.40
0.40
0.39
0.40
0.37
0.35
0.36
0.36
0.52
0.51
0.55
0.51
CorWatt	PkgWatt
18.60	133.76
0.59	133.76
0.44
0.49
0.49
4.52
0.51
0.52
0.52
0.39
0.44
0.39
0.39
0.51
0.52
0.50
0.51
0.45
0.48
0.48
0.47
0.39
0.39
0.38
0.39
0.35
0.35
0.36
0.35
0.51
0.52
0.51
0.50
CorWatt	PkgWatt
18.77	133.99
0.58	133.99
0.46
0.51
0.50
4.50
0.55
0.51
0.53
0.40
0.44
0.39
0.38
0.54
0.52
0.52
0.53
0.45
0.47
0.49
0.47
0.39
0.39
0.39
0.39
0.35
0.35
0.36
0.36
0.52
0.52
0.51
0.50
CorWatt	PkgWatt
18.77	133.78
0.58	133.79
0.45
0.48
0.48
4.51
0.52
0.50
0.52
0.40
0.46
0.41
0.41
0.52
0.55
0.50
0.52
0.45
0.47
0.49
0.47
0.39
0.39
0.38
0.39
0.35
0.35
0.38
0.35
0.52
0.51
0.57
0.51
CorWatt	PkgWatt
18.77	133.82
0.60	133.82
0.46
0.54
0.49
4.49
0.52
0.51
0.53
0.39
0.43
0.40
0.39
0.51
0.52
0.50
0.53
0.46
0.48
0.50
0.47
0.40
0.39
0.39
0.40
0.36
0.35
0.37
0.35
0.52
0.51
0.52
0.51
CorWatt	PkgWatt
18.67	134.00
0.58	134.00
0.45
0.48
0.49
4.51
0.53
0.50
0.52
0.39
0.44
0.40
0.38
0.50
0.52
0.52
0.52
0.45
0.47
0.48
0.46
0.39
0.40
0.38
0.40
0.35
0.35
0.36
0.35
0.51
0.51
0.57
0.49
CorWatt	PkgWatt
18.75	133.81
0.58	133.81
0.45
0.47
0.48
4.51
0.51
0.50
0.54
0.40
0.47
0.40
0.39
0.51
0.52
0.50
0.51
0.47
0.47
0.48
0.47
0.39
0.39
0.38
0.39
0.36
0.36
0.36
0.37
0.52
0.51
0.56
0.51
CorWatt	PkgWatt
18.94	133.95
0.58	133.95
0.46
0.48
0.53
4.51
0.52
0.52
0.54
0.41
0.46
0.41
0.38
0.51
0.51
0.50
0.54
0.45
0.47
0.49
0.46
0.39
0.39
0.38
0.39
0.37
0.38
0.36
0.38
0.54
0.52
0.56
0.52
CorWatt	PkgWatt
18.81	133.89
0.58	133.89
0.46
0.49
0.48
4.52
0.52
0.51
0.54
0.41
0.44
0.41
0.38
0.50
0.53
0.50
0.52
0.46
0.47
0.49
0.47
0.42
0.42
0.39
0.41
0.36
0.36
0.37
0.36
0.52
0.51
0.52
0.51
CorWatt	PkgWatt
18.50	131.23
0.65	131.25
0.54
0.56
0.55
1.09
0.58
0.56
0.57
0.45
0.53
0.50
0.47
0.60
0.58
0.57
0.58
0.59
0.63
0.78
0.70
0.98
0.45
0.44
0.45
0.43
0.42
0.43
0.46
0.58
0.58
0.64
0.56
CorWatt	PkgWatt
16.32	128.65
0.53	128.64
0.48
0.49
0.50
0.51
0.54
0.50
0.51
0.41
0.44
0.41
0.39
0.51
0.53
0.50
0.52
0.69
0.71
0.74
1.21
0.51
0.39
0.39
0.40
0.36
0.36
0.37
0.35
0.52
0.51
0.58
0.50
CorWatt	PkgWatt
16.33	128.66
0.51	128.67
0.45
0.46
0.48
0.50
0.51
0.48
0.49
0.41
0.47
0.41
0.40
0.51
0.53
0.51
0.51
0.68
0.71
1.04
0.93
0.53
0.39
0.39
0.40
0.35
0.37
0.38
0.37
0.53
0.52
0.60
0.51
CorWatt	PkgWatt
16.26	128.75
0.54	128.75
0.45
0.50
0.46
0.49
0.51
0.49
0.50
0.39
0.45
0.41
0.40
0.51
0.52
0.50
0.53
0.69
0.71
1.18
0.73
0.52
0.39
0.39
0.40
0.37
0.37
0.37
0.35
0.52
0.51
0.59
0.51
CorWatt	PkgWatt
16.04	128.49
0.54	128.49
0.44
0.46
0.44
0.49
0.51
0.48
0.48
0.41
0.44
0.40
0.41
0.50
0.51
0.50
0.52
0.68
0.71
0.92
0.98
0.53
0.40
0.38
0.39
0.35
0.35
0.37
0.35
0.51
0.51
0.58
0.49
CorWatt	PkgWatt
16.42	128.81
0.55	128.82
0.45
0.48
0.45
0.51
0.50
0.52
0.52
0.39
0.44
0.42
0.38
0.51
0.52
0.50
0.52
0.67
0.71
1.45
0.70
0.53
0.39
0.40
0.39
0.35
0.35
0.37
0.35
0.51
0.51
0.57
0.50
CorWatt	PkgWatt
18.13	130.97
0.57	130.97
0.45
0.52
0.45
0.52
0.50
0.50
0.51
0.39
0.44
0.38
0.38
0.52
0.51
0.53
0.53
0.60
0.65
0.68
3.19
0.54
0.40
0.40
0.43
0.36
0.35
0.36
0.35
0.51
0.51
0.59
0.50
CorWatt	PkgWatt
18.43	131.13
0.57	131.13
0.47
0.50
0.46
0.52
0.52
0.52
0.53
0.41
0.48
0.39
0.40
0.52
0.54
0.53
0.54
0.62
0.63
0.66
3.17
0.52
0.41
0.41
0.43
0.38
0.39
0.39
0.37
0.53
0.52
0.58
0.53
CorWatt	PkgWatt
18.02	130.86
0.58	130.86
0.46
0.48
0.44
0.50
0.51
0.49
0.49
0.40
0.45
0.38
0.39
0.50
0.51
0.50
0.52
0.59
0.63
0.65
3.17
0.53
0.41
0.39
0.40
0.36
0.37
0.40
0.38
0.54
0.50
0.59
0.50
CorWatt	PkgWatt
17.91	130.83
0.56	130.82
0.45
0.48
0.44
0.51
0.52
0.49
0.50
0.40
0.43
0.38
0.38
0.50
0.52
0.50
0.52
0.58
0.62
3.18
0.67
0.51
0.39
0.39
0.40
0.37
0.36
0.38
0.37
0.53
0.50
0.57
0.50
CorWatt	PkgWatt
17.85	130.93
0.56	130.92
0.45
0.48
0.44
0.50
0.51
0.49
0.49
0.38
0.44
0.38
0.38
0.50
0.51
0.50
0.52
0.61
0.63
3.16
0.63
0.52
0.39
0.39
0.40
0.39
0.35
0.37
0.36
0.52
0.51
0.57
0.51
CorWatt	PkgWatt
18.08	131.06
0.56	131.06
0.45
0.49
0.45
0.50
0.52
0.50
0.51
0.41
0.44
0.38
0.39
0.50
0.54
0.52
0.52
0.62
0.62
3.16
0.64
0.52
0.42
0.41
0.41
0.38
0.36
0.37
0.37
0.53
0.51
0.57
0.51
CorWatt	PkgWatt
17.95	130.86
0.57	130.87
0.46
0.51
0.47
0.50
0.51
0.50
0.49
0.42
0.43
0.38
0.39
0.52
0.52
0.50
0.53
0.59
0.61
3.18
0.62
0.53
0.40
0.39
0.40
0.36
0.35
0.36
0.35
0.53
0.51
0.59
0.50
CorWatt	PkgWatt
17.97	130.93
0.55	130.93
0.45
0.49
0.49
0.53
0.53
0.50
0.50
0.39
0.43
0.38
0.38
0.50
0.52
0.50
0.51
0.61
0.65
0.68
3.17
0.51
0.40
0.39
0.40
0.36
0.36
0.36
0.35
0.52
0.50
0.57
0.51
CorWatt	PkgWatt
17.87	130.85
0.55	130.85
0.45
0.49
0.48
0.50
0.52
0.52
0.51
0.39
0.43
0.38
0.38
0.50
0.51
0.50
0.52
0.59
0.62
0.65
3.17
0.52
0.40
0.39
0.40
0.36
0.36
0.36
0.35
0.51
0.50
0.57
0.50
CorWatt	PkgWatt
18.15	130.99
0.55	130.99
0.47
0.51
0.49
0.50
0.51
0.50
0.51
0.39
0.44
0.39
0.39
0.50
0.53
0.51
0.54
0.60
0.63
0.66
3.17
0.51
0.40
0.40
0.40
0.37
0.38
0.39
0.38
0.54
0.51
0.57
0.51
CorWatt	PkgWatt
18.04	130.98
0.55	130.98
0.44
0.48
0.48
0.52
0.51
0.50
0.50
0.40
0.45
0.42
0.39
0.51
0.51
0.57
0.53
0.60
0.62
3.15
0.66
0.52
0.39
0.39
0.39
0.36
0.36
0.38
0.37
0.52
0.51
0.56
0.50
CorWatt	PkgWatt
17.57	130.42
0.54	130.41
0.46
0.51
0.50
0.49
0.51
0.49
0.51
0.42
0.48
0.42
0.40
0.51
0.53
0.50
0.52
0.55
0.60
2.42
0.60
0.56
0.42
0.39
0.41
0.38
0.46
0.38
0.37
0.56
0.53
0.60
0.53
CorWatt	PkgWatt
17.92	130.07
0.76	130.09
0.51
0.53
0.52
0.71
0.93
1.01
0.71
0.42
0.47
0.44
0.44
0.54
0.56
0.56
0.57
0.51
0.56
0.54
0.55
0.46
0.45
0.44
0.45
0.42
0.64
0.43
0.41
0.59
0.57
0.65
0.57
CorWatt	PkgWatt
16.45	128.63
0.58	128.62
0.46
0.49
0.48
0.75
1.21
0.81
0.75
0.41
0.48
0.43
0.39
0.51
0.54
0.53
0.53
0.47
0.49
0.48
0.50
0.40
0.40
0.38
0.40
0.36
0.36
0.38
0.35
0.53
0.53
0.58
0.51
CorWatt	PkgWatt
16.34	128.58
0.53	128.58
0.54
0.47
0.49
0.73
1.30
0.74
0.72
0.40
0.47
0.41
0.38
0.52
0.53
0.51
0.55
0.45
0.48
0.47
0.51
0.41
0.39
0.38
0.41
0.35
0.35
0.36
0.35
0.52
0.53
0.58
0.50
CorWatt	PkgWatt
16.73	128.94
0.50	128.95
0.55
0.48
0.51
0.87
1.20
0.77
0.73
0.43
0.49
0.42
0.43
0.50
0.53
0.50
0.53
0.49
0.47
0.46
0.53
0.40
0.39
0.38
0.43
0.39
0.39
0.40
0.39
0.55
0.55
0.52
0.55
CorWatt	PkgWatt
16.14	128.52
0.52	128.51
0.54
0.48
0.49
1.26
0.81
0.75
0.72
0.39
0.43
0.40
0.39
0.51
0.52
0.52
0.51
0.45
0.47
0.45
0.50
0.39
0.38
0.38
0.40
0.35
0.36
0.37
0.35
0.52
0.52
0.51
0.50
CorWatt	PkgWatt
17.54	130.18
0.52	130.18
0.57
0.50
0.48
0.55
2.99
0.57
0.54
0.40
0.44
0.41
0.39
0.54
0.54
0.53
0.55
0.45
0.48
0.46
0.49
0.40
0.39
0.38
0.40
0.36
0.37
0.38
0.36
0.52
0.51
0.54
0.51
CorWatt	PkgWatt
17.69	130.63
0.54	130.63
0.54
0.48
0.46
0.50
3.39
0.53
0.49
0.42
0.45
0.42
0.40
0.51
0.54
0.50
0.53
0.45
0.48
0.46
0.49
0.39
0.38
0.38
0.39
0.36
0.35
0.38
0.36
0.52
0.52
0.58
0.52
CorWatt	PkgWatt
17.55	130.53
0.55	130.53
0.53
0.51
0.47
0.50
3.39
0.52
0.50
0.40
0.43
0.42
0.38
0.50
0.51
0.50
0.51
0.45
0.49
0.45
0.50
0.39
0.39
0.39
0.39
0.35
0.36
0.37
0.35
0.52
0.51
0.53
0.50
CorWatt	PkgWatt
17.47	130.40
0.53	130.40
0.54
0.49
0.48
0.50
3.39
0.52
0.49
0.38
0.44
0.38
0.38
0.50
0.53
0.51
0.51
0.45
0.47
0.45
0.49
0.39
0.40
0.38
0.41
0.35
0.35
0.36
0.35
0.51
0.51
0.52
0.50
CorWatt	PkgWatt
17.75	130.73
0.53	130.73
0.54
0.50
0.48
0.50
3.39
0.53
0.50
0.40
0.47
0.39
0.40
0.51
0.55
0.52
0.52
0.45
0.47
0.46
0.50
0.40
0.41
0.39
0.39
0.36
0.38
0.37
0.35
0.53
0.52
0.52
0.51
CorWatt	PkgWatt
17.91	130.66
0.53	130.67
0.56
0.52
0.50
0.53
3.39
0.55
0.50
0.38
0.44
0.38
0.38
0.50
0.53
0.51
0.53
0.46
0.49
0.46
0.50
0.40
0.40
0.39
0.39
0.38
0.39
0.37
0.38
0.54
0.53
0.59
0.53
CorWatt	PkgWatt
17.58	130.41
0.53	130.40
0.54
0.50
0.47
0.50
3.39
0.52
0.50
0.39
0.44
0.38
0.38
0.50
0.52
0.50
0.51
0.45
0.49
0.45
0.50
0.41
0.41
0.38
0.40
0.35
0.36
0.36
0.35
0.52
0.50
0.56
0.51
CorWatt	PkgWatt
17.56	130.46
0.53	130.46
0.53
0.50
0.48
0.50
3.39
0.53
0.50
0.38
0.43
0.38
0.39
0.52
0.51
0.50
0.52
0.47
0.49
0.45
0.51
0.40
0.39
0.38
0.39
0.35
0.36
0.36
0.35
0.51
0.51
0.56
0.50
CorWatt	PkgWatt
17.74	130.72
0.54	130.72
0.55
0.51
0.51
0.50
3.39
0.53
0.52
0.41
0.44
0.38
0.39
0.51
0.53
0.50
0.52
0.46
0.47
0.46
0.50
0.40
0.40
0.39
0.40
0.36
0.36
0.37
0.35
0.52
0.52
0.52
0.51
CorWatt	PkgWatt
18.38	131.10
0.56	131.12
0.57
0.51
0.49
0.54
3.39
0.55
0.52
0.42
0.48
0.38
0.43
0.55
0.54
0.53
0.55
0.49
0.51
0.45
0.52
0.40
0.41
0.39
0.40
0.38
0.41
0.40
0.39
0.57
0.55
0.52
0.55
CorWatt	PkgWatt
17.53	130.37
0.55	130.36
0.53
0.51
0.46
0.50
3.39
0.53
0.50
0.39
0.44
0.38
0.38
0.51
0.52
0.52
0.52
0.45
0.47
0.45
0.49
0.39
0.39
0.38
0.39
0.35
0.36
0.37
0.36
0.52
0.51
0.51
0.50
CorWatt	PkgWatt
17.54	130.52
0.55	130.52
0.53
0.49
0.44
0.51
3.40
0.52
0.49
0.39
0.44
0.38
0.42
0.50
0.51
0.50
0.52
0.45
0.49
0.45
0.49
0.41
0.40
0.38
0.39
0.35
0.35
0.36
0.35
0.51
0.50
0.55
0.50
CorWatt	PkgWatt
18.34	130.63
0.62	130.64
0.79
0.59
0.54
0.63
1.37
0.64
0.83
0.46
0.49
0.45
0.78
0.59
0.61
0.60
0.58
0.50
0.50
0.49
0.55
0.45
0.46
0.45
0.45
0.40
0.42
0.43
0.41
0.57
0.56
0.57
0.57
CorWatt	PkgWatt
17.06	129.27
0.53	129.26
0.59
0.53
0.45
0.86
1.06
0.84
1.36
0.38
0.45
0.39
0.39
0.55
0.52
0.55
0.54
0.48
0.51
0.46
0.50
0.43
0.39
0.38
0.43
0.36
0.36
0.37
0.35
0.52
0.51
0.54
0.50
CorWatt	PkgWatt
16.80	129.06
0.51	129.06
0.58
0.50
0.45
0.84
1.02
0.84
1.39
0.42
0.49
0.41
0.39
0.51
0.52
0.50
0.51
0.45
0.49
0.45
0.51
0.40
0.39
0.38
0.39
0.35
0.36
0.37
0.35
0.51
0.51
0.51
0.51
CorWatt	PkgWatt
17.04	129.40
0.54	129.40
0.58
0.51
0.45
0.85
0.87
0.84
1.52
0.41
0.45
0.40
0.40
0.52
0.52
0.51
0.52
0.46
0.48
0.46
0.52
0.41
0.41
0.40
0.40
0.37
0.37
0.39
0.38
0.54
0.51
0.53
0.50
CorWatt	PkgWatt
17.02	129.10
0.51	129.10
0.57
0.50
0.47
0.86
0.96
0.85
1.44
0.42
0.44
0.40
0.38
0.51
0.53
0.50
0.52
0.46
0.50
0.46
0.51
0.40
0.39
0.39
0.40
0.38
0.36
0.38
0.36
0.54
0.54
0.58
0.51
CorWatt	PkgWatt
16.77	129.01
0.53	129.01
0.57
0.48
0.46
0.84
1.26
0.84
1.14
0.38
0.44
0.39
0.39
0.50
0.51
0.50
0.52
0.46
0.49
0.45
0.50
0.39
0.38
0.38
0.39
0.38
0.37
0.37
0.37
0.51
0.52
0.52
0.51
CorWatt	PkgWatt
17.25	129.56
0.52	129.55
0.57
0.50
0.45
0.92
1.78
0.93
0.94
0.40
0.44
0.39
0.38
0.50
0.54
0.52
0.52
0.47
0.47
0.45
0.50
0.39
0.40
0.38
0.39
0.36
0.35
0.36
0.35
0.53
0.51
0.51
0.51
CorWatt	PkgWatt
19.95	131.79
0.55	131.79
0.57
0.53
0.45
1.34
2.81
1.35
1.66
0.41
0.44
0.39
0.40
0.54
0.51
0.50
0.52
0.45
0.48
0.46
0.51
0.39
0.39
0.39
0.39
0.36
0.35
0.36
0.35
0.52
0.53
0.55
0.50
CorWatt	PkgWatt
19.94	131.81
0.54	131.81
0.57
0.50
0.46
1.34
3.12
1.35
1.34
0.39
0.43
0.40
0.39
0.52
0.53
0.50
0.52
0.47
0.49
0.48
0.52
0.40
0.39
0.39
0.40
0.36
0.37
0.37
0.35
0.52
0.51
0.52
0.51
CorWatt	PkgWatt
19.76	131.69
0.56	131.69
0.56
0.51
0.45
1.35
1.36
1.35
3.11
0.40
0.44
0.39
0.39
0.50
0.51
0.50
0.52
0.45
0.48
0.46
0.50
0.39
0.39
0.39
0.39
0.35
0.35
0.36
0.35
0.51
0.51
0.51
0.49
CorWatt	PkgWatt
20.64	132.40
0.57	132.41
0.59
0.53
0.49
1.35
1.35
1.35
3.11
0.41
0.46
0.42
0.39
0.56
0.55
0.52
0.54
0.48
0.50
0.49
0.53
0.41
0.41
0.41
0.42
0.39
0.39
0.41
0.40
0.56
0.52
0.56
0.54
CorWatt	PkgWatt
19.92	131.81
0.54	131.80
0.56
0.51
0.45
1.35
1.81
1.35
2.66
0.41
0.46
0.42
0.38
0.51
0.51
0.52
0.52
0.47
0.47
0.46
0.49
0.39
0.39
0.39
0.39
0.35
0.36
0.38
0.37
0.52
0.51
0.52
0.49
CorWatt	PkgWatt
20.29	132.28
0.54	132.28
0.57
0.54
0.47
1.35
3.11
1.35
1.35
0.42
0.48
0.43
0.41
0.51
0.52
0.50
0.53
0.46
0.49
0.46
0.53
0.41
0.41
0.40
0.41
0.38
0.38
0.39
0.38
0.53
0.53
0.52
0.53
CorWatt	PkgWatt
19.82	131.62
0.54	131.61
0.56
0.47
0.45
1.35
2.12
1.35
2.33
0.38
0.43
0.41
0.39
0.50
0.51
0.50
0.51
0.46
0.47
0.46
0.50
0.39
0.39
0.39
0.39
0.37
0.37
0.37
0.36
0.53
0.51
0.54
0.52
CorWatt	PkgWatt
19.89	131.77
0.53	131.77
0.60
0.49
0.46
1.35
3.11
1.35
1.34
0.41
0.44
0.43
0.38
0.51
0.53
0.53
0.51
0.45
0.48
0.46
0.50
0.39
0.39
0.39
0.39
0.35
0.35
0.37
0.35
0.52
0.52
0.52
0.50
CorWatt	PkgWatt
19.88	131.83
0.51	131.83
0.58
0.50
0.45
1.34
3.12
1.35
1.34
0.39
0.45
0.41
0.39
0.52
0.54
0.51
0.54
0.45
0.47
0.46
0.52
0.41
0.39
0.39
0.41
0.35
0.35
0.36
0.35
0.51
0.51
0.52
0.49
CorWatt	PkgWatt
20.03	132.03
0.52	132.03
0.57
0.51
0.46
1.35
3.14
1.35
1.34
0.41
0.45
0.42
0.40
0.52
0.53
0.51
0.52
0.46
0.48
0.47
0.52
0.40
0.39
0.39
0.40
0.36
0.36
0.37
0.35
0.52
0.51
0.52
0.52
CorWatt	PkgWatt
18.86	131.01
0.52	131.01
0.57
0.49
0.45
1.19
2.69
1.20
1.18
0.39
0.44
0.40
0.39
0.50
0.51
0.50
0.52
0.45
0.48
0.47
0.51
0.39
0.39
0.38
0.39
0.36
0.35
0.36
0.36
0.51
0.52
0.51
0.49
CorWatt	PkgWatt
20.02	134.68
0.60	134.70
3.19
0.59
0.55
0.57
0.61
0.84
0.59
0.47
0.82
0.49
0.46
0.64
0.63
0.62
0.60
0.49
0.51
0.50
0.57
0.45
0.45
0.44
0.45
0.42
0.41
0.42
0.41
0.56
0.55
0.56
0.55
CorWatt	PkgWatt
20.01	138.45
0.55	138.44
5.74
0.49
0.46
0.50
0.54
0.60
0.51
0.40
0.45
0.41
0.40
0.51
0.53
0.50
0.52
0.44
0.47
0.45
0.48
0.38
0.38
0.39
0.38
0.36
0.36
0.38
0.35
0.52
0.51
0.55
0.51
CorWatt	PkgWatt
20.08	138.69
0.55	138.69
5.73
0.52
0.46
0.49
0.55
0.57
0.51
0.39
0.44
0.42
0.39
0.51
0.53
0.53
0.53
0.44
0.48
0.45
0.49
0.38
0.38
0.38
0.39
0.36
0.36
0.38
0.36
0.52
0.52
0.55
0.51
CorWatt	PkgWatt
19.88	138.45
0.54	138.45
5.73
0.49
0.47
0.49
0.55
0.59
0.51
0.41
0.45
0.38
0.38
0.50
0.53
0.51
0.52
0.44
0.46
0.44
0.49
0.38
0.39
0.38
0.40
0.35
0.36
0.37
0.35
0.51
0.51
0.51
0.49
CorWatt	PkgWatt
19.97	138.49
0.55	138.50
5.73
0.50
0.48
0.49
0.53
0.59
0.51
0.40
0.48
0.40
0.39
0.50
0.52
0.50
0.52
0.44
0.46
0.44
0.49
0.38
0.38
0.38
0.38
0.37
0.36
0.36
0.36
0.54
0.53
0.52
0.50
CorWatt	PkgWatt
19.98	138.78
0.54	138.78
5.72
0.50
0.48
0.51
0.51
0.61
0.52
0.39
0.44
0.38
0.38
0.52
0.51
0.50
0.52
0.44
0.46
0.44
0.48
0.38
0.38
0.38
0.38
0.39
0.38
0.36
0.37
0.53
0.51
0.56
0.51
CorWatt	PkgWatt
20.10	138.66
0.56	138.66
5.72
0.53
0.48
0.50
0.50
0.59
0.52
0.41
0.44
0.39
0.39
0.51
0.54
0.51
0.52
0.45
0.47
0.45
0.49
0.40
0.40
0.38
0.40
0.37
0.36
0.37
0.36
0.52
0.51
0.52
0.52
CorWatt	PkgWatt
19.84	138.57
0.54	138.57
5.73
0.51
0.47
0.49
0.50
0.60
0.51
0.38
0.44
0.38
0.38
0.50
0.51
0.50
0.51
0.45
0.47
0.44
0.50
0.38
0.38
0.38
0.38
0.36
0.36
0.36
0.35
0.51
0.51
0.56
0.50
CorWatt	PkgWatt
20.09	138.80
0.58	138.80
5.74
0.52
0.49
0.50
0.52
0.60
0.52
0.39
0.46
0.38
0.39
0.51
0.54
0.51
0.52
0.45
0.46
0.44
0.49
0.39
0.38
0.39
0.39
0.36
0.36
0.37
0.35
0.52
0.51
0.55
0.51
CorWatt	PkgWatt
20.09	138.83
0.55	138.83
5.73
0.52
0.48
0.49
0.52
0.60
0.51
0.40
0.45
0.38
0.41
0.50
0.52
0.52
0.52
0.44
0.47
0.44
0.48
0.38
0.38
0.38
0.38
0.39
0.39
0.36
0.39
0.53
0.51
0.53
0.52
CorWatt	PkgWatt
20.05	138.73
0.55	138.73
5.73
0.56
0.49
0.50
0.50
0.59
0.52
0.40
0.45
0.38
0.40
0.51
0.53
0.51
0.52
0.45
0.46
0.45
0.48
0.38
0.38
0.38
0.38
0.37
0.37
0.37
0.36
0.52
0.52
0.52
0.51
CorWatt	PkgWatt
19.88	138.60
0.53	138.61
5.74
0.53
0.47
0.49
0.50
0.60
0.51
0.40
0.43
0.38
0.41
0.51
0.51
0.50
0.52
0.44
0.46
0.44
0.48
0.40
0.40
0.38
0.38
0.36
0.36
0.37
0.35
0.51
0.51
0.51
0.50
CorWatt	PkgWatt
19.99	138.86
0.55	138.86
5.74
0.52
0.49
0.51
0.50
0.62
0.56
0.38
0.43
0.38
0.38
0.53
0.52
0.51
0.52
0.44
0.46
0.44
0.49
0.38
0.38
0.39
0.38
0.36
0.36
0.37
0.35
0.51
0.51
0.52
0.51
CorWatt	PkgWatt
20.16	138.87
0.54	138.87
5.73
0.54
0.47
0.52
0.50
0.60
0.51
0.38
0.44
0.39
0.39
0.54
0.52
0.54
0.54
0.46
0.49
0.44
0.48
0.42
0.38
0.38
0.42
0.36
0.36
0.36
0.36
0.51
0.51
0.56
0.53
CorWatt	PkgWatt
20.14	138.76
0.54	138.76
5.74
0.52
0.49
0.50
0.50
0.59
0.50
0.40
0.48
0.40
0.40
0.52
0.52
0.51
0.54
0.45
0.48
0.45
0.49
0.38
0.38
0.38
0.39
0.38
0.38
0.37
0.36
0.52
0.52
0.55
0.52
CorWatt	PkgWatt
20.03	138.98
0.54	138.98
5.75
0.51
0.47
0.50
0.50
0.59
0.49
0.40
0.45
0.40
0.39
0.51
0.51
0.50
0.52
0.44
0.46
0.45
0.50
0.39
0.39
0.38
0.38
0.38
0.38
0.40
0.38
0.54
0.51
0.53
0.50
CorWatt	PkgWatt
20.04	138.81
0.54	138.81
5.74
0.53
0.48
0.54
0.52
0.59
0.49
0.40
0.44
0.39
0.39
0.51
0.52
0.50
0.52
0.44
0.47
0.45
0.48
0.39
0.38
0.38
0.38
0.38
0.37
0.39
0.37
0.52
0.51
0.53
0.51
CorWatt	PkgWatt
19.67	134.53
0.61	134.55
2.63
0.56
0.54
0.54
0.58
0.64
0.56
0.47
0.49
0.46
0.46
0.57
0.60
0.59
0.59
0.55
0.67
0.54
0.58
0.94
0.45
0.46
0.47
0.48
0.43
0.43
0.43
0.59
0.58
0.60
0.60
CorWatt	PkgWatt
18.16	131.64
0.54	131.62
0.52
0.50
0.48
0.51
0.53
0.52
0.53
0.41
0.45
0.40
0.40
0.54
0.55
0.53
0.53
0.51
3.27
0.52
0.55
0.53
0.44
0.41
0.42
0.37
0.37
0.37
0.36
0.52
0.53
0.54
0.53
CorWatt	PkgWatt
17.77	131.06
0.55	131.08
0.51
0.50
0.48
0.50
0.51
0.50
0.51
0.42
0.44
0.39
0.38
0.53
0.51
0.50
0.51
0.48
3.21
0.51
0.53
0.52
0.40
0.40
0.40
0.37
0.37
0.37
0.37
0.52
0.52
0.55
0.51
CorWatt	PkgWatt
17.70	131.12
0.52	131.11
0.49
0.48
0.47
0.52
0.50
0.50
0.52
0.39
0.44
0.39
0.38
0.51
0.52
0.50
0.51
0.51
3.08
0.66
0.55
0.52
0.40
0.39
0.40
0.36
0.37
0.36
0.36
0.52
0.51
0.52
0.51
CorWatt	PkgWatt
17.66	131.18
0.54	131.18
0.51
0.48
0.47
0.50
0.52
0.52
0.51
0.39
0.44
0.39
0.38
0.51
0.51
0.50
0.51
0.49
3.20
0.52
0.53
0.52
0.40
0.40
0.40
0.36
0.36
0.37
0.36
0.52
0.52
0.53
0.51
CorWatt	PkgWatt
17.99	131.43
0.56	131.43
0.49
0.49
0.49
0.51
0.52
0.51
0.53
0.40
0.44
0.41
0.38
0.52
0.54
0.53
0.53
0.49
3.21
0.55
0.54
0.51
0.40
0.40
0.41
0.37
0.39
0.39
0.39
0.54
0.52
0.52
0.53
CorWatt	PkgWatt
17.74	131.21
0.55	131.21
0.45
0.48
0.46
0.51
0.51
0.50
0.53
0.41
0.44
0.42
0.38
0.52
0.51
0.52
0.51
0.50
3.19
0.54
0.53
0.52
0.40
0.40
0.40
0.36
0.37
0.38
0.38
0.52
0.51
0.52
0.50
CorWatt	PkgWatt
17.96	131.38
0.56	131.38
0.46
0.51
0.48
0.51
0.51
0.50
0.53
0.41
0.48
0.42
0.38
0.52
0.52
0.50
0.52
0.49
3.19
0.53
0.55
0.54
0.41
0.42
0.41
0.38
0.37
0.38
0.38
0.52
0.52
0.55
0.54
CorWatt	PkgWatt
17.70	131.25
0.54	131.25
0.45
0.52
0.44
0.50
0.53
0.51
0.52
0.39
0.44
0.40
0.41
0.50
0.51
0.50
0.52
0.48
3.20
0.53
0.53
0.52
0.40
0.40
0.40
0.37
0.38
0.37
0.36
0.53
0.50
0.53
0.53
CorWatt	PkgWatt
18.26	131.61
0.53	131.61
0.50
0.52
0.48
0.51
0.53
0.54
0.57
0.42
0.44
0.44
0.39
0.52
0.55
0.54
0.53
0.50
3.19
0.56
0.55
0.53
0.41
0.41
0.41
0.38
0.37
0.38
0.37
0.54
0.54
0.54
0.56
CorWatt	PkgWatt
17.74	131.18
0.54	131.18
0.47
0.51
0.44
0.50
0.50
0.50
0.51
0.39
0.45
0.41
0.38
0.52
0.53
0.51
0.54
0.49
0.74
3.00
0.55
0.54
0.40
0.40
0.42
0.36
0.36
0.36
0.35
0.52
0.51
0.52
0.50
CorWatt	PkgWatt
17.76	131.15
0.55	131.15
0.46
0.54
0.46
0.50
0.51
0.52
0.52
0.40
0.47
0.42
0.40
0.51
0.53
0.50
0.53
0.49
0.56
3.18
0.53
0.52
0.40
0.40
0.40
0.36
0.36
0.36
0.36
0.51
0.51
0.52
0.51
CorWatt	PkgWatt
17.63	131.25
0.53	131.25
0.45
0.52
0.44
0.50
0.50
0.50
0.51
0.40
0.45
0.40
0.38
0.50
0.52
0.50
0.52
0.49
0.55
3.18
0.52
0.52
0.40
0.40
0.40
0.37
0.37
0.36
0.36
0.52
0.52
0.52
0.52
CorWatt	PkgWatt
18.06	131.27
0.54	131.28
0.49
0.55
0.45
0.51
0.53
0.52
0.53
0.42
0.45
0.43
0.40
0.56
0.55
0.52
0.54
0.50
0.55
3.20
0.55
0.52
0.40
0.40
0.41
0.37
0.37
0.37
0.36
0.52
0.52
0.52
0.52
CorWatt	PkgWatt
17.63	130.99
0.53	130.98
0.45
0.51
0.44
0.50
0.50
0.50
0.50
0.39
0.45
0.41
0.39
0.51
0.53
0.50
0.52
0.49
0.81
2.95
0.52
0.53
0.40
0.39
0.40
0.36
0.36
0.37
0.35
0.51
0.52
0.52
0.53
CorWatt	PkgWatt
17.77	131.07
0.55	131.08
0.48
0.49
0.44
0.50
0.50
0.50
0.53
0.39
0.44
0.43
0.38
0.52
0.54
0.52
0.54
0.49
0.57
3.19
0.55
0.53
0.40
0.41
0.40
0.36
0.36
0.36
0.35
0.51
0.51
0.52
0.51
CorWatt	PkgWatt
17.58	130.96
0.54	130.96
0.44
0.47
0.46
0.50
0.52
0.50
0.52
0.39
0.44
0.38
0.38
0.50
0.53
0.52
0.52
0.49
0.55
3.18
0.52
0.52
0.42
0.40
0.42
0.36
0.36
0.37
0.35
0.52
0.51
0.52
0.50
CorWatt	PkgWatt
17.92	131.04
0.52	131.04
0.50
0.49
0.49
0.50
0.51
0.51
0.55
0.40
0.48
0.40
0.38
0.53
0.53
0.54
0.54
0.49
0.56
3.10
0.54
0.52
0.41
0.40
0.41
0.38
0.38
0.37
0.37
0.55
0.53
0.54
0.52
CorWatt	PkgWatt
18.51	130.63
0.57	130.64
0.56
0.54
0.76
1.11
0.69
0.69
0.72
0.47
0.49
0.44
0.45
0.58
0.58
0.57
0.60
0.53
0.58
0.57
0.57
0.51
0.47
0.44
0.48
0.44
0.77
0.44
0.45
0.59
0.60
0.64
0.61
CorWatt	PkgWatt
16.93	129.20
0.50	129.18
0.51
0.50
0.57
1.23
1.02
0.77
0.78
0.42
0.44
0.39
0.39
0.51
0.53
0.51
0.53
0.47
0.56
0.50
0.51
0.42
0.42
0.39
0.42
0.37
0.38
0.38
0.37
0.55
0.53
0.52
0.52
CorWatt	PkgWatt
16.58	128.94
0.52	128.93
0.49
0.49
0.55
1.40
0.83
0.76
0.77
0.38
0.44
0.38
0.39
0.50
0.52
0.50
0.52
0.47
0.55
0.50
0.51
0.40
0.39
0.38
0.39
0.36
0.36
0.37
0.35
0.51
0.52
0.52
0.54
CorWatt	PkgWatt
16.76	128.85
0.56	128.85
0.48
0.49
0.56
1.44
0.81
0.76
0.78
0.42
0.45
0.40
0.38
0.51
0.52
0.52
0.52
0.46
0.54
0.48
0.50
0.42
0.40
0.40
0.42
0.36
0.36
0.37
0.35
0.52
0.52
0.52
0.52
CorWatt	PkgWatt
16.48	128.97
0.51	128.97
0.44
0.47
0.55
0.79
1.46
0.76
0.77
0.39
0.45
0.38
0.39
0.50
0.51
0.50
0.51
0.45
0.53
0.46
0.50
0.39
0.38
0.38
0.39
0.36
0.37
0.36
0.37
0.53
0.53
0.54
0.53
CorWatt	PkgWatt
17.05	129.32
0.55	129.32
0.46
0.50
0.56
0.86
1.82
0.85
0.85
0.39
0.44
0.38
0.39
0.50
0.53
0.50
0.51
0.45
0.52
0.46
0.50
0.39
0.40
0.38
0.39
0.35
0.36
0.37
0.35
0.52
0.51
0.51
0.50
CorWatt	PkgWatt
19.64	131.49
0.54	131.49
0.44
0.47
0.56
1.60
3.06
1.18
1.18
0.40
0.43
0.38
0.41
0.50
0.51
0.50
0.52
0.45
0.48
0.47
0.50
0.41
0.41
0.39
0.39
0.36
0.36
0.36
0.35
0.51
0.51
0.51
0.50
CorWatt	PkgWatt
20.02	131.95
0.56	131.95
0.47
0.49
0.57
2.02
2.65
1.23
1.24
0.41
0.43
0.39
0.39
0.53
0.53
0.50
0.52
0.46
0.50
0.47
0.51
0.40
0.41
0.41
0.40
0.36
0.36
0.37
0.35
0.53
0.52
0.52
0.51
CorWatt	PkgWatt
20.01	132.03
0.55	132.03
0.44
0.50
0.56
2.65
2.02
1.23
1.23
0.39
0.43
0.39
0.38
0.53
0.51
0.53
0.53
0.48
0.51
0.47
0.50
0.42
0.39
0.39
0.43
0.36
0.36
0.37
0.35
0.53
0.51
0.52
0.52
CorWatt	PkgWatt
19.85	131.60
0.52	131.60
0.45
0.48
0.59
1.24
3.43
1.24
1.23
0.39
0.48
0.39
0.38
0.51
0.52
0.50
0.52
0.45
0.49
0.46
0.50
0.39
0.40
0.39
0.39
0.36
0.36
0.36
0.36
0.52
0.51
0.52
0.51
CorWatt	PkgWatt
19.90	131.71
0.53	131.72
0.44
0.47
0.56
1.24
3.43
1.24
1.23
0.40
0.44
0.40
0.39
0.50
0.52
0.51
0.52
0.45
0.47
0.47
0.52
0.41
0.41
0.39
0.39
0.38
0.37
0.39
0.38
0.54
0.52
0.52
0.50
CorWatt	PkgWatt
19.89	131.73
0.53	131.73
0.46
0.48
0.58
3.02
1.48
1.37
1.19
0.39
0.43
0.40
0.39
0.51
0.53
0.50
0.53
0.47
0.49
0.47
0.50
0.40
0.40
0.39
0.40
0.38
0.36
0.39
0.36
0.53
0.51
0.53
0.51
CorWatt	PkgWatt
20.35	132.17
0.54	132.19
0.45
0.46
0.57
1.23
1.25
3.43
1.23
0.43
0.48
0.43
0.38
0.53
0.55
0.50
0.56
0.47
0.52
0.47
0.50
0.40
0.40
0.39
0.39
0.40
0.37
0.37
0.38
0.53
0.59
0.61
0.54
CorWatt	PkgWatt
19.88	131.83
0.53	131.83
0.45
0.47
0.57
1.23
1.26
3.43
1.23
0.39
0.48
0.40
0.38
0.52
0.54
0.52
0.52
0.46
0.49
0.46
0.50
0.40
0.41
0.39
0.40
0.36
0.35
0.36
0.35
0.52
0.51
0.51
0.50
CorWatt	PkgWatt
19.96	131.72
0.54	131.72
0.46
0.50
0.58
2.64
1.25
2.01
1.23
0.42
0.47
0.40
0.39
0.51
0.51
0.50
0.52
0.45
0.50
0.46
0.50
0.39
0.40
0.40
0.40
0.36
0.36
0.36
0.36
0.54
0.52
0.51
0.51
CorWatt	PkgWatt
19.95	131.96
0.52	131.96
0.47
0.48
0.56
1.22
1.23
3.44
1.20
0.42
0.45
0.40
0.38
0.50
0.52
0.50
0.52
0.48
0.48
0.48
0.52
0.40
0.41
0.39
0.41
0.39
0.36
0.38
0.36
0.52
0.54
0.51
0.51
CorWatt	PkgWatt
19.70	131.58
0.52	131.58
0.46
0.49
0.57
1.22
1.24
3.44
1.22
0.39
0.44
0.39
0.38
0.50
0.51
0.50
0.52
0.47
0.47
0.47
0.50
0.39
0.39
0.39
0.39
0.35
0.36
0.37
0.36
0.51
0.51
0.50
0.49
CorWatt	PkgWatt
19.63	130.87
0.60	131.32
0.58
0.55
0.69
0.92
0.96
2.16
0.94
0.48
0.59
0.45
0.46
0.62
0.56
0.54
0.58
0.59
0.58
0.51
0.56
0.45
0.49
0.43
0.44
0.36
0.41
0.38
0.38
0.60
0.63
0.56
0.61
