CorWatt	PkgWatt
4.69	154.07
0.09	77.76
0.09
0.09
0.09
0.09
0.09
0.09
0.08
0.08
0.08
0.08
0.08
0.08
0.08
0.08
0.08
0.08
0.08
0.09
0.08
0.10
0.09
0.09
0.09
0.09
0.17
0.08
0.08
0.08
0.08
0.08
0.08
0.06	76.35
0.06
0.06
0.06
0.07
0.06
0.06
0.06
0.05
0.05
0.05
0.05
0.05
0.05
0.05
0.05
0.07
0.06
0.06
0.07
0.07
0.07
0.07
0.07
0.06
0.06
0.06
0.06
0.05
0.05
0.05
0.06
CorWatt	PkgWatt
5.03	152.14
0.10	76.62
0.09
0.09
0.09
0.09
0.09
0.09
0.10
0.09
0.09
0.09
0.09
0.08
0.12
0.10
0.08
0.09
0.09
0.11
0.09
0.11
0.10
0.09
0.09
0.09
0.14
0.09
0.09
0.10
0.09
0.08
0.08
0.07	75.50
0.07
0.07
0.07
0.07
0.07
0.07
0.07
0.06
0.06
0.06
0.06
0.06
0.06
0.06
0.06
0.07
0.07
0.06
0.07
0.07
0.07
0.07
0.07
0.06
0.07
0.06
0.06
0.06
0.06
0.06
0.06
