CorWatt	PkgWatt
8.16	162.13
0.15	81.58
0.15
0.15
0.14
0.14
0.13
0.14
0.14
0.13
0.13
0.12
0.12
0.19
0.12
0.12
0.12
0.14
0.14
0.14
0.14
0.24
0.14
0.14
0.14
0.13
0.13
0.13
0.13
0.13
0.12
0.12
0.12
0.12	80.63
0.12
0.12
0.12
0.12
0.13
0.12
0.12
0.11
0.11
0.11
0.11
0.11
0.11
0.11
0.11
0.12
0.12
0.12
0.12
0.12
0.12
0.12
0.12
0.12
0.12
0.12
0.12
0.11
0.11
0.11
0.11
CorWatt	PkgWatt
8.19	161.22
0.14	80.30
0.14
0.14
0.13
0.13
0.13
0.13
0.13
0.12
0.12
0.12
0.12
0.11
0.11
0.11
0.11
0.13
0.13
0.13
0.13
0.15
0.14
0.13
0.13
0.13
0.13
0.13
0.13
0.12
0.12
0.12
0.12
0.15	80.81
0.14
0.13
0.13
0.13
0.14
0.13
0.18
0.12
0.12
0.12
0.13
0.11
0.11
0.11
0.12
0.13
0.13
0.13
0.13
0.13
0.13
0.13
0.14
0.14
0.12
0.13
0.14
0.11
0.12
0.12
0.12
