CorWatt	PkgWatt
15.13	127.30
0.52	127.30
0.51
0.57
0.48
0.57
0.54
0.52
0.53
0.40
0.47
0.41
0.39
0.53
0.54
0.55
0.56
0.49
0.46
0.49
0.46
0.40
0.38
0.40
0.41
0.38
0.37
0.40
0.38
0.53
0.50
0.51
0.51
CorWatt	PkgWatt
14.88	127.49
0.52	127.51
0.45
0.52
0.45
0.54
0.54
0.58
0.51
0.40
0.45
0.40
0.38
0.52
0.51
0.55
0.56
0.46
0.49
0.47
0.48
0.39
0.38
0.39
0.42
0.40
0.37
0.38
0.35
0.51
0.52
0.50
0.49
CorWatt	PkgWatt
22.03	133.53
0.68	133.53
0.64
0.66
0.70
0.70
0.67
0.78
0.64
0.56
0.61
0.64
0.56
0.65
0.66
0.69
0.67
0.58
0.60
0.65
0.62
0.64
0.53
0.54
0.61
0.55
0.50
0.50
0.49
0.65
2.70
0.68
0.66
CorWatt	PkgWatt
16.58	128.72
0.52	128.69
0.47
0.51
0.51
0.57
0.50
0.52
0.50
0.39
0.44
0.39
0.38
0.50
0.51
0.51
0.52
0.52
0.50
0.50
0.51
0.39
0.38
0.39
0.44
0.66
1.12
0.64
0.59
0.52
0.64
0.52
0.51
CorWatt	PkgWatt
16.95	128.75
0.54	128.75
0.52
0.53
0.52
0.57
0.57
0.54
0.52
0.39
0.46
0.40
0.39
0.52
0.52
0.55
0.54
0.54
0.49
0.47
0.53
0.42
0.39
0.39
0.42
0.62
1.10
0.69
0.61
0.54
0.63
0.51
0.52
CorWatt	PkgWatt
16.53	128.71
0.55	128.71
0.51
0.53
0.50
0.53
0.50
0.51
0.52
0.39
0.43
0.39
0.40
0.52
0.52
0.52
0.53
0.46
0.46
0.47
0.46
0.41
0.38
0.42
0.45
0.62
0.86
0.97
0.61
0.52
0.62
0.50
0.50
CorWatt	PkgWatt
16.58	128.47
0.54	128.46
0.53
0.51
0.52
0.55
0.51
0.50
0.52
0.40
0.43
0.41
0.41
0.53
0.52
0.51
0.53
0.47
0.47
0.48
0.46
0.39
0.38
0.38
0.41
0.62
0.61
1.20
0.61
0.53
0.61
0.51
0.51
CorWatt	PkgWatt
16.45	128.51
0.53	128.52
0.49
0.51
0.50
0.56
0.51
0.49
0.49
0.38
0.43
0.40
0.38
0.50
0.51
0.50
0.51
0.46
0.46
0.46
0.48
0.39
0.38
0.38
0.41
0.58
1.23
0.80
0.58
0.52
0.62
0.51
0.53
CorWatt	PkgWatt
17.67	130.34
0.57	130.34
0.50
0.52
0.53
0.53
0.50
0.49
0.49
0.39
0.43
0.40
0.40
0.56
0.52
0.53
0.53
0.46
0.45
0.47
0.46
0.38
0.38
0.38
0.41
0.38
3.08
0.40
0.38
0.52
0.61
0.50
0.51
CorWatt	PkgWatt
17.43	130.40
0.54	130.39
0.47
0.45
0.49
0.56
0.49
0.48
0.48
0.39
0.44
0.41
0.39
0.51
0.51
0.50
0.52
0.45
0.47
0.46
0.49
0.39
0.38
0.38
0.41
0.39
3.08
0.38
0.38
0.52
0.62
0.51
0.49
CorWatt	PkgWatt
17.60	130.32
0.56	130.32
0.50
0.45
0.50
0.54
0.49
0.49
0.48
0.38
0.43
0.38
0.40
0.51
0.52
0.50
0.52
0.47
0.46
0.48
0.52
0.39
0.38
0.38
0.41
0.43
3.08
0.40
0.38
0.53
0.60
0.51
0.52
CorWatt	PkgWatt
17.42	130.23
0.54	130.23
0.48
0.45
0.49
0.54
0.49
0.48
0.48
0.39
0.45
0.39
0.38
0.50
0.51
0.49
0.53
0.46
0.45
0.45
0.48
0.41
0.39
0.40
0.42
0.40
3.08
0.40
0.37
0.52
0.60
0.50
0.50
CorWatt	PkgWatt
17.57	130.32
0.53	130.32
0.49
0.45
0.51
0.56
0.51
0.49
0.48
0.38
0.43
0.44
0.38
0.50
0.52
0.50
0.53
0.46
0.46
0.47
0.47
0.39
0.38
0.38
0.41
0.38
3.08
0.40
0.38
0.55
0.62
0.52
0.52
CorWatt	PkgWatt
17.63	130.55
0.56	130.55
0.49
0.46
0.50
0.54
0.49
0.52
0.48
0.38
0.43
0.38
0.38
0.52
0.53
0.51
0.53
0.45
0.45
0.47
0.47
0.41
0.38
0.38
0.44
0.39
3.08
0.39
0.38
0.54
0.63
0.52
0.53
CorWatt	PkgWatt
17.63	130.31
0.54	130.30
0.48
0.48
0.51
0.55
0.50
0.49
0.49
0.40
0.44
0.39
0.38
0.51
0.52
0.51
0.54
0.47
0.47
0.47
0.47
0.41
0.40
0.40
0.42
0.38
3.08
0.40
0.38
0.53
0.61
0.52
0.51
CorWatt	PkgWatt
17.44	130.24
0.54	130.24
0.48
0.46
0.51
0.53
0.50
0.49
0.48
0.38
0.43
0.38
0.39
0.50
0.51
0.52
0.52
0.46
0.47
0.47
0.48
0.40
0.38
0.38
0.42
0.37
3.08
0.41
0.38
0.52
0.61
0.50
0.50
CorWatt	PkgWatt
17.52	130.29
0.55	130.30
0.48
0.47
0.50
0.54
0.50
0.50
0.48
0.38
0.42
0.37
0.39
0.51
0.52
0.50
0.52
0.46
0.45
0.46
0.48
0.40
0.38
0.39
0.43
0.43
3.08
0.40
0.38
0.52
0.60
0.50
0.51
CorWatt	PkgWatt
17.51	130.44
0.55	130.44
0.47
0.44
0.49
0.55
0.50
0.49
0.48
0.39
0.42
0.39
0.38
0.50
0.51
0.51
0.53
0.48
0.46
0.45
0.47
0.41
0.38
0.38
0.42
0.40
3.09
0.41
0.39
0.53
0.62
0.52
0.52
CorWatt	PkgWatt
17.64	130.38
0.55	130.39
0.48
0.46
0.51
0.53
0.49
0.50
0.50
0.38
0.44
0.38
0.39
0.52
0.53
0.50
0.53
0.50
0.46
0.47
0.47
0.40
0.38
0.38
0.43
0.42
3.08
0.41
0.38
0.53
0.60
0.51
0.51
CorWatt	PkgWatt
17.34	130.18
0.54	130.18
0.47
0.44
0.49
0.55
0.49
0.49
0.49
0.40
0.44
0.38
0.40
0.50
0.51
0.50
0.53
0.46
0.46
0.46
0.46
0.39
0.38
0.38
0.41
0.37
3.04
0.39
0.37
0.52
0.62
0.50
0.54
CorWatt	PkgWatt
18.49	130.52
0.78	130.54
0.52
0.52
0.56
0.74
0.72
1.13
0.75
0.46
0.49
0.44
0.45
0.61
0.62
0.58
0.63
0.53
0.51
0.53
0.54
0.47
0.47
0.46
0.80
0.44
0.44
0.47
0.45
0.61
0.63
0.58
0.57
CorWatt	PkgWatt
16.92	128.93
0.62	128.91
0.44
0.47
0.52
0.85
0.85
1.56
0.86
0.38
0.43
0.39
0.41
0.53
0.51
0.52
0.56
0.49
0.46
0.46
0.47
0.42
0.41
0.39
0.44
0.38
0.36
0.39
0.35
0.52
0.50
0.50
0.50
CorWatt	PkgWatt
16.97	128.70
0.62	128.70
0.44
0.45
0.50
0.86
0.85
1.15
1.30
0.38
0.43
0.44
0.40
0.51
0.53
0.51
0.55
0.47
0.47
0.48
0.48
0.40
0.39
0.38
0.42
0.39
0.35
0.37
0.35
0.54
0.50
0.53
0.51
CorWatt	PkgWatt
16.95	129.02
0.61	129.02
0.43
0.45
0.51
0.87
0.85
1.55
0.83
0.38
0.44
0.39
0.40
0.51
0.53
0.52
0.54
0.47
0.45
0.47
0.49
0.41
0.40
0.40
0.42
0.39
0.42
0.39
0.37
0.52
0.52
0.52
0.50
CorWatt	PkgWatt
16.71	128.76
0.60	128.76
0.44
0.44
0.50
0.86
0.86
1.54
0.85
0.37
0.43
0.39
0.38
0.52
0.53
0.52
0.55
0.46
0.46
0.46
0.46
0.38
0.38
0.38
0.41
0.40
0.37
0.36
0.36
0.53
0.50
0.51
0.50
CorWatt	PkgWatt
17.14	129.01
0.63	129.02
0.45
0.45
0.52
0.86
0.85
0.91
1.54
0.39
0.43
0.39
0.39
0.51
0.52
0.51
0.54
0.48
0.49
0.47
0.50
0.42
0.39
0.39
0.42
0.44
0.37
0.42
0.37
0.52
0.51
0.52
0.54
CorWatt	PkgWatt
18.16	130.13
0.61	130.13
0.45
0.45
0.53
1.06
1.06
1.08
2.19
0.40
0.43
0.38
0.39
0.51
0.53
0.51
0.54
0.49
0.46
0.47
0.47
0.39
0.41
0.40
0.42
0.38
0.36
0.38
0.35
0.52
0.50
0.50
0.51
CorWatt	PkgWatt
20.01	131.67
0.63	131.67
0.47
0.49
0.54
1.34
1.35
1.35
3.14
0.39
0.44
0.40
0.40
0.50
0.51
0.49
0.54
0.49
0.47
0.47
0.47
0.39
0.39
0.39
0.41
0.39
0.37
0.41
0.37
0.52
0.50
0.51
0.50
CorWatt	PkgWatt
19.86	131.51
0.61	131.51
0.46
0.45
0.53
1.34
1.35
1.35
3.11
0.40
0.43
0.38
0.38
0.50
0.52
0.50
0.54
0.47
0.48
0.49
0.47
0.39
0.39
0.38
0.43
0.39
0.38
0.37
0.35
0.52
0.50
0.50
0.50
CorWatt	PkgWatt
19.69	131.39
0.61	131.39
0.45
0.47
0.50
1.34
1.35
2.45
2.02
0.37
0.43
0.37
0.38
0.50
0.51
0.50
0.53
0.46
0.48
0.45
0.49
0.39
0.39
0.39
0.41
0.38
0.35
0.37
0.35
0.51
0.50
0.50
0.49
CorWatt	PkgWatt
19.98	131.78
0.62	131.79
0.45
0.46
0.51
1.34
1.35
1.35
3.14
0.40
0.43
0.38
0.38
0.51
0.54
0.52
0.54
0.47
0.46
0.48
0.47
0.40
0.40
0.39
0.43
0.37
0.37
0.39
0.37
0.53
0.50
0.50
0.51
CorWatt	PkgWatt
19.84	131.46
0.62	131.47
0.44
0.45
0.51
1.34
1.35
3.14
1.34
0.39
0.43
0.40
0.38
0.51
0.51
0.52
0.54
0.46
0.49
0.46
0.48
0.40
0.39
0.40
0.42
0.37
0.37
0.40
0.35
0.51
0.50
0.50
0.49
CorWatt	PkgWatt
20.10	131.75
0.63	131.75
0.44
0.47
0.53
1.34
1.35
1.35
3.12
0.38
0.42
0.43
0.40
0.52
0.53
0.50
0.51
0.47
0.47
0.48
0.49
0.41
0.39
0.40
0.44
0.41
0.35
0.39
0.35
0.54
0.54
0.53
0.51
CorWatt	PkgWatt
19.72	131.53
0.60	131.53
0.44
0.45
0.50
1.34
1.36
3.13
1.34
0.37
0.43
0.37
0.38
0.50
0.52
0.51
0.51
0.46
0.46
0.45
0.47
0.40
0.39
0.39
0.41
0.39
0.35
0.40
0.35
0.52
0.51
0.52
0.50
CorWatt	PkgWatt
20.04	131.81
0.53	131.81
0.56
0.46
0.52
1.51
1.35
1.38
2.92
0.39
0.44
0.40
0.39
0.51
0.53
0.53
0.54
0.47
0.47
0.47
0.48
0.40
0.39
0.39
0.43
0.39
0.35
0.39
0.35
0.54
0.52
0.51
0.51
CorWatt	PkgWatt
19.94	131.63
0.55	131.63
0.58
0.47
0.51
1.45
1.35
1.34
3.02
0.38
0.43
0.38
0.40
0.51
0.53
0.51
0.54
0.46
0.46
0.48
0.48
0.43
0.39
0.39
0.42
0.37
0.35
0.37
0.35
0.51
0.50
0.50
0.50
CorWatt	PkgWatt
19.91	131.54
0.54	131.54
0.57
0.46
0.52
3.14
1.35
1.35
1.34
0.41
0.43
0.40
0.40
0.52
0.54
0.50
0.52
0.46
0.46
0.46
0.48
0.40
0.39
0.38
0.41
0.39
0.35
0.37
0.35
0.53
0.50
0.50
0.50
CorWatt	PkgWatt
19.68	131.57
0.60	131.55
0.63
0.54
0.59
2.03
1.02
1.05
1.04
0.43
0.47
0.45
0.43
0.55
0.61
0.56
0.57
0.54
0.52
0.49
0.50
0.44
0.45
0.44
0.48
0.45
0.42
0.43
0.42
0.90
0.55
0.55
0.54
CorWatt	PkgWatt
17.45	129.33
0.58	129.37
0.48
0.56
0.57
0.54
0.54
0.52
0.58
0.41
0.49
0.41
0.43
0.59
0.57
0.55
0.58
0.50
0.50
0.52
0.51
0.40
0.41
0.40
0.43
0.64
0.58
1.04
0.73
0.82
0.52
0.52
0.52
CorWatt	PkgWatt
16.25	128.34
0.50	128.33
0.44
0.50
0.50
0.50
0.51
0.48
0.57
0.40
0.45
0.40
0.39
0.50
0.52
0.51
0.52
0.47
0.46
0.47
0.48
0.39
0.38
0.38
0.42
0.62
0.60
0.73
1.00
0.64
0.50
0.50
0.50
CorWatt	PkgWatt
16.09	128.16
0.51	128.16
0.43
0.49
0.50
0.48
0.51
0.48
0.57
0.38
0.43
0.38
0.38
0.51
0.52
0.51
0.53
0.46
0.45
0.47
0.48
0.38
0.38
0.38
0.42
0.62
0.60
0.66
1.03
0.65
0.51
0.50
0.51
CorWatt	PkgWatt
16.16	128.27
0.49	128.27
0.43
0.49
0.50
0.49
0.51
0.48
0.57
0.37
0.45
0.38
0.38
0.50
0.51
0.50
0.53
0.45
0.45
0.45
0.47
0.41
0.39
0.41
0.43
0.63
0.60
0.66
1.03
0.64
0.51
0.52
0.51
CorWatt	PkgWatt
16.62	128.86
0.53	128.87
0.45
0.50
0.53
0.57
0.51
0.49
0.55
0.40
0.45
0.46
0.39
0.51
0.52
0.50
0.54
0.46
0.47
0.49
0.47
0.40
0.40
0.38
0.42
0.61
0.59
0.62
1.19
0.66
0.54
0.52
0.53
CorWatt	PkgWatt
18.80	133.49
0.59	133.49
0.45
0.49
0.51
0.53
0.50
0.50
0.51
0.38
0.44
0.39
0.38
0.50
0.51
0.50
0.53
0.45
0.45
0.45
0.46
0.39
0.38
0.39
0.41
0.39
0.39
0.41
4.29
0.64
0.54
0.52
0.51
CorWatt	PkgWatt
18.72	133.67
0.54	133.66
0.43
0.47
0.49
0.53
0.50
0.48
0.52
0.38
0.43
0.39
0.38
0.51
0.52
0.51
0.54
0.46
0.47
0.47
0.48
0.41
0.39
0.39
0.41
0.38
0.37
0.42
4.29
0.64
0.51
0.51
0.52
CorWatt	PkgWatt
19.04	133.96
0.55	133.96
0.46
0.46
0.53
0.54
0.52
0.50
0.52
0.39
0.44
0.40
0.38
0.51
0.52
0.52
0.54
0.47
0.48
0.47
0.48
0.41
0.39
0.40
0.42
0.39
0.38
0.44
4.29
0.64
0.52
0.52
0.55
CorWatt	PkgWatt
18.92	133.77
0.54	133.77
0.44
0.47
0.52
0.55
0.53
0.50
0.53
0.40
0.43
0.39
0.39
0.51
0.52
0.51
0.54
0.46
0.46
0.46
0.47
0.41
0.39
0.40
0.43
0.38
0.37
0.42
4.29
0.65
0.52
0.52
0.52
CorWatt	PkgWatt
18.70	133.79
0.52	133.79
0.43
0.44
0.51
0.53
0.50
0.48
0.51
0.39
0.43
0.40
0.38
0.50
0.51
0.51
0.53
0.47
0.47
0.46
0.47
0.40
0.38
0.39
0.41
0.38
0.37
0.43
4.29
0.64
0.53
0.53
0.53
CorWatt	PkgWatt
18.74	133.65
0.54	133.65
0.43
0.47
0.53
0.53
0.50
0.49
0.54
0.38
0.43
0.39
0.39
0.51
0.52
0.50
0.54
0.46
0.46
0.46
0.47
0.39
0.38
0.38
0.41
0.38
0.37
0.42
4.29
0.64
0.51
0.51
0.52
CorWatt	PkgWatt
18.67	133.81
0.54	133.81
0.43
0.44
0.50
0.53
0.49
0.48
0.51
0.41
0.44
0.38
0.40
0.50
0.52
0.52
0.53
0.46
0.46
0.45
0.47
0.39
0.38
0.38
0.42
0.38
0.37
0.43
4.29
0.63
0.51
0.51
0.51
CorWatt	PkgWatt
18.98	133.85
0.53	133.85
0.45
0.46
0.50
0.53
0.51
0.53
0.54
0.40
0.44
0.39
0.39
0.53
0.55
0.51
0.56
0.47
0.46
0.47
0.48
0.39
0.40
0.40
0.41
0.38
0.38
0.44
4.29
0.64
0.52
0.52
0.52
CorWatt	PkgWatt
18.99	133.75
0.53	133.76
0.43
0.46
0.52
0.53
0.50
0.48
0.53
0.39
0.44
0.41
0.40
0.53
0.52
0.51
0.55
0.48
0.48
0.46
0.47
0.42
0.40
0.38
0.44
0.39
0.37
0.43
4.29
0.64
0.52
0.51
0.55
CorWatt	PkgWatt
18.77	133.78
0.52	133.77
0.43
0.44
0.51
0.53
0.50
0.48
0.52
0.39
0.43
0.44
0.38
0.51
0.52
0.50
0.54
0.46
0.47
0.48
0.47
0.39
0.38
0.38
0.41
0.39
0.37
0.39
4.29
0.65
0.52
0.52
0.53
CorWatt	PkgWatt
18.83	133.68
0.52	133.69
0.43
0.44
0.55
0.53
0.52
0.48
0.51
0.38
0.43
0.39
0.39
0.50
0.51
0.50
0.54
0.46
0.46
0.47
0.49
0.40
0.40
0.40
0.41
0.40
0.38
0.42
4.29
0.63
0.54
0.53
0.52
CorWatt	PkgWatt
18.88	133.57
0.53	133.56
0.44
0.45
0.52
0.53
0.52
0.49
0.53
0.39
0.44
0.39
0.39
0.52
0.53
0.51
0.54
0.47
0.47
0.47
0.48
0.40
0.40
0.38
0.42
0.41
0.39
0.41
4.29
0.64
0.53
0.53
0.53
CorWatt	PkgWatt
18.20	130.61
0.60	130.62
0.49
0.50
0.56
0.56
0.58
0.56
0.57
0.50
0.54
0.68
0.60
0.58
0.57
0.56
1.12
0.54
0.57
0.55
0.55
0.45
0.43
0.43
0.46
0.46
0.43
0.46
0.96
0.64
0.56
0.56
0.60
CorWatt	PkgWatt
16.49	128.74
0.55	128.72
0.45
0.45
0.48
0.49
0.50
0.49
0.50
0.63
0.67
0.75
1.08
0.55
0.53
0.52
0.65
0.49
0.53
0.50
0.48
0.41
0.40
0.40
0.42
0.39
0.36
0.38
0.37
0.54
0.51
0.51
0.52
CorWatt	PkgWatt
16.31	128.46
0.59	128.46
0.45
0.46
0.48
0.48
0.50
0.48
0.49
0.63
0.66
0.68
1.13
0.53
0.52
0.51
0.64
0.47
0.52
0.49
0.47
0.40
0.38
0.39
0.42
0.38
0.35
0.38
0.35
0.52
0.51
0.52
0.52
CorWatt	PkgWatt
16.41	128.68
0.57	128.68
0.46
0.45
0.46
0.50
0.51
0.50
0.49
0.61
0.66
0.66
1.12
0.55
0.53
0.52
0.62
0.46
0.54
0.52
0.48
0.40
0.38
0.38
0.42
0.40
0.38
0.37
0.36
0.53
0.52
0.51
0.52
CorWatt	PkgWatt
16.15	128.40
0.55	128.40
0.45
0.47
0.47
0.48
0.50
0.49
0.49
0.61
0.66
0.68
1.11
0.52
0.52
0.50
0.65
0.47
0.53
0.49
0.50
0.40
0.38
0.38
0.41
0.38
0.35
0.36
0.35
0.51
0.50
0.50
0.49
CorWatt	PkgWatt
16.57	128.93
0.55	128.94
0.45
0.44
0.49
0.49
0.51
0.49
0.50
0.60
0.65
1.29
0.78
0.53
0.53
0.53
0.64
0.47
0.53
0.51
0.48
0.39
0.38
0.38
0.43
0.38
0.36
0.40
0.37
0.52
0.50
0.50
0.51
CorWatt	PkgWatt
17.90	130.41
0.56	130.41
0.44
0.44
0.47
0.48
0.51
0.50
0.49
0.50
0.56
3.06
0.54
0.54
0.52
0.52
0.64
0.46
0.54
0.49
0.49
0.40
0.38
0.38
0.42
0.40
0.37
0.41
0.37
0.53
0.51
0.50
0.50
CorWatt	PkgWatt
18.29	130.70
0.58	130.70
0.44
0.47
0.49
0.49
0.50
0.50
0.51
0.53
0.61
3.03
0.55
0.52
0.53
0.52
0.64
0.47
0.52
0.51
0.49
0.41
0.39
0.40
0.45
0.45
0.36
0.40
0.37
0.54
0.55
0.55
0.54
CorWatt	PkgWatt
17.73	130.45
0.57	130.44
0.44
0.44
0.49
0.49
0.51
0.49
0.49
0.50
0.56
3.03
0.53
0.50
0.52
0.51
0.63
0.46
0.52
0.49
0.47
0.40
0.38
0.38
0.41
0.40
0.35
0.40
0.35
0.52
0.51
0.51
0.51
CorWatt	PkgWatt
17.90	130.47
0.57	130.47
0.44
0.45
0.48
0.48
0.51
0.52
0.49
0.51
0.58
3.05
0.53
0.53
0.55
0.53
0.66
0.46
0.52
0.49
0.47
0.39
0.38
0.38
0.42
0.39
0.35
0.38
0.36
0.53
0.51
0.50
0.51
CorWatt	PkgWatt
17.86	130.33
0.59	130.33
0.45
0.46
0.44
0.48
0.50
0.50
0.49
0.52
0.58
2.18
1.46
0.54
0.54
0.52
0.65
0.46
0.50
0.49
0.47
0.41
0.38
0.38
0.41
0.38
0.35
0.37
0.35
0.52
0.50
0.50
0.50
CorWatt	PkgWatt
18.06	130.81
0.59	130.81
0.47
0.45
0.47
0.49
0.51
0.50
0.49
2.45
0.57
0.58
1.12
0.55
0.54
0.52
0.65
0.47
0.51
0.50
0.48
0.41
0.39
0.38
0.41
0.38
0.36
0.38
0.36
0.53
0.51
0.51
0.52
CorWatt	PkgWatt
17.73	130.35
0.57	130.35
0.44
0.44
0.47
0.48
0.51
0.48
0.49
3.06
0.56
0.55
0.50
0.50
0.52
0.51
0.63
0.47
0.51
0.50
0.47
0.40
0.38
0.39
0.41
0.38
0.35
0.38
0.35
0.52
0.50
0.51
0.51
CorWatt	PkgWatt
18.11	130.58
0.60	130.58
0.45
0.47
0.49
0.48
0.51
0.50
0.48
2.52
0.59
0.57
1.10
0.57
0.54
0.55
0.63
0.47
0.52
0.50
0.47
0.39
0.38
0.38
0.41
0.38
0.35
0.37
0.36
0.53
0.50
0.50
0.50
CorWatt	PkgWatt
17.90	130.51
0.59	130.51
0.46
0.45
0.49
0.48
0.50
0.48
0.49
1.38
0.57
0.55
2.22
0.51
0.52
0.51
0.65
0.47
0.52
0.51
0.47
0.40
0.38
0.39
0.42
0.38
0.35
0.39
0.35
0.52
0.50
0.50
0.50
CorWatt	PkgWatt
17.93	130.76
0.57	130.76
0.47
0.45
0.45
0.49
0.51
0.50
0.50
0.52
0.57
0.56
3.04
0.52
0.53
0.52
0.63
0.47
0.51
0.51
0.48
0.41
0.38
0.38
0.42
0.39
0.36
0.38
0.35
0.53
0.51
0.51
0.53
CorWatt	PkgWatt
18.26	130.67
0.59	130.68
0.50
0.47
0.47
0.48
0.52
0.51
0.49
3.03
0.61
0.55
0.54
0.53
0.55
0.53
0.64
0.49
0.52
0.49
0.48
0.44
0.39
0.42
0.42
0.39
0.36
0.43
0.35
0.52
0.55
0.50
0.50
CorWatt	PkgWatt
17.49	129.93
0.56	129.92
0.48
0.46
0.47
0.49
0.51
0.51
0.49
0.50
0.58
0.56
2.30
0.53
0.53
0.63
0.67
0.48
0.52
0.50
0.48
0.40
0.38
0.41
0.42
0.36
0.36
0.37
0.37
0.57
0.55
0.51
0.52
CorWatt	PkgWatt
18.09	130.01
0.81	130.03
0.59
0.53
0.50
1.07
0.73
0.73
0.92
0.46
0.51
0.49
0.44
0.57
0.58
0.76
0.59
0.53
0.51
0.53
0.53
0.45
0.44
0.46
0.49
0.40
0.39
0.40
0.39
0.58
0.58
0.57
0.55
CorWatt	PkgWatt
16.69	128.92
0.59	128.90
0.52
0.54
0.45
1.09
0.75
0.73
0.97
0.40
0.45
0.44
0.41
0.53
0.54
0.54
0.53
0.48
0.48
0.51
0.49
0.41
0.41
0.44
0.42
0.37
0.36
0.38
0.37
0.53
0.52
0.51
0.51
CorWatt	PkgWatt
16.30	128.36
0.60	128.36
0.52
0.50
0.46
1.30
0.75
0.73
0.77
0.38
0.44
0.43
0.40
0.50
0.51
0.51
0.53
0.47
0.46
0.50
0.47
0.40
0.38
0.41
0.41
0.36
0.35
0.39
0.35
0.51
0.52
0.50
0.50
CorWatt	PkgWatt
16.64	128.58
0.59	128.58
0.55
0.53
0.46
1.32
0.75
0.74
0.79
0.39
0.44
0.43
0.40
0.52
0.53
0.51
0.53
0.48
0.46
0.51
0.49
0.43
0.39
0.44
0.44
0.36
0.36
0.38
0.36
0.53
0.52
0.51
0.51
CorWatt	PkgWatt
16.35	128.54
0.59	128.53
0.51
0.49
0.44
1.10
0.74
0.73
1.00
0.39
0.44
0.38
0.38
0.50
0.51
0.50
0.52
0.47
0.47
0.49
0.53
0.40
0.38
0.41
0.41
0.36
0.35
0.38
0.37
0.52
0.53
0.52
0.56
CorWatt	PkgWatt
17.50	130.19
0.59	130.19
0.52
0.56
0.47
0.59
0.56
0.55
2.91
0.40
0.45
0.38
0.40
0.51
0.53
0.51
0.53
0.47
0.46
0.50
0.51
0.40
0.39
0.40
0.41
0.36
0.36
0.38
0.36
0.53
0.52
0.51
0.51
CorWatt	PkgWatt
17.54	130.36
0.57	130.35
0.49
0.49
0.44
0.52
0.51
0.49
3.37
0.41
0.46
0.40
0.39
0.50
0.51
0.51
0.52
0.46
0.47
0.49
0.51
0.40
0.38
0.40
0.42
0.36
0.35
0.36
0.35
0.51
0.51
0.50
0.49
CorWatt	PkgWatt
17.64	130.46
0.58	130.46
0.49
0.49
0.45
0.53
0.51
0.52
3.37
0.40
0.43
0.37
0.39
0.53
0.54
0.50
0.54
0.46
0.46
0.49
0.52
0.39
0.40
0.42
0.41
0.36
0.35
0.37
0.35
0.52
0.52
0.50
0.50
CorWatt	PkgWatt
17.74	130.49
0.58	130.49
0.49
0.50
0.46
0.52
0.51
0.49
3.37
0.39
0.43
0.39
0.41
0.52
0.52
0.52
0.53
0.47
0.47
0.49
0.51
0.42
0.40
0.41
0.44
0.36
0.36
0.42
0.35
0.51
0.53
0.50
0.49
CorWatt	PkgWatt
17.75	130.76
0.57	130.76
0.49
0.49
0.46
0.53
0.52
0.50
3.37
0.40
0.47
0.39
0.39
0.52
0.52
0.51
0.53
0.47
0.48
0.50
0.51
0.40
0.39
0.38
0.41
0.37
0.36
0.39
0.35
0.54
0.53
0.51
0.51
CorWatt	PkgWatt
17.76	130.58
0.57	130.58
0.49
0.49
0.44
0.52
0.52
0.49
3.37
0.38
0.44
0.37
0.38
0.54
0.51
0.50
0.52
0.47
0.46
0.51
0.52
0.39
0.40
0.40
0.41
0.38
0.37
0.39
0.36
0.52
0.56
0.54
0.53
CorWatt	PkgWatt
17.56	130.41
0.57	130.41
0.50
0.49
0.45
0.52
0.53
0.49
3.38
0.39
0.43
0.37
0.39
0.51
0.52
0.51
0.52
0.46
0.46
0.49
0.51
0.40
0.39
0.38
0.41
0.37
0.37
0.37
0.36
0.52
0.52
0.51
0.50
CorWatt	PkgWatt
17.61	130.64
0.58	130.64
0.51
0.49
0.44
0.52
0.51
0.49
3.37
0.38
0.44
0.37
0.38
0.50
0.51
0.50
0.52
0.47
0.48
0.49
0.52
0.39
0.38
0.39
0.41
0.39
0.36
0.40
0.35
0.51
0.53
0.50
0.52
CorWatt	PkgWatt
17.88	130.60
0.56	130.60
0.54
0.48
0.46
0.53
0.52
0.49
3.37
0.42
0.44
0.38
0.39
0.51
0.53
0.52
0.53
0.49
0.47
0.49
0.52
0.41
0.41
0.40
0.42
0.37
0.37
0.42
0.36
0.52
0.54
0.51
0.52
CorWatt	PkgWatt
18.50	131.12
0.60	131.14
0.59
0.52
0.51
0.56
0.54
0.52
3.37
0.42
0.46
0.41
0.41
0.53
0.53
0.54
0.56
0.50
0.50
0.52
0.53
0.39
0.38
0.38
0.41
0.40
0.38
0.45
0.38
0.56
0.56
0.54
0.54
CorWatt	PkgWatt
17.66	130.61
0.58	130.60
0.54
0.50
0.46
0.53
0.51
0.50
3.37
0.38
0.44
0.37
0.38
0.51
0.52
0.50
0.52
0.47
0.48
0.51
0.51
0.39
0.38
0.38
0.41
0.37
0.37
0.38
0.35
0.53
0.52
0.50
0.50
CorWatt	PkgWatt
17.63	130.43
0.56	130.42
0.55
0.50
0.44
0.52
0.52
0.50
3.37
0.39
0.44
0.37
0.38
0.51
0.51
0.50
0.52
0.46
0.47
0.48
0.53
0.40
0.38
0.38
0.41
0.37
0.35
0.38
0.35
0.51
0.52
0.51
0.54
CorWatt	PkgWatt
18.43	130.55
0.63	130.57
0.58
0.58
0.70
0.65
0.79
0.62
1.35
0.45
0.48
0.41
0.42
0.60
0.57
0.59
0.57
0.52
0.52
0.57
0.57
0.47
0.44
0.44
0.48
0.43
0.44
0.77
0.45
0.58
0.62
0.56
0.58
CorWatt	PkgWatt
17.11	129.20
0.56	129.18
0.46
0.52
0.57
0.84
1.01
1.45
0.84
0.40
0.44
0.40
0.40
0.57
0.52
0.51
0.53
0.46
0.49
0.50
0.50
0.43
0.38
0.40
0.39
0.36
0.37
0.41
0.37
0.52
0.53
0.50
0.50
CorWatt	PkgWatt
17.28	129.31
0.57	129.32
0.44
0.54
0.58
0.84
1.21
1.24
0.84
0.38
0.50
0.38
0.39
0.50
0.52
0.51
0.52
0.47
0.47
0.51
0.52
0.43
0.39
0.41
0.40
0.39
0.38
0.41
0.36
0.54
0.56
0.54
0.52
CorWatt	PkgWatt
16.84	128.94
0.56	128.94
0.44
0.50
0.54
0.84
0.92
1.54
0.85
0.38
0.44
0.37
0.38
0.50
0.51
0.51
0.52
0.46
0.46
0.50
0.51
0.43
0.38
0.41
0.38
0.36
0.35
0.43
0.35
0.51
0.50
0.50
0.49
CorWatt	PkgWatt
17.09	129.12
0.55	129.12
0.45
0.50
0.57
0.84
0.90
1.55
0.85
0.40
0.45
0.39
0.38
0.53
0.54
0.53
0.54
0.46
0.47
0.49
0.54
0.42
0.40
0.40
0.39
0.37
0.35
0.39
0.35
0.54
0.53
0.51
0.51
CorWatt	PkgWatt
16.97	129.13
0.56	129.14
0.46
0.52
0.55
0.84
0.90
1.54
0.84
0.39
0.45
0.38
0.41
0.54
0.53
0.51
0.53
0.46
0.47
0.50
0.52
0.44
0.38
0.40
0.38
0.36
0.35
0.39
0.35
0.51
0.50
0.50
0.50
CorWatt	PkgWatt
17.31	129.33
0.58	129.33
0.47
0.46
0.58
0.88
0.92
1.69
0.89
0.39
0.44
0.40
0.41
0.55
0.53
0.50
0.53
0.47
0.47
0.50
0.52
0.44
0.39
0.40
0.39
0.36
0.36
0.39
0.36
0.52
0.52
0.50
0.51
CorWatt	PkgWatt
19.88	131.63
0.61	131.62
0.44
0.46
0.54
1.34
1.50
3.01
1.34
0.38
0.44
0.38
0.38
0.50
0.52
0.51
0.52
0.47
0.47
0.49
0.51
0.43
0.39
0.40
0.39
0.37
0.36
0.39
0.35
0.51
0.50
0.50
0.49
CorWatt	PkgWatt
20.30	132.02
0.62	132.03
0.45
0.49
0.59
1.34
1.35
2.15
2.34
0.40
0.45
0.39
0.42
0.56
0.54
0.54
0.54
0.48
0.47
0.51
0.51
0.42
0.39
0.40
0.39
0.37
0.35
0.39
0.38
0.52
0.52
0.51
0.51
CorWatt	PkgWatt
19.93	132.00
0.61	132.00
0.45
0.46
0.56
1.34
1.35
2.27
2.21
0.38
0.43
0.37
0.39
0.51
0.51
0.51
0.51
0.47
0.48
0.52
0.52
0.43
0.39
0.40
0.39
0.36
0.35
0.41
0.36
0.51
0.50
0.50
0.50
CorWatt	PkgWatt
19.85	131.64
0.58	131.64
0.45
0.46
0.55
1.34
1.35
1.51
2.98
0.38
0.43
0.37
0.38
0.51
0.52
0.50
0.52
0.47
0.46
0.50
0.51
0.43
0.39
0.40
0.39
0.35
0.35
0.40
0.35
0.52
0.50
0.50
0.50
CorWatt	PkgWatt
19.91	131.80
0.59	131.80
0.44
0.46
0.55
1.34
1.36
3.16
1.34
0.38
0.45
0.37
0.38
0.50
0.51
0.50
0.51
0.46
0.46
0.49
0.52
0.45
0.41
0.44
0.39
0.35
0.35
0.39
0.35
0.51
0.51
0.50
0.49
CorWatt	PkgWatt
20.26	131.94
0.59	131.94
0.46
0.48
0.57
1.34
1.36
3.14
1.34
0.38
0.48
0.40
0.38
0.51
0.52
0.51
0.52
0.47
0.48
0.50
0.53
0.43
0.39
0.41
0.40
0.39
0.38
0.39
0.35
0.56
0.56
0.51
0.52
CorWatt	PkgWatt
19.93	131.84
0.58	131.83
0.45
0.46
0.55
1.34
1.36
3.14
1.34
0.39
0.44
0.37
0.38
0.50
0.51
0.53
0.52
0.46
0.46
0.49
0.54
0.43
0.39
0.41
0.39
0.37
0.36
0.36
0.36
0.53
0.53
0.50
0.49
CorWatt	PkgWatt
20.08	131.95
0.59	131.96
0.44
0.49
0.54
1.34
1.36
2.97
1.51
0.40
0.45
0.38
0.38
0.52
0.52
0.51
0.52
0.47
0.49
0.51
0.53
0.42
0.40
0.42
0.39
0.36
0.36
0.38
0.37
0.53
0.53
0.50
0.50
CorWatt	PkgWatt
19.99	131.88
0.58	131.88
0.47
0.51
0.57
1.34
1.35
2.43
2.06
0.38
0.44
0.37
0.38
0.50
0.51
0.51
0.52
0.47
0.47
0.50
0.52
0.43
0.39
0.41
0.39
0.36
0.35
0.39
0.35
0.51
0.52
0.52
0.51
CorWatt	PkgWatt
20.09	131.93
0.57	131.93
0.45
0.49
0.58
1.34
1.36
3.16
1.34
0.40
0.43
0.37
0.39
0.51
0.52
0.51
0.52
0.47
0.47
0.50
0.52
0.45
0.40
0.43
0.41
0.36
0.35
0.37
0.35
0.53
0.52
0.51
0.51
CorWatt	PkgWatt
19.06	131.18
0.57	131.19
0.45
0.47
0.56
2.43
1.20
1.45
1.18
0.38
0.43
0.38
0.38
0.50
0.51
0.52
0.51
0.47
0.47
0.50
0.53
0.43
0.39
0.42
0.39
0.36
0.35
0.38
0.36
0.52
0.55
0.51
0.52
CorWatt	PkgWatt
19.95	134.32
0.79	134.34
0.55
0.53
0.58
0.58
3.32
0.63
0.57
0.44
0.46
0.40
0.43
0.56
0.57
0.54
0.57
0.56
0.52
0.54
0.54
0.47
0.43
0.47
0.46
0.44
0.43
0.43
0.48
0.58
0.90
0.58
0.57
CorWatt	PkgWatt
20.45	137.98
0.60	137.96
0.50
0.46
0.50
0.54
6.00
0.56
0.50
0.42
0.45
0.39
0.41
0.50
0.52
0.51
0.52
0.47
0.46
0.49
0.48
0.43
0.39
0.41
0.40
0.36
0.35
0.37
0.40
0.52
0.52
0.50
0.50
CorWatt	PkgWatt
20.62	138.27
0.59	138.27
0.51
0.47
0.48
0.53
6.01
0.59
0.52
0.39
0.43
0.38
0.40
0.53
0.55
0.52
0.55
0.47
0.47
0.50
0.49
0.42
0.40
0.43
0.41
0.38
0.36
0.38
0.41
0.53
0.51
0.51
0.52
CorWatt	PkgWatt
20.56	138.07
0.58	138.07
0.51
0.48
0.50
0.52
6.01
0.56
0.53
0.39
0.43
0.40
0.41
0.52
0.51
0.52
0.54
0.48
0.48
0.49
0.49
0.44
0.40
0.41
0.43
0.39
0.35
0.38
0.39
0.51
0.51
0.50
0.50
CorWatt	PkgWatt
20.33	137.99
0.58	137.99
0.51
0.46
0.47
0.51
6.00
0.55
0.50
0.38
0.47
0.39
0.39
0.51
0.53
0.50
0.52
0.46
0.47
0.50
0.52
0.42
0.39
0.38
0.41
0.37
0.35
0.38
0.35
0.52
0.51
0.50
0.51
CorWatt	PkgWatt
20.50	138.33
0.61	138.33
0.52
0.48
0.50
0.51
6.01
0.53
0.51
0.38
0.43
0.38
0.39
0.50
0.52
0.50
0.53
0.48
0.46
0.50
0.51
0.43
0.41
0.41
0.41
0.38
0.36
0.40
0.37
0.51
0.52
0.52
0.51
CorWatt	PkgWatt
20.53	138.17
0.59	138.17
0.52
0.52
0.45
0.51
6.01
0.54
0.53
0.39
0.44
0.39
0.39
0.51
0.54
0.50
0.53
0.48
0.47
0.49
0.52
0.43
0.40
0.39
0.43
0.38
0.37
0.38
0.36
0.53
0.51
0.51
0.51
CorWatt	PkgWatt
20.42	138.17
0.60	138.16
0.50
0.52
0.44
0.51
6.00
0.53
0.51
0.40
0.43
0.38
0.39
0.50
0.51
0.50
0.53
0.47
0.49
0.50
0.53
0.42
0.39
0.38
0.41
0.41
0.36
0.40
0.35
0.51
0.51
0.50
0.52
CorWatt	PkgWatt
20.48	138.21
0.60	138.22
0.52
0.50
0.45
0.52
6.01
0.54
0.50
0.41
0.43
0.38
0.40
0.51
0.53
0.51
0.53
0.49
0.47
0.49
0.52
0.42
0.41
0.40
0.42
0.37
0.35
0.38
0.35
0.52
0.50
0.50
0.54
CorWatt	PkgWatt
20.69	138.52
0.60	138.52
0.52
0.50
0.50
0.56
6.01
0.55
0.52
0.39
0.43
0.39
0.39
0.51
0.52
0.51
0.53
0.48
0.48
0.49
0.53
0.45
0.41
0.39
0.42
0.43
0.37
0.39
0.36
0.52
0.51
0.51
0.51
CorWatt	PkgWatt
20.52	138.27
0.60	138.27
0.51
0.47
0.48
0.52
6.01
0.55
0.51
0.39
0.43
0.38
0.39
0.51
0.53
0.50
0.52
0.47
0.50
0.51
0.53
0.43
0.40
0.39
0.42
0.40
0.37
0.38
0.35
0.53
0.50
0.51
0.52
CorWatt	PkgWatt
20.35	138.19
0.60	138.19
0.51
0.53
0.47
0.51
6.01
0.55
0.51
0.38
0.43
0.38
0.38
0.50
0.51
0.50
0.52
0.46
0.49
0.49
0.53
0.43
0.39
0.39
0.42
0.36
0.36
0.38
0.35
0.51
0.50
0.50
0.50
CorWatt	PkgWatt
20.40	138.18
0.59	138.18
0.50
0.50
0.44
0.51
6.02
0.54
0.50
0.39
0.43
0.38
0.38
0.51
0.53
0.52
0.52
0.46
0.47
0.49
0.52
0.42
0.39
0.38
0.41
0.38
0.37
0.40
0.37
0.53
0.52
0.50
0.51
CorWatt	PkgWatt
20.64	138.57
0.60	138.56
0.53
0.50
0.45
0.52
6.01
0.54
0.51
0.39
0.44
0.40
0.41
0.51
0.51
0.51
0.53
0.47
0.51
0.50
0.54
0.44
0.39
0.42
0.42
0.37
0.38
0.42
0.36
0.52
0.51
0.52
0.51
CorWatt	PkgWatt
21.19	138.74
0.61	138.75
0.51
0.53
0.50
0.52
6.00
0.55
0.50
0.41
0.49
0.40
0.41
0.53
0.53
0.52
0.55
0.47
0.49
0.49
0.50
0.49
0.40
0.46
0.43
0.43
0.41
0.44
0.37
0.55
0.56
0.57
0.56
CorWatt	PkgWatt
20.38	138.21
0.59	138.20
0.50
0.50
0.44
0.52
6.00
0.55
0.53
0.38
0.43
0.38
0.39
0.51
0.51
0.51
0.52
0.46
0.47
0.46
0.48
0.47
0.39
0.41
0.39
0.38
0.36
0.45
0.35
0.51
0.50
0.51
0.51
CorWatt	PkgWatt
20.45	138.32
0.60	138.32
0.50
0.49
0.47
0.51
6.01
0.55
0.50
0.39
0.45
0.39
0.39
0.52
0.54
0.53
0.54
0.46
0.47
0.46
0.49
0.47
0.39
0.41
0.39
0.37
0.35
0.40
0.35
0.54
0.52
0.51
0.51
CorWatt	PkgWatt
19.64	134.26
0.95	134.28
0.77
0.58
0.53
0.56
2.82
0.60
0.56
0.45
0.51
0.45
0.48
0.60
0.64
0.61
0.62
0.51
0.52
0.52
0.54
0.52
0.45
0.47
0.45
0.44
0.42
0.45
0.41
0.56
0.55
0.55
0.57
CorWatt	PkgWatt
18.10	130.94
0.56	130.93
0.61
0.51
0.49
0.55
3.27
0.55
0.54
0.40
0.44
0.41
0.42
0.56
0.54
0.56
0.54
0.47
0.47
0.46
0.49
0.44
0.40
0.42
0.40
0.37
0.36
0.41
0.38
0.53
0.51
0.51
0.52
CorWatt	PkgWatt
17.91	130.73
0.54	130.73
0.61
0.50
0.45
0.54
3.22
0.53
0.53
0.40
0.44
0.41
0.40
0.51
0.52
0.52
0.53
0.48
0.49
0.47
0.49
0.45
0.40
0.42
0.40
0.38
0.37
0.42
0.41
0.52
0.51
0.51
0.52
CorWatt	PkgWatt
17.89	131.00
0.57	131.01
0.61
0.53
0.47
0.53
3.19
0.52
0.51
0.40
0.45
0.40
0.43
0.57
0.55
0.55
0.54
0.47
0.47
0.47
0.48
0.42
0.39
0.40
0.39
0.37
0.35
0.40
0.41
0.52
0.50
0.50
0.52
CorWatt	PkgWatt
17.66	130.75
0.55	130.74
0.60
0.49
0.47
0.54
3.21
0.52
0.53
0.38
0.43
0.38
0.39
0.50
0.52
0.53
0.52
0.47
0.47
0.48
0.47
0.43
0.39
0.42
0.39
0.38
0.35
0.40
0.40
0.51
0.52
0.52
0.50
CorWatt	PkgWatt
17.75	130.69
0.54	130.69
0.60
0.53
0.45
0.54
3.21
0.53
0.52
0.41
0.44
0.39
0.39
0.51
0.52
0.51
0.52
0.48
0.47
0.47
0.49
0.42
0.40
0.41
0.40
0.38
0.36
0.40
0.41
0.53
0.51
0.51
0.52
CorWatt	PkgWatt
17.64	130.81
0.53	130.81
0.59
0.50
0.46
0.52
3.19
0.53
0.52
0.38
0.45
0.38
0.39
0.50
0.51
0.51
0.51
0.46
0.47
0.47
0.50
0.46
0.40
0.43
0.42
0.37
0.35
0.41
0.41
0.51
0.51
0.50
0.50
CorWatt	PkgWatt
17.89	130.78
0.52	130.78
0.61
0.53
0.49
0.53
3.20
0.54
0.51
0.38
0.47
0.40
0.39
0.52
0.52
0.52
0.52
0.46
0.47
0.47
0.49
0.44
0.39
0.38
0.41
0.39
0.37
0.42
0.41
0.56
0.55
0.50
0.53
CorWatt	PkgWatt
17.51	130.51
0.53	130.50
0.59
0.50
0.44
0.53
3.21
0.52
0.52
0.39
0.43
0.38
0.38
0.50
0.51
0.51
0.53
0.45
0.46
0.46
0.47
0.43
0.40
0.40
0.41
0.37
0.35
0.40
0.42
0.52
0.50
0.50
0.50
CorWatt	PkgWatt
17.70	130.50
0.51	130.50
0.58
0.51
0.45
0.54
1.26
2.55
0.51
0.38
0.44
0.37
0.39
0.51
0.52
0.52
0.52
0.46
0.49
0.48
0.50
0.42
0.39
0.39
0.41
0.37
0.36
0.40
0.40
0.53
0.51
0.51
0.51
CorWatt	PkgWatt
17.50	130.37
0.54	130.37
0.61
0.49
0.46
0.52
0.60
3.19
0.51
0.38
0.43
0.37
0.38
0.50
0.51
0.49
0.51
0.45
0.46
0.46
0.47
0.42
0.38
0.38
0.41
0.39
0.35
0.40
0.40
0.51
0.50
0.50
0.49
CorWatt	PkgWatt
17.47	130.12
0.55	130.11
0.59
0.50
0.44
0.52
0.59
3.18
0.51
0.38
0.43
0.37
0.39
0.50
0.51
0.50
0.51
0.46
0.45
0.46
0.47
0.43
0.38
0.39
0.43
0.36
0.35
0.40
0.40
0.52
0.50
0.50
0.50
CorWatt	PkgWatt
17.40	130.07
0.55	130.07
0.58
0.45
0.43
0.51
0.59
3.17
0.52
0.37
0.43
0.37
0.39
0.50
0.50
0.49
0.50
0.46
0.46
0.46
0.47
0.43
0.38
0.39
0.40
0.37
0.35
0.42
0.41
0.52
0.52
0.51
0.51
CorWatt	PkgWatt
17.59	130.02
0.53	130.03
0.58
0.49
0.47
0.52
0.59
3.20
0.53
0.39
0.43
0.37
0.40
0.51
0.52
0.50
0.54
0.45
0.46
0.46
0.47
0.41
0.38
0.38
0.41
0.37
0.36
0.40
0.41
0.52
0.51
0.51
0.51
CorWatt	PkgWatt
17.36	130.08
0.53	130.08
0.59
0.50
0.46
0.51
0.57
3.17
0.51
0.39
0.44
0.39
0.40
0.50
0.50
0.49
0.51
0.46
0.45
0.46
0.46
0.42
0.38
0.39
0.40
0.35
0.35
0.39
0.40
0.51
0.50
0.50
0.49
CorWatt	PkgWatt
17.41	129.83
0.52	129.83
0.59
0.49
0.44
0.53
0.58
3.18
0.52
0.38
0.43
0.36
0.39
0.52
0.52
0.49
0.52
0.46
0.45
0.45
0.47
0.41
0.39
0.40
0.40
0.35
0.35
0.40
0.40
0.51
0.50
0.50
0.50
CorWatt	PkgWatt
17.50	129.86
0.53	129.86
0.58
0.49
0.45
0.51
0.57
3.18
0.53
0.38
0.42
0.38
0.41
0.52
0.50
0.51
0.51
0.47
0.47
0.45
0.46
0.45
0.39
0.40
0.41
0.37
0.35
0.41
0.41
0.51
0.49
0.50
0.49
CorWatt	PkgWatt
17.42	129.76
0.53	129.76
0.59
0.45
0.45
0.51
0.58
3.11
0.51
0.39
0.47
0.38
0.39
0.51
0.52
0.50
0.51
0.45
0.46
0.45
0.47
0.41
0.38
0.40
0.38
0.37
0.36
0.42
0.41
0.52
0.50
0.50
0.51
CorWatt	PkgWatt
17.94	129.85
0.59	129.87
0.60
0.55
0.76
1.03
0.75
0.71
0.68
0.44
0.48
0.44
0.76
0.56
0.56
0.56
0.57
0.54
0.51
0.51
0.51
0.47
0.45
0.46
0.44
0.44
0.42
0.47
0.48
0.55
0.55
0.55
0.55
CorWatt	PkgWatt
16.31	128.03
0.49	128.01
0.49
0.50
0.56
1.36
0.82
0.77
0.76
0.40
0.43
0.37
0.39
0.50
0.51
0.49
0.51
0.45
0.46
0.44
0.47
0.41
0.38
0.39
0.38
0.38
0.36
0.41
0.42
0.51
0.50
0.50
0.50
CorWatt	PkgWatt
16.32	128.17
0.51	128.17
0.51
0.48
0.55
1.37
0.81
0.76
0.75
0.38
0.43
0.37
0.38
0.49
0.50
0.50
0.51
0.45
0.47
0.46
0.48
0.42
0.38
0.40
0.38
0.39
0.36
0.42
0.40
0.51
0.49
0.50
0.51
CorWatt	PkgWatt
16.35	128.13
0.48	128.13
0.51
0.48
0.58
1.35
0.84
0.76
0.75
0.38
0.43
0.37
0.39
0.50
0.51
0.49
0.51
0.48
0.46
0.45
0.46
0.41
0.41
0.42
0.40
0.36
0.35
0.41
0.40
0.52
0.49
0.50
0.50
CorWatt	PkgWatt
16.25	127.99
0.51	127.99
0.51
0.46
0.59
1.40
0.79
0.75
0.75
0.37
0.42
0.37
0.38
0.49
0.50
0.49
0.51
0.46
0.47
0.46
0.46
0.41
0.38
0.40
0.38
0.40
0.36
0.42
0.40
0.50
0.49
0.50
0.49
CorWatt	PkgWatt
17.10	128.70
0.50	128.70
0.50
0.50
0.58
0.91
1.74
0.86
0.84
0.38
0.43
0.37
0.39
0.50
0.52
0.50
0.51
0.46
0.48
0.47
0.47
0.43
0.39
0.40
0.38
0.40
0.37
0.41
0.40
0.51
0.49
0.50
0.52
CorWatt	PkgWatt
19.29	130.71
0.52	130.70
0.51
0.50
0.55
3.21
1.19
1.17
1.17
0.38
0.42
0.38
0.37
0.49
0.50
0.49
0.50
0.46
0.49
0.45
0.49
0.41
0.38
0.40
0.39
0.36
0.35
0.40
0.40
0.50
0.48
0.50
0.49
CorWatt	PkgWatt
19.55	130.92
0.51	130.92
0.51
0.51
0.56
1.72
2.71
1.22
1.21
0.37
0.42
0.37
0.38
0.50
0.52
0.51
0.50
0.46
0.46
0.46
0.47
0.41
0.39
0.40
0.39
0.37
0.37
0.42
0.41
0.51
0.49
0.50
0.50
CorWatt	PkgWatt
19.48	130.87
0.51	130.87
0.50
0.50
0.55
1.37
3.07
1.22
1.22
0.38
0.42
0.38
0.38
0.49
0.50
0.49
0.50
0.45
0.48
0.45
0.48
0.42
0.38
0.41
0.40
0.35
0.37
0.42
0.41
0.50
0.48
0.50
0.49
CorWatt	PkgWatt
19.99	131.09
0.53	131.09
0.50
0.53
0.57
1.23
3.19
1.22
1.21
0.39
0.48
0.39
0.41
0.50
0.50
0.50
0.50
0.49
0.47
0.47
0.47
0.43
0.38
0.42
0.41
0.41
0.41
0.43
0.42
0.54
0.54
0.54
0.51
CorWatt	PkgWatt
19.54	130.95
0.52	130.94
0.49
0.49
0.55
1.23
3.20
1.23
1.22
0.41
0.42
0.36
0.37
0.52
0.50
0.49
0.50
0.45
0.46
0.45
0.47
0.43
0.38
0.40
0.39
0.39
0.35
0.40
0.39
0.50
0.49
0.54
0.53
CorWatt	PkgWatt
19.64	131.17
0.52	131.17
0.49
0.50
0.59
3.19
1.20
1.18
1.18
0.40
0.46
0.40
0.38
0.53
0.54
0.52
0.54
0.47
0.47
0.45
0.47
0.41
0.38
0.41
0.40
0.36
0.35
0.38
0.41
0.52
0.51
0.51
0.51
CorWatt	PkgWatt
19.52	130.86
0.52	130.86
0.53
0.52
0.55
3.19
1.23
1.22
1.22
0.38
0.44
0.38
0.40
0.51
0.52
0.50
0.53
0.45
0.46
0.46
0.46
0.44
0.38
0.41
0.40
0.35
0.35
0.38
0.39
0.50
0.49
0.50
0.49
CorWatt	PkgWatt
19.44	130.75
0.53	130.75
0.52
0.47
0.59
3.18
1.23
1.21
1.21
0.37
0.42
0.38
0.40
0.53
0.52
0.50
0.51
0.45
0.45
0.44
0.46
0.41
0.38
0.40
0.40
0.36
0.35
0.38
0.40
0.51
0.49
0.50
0.50
CorWatt	PkgWatt
19.62	130.98
0.55	130.99
0.52
0.52
0.57
3.19
1.23
1.22
1.22
0.36
0.45
0.37
0.38
0.49
0.50
0.49
0.50
0.49
0.49
0.48
0.49
0.42
0.38
0.40
0.39
0.39
0.36
0.39
0.41
0.50
0.49
0.50
0.49
CorWatt	PkgWatt
19.86	131.23
0.54	131.23
0.51
0.53
0.57
2.36
2.03
1.20
1.20
0.41
0.45
0.39
0.42
0.56
0.53
0.53
0.53
0.48
0.47
0.49
0.48
0.43
0.38
0.40
0.40
0.39
0.36
0.39
0.40
0.51
0.49
0.51
0.53
CorWatt	PkgWatt
19.40	130.78
0.54	130.77
0.50
0.52
0.57
3.19
1.21
1.19
1.19
0.37
0.42
0.38
0.37
0.49
0.50
0.50
0.50
0.47
0.47
0.48
0.47
0.42
0.38
0.41
0.40
0.38
0.35
0.38
0.39
0.50
0.48
0.50
0.49
CorWatt	PkgWatt
19.11	130.25
0.56	130.28
0.56
0.57
0.64
2.01
0.96
0.93
0.92
0.42
0.46
0.37
0.44
0.56
0.55
0.53
0.51
0.55
0.55
0.52
0.52
0.52
0.49
0.49
0.49
0.43
0.41
0.45
0.45
0.55
0.53
0.59
0.57
