CorWatt	PkgWatt
15.65	128.20
0.56	128.20
0.54
0.48
0.47
0.53
0.54
0.54
0.51
0.53
0.51
0.41
0.55
0.55
0.53
0.52
0.56
0.48
0.48
0.49
0.48
0.42
0.44
0.40
0.41
0.40
0.38
0.40
0.42
0.54
0.53
0.53
0.53
CorWatt	PkgWatt
14.78	127.53
0.49	127.60
0.51
0.46
0.44
0.54
0.53
0.50
0.52
0.46
0.45
0.40
0.41
0.51
0.53
0.56
0.55
0.44
0.46
0.45
0.46
0.40
0.43
0.38
0.39
0.37
0.37
0.37
0.35
0.52
0.50
0.52
0.50
CorWatt	PkgWatt
70.28	185.51
2.76	185.48
2.23
2.24
2.18
2.28
2.32
2.31
2.21
2.20
2.22
2.19
2.11
2.37
2.30
2.34
2.33
2.24
2.20
2.02
2.08
2.12
2.14
1.95
1.88
2.10
2.08
2.12
1.95
2.31
2.28
2.10
2.13
