CorWatt	PkgWatt
15.54	128.61
0.56	128.62
0.50
0.53
0.50
0.52
0.52
0.53
0.49
0.44
0.46
0.42
0.40
0.54
0.54
0.51
0.52
0.53
0.49
0.49
0.48
0.46
0.43
0.42
0.41
0.39
0.37
0.38
0.40
0.60
0.62
0.58
0.53
CorWatt	PkgWatt
15.19	127.52
0.51	128.13
0.52
0.54
0.45
0.50
0.50
0.51
0.49
0.42
0.45
0.41
0.40
0.52
0.52
0.52
0.54
0.55
0.49
0.51
0.50
0.44
0.46
0.40
0.41
0.37
0.38
0.37
0.39
0.59
0.52
0.53
0.51
CorWatt	PkgWatt
18.82	132.12
0.59	131.50
0.56
0.63
0.55
0.63
0.65
0.61
0.59
0.61
0.66
0.61
0.59
0.73
0.70
0.69
0.71
0.58
0.56
0.58
0.54
0.50
0.55
0.45
0.49
0.48
0.48
0.44
0.47
0.67
0.60
0.70
0.59
CorWatt	PkgWatt
17.12	129.96
0.61	129.78
0.67
0.59
0.53
0.55
0.56
0.56
0.54
0.50
0.48
0.43
0.50
0.61
0.77
0.59
0.57
0.51
0.59
0.53
0.52
0.50
0.49
0.47
0.45
0.41
0.43
0.42
0.41
0.62
0.56
0.57
0.58
