CorWatt	PkgWatt
14.67	127.03
0.51	127.03
0.43
0.45
0.46
0.48
0.50
0.54
0.48
0.40
0.45
0.41
0.38
0.50
0.51
0.49
0.54
0.48
0.47
0.47
0.47
0.39
0.40
0.47
0.46
0.35
0.37
0.36
0.35
0.53
0.53
0.52
0.50
CorWatt	PkgWatt
14.83	126.59
0.51	127.11
0.45
0.44
0.44
0.51
0.53
0.54
0.51
0.41
0.45
0.41
0.38
0.53
0.51
0.49
0.53
0.53
0.50
0.50
0.47
0.39
0.39
0.48
0.42
0.36
0.36
0.37
0.37
0.56
0.51
0.51
0.50
CorWatt	PkgWatt
17.72	130.18
0.58	129.69
0.48
0.58
0.50
0.58
0.64
0.65
0.59
0.53
0.58
0.49
0.53
0.64
0.65
0.59
0.65
0.56
0.50
0.58
0.53
0.50
0.46
0.59
0.47
0.42
0.42
0.44
0.51
0.65
0.58
0.64
0.57
CorWatt	PkgWatt
15.96	127.72
0.51	127.51
0.46
0.48
0.47
0.52
0.53
0.56
0.52
0.41
0.46
0.41
0.47
0.62
0.55
0.59
0.68
0.53
0.50
0.49
0.50
0.44
0.42
0.50
0.46
0.39
0.39
0.40
0.39
0.56
0.54
0.60
0.60
