CorWatt	PkgWatt
15.73	129.11
0.58	129.12
0.61
0.48
0.47
0.53
0.56
0.54
0.52
0.40
0.49
0.40
0.41
0.53
0.55
0.58
0.54
0.49
0.49
0.48
0.50
0.44
0.43
0.42
0.43
0.42
0.40
0.41
0.41
0.58
0.54
0.55
0.56
CorWatt	PkgWatt
15.10	127.76
0.55	128.41
0.45
0.48
0.47
0.51
0.55
0.51
0.50
0.39
0.44
0.40
0.39
0.52
0.55
0.58
0.53
0.46
0.49
0.46
0.47
0.47
0.39
0.42
0.41
0.41
0.41
0.38
0.43
0.53
0.52
0.52
0.52
CorWatt	PkgWatt
71.17	168.92
1.32	189.29
2.31
2.37
2.36
2.41
2.45
2.42
2.37
2.35
3.60
2.37
2.55
2.48
2.50
2.53
2.56
2.37
2.34
2.18
2.19
2.39
2.34
2.12
2.06
2.32
2.28
2.11
2.13
2.51
2.50
2.29
2.27
