CorWatt	PkgWatt
166.41	399.87
2.71	197.33
2.68
2.65
2.64
2.67
2.71
2.63
3.95
2.53
2.61
2.60
2.65
2.56
2.53
2.57
2.53
2.68
2.61
2.60
2.54
2.57
2.56
2.54
2.60
2.52
2.56
2.51
2.57
2.44
2.53
3.93
2.48
2.43	189.25
2.45
2.42
2.44
2.43
2.45
2.49
2.45
2.40
2.39
2.40
2.41
2.39
2.40
2.39
2.35
2.35
3.84
2.34
2.43
2.45
2.45
2.45
2.45
2.38
2.37
2.41
2.39
2.39
2.45
2.37
2.39
CorWatt	PkgWatt
159.98	378.93
2.48	189.91
2.48
2.47
2.46
2.47
2.44
2.48
2.61
2.38
2.38
2.40
2.45
2.40
2.43
2.42
2.41
2.47
2.47
2.52
2.45
2.51
2.48
2.50
2.46
2.43
2.46
2.49
2.47
2.39
2.89
3.94
2.41
2.43	190.12
2.45
2.42
2.45
2.47
2.45
2.45
2.42
2.40
2.39
2.41
2.36
2.43
2.43
2.41
2.42
2.35
3.86
2.38
2.39
3.43
2.41
2.47
2.46
2.36
2.38
2.39
2.37
2.39
2.44
2.41
2.40
CorWatt	PkgWatt
168.44	407.67
2.47	187.39
2.49
2.44
2.45
2.44
2.45
2.48
2.44
2.36
2.35
2.35
2.38
2.38
2.35
2.37
2.37
2.45
2.47
2.51
2.46
2.47
2.48
2.47
2.48
2.43
2.47
2.41
2.47
2.39
3.73
3.61
2.38
2.45	186.13
2.54
2.44
2.43
2.41
2.45
2.46
2.41
2.42
2.42
2.41
2.39
2.39
2.43
2.38
2.42
2.37
3.58
2.34
2.41
2.42
2.43
2.47
2.48
2.41
2.37
2.39
2.40
2.37
2.43
2.40
2.41
CorWatt	PkgWatt
153.49	371.41
2.44	185.86
2.45
2.46
2.41
2.40
2.40
2.44
2.42
2.34
2.34
2.34
2.38
2.32
2.36
2.37
2.36
2.43
2.43
2.47
2.46
2.45
2.47
2.48
2.46
2.42
2.42
2.41
2.46
2.40
2.37
2.41
2.39
2.40	185.55
2.40
2.41
2.43
2.42
2.42
2.41
2.38
2.40
2.34
2.35
2.35
2.37
2.39
2.35
2.41
2.36
2.37
2.33
2.38
2.43
2.41
2.44
2.39
2.37
2.35
2.34
2.39
2.37
2.38
2.39
2.39
CorWatt	PkgWatt
155.35	381.19
2.45	190.63
2.48
2.49
2.43
2.43
2.40
2.46
2.44
2.32
2.32
2.39
2.44
2.39
2.39
2.40
2.40
2.47
2.47
2.49
2.46
2.49
2.49
2.52
2.51
2.43
2.43
2.46
2.45
2.43
2.40
2.46
2.41
2.46	190.67
2.43
2.45
2.46
2.43
2.47
2.43
2.41
2.41
2.41
2.39
2.40
2.44
2.42
2.41
2.42
2.36
2.41
2.36
2.39
2.39
2.46
2.47
2.45
2.41
2.40
2.40
2.40
2.41
2.41
2.42
2.41
