CorWatt	PkgWatt
15.33	127.47
0.52	127.48
0.45
0.49
0.46
0.60
0.56
0.51
0.59
0.39
0.44
0.38
0.39
0.53
0.64
0.56
0.55
0.49
0.49
0.49
0.50
0.44
0.42
0.41
0.44
0.35
0.36
0.39
0.36
0.55
0.53
0.53
0.52
CorWatt	PkgWatt
14.46	126.22
0.49	126.60
0.42
0.48
0.44
0.54
0.51
0.48
0.51
0.37
0.43
0.37
0.37
0.52
0.52
0.52
0.56
0.45
0.48
0.47
0.47
0.41
0.40
0.39
0.42
0.36
0.35
0.39
0.36
0.51
0.49
0.50
0.52
CorWatt	PkgWatt
72.79	187.50
2.13	187.01
2.26
3.06
2.36
2.39
2.40
2.56
2.33
2.24
2.22
2.21
2.19
2.36
2.36
2.39
2.37
2.28
2.26
2.09
2.11
2.26
2.24
2.03
2.00
2.22
2.19
2.01
2.00
2.39
2.41
2.19
2.14
