CorWatt	PkgWatt
15.59	128.62
0.55	128.63
0.48
0.49
0.46
0.52
0.57
0.54
0.53
0.47
0.46
0.41
0.55
0.57
0.57
0.54
0.57
0.46
0.47
0.52
0.48
0.41
0.40
0.47
0.42
0.37
0.41
0.40
0.38
0.54
0.53
0.54
0.52
CorWatt	PkgWatt
15.33	127.55
0.53	128.10
0.48
0.49
0.45
0.51
0.55
0.54
0.53
0.48
0.45
0.40
0.41
0.54
0.58
0.55
0.55
0.47
0.49
0.51
0.48
0.46
0.41
0.42
0.41
0.37
0.40
0.39
0.40
0.53
0.51
0.53
0.52
CorWatt	PkgWatt
68.35	165.07
0.89	189.06
2.21
2.27
2.25
2.35
3.84
2.37
2.31
2.25
2.26
2.24
2.23
2.42
2.41
2.46
2.43
2.29
2.29
2.13
2.15
2.26
2.29
2.07
2.02
2.43
2.26
2.07
2.06
2.48
2.44
2.30
2.29
