CorWatt	PkgWatt
15.25	127.84
0.54	127.84
0.50
0.48
0.46
0.53
0.56
0.51
0.50
0.44
0.44
0.42
0.42
0.51
0.54
0.58
0.54
0.50
0.49
0.48
0.49
0.45
0.44
0.40
0.40
0.38
0.39
0.39
0.38
0.54
0.52
0.51
0.51
CorWatt	PkgWatt
14.77	127.45
0.50	127.53
0.50
0.53
0.47
0.50
0.55
0.52
0.50
0.41
0.43
0.39
0.39
0.50
0.52
0.57
0.52
0.49
0.50
0.45
0.47
0.39
0.38
0.38
0.39
0.36
0.36
0.38
0.36
0.51
0.52
0.50
0.50
CorWatt	PkgWatt
68.07	182.78
1.10	182.76
2.11
2.17
2.14
2.21
2.18
2.20
2.17
2.09
2.11
2.11
2.03
2.26
2.18
2.21
2.31
2.21
2.17
1.99
1.96
2.07
2.09
1.91
1.90
3.40
2.06
1.89
2.02
2.23
2.41
2.09
2.10
