CorWatt	PkgWatt
15.33	127.48
0.53	127.48
0.49
0.48
0.48
0.51
0.52
0.51
0.52
0.41
0.47
0.42
0.43
0.51
0.51
0.51
0.52
0.49
0.53
0.53
0.49
0.40
0.43
0.43
0.49
0.39
0.41
0.40
0.39
0.53
0.54
0.55
0.52
CorWatt	PkgWatt
15.07	127.04
0.51	127.08
0.49
0.48
0.45
0.51
0.51
0.49
0.58
0.38
0.45
0.38
0.45
0.53
0.53
0.51
0.51
0.51
0.48
0.52
0.46
0.39
0.47
0.39
0.42
0.38
0.41
0.38
0.40
0.53
0.53
0.55
0.52
CorWatt	PkgWatt
18.23	129.84
0.64	129.82
0.58
0.53
0.50
0.59
0.54
0.53
0.66
0.50
0.54
0.51
0.53
0.71
0.70
0.67
0.69
0.57
0.57
0.62
0.57
0.50
0.52
0.50
0.52
0.54
0.54
0.47
0.47
0.60
0.61
0.60
0.59
CorWatt	PkgWatt
15.17	127.28
0.56	127.23
0.51
0.46
0.45
0.49
0.52
0.51
0.51
0.39
0.44
0.37
0.42
0.58
0.56
0.53
0.52
0.46
0.47
0.52
0.48
0.47
0.46
0.44
0.42
0.37
0.44
0.37
0.41
0.52
0.52
0.53
0.50
