CorWatt	PkgWatt
15.89	127.54
0.54	127.54
0.51
0.57
0.51
0.54
0.54
0.56
0.51
0.45
0.46
0.44
0.40
0.53
0.56
0.50
0.55
0.54
0.58
0.56
0.51
0.43
0.41
0.42
0.42
0.40
0.41
0.39
0.39
0.56
0.55
0.56
0.56
CorWatt	PkgWatt
14.78	126.92
0.51	126.90
0.46
0.50
0.46
0.54
0.50
0.51
0.49
0.44
0.46
0.42
0.37
0.51
0.52
0.53
0.51
0.46
0.54
0.52
0.47
0.38
0.39
0.41
0.38
0.38
0.36
0.39
0.35
0.52
0.51
0.53
0.50
CorWatt	PkgWatt
18.71	129.87
0.68	129.92
0.70
0.67
0.67
0.60
0.63
0.65
0.60
0.55
0.54
0.55
0.52
0.59
0.61
0.61
0.62
0.54
0.58
0.61
0.56
0.43
0.49
0.52
0.49
0.50
0.55
0.52
0.55
0.62
0.63
0.64
0.67
CorWatt	PkgWatt
14.96	127.06
0.52	127.03
0.52
0.54
0.51
0.49
0.52
0.50
0.47
0.43
0.45
0.40
0.38
0.50
0.50
0.49
0.51
0.46
0.48
0.51
0.46
0.39
0.39
0.40
0.39
0.42
0.44
0.41
0.41
0.52
0.50
0.52
0.53
CorWatt	PkgWatt
14.97	126.95
0.51	126.95
0.50
0.51
0.54
0.50
0.51
0.50
0.48
0.43
0.47
0.40
0.39
0.50
0.52
0.53
0.53
0.46
0.47
0.52
0.46
0.41
0.40
0.38
0.39
0.41
0.40
0.41
0.36
0.53
0.51
0.52
0.54
CorWatt	PkgWatt
16.06	127.74
0.52	127.78
0.48
0.51
0.54
0.48
0.49
0.48
0.47
0.46
0.54
0.42
0.45
0.59
0.57
0.55
0.58
0.52
0.55
0.56
0.54
0.45
0.44
0.43
0.45
0.44
0.42
0.45
0.42
0.57
0.56
0.57
0.56
