CorWatt	PkgWatt
15.62	128.17
0.53	128.17
0.48
0.50
0.48
0.50
0.51
0.50
0.51
0.56
0.48
0.44
0.44
0.55
0.53
0.57
0.54
0.49
0.51
0.48
0.50
0.42
0.45
0.40
0.44
0.41
0.42
0.41
0.40
0.54
0.51
0.53
0.57
CorWatt	PkgWatt
15.07	127.58
0.51	127.73
0.48
0.45
0.45
0.51
0.52
0.49
0.50
0.40
0.47
0.45
0.42
0.53
0.52
0.56
0.52
0.49
0.50
0.47
0.48
0.43
0.42
0.42
0.43
0.42
0.38
0.37
0.39
0.53
0.51
0.53
0.53
CorWatt	PkgWatt
17.90	130.36
0.55	130.23
0.55
0.51
0.50
0.51
0.57
0.56
0.64
0.51
0.49
0.53
0.45
0.64
0.60
0.63
0.59
0.55
0.63
0.57
0.56
0.45
0.43
0.41
0.45
0.54
0.55
0.54
0.53
0.68
0.75
0.77
0.67
CorWatt	PkgWatt
15.34	127.94
0.50	127.90
0.48
0.46
0.46
0.51
0.51
0.50
0.51
0.43
0.45
0.41
0.40
0.57
0.55
0.60
0.53
0.47
0.52
0.48
0.53
0.43
0.44
0.41
0.40
0.39
0.39
0.46
0.43
0.53
0.51
0.54
0.53
CorWatt	PkgWatt
17.03	129.69
0.52	129.60
0.51
0.51
0.49
0.55
0.57
0.55
0.59
0.49
0.48
0.43
0.44
0.64
0.57
0.59
0.57
0.59
0.61
0.61
0.63
0.45
0.45
0.44
0.45
0.42
0.54
0.46
0.51
0.58
0.56
0.59
0.66
