CorWatt	PkgWatt
15.28	128.82
0.53	127.94
0.47
0.50
0.45
0.54
0.54
0.53
0.51
0.44
0.44
0.41
0.40
0.53
0.52
0.58
0.54
0.46
0.47
0.46
0.52
0.42
0.39
0.39
0.47
0.39
0.37
0.41
0.39
0.54
0.57
0.53
0.53
CorWatt	PkgWatt
15.15	127.88
0.54	127.86
0.53
0.47
0.47
0.51
0.53
0.53
0.50
0.43
0.45
0.40
0.40
0.53
0.54
0.57
0.54
0.48
0.46
0.46
0.51
0.41
0.41
0.40
0.40
0.40
0.37
0.41
0.36
0.52
0.58
0.53
0.51
CorWatt	PkgWatt
71.31	185.55
2.77	185.66
2.23
2.30
2.25
2.35
2.35
2.36
2.28
2.34
2.21
2.27
2.27
2.31
2.34
2.33
2.32
2.25
2.24
2.06
2.10
2.17
2.17
2.03
1.97
2.11
2.12
1.97
1.92
2.31
2.35
2.16
2.10
