CorWatt	PkgWatt
15.07	126.97
0.51	126.97
0.48
0.47
0.50
0.50
0.51
0.51
0.49
0.38
0.44
0.40
0.40
0.60
0.51
0.53
0.54
0.47
0.47
0.46
0.47
0.44
0.51
0.45
0.42
0.40
0.38
0.38
0.40
0.53
0.50
0.51
0.52
CorWatt	PkgWatt
15.07	126.98
0.50	127.12
0.47
0.46
0.53
0.54
0.51
0.50
0.51
0.38
0.43
0.44
0.37
0.50
0.51
0.49
0.53
0.46
0.48
0.45
0.47
0.44
0.49
0.45
0.41
0.35
0.40
0.38
0.40
0.55
0.56
0.52
0.58
CorWatt	PkgWatt
24.13	135.48
0.70	135.40
0.62
0.65
0.70
0.74
0.72
0.72
0.78
0.70
0.80
0.74
0.71
0.79
0.78
0.73
0.80
0.65
0.69
2.61
0.71
0.73
0.71
0.61
0.72
0.58
0.53
0.62
0.55
0.64
0.61
0.77
0.72
CorWatt	PkgWatt
16.91	128.55
0.51	128.53
0.45
0.45
0.44
0.53
0.53
0.49
0.53
0.41
0.48
0.45
0.46
0.53
0.54
0.50
0.54
0.47
0.47
0.61
0.47
0.84
0.98
0.65
0.61
0.48
0.42
0.41
0.41
0.59
0.54
0.55
0.56
CorWatt	PkgWatt
17.20	128.58
0.52	128.57
0.50
0.49
0.45
0.56
0.56
0.49
0.47
0.43
0.49
0.49
0.45
0.62
0.57
0.54
0.54
0.50
0.50
0.61
0.48
0.99
0.86
0.67
0.64
0.40
0.41
0.42
0.39
0.55
0.56
0.51
0.55
CorWatt	PkgWatt
18.63	129.77
0.60	129.79
0.53
0.54
0.58
0.59
0.54
0.56
0.53
0.46
0.47
0.45
0.47
0.58
0.57
0.60
0.60
0.53
0.52
0.57
0.60
0.87
0.74
0.70
1.01
0.45
0.49
0.53
0.49
0.63
0.62
0.60
0.62
CorWatt	PkgWatt
16.84	128.59
0.53	128.57
0.47
0.48
0.49
0.55
0.49
0.48
0.49
0.39
0.43
0.40
0.44
0.56
0.54
0.51
0.51
0.51
0.52
0.56
0.55
0.66
0.70
0.99
0.91
0.37
0.42
0.37
0.39
0.52
0.57
0.54
0.50
CorWatt	PkgWatt
16.91	128.50
0.53	128.49
0.46
0.46
0.49
0.54
0.49
0.50
0.49
0.41
0.43
0.40
0.42
0.54
0.53
0.52
0.55
0.50
0.51
0.61
0.51
0.66
0.72
1.21
0.68
0.37
0.40
0.39
0.39
0.54
0.54
0.57
0.54
CorWatt	PkgWatt
17.96	130.55
0.53	130.56
0.45
0.44
0.52
0.53
0.52
0.52
0.50
0.43
0.48
0.42
0.41
0.52
0.50
0.49
0.55
0.50
0.55
0.63
0.52
0.41
0.45
3.09
0.40
0.35
0.40
0.35
0.39
0.52
0.50
0.54
0.52
CorWatt	PkgWatt
18.27	130.68
0.57	130.67
0.49
0.47
0.47
0.52
0.51
0.55
0.53
0.40
0.43
0.41
0.42
0.53
0.52
0.54
0.57
0.51
0.53
0.60
0.59
0.45
0.47
3.12
0.43
0.37
0.37
0.37
0.40
0.51
0.51
0.54
0.54
CorWatt	PkgWatt
18.11	130.57
0.58	130.58
0.47
0.48
0.55
0.54
0.54
0.55
0.52
0.38
0.44
0.42
0.38
0.56
0.57
0.52
0.54
0.47
0.46
0.49
0.58
0.45
0.48
3.11
0.46
0.37
0.41
0.38
0.37
0.51
0.51
0.54
0.50
CorWatt	PkgWatt
18.09	130.69
0.56	130.69
0.49
0.48
0.49
0.51
0.49
0.53
0.47
0.40
0.43
0.42
0.41
0.55
0.50
0.52
0.55
0.52
0.52
0.55
0.61
0.45
0.45
3.12
0.45
0.40
0.42
0.37
0.35
0.54
0.49
0.53
0.49
CorWatt	PkgWatt
20.94	132.29
0.65	132.64
0.54
0.62
0.59
0.71
0.65
0.65
0.59
0.49
0.55
0.48
0.51
0.65
0.59
0.58
0.61
0.53
0.52
0.52
0.70
0.51
0.48
2.71
0.50
0.51
0.47
0.45
0.53
0.81
0.80
0.75
0.73
