CorWatt	PkgWatt
15.05	127.15
0.54	127.16
0.51
0.48
0.47
0.50
0.50
0.49
0.48
0.45
0.45
0.43
0.42
0.55
0.56
0.56
0.55
0.48
0.48
0.45
0.47
0.41
0.43
0.39
0.38
0.37
0.36
0.48
0.37
0.52
0.49
0.53
0.51
CorWatt	PkgWatt
14.71	126.64
0.52	126.73
0.47
0.48
0.43
0.50
0.50
0.49
0.48
0.45
0.46
0.43
0.41
0.52
0.54
0.54
0.51
0.47
0.49
0.46
0.47
0.39
0.43
0.38
0.39
0.36
0.36
0.38
0.36
0.51
0.50
0.52
0.51
CorWatt	PkgWatt
62.12	175.50
0.96	175.49
1.98
1.96
2.01
2.01
2.01
1.95
1.95
1.90
3.21
1.87
1.88
2.02
2.06
2.02
2.02
1.98
2.20
1.81
1.88
1.90
1.92
1.86
1.81
1.90
1.85
1.69
1.73
2.05
1.99
1.87
1.88
CorWatt	PkgWatt
48.42	162.09
0.70	162.02
1.51
1.56
1.53
1.61
1.60
1.59
1.56
1.54
2.24
1.51
1.48
1.62
1.63
1.65
1.63
1.58
1.54
1.39
1.42
1.49
1.50
1.33
1.34
1.48
1.47
1.33
1.34
1.63
1.62
1.53
1.48
