CorWatt	PkgWatt
4.76	154.34
0.08	76.88
0.08
0.08
0.08
0.07
0.07
0.07
0.07
0.07
0.07
0.06
0.07
0.06
0.06
0.06
0.06
0.07
0.07
0.08
0.07
0.09
0.08
0.08
0.08
0.07
0.07
0.07
0.07
0.06
0.07
0.07
0.06
0.08	77.55
0.08
0.08
0.08
0.08
0.08
0.08
0.08
0.08
0.07
0.07
0.07
0.07
0.07
0.07
0.07
0.08
0.07
0.07
0.08
0.08
0.08
0.08
0.08
0.08
0.08
0.08
0.08
0.08
0.07
0.07
0.08
CorWatt	PkgWatt
5.17	152.95
0.08	75.95
0.08
0.08
0.08
0.08
0.08
0.08
0.08
0.07
0.07
0.07
0.07
0.06
0.06
0.06
0.06
0.08
0.08
0.08
0.08
0.09
0.08
0.08
0.08
0.08
0.08
0.08
0.08
0.07
0.07
0.07
0.06
0.10	77.04
0.08
0.08
0.09
0.09
0.09
0.09
0.08
0.11
0.09
0.08
0.08
0.08
0.08
0.07
0.08
0.09
0.08
0.08
0.08
0.09
0.09
0.09
0.10
0.09
0.09
0.09
0.08
0.09
0.08
0.08
0.12
CorWatt	PkgWatt
14.43	182.41
0.18	88.20
0.13
0.12
0.12
0.15
0.20
0.13
0.12
0.21
0.20
0.17
0.17
0.11
0.11
0.15
0.15
0.26
0.22
0.22
0.23
0.14
0.15
0.14
0.12
0.21
0.15
0.12
0.12
0.12
0.11
0.14
0.11
0.28	94.21
0.21
0.21
0.21
0.21
0.24
0.26
0.29
0.32
0.28
0.18
2.22
0.20
0.31
0.21
0.21
0.22
0.18
0.17
0.20
0.19
0.18
0.25
0.23
0.21
0.24
0.25
0.27
0.33
0.26
0.21
0.21
