CorWatt	PkgWatt
15.23	127.34
0.54	127.35
0.47
0.55
0.46
0.52
0.59
0.53
0.50
0.41
0.48
0.42
0.40
0.54
0.52
0.52
0.54
0.48
0.48
0.48
0.51
0.43
0.43
0.40
0.40
0.38
0.36
0.45
0.37
0.54
0.53
0.51
0.53
CorWatt	PkgWatt
14.73	126.80
0.52	126.79
0.46
0.51
0.51
0.50
0.60
0.50
0.50
0.38
0.44
0.38
0.38
0.50
0.51
0.50
0.52
0.45
0.48
0.46
0.48
0.39
0.41
0.38
0.38
0.37
0.36
0.40
0.39
0.54
0.51
0.52
0.50
CorWatt	PkgWatt
21.75	133.20
0.72	133.23
0.63
0.61
0.64
0.67
0.70
0.64
0.65
0.53
0.61
0.53
0.53
0.68
0.65
0.65
0.68
0.66
0.68
0.67
0.62
0.55
0.62
0.51
0.53
0.64
0.54
0.51
0.52
0.62
0.65
0.65
2.66
CorWatt	PkgWatt
16.87	128.42
0.53	128.40
0.43
0.47
0.50
0.55
0.58
0.50
0.49
0.43
0.52
0.47
0.43
0.55
0.54
0.51
0.55
0.46
0.53
0.54
0.51
0.44
0.41
0.38
0.39
1.13
0.64
0.60
0.63
0.52
0.52
0.51
0.61
CorWatt	PkgWatt
16.39	128.11
0.54	128.11
0.45
0.50
0.49
0.55
0.55
0.48
0.48
0.40
0.46
0.38
0.39
0.51
0.50
0.48
0.52
0.44
0.46
0.49
0.51
0.43
0.43
0.38
0.38
1.15
0.62
0.60
0.61
0.52
0.52
0.52
0.62
CorWatt	PkgWatt
16.30	127.98
0.54	127.98
0.42
0.45
0.42
0.55
0.56
0.48
0.48
0.37
0.48
0.43
0.39
0.51
0.50
0.48
0.53
0.46
0.48
0.48
0.51
0.44
0.43
0.38
0.38
1.16
0.64
0.61
0.61
0.51
0.50
0.50
0.61
CorWatt	PkgWatt
16.17	127.91
0.51	127.90
0.43
0.45
0.42
0.55
0.55
0.48
0.47
0.37
0.44
0.41
0.38
0.50
0.50
0.48
0.53
0.44
0.46
0.46
0.47
0.43
0.41
0.40
0.40
1.04
0.82
0.60
0.61
0.51
0.52
0.51
0.62
CorWatt	PkgWatt
16.81	128.51
0.53	128.52
0.46
0.48
0.46
0.56
0.53
0.50
0.50
0.40
0.51
0.40
0.39
0.51
0.50
0.50
0.53
0.45
0.47
0.46
0.46
0.41
0.45
0.38
0.38
0.65
0.95
1.11
0.59
0.55
0.55
0.53
0.64
CorWatt	PkgWatt
17.34	129.96
0.53	129.95
0.44
0.48
0.42
0.54
0.49
0.48
0.47
0.37
0.44
0.39
0.37
0.50
0.50
0.48
0.53
0.44
0.46
0.45
0.51
0.39
0.41
0.39
0.38
0.45
0.36
3.14
0.39
0.52
0.51
0.50
0.62
CorWatt	PkgWatt
17.29	129.81
0.55	129.81
0.43
0.46
0.44
0.54
0.49
0.48
0.48
0.37
0.44
0.39
0.37
0.50
0.50
0.48
0.53
0.46
0.46
0.47
0.45
0.38
0.40
0.38
0.38
0.42
0.36
3.14
0.39
0.53
0.52
0.50
0.61
CorWatt	PkgWatt
17.32	129.85
0.56	129.85
0.45
0.48
0.44
0.55
0.49
0.49
0.47
0.38
0.47
0.38
0.37
0.50
0.50
0.48
0.53
0.45
0.46
0.45
0.46
0.38
0.40
0.38
0.38
0.42
0.36
3.14
0.39
0.52
0.50
0.50
0.61
CorWatt	PkgWatt
17.82	130.07
0.56	130.07
0.44
0.49
0.50
0.55
0.49
0.51
0.49
0.42
0.43
0.40
0.39
0.51
0.51
0.50
0.54
0.48
0.48
0.46
0.47
0.40
0.44
0.41
0.42
2.80
0.40
0.75
0.41
0.53
0.54
0.52
0.61
CorWatt	PkgWatt
17.33	129.92
0.53	129.91
0.45
0.46
0.48
0.54
0.48
0.48
0.47
0.39
0.43
0.38
0.37
0.50
0.50
0.48
0.52
0.45
0.46
0.45
0.46
0.38
0.41
0.43
0.38
3.14
0.39
0.37
0.39
0.53
0.51
0.50
0.62
CorWatt	PkgWatt
17.31	129.82
0.53	129.82
0.46
0.47
0.44
0.55
0.50
0.48
0.47
0.38
0.46
0.38
0.40
0.50
0.50
0.48
0.53
0.44
0.48
0.45
0.45
0.38
0.40
0.39
0.38
3.14
0.35
0.36
0.39
0.52
0.53
0.50
0.61
CorWatt	PkgWatt
17.21	129.79
0.51	129.79
0.46
0.45
0.42
0.54
0.48
0.48
0.47
0.37
0.44
0.38
0.37
0.50
0.50
0.48
0.53
0.44
0.46
0.44
0.51
0.38
0.40
0.38
0.38
3.14
0.39
0.36
0.39
0.52
0.51
0.50
0.62
CorWatt	PkgWatt
17.59	130.14
0.53	130.14
0.47
0.47
0.43
0.56
0.49
0.48
0.51
0.39
0.44
0.41
0.37
0.52
0.52
0.49
0.57
0.45
0.47
0.46
0.48
0.42
0.46
0.39
0.41
3.14
0.37
0.37
0.39
0.52
0.52
0.51
0.60
CorWatt	PkgWatt
17.38	129.82
0.51	129.82
0.46
0.46
0.44
0.55
0.48
0.48
0.47
0.37
0.45
0.39
0.38
0.52
0.52
0.53
0.54
0.45
0.46
0.44
0.47
0.40
0.40
0.39
0.38
3.14
0.37
0.37
0.41
0.53
0.52
0.50
0.61
CorWatt	PkgWatt
17.43	130.01
0.52	130.01
0.46
0.46
0.42
0.54
0.50
0.49
0.48
0.39
0.47
0.39
0.39
0.50
0.51
0.49
0.51
0.45
0.47
0.47
0.47
0.40
0.41
0.42
0.40
3.14
0.37
0.37
0.40
0.54
0.51
0.50
0.60
CorWatt	PkgWatt
17.27	129.86
0.51	129.86
0.46
0.46
0.42
0.54
0.48
0.48
0.47
0.38
0.44
0.38
0.38
0.51
0.50
0.49
0.51
0.45
0.46
0.44
0.47
0.38
0.40
0.38
0.38
3.14
0.37
0.38
0.42
0.53
0.52
0.50
0.62
CorWatt	PkgWatt
17.45	130.14
0.51	130.15
0.45
0.47
0.43
0.56
0.49
0.48
0.48
0.37
0.45
0.42
0.39
0.50
0.50
0.49
0.51
0.47
0.49
0.48
0.49
0.39
0.41
0.39
0.39
3.07
0.38
0.39
0.42
0.53
0.52
0.51
0.61
CorWatt	PkgWatt
18.20	129.69
0.58	129.71
0.51
0.53
0.49
0.59
0.58
0.54
0.53
0.46
0.52
0.95
0.51
0.94
0.71
0.71
0.91
0.50
0.50
0.49
0.57
0.48
0.53
0.47
0.46
0.47
0.44
0.42
0.40
0.60
0.57
0.59
0.64
CorWatt	PkgWatt
16.98	128.60
0.51	128.58
0.43
0.47
0.43
0.55
0.50
0.49
0.49
0.39
0.45
0.41
0.51
1.46
0.86
0.85
1.02
0.46
0.47
0.45
0.54
0.40
0.47
0.39
0.39
0.40
0.37
0.37
0.36
0.52
0.52
0.51
0.50
CorWatt	PkgWatt
16.84	128.70
0.52	128.71
0.44
0.48
0.44
0.55
0.48
0.48
0.47
0.39
0.45
0.38
0.52
1.07
0.86
0.84
1.41
0.45
0.47
0.44
0.53
0.38
0.41
0.42
0.38
0.39
0.40
0.36
0.35
0.53
0.51
0.51
0.51
CorWatt	PkgWatt
16.95	128.61
0.52	128.61
0.46
0.49
0.43
0.55
0.50
0.50
0.49
0.38
0.44
0.39
0.49
0.98
0.86
0.85
1.49
0.45
0.49
0.46
0.57
0.39
0.41
0.38
0.38
0.40
0.43
0.38
0.36
0.52
0.51
0.52
0.50
CorWatt	PkgWatt
16.73	128.48
0.50	128.47
0.48
0.46
0.43
0.55
0.48
0.48
0.47
0.40
0.44
0.38
0.50
1.43
0.86
0.84
1.04
0.44
0.46
0.44
0.53
0.38
0.41
0.38
0.38
0.39
0.40
0.37
0.36
0.52
0.50
0.50
0.51
CorWatt	PkgWatt
16.79	128.52
0.50	128.52
0.47
0.48
0.42
0.57
0.49
0.48
0.47
0.38
0.43
0.39
0.51
1.55
0.86
0.86
0.87
0.46
0.46
0.45
0.54
0.38
0.43
0.38
0.38
0.40
0.43
0.37
0.35
0.51
0.51
0.51
0.49
CorWatt	PkgWatt
18.26	129.82
0.52	129.82
0.49
0.45
0.43
0.55
0.48
0.49
0.47
0.38
0.44
0.53
0.41
2.14
1.07
1.06
1.19
0.44
0.48
0.44
0.54
0.38
0.40
0.38
0.38
0.39
0.45
0.38
0.37
0.54
0.53
0.53
0.55
CorWatt	PkgWatt
20.18	131.35
0.54	131.35
0.52
0.45
0.43
0.55
0.49
0.49
0.48
0.39
0.49
0.51
0.40
3.18
1.36
1.35
1.37
0.45
0.47
0.45
0.51
0.41
0.42
0.41
0.39
0.40
0.44
0.39
0.37
0.53
0.52
0.51
0.53
CorWatt	PkgWatt
19.87	131.12
0.51	131.12
0.48
0.45
0.44
0.55
0.49
0.48
0.47
0.39
0.44
0.50
0.41
1.37
1.37
1.35
3.19
0.46
0.47
0.46
0.49
0.38
0.41
0.38
0.38
0.39
0.41
0.36
0.35
0.51
0.50
0.50
0.51
CorWatt	PkgWatt
19.87	131.29
0.52	131.29
0.50
0.47
0.43
0.54
0.50
0.48
0.48
0.39
0.47
0.52
0.40
3.15
1.36
1.35
1.37
0.44
0.47
0.44
0.47
0.38
0.41
0.38
0.38
0.39
0.40
0.36
0.35
0.53
0.51
0.52
0.50
CorWatt	PkgWatt
19.88	131.16
0.51	131.16
0.47
0.48
0.43
0.56
0.48
0.49
0.49
0.40
0.46
0.53
0.40
2.01
1.36
1.35
2.54
0.45
0.46
0.44
0.48
0.39
0.40
0.38
0.38
0.39
0.40
0.36
0.35
0.52
0.51
0.50
0.51
CorWatt	PkgWatt
20.06	131.31
0.53	131.30
0.48
0.48
0.45
0.55
0.49
0.49
0.50
0.39
0.45
0.50
0.41
3.18
1.36
1.35
1.37
0.47
0.48
0.45
0.48
0.40
0.41
0.38
0.38
0.40
0.44
0.38
0.37
0.52
0.51
0.51
0.50
CorWatt	PkgWatt
19.86	131.15
0.53	131.16
0.49
0.45
0.45
0.54
0.50
0.49
0.48
0.39
0.44
0.51
0.40
3.17
1.36
1.36
1.36
0.45
0.46
0.44
0.47
0.38
0.41
0.39
0.38
0.39
0.43
0.36
0.35
0.51
0.51
0.50
0.51
CorWatt	PkgWatt
20.02	131.42
0.54	131.42
0.47
0.47
0.45
0.57
0.49
0.48
0.48
0.41
0.49
0.53
0.43
3.16
1.37
1.36
1.37
0.44
0.46
0.45
0.46
0.38
0.42
0.39
0.38
0.39
0.40
0.36
0.37
0.52
0.51
0.51
0.50
CorWatt	PkgWatt
19.91	131.26
0.53	131.25
0.49
0.48
0.44
0.55
0.48
0.48
0.48
0.39
0.45
0.51
0.40
2.12
1.37
1.35
2.42
0.44
0.48
0.47
0.49
0.38
0.41
0.38
0.38
0.39
0.41
0.36
0.35
0.52
0.52
0.50
0.51
CorWatt	PkgWatt
20.00	131.26
0.52	131.25
0.49
0.47
0.43
0.54
0.49
0.49
0.49
0.40
0.43
0.50
0.41
1.37
1.37
1.35
3.19
0.46
0.47
0.45
0.49
0.39
0.41
0.39
0.39
0.39
0.42
0.38
0.37
0.52
0.51
0.51
0.50
CorWatt	PkgWatt
19.84	131.18
0.51	131.18
0.47
0.46
0.43
0.55
0.48
0.48
0.47
0.38
0.44
0.51
0.41
3.15
1.36
1.35
1.38
0.44
0.46
0.45
0.48
0.39
0.41
0.39
0.38
0.39
0.44
0.36
0.35
0.52
0.51
0.51
0.52
CorWatt	PkgWatt
19.83	131.57
0.63	131.56
0.50
0.52
0.51
0.91
0.54
0.55
0.56
0.45
0.55
0.61
0.48
1.31
0.99
0.99
1.71
0.52
0.51
0.49
0.53
0.44
0.48
0.44
0.45
0.45
0.50
0.41
0.40
0.61
0.61
0.58
0.61
CorWatt	PkgWatt
16.37	128.27
0.65	128.29
0.49
0.50
0.45
0.70
0.72
0.70
1.21
0.39
0.46
0.39
0.39
0.58
0.51
0.51
0.52
0.45
0.48
0.46
0.48
0.40
0.43
0.43
0.40
0.39
0.37
0.36
0.35
0.58
0.57
0.52
0.52
CorWatt	PkgWatt
16.19	128.05
0.59	128.04
0.49
0.47
0.46
1.12
0.75
0.73
0.78
0.38
0.46
0.38
0.39
0.58
0.51
0.49
0.51
0.46
0.48
0.47
0.48
0.40
0.42
0.39
0.38
0.40
0.36
0.36
0.35
0.58
0.56
0.51
0.50
CorWatt	PkgWatt
16.04	128.04
0.58	128.04
0.49
0.49
0.45
1.15
0.75
0.73
0.72
0.37
0.46
0.38
0.40
0.56
0.50
0.50
0.52
0.45
0.47
0.44
0.48
0.38
0.42
0.38
0.38
0.39
0.35
0.36
0.35
0.57
0.57
0.50
0.51
CorWatt	PkgWatt
16.35	128.35
0.59	128.35
0.47
0.50
0.47
1.14
0.75
0.74
0.73
0.39
0.44
0.40
0.39
0.57
0.51
0.49
0.51
0.48
0.47
0.45
0.49
0.39
0.44
0.40
0.41
0.40
0.38
0.39
0.37
0.57
0.59
0.52
0.50
CorWatt	PkgWatt
16.07	128.11
0.58	128.12
0.45
0.51
0.44
1.26
0.74
0.71
0.71
0.38
0.44
0.40
0.40
0.52
0.50
0.48
0.51
0.45
0.46
0.45
0.48
0.38
0.42
0.38
0.38
0.39
0.44
0.36
0.35
0.52
0.57
0.51
0.51
CorWatt	PkgWatt
18.76	133.22
0.59	133.22
0.45
0.51
0.47
4.41
0.53
0.50
0.51
0.41
0.46
0.39
0.42
0.51
0.50
0.49
0.52
0.45
0.48
0.46
0.48
0.39
0.41
0.41
0.39
0.40
0.42
0.36
0.35
0.52
0.57
0.50
0.50
CorWatt	PkgWatt
18.50	133.07
0.57	133.07
0.44
0.52
0.45
4.43
0.53
0.49
0.50
0.39
0.44
0.38
0.38
0.51
0.50
0.48
0.50
0.45
0.46
0.45
0.47
0.38
0.41
0.38
0.38
0.38
0.43
0.35
0.35
0.51
0.55
0.50
0.51
CorWatt	PkgWatt
18.71	133.43
0.57	133.44
0.44
0.52
0.44
4.42
0.54
0.49
0.53
0.39
0.44
0.40
0.38
0.52
0.52
0.48
0.54
0.46
0.47
0.45
0.50
0.41
0.44
0.39
0.41
0.40
0.40
0.35
0.35
0.51
0.56
0.50
0.49
CorWatt	PkgWatt
18.68	133.30
0.57	133.29
0.44
0.48
0.45
4.43
0.52
0.50
0.50
0.39
0.44
0.39
0.38
0.52
0.52
0.53
0.57
0.46
0.46
0.45
0.51
0.41
0.42
0.39
0.38
0.39
0.41
0.36
0.35
0.51
0.56
0.50
0.51
CorWatt	PkgWatt
18.80	133.43
0.57	133.43
0.46
0.49
0.45
4.43
0.54
0.50
0.51
0.39
0.48
0.39
0.38
0.51
0.51
0.49
0.53
0.45
0.47
0.47
0.48
0.41
0.42
0.41
0.41
0.40
0.42
0.38
0.36
0.53
0.56
0.51
0.51
CorWatt	PkgWatt
18.58	133.27
0.57	133.27
0.44
0.48
0.44
4.44
0.52
0.49
0.49
0.39
0.43
0.38
0.39
0.52
0.50
0.49
0.53
0.44
0.46
0.45
0.47
0.39
0.41
0.43
0.39
0.39
0.41
0.37
0.36
0.52
0.56
0.50
0.51
CorWatt	PkgWatt
18.67	133.45
0.58	133.45
0.44
0.49
0.44
4.43
0.52
0.49
0.49
0.38
0.43
0.38
0.38
0.53
0.51
0.49
0.53
0.47
0.49
0.47
0.50
0.41
0.42
0.39
0.38
0.40
0.41
0.37
0.37
0.52
0.56
0.50
0.49
CorWatt	PkgWatt
18.70	133.44
0.57	133.44
0.44
0.48
0.44
4.43
0.52
0.49
0.49
0.41
0.44
0.38
0.40
0.52
0.50
0.51
0.53
0.47
0.47
0.46
0.48
0.39
0.42
0.40
0.38
0.39
0.45
0.37
0.35
0.51
0.56
0.52
0.52
CorWatt	PkgWatt
19.44	133.94
0.59	133.95
0.48
0.52
0.49
4.43
0.55
0.50
0.53
0.43
0.46
0.42
0.42
0.54
0.54
0.54
0.57
0.46
0.51
0.50
0.51
0.41
0.42
0.39
0.39
0.43
0.43
0.39
0.38
0.55
0.59
0.53
0.54
CorWatt	PkgWatt
18.72	133.55
0.58	133.54
0.49
0.48
0.46
4.43
0.53
0.49
0.50
0.40
0.44
0.39
0.40
0.51
0.50
0.50
0.53
0.50
0.47
0.46
0.51
0.40
0.41
0.38
0.38
0.36
0.40
0.35
0.35
0.52
0.58
0.50
0.51
CorWatt	PkgWatt
18.66	133.45
0.58	133.45
0.48
0.47
0.44
4.43
0.53
0.50
0.50
0.38
0.44
0.38
0.38
0.50
0.50
0.49
0.53
0.48
0.50
0.47
0.52
0.40
0.41
0.41
0.39
0.37
0.41
0.35
0.35
0.51
0.56
0.50
0.49
CorWatt	PkgWatt
18.56	133.30
0.57	133.30
0.48
0.46
0.44
4.43
0.54
0.49
0.50
0.38
0.44
0.38
0.39
0.52
0.50
0.50
0.53
0.48
0.47
0.45
0.48
0.39
0.42
0.38
0.40
0.35
0.41
0.36
0.35
0.51
0.55
0.50
0.51
CorWatt	PkgWatt
18.70	130.94
0.64	130.96
0.56
0.53
0.53
0.97
0.62
0.58
0.58
0.45
0.53
0.46
0.46
0.57
0.58
0.59
0.63
0.57
0.53
0.52
0.57
0.51
0.52
0.47
0.52
0.70
0.62
0.50
0.50
0.81
0.92
0.59
0.57
CorWatt	PkgWatt
16.53	128.72
0.52	128.70
0.49
0.48
0.45
0.52
0.50
0.49
0.48
0.40
0.44
0.42
0.41
0.51
0.51
0.50
0.52
0.49
0.50
0.45
0.50
0.45
0.41
0.38
0.44
1.12
0.65
0.61
0.61
0.66
0.54
0.53
0.54
CorWatt	PkgWatt
16.33	128.62
0.50	128.62
0.49
0.46
0.45
0.49
0.49
0.48
0.50
0.38
0.49
0.38
0.38
0.51
0.51
0.50
0.52
0.49
0.54
0.45
0.49
0.47
0.42
0.39
0.38
1.11
0.65
0.59
0.60
0.65
0.53
0.51
0.52
CorWatt	PkgWatt
16.28	128.65
0.51	128.64
0.49
0.46
0.43
0.51
0.49
0.48
0.48
0.38
0.44
0.39
0.40
0.51
0.50
0.50
0.51
0.49
0.52
0.47
0.49
0.47
0.41
0.40
0.38
0.77
0.99
0.59
0.59
0.65
0.51
0.51
0.52
CorWatt	PkgWatt
16.53	128.99
0.51	129.00
0.48
0.53
0.44
0.49
0.49
0.49
0.50
0.39
0.49
0.42
0.38
0.53
0.53
0.53
0.55
0.49
0.52
0.46
0.50
0.46
0.41
0.38
0.39
0.66
1.11
0.60
0.59
0.66
0.53
0.52
0.50
CorWatt	PkgWatt
16.69	129.20
0.52	129.20
0.45
0.53
0.46
0.50
0.48
0.48
0.48
0.40
0.49
0.41
0.41
0.51
0.50
0.50
0.52
0.48
0.52
0.45
0.49
0.48
0.42
0.38
0.38
0.64
1.48
0.58
0.57
0.63
0.51
0.50
0.52
CorWatt	PkgWatt
17.81	130.62
0.54	130.62
0.45
0.48
0.45
0.49
0.50
0.50
0.49
0.38
0.45
0.39
0.38
0.51
0.51
0.50
0.51
0.49
0.53
0.45
0.49
0.47
0.41
0.38
0.38
3.05
0.52
0.49
0.48
0.64
0.52
0.50
0.50
CorWatt	PkgWatt
18.01	130.79
0.56	130.79
0.46
0.46
0.47
0.49
0.50
0.50
0.50
0.40
0.45
0.39
0.39
0.51
0.53
0.50
0.53
0.50
0.52
0.46
0.49
0.45
0.41
0.38
0.39
2.14
0.53
1.38
0.49
0.65
0.52
0.51
0.53
CorWatt	PkgWatt
18.46	130.96
0.58	130.98
0.47
0.52
0.50
0.49
0.50
0.49
0.49
0.42
0.51
0.45
0.41
0.53
0.54
0.53
0.53
0.52
0.55
0.50
0.53
0.47
0.41
0.39
0.39
2.98
0.52
0.53
0.51
0.64
0.52
0.51
0.50
CorWatt	PkgWatt
17.83	130.43
0.54	130.41
0.44
0.49
0.43
0.48
0.49
0.48
0.48
0.39
0.45
0.39
0.39
0.51
0.51
0.50
0.51
0.48
0.53
0.46
0.50
0.45
0.41
0.38
0.39
3.05
0.52
0.51
0.48
0.64
0.51
0.50
0.52
CorWatt	PkgWatt
17.86	130.47
0.52	130.47
0.47
0.46
0.44
0.48
0.49
0.48
0.49
0.39
0.43
0.40
0.40
0.51
0.51
0.50
0.51
0.48
0.52
0.46
0.52
0.46
0.41
0.40
0.40
1.20
0.52
2.39
0.48
0.64
0.51
0.50
0.50
CorWatt	PkgWatt
17.79	130.52
0.52	130.52
0.47
0.46
0.44
0.48
0.49
0.49
0.48
0.38
0.43
0.39
0.39
0.50
0.50
0.50
0.53
0.49
0.53
0.45
0.46
0.46
0.40
0.39
0.38
0.54
0.52
3.04
0.48
0.64
0.51
0.50
0.51
CorWatt	PkgWatt
18.33	130.76
0.52	130.77
0.49
0.48
0.48
0.49
0.49
0.51
0.52
0.39
0.48
0.41
0.39
0.51
0.52
0.52
0.55
0.49
0.51
0.46
0.47
0.47
0.41
0.38
0.39
0.56
0.57
3.06
0.51
0.65
0.56
0.53
0.55
CorWatt	PkgWatt
17.90	130.48
0.51	130.47
0.49
0.50
0.44
0.49
0.49
0.48
0.48
0.38
0.45
0.38
0.38
0.50
0.51
0.50
0.53
0.48
0.51
0.46
0.48
0.48
0.41
0.41
0.38
1.02
0.52
2.58
0.49
0.64
0.51
0.50
0.51
CorWatt	PkgWatt
17.79	130.42
0.54	130.42
0.47
0.47
0.46
0.48
0.49
0.48
0.49
0.39
0.43
0.38
0.38
0.50
0.51
0.49
0.53
0.48
0.52
0.48
0.47
0.48
0.42
0.39
0.38
3.03
0.52
0.51
0.48
0.63
0.51
0.50
0.50
CorWatt	PkgWatt
17.78	130.47
0.54	130.47
0.49
0.49
0.45
0.48
0.49
0.49
0.48
0.38
0.43
0.38
0.38
0.52
0.51
0.49
0.52
0.48
0.52
0.46
0.46
0.47
0.41
0.38
0.39
3.04
0.52
0.49
0.49
0.63
0.51
0.51
0.51
CorWatt	PkgWatt
18.08	130.78
0.53	130.78
0.47
0.49
0.47
0.49
0.50
0.52
0.50
0.39
0.44
0.40
0.39
0.52
0.51
0.51
0.53
0.49
0.52
0.46
0.47
0.46
0.43
0.40
0.41
3.04
0.55
0.50
0.51
0.63
0.53
0.52
0.50
CorWatt	PkgWatt
17.33	129.75
0.52	129.75
0.49
0.50
0.46
0.48
0.49
0.65
0.49
0.41
0.45
0.38
0.40
0.51
0.51
0.50
0.53
0.49
0.50
0.46
0.48
0.45
0.43
0.39
0.40
2.25
0.50
0.46
0.48
0.67
0.54
0.53
0.53
CorWatt	PkgWatt
18.13	130.03
0.89	130.04
1.04
0.70
0.74
0.55
0.57
0.96
0.56
0.46
0.51
0.45
0.48
0.56
0.57
0.56
0.59
0.54
0.52
0.50
0.52
0.51
0.46
0.44
0.45
0.46
0.43
0.41
0.41
0.58
0.57
0.57
0.55
CorWatt	PkgWatt
16.27	128.52
0.81	128.51
1.16
0.70
0.73
0.49
0.50
0.60
0.49
0.41
0.45
0.38
0.39
0.52
0.51
0.49
0.53
0.48
0.47
0.45
0.46
0.45
0.42
0.40
0.40
0.42
0.36
0.37
0.35
0.53
0.51
0.51
0.51
CorWatt	PkgWatt
16.55	128.71
0.77	128.71
1.23
0.72
0.71
0.49
0.51
0.61
0.52
0.39
0.45
0.42
0.39
0.52
0.53
0.51
0.56
0.49
0.47
0.47
0.50
0.48
0.44
0.40
0.42
0.43
0.36
0.37
0.36
0.53
0.51
0.51
0.50
CorWatt	PkgWatt
16.34	128.42
0.73	128.42
0.83
1.14
0.73
0.49
0.51
0.62
0.49
0.39
0.45
0.40
0.39
0.53
0.52
0.53
0.58
0.50
0.47
0.45
0.47
0.48
0.40
0.38
0.40
0.36
0.36
0.36
0.35
0.51
0.51
0.51
0.51
CorWatt	PkgWatt
16.42	128.53
0.73	128.53
0.85
1.16
0.68
0.50
0.52
0.61
0.50
0.39
0.49
0.39
0.38
0.50
0.50
0.49
0.54
0.48
0.51
0.47
0.48
0.47
0.41
0.40
0.40
0.37
0.36
0.37
0.37
0.53
0.52
0.51
0.51
CorWatt	PkgWatt
17.48	130.23
0.56	130.23
0.53
2.98
0.50
0.49
0.50
0.59
0.50
0.38
0.48
0.39
0.39
0.52
0.51
0.50
0.53
0.48
0.54
0.47
0.49
0.45
0.41
0.38
0.38
0.38
0.38
0.37
0.37
0.52
0.51
0.50
0.51
CorWatt	PkgWatt
17.81	130.57
0.54	130.57
0.49
3.30
0.47
0.49
0.50
0.59
0.49
0.40
0.46
0.40
0.38
0.50
0.52
0.50
0.54
0.50
0.53
0.48
0.51
0.46
0.41
0.40
0.39
0.38
0.37
0.38
0.37
0.52
0.51
0.51
0.50
CorWatt	PkgWatt
17.66	130.44
0.55	130.44
0.45
3.30
0.46
0.49
0.50
0.59
0.49
0.40
0.45
0.39
0.40
0.51
0.51
0.51
0.53
0.49
0.51
0.46
0.49
0.45
0.41
0.40
0.38
0.35
0.36
0.38
0.36
0.51
0.51
0.52
0.53
CorWatt	PkgWatt
17.52	130.34
0.55	130.33
0.45
3.31
0.48
0.49
0.50
0.60
0.49
0.39
0.43
0.39
0.38
0.50
0.52
0.51
0.53
0.49
0.51
0.46
0.49
0.45
0.41
0.38
0.39
0.35
0.35
0.36
0.35
0.51
0.50
0.50
0.49
CorWatt	PkgWatt
17.83	130.77
0.55	130.77
0.51
3.30
0.48
0.50
0.52
0.59
0.50
0.39
0.44
0.39
0.42
0.52
0.52
0.51
0.54
0.50
0.52
0.46
0.49
0.45
0.41
0.38
0.39
0.35
0.35
0.37
0.39
0.52
0.51
0.51
0.51
CorWatt	PkgWatt
17.79	130.66
0.53	130.66
0.49
3.31
0.47
0.50
0.51
0.60
0.50
0.39
0.45
0.39
0.38
0.51
0.52
0.51
0.54
0.48
0.53
0.47
0.53
0.46
0.42
0.38
0.39
0.38
0.37
0.36
0.36
0.52
0.51
0.50
0.50
CorWatt	PkgWatt
17.68	130.54
0.54	130.54
0.46
3.31
0.51
0.50
0.50
0.60
0.50
0.39
0.45
0.39
0.38
0.50
0.52
0.50
0.54
0.48
0.51
0.46
0.52
0.45
0.41
0.40
0.39
0.36
0.36
0.37
0.35
0.51
0.51
0.50
0.51
CorWatt	PkgWatt
17.68	130.53
0.54	130.53
0.44
3.30
0.50
0.49
0.52
0.59
0.50
0.38
0.44
0.39
0.38
0.50
0.51
0.50
0.55
0.48
0.52
0.47
0.53
0.47
0.42
0.38
0.39
0.38
0.36
0.37
0.36
0.51
0.51
0.50
0.49
CorWatt	PkgWatt
17.87	130.62
0.55	130.62
0.47
3.30
0.51
0.49
0.51
0.61
0.49
0.39
0.43
0.41
0.40
0.53
0.51
0.50
0.52
0.49
0.54
0.45
0.50
0.46
0.41
0.39
0.40
0.35
0.36
0.39
0.37
0.54
0.53
0.53
0.54
CorWatt	PkgWatt
17.88	130.61
0.53	130.61
0.45
3.31
0.51
0.50
0.51
0.59
0.49
0.41
0.49
0.39
0.38
0.52
0.52
0.51
0.53
0.49
0.52
0.46
0.50
0.46
0.41
0.40
0.39
0.38
0.38
0.37
0.37
0.53
0.54
0.51
0.52
CorWatt	PkgWatt
17.59	130.57
0.53	130.56
0.45
3.31
0.51
0.50
0.51
0.60
0.49
0.38
0.45
0.39
0.38
0.52
0.51
0.50
0.52
0.49
0.53
0.48
0.49
0.44
0.40
0.38
0.39
0.35
0.35
0.37
0.35
0.52
0.51
0.50
0.51
CorWatt	PkgWatt
17.78	130.58
0.54	130.59
0.45
3.31
0.51
0.50
0.50
0.59
0.49
0.39
0.46
0.41
0.38
0.53
0.53
0.53
0.55
0.48
0.51
0.46
0.53
0.45
0.41
0.40
0.39
0.36
0.35
0.36
0.35
0.54
0.51
0.52
0.49
CorWatt	PkgWatt
18.67	130.89
0.59	130.91
0.52
1.41
0.57
0.60
0.65
0.88
0.65
0.45
0.52
0.47
0.47
0.62
0.60
0.57
0.59
0.52
0.54
0.51
0.55
0.53
0.48
0.45
0.48
0.46
0.41
0.43
0.76
0.59
0.61
0.60
0.60
CorWatt	PkgWatt
17.22	129.34
0.54	129.32
0.47
0.59
0.51
0.85
0.86
0.89
1.56
0.39
0.46
0.41
0.39
0.52
0.52
0.50
0.53
0.47
0.48
0.47
0.51
0.46
0.42
0.40
0.40
0.38
0.37
0.37
0.36
0.52
0.57
0.55
0.51
CorWatt	PkgWatt
17.19	129.17
0.54	129.16
0.47
0.57
0.51
0.85
0.86
0.89
1.55
0.40
0.44
0.40
0.39
0.53
0.54
0.50
0.53
0.46
0.47
0.47
0.50
0.46
0.42
0.39
0.39
0.38
0.36
0.37
0.35
0.52
0.58
0.55
0.52
CorWatt	PkgWatt
17.08	129.25
0.51	129.25
0.44
0.58
0.49
0.84
0.86
1.27
1.16
0.40
0.45
0.43
0.40
0.53
0.54
0.52
0.52
0.46
0.48
0.48
0.51
0.47
0.42
0.38
0.39
0.35
0.35
0.36
0.36
0.51
0.56
0.54
0.50
CorWatt	PkgWatt
16.99	129.08
0.52	129.08
0.46
0.59
0.49
0.84
0.85
0.94
1.50
0.38
0.44
0.39
0.39
0.53
0.51
0.50
0.53
0.45
0.49
0.46
0.51
0.47
0.41
0.40
0.39
0.36
0.35
0.36
0.35
0.51
0.56
0.54
0.51
CorWatt	PkgWatt
17.55	129.75
0.54	129.75
0.44
0.59
0.55
0.84
0.85
0.94
1.50
0.43
0.45
0.42
0.40
0.55
0.55
0.50
0.55
0.46
0.50
0.47
0.55
0.49
0.44
0.43
0.42
0.38
0.38
0.37
0.38
0.52
0.57
0.55
0.50
CorWatt	PkgWatt
17.35	129.46
0.50	129.45
0.44
0.58
0.49
0.92
0.93
0.96
1.78
0.38
0.46
0.41
0.40
0.51
0.51
0.50
0.53
0.45
0.46
0.45
0.47
0.47
0.41
0.38
0.39
0.35
0.36
0.37
0.35
0.51
0.56
0.54
0.51
CorWatt	PkgWatt
20.28	132.20
0.55	132.21
0.44
0.57
0.52
1.34
1.35
3.15
1.34
0.39
0.51
0.41
0.39
0.50
0.53
0.50
0.52
0.45
0.48
0.46
0.48
0.48
0.42
0.39
0.39
0.41
0.38
0.36
0.35
0.54
0.60
0.56
0.54
CorWatt	PkgWatt
19.98	132.10
0.52	132.09
0.45
0.58
0.50
1.34
1.35
1.35
3.13
0.38
0.48
0.40
0.38
0.50
0.51
0.50
0.53
0.46
0.47
0.45
0.46
0.48
0.41
0.41
0.39
0.36
0.35
0.36
0.35
0.51
0.56
0.54
0.52
CorWatt	PkgWatt
20.12	132.29
0.54	132.29
0.44
0.56
0.52
1.34
1.35
3.13
1.33
0.39
0.48
0.41
0.38
0.50
0.52
0.50
0.52
0.47
0.48
0.49
0.48
0.47
0.42
0.41
0.40
0.36
0.35
0.37
0.35
0.52
0.56
0.54
0.51
CorWatt	PkgWatt
20.02	131.97
0.55	131.97
0.46
0.58
0.51
1.33
1.35
3.15
1.33
0.38
0.46
0.39
0.38
0.51
0.51
0.50
0.52
0.45
0.47
0.47
0.49
0.47
0.42
0.39
0.39
0.36
0.35
0.36
0.35
0.51
0.56
0.55
0.52
CorWatt	PkgWatt
20.18	131.98
0.54	131.97
0.44
0.59
0.51
1.34
1.35
1.35
3.15
0.38
0.47
0.40
0.39
0.51
0.51
0.50
0.52
0.47
0.48
0.46
0.48
0.47
0.44
0.40
0.40
0.36
0.36
0.39
0.37
0.51
0.58
0.55
0.50
CorWatt	PkgWatt
20.02	131.86
0.54	131.86
0.44
0.56
0.52
1.35
1.35
1.35
3.14
0.41
0.46
0.39
0.39
0.50
0.51
0.50
0.52
0.45
0.47
0.46
0.48
0.47
0.42
0.39
0.40
0.36
0.35
0.36
0.35
0.51
0.56
0.54
0.52
CorWatt	PkgWatt
20.19	132.18
0.55	132.19
0.44
0.57
0.49
2.84
1.35
1.35
1.63
0.41
0.47
0.39
0.41
0.51
0.52
0.52
0.54
0.47
0.48
0.47
0.49
0.48
0.43
0.39
0.40
0.39
0.36
0.37
0.35
0.52
0.56
0.54
0.51
CorWatt	PkgWatt
19.99	131.95
0.52	131.94
0.44
0.56
0.49
3.12
1.35
1.35
1.34
0.38
0.45
0.39
0.38
0.52
0.53
0.50
0.52
0.45
0.47
0.46
0.47
0.47
0.43
0.41
0.41
0.35
0.35
0.37
0.36
0.52
0.55
0.54
0.52
CorWatt	PkgWatt
20.12	131.95
0.54	131.96
0.44
0.57
0.49
3.13
1.35
1.34
1.33
0.39
0.48
0.41
0.38
0.52
0.53
0.50
0.54
0.46
0.47
0.46
0.50
0.50
0.44
0.40
0.41
0.35
0.35
0.36
0.35
0.52
0.56
0.55
0.50
CorWatt	PkgWatt
20.16	131.91
0.52	131.91
0.44
0.56
0.51
3.15
1.35
1.35
1.34
0.38
0.45
0.40
0.39
0.53
0.52
0.54
0.56
0.48
0.48
0.46
0.47
0.49
0.42
0.40
0.39
0.35
0.36
0.38
0.35
0.51
0.57
0.55
0.53
CorWatt	PkgWatt
19.35	131.44
0.53	131.45
0.46
0.54
0.50
1.18
1.18
1.18
2.66
0.39
0.51
0.40
0.38
0.50
0.52
0.50
0.53
0.45
0.48
0.48
0.48
0.49
0.42
0.42
0.41
0.40
0.37
0.39
0.37
0.54
0.58
0.55
0.52
CorWatt	PkgWatt
19.87	134.75
0.61	134.76
0.54
0.85
3.06
0.55
0.57
0.55
1.12
0.46
0.52
0.46
0.48
0.59
0.59
0.57
0.60
0.49
0.51
0.48
0.50
0.53
0.48
0.45
0.46
0.40
0.39
0.39
0.38
0.57
0.57
0.59
0.57
CorWatt	PkgWatt
20.15	138.75
0.54	138.74
0.45
0.52
5.77
0.50
0.50
0.50
0.61
0.38
0.45
0.40
0.38
0.50
0.51
0.50
0.52
0.46
0.48
0.47
0.49
0.46
0.41
0.40
0.38
0.39
0.37
0.38
0.37
0.51
0.51
0.54
0.50
CorWatt	PkgWatt
20.19	138.85
0.53	138.85
0.46
0.52
5.77
0.49
0.50
0.53
0.60
0.40
0.45
0.39
0.39
0.51
0.51
0.53
0.52
0.46
0.46
0.45
0.48
0.45
0.41
0.42
0.38
0.35
0.37
0.38
0.35
0.51
0.52
0.56
0.53
CorWatt	PkgWatt
20.17	138.72
0.55	138.71
0.47
0.53
5.77
0.50
0.51
0.54
0.60
0.40
0.44
0.41
0.38
0.50
0.52
0.50
0.52
0.45
0.46
0.45
0.47
0.47
0.41
0.39
0.38
0.36
0.36
0.37
0.35
0.52
0.53
0.55
0.51
CorWatt	PkgWatt
19.99	138.78
0.53	138.77
0.44
0.48
5.77
0.49
0.49
0.52
0.60
0.40
0.43
0.39
0.40
0.51
0.51
0.50
0.51
0.44
0.46
0.45
0.47
0.45
0.40
0.39
0.38
0.35
0.36
0.36
0.35
0.51
0.56
0.54
0.52
CorWatt	PkgWatt
20.29	138.95
0.53	138.95
0.47
0.54
5.77
0.51
0.51
0.55
0.60
0.39
0.45
0.39
0.38
0.51
0.52
0.50
0.52
0.46
0.49
0.46
0.49
0.46
0.41
0.39
0.38
0.36
0.37
0.37
0.35
0.52
0.55
0.54
0.51
CorWatt	PkgWatt
20.06	138.95
0.53	138.95
0.45
0.51
5.77
0.50
0.50
0.49
0.60
0.39
0.44
0.39
0.39
0.51
0.52
0.52
0.52
0.44
0.47
0.44
0.45
0.45
0.42
0.39
0.38
0.37
0.37
0.38
0.35
0.51
0.55
0.54
0.52
CorWatt	PkgWatt
20.25	138.99
0.52	138.99
0.46
0.52
5.77
0.50
0.52
0.49
0.58
0.39
0.44
0.40
0.38
0.50
0.52
0.52
0.53
0.44
0.47
0.46
0.48
0.48
0.43
0.40
0.38
0.41
0.38
0.39
0.37
0.52
0.55
0.54
0.51
CorWatt	PkgWatt
20.39	139.01
0.53	139.02
0.47
0.53
5.77
0.50
0.51
0.49
0.60
0.38
0.44
0.41
0.40
0.52
0.53
0.50
0.52
0.45
0.47
0.45
0.50
0.47
0.43
0.42
0.40
0.36
0.37
0.38
0.36
0.54
0.58
0.57
0.55
CorWatt	PkgWatt
20.13	138.95
0.53	138.95
0.46
0.52
5.77
0.51
0.50
0.49
0.60
0.39
0.49
0.39
0.38
0.52
0.51
0.50
0.52
0.44
0.46
0.45
0.46
0.44
0.42
0.40
0.38
0.37
0.37
0.37
0.35
0.52
0.57
0.54
0.52
CorWatt	PkgWatt
20.06	139.05
0.52	139.04
0.45
0.52
5.77
0.50
0.50
0.49
0.60
0.38
0.46
0.39
0.38
0.51
0.51
0.50
0.52
0.45
0.47
0.46
0.45
0.43
0.41
0.41
0.39
0.36
0.36
0.37
0.35
0.52
0.56
0.54
0.52
CorWatt	PkgWatt
20.30	139.01
0.53	139.02
0.46
0.53
5.77
0.52
0.51
0.49
0.59
0.38
0.48
0.41
0.38
0.53
0.53
0.53
0.55
0.44
0.47
0.45
0.46
0.44
0.42
0.40
0.38
0.37
0.37
0.37
0.35
0.54
0.56
0.57
0.51
CorWatt	PkgWatt
20.24	138.98
0.54	138.98
0.47
0.52
5.77
0.50
0.50
0.49
0.59
0.41
0.48
0.41
0.40
0.51
0.52
0.50
0.53
0.44
0.45
0.45
0.46
0.46
0.46
0.40
0.38
0.36
0.35
0.37
0.36
0.52
0.55
0.57
0.52
CorWatt	PkgWatt
20.42	139.17
0.55	139.17
0.48
0.54
5.78
0.51
0.52
0.50
0.60
0.39
0.46
0.41
0.40
0.51
0.51
0.51
0.53
0.45
0.47
0.46
0.47
0.45
0.42
0.41
0.39
0.42
0.36
0.37
0.37
0.54
0.56
0.58
0.52
CorWatt	PkgWatt
20.50	139.30
0.56	139.30
0.48
0.52
5.77
0.51
0.52
0.51
0.62
0.40
0.47
0.40
0.40
0.55
0.54
0.51
0.55
0.49
0.46
0.47
0.50
0.45
0.42
0.42
0.41
0.37
0.36
0.36
0.36
0.53
0.52
0.53
0.53
CorWatt	PkgWatt
20.39	139.18
0.58	139.17
0.46
0.50
5.77
0.51
0.51
0.53
0.60
0.41
0.49
0.43
0.41
0.53
0.55
0.53
0.52
0.45
0.47
0.46
0.47
0.45
0.42
0.40
0.42
0.36
0.36
0.36
0.37
0.53
0.51
0.52
0.51
CorWatt	PkgWatt
20.09	138.95
0.56	138.95
0.47
0.49
5.77
0.50
0.50
0.56
0.59
0.39
0.45
0.39
0.39
0.52
0.51
0.50
0.52
0.44
0.47
0.44
0.47
0.44
0.42
0.40
0.42
0.36
0.35
0.36
0.35
0.52
0.50
0.52
0.53
CorWatt	PkgWatt
19.37	134.20
0.60	134.23
0.50
0.54
2.50
0.56
0.58
0.59
0.63
0.43
0.51
0.45
0.43
0.56
0.56
0.56
0.58
0.52
0.53
0.51
0.53
0.52
0.54
0.50
0.51
0.58
0.42
0.42
0.41
0.57
0.57
1.08
0.57
CorWatt	PkgWatt
18.03	131.09
0.55	131.07
0.47
0.48
0.46
0.51
0.51
0.55
0.51
0.41
0.46
0.40
0.39
0.52
0.52
0.50
0.52
0.47
0.49
0.47
0.48
0.48
0.48
0.40
0.43
3.11
0.42
0.42
0.41
0.52
0.52
0.64
0.53
CorWatt	PkgWatt
18.08	130.96
0.55	130.96
0.46
0.48
0.49
0.51
0.51
0.53
0.53
0.40
0.50
0.42
0.40
0.52
0.53
0.52
0.53
0.46
0.48
0.46
0.48
0.47
0.48
0.39
0.43
3.07
0.42
0.40
0.40
0.55
0.56
0.63
0.54
CorWatt	PkgWatt
17.68	130.92
0.52	130.92
0.45
0.48
0.44
0.51
0.50
0.53
0.50
0.38
0.46
0.40
0.41
0.52
0.51
0.51
0.51
0.45
0.46
0.45
0.48
0.47
0.48
0.40
0.43
3.07
0.38
0.39
0.38
0.52
0.52
0.63
0.52
CorWatt	PkgWatt
17.58	130.57
0.55	130.56
0.44
0.45
0.46
0.50
0.50
0.53
0.50
0.38
0.45
0.40
0.38
0.51
0.52
0.50
0.51
0.46
0.47
0.48
0.48
0.46
0.47
0.39
0.43
3.06
0.38
0.39
0.38
0.52
0.52
0.62
0.51
CorWatt	PkgWatt
17.70	130.67
0.54	130.66
0.45
0.47
0.46
0.50
0.51
0.55
0.50
0.39
0.47
0.39
0.38
0.52
0.51
0.50
0.53
0.46
0.46
0.46
0.48
0.46
0.48
0.38
0.43
3.07
0.38
0.39
0.38
0.52
0.51
0.63
0.52
CorWatt	PkgWatt
17.95	130.92
0.55	130.93
0.44
0.48
0.48
0.50
0.51
0.51
0.55
0.39
0.47
0.41
0.40
0.51
0.54
0.50
0.53
0.48
0.49
0.47
0.48
0.46
0.49
0.40
0.43
3.06
0.40
0.42
0.40
0.53
0.54
0.63
0.51
CorWatt	PkgWatt
17.64	130.80
0.53	130.79
0.44
0.45
0.47
0.50
0.50
0.48
0.54
0.39
0.45
0.39
0.41
0.51
0.51
0.50
0.52
0.45
0.47
0.46
0.49
0.46
0.48
0.38
0.43
3.06
0.38
0.39
0.38
0.52
0.54
0.64
0.52
CorWatt	PkgWatt
17.91	130.65
0.53	130.65
0.45
0.45
0.45
0.51
0.51
0.49
0.54
0.42
0.49
0.41
0.41
0.51
0.52
0.51
0.53
0.47
0.48
0.47
0.49
0.47
0.49
0.39
0.43
2.88
0.61
0.40
0.39
0.53
0.52
0.65
0.52
CorWatt	PkgWatt
17.69	130.72
0.51	130.71
0.44
0.45
0.44
0.49
0.51
0.48
0.54
0.39
0.46
0.39
0.39
0.51
0.51
0.52
0.52
0.45
0.46
0.45
0.47
0.45
0.48
0.41
0.45
0.45
3.09
0.40
0.38
0.52
0.51
0.64
0.53
CorWatt	PkgWatt
17.86	130.79
0.51	130.80
0.44
0.45
0.44
0.50
0.50
0.49
0.55
0.39
0.46
0.42
0.38
0.54
0.53
0.52
0.54
0.45
0.47
0.46
0.49
0.52
0.45
0.39
0.44
0.47
3.09
0.39
0.38
0.52
0.52
0.63
0.51
CorWatt	PkgWatt
17.77	130.89
0.50	130.89
0.44
0.45
0.45
0.49
0.50
0.48
0.54
0.39
0.46
0.40
0.38
0.52
0.52
0.53
0.55
0.47
0.46
0.47
0.47
0.50
0.43
0.39
0.43
0.44
3.10
0.40
0.40
0.52
0.52
0.63
0.53
CorWatt	PkgWatt
17.81	130.72
0.52	130.72
0.44
0.45
0.44
0.49
0.52
0.48
0.52
0.38
0.51
0.39
0.38
0.50
0.51
0.50
0.52
0.45
0.47
0.48
0.48
0.51
0.42
0.41
0.44
0.45
3.09
0.41
0.40
0.54
0.53
0.64
0.52
CorWatt	PkgWatt
17.70	130.60
0.51	130.60
0.44
0.45
0.44
0.52
0.50
0.48
0.50
0.39
0.45
0.39
0.39
0.52
0.51
0.51
0.54
0.45
0.46
0.48
0.48
0.50
0.42
0.39
0.43
0.45
3.11
0.40
0.38
0.53
0.51
0.64
0.52
CorWatt	PkgWatt
17.89	130.81
0.53	130.82
0.46
0.45
0.44
0.54
0.55
0.49
0.49
0.39
0.46
0.39
0.38
0.53
0.52
0.50
0.52
0.47
0.49
0.48
0.49
0.50
0.43
0.40
0.43
0.47
3.10
0.41
0.40
0.52
0.52
0.63
0.51
CorWatt	PkgWatt
17.95	130.93
0.52	130.94
0.44
0.45
0.49
0.54
0.53
0.49
0.49
0.41
0.47
0.39
0.40
0.52
0.52
0.51
0.52
0.48
0.46
0.47
0.49
0.49
0.44
0.41
0.43
0.47
3.09
0.41
0.40
0.62
0.52
0.56
0.54
CorWatt	PkgWatt
18.14	131.07
0.61	131.07
0.51
0.48
0.53
0.56
0.52
0.51
0.51
0.40
0.50
0.40
0.38
0.56
0.53
0.51
0.52
0.46
0.47
0.46
0.48
0.48
0.42
0.43
0.43
0.44
3.09
0.39
0.39
0.64
0.52
0.51
0.51
CorWatt	PkgWatt
17.70	130.83
0.53	130.80
0.45
0.45
0.46
0.53
0.50
0.49
0.50
0.40
0.46
0.39
0.40
0.51
0.51
0.50
0.52
0.45
0.46
0.48
0.49
0.47
0.41
0.40
0.43
0.46
3.09
0.39
0.38
0.65
0.52
0.51
0.53
CorWatt	PkgWatt
18.67	131.17
0.60	131.20
0.53
0.55
0.75
1.09
0.75
0.68
0.67
0.46
0.54
0.51
0.47
0.56
0.58
0.57
0.58
0.52
0.55
0.53
0.57
0.53
0.50
0.50
0.81
0.50
0.47
0.44
0.42
0.65
0.61
0.59
0.59
CorWatt	PkgWatt
16.74	128.96
0.53	128.95
0.44
0.46
0.57
1.36
0.79
0.76
0.76
0.39
0.48
0.44
0.40
0.53
0.53
0.52
0.52
0.46
0.47
0.47
0.47
0.46
0.43
0.41
0.43
0.43
0.42
0.40
0.36
0.52
0.51
0.51
0.52
CorWatt	PkgWatt
16.63	129.02
0.52	129.02
0.44
0.46
0.56
1.31
0.88
0.76
0.76
0.38
0.48
0.44
0.38
0.51
0.52
0.50
0.51
0.44
0.47
0.47
0.50
0.46
0.44
0.41
0.42
0.44
0.38
0.38
0.37
0.51
0.53
0.50
0.51
CorWatt	PkgWatt
16.84	129.36
0.56	129.36
0.46
0.48
0.55
1.39
0.78
0.76
0.77
0.39
0.46
0.46
0.41
0.51
0.51
0.50
0.54
0.47
0.48
0.46
0.47
0.49
0.42
0.43
0.44
0.42
0.36
0.37
0.36
0.54
0.55
0.53
0.55
CorWatt	PkgWatt
16.61	128.99
0.53	128.99
0.44
0.47
0.54
1.40
0.79
0.75
0.76
0.39
0.50
0.39
0.38
0.52
0.51
0.50
0.51
0.46
0.48
0.46
0.47
0.51
0.43
0.41
0.43
0.41
0.37
0.37
0.35
0.53
0.53
0.51
0.53
CorWatt	PkgWatt
17.29	129.39
0.52	129.39
0.45
0.50
0.55
1.78
0.91
0.86
0.88
0.38
0.45
0.39
0.39
0.51
0.51
0.51
0.51
0.48
0.48
0.48
0.48
0.50
0.44
0.41
0.42
0.41
0.35
0.36
0.35
0.51
0.51
0.50
0.51
CorWatt	PkgWatt
19.61	131.70
0.52	131.70
0.45
0.50
0.55
3.20
1.18
1.17
1.17
0.39
0.47
0.41
0.38
0.52
0.52
0.52
0.54
0.46
0.47
0.46
0.47
0.50
0.42
0.41
0.43
0.40
0.35
0.36
0.35
0.53
0.52
0.52
0.49
CorWatt	PkgWatt
19.84	131.97
0.54	131.97
0.46
0.53
0.56
3.19
1.23
1.22
1.22
0.40
0.46
0.42
0.40
0.52
0.51
0.52
0.53
0.45
0.46
0.46
0.47
0.50
0.43
0.44
0.43
0.39
0.35
0.36
0.35
0.51
0.51
0.50
0.51
CorWatt	PkgWatt
19.76	131.75
0.54	131.75
0.46
0.53
0.55
1.23
3.19
1.22
1.22
0.39
0.45
0.39
0.38
0.51
0.51
0.50
0.52
0.46
0.47
0.46
0.47
0.49
0.42
0.42
0.43
0.42
0.37
0.37
0.36
0.52
0.51
0.51
0.50
CorWatt	PkgWatt
19.71	131.57
0.54	131.57
0.47
0.50
0.55
3.18
1.24
1.22
1.22
0.40
0.45
0.38
0.39
0.52
0.53
0.50
0.53
0.45
0.46
0.46
0.48
0.49
0.43
0.41
0.43
0.39
0.35
0.36
0.35
0.52
0.50
0.50
0.51
CorWatt	PkgWatt
19.83	131.81
0.54	131.81
0.45
0.53
0.56
2.08
2.34
1.22
1.22
0.41
0.46
0.42
0.40
0.51
0.55
0.51
0.51
0.45
0.47
0.46
0.47
0.50
0.42
0.41
0.43
0.39
0.35
0.36
0.37
0.52
0.51
0.50
0.49
CorWatt	PkgWatt
19.64	131.73
0.55	131.72
0.47
0.48
0.57
3.20
1.20
1.18
1.18
0.39
0.44
0.39
0.39
0.52
0.51
0.49
0.51
0.46
0.48
0.46
0.49
0.49
0.42
0.42
0.43
0.41
0.36
0.36
0.35
0.51
0.51
0.50
0.52
CorWatt	PkgWatt
19.79	131.72
0.55	131.73
0.47
0.46
0.56
3.18
1.24
1.23
1.22
0.38
0.45
0.41
0.40
0.50
0.51
0.51
0.52
0.46
0.47
0.46
0.49
0.50
0.44
0.45
0.45
0.40
0.35
0.36
0.35
0.52
0.51
0.51
0.50
CorWatt	PkgWatt
19.62	131.57
0.52	131.57
0.49
0.47
0.57
3.19
1.23
1.22
1.22
0.38
0.45
0.39
0.39
0.50
0.51
0.49
0.51
0.46
0.47
0.47
0.46
0.51
0.42
0.39
0.43
0.39
0.36
0.36
0.35
0.51
0.50
0.50
0.51
CorWatt	PkgWatt
19.90	131.80
0.54	131.80
0.50
0.48
0.57
3.18
1.24
1.22
1.23
0.38
0.49
0.41
0.38
0.50
0.50
0.49
0.51
0.45
0.47
0.46
0.47
0.52
0.44
0.39
0.43
0.43
0.37
0.36
0.36
0.54
0.55
0.52
0.53
CorWatt	PkgWatt
19.55	131.66
0.53	131.64
0.49
0.48
0.56
1.20
3.20
1.20
1.19
0.39
0.45
0.38
0.39
0.50
0.51
0.49
0.52
0.45
0.46
0.45
0.47
0.51
0.42
0.40
0.43
0.40
0.35
0.35
0.35
0.51
0.50
0.50
0.51
CorWatt	PkgWatt
19.62	131.56
0.54	131.57
0.48
0.46
0.57
1.22
3.20
1.21
1.21
0.39
0.46
0.38
0.38
0.50
0.51
0.49
0.53
0.46
0.47
0.48
0.47
0.51
0.42
0.39
0.43
0.40
0.35
0.36
0.35
0.52
0.51
0.50
0.50
CorWatt	PkgWatt
19.13	130.80
0.72	130.84
0.59
0.60
0.66
0.92
1.99
0.97
0.93
0.44
0.51
0.45
0.47
0.55
0.57
0.50
0.52
0.50
0.50
0.50
0.52
0.57
0.48
0.43
0.47
0.42
0.42
0.39
0.39
0.56
0.51
0.54
0.55
