CorWatt	PkgWatt
23.25	175.64
0.11	77.40
0.09
0.09
0.09
0.08
0.09
0.08
0.08
0.07
0.07
0.07
0.07
0.07
0.07
0.07
0.07
0.09
0.09
0.08
0.08
0.11
0.09
0.09
0.09
0.08
0.08
0.08
0.08
0.08
0.07
0.07
0.07
0.21	98.85
0.21
4.03
0.21
0.22
0.38
0.29
1.16
0.54
0.36
0.19
0.36
0.27
0.27
2.30
0.27
0.24
0.52
0.84
0.33
0.21
0.21
0.21
2.14
0.22
0.20
1.17
0.48
1.49
0.75
0.18
0.19
CorWatt	PkgWatt
23.72	177.44
0.19	85.20
0.16
0.35
0.16
0.15
0.19
0.16
0.15
0.14
0.14
0.14
0.14
0.13
0.13
0.13
0.14
0.15
0.15
0.15
0.19
0.18
0.16
0.16
0.16
0.14
0.14
0.14
0.15
0.19
0.19
0.19
3.91
0.21	91.66
0.21
2.10
0.21
0.20
0.47
0.20
0.36
0.18
0.18
0.18
0.60
0.27
0.27
1.78
0.78
0.20
0.20
0.67
0.27
0.21
0.21
0.21
2.21
0.32
0.19
0.19
0.41
0.19
0.63
0.18
0.22
CorWatt	PkgWatt
34.74	207.02
0.35	99.54
0.23
0.62
0.84
0.32
0.31
0.43
0.32
0.57
0.37
0.41
0.29
0.33
0.19
0.48
0.41
0.43
0.31
0.22
0.49
0.61
0.22
0.37
0.19
0.34
0.35
0.31
0.42
1.61
0.33
0.24
0.35
0.34	108.09
0.44
2.45
0.27
0.65
0.36
0.38
1.57
0.29
0.33
0.58
1.22
0.29
0.41
1.06
0.60
0.31
0.39
0.56
0.77
0.22
0.22
0.22
3.17
0.35
0.26
0.40
0.87
1.17
0.65
0.34
0.37
CorWatt	PkgWatt
28.42	181.63
0.25	88.08
0.20
0.19
0.19
0.19
0.18
0.20
0.48
0.49
0.17
0.16
1.29
0.48
0.16
0.17
0.17
0.20
0.19
0.19
2.06
0.26
0.18
0.18
0.17
0.17
0.16
0.18
0.16
2.04
0.19
0.19
0.19
0.21	93.58
0.21
2.42
0.21
0.30
0.38
0.31
2.23
0.19
0.19
0.58
0.37
0.37
0.18
0.19
0.34
0.20
0.65
0.29
0.28
0.22
0.22
0.21
3.61
0.19
0.19
0.52
0.29
0.19
0.55
0.18
0.27
CorWatt	PkgWatt
26.08	187.10
0.23	93.53
0.23
0.18
0.17
0.17
0.17
0.16
0.17
0.15
0.19
0.16
0.16
0.18
0.19
0.19
4.20
0.17
0.18
0.16
0.19
0.21
0.19
0.19
0.17
0.15
0.17
0.16
0.16
2.20
0.19
0.19
0.19
0.21	92.98
0.21
2.31
0.21
0.29
0.84
0.30
1.76
0.19
0.36
0.26
0.42
0.32
0.18
0.18
0.37
0.23
0.29
0.19
0.53
0.28
0.25
0.21
1.52
0.18
0.18
0.18
0.43
0.19
0.19
0.19
0.77
CorWatt	PkgWatt
31.57	187.57
0.30	90.40
0.22
0.26
0.23
0.21
0.20
0.20
0.83
0.22
2.01
0.22
0.23
0.18
0.19
0.17
0.19
0.20
0.21
0.19
0.21
0.22
0.20
0.26
0.21
0.19
0.19
0.19
0.23
3.21
0.22
0.23
0.23
0.22	98.05
0.21
3.85
0.21
0.30
1.04
0.35
1.60
0.30
0.41
0.36
0.48
0.46
0.19
0.20
0.35
0.22
3.12
0.19
0.35
0.24
0.23
0.21
0.81
1.75
0.23
0.19
0.27
0.18
0.18
0.46
0.29
CorWatt	PkgWatt
33.71	188.04
0.26	91.13
0.18
0.22
0.19
0.18
0.18
0.17
0.66
2.21
0.17
0.17
0.18
0.14
0.17
0.14
0.15
0.17
0.18
0.17
0.18
0.20
0.18
0.88
0.17
0.17
0.21
0.17
0.96
3.49
0.20
0.20
0.19
0.21	97.34
0.21
4.17
0.21
0.29
1.24
0.35
1.34
0.19
0.19
0.19
0.83
0.18
0.18
0.32
0.52
0.21
5.90
0.20
0.21
0.35
0.22
0.37
0.39
0.47
0.19
0.18
0.27
0.18
0.18
0.18
0.53
CorWatt	PkgWatt
32.45	190.77
0.31	89.50
0.19
0.20
1.74
0.19
2.63
0.19
0.19
0.15
0.17
0.15
0.15
0.14
0.16
0.15
0.15
0.17
0.16
0.16
0.23
0.20
0.16
0.16
0.16
0.17
0.16
0.17
0.20
0.17
0.15
0.15
0.16
0.21	101.28
0.21
4.01
0.21
0.30
2.32
0.79
0.31
0.70
0.19
0.19
0.26
0.20
0.20
2.24
0.38
0.21
5.84
0.19
0.21
0.21
0.54
0.22
0.30
0.49
0.20
0.19
0.52
0.37
0.18
0.18
0.38
CorWatt	PkgWatt
29.54	187.38
0.26	85.65
0.17
0.16
1.31
0.15
0.15
0.15
1.24
0.13
0.12
0.12
0.13
0.12
0.12
0.12
0.14
0.15
0.14
0.14
0.18
0.18
0.15
0.15
0.14
0.15
0.13
0.13
0.13
0.13
0.14
0.13
0.16
0.21	101.04
0.21
2.11
0.21
0.29
0.70
0.34
1.93
0.20
2.06
0.20
0.47
0.20
0.19
2.46
0.20
0.21
5.85
0.20
0.21
0.24
0.51
0.21
0.58
0.43
0.20
0.19
0.52
0.22
0.19
0.18
0.67
CorWatt	PkgWatt
30.02	186.46
0.23	87.35
0.17
0.17
0.22
0.17
0.17
0.19
1.19
0.18
3.07
0.17
0.18
0.14
0.14
0.15
0.14
0.18
0.16
0.16
0.16
0.22
0.17
0.20
0.17
0.16
0.15
0.15
0.17
0.15
0.18
0.15
0.17
0.21	99.13
0.21
2.11
0.21
0.20
0.31
0.30
0.20
1.45
0.30
0.28
1.10
0.20
0.19
2.30
0.20
0.21
5.85
0.20
0.21
0.23
0.23
0.45
0.95
0.19
0.19
0.64
0.31
0.19
0.19
0.18
0.66
CorWatt	PkgWatt
34.86	190.93
0.25	88.07
0.19
0.19
0.19
0.17
0.16
0.17
0.18
0.23
0.17
0.16
0.16
0.17
0.15
0.66
0.16
0.20
0.18
0.17
0.49
0.44
0.18
0.19
0.18
0.19
0.19
0.18
2.72
0.19
0.17
0.17
0.48
0.21	103.59
0.21
2.11
0.21
2.63
0.27
0.25
0.22
0.29
1.20
0.29
1.36
0.20
0.20
4.18
0.20
0.21
5.91
0.20
0.21
0.22
0.47
0.42
0.57
0.44
0.20
0.20
0.70
0.42
0.54
0.19
0.31
CorWatt	PkgWatt
34.37	190.87
0.24	87.34
0.18
0.18
0.47
0.16
0.16
0.16
0.16
0.16
0.18
0.15
0.15
0.14
0.14
0.14
0.14
0.21
0.21
0.21
3.76
0.18
0.16
0.16
0.16
0.15
0.15
0.15
0.16
0.15
0.15
0.15
0.15
0.21	103.62
0.21
2.28
0.21
2.36
0.23
0.22
0.22
0.30
0.31
0.28
2.31
0.19
0.20
4.18
0.20
0.21
5.90
0.19
0.21
0.24
0.24
0.24
1.23
0.35
0.23
0.19
0.44
0.23
0.24
0.62
0.56
CorWatt	PkgWatt
36.57	196.72
0.38	90.58
0.23
0.22
2.65
0.19
0.17
0.17
0.25
0.26
0.23
0.18
0.18
0.16
0.16
0.16
0.89
0.19
0.18
0.19
0.91
0.22
0.18
0.17
0.17
0.17
0.17
0.16
0.29
0.17
0.17
0.53
0.19
0.22	106.12
0.22
3.34
0.23
2.70
0.22
0.23
0.22
0.30
1.26
0.31
1.07
0.20
0.20
3.69
0.21
0.21
5.89
0.20
0.23
0.35
0.33
0.31
0.80
0.26
0.26
0.45
0.51
0.28
0.30
0.62
0.40
