CorWatt	PkgWatt
4.91	153.53
0.08	75.78
0.08
0.08
0.08
0.08
0.08
0.08
0.08
0.07
0.07
0.07
0.07
0.07
0.07
0.06
0.07
0.08
0.08
0.08
0.08
0.09
0.08
0.08
0.08
0.08
0.07
0.08
0.07
0.06
0.07
0.07
0.06
0.08	76.43
0.08
0.08
0.08
0.08
0.08
0.08
0.08
0.07
0.07
0.07
0.08
0.07
0.07
0.15
0.07
0.08
0.07
0.07
0.08
0.08
0.08
0.08
0.08
0.09
0.10
0.08
0.08
0.07
0.07
0.07
0.08
CorWatt	PkgWatt
5.21	152.46
0.09	76.16
0.08
0.08
0.10
0.08
0.08
0.09
0.08
0.09
0.07
0.07
0.11
0.07
0.08
0.07
0.07
0.08
0.09
0.09
0.08
0.11
0.09
0.08
0.09
0.09
0.08
0.08
0.14
0.08
0.09
0.07
0.08
0.09	76.31
0.08
0.08
0.08
0.08
0.08
0.08
0.08
0.07
0.07
0.07
0.08
0.07
0.07
0.07
0.07
0.08
0.08
0.07
0.08
0.08
0.08
0.08
0.08
0.09
0.08
0.08
0.08
0.07
0.07
0.07
0.08
CorWatt	PkgWatt
14.44	176.46
0.25	92.94
0.19
0.20
0.24
0.16
0.16
0.17
0.22
2.28
0.23
0.38
0.33
0.18
0.26
0.18
0.16
0.30
0.29
0.30
0.32
0.19
0.27
0.19
0.18
0.27
0.17
0.16
0.23
0.19
0.21
0.21
0.16
0.19	83.65
0.16
0.16
0.14
0.26
0.14
0.12
0.16
0.15
0.11
0.11
0.17
0.12
0.17
0.19
0.15
0.16
0.12
0.12
0.24
0.18
0.14
0.22
0.21
0.20
0.17
0.14
0.17
0.13
0.12
0.21
0.21
