CorWatt	PkgWatt
52.00	210.50
0.30	112.89
0.26
0.26
0.26
1.64
0.25
0.26
0.27
5.82
0.28
0.27
0.28
1.43
0.28
5.81
0.27
0.30
0.32
5.91
0.32
5.92
0.31
0.30
0.29
0.43
0.24
0.24
0.24
0.23
0.23
0.23
0.23
0.27	97.24
5.88
0.26
0.26
0.22
0.23
0.22
0.22
0.19
0.19
0.19
0.19
0.25
0.26
5.82
0.25
0.21
0.21
0.21
0.21
0.22
0.23
0.22
0.22
0.20
0.21
0.20
0.20
0.20
0.20
0.20
0.21
CorWatt	PkgWatt
43.87	202.96
0.28	110.44
0.26
0.26
0.25
0.25
0.24
0.27
0.25
5.88
0.28
0.27
0.27
0.27
0.28
5.81
0.27
0.33
0.32
5.92
0.32
5.92
0.31
0.30
0.29
0.23
0.23
0.23
0.24
0.23
0.24
0.23
0.23
0.27	92.51
5.76
0.27
0.27
0.25
0.25
0.23
0.30
0.19
0.19
0.19
0.20
0.21
0.20
0.37
0.20
0.22
0.22
0.25
0.24
0.21
0.23
0.22
0.22
0.21
0.21
0.20
0.22
0.22
0.20
0.25
0.22
CorWatt	PkgWatt
86.20	249.81
1.17	132.92
0.99
1.13
0.98
1.08
0.97
1.19
1.03
1.00
1.07
0.97
1.00
1.26
0.97
5.48
0.99
1.26
0.92
5.69
0.95
5.77
0.93
0.93
1.19
0.98
0.97
1.05
1.17
1.12
1.14
0.98
1.12
0.94	124.92
5.69
0.88
0.90
0.88
0.91
0.85
1.57
0.82
0.83
0.83
0.86
0.93
0.94
0.92
5.76
0.81
0.87
0.82
0.81
0.84
0.88
0.92
0.93
0.93
0.85
0.84
0.87
0.92
0.88
0.89
3.32
CorWatt	PkgWatt
195.91	356.85
3.02	176.33
2.82
3.07
3.05
3.04
2.94
3.07
3.08
2.71
3.13
2.94
3.22
2.84
2.91
4.25
3.15
3.15
2.82
5.05
2.85
5.30
2.77
2.78
2.99
2.72
2.74
3.21
3.22
2.75
3.28
3.02
2.78
2.81	164.53
5.23
2.56
2.73
2.60
2.73
2.45
2.42
2.40
2.69
2.47
2.55
2.86
2.88
2.71
5.21
2.26
2.54
2.24
2.25
2.38
2.46
2.56
2.72
2.59
2.48
2.32
2.40
2.50
2.46
2.37
5.18
CorWatt	PkgWatt
192.51	343.42
3.03	177.12
2.83
3.01
3.07
3.04
2.93
3.06
3.08
3.02
3.09
2.90
2.94
2.79
2.89
5.22
3.13
3.26
2.81
5.06
2.70
5.33
2.79
2.79
3.01
2.73
2.75
3.23
3.24
2.75
3.30
3.02
2.79
2.82	166.30
5.21
2.57
2.73
2.51
2.68
2.43
2.40
2.40
2.57
2.54
2.45
2.84
2.90
2.55
5.24
2.27
2.56
2.25
2.26
2.40
2.48
2.57
2.62
5.04
2.52
2.32
2.32
2.50
2.39
2.39
5.19
CorWatt	PkgWatt
196.32	347.03
3.06	178.25
2.87
2.87
3.10
3.07
2.85
3.10
3.11
3.15
3.07
2.89
2.69
2.80
2.90
5.17
3.14
3.26
2.81
5.05
2.75
5.34
2.79
2.79
3.00
4.16
2.73
3.20
3.21
2.77
3.32
3.04
2.81
2.80	168.62
5.20
2.57
2.73
2.53
2.69
2.44
2.41
2.39
2.43
2.66
2.43
2.85
2.85
2.74
5.25
2.27
2.46
2.25
2.27
4.66
2.51
2.61
2.63
5.05
2.57
2.32
2.34
2.51
2.39
2.38
5.19
