CorWatt	PkgWatt
4.61	153.39
0.09	77.08
0.08
0.08
0.08
0.08
0.08
0.08
0.08
0.07
0.07
0.07
0.07
0.07
0.07
0.07
0.07
0.09
0.18
0.09
0.08
0.09
0.08
0.08
0.08
0.08
0.08
0.08
0.08
0.07
0.07
0.07
0.07
0.07	76.37
0.07
0.07
0.07
0.07
0.07
0.07
0.07
0.06
0.06
0.06
0.06
0.06
0.06
0.06
0.06
0.07
0.07
0.06
0.07
0.07
0.07
0.07
0.07
0.06
0.07
0.06
0.06
0.06
0.06
0.06
0.06
CorWatt	PkgWatt
4.63	152.26
0.08	76.17
0.08
0.08
0.08
0.07
0.07
0.07
0.07
0.07
0.07
0.06
0.06
0.07
0.07
0.06
0.07
0.08
0.08
0.08
0.08
0.09
0.08
0.08
0.08
0.07
0.07
0.07
0.07
0.07
0.09
0.09
0.07
0.07	76.23
0.07
0.07
0.07
0.07
0.07
0.07
0.07
0.06
0.06
0.06
0.06
0.06
0.06
0.06
0.10
0.08
0.09
0.07
0.09
0.08
0.07
0.08
0.08
0.06
0.07
0.06
0.06
0.06
0.06
0.06
0.09
CorWatt	PkgWatt
102.32	296.53
0.50	141.78
1.57
1.61
1.60
1.58
1.59
1.49
1.49
1.53
1.51
1.50
1.51
1.54
1.54
1.43
1.45
1.56
1.55
1.56
1.55
1.58
1.57
1.48
1.50
1.56
1.54
1.55
1.53
1.57
1.59
1.50
1.47
1.65	154.39
1.67
1.65
1.61
1.74
1.64
1.53
1.53
1.69
1.62
1.60
1.63
3.57
1.66
1.55
1.59
1.69
1.70
1.66
1.64
1.65
1.66
1.55
1.61
1.66
1.64
1.68
1.69
1.67
1.64
1.54
1.51
CorWatt	PkgWatt
127.60	338.22
0.28	164.65
1.99
2.11
2.08
2.01
2.02
1.89
1.88
1.98
1.96
1.94
1.97
2.01
2.03
1.82
1.83
2.00
1.99
2.00
1.98
1.99
2.00
1.85
1.86
2.00
1.97
1.98
1.96
1.94
1.97
1.81
1.80
2.10	173.83
2.06
2.05
2.04
2.10
2.07
1.92
1.96
2.12
2.11
2.09
2.11
3.20
2.12
1.95
1.96
2.06
2.05
2.08
2.06
2.14
2.11
1.95
1.96
2.12
2.06
2.12
2.09
2.10
2.13
1.93
1.86
