CorWatt	PkgWatt
4.49	153.08
0.09	76.85
0.09
0.08
0.08
0.08
0.08
0.08
0.08
0.07
0.07
0.07
0.07
0.07
0.06
0.06
0.06
0.08
0.08
0.08
0.08
0.09
0.08
0.08
0.08
0.08
0.08
0.08
0.08
0.07
0.07
0.07
0.07
0.06	76.36
0.06
0.06
0.07
0.07
0.07
0.07
0.06
0.06
0.06
0.06
0.06
0.06
0.06
0.06
0.06
0.07
0.15
0.07
0.06
0.07
0.07
0.07
0.07
0.06
0.06
0.06
0.06
0.06
0.06
0.06
0.06
CorWatt	PkgWatt
4.77	151.71
0.09	76.16
0.09
0.10
0.08
0.08
0.08
0.08
0.13
0.09
0.08
0.08
0.07
0.08
0.08
0.10
0.09
0.09
0.12
0.09
0.08
0.09
0.08
0.08
0.10
0.08
0.09
0.08
0.08
0.07
0.08
0.08
0.07
0.07	75.40
0.06
0.06
0.07
0.06
0.06
0.06
0.06
0.06
0.06
0.06
0.06
0.06
0.05
0.05
0.05
0.06
0.10
0.10
0.06
0.07
0.07
0.07
0.07
0.06
0.06
0.06
0.06
0.06
0.06
0.05
0.06
CorWatt	PkgWatt
99.34	295.35
0.48	142.98
1.51
1.56
1.54
1.52
1.54
1.44
1.47
1.65
1.63
1.61
1.74
1.49
1.48
1.38
1.38
1.52
1.52
1.52
1.49
1.50
1.52
1.40
1.41
1.51
1.50
1.50
1.48
1.46
1.48
1.38
1.37
1.63	152.52
1.56
1.55
1.59
1.57
1.56
1.46
1.51
1.64
3.53
1.64
1.64
1.65
1.68
1.51
1.51
1.57
1.57
1.57
1.59
1.59
1.59
1.49
1.52
1.61
1.58
1.67
1.60
1.60
1.59
1.53
1.47
CorWatt	PkgWatt
126.45	339.33
0.29	165.56
1.96
2.09
2.06
2.04
2.05
1.90
1.90
2.04
2.00
1.99
2.01
1.96
1.95
1.78
1.79
1.99
1.97
1.98
1.97
1.96
2.01
1.82
1.82
2.00
1.96
1.97
1.94
1.91
1.95
1.78
1.78
2.06	173.93
2.09
2.01
2.01
2.10
2.03
1.90
1.88
2.09
3.18
2.08
2.10
2.10
2.08
1.92
1.93
2.04
2.01
2.03
2.04
2.07
2.08
1.92
1.92
2.14
2.05
2.08
2.06
2.09
2.05
1.89
1.83
