CorWatt	PkgWatt
15.19	127.35
0.54	127.34
0.43
0.48
0.50
0.49
0.50
0.52
0.49
0.41
0.49
0.39
0.45
0.51
0.52
0.51
0.53
0.46
0.48
0.48
0.48
0.39
0.41
0.38
0.42
0.48
0.40
0.46
0.42
0.56
0.55
0.55
0.54
CorWatt	PkgWatt
14.61	126.88
0.52	126.86
0.43
0.44
0.47
0.49
0.48
0.51
0.48
0.38
0.45
0.37
0.44
0.51
0.50
0.49
0.53
0.46
0.49
0.45
0.47
0.38
0.38
0.38
0.42
0.39
0.37
0.47
0.37
0.53
0.52
0.52
0.51
CorWatt	PkgWatt
18.47	129.90
0.61	129.95
0.56
0.57
0.53
0.57
0.54
0.59
0.55
0.57
0.60
0.55
0.63
0.61
0.60
0.56
0.62
0.64
0.65
0.66
0.65
0.49
0.54
0.49
0.53
0.49
0.51
0.53
0.51
0.63
0.61
0.62
0.65
CorWatt	PkgWatt
15.30	127.53
0.52	127.46
0.44
0.45
0.44
0.49
0.50
0.55
0.52
0.45
0.46
0.40
0.45
0.51
0.51
0.50
0.52
0.48
0.59
0.54
0.51
0.39
0.40
0.40
0.42
0.45
0.40
0.39
0.37
0.53
0.54
0.57
0.58
