CorWatt	PkgWatt
124.37	315.32
2.07	171.90
2.11
2.09
2.05
2.12
2.09
2.05
2.05
2.01
2.02
2.12
2.00
1.98
2.00
2.06
2.30
2.07
2.05
2.03
2.07
2.12
2.09
2.10
2.08
2.26
2.07
2.07
2.01
2.03
2.06
2.06
2.05
2.04	172.11
2.03
2.04
2.03
2.07
2.07
2.08
2.06
2.04
2.05
2.02
2.03
2.03
2.03
2.03
2.02
2.02
2.03
2.03
2.03
2.11
2.08
2.34
2.09
2.02
2.03
2.04
2.03
2.05
2.07
2.06
2.02
CorWatt	PkgWatt
153.51	452.65
1.98	166.20
2.03
1.90
2.00
2.06
2.00
2.10
1.92
1.85
1.88
1.72
1.91
1.85
1.73
2.02
2.02
1.74
1.97
1.95
1.72
1.95
1.91
1.81
2.03
1.90
1.95
1.97
2.03
1.94
1.88
2.01
2.06
1.89	165.60
1.77
1.73
2.05
1.78
1.93
1.81
1.88
1.85
1.62
1.88
1.77
1.95
2.01
1.94
2.03
1.81
1.83
1.89
1.89
2.04
2.29
1.84
2.20
1.90
1.93
1.88
1.63
1.94
2.00
2.10
1.93
CorWatt	PkgWatt
19.91	189.85
0.40	96.32
0.35
0.33
0.33
0.31
0.38
0.39
0.31
0.30
0.33
0.31
0.29
0.37
0.36
0.31
0.30
0.32
0.36
0.34
0.32
0.37
0.32
0.33
0.32
0.32
0.32
0.33
0.30
0.37
0.32
0.37
0.31
0.28	93.76
0.29
0.29
0.28
0.29
0.29
0.29
0.31
0.27
0.27
0.31
0.28
0.25
0.28
0.25
0.25
0.61
0.29
0.28
0.28
0.29
0.28
0.28
0.29
0.28
0.28
0.29
0.27
0.25
0.26
0.26
0.25
