CorWatt	PkgWatt
4.49	152.86
0.08	76.81
0.08
0.08
0.08
0.08
0.08
0.08
0.08
0.07
0.07
0.07
0.07
0.07
0.14
0.07
0.07
0.08
0.08
0.08
0.08
0.09
0.08
0.08
0.08
0.08
0.08
0.08
0.08
0.07
0.07
0.07
0.07
0.07	76.22
0.06
0.06
0.06
0.06
0.06
0.06
0.06
0.06
0.06
0.06
0.06
0.06
0.06
0.06
0.06
0.07
0.06
0.06
0.15
0.07
0.07
0.06
0.07
0.06
0.06
0.06
0.06
0.06
0.06
0.06
0.06
CorWatt	PkgWatt
4.25	150.84
0.09	75.54
0.08
0.08
0.08
0.08
0.08
0.07
0.07
0.06
0.06
0.07
0.07
0.06
0.06
0.06
0.11
0.09
0.08
0.08
0.08
0.10
0.08
0.08
0.08
0.07
0.09
0.07
0.09
0.07
0.06
0.06
0.06
0.06	75.15
0.06
0.06
0.06
0.06
0.06
0.06
0.06
0.09
0.07
0.05
0.05
0.05
0.05
0.05
0.05
0.06
0.06
0.05
0.06
0.06
0.06
0.06
0.06
0.05
0.05
0.05
0.05
0.05
0.05
0.05
0.05
CorWatt	PkgWatt
97.53	289.69
0.50	139.10
1.47
1.53
1.51
1.51
1.53
1.44
1.44
1.62
1.57
1.56
1.66
1.47
1.46
1.37
1.45
1.49
1.49
1.49
1.48
1.48
1.48
1.39
1.40
1.51
1.47
1.48
1.47
1.44
1.46
1.36
1.36
1.58	150.73
1.53
1.54
1.54
1.54
1.52
1.44
1.46
1.66
3.59
1.64
1.67
1.55
1.54
1.45
1.49
1.54
1.50
1.53
1.54
1.55
1.57
1.46
1.45
1.55
1.54
1.56
1.54
1.58
1.62
1.48
1.45
CorWatt	PkgWatt
130.93	341.79
0.29	167.28
2.06
2.17
2.14
2.09
2.12
1.95
1.95
2.15
2.12
2.07
2.10
2.03
2.02
1.85
1.90
2.06
2.06
2.06
2.04
2.04
2.05
1.89
1.93
2.07
2.04
2.05
2.03
2.01
2.03
1.86
1.86
2.15	174.71
2.11
2.08
2.09
2.14
2.10
1.94
1.94
2.16
3.28
2.17
2.18
2.16
2.14
1.98
1.98
2.10
2.06
2.10
2.11
2.13
2.14
1.99
1.97
2.14
2.13
2.14
2.13
2.15
2.14
1.97
1.90
