CorWatt	PkgWatt
364.55	569.58
4.63	228.98
5.11
4.41
4.84
4.54
4.48
5.29
4.49
4.59
4.79
4.70
4.41
4.39
4.44
4.53
4.98
4.49
5.08
4.58
4.77
4.68
4.81
4.80
4.55
4.61
4.27
5.28
4.80
4.69
4.35
4.48
5.35
4.50	245.48
5.67
5.06
5.28
5.46
5.03
5.24
6.16
4.90
5.78
5.68
5.41
6.12
5.26
5.18
4.48
5.23
4.99
4.99
5.20
4.47
5.12
4.87
5.90
5.14
5.39
5.39
5.60
5.43
5.46
4.97
5.31
CorWatt	PkgWatt
299.32	467.51
4.28	223.36
4.39
4.16
4.26
4.42
4.38
4.39
4.38
4.24
4.45
4.21
4.28
4.04
4.29
4.27
4.27
4.35
4.39
4.44
4.35
4.44
4.48
4.41
4.40
4.34
4.14
4.40
4.36
4.28
4.22
4.34
4.31
3.92	244.10
4.76
5.13
4.33
5.27
5.43
5.30
6.32
5.18
4.98
5.42
6.20
4.96
4.56
4.62
3.36
4.38
4.79
4.83
4.75
4.30
5.60
4.92
5.97
5.77
5.05
5.28
5.12
5.13
5.30
4.79
5.20
CorWatt	PkgWatt
233.44	418.48
3.51	208.71
3.69
3.53
3.61
3.65
3.67
3.69
3.64
3.60
3.50
3.51
3.58
3.62
3.50
3.52
3.55
3.68
3.70
3.73
3.65
3.64
3.78
3.74
3.70
3.64
3.49
3.67
3.67
3.68
3.70
3.66
3.74
4.15	210.09
3.95
3.08
3.54
3.77
4.58
3.66
3.86
3.33
3.28
3.60
3.62
3.69
4.09
4.00
3.62
3.39
3.01
3.66
4.46
3.15
3.64
3.76
3.23
4.30
3.63
3.43
3.30
3.84
3.58
3.69
3.40
CorWatt	PkgWatt
70.21	233.87
1.99	107.32
0.88
0.84
0.73
0.77
0.72
0.90
0.84
0.82
0.74
0.67
0.84
0.68
0.72
0.81
0.78
0.78
0.72
0.83
0.87
0.79
0.84
0.76
0.87
0.89
0.83
0.75
0.73
0.83
0.83
0.78
0.70
1.89	126.46
0.81
1.34
0.99
1.23
1.42
1.12
1.23
1.78
1.05
1.40
1.06
1.02
1.67
1.25
1.09
1.79
2.13
1.03
0.96
0.97
0.99
1.09
2.62
2.87
1.15
0.87
1.92
1.11
1.40
1.06
1.36
CorWatt	PkgWatt
346.35	491.05
5.14	245.46
5.43
5.41
5.35
5.44
5.42
5.41
5.47
5.29
5.39
5.29
5.37
5.22
5.39
5.35
5.36
5.42
5.46
5.48
5.43
5.49
5.52
5.52
5.47
5.41
5.47
5.47
5.47
5.41
5.44
5.45
5.47
5.42	245.47
5.41
5.48
5.43
5.41
5.45
5.47
5.44
5.35
5.39
5.40
5.41
5.44
5.46
5.43
5.44
5.30
5.35
5.32
5.35
5.36
5.45
5.35
5.43
5.40
5.36
5.39
5.40
5.46
5.48
5.50
5.42
CorWatt	PkgWatt
303.60	426.48
5.32	245.41
5.36
5.37
5.27
5.38
5.35
5.34
5.40
5.20
5.32
5.24
5.31
5.31
5.34
5.18
5.31
5.35
5.39
5.39
5.38
5.41
5.46
5.48
5.40
5.33
5.43
5.40
5.41
5.35
5.39
5.38
5.39
5.11	244.18
6.09
5.07
5.06
4.90
5.45
5.17
5.49
5.40
5.02
5.24
5.16
5.16
5.02
5.14
5.17
4.96
5.22
5.34
5.15
5.40
5.42
5.77
5.20
5.27
5.29
5.28
5.23
5.29
5.26
5.14
5.12
CorWatt	PkgWatt
324.48	459.10
5.56	244.60
5.00
6.36
5.13
5.32
4.76
4.50
4.93
4.43
4.92
5.10
5.34
5.32
4.68
4.49
4.54
5.42
5.28
4.69
5.46
4.93
7.40
6.58
6.29
5.94
5.55
4.69
5.64
6.10
5.37
5.39
5.02
4.61	242.42
4.90
4.56
4.89
4.99
5.32
5.12
5.39
5.47
5.22
5.04
5.00
5.34
5.26
5.06
5.20
4.58
5.27
4.99
5.35
5.56
5.42
5.65
5.50
5.33
5.03
5.51
5.47
5.06
5.16
5.50
4.48
