CorWatt	PkgWatt
4.25	151.32
0.09	76.32
0.09
0.08
0.08
0.08
0.08
0.08
0.08
0.07
0.07
0.07
0.07
0.07
0.07
0.06
0.07
0.08
0.08
0.08
0.08
0.09
0.09
0.08
0.08
0.08
0.08
0.08
0.08
0.07
0.07
0.07
0.07
0.06	75.04
0.06
0.06
0.06
0.06
0.06
0.06
0.06
0.05
0.05
0.05
0.05
0.05
0.05
0.05
0.05
0.06
0.06
0.05
0.06
0.06
0.06
0.06
0.06
0.05
0.05
0.05
0.05
0.05
0.05
0.05
0.05
CorWatt	PkgWatt
4.34	151.00
0.09	75.97
0.08
0.08
0.09
0.08
0.08
0.08
0.09
0.07
0.07
0.08
0.07
0.07
0.07
0.06
0.06
0.08
0.08
0.09
0.08
0.10
0.10
0.08
0.08
0.08
0.08
0.17
0.08
0.07
0.07
0.07
0.09
0.05	75.00
0.06
0.06
0.06
0.06
0.06
0.06
0.05
0.05
0.05
0.05
0.05
0.05
0.05
0.05
0.05
0.06
0.05
0.05
0.05
0.06
0.06
0.06
0.06
0.05
0.05
0.05
0.05
0.05
0.05
0.05
0.05
