CorWatt	PkgWatt
5.17	153.95
0.10	76.45
0.14
0.10
0.09
0.08
0.08
0.08
0.08
0.07
0.14
0.07
0.07
0.07
0.07
0.07
0.07
0.08
0.08
0.08
0.08
0.11
0.09
0.09
0.09
0.08
0.08
0.08
0.08
0.07
0.07
0.07
0.07
0.08	77.28
0.08
0.08
0.08
0.08
0.08
0.08
0.08
0.07
0.07
0.07
0.08
0.07
0.07
0.07
0.07
0.08
0.08
0.07
0.08
0.08
0.08
0.08
0.08
0.08
0.09
0.09
0.08
0.07
0.07
0.07
0.09
CorWatt	PkgWatt
5.47	152.90
0.14	76.32
0.09
0.14
0.15
0.11
0.09
0.09
0.10
0.07
0.07
0.08
0.07
0.08
0.07
0.07
0.08
0.08
0.08
0.08
0.08
0.15
0.09
0.09
0.10
0.09
0.08
0.08
0.08
0.07
0.08
0.07
0.07
0.08	76.56
0.08
0.08
0.08
0.08
0.08
0.09
0.08
0.07
0.08
0.08
0.08
0.07
0.07
0.07
0.07
0.08
0.08
0.07
0.08
0.08
0.08
0.08
0.08
0.09
0.09
0.09
0.08
0.09
0.08
0.09
0.09
