CorWatt	PkgWatt
14.59	126.82
0.49	126.81
0.46
0.50
0.43
0.50
0.49
0.48
0.48
0.38
0.44
0.37
0.37
0.50
0.52
0.49
0.55
0.45
0.48
0.47
0.50
0.41
0.41
0.40
0.50
0.38
0.37
0.41
0.36
0.51
0.52
0.50
0.50
CorWatt	PkgWatt
14.64	126.38
0.49	126.86
0.44
0.50
0.42
0.49
0.48
0.50
0.51
0.38
0.44
0.43
0.39
0.50
0.50
0.50
0.52
0.49
0.47
0.48
0.47
0.42
0.42
0.40
0.47
0.38
0.37
0.45
0.37
0.50
0.51
0.50
0.49
CorWatt	PkgWatt
21.74	133.99
0.70	132.74
0.74
0.59
0.47
0.51
0.51
0.51
0.79
0.57
0.81
0.53
0.66
0.88
0.77
0.80
0.89
0.55
0.77
0.54
0.51
0.51
0.54
0.73
0.57
0.62
0.79
0.76
0.77
0.75
0.75
0.77
0.97
