CorWatt	PkgWatt
286.73	480.41
4.55	240.70
4.28
4.50
4.36
4.51
4.34
4.41
4.49
4.35
4.50
4.40
4.40
4.48
4.45
4.29
4.41
4.49
4.34
4.58
4.52
4.68
4.71
4.66
4.66
4.45
4.49
4.43
4.54
4.54
4.52
4.62
4.60
4.63	242.37
4.49
4.55
4.63
4.43
4.39
4.55
4.54
4.57
4.51
4.58
4.56
4.59
4.68
4.58
4.62
4.28
4.60
4.52
4.54
4.47
4.58
4.46
4.55
4.50
4.51
4.53
4.56
4.57
4.69
4.59
4.60
CorWatt	PkgWatt
342.61	615.11
4.52	241.86
4.42
4.45
4.48
4.58
4.43
4.57
4.64
4.25
4.50
4.38
4.36
4.41
4.50
4.38
4.46
4.47
4.40
4.54
4.40
4.58
4.72
4.63
4.63
4.39
4.56
4.53
4.51
4.56
4.50
4.56
4.56
4.53	243.85
4.55
4.47
4.59
4.42
4.57
4.50
4.52
4.48
4.40
4.51
4.46
4.57
4.62
4.60
4.51
4.45
4.59
4.56
4.51
4.61
4.56
4.51
4.65
4.48
4.50
4.54
4.37
4.70
4.74
4.66
4.69
CorWatt	PkgWatt
283.56	478.49
4.59	237.55
4.63
4.44
4.58
4.31
4.34
4.49
4.48
4.21
4.36
4.32
4.23
4.10
4.33
4.39
4.27
4.36
4.39
4.49
4.43
4.38
4.60
4.40
4.47
4.34
4.45
4.26
4.34
4.25
4.32
4.28
4.33
4.58	240.94
4.54
4.60
4.60
4.43
4.44
4.47
4.43
4.47
4.54
4.69
4.64
4.46
4.52
4.49
4.34
4.28
4.41
4.56
4.54
4.53
4.50
4.66
4.65
4.19
4.37
4.32
4.42
4.40
4.49
4.45
4.46
CorWatt	PkgWatt
289.54	483.65
4.93	241.17
4.80
4.70
4.69
4.50
4.20
4.38
4.55
4.24
4.48
4.45
4.35
4.28
4.35
4.33
4.31
4.40
4.35
4.38
4.43
4.63
4.71
4.61
4.57
4.83
4.46
4.47
4.48
4.57
4.59
4.43
4.65
4.66	242.47
4.57
4.65
4.53
4.56
4.60
4.59
4.56
4.37
4.49
4.51
4.52
4.59
4.64
4.63
4.51
4.27
4.48
4.53
4.48
4.64
4.73
4.71
4.76
4.42
4.47
4.47
4.40
4.47
4.58
4.46
4.58
CorWatt	PkgWatt
289.92	484.18
4.52	241.80
4.63
4.54
4.36
4.64
4.58
4.74
4.66
4.38
4.48
4.38
4.47
4.48
4.51
4.29
4.51
4.44
4.52
4.60
4.58
4.63
4.68
4.58
4.56
4.54
4.51
4.49
4.54
4.48
4.53
4.58
4.42
4.66	242.41
4.66
4.69
4.67
4.47
4.36
4.47
4.62
4.33
4.46
4.50
4.47
4.67
4.59
4.70
4.62
4.46
4.54
4.49
4.54
4.42
4.44
4.43
4.50
4.34
4.43
4.49
4.40
4.70
4.74
4.55
4.64
CorWatt	PkgWatt
289.05	482.73
4.59	240.47
4.64
4.47
4.45
4.50
4.41
4.57
4.34
4.49
4.43
4.48
4.50
4.40
4.36
4.28
4.52
4.40
4.47
4.57
4.44
4.68
4.73
4.55
4.61
4.46
4.51
4.34
4.57
4.51
4.37
4.64
4.59
4.54	242.36
4.40
4.58
4.63
4.49
4.56
4.64
4.61
4.59
4.60
4.54
4.62
4.57
4.58
4.58
4.55
4.44
4.47
4.48
4.53
4.57
4.56
4.59
4.35
4.48
4.49
4.64
4.36
4.60
4.57
4.51
4.45
CorWatt	PkgWatt
288.79	482.54
4.52	240.32
4.59
4.42
4.53
4.42
4.42
4.50
4.37
4.47
4.46
4.36
4.53
4.51
4.47
4.29
4.48
4.42
4.53
4.63
4.58
4.53
4.69
4.50
4.60
4.61
4.45
4.43
4.57
4.58
4.43
4.63
4.56
4.40	242.04
4.42
4.46
4.41
4.57
4.49
4.71
4.43
4.45
4.40
4.41
4.41
4.50
4.50
4.52
4.48
4.60
4.51
4.44
4.37
4.60
4.61
4.65
4.67
4.53
4.58
4.56
4.50
4.55
4.70
4.71
4.52
CorWatt	PkgWatt
287.33	481.85
4.58	240.19
4.54
4.45
4.52
4.43
4.36
4.42
4.38
4.30
4.51
4.25
4.41
4.45
4.50
4.32
4.47
4.45
4.45
4.52
4.56
4.63
4.38
4.40
4.52
4.61
4.52
4.44
4.60
4.54
4.41
4.54
4.52
4.54	241.71
4.45
4.52
4.31
4.55
4.45
4.54
4.25
4.35
4.38
4.28
4.31
4.42
4.54
4.52
4.41
4.48
4.44
4.36
4.31
4.69
4.71
4.79
4.77
4.60
4.66
4.62
4.50
4.58
4.75
4.69
4.61
CorWatt	PkgWatt
280.65	479.24
4.43	239.40
4.48
4.39
4.26
4.37
4.25
4.34
4.40
4.18
4.42
4.31
4.21
4.32
4.41
4.28
4.42
4.32
4.31
4.26
4.41
4.62
4.46
4.47
4.62
4.50
4.54
4.43
4.52
4.45
4.27
4.51
4.38
4.39	239.84
4.47
4.45
4.20
4.56
4.33
4.32
4.19
4.30
4.40
4.38
4.22
4.23
4.46
4.59
4.42
4.44
4.51
4.23
4.34
4.26
4.39
4.16
4.49
4.29
4.35
4.43
4.21
4.47
4.66
4.51
4.45
CorWatt	PkgWatt
158.64	368.01
2.39	183.09
2.39
2.37
2.34
2.38
2.35
2.38
2.39
2.29
2.31
2.31
2.31
2.32
2.31
2.31
2.32
2.37
2.40
2.40
2.40
2.40
2.39
2.41
2.41
3.85
2.36
2.38
2.38
2.33
3.87
2.35
2.36
2.36	185.10
3.78
2.35
2.34
2.37
2.39
2.37
2.35
3.57
2.32
2.30
2.25
2.31
2.33
2.34
2.32
2.30
3.82
2.30
2.30
2.29
2.36
2.33
3.88
2.29
2.31
2.34
2.32
2.32
2.34
2.34
2.29
CorWatt	PkgWatt
165.32	379.54
2.46	188.83
2.53
2.52
2.43
2.51
2.50
2.49
2.52
2.38
2.41
2.41
2.42
2.47
2.41
2.42
2.40
2.48
2.51
2.50
2.46
2.54
2.51
2.51
2.55
3.90
2.46
2.48
2.47
2.40
3.98
2.45
2.44
2.46	190.79
3.85
2.45
2.40
2.46
2.49
2.48
2.42
3.64
2.39
2.46
2.37
2.46
2.47
2.44
2.45
2.39
3.86
2.36
2.43
2.43
2.46
2.44
3.96
2.41
2.40
2.42
2.45
2.43
2.46
2.44
2.43
CorWatt	PkgWatt
155.00	370.84
2.39	185.21
2.45
2.45
2.42
2.44
2.39
2.45
2.43
2.32
2.37
2.33
2.37
2.37
2.36
2.34
2.33
2.43
2.41
2.45
2.39
2.46
2.43
2.43
2.43
2.45
2.44
2.43
2.42
2.38
3.19
2.34
2.38
2.41	185.29
3.06
2.40
2.37
2.38
2.41
2.43
2.39
2.86
2.35
2.35
2.33
2.38
2.36
2.37
2.36
2.34
2.41
2.33
2.34
2.41
2.40
2.39
2.49
2.35
2.35
2.36
2.37
2.40
2.36
2.38
2.36
CorWatt	PkgWatt
155.19	375.92
2.45	188.35
2.51
2.50
2.46
2.45
2.43
2.46
2.46
2.36
2.40
2.38
2.42
2.39
2.39
2.37
2.43
2.44
2.44
2.53
2.48
2.50
2.47
2.51
2.45
2.44
2.48
2.45
2.46
2.41
2.41
2.45
2.42
2.43	187.63
2.45
2.43
2.41
2.42
2.47
2.45
2.42
2.37
2.38
2.37
2.41
2.43
2.45
2.38
2.36
2.38
2.39
2.33
2.39
2.40
2.43
2.48
2.43
2.36
2.38
2.40
2.39
2.37
2.42
2.41
2.38
CorWatt	PkgWatt
154.83	369.52
2.42	185.20
2.48
2.48
2.42
2.45
2.43
2.48
2.47
2.34
2.40
2.39
2.40
2.38
2.43
2.36
2.39
2.45
2.44
2.48
2.48
2.51
2.47
2.50
2.49
2.47
2.49
2.46
2.46
2.38
2.43
2.45
2.43
2.42	184.32
2.41
2.43
2.38
2.37
2.47
2.45
2.42
2.37
2.35
2.38
2.39
2.42
2.40
2.39
2.38
2.37
2.36
2.35
2.37
2.43
2.45
2.45
2.44
2.37
2.38
2.40
2.39
2.39
2.42
2.38
2.36
CorWatt	PkgWatt
149.19	357.11
2.36	178.85
2.39
2.38
2.34
2.36
2.35
2.38
2.39
2.26
2.30
2.29
2.33
2.30
2.31
2.28
2.26
2.34
2.37
2.39
2.36
2.40
2.39
2.40
2.40
2.35
2.39
2.38
2.38
2.33
2.35
2.33
2.35
2.33	178.43
2.31
2.33
2.33
2.26
2.37
2.35
2.34
2.30
2.32
2.32
2.30
2.29
2.30
2.29
2.27
2.28
2.33
2.25
2.31
2.38
2.35
2.35
2.35
2.29
2.29
2.32
2.29
2.31
2.31
2.32
2.28
CorWatt	PkgWatt
150.17	359.26
2.35	179.81
2.42
2.40
2.38
2.38
2.37
2.40
2.39
2.31
2.33
2.31
2.35
2.30
2.31
2.31
2.32
2.33
2.38
2.40
2.37
2.43
2.38
2.41
2.41
2.38
2.35
2.40
2.40
2.35
2.34
2.34
2.35
2.36	179.48
2.35
2.38
2.38
2.32
2.37
2.36
2.35
2.27
2.32
2.31
2.34
2.33
2.33
2.33
2.31
2.27
2.28
2.29
2.33
2.34
2.37
2.37
2.37
2.31
2.31
2.33
2.29
2.31
2.34
2.33
2.29
CorWatt	PkgWatt
155.57	370.76
2.46	185.50
2.48
2.48
2.45
2.48
2.43
2.48
2.44
2.41
2.38
2.38
2.42
2.42
2.39
2.39
2.44
2.42
2.51
2.51
2.45
2.48
2.48
2.50
2.52
2.45
2.42
2.46
2.47
2.41
2.41
2.42
2.42
2.45	185.06
2.44
2.45
2.42
2.38
2.43
2.46
2.43
2.40
2.41
2.36
2.38
2.40
2.42
2.38
2.40
2.37
2.41
2.35
2.43
2.43
2.46
2.42
2.45
2.45
2.40
2.38
2.38
2.43
2.44
2.41
2.38
CorWatt	PkgWatt
154.94	370.14
2.46	185.32
2.46
2.48
2.47
2.47
2.41
2.46
2.48
2.39
2.39
2.39
2.37
2.38
2.39
2.40
2.37
2.44
2.46
2.50
2.42
2.47
2.51
2.52
2.49
2.43
2.45
2.41
2.43
2.41
2.43
2.44
2.40
2.43	184.80
2.44
2.43
2.39
2.46
2.45
2.45
2.45
2.35
2.41
2.36
2.35
2.39
2.39
2.34
2.39
2.36
2.39
2.35
2.40
2.45
2.44
2.43
2.45
2.37
2.39
2.43
2.41
2.38
2.41
2.48
2.36
