CorWatt	PkgWatt
15.02	127.61
0.52	127.61
0.56
0.47
0.50
0.51
0.52
0.51
0.53
0.40
0.45
0.39
0.39
0.53
0.52
0.52
0.53
0.44
0.47
0.46
0.47
0.41
0.40
0.39
0.45
0.39
0.41
0.41
0.36
0.52
0.53
0.52
0.54
CorWatt	PkgWatt
14.93	127.34
0.51	127.36
0.53
0.47
0.51
0.51
0.52
0.53
0.53
0.40
0.47
0.38
0.38
0.51
0.51
0.50
0.55
0.44
0.48
0.50
0.48
0.40
0.38
0.38
0.43
0.44
0.42
0.37
0.36
0.53
0.51
0.50
0.51
CorWatt	PkgWatt
21.35	133.28
0.68	133.28
0.62
0.63
0.58
0.65
0.63
0.67
0.74
2.46
0.62
0.47
0.49
0.74
0.63
0.58
0.67
0.55
0.62
0.58
0.63
0.61
0.58
0.58
0.59
0.53
0.55
0.53
0.53
0.68
0.63
0.62
0.68
CorWatt	PkgWatt
16.89	128.98
0.52	128.96
0.50
0.45
0.45
0.50
0.51
0.50
0.61
0.50
0.49
0.40
0.40
0.93
1.15
0.76
0.76
0.45
0.48
0.49
0.47
0.46
0.46
0.44
0.45
0.42
0.40
0.46
0.42
0.53
0.52
0.51
0.52
CorWatt	PkgWatt
16.72	129.16
0.56	129.15
0.49
0.45
0.45
0.50
0.51
0.48
0.58
0.50
0.44
0.41
0.38
0.89
1.24
0.75
0.78
0.44
0.50
0.45
0.48
0.44
0.42
0.42
0.47
0.40
0.40
0.39
0.45
0.52
0.51
0.51
0.52
CorWatt	PkgWatt
16.78	129.03
0.54	129.03
0.50
0.46
0.48
0.49
0.50
0.49
0.57
0.51
0.49
0.39
0.41
1.25
0.90
0.74
0.76
0.45
0.48
0.46
0.46
0.43
0.39
0.42
0.46
0.38
0.42
0.39
0.43
0.53
0.56
0.55
0.52
CorWatt	PkgWatt
16.61	129.24
0.53	129.22
0.50
0.45
0.45
0.52
0.53
0.50
0.59
0.48
0.44
0.41
0.39
1.35
0.79
0.74
0.75
0.47
0.49
0.48
0.47
0.42
0.40
0.39
0.43
0.37
0.39
0.37
0.43
0.53
0.52
0.52
0.53
CorWatt	PkgWatt
16.83	129.30
0.54	129.31
0.49
0.46
0.46
0.50
0.51
0.50
0.57
0.49
0.48
0.42
0.39
1.64
0.75
0.73
0.77
0.45
0.49
0.47
0.46
0.40
0.41
0.40
0.43
0.37
0.39
0.37
0.41
0.53
0.52
0.51
0.50
CorWatt	PkgWatt
17.60	130.69
0.54	130.69
0.49
0.47
0.44
0.50
0.49
0.48
0.55
0.48
0.46
0.39
0.40
3.32
0.56
0.51
0.55
0.44
0.46
0.46
0.46
0.42
0.38
0.38
0.42
0.35
0.38
0.36
0.41
0.52
0.51
0.51
0.52
CorWatt	PkgWatt
17.59	130.69
0.56	130.69
0.47
0.44
0.45
0.48
0.49
0.48
0.54
0.49
0.45
0.40
0.39
3.32
0.54
0.51
0.53
0.44
0.47
0.46
0.46
0.40
0.38
0.38
0.42
0.41
0.38
0.36
0.42
0.52
0.51
0.50
0.50
CorWatt	PkgWatt
17.47	130.64
0.54	130.64
0.44
0.44
0.44
0.49
0.49
0.48
0.55
0.47
0.44
0.39
0.38
3.32
0.55
0.51
0.53
0.45
0.47
0.45
0.46
0.41
0.38
0.39
0.45
0.35
0.38
0.36
0.41
0.52
0.51
0.51
0.51
CorWatt	PkgWatt
17.81	130.77
0.59	130.77
0.45
0.45
0.47
0.49
0.51
0.49
0.55
0.49
0.44
0.42
0.41
3.32
0.59
0.53
0.55
0.45
0.47
0.48
0.46
0.40
0.39
0.38
0.43
0.36
0.38
0.37
0.42
0.52
0.51
0.51
0.50
CorWatt	PkgWatt
17.60	130.60
0.56	130.60
0.46
0.46
0.46
0.49
0.49
0.48
0.54
0.48
0.43
0.39
0.39
3.32
0.55
0.51
0.55
0.44
0.46
0.46
0.48
0.42
0.38
0.38
0.42
0.36
0.38
0.37
0.42
0.52
0.51
0.51
0.51
CorWatt	PkgWatt
17.41	130.40
0.54	130.40
0.47
0.44
0.44
0.48
0.49
0.48
0.56
0.48
0.43
0.38
0.38
3.32
0.54
0.50
0.54
0.44
0.46
0.47
0.46
0.41
0.38
0.38
0.41
0.35
0.37
0.36
0.40
0.52
0.51
0.50
0.50
CorWatt	PkgWatt
17.53	130.57
0.54	130.57
0.48
0.44
0.45
0.49
0.49
0.48
0.56
0.47
0.44
0.40
0.40
3.32
0.54
0.50
0.52
0.44
0.46
0.45
0.46
0.41
0.38
0.39
0.44
0.37
0.38
0.36
0.41
0.52
0.51
0.51
0.52
CorWatt	PkgWatt
18.01	130.85
0.55	130.86
0.49
0.47
0.48
0.49
0.50
0.50
0.56
0.47
0.48
0.42
0.39
3.32
0.55
0.51
0.53
0.46
0.48
0.48
0.47
0.40
0.40
0.38
0.43
0.39
0.37
0.41
0.42
0.55
0.52
0.54
0.56
CorWatt	PkgWatt
17.58	130.46
0.54	130.45
0.49
0.45
0.44
0.50
0.49
0.49
0.54
0.47
0.43
0.39
0.38
3.32
0.54
0.51
0.53
0.45
0.46
0.45
0.47
0.42
0.40
0.38
0.41
0.39
0.37
0.37
0.44
0.52
0.51
0.51
0.52
CorWatt	PkgWatt
17.59	130.54
0.55	130.55
0.48
0.47
0.46
0.49
0.49
0.48
0.55
0.48
0.43
0.38
0.38
3.32
0.54
0.50
0.54
0.45
0.49
0.48
0.48
0.42
0.39
0.40
0.41
0.38
0.35
0.36
0.40
0.53
0.51
0.50
0.50
CorWatt	PkgWatt
17.69	130.74
0.56	130.73
0.49
0.46
0.46
0.50
0.50
0.49
0.56
0.47
0.42
0.38
0.38
3.32
0.54
0.53
0.53
0.45
0.47
0.47
0.47
0.45
0.40
0.38
0.42
0.37
0.36
0.37
0.42
0.52
0.51
0.52
0.52
CorWatt	PkgWatt
17.56	130.36
0.56	130.36
0.46
0.47
0.48
0.49
0.51
0.51
0.57
0.47
0.43
0.38
0.39
3.14
0.56
0.52
0.56
0.45
0.47
0.47
0.47
0.42
0.38
0.40
0.44
0.37
0.36
0.38
0.41
0.52
0.51
0.51
0.51
CorWatt	PkgWatt
18.63	130.46
0.59	130.48
0.52
0.53
0.52
0.56
0.55
0.58
0.65
0.53
0.51
0.46
0.48
0.58
0.61
0.59
0.61
0.49
0.51
0.50
0.52
0.53
0.47
0.48
0.54
0.98
0.44
0.43
0.48
0.82
0.75
0.74
1.10
CorWatt	PkgWatt
17.09	129.31
0.56	129.29
0.48
0.45
0.45
0.50
0.51
0.50
0.57
0.39
0.45
0.38
0.39
0.53
0.52
0.50
0.52
0.44
0.47
0.47
0.46
0.45
0.38
0.38
0.48
0.50
0.36
0.37
0.40
0.91
0.86
0.87
1.59
CorWatt	PkgWatt
17.01	129.06
0.54	129.06
0.45
0.44
0.44
0.49
0.50
0.49
0.55
0.39
0.46
0.39
0.40
0.51
0.51
0.50
0.55
0.44
0.47
0.45
0.46
0.41
0.38
0.39
0.47
0.53
0.37
0.37
0.40
1.18
0.87
0.87
1.32
CorWatt	PkgWatt
17.17	129.11
0.55	129.12
0.46
0.45
0.44
0.50
0.51
0.52
0.59
0.40
0.45
0.38
0.40
0.53
0.53
0.50
0.55
0.45
0.48
0.48
0.47
0.40
0.40
0.40
0.46
0.52
0.36
0.38
0.40
1.60
0.87
0.87
0.87
CorWatt	PkgWatt
17.02	128.99
0.53	128.99
0.46
0.47
0.47
0.49
0.49
0.49
0.56
0.39
0.43
0.39
0.39
0.53
0.52
0.50
0.52
0.45
0.48
0.45
0.46
0.44
0.39
0.38
0.45
0.52
0.38
0.37
0.39
0.92
0.87
0.87
1.57
CorWatt	PkgWatt
17.52	129.49
0.56	129.50
0.49
0.45
0.44
0.52
0.49
0.50
0.60
0.42
0.51
0.41
0.42
0.54
0.54
0.53
0.57
0.48
0.52
0.49
0.49
0.40
0.38
0.38
0.43
0.56
0.37
0.38
0.42
1.41
0.89
0.88
1.06
CorWatt	PkgWatt
18.48	130.30
0.55	130.28
0.46
0.44
0.43
0.49
0.49
0.49
0.55
0.39
0.43
0.38
0.40
0.51
0.52
0.51
0.52
0.44
0.46
0.48
0.48
0.41
0.38
0.39
0.44
0.53
0.40
0.40
0.41
2.35
1.11
1.12
1.12
CorWatt	PkgWatt
20.43	131.97
0.54	131.97
0.47
0.45
0.45
0.52
0.52
0.50
0.58
0.41
0.45
0.41
0.40
0.53
0.53
0.51
0.53
0.46
0.49
0.48
0.48
0.42
0.40
0.39
0.43
0.54
0.41
0.39
0.41
1.66
1.37
1.38
2.93
CorWatt	PkgWatt
20.05	131.75
0.53	131.75
0.45
0.44
0.43
0.49
0.49
0.49
0.58
0.39
0.43
0.38
0.38
0.51
0.51
0.50
0.52
0.45
0.49
0.47
0.48
0.41
0.38
0.38
0.42
0.52
0.40
0.39
0.41
1.39
1.37
1.38
3.21
CorWatt	PkgWatt
20.00	131.62
0.53	131.62
0.45
0.44
0.44
0.48
0.49
0.48
0.55
0.41
0.43
0.38
0.39
0.51
0.51
0.51
0.52
0.47
0.48
0.46
0.47
0.41
0.39
0.38
0.42
0.51
0.38
0.37
0.39
1.39
1.37
1.38
3.20
CorWatt	PkgWatt
20.25	131.91
0.54	131.91
0.48
0.50
0.46
0.48
0.49
0.49
0.54
0.40
0.44
0.39
0.38
0.52
0.52
0.50
0.56
0.46
0.47
0.45
0.47
0.41
0.38
0.39
0.42
0.52
0.38
0.38
0.40
2.88
1.38
1.39
1.77
CorWatt	PkgWatt
20.37	132.22
0.53	132.22
0.47
0.49
0.45
0.49
0.50
0.49
0.55
0.40
0.44
0.39
0.39
0.52
0.53
0.51
0.53
0.45
0.48
0.50
0.49
0.40
0.38
0.38
0.43
0.52
0.42
0.39
0.40
3.26
1.39
1.39
1.40
CorWatt	PkgWatt
20.35	132.00
0.51	132.01
0.47
0.50
0.44
0.48
0.50
0.52
0.57
0.43
0.45
0.39
0.39
0.54
0.52
0.52
0.54
0.44
0.49
0.45
0.49
0.41
0.38
0.38
0.42
0.53
0.40
0.39
0.41
3.26
1.39
1.39
1.38
CorWatt	PkgWatt
20.30	132.00
0.53	132.00
0.46
0.49
0.46
0.48
0.49
0.50
0.55
0.40
0.44
0.39
0.39
0.53
0.53
0.53
0.53
0.44
0.47
0.48
0.46
0.40
0.40
0.38
0.42
0.55
0.40
0.39
0.40
3.26
1.39
1.39
1.38
CorWatt	PkgWatt
20.14	131.90
0.52	131.90
0.46
0.49
0.44
0.48
0.49
0.51
0.54
0.40
0.43
0.40
0.38
0.51
0.51
0.52
0.52
0.44
0.51
0.45
0.49
0.40
0.38
0.38
0.42
0.52
0.41
0.38
0.42
1.39
1.37
1.38
3.20
CorWatt	PkgWatt
20.50	131.99
0.56	132.00
0.46
0.53
0.47
0.53
0.50
0.51
0.54
0.40
0.48
0.39
0.39
0.51
0.52
0.51
0.54
0.47
0.48
0.47
0.47
0.42
0.38
0.40
0.44
0.52
0.43
0.40
0.42
1.68
1.37
1.38
2.93
CorWatt	PkgWatt
20.05	131.70
0.52	131.69
0.44
0.49
0.44
0.50
0.53
0.49
0.54
0.39
0.43
0.38
0.38
0.51
0.51
0.50
0.52
0.46
0.48
0.47
0.47
0.40
0.38
0.38
0.42
0.51
0.39
0.37
0.41
1.39
1.37
1.38
3.22
CorWatt	PkgWatt
19.97	131.77
0.58	131.77
0.48
0.54
0.50
0.52
0.53
0.55
0.61
0.43
0.48
0.45
0.42
0.58
0.59
0.76
0.61
0.52
0.54
0.54
0.56
0.47
0.45
0.76
0.47
0.61
0.47
0.44
0.47
2.02
1.01
0.99
1.02
CorWatt	PkgWatt
16.42	128.78
0.55	128.78
0.46
0.46
0.44
0.49
0.50
0.51
0.57
0.96
0.65
0.59
0.79
0.53
0.54
0.64
0.54
0.49
0.47
0.47
0.52
0.42
0.38
0.39
0.42
0.36
0.39
0.37
0.35
0.54
0.51
0.52
0.59
CorWatt	PkgWatt
16.40	128.55
0.54	128.55
0.46
0.45
0.47
0.49
0.50
0.49
0.57
1.05
0.68
0.63
0.65
0.52
0.52
0.62
0.53
0.49
0.48
0.47
0.52
0.40
0.39
0.38
0.43
0.40
0.39
0.38
0.37
0.53
0.52
0.51
0.57
CorWatt	PkgWatt
16.17	128.34
0.54	128.34
0.44
0.45
0.44
0.49
0.49
0.48
0.55
1.05
0.67
0.63
0.64
0.54
0.54
0.62
0.53
0.49
0.47
0.45
0.52
0.40
0.38
0.39
0.42
0.35
0.38
0.37
0.35
0.52
0.50
0.51
0.58
CorWatt	PkgWatt
16.38	128.60
0.55	128.61
0.44
0.44
0.47
0.49
0.50
0.49
0.56
1.02
0.67
0.64
0.70
0.54
0.57
0.62
0.56
0.48
0.47
0.48
0.53
0.40
0.38
0.38
0.42
0.37
0.38
0.36
0.37
0.53
0.51
0.50
0.56
CorWatt	PkgWatt
16.31	128.78
0.54	128.77
0.44
0.46
0.46
0.49
0.49
0.48
0.55
1.27
0.64
0.60
0.63
0.52
0.53
0.62
0.53
0.48
0.46
0.45
0.53
0.41
0.38
0.39
0.42
0.35
0.38
0.36
0.35
0.52
0.51
0.51
0.55
CorWatt	PkgWatt
18.76	133.34
0.56	133.35
0.44
0.45
0.44
0.49
0.50
0.49
0.54
4.28
0.44
0.40
0.43
0.51
0.53
0.60
0.54
0.49
0.47
0.48
0.53
0.40
0.39
0.39
0.45
0.37
0.38
0.37
0.36
0.52
0.51
0.51
0.51
CorWatt	PkgWatt
18.70	133.27
0.54	133.28
0.46
0.44
0.45
0.48
0.49
0.48
0.55
4.28
0.46
0.40
0.43
0.52
0.52
0.61
0.52
0.48
0.46
0.46
0.53
0.41
0.38
0.38
0.46
0.35
0.37
0.36
0.35
0.52
0.52
0.51
0.52
CorWatt	PkgWatt
19.01	133.68
0.58	133.68
0.47
0.46
0.48
0.49
0.50
0.51
0.55
4.28
0.49
0.41
0.41
0.51
0.53
0.61
0.54
0.48
0.48
0.46
0.51
0.40
0.38
0.38
0.42
0.43
0.37
0.38
0.36
0.56
0.54
0.53
0.54
CorWatt	PkgWatt
18.63	133.24
0.55	133.23
0.48
0.46
0.45
0.49
0.50
0.48
0.55
4.28
0.44
0.38
0.40
0.51
0.52
0.61
0.52
0.48
0.47
0.45
0.51
0.42
0.40
0.38
0.42
0.35
0.35
0.36
0.35
0.53
0.51
0.51
0.52
CorWatt	PkgWatt
18.97	133.59
0.55	133.59
0.47
0.48
0.45
0.50
0.52
0.50
0.55
4.28
0.45
0.40
0.42
0.52
0.52
0.61
0.53
0.49
0.51
0.49
0.54
0.41
0.41
0.40
0.43
0.36
0.37
0.37
0.36
0.53
0.53
0.52
0.51
CorWatt	PkgWatt
18.72	133.36
0.56	133.36
0.48
0.47
0.45
0.49
0.50
0.49
0.56
4.28
0.45
0.38
0.40
0.52
0.52
0.61
0.56
0.47
0.47
0.46
0.51
0.40
0.38
0.38
0.42
0.37
0.36
0.37
0.35
0.53
0.51
0.51
0.52
CorWatt	PkgWatt
18.75	133.58
0.55	133.57
0.46
0.47
0.46
0.49
0.51
0.51
0.58
4.28
0.45
0.38
0.41
0.51
0.52
0.60
0.54
0.48
0.47
0.46
0.52
0.40
0.38
0.40
0.43
0.35
0.36
0.37
0.36
0.52
0.52
0.50
0.50
CorWatt	PkgWatt
18.65	133.39
0.54	133.39
0.46
0.45
0.44
0.49
0.50
0.48
0.54
4.28
0.44
0.39
0.41
0.51
0.52
0.61
0.53
0.48
0.48
0.45
0.52
0.40
0.38
0.39
0.42
0.36
0.36
0.37
0.36
0.52
0.52
0.53
0.52
CorWatt	PkgWatt
18.93	133.50
0.58	133.50
0.49
0.45
0.46
0.49
0.52
0.49
0.57
4.28
0.45
0.39
0.42
0.52
0.54
0.62
0.53
0.48
0.49
0.47
0.51
0.40
0.39
0.39
0.42
0.41
0.37
0.38
0.36
0.52
0.52
0.51
0.51
CorWatt	PkgWatt
18.64	133.52
0.56	133.51
0.46
0.45
0.44
0.49
0.50
0.48
0.54
4.28
0.46
0.40
0.42
0.52
0.52
0.60
0.52
0.48
0.47
0.45
0.52
0.41
0.38
0.38
0.41
0.36
0.35
0.36
0.35
0.52
0.51
0.51
0.52
CorWatt	PkgWatt
18.81	133.41
0.56	133.41
0.46
0.45
0.44
0.51
0.51
0.50
0.57
4.28
0.45
0.39
0.41
0.54
0.52
0.61
0.54
0.48
0.48
0.47
0.52
0.40
0.41
0.39
0.43
0.38
0.36
0.37
0.35
0.52
0.51
0.50
0.50
CorWatt	PkgWatt
18.91	133.48
0.56	133.48
0.46
0.47
0.48
0.49
0.50
0.49
0.56
4.28
0.45
0.39
0.41
0.54
0.52
0.62
0.56
0.48
0.50
0.45
0.53
0.43
0.40
0.38
0.44
0.36
0.38
0.36
0.35
0.52
0.51
0.51
0.52
CorWatt	PkgWatt
18.48	130.79
0.68	130.80
0.58
0.86
0.59
0.59
0.57
0.55
1.12
0.74
0.56
0.48
0.49
0.59
0.62
0.67
0.65
0.54
0.55
0.51
0.54
0.48
0.45
0.44
0.47
0.48
0.46
0.47
0.47
0.57
0.57
0.56
0.56
CorWatt	PkgWatt
16.45	128.88
0.75	128.87
0.69
1.20
0.68
0.50
0.50
0.49
0.63
0.38
0.45
0.39
0.41
0.51
0.51
0.50
0.52
0.49
0.49
0.47
0.49
0.41
0.39
0.39
0.43
0.44
0.39
0.39
0.42
0.54
0.52
0.53
0.56
CorWatt	PkgWatt
16.60	128.84
0.76	128.83
0.68
1.19
0.70
0.52
0.52
0.50
0.63
0.40
0.46
0.40
0.39
0.52
0.54
0.52
0.54
0.46
0.51
0.48
0.49
0.41
0.41
0.39
0.43
0.46
0.41
0.38
0.43
0.52
0.52
0.52
0.51
CorWatt	PkgWatt
16.31	128.67
0.75	128.67
0.69
1.18
0.69
0.49
0.50
0.49
0.62
0.38
0.44
0.38
0.38
0.51
0.52
0.51
0.53
0.45
0.48
0.47
0.48
0.41
0.39
0.38
0.42
0.45
0.41
0.39
0.41
0.52
0.51
0.54
0.54
CorWatt	PkgWatt
16.34	128.67
0.82	128.67
0.69
1.12
0.70
0.50
0.52
0.50
0.61
0.40
0.44
0.38
0.39
0.50
0.52
0.52
0.53
0.48
0.50
0.47
0.47
0.41
0.41
0.38
0.43
0.43
0.39
0.37
0.41
0.52
0.52
0.51
0.51
CorWatt	PkgWatt
16.64	129.13
1.14	129.13
0.70
1.18
0.69
0.49
0.50
0.49
0.61
0.39
0.43
0.39
0.38
0.50
0.55
0.50
0.57
0.45
0.49
0.46
0.47
0.41
0.39
0.39
0.42
0.43
0.39
0.37
0.41
0.52
0.51
0.51
0.52
CorWatt	PkgWatt
17.81	130.43
3.11	130.43
0.65
0.62
0.58
0.49
0.50
0.49
0.60
0.39
0.43
0.38
0.38
0.50
0.51
0.50
0.52
0.45
0.49
0.49
0.50
0.41
0.40
0.38
0.42
0.43
0.41
0.37
0.40
0.51
0.51
0.50
0.50
CorWatt	PkgWatt
17.79	130.44
3.08	130.45
0.66
0.64
0.59
0.49
0.51
0.49
0.61
0.38
0.43
0.39
0.38
0.50
0.51
0.50
0.52
0.45
0.49
0.45
0.48
0.41
0.39
0.39
0.41
0.42
0.39
0.36
0.40
0.52
0.50
0.51
0.52
CorWatt	PkgWatt
18.02	130.74
3.09	130.75
0.64
0.63
0.59
0.50
0.51
0.49
0.61
0.40
0.45
0.40
0.38
0.51
0.52
0.52
0.53
0.45
0.49
0.49
0.49
0.41
0.39
0.39
0.42
0.47
0.41
0.39
0.40
0.52
0.51
0.51
0.52
CorWatt	PkgWatt
17.89	130.44
3.11	130.45
0.63
0.62
0.59
0.50
0.50
0.49
0.60
0.38
0.44
0.41
0.38
0.50
0.51
0.51
0.53
0.45
0.51
0.45
0.49
0.41
0.39
0.38
0.41
0.43
0.40
0.38
0.43
0.52
0.51
0.51
0.52
CorWatt	PkgWatt
18.17	130.70
0.72	130.70
0.60
3.07
0.60
0.50
0.50
0.49
0.61
0.38
0.48
0.40
0.38
0.50
0.52
0.50
0.56
0.46
0.48
0.46
0.47
0.42
0.40
0.40
0.42
0.44
0.42
0.39
0.42
0.53
0.55
0.55
0.52
CorWatt	PkgWatt
17.89	130.71
3.09	130.70
0.63
0.65
0.58
0.50
0.54
0.49
0.59
0.39
0.44
0.38
0.38
0.51
0.51
0.50
0.52
0.47
0.49
0.47
0.47
0.42
0.39
0.38
0.41
0.43
0.39
0.37
0.42
0.53
0.51
0.52
0.53
CorWatt	PkgWatt
18.09	130.54
2.18	130.54
0.65
1.63
0.60
0.50
0.51
0.50
0.61
0.39
0.45
0.40
0.38
0.50
0.53
0.54
0.55
0.46
0.50
0.47
0.48
0.41
0.40
0.39
0.42
0.42
0.39
0.37
0.42
0.52
0.51
0.51
0.51
CorWatt	PkgWatt
17.92	130.53
3.09	130.53
0.67
0.64
0.59
0.50
0.50
0.49
0.61
0.39
0.46
0.39
0.39
0.52
0.54
0.50
0.54
0.45
0.47
0.46
0.47
0.41
0.40
0.38
0.41
0.44
0.39
0.36
0.40
0.52
0.51
0.51
0.52
CorWatt	PkgWatt
17.86	130.49
3.08	130.49
0.66
0.60
0.61
0.51
0.51
0.49
0.62
0.40
0.46
0.40
0.40
0.50
0.52
0.50
0.52
0.45
0.48
0.46
0.47
0.40
0.39
0.38
0.41
0.45
0.39
0.36
0.41
0.51
0.51
0.50
0.50
CorWatt	PkgWatt
17.93	130.64
0.71	130.63
0.64
3.08
0.60
0.50
0.50
0.51
0.62
0.39
0.43
0.40
0.38
0.51
0.52
0.50
0.54
0.46
0.48
0.46
0.47
0.41
0.39
0.39
0.41
0.42
0.39
0.36
0.40
0.52
0.51
0.51
0.52
CorWatt	PkgWatt
18.61	131.02
0.73	131.04
0.66
3.07
0.64
0.50
0.51
0.50
0.62
0.40
0.48
0.42
0.43
0.55
0.57
0.52
0.54
0.50
0.53
0.53
0.52
0.41
0.39
0.39
0.42
0.49
0.44
0.37
0.46
0.52
0.51
0.51
0.51
CorWatt	PkgWatt
17.50	129.94
1.46	129.94
0.61
1.44
0.57
0.74
0.52
0.50
0.63
0.38
0.44
0.43
0.40
0.53
0.52
0.51
0.54
0.45
0.47
0.49
0.50
0.44
0.41
0.38
0.42
0.45
0.41
0.39
0.42
0.52
0.51
0.51
0.52
CorWatt	PkgWatt
17.86	130.09
0.78	130.08
0.71
0.89
1.01
0.90
0.55
0.55
0.55
0.46
0.52
0.44
0.44
0.56
0.57
0.57
0.59
0.50
0.53
0.53
0.51
0.46
0.44
0.43
0.46
0.45
0.43
0.40
0.44
0.56
0.55
0.54
0.55
CorWatt	PkgWatt
16.40	128.73
0.77	128.73
0.71
0.70
1.21
0.62
0.50
0.49
0.49
0.39
0.48
0.40
0.40
0.51
0.52
0.52
0.52
0.45
0.47
0.47
0.47
0.42
0.39
0.39
0.44
0.42
0.40
0.37
0.42
0.52
0.51
0.51
0.52
CorWatt	PkgWatt
16.89	129.00
0.78	129.01
0.73
0.96
1.02
0.62
0.52
0.52
0.50
0.39
0.51
0.41
0.39
0.50
0.53
0.52
0.57
0.49
0.49
0.49
0.47
0.41
0.39
0.38
0.43
0.47
0.41
0.37
0.43
0.56
0.56
0.54
0.53
CorWatt	PkgWatt
16.33	128.64
0.77	128.63
0.72
0.70
1.26
0.60
0.50
0.49
0.49
0.39
0.46
0.38
0.38
0.50
0.52
0.50
0.52
0.45
0.47
0.47
0.47
0.43
0.40
0.38
0.42
0.44
0.40
0.37
0.41
0.52
0.51
0.51
0.52
CorWatt	PkgWatt
16.27	128.74
0.76	128.74
0.71
0.70
1.26
0.60
0.50
0.49
0.49
0.38
0.44
0.39
0.38
0.50
0.51
0.50
0.51
0.46
0.49
0.48
0.49
0.40
0.39
0.39
0.41
0.43
0.39
0.37
0.42
0.51
0.52
0.50
0.50
CorWatt	PkgWatt
17.78	130.45
0.60	130.46
0.57
0.52
3.03
0.61
0.51
0.51
0.49
0.39
0.44
0.39
0.39
0.52
0.52
0.52
0.54
0.46
0.48
0.48
0.48
0.42
0.41
0.39
0.42
0.43
0.40
0.37
0.41
0.53
0.52
0.52
0.52
CorWatt	PkgWatt
17.90	130.70
0.54	130.70
0.53
0.48
3.29
0.60
0.52
0.53
0.52
0.39
0.44
0.38
0.39
0.50
0.54
0.50
0.52
0.47
0.48
0.48
0.47
0.40
0.39
0.41
0.44
0.42
0.40
0.38
0.41
0.52
0.53
0.51
0.51
CorWatt	PkgWatt
17.61	130.56
0.52	130.56
0.53
0.46
3.29
0.60
0.51
0.49
0.49
0.38
0.45
0.38
0.38
0.50
0.52
0.50
0.52
0.45
0.47
0.46
0.46
0.41
0.38
0.39
0.41
0.42
0.40
0.38
0.40
0.52
0.51
0.51
0.51
CorWatt	PkgWatt
17.68	130.71
0.56	130.70
0.51
0.46
3.29
0.59
0.51
0.49
0.52
0.39
0.44
0.38
0.38
0.50
0.51
0.50
0.56
0.46
0.47
0.48
0.46
0.40
0.38
0.38
0.41
0.45
0.39
0.36
0.40
0.52
0.51
0.50
0.50
CorWatt	PkgWatt
17.60	130.60
0.54	130.60
0.48
0.45
3.29
0.60
0.50
0.49
0.49
0.39
0.44
0.40
0.39
0.51
0.51
0.50
0.54
0.45
0.46
0.46
0.47
0.41
0.38
0.38
0.42
0.42
0.39
0.36
0.40
0.52
0.51
0.52
0.52
CorWatt	PkgWatt
17.87	130.74
0.57	130.74
0.50
0.47
3.29
0.60
0.52
0.51
0.51
0.38
0.43
0.39
0.38
0.53
0.53
0.51
0.53
0.47
0.47
0.47
0.47
0.42
0.42
0.40
0.45
0.43
0.40
0.38
0.40
0.52
0.51
0.51
0.51
CorWatt	PkgWatt
17.73	130.65
0.56	130.65
0.50
0.49
3.29
0.60
0.50
0.49
0.51
0.39
0.44
0.38
0.38
0.53
0.52
0.52
0.52
0.45
0.48
0.47
0.47
0.43
0.39
0.38
0.42
0.41
0.39
0.36
0.40
0.53
0.51
0.51
0.52
CorWatt	PkgWatt
17.62	130.72
0.56	130.72
0.47
0.48
3.29
0.61
0.50
0.49
0.50
0.38
0.47
0.39
0.38
0.50
0.52
0.50
0.53
0.46
0.49
0.47
0.46
0.40
0.38
0.38
0.41
0.41
0.39
0.38
0.40
0.51
0.51
0.50
0.50
CorWatt	PkgWatt
17.75	130.60
0.56	130.60
0.47
0.47
3.29
0.61
0.50
0.49
0.50
0.38
0.44
0.38
0.39
0.50
0.51
0.50
0.52
0.45
0.46
0.48
0.48
0.41
0.38
0.39
0.42
0.43
0.41
0.39
0.41
0.53
0.51
0.53
0.54
CorWatt	PkgWatt
17.97	130.89
0.56	130.89
0.47
0.48
3.29
0.61
0.53
0.50
0.53
0.40
0.43
0.38
0.39
0.50
0.52
0.50
0.57
0.47
0.49
0.50
0.49
0.41
0.39
0.40
0.43
0.46
0.41
0.38
0.40
0.53
0.51
0.52
0.52
CorWatt	PkgWatt
17.68	130.76
0.56	130.76
0.47
0.47
3.29
0.60
0.50
0.49
0.49
0.38
0.43
0.38
0.38
0.50
0.51
0.50
0.54
0.45
0.47
0.47
0.47
0.41
0.39
0.38
0.41
0.41
0.41
0.39
0.42
0.52
0.51
0.53
0.53
CorWatt	PkgWatt
17.68	130.84
0.57	130.84
0.47
0.47
3.29
0.58
0.50
0.49
0.50
0.41
0.45
0.38
0.39
0.52
0.52
0.53
0.52
0.47
0.48
0.48
0.47
0.40
0.40
0.39
0.41
0.41
0.39
0.37
0.42
0.51
0.51
0.50
0.50
CorWatt	PkgWatt
18.47	131.19
0.67	131.20
0.88
0.61
1.18
1.14
0.60
0.57
0.57
0.45
0.52
0.46
0.44
0.57
0.60
0.58
0.60
0.53
0.53
0.51
0.52
0.49
0.49
0.46
0.51
0.47
0.45
0.41
0.43
0.57
0.55
0.56
0.56
CorWatt	PkgWatt
17.17	129.52
0.84	129.51
1.60
0.82
0.80
0.62
0.51
0.51
0.50
0.39
0.44
0.38
0.38
0.51
0.52
0.51
0.53
0.48
0.49
0.50
0.50
0.41
0.39
0.39
0.47
0.44
0.42
0.38
0.36
0.52
0.52
0.51
0.51
CorWatt	PkgWatt
16.98	129.49
0.84	129.49
0.87
1.49
0.79
0.62
0.52
0.50
0.49
0.39
0.45
0.39
0.40
0.51
0.51
0.50
0.54
0.45
0.49
0.47
0.50
0.42
0.40
0.39
0.42
0.42
0.39
0.42
0.35
0.53
0.52
0.51
0.52
CorWatt	PkgWatt
16.98	129.27
0.84	129.27
1.59
0.82
0.79
0.62
0.51
0.49
0.49
0.39
0.45
0.38
0.38
0.50
0.52
0.52
0.53
0.46
0.47
0.48
0.48
0.41
0.40
0.38
0.42
0.46
0.41
0.42
0.35
0.51
0.51
0.50
0.50
CorWatt	PkgWatt
17.01	129.28
0.84	129.28
1.59
0.83
0.80
0.61
0.51
0.49
0.49
0.39
0.44
0.39
0.39
0.50
0.51
0.51
0.52
0.45
0.50
0.46
0.50
0.42
0.39
0.39
0.42
0.42
0.41
0.42
0.37
0.51
0.51
0.51
0.51
CorWatt	PkgWatt
17.65	129.81
0.86	129.82
1.59
0.85
0.81
0.60
0.51
0.50
0.50
0.41
0.50
0.41
0.40
0.52
0.53
0.50
0.55
0.49
0.50
0.49
0.51
0.43
0.40
0.41
0.44
0.47
0.44
0.45
0.38
0.54
0.57
0.56
0.53
CorWatt	PkgWatt
17.79	130.08
0.95	130.07
2.05
0.97
0.91
0.62
0.54
0.49
0.49
0.40
0.44
0.38
0.38
0.51
0.51
0.50
0.52
0.47
0.48
0.48
0.48
0.41
0.39
0.38
0.42
0.43
0.40
0.41
0.35
0.52
0.52
0.51
0.52
CorWatt	PkgWatt
20.21	132.11
1.29	132.10
3.44
1.30
1.27
0.61
0.50
0.49
0.49
0.38
0.45
0.40
0.38
0.50
0.53
0.53
0.54
0.46
0.48
0.47
0.48
0.40
0.39
0.38
0.42
0.43
0.39
0.41
0.35
0.53
0.51
0.50
0.50
CorWatt	PkgWatt
20.42	132.30
1.29	132.30
2.86
1.76
1.27
0.61
0.51
0.50
0.50
0.40
0.47
0.41
0.40
0.54
0.55
0.51
0.58
0.47
0.48
0.50
0.48
0.42
0.41
0.39
0.43
0.42
0.40
0.41
0.36
0.52
0.52
0.53
0.52
CorWatt	PkgWatt
20.00	131.95
1.29	131.94
1.50
2.89
1.27
0.61
0.51
0.50
0.52
0.40
0.46
0.40
0.40
0.50
0.52
0.50
0.54
0.46
0.47
0.48
0.49
0.41
0.40
0.39
0.42
0.44
0.39
0.41
0.35
0.52
0.52
0.51
0.51
CorWatt	PkgWatt
20.09	132.10
1.29	132.10
3.04
1.62
1.27
0.62
0.50
0.51
0.49
0.38
0.44
0.39
0.38
0.51
0.52
0.50
0.53
0.46
0.47
0.46
0.47
0.41
0.39
0.39
0.42
0.42
0.39
0.42
0.35
0.51
0.51
0.51
0.52
CorWatt	PkgWatt
20.37	132.24
1.29	132.24
3.33
1.39
1.28
0.62
0.51
0.49
0.50
0.39
0.44
0.41
0.40
0.55
0.56
0.52
0.54
0.48
0.48
0.51
0.48
0.40
0.39
0.38
0.42
0.44
0.39
0.41
0.37
0.51
0.51
0.50
0.50
CorWatt	PkgWatt
20.22	132.16
1.29	132.15
3.44
1.29
1.28
0.62
0.51
0.50
0.49
0.38
0.45
0.39
0.39
0.51
0.52
0.50
0.53
0.45
0.47
0.49
0.49
0.42
0.40
0.39
0.42
0.42
0.39
0.40
0.35
0.51
0.51
0.51
0.52
CorWatt	PkgWatt
20.01	132.08
1.29	132.08
2.14
1.29
2.34
0.62
0.51
0.50
0.51
0.39
0.43
0.38
0.39
0.50
0.52
0.50
0.53
0.46
0.47
0.49
0.48
0.41
0.40
0.40
0.43
0.42
0.39
0.41
0.35
0.52
0.51
0.51
0.51
CorWatt	PkgWatt
20.23	132.30
1.29	132.31
1.78
1.29
2.64
0.62
0.50
0.49
0.49
0.39
0.47
0.40
0.40
0.54
0.54
0.50
0.55
0.48
0.49
0.50
0.47
0.45
0.42
0.42
0.44
0.43
0.39
0.43
0.36
0.51
0.51
0.51
0.52
CorWatt	PkgWatt
20.08	131.97
1.29	131.97
1.30
1.29
3.03
0.63
0.50
0.51
0.50
0.38
0.50
0.41
0.38
0.50
0.54
0.50
0.53
0.46
0.48
0.47
0.48
0.40
0.40
0.39
0.42
0.47
0.41
0.41
0.35
0.56
0.55
0.53
0.53
CorWatt	PkgWatt
19.98	132.19
2.65	132.19
1.34
1.30
1.65
0.62
0.50
0.50
0.50
0.39
0.45
0.38
0.39
0.51
0.52
0.51
0.53
0.48
0.48
0.48
0.50
0.45
0.43
0.39
0.42
0.43
0.39
0.41
0.35
0.52
0.51
0.51
0.52
CorWatt	PkgWatt
18.90	131.25
2.15	131.24
1.51
1.13
1.08
0.60
0.51
0.50
0.50
0.40
0.44
0.38
0.40
0.50
0.52
0.50
0.52
0.48
0.50
0.51
0.50
0.41
0.40
0.39
0.42
0.44
0.40
0.41
0.35
0.52
0.51
0.51
0.51
CorWatt	PkgWatt
20.56	135.30
0.78	135.32
0.54
0.58
0.52
0.67
0.60
0.61
3.57
0.45
0.50
0.43
0.43
0.54
0.56
0.57
0.60
0.53
0.54
0.54
0.56
0.48
0.50
0.46
0.47
0.49
0.46
0.45
0.47
0.59
0.58
0.57
0.90
CorWatt	PkgWatt
20.51	138.11
0.59	138.10
0.48
0.55
0.46
0.54
0.52
0.53
5.92
0.39
0.46
0.39
0.40
0.50
0.51
0.50
0.52
0.46
0.47
0.47
0.48
0.42
0.40
0.40
0.44
0.42
0.41
0.39
0.42
0.52
0.53
0.52
0.51
CorWatt	PkgWatt
20.30	138.16
0.58	138.16
0.47
0.52
0.45
0.55
0.52
0.50
5.92
0.39
0.45
0.39
0.38
0.51
0.52
0.50
0.52
0.45
0.47
0.46
0.48
0.41
0.39
0.39
0.42
0.42
0.39
0.37
0.42
0.51
0.51
0.51
0.53
CorWatt	PkgWatt
20.48	138.27
0.60	138.27
0.50
0.52
0.45
0.54
0.53
0.52
5.91
0.39
0.45
0.38
0.39
0.51
0.52
0.50
0.53
0.47
0.48
0.50
0.48
0.41
0.39
0.39
0.42
0.44
0.40
0.37
0.42
0.52
0.51
0.51
0.52
CorWatt	PkgWatt
20.29	138.13
0.58	138.13
0.45
0.51
0.45
0.54
0.51
0.50
5.93
0.40
0.46
0.40
0.42
0.51
0.51
0.50
0.53
0.45
0.47
0.46
0.47
0.41
0.39
0.38
0.42
0.42
0.41
0.37
0.39
0.51
0.51
0.51
0.52
CorWatt	PkgWatt
20.49	138.46
0.59	138.46
0.46
0.51
0.44
0.54
0.53
0.52
5.92
0.39
0.44
0.39
0.38
0.53
0.51
0.50
0.60
0.47
0.47
0.48
0.48
0.42
0.43
0.41
0.44
0.44
0.41
0.38
0.39
0.52
0.51
0.50
0.51
CorWatt	PkgWatt
20.39	138.21
0.57	138.21
0.51
0.50
0.49
0.54
0.52
0.50
5.92
0.40
0.45
0.38
0.38
0.53
0.52
0.51
0.54
0.45
0.48
0.46
0.48
0.42
0.40
0.38
0.42
0.41
0.41
0.37
0.39
0.51
0.52
0.52
0.52
CorWatt	PkgWatt
20.46	138.47
0.58	138.46
0.49
0.47
0.45
0.54
0.52
0.51
5.92
0.40
0.51
0.40
0.38
0.51
0.52
0.50
0.53
0.46
0.48
0.47
0.48
0.41
0.40
0.40
0.43
0.42
0.42
0.37
0.40
0.52
0.51
0.51
0.51
CorWatt	PkgWatt
20.60	138.42
0.58	138.42
0.51
0.48
0.46
0.54
0.52
0.51
5.93
0.38
0.46
0.38
0.39
0.53
0.52
0.50
0.52
0.45
0.47
0.49
0.49
0.42
0.41
0.40
0.44
0.45
0.43
0.39
0.41
0.54
0.52
0.53
0.55
CorWatt	PkgWatt
20.39	138.47
0.58	138.47
0.49
0.46
0.44
0.56
0.54
0.50
5.92
0.38
0.45
0.38
0.39
0.51
0.51
0.50
0.52
0.46
0.49
0.49
0.49
0.40
0.39
0.38
0.42
0.48
0.42
0.38
0.40
0.52
0.51
0.51
0.51
CorWatt	PkgWatt
20.37	138.30
0.58	138.30
0.50
0.46
0.46
0.54
0.52
0.51
5.92
0.39
0.45
0.38
0.38
0.51
0.51
0.51
0.54
0.47
0.47
0.47
0.47
0.41
0.40
0.39
0.43
0.42
0.42
0.39
0.40
0.52
0.51
0.53
0.54
CorWatt	PkgWatt
20.56	138.58
0.60	138.58
0.49
0.47
0.45
0.56
0.54
0.51
5.92
0.42
0.46
0.39
0.39
0.52
0.52
0.51
0.56
0.48
0.49
0.48
0.48
0.41
0.42
0.39
0.42
0.42
0.43
0.38
0.39
0.53
0.51
0.52
0.51
CorWatt	PkgWatt
20.30	138.36
0.61	138.36
0.48
0.47
0.47
0.54
0.52
0.50
5.93
0.38
0.46
0.40
0.38
0.52
0.52
0.50
0.52
0.45
0.47
0.46
0.47
0.41
0.39
0.40
0.42
0.42
0.41
0.37
0.39
0.52
0.51
0.52
0.52
CorWatt	PkgWatt
20.32	138.56
0.61	138.55
0.46
0.46
0.44
0.54
0.52
0.51
5.92
0.39
0.45
0.38
0.38
0.52
0.52
0.50
0.51
0.46
0.48
0.49
0.50
0.40
0.39
0.39
0.42
0.44
0.42
0.37
0.40
0.52
0.51
0.51
0.50
CorWatt	PkgWatt
20.91	138.84
0.62	138.85
0.47
0.49
0.49
0.56
0.52
0.53
5.92
0.41
0.47
0.39
0.40
0.54
0.54
0.51
0.59
0.53
0.50
0.49
0.51
0.44
0.40
0.41
0.44
0.46
0.39
0.39
0.38
0.54
0.53
0.52
0.55
CorWatt	PkgWatt
20.58	138.52
0.61	138.51
0.50
0.47
0.46
0.56
0.52
0.51
5.92
0.40
0.46
0.38
0.38
0.52
0.53
0.52
0.56
0.48
0.48
0.48
0.49
0.41
0.40
0.40
0.43
0.48
0.38
0.39
0.37
0.53
0.52
0.51
0.51
CorWatt	PkgWatt
20.43	138.64
0.61	138.64
0.50
0.48
0.46
0.54
0.52
0.51
5.92
0.38
0.46
0.38
0.40
0.51
0.51
0.52
0.58
0.45
0.50
0.47
0.49
0.42
0.40
0.39
0.42
0.42
0.38
0.37
0.38
0.52
0.51
0.52
0.52
CorWatt	PkgWatt
20.17	134.41
0.70	134.42
0.57
0.59
0.58
0.62
0.60
0.59
2.39
0.47
0.55
0.45
0.45
0.58
0.59
0.59
0.65
1.03
0.55
0.53
0.55
0.55
0.50
0.50
0.77
0.51
0.45
0.44
0.45
0.59
0.60
0.60
0.59
CorWatt	PkgWatt
17.78	130.96
0.53	130.97
0.47
0.52
0.45
0.51
0.54
0.50
0.51
0.45
0.44
0.38
0.38
0.52
0.52
0.50
0.52
0.59
0.49
0.48
0.48
0.51
0.43
0.42
3.10
0.36
0.36
0.37
0.36
0.52
0.52
0.52
0.52
CorWatt	PkgWatt
17.96	131.08
0.53	131.06
0.49
0.53
0.48
0.51
0.51
0.50
0.52
0.44
0.46
0.40
0.39
0.51
0.54
0.55
0.55
0.57
0.48
0.49
0.48
0.49
0.44
0.42
3.08
0.38
0.37
0.38
0.38
0.53
0.51
0.52
0.51
CorWatt	PkgWatt
17.70	130.84
0.54	130.83
0.48
0.52
0.46
0.50
0.50
0.49
0.50
0.46
0.46
0.39
0.40
0.53
0.53
0.51
0.53
0.58
0.47
0.48
0.48
0.51
0.43
0.41
3.05
0.36
0.36
0.37
0.35
0.52
0.51
0.52
0.53
CorWatt	PkgWatt
18.02	130.98
0.55	130.98
0.50
0.55
0.47
0.51
0.51
0.50
0.51
0.46
0.46
0.42
0.40
0.51
0.53
0.51
0.54
0.58
0.48
0.49
0.48
0.52
0.47
0.42
3.06
0.38
0.37
0.37
0.38
0.53
0.51
0.52
0.52
CorWatt	PkgWatt
17.71	130.88
0.55	130.90
0.50
0.53
0.48
0.50
0.50
0.50
0.49
0.44
0.44
0.39
0.38
0.52
0.53
0.50
0.57
0.56
0.48
0.46
0.47
0.54
0.44
0.42
3.04
0.35
0.36
0.36
0.36
0.51
0.51
0.51
0.52
CorWatt	PkgWatt
17.94	130.91
0.56	130.89
0.47
0.52
0.47
0.51
0.51
0.49
0.50
0.46
0.45
0.42
0.40
0.56
0.56
0.53
0.54
0.58
0.48
0.49
0.48
0.52
0.45
0.42
3.04
0.38
0.36
0.37
0.37
0.52
0.51
0.51
0.51
CorWatt	PkgWatt
17.55	130.50
0.54	130.50
0.47
0.51
0.47
0.49
0.50
0.49
0.49
0.45
0.44
0.38
0.39
0.51
0.51
0.50
0.52
0.57
0.47
0.48
0.50
0.53
0.43
0.41
3.04
0.35
0.36
0.36
0.35
0.51
0.51
0.51
0.51
CorWatt	PkgWatt
17.58	130.46
0.56	130.46
0.46
0.51
0.48
0.53
0.50
0.48
0.49
0.45
0.43
0.37
0.38
0.52
0.55
0.50
0.52
0.58
0.47
0.48
0.48
0.51
0.42
0.41
3.07
0.35
0.35
0.36
0.35
0.51
0.50
0.50
0.50
CorWatt	PkgWatt
17.49	130.49
0.52	130.49
0.45
0.51
0.45
0.49
0.50
0.49
0.50
0.46
0.47
0.39
0.39
0.50
0.51
0.50
0.52
0.57
0.46
0.47
0.49
0.53
0.43
0.42
3.04
0.35
0.35
0.36
0.35
0.51
0.51
0.51
0.51
CorWatt	PkgWatt
17.99	130.67
0.54	130.67
0.47
0.52
0.50
0.50
0.50
0.51
0.50
0.47
0.49
0.40
0.38
0.50
0.56
0.50
0.54
0.56
0.48
0.48
0.48
0.52
0.43
0.42
3.04
0.38
0.38
0.36
0.39
0.56
0.55
0.54
0.52
CorWatt	PkgWatt
17.35	130.18
0.52	130.17
0.45
0.51
0.44
0.49
0.49
0.48
0.49
0.44
0.45
0.38
0.38
0.50
0.51
0.49
0.51
0.57
0.46
0.46
0.47
0.54
0.44
0.41
3.04
0.35
0.35
0.35
0.35
0.51
0.51
0.51
0.50
CorWatt	PkgWatt
17.39	130.46
0.52	130.46
0.44
0.52
0.45
0.49
0.49
0.48
0.49
0.49
0.44
0.37
0.38
0.51
0.51
0.49
0.51
0.57
0.49
0.49
0.49
0.52
0.42
0.42
3.04
0.35
0.35
0.35
0.35
0.51
0.51
0.50
0.49
CorWatt	PkgWatt
17.35	130.15
0.53	130.15
0.44
0.49
0.49
0.48
0.49
0.49
0.49
0.44
0.44
0.37
0.38
0.51
0.50
0.50
0.51
0.58
0.46
0.47
0.46
0.54
0.42
0.41
3.06
0.35
0.35
0.35
0.35
0.51
0.50
0.51
0.50
CorWatt	PkgWatt
17.67	130.32
0.53	130.32
0.46
0.51
0.49
0.49
0.51
0.52
0.51
0.44
0.44
0.37
0.38
0.50
0.51
0.50
0.53
0.56
0.47
0.48
0.47
0.53
0.44
0.44
3.03
0.36
0.38
0.38
0.40
0.52
0.53
0.51
0.50
CorWatt	PkgWatt
17.25	130.03
0.53	130.03
0.42
0.50
0.44
0.48
0.48
0.48
0.49
0.45
0.44
0.37
0.37
0.50
0.51
0.49
0.52
0.56
0.46
0.47
0.46
0.51
0.42
0.42
3.03
0.35
0.35
0.35
0.35
0.51
0.51
0.51
0.50
CorWatt	PkgWatt
17.32	130.05
0.54	130.05
0.46
0.50
0.43
0.48
0.49
0.49
0.50
0.44
0.44
0.36
0.37
0.50
0.50
0.48
0.50
0.57
0.46
0.48
0.47
0.53
0.45
0.40
3.04
0.35
0.35
0.36
0.37
0.51
0.51
0.50
0.50
CorWatt	PkgWatt
17.19	129.91
0.52	129.91
0.42
0.50
0.44
0.48
0.48
0.48
0.49
0.48
0.45
0.38
0.38
0.51
0.50
0.48
0.51
0.57
0.46
0.46
0.47
0.51
0.42
0.41
2.95
0.35
0.35
0.35
0.35
0.51
0.51
0.50
0.51
CorWatt	PkgWatt
18.36	129.94
0.79	129.96
0.50
0.56
0.51
0.68
1.08
0.71
0.71
0.79
0.51
0.46
0.43
0.58
0.59
0.56
0.59
0.57
0.55
0.55
0.55
0.56
0.50
0.45
0.54
0.41
0.40
0.43
0.40
0.62
0.58
0.58
0.62
CorWatt	PkgWatt
16.40	128.17
0.59	128.15
0.45
0.51
0.47
0.75
1.36
0.75
0.78
0.38
0.45
0.39
0.38
0.52
0.52
0.51
0.51
0.44
0.47
0.45
0.46
0.47
0.38
0.38
0.45
0.35
0.36
0.36
0.35
0.57
0.52
0.51
0.57
CorWatt	PkgWatt
16.37	128.26
0.59	128.25
0.45
0.49
0.43
0.75
0.77
1.38
0.77
0.39
0.51
0.37
0.37
0.50
0.52
0.48
0.54
0.44
0.48
0.47
0.47
0.45
0.38
0.38
0.45
0.35
0.35
0.35
0.35
0.57
0.52
0.50
0.55
CorWatt	PkgWatt
16.38	128.08
0.58	128.08
0.44
0.44
0.47
0.75
1.39
0.76
0.77
0.36
0.44
0.36
0.37
0.50
0.50
0.48
0.50
0.44
0.46
0.47
0.47
0.46
0.42
0.40
0.45
0.37
0.37
0.37
0.36
0.59
0.51
0.53
0.59
CorWatt	PkgWatt
16.52	128.22
0.57	128.22
0.46
0.45
0.46
0.76
1.06
1.13
0.77
0.38
0.46
0.37
0.38
0.51
0.50
0.49
0.50
0.46
0.49
0.48
0.48
0.45
0.45
0.38
0.45
0.37
0.37
0.37
0.39
0.59
0.52
0.51
0.51
CorWatt	PkgWatt
17.14	128.91
0.58	128.91
0.45
0.47
0.50
0.85
1.79
0.88
0.86
0.40
0.46
0.36
0.37
0.50
0.50
0.50
0.50
0.46
0.47
0.47
0.47
0.45
0.48
0.38
0.44
0.35
0.36
0.38
0.35
0.57
0.51
0.52
0.53
CorWatt	PkgWatt
19.43	130.91
0.59	130.91
0.46
0.50
0.44
1.17
2.82
1.30
1.43
0.39
0.45
0.37
0.38
0.50
0.52
0.50
0.51
0.46
0.47
0.46
0.47
0.45
0.45
0.39
0.43
0.35
0.36
0.36
0.35
0.58
0.51
0.51
0.50
CorWatt	PkgWatt
20.34	131.61
0.67	131.62
0.50
0.51
0.50
1.23
1.22
1.22
3.18
0.41
0.47
0.39
0.40
0.54
0.57
0.55
0.58
0.48
0.50
0.50
0.50
0.47
0.43
0.39
0.38
0.38
0.38
0.39
0.38
0.61
0.54
0.54
0.54
CorWatt	PkgWatt
19.82	131.13
0.63	131.13
0.54
0.50
0.44
1.22
1.23
3.18
1.22
0.38
0.44
0.37
0.37
0.50
0.53
0.53
0.52
0.46
0.48
0.50
0.49
0.46
0.46
0.39
0.39
0.37
0.37
0.36
0.35
0.59
0.51
0.51
0.51
CorWatt	PkgWatt
19.75	131.19
0.64	131.19
0.55
0.54
0.46
1.22
1.23
3.19
1.22
0.37
0.45
0.38
0.38
0.50
0.54
0.53
0.51
0.45
0.48
0.46
0.48
0.46
0.44
0.38
0.39
0.35
0.35
0.35
0.35
0.59
0.50
0.51
0.51
CorWatt	PkgWatt
19.53	130.94
0.61	130.92
0.47
0.49
0.44
1.23
1.23
3.19
1.22
0.37
0.45
0.37
0.37
0.50
0.52
0.50
0.51
0.46
0.46
0.49
0.47
0.45
0.43
0.38
0.39
0.37
0.37
0.37
0.38
0.57
0.50
0.50
0.49
CorWatt	PkgWatt
19.40	130.80
0.59	130.80
0.46
0.51
0.43
1.18
1.19
3.20
1.17
0.38
0.44
0.37
0.38
0.52
0.50
0.51
0.51
0.45
0.49
0.45
0.48
0.46
0.46
0.38
0.38
0.35
0.37
0.36
0.36
0.57
0.49
0.51
0.50
CorWatt	PkgWatt
19.90	131.41
0.61	131.42
0.47
0.52
0.46
1.23
1.23
3.19
1.22
0.38
0.48
0.38
0.38
0.50
0.51
0.49
0.54
0.46
0.49
0.46
0.47
0.47
0.43
0.42
0.41
0.37
0.40
0.37
0.38
0.58
0.55
0.54
0.52
CorWatt	PkgWatt
19.39	130.95
0.59	130.94
0.45
0.51
0.43
1.23
1.24
3.20
1.22
0.36
0.43
0.36
0.36
0.50
0.50
0.48
0.50
0.46
0.48
0.47
0.47
0.46
0.45
0.38
0.38
0.35
0.35
0.35
0.35
0.57
0.50
0.50
0.50
CorWatt	PkgWatt
19.52	130.99
0.63	131.00
0.47
0.50
0.48
1.22
1.23
3.20
1.22
0.38
0.45
0.38
0.36
0.49
0.52
0.52
0.52
0.45
0.46
0.45
0.47
0.45
0.44
0.38
0.38
0.35
0.35
0.35
0.35
0.58
0.50
0.50
0.49
CorWatt	PkgWatt
19.40	130.94
0.60	130.94
0.47
0.48
0.49
1.21
1.21
1.30
3.09
0.36
0.45
0.37
0.38
0.51
0.52
0.49
0.52
0.45
0.45
0.46
0.46
0.45
0.43
0.38
0.38
0.35
0.35
0.35
0.35
0.57
0.49
0.50
0.51
CorWatt	PkgWatt
19.53	131.10
0.60	131.10
0.49
0.48
0.49
1.21
1.21
1.87
2.53
0.38
0.44
0.39
0.39
0.50
0.51
0.49
0.51
0.45
0.47
0.46
0.47
0.45
0.43
0.38
0.39
0.36
0.35
0.35
0.37
0.60
0.50
0.50
0.50
CorWatt	PkgWatt
19.17	130.41
0.67	130.45
0.59
0.58
0.55
0.95
0.93
0.95
1.93
0.43
0.49
0.46
0.44
0.64
0.62
0.57
0.59
0.57
0.50
0.48
0.52
0.52
0.48
0.43
0.39
0.39
0.39
0.44
0.40
0.65
0.56
0.54
0.54
