CorWatt	PkgWatt
4.87	153.40
0.09	77.13
0.09
0.09
0.09
0.08
0.08
0.08
0.08
0.08
0.08
0.07
0.08
0.07
0.07
0.14
0.07
0.08
0.08
0.08
0.09
0.09
0.09
0.09
0.09
0.08
0.09
0.08
0.08
0.08
0.08
0.08
0.08
0.07	76.35
0.07
0.07
0.07
0.07
0.07
0.07
0.07
0.06
0.06
0.06
0.06
0.06
0.06
0.06
0.06
0.08
0.07
0.07
0.15
0.07
0.07
0.07
0.07
0.06
0.07
0.06
0.06
0.06
0.06
0.06
0.06
CorWatt	PkgWatt
5.11	152.10
0.14	76.49
0.09
0.09
0.09
0.09
0.09
0.09
0.08
0.09
0.11
0.08
0.09
0.08
0.08
0.08
0.11
0.09
0.10
0.09
0.09
0.10
0.11
0.09
0.09
0.09
0.09
0.10
0.09
0.09
0.08
0.08
0.09
0.07	75.59
0.08
0.07
0.07
0.11
0.11
0.07
0.07
0.06
0.06
0.06
0.06
0.06
0.06
0.06
0.06
0.07
0.07
0.06
0.07
0.07
0.07
0.07
0.07
0.06
0.06
0.06
0.06
0.06
0.06
0.06
0.06
CorWatt	PkgWatt
95.31	256.40
0.50	151.58
1.48
1.62
1.60
1.58
1.61
1.52
1.53
1.72
1.69
1.68
1.72
1.60
1.59
1.49
1.52
1.62
1.62
1.63
1.63
1.67
1.65
1.55
1.56
1.71
1.65
1.67
1.66
1.72
1.77
1.64
3.27
1.67	149.44
1.63
1.63
1.70
1.67
1.67
1.53
1.55
1.70
1.67
1.65
1.67
1.72
1.69
1.57
1.58
1.71
1.66
1.69
1.70
1.76
1.75
1.79
1.62
1.73
1.71
1.71
1.70
1.71
1.70
1.56
1.55
