CorWatt	PkgWatt
15.02	127.30
0.50	127.29
0.49
0.46
0.46
0.50
0.50
0.50
0.49
0.41
0.45
0.40
0.38
0.54
0.55
0.53
0.54
0.49
0.53
0.53
0.46
0.40
0.46
0.40
0.39
0.36
0.37
0.40
0.41
0.54
0.55
0.51
0.51
CorWatt	PkgWatt
15.06	127.03
0.52	127.21
0.52
0.47
0.45
0.52
0.49
0.51
0.48
0.40
0.48
0.40
0.37
0.50
0.53
0.49
0.53
0.49
0.52
0.50
0.46
0.39
0.45
0.38
0.38
0.39
0.40
0.40
0.43
0.58
0.58
0.55
0.54
CorWatt	PkgWatt
18.28	129.98
0.57	129.84
0.56
0.60
0.56
0.59
0.60
0.58
0.57
0.50
0.56
0.46
0.47
0.59
0.58
0.54
0.59
0.63
0.66
0.60
0.58
0.53
0.59
0.62
0.57
0.46
0.54
0.58
0.51
0.61
0.62
0.64
0.62
CorWatt	PkgWatt
15.55	127.76
0.49	127.66
0.44
0.52
0.48
0.52
0.52
0.50
0.50
0.41
0.47
0.50
0.39
0.52
0.52
0.51
0.53
0.51
0.55
0.47
0.48
0.41
0.50
0.58
0.44
0.39
0.43
0.38
0.45
0.53
0.52
0.52
0.55
