CorWatt	PkgWatt
4.56	153.34
0.10	76.81
0.09
0.09
0.09
0.08
0.08
0.08
0.08
0.07
0.07
0.07
0.07
0.07
0.07
0.07
0.07
0.08
0.08
0.08
0.08
0.14
0.08
0.08
0.08
0.07
0.07
0.07
0.07
0.07
0.07
0.07
0.07
0.07	76.38
0.07
0.07
0.07
0.07
0.07
0.06
0.06
0.06
0.06
0.06
0.06
0.06
0.06
0.06
0.06
0.07
0.06
0.06
0.07
0.07
0.07
0.07
0.07
0.07
0.06
0.06
0.06
0.06
0.06
0.06
0.06
CorWatt	PkgWatt
4.76	152.44
0.09	76.08
0.08
0.08
0.09
0.08
0.08
0.08
0.08
0.07
0.07
0.07
0.07
0.07
0.06
0.06
0.06
0.08
0.08
0.08
0.08
0.08
0.08
0.07
0.07
0.07
0.07
0.07
0.07
0.07
0.07
0.07
0.07
0.07	76.27
0.08
0.08
0.08
0.08
0.09
0.07
0.07
0.07
0.06
0.06
0.08
0.06
0.06
0.06
0.08
0.07
0.07
0.07
0.09
0.08
0.07
0.07
0.11
0.08
0.07
0.07
0.07
0.07
0.12
0.07
0.07
CorWatt	PkgWatt
12.19	174.60
0.29	89.11
0.26
0.19
0.22
0.38
0.27
0.13
0.34
0.30
0.14
0.21
0.18
0.52
0.28
0.30
0.28
0.19
0.25
0.13
0.25
0.24
0.25
0.19
0.22
0.25
0.31
0.12
0.18
0.32
0.17
0.13
0.30
0.16	85.77
0.12
0.10
0.16
0.12
0.23
0.16
0.11
0.10
0.16
0.10
0.10
0.11
0.12
0.14
0.18
0.21
0.17
0.15
0.14
0.18
0.14
0.12
0.18
0.11
0.13
0.11
0.13
0.09
0.12
0.16
0.11
CorWatt	PkgWatt
4.96	155.56
0.10	77.79
0.09
0.09
0.10
0.08
0.08
0.08
0.08
0.08
0.07
0.07
0.07
0.07
0.07
0.08
0.08
0.09
0.09
0.09
0.09
0.09
0.08
0.08
0.08
0.07
0.07
0.07
0.07
0.07
0.07
0.07
0.07
0.08	77.69
0.09
0.07
0.08
0.09
0.08
0.08
0.07
0.06
0.12
0.06
0.06
0.06
0.08
0.08
0.06
0.07
0.07
0.07
0.09
0.12
0.08
0.08
0.07
0.08
0.06
0.06
0.06
0.06
0.06
0.08
0.06
CorWatt	PkgWatt
5.21	152.52
0.10	76.18
0.09
0.09
0.10
0.09
0.09
0.08
0.08
0.08
0.08
0.07
0.07
0.08
0.07
0.07
0.07
0.10
0.09
0.09
0.09
0.09
0.08
0.08
0.08
0.08
0.08
0.08
0.08
0.07
0.07
0.07
0.07
0.08	76.27
0.09
0.08
0.07
0.08
0.07
0.07
0.09
0.07
0.08
0.09
0.07
0.07
0.07
0.09
0.07
0.09
0.07
0.08
0.11
0.09
0.08
0.08
0.14
0.07
0.09
0.07
0.07
0.08
0.07
0.07
0.09
CorWatt	PkgWatt
7.27	162.82
0.14	81.72
0.14
0.13
0.13
0.13
0.12
0.12
0.12
0.12
0.12
0.11
0.11
0.13
0.13
0.13
0.13
0.12
0.12
0.12
0.12
0.12
0.12
0.12
0.12
0.11
0.12
0.11
0.11
0.11
0.12
0.12
0.11
0.10	81.22
0.11
0.10
0.12
0.16
0.11
0.11
0.11
0.10
0.09
0.10
0.09
0.09
0.09
0.10
0.11
0.10
0.10
0.10
0.12
0.11
0.11
0.11
0.11
0.10
0.16
0.10
0.10
0.11
0.10
0.09
0.10
CorWatt	PkgWatt
5.38	159.53
0.11	79.72
0.10
0.10
0.11
0.08
0.09
0.09
0.08
0.09
0.08
0.08
0.07
0.07
0.07
0.07
0.07
0.09
0.09
0.09
0.09
0.10
0.08
0.09
0.09
0.08
0.08
0.08
0.08
0.08
0.08
0.08
0.07
0.08	79.74
0.08
0.07
0.09
0.07
0.08
0.09
0.08
0.07
0.06
0.07
0.09
0.08
0.12
0.09
0.08
0.08
0.08
0.09
0.10
0.07
0.08
0.09
0.08
0.08
0.10
0.08
0.08
0.07
0.14
0.08
0.08
CorWatt	PkgWatt
4.99	155.44
0.10	77.72
0.09
0.09
0.10
0.08
0.08
0.08
0.08
0.09
0.07
0.14
0.07
0.07
0.07
0.07
0.07
0.08
0.08
0.08
0.08
0.09
0.08
0.08
0.08
0.07
0.08
0.07
0.07
0.07
0.07
0.07
0.07
0.08	77.69
0.08
0.07
0.11
0.07
0.09
0.07
0.07
0.06
0.08
0.06
0.06
0.07
0.08
0.07
0.06
0.07
0.07
0.07
0.13
0.07
0.07
0.07
0.09
0.07
0.08
0.08
0.07
0.07
0.07
0.07
0.08
CorWatt	PkgWatt
5.14	155.90
0.10	77.95
0.09
0.09
0.10
0.09
0.09
0.09
0.09
0.09
0.08
0.08
0.08
0.08
0.08
0.08
0.08
0.09
0.09
0.09
0.09
0.09
0.08
0.08
0.08
0.08
0.08
0.08
0.08
0.07
0.07
0.07
0.07
0.08	77.91
0.10
0.08
0.08
0.12
0.08
0.07
0.07
0.08
0.07
0.06
0.07
0.07
0.09
0.07
0.07
0.08
0.08
0.08
0.08
0.09
0.07
0.08
0.13
0.07
0.07
0.08
0.07
0.07
0.07
0.08
0.07
CorWatt	PkgWatt
5.04	155.61
0.10	78.24
0.10
0.10
0.11
0.09
0.16
0.09
0.09
0.10
0.08
0.07
0.08
0.07
0.07
0.09
0.07
0.09
0.09
0.11
0.09
0.14
0.10
0.09
0.08
0.08
0.08
0.08
0.08
0.07
0.07
0.08
0.08
0.07	77.42
0.08
0.08
0.07
0.08
0.07
0.07
0.07
0.07
0.06
0.06
0.06
0.06
0.06
0.06
0.06
0.07
0.07
0.08
0.07
0.07
0.07
0.07
0.07
0.07
0.06
0.06
0.06
0.06
0.06
0.06
0.06
CorWatt	PkgWatt
4.93	155.50
0.09	77.79
0.09
0.09
0.10
0.08
0.08
0.08
0.08
0.08
0.08
0.07
0.07
0.07
0.07
0.07
0.07
0.09
0.09
0.09
0.09
0.09
0.08
0.08
0.08
0.07
0.08
0.07
0.08
0.07
0.07
0.07
0.07
0.07	77.69
0.08
0.07
0.07
0.09
0.07
0.07
0.07
0.12
0.07
0.06
0.06
0.07
0.08
0.07
0.06
0.07
0.07
0.09
0.07
0.08
0.07
0.07
0.08
0.10
0.10
0.07
0.07
0.07
0.06
0.06
0.08
CorWatt	PkgWatt
4.83	155.46
0.09	78.05
0.09
0.09
0.11
0.08
0.10
0.09
0.09
0.09
0.09
0.08
0.08
0.08
0.07
0.07
0.14
0.09
0.09
0.09
0.10
0.11
0.09
0.09
0.09
0.08
0.09
0.08
0.08
0.07
0.12
0.08
0.07
0.06	77.38
0.07
0.06
0.06
0.07
0.06
0.06
0.06
0.06
0.06
0.06
0.06
0.06
0.06
0.06
0.06
0.06
0.06
0.07
0.06
0.06
0.06
0.06
0.06
0.06
0.06
0.06
0.06
0.06
0.06
0.06
0.06
CorWatt	PkgWatt
6.66	161.48
0.14	81.27
0.11
0.11
0.13
0.11
0.12
0.14
0.13
0.17
0.13
0.10
0.10
0.15
0.09
0.09
0.12
0.11
0.14
0.13
0.11
0.12
0.11
0.12
0.13
0.15
0.14
0.14
0.10
0.09
0.10
0.12
0.12
0.08	80.20
0.10
0.09
0.09
0.09
0.09
0.09
0.09
0.10
0.08
0.08
0.08
0.09
0.08
0.07
0.07
0.10
0.09
0.10
0.11
0.09
0.08
0.08
0.11
0.08
0.08
0.08
0.08
0.09
0.09
0.08
0.08
