CorWatt	PkgWatt
15.14	127.37
0.53	127.09
0.44
0.52
0.45
0.50
0.53
0.52
0.53
0.42
0.46
0.40
0.38
0.56
0.51
0.53
0.58
0.50
0.51
0.49
0.48
0.40
0.43
0.40
0.40
0.38
0.35
0.40
0.37
0.59
0.54
0.53
0.51
CorWatt	PkgWatt
14.93	127.10
0.50	127.08
0.45
0.51
0.45
0.52
0.53
0.52
0.52
0.41
0.44
0.40
0.38
0.54
0.52
0.50
0.55
0.49
0.50
0.47
0.48
0.39
0.47
0.40
0.44
0.36
0.37
0.39
0.38
0.53
0.50
0.51
0.50
CorWatt	PkgWatt
19.02	130.36
0.59	130.41
0.59
0.64
0.55
0.63
0.73
0.70
0.63
0.58
0.54
0.48
0.45
0.61
0.62
0.66
0.68
0.60
0.59
0.58
0.59
0.61
0.53
0.52
0.52
0.54
0.53
0.56
0.52
0.64
0.67
0.69
0.66
