CorWatt	PkgWatt
42.10	200.36
0.28	105.05
0.28
5.74
0.26
0.21
0.21
0.21
0.21
5.63
0.25
0.24
0.24
0.21
0.21
0.21
0.21
0.27
0.26
0.26
2.12
5.83
0.26
0.26
0.25
0.21
0.21
0.21
0.21
0.19
0.19
0.19
0.19
0.16	95.21
0.16
0.15
0.15
0.16
0.16
0.16
0.16
0.16
0.17
0.15
0.15
0.16
0.15
0.15
0.18
0.20
0.21
0.20
5.70
0.19
0.16
0.17
0.17
5.65
0.20
0.20
0.20
0.15
0.15
0.15
0.15
CorWatt	PkgWatt
42.17	196.00
0.26	102.70
0.25
5.74
0.23
0.18
0.17
0.18
0.17
5.57
0.21
0.20
0.21
0.16
0.16
0.16
0.16
0.23
0.23
0.24
2.89
5.81
0.23
0.26
0.25
0.18
0.17
0.17
0.18
0.16
0.16
0.16
0.16
0.17	94.23
0.25
0.17
0.16
0.20
0.18
0.17
0.19
0.19
0.16
0.15
0.20
0.16
0.16
0.16
0.15
0.20
0.21
0.20
5.70
0.17
0.18
0.21
0.18
5.64
0.19
0.19
0.19
0.18
0.16
0.20
0.18
CorWatt	PkgWatt
48.66	207.01
0.41	102.50
0.20
0.44
0.19
0.38
0.18
0.18
0.37
0.83
0.29
5.30
0.28
0.29
0.20
0.19
0.29
0.39
0.23
0.24
3.55
5.76
0.27
0.24
0.25
0.17
0.17
0.33
0.38
0.38
0.17
0.16
0.35
0.22	103.94
0.23
5.74
0.22
0.25
0.21
0.25
0.23
0.24
0.21
0.18
2.40
0.23
0.22
0.19
0.32
0.20
0.21
0.19
5.75
0.19
0.20
0.22
0.26
5.69
0.20
0.20
0.19
0.19
0.19
0.18
0.19
CorWatt	PkgWatt
39.97	193.45
0.19	94.85
0.18
0.18
0.18
0.17
0.17
0.17
0.17
0.20
0.21
5.55
0.20
0.15
0.15
0.15
0.15
0.21
0.20
0.20
1.89
5.74
0.24
0.22
0.21
0.16
0.24
0.16
0.17
0.16
0.16
0.16
0.16
0.20	97.44
0.21
5.75
0.21
0.16
0.17
0.16
0.16
0.15
0.15
0.15
0.14
0.14
0.15
0.14
0.14
0.19
0.21
0.19
5.71
0.16
0.16
0.17
0.16
5.03
0.20
0.19
0.19
0.15
0.15
0.14
0.15
