CorWatt	PkgWatt
15.30	127.14
0.52	127.16
0.49
0.45
0.44
0.50
0.54
0.50
0.48
0.45
0.52
0.43
0.45
0.56
0.58
0.53
0.54
0.47
0.59
0.51
0.51
0.40
0.39
0.40
0.39
0.37
0.40
0.42
0.36
0.52
0.51
0.53
0.53
CorWatt	PkgWatt
14.83	126.02
0.53	126.91
0.49
0.50
0.43
0.48
0.50
0.50
0.48
0.41
0.49
0.41
0.41
0.53
0.53
0.49
0.51
0.52
0.53
0.50
0.55
0.39
0.38
0.38
0.40
0.36
0.37
0.39
0.37
0.53
0.49
0.53
0.51
CorWatt	PkgWatt
21.03	133.40
0.71	132.47
2.24
0.59
0.83
0.55
0.59
0.56
0.65
0.49
0.55
0.51
0.55
0.62
0.63
0.74
0.62
0.59
0.58
0.66
0.64
0.48
0.48
0.55
0.49
0.51
0.55
0.52
0.55
0.70
0.82
0.70
0.72
CorWatt	PkgWatt
16.33	128.15
0.51	128.13
0.56
0.47
0.43
0.72
0.77
1.23
0.72
0.41
0.48
0.37
0.38
0.52
0.53
0.52
0.51
0.44
0.47
0.48
0.47
0.38
0.39
0.39
0.39
0.37
0.37
0.40
0.36
0.54
0.59
0.60
0.58
CorWatt	PkgWatt
16.54	128.15
0.53	128.15
0.52
0.49
0.52
0.74
1.04
1.00
0.72
0.40
0.51
0.39
0.39
0.50
0.51
0.53
0.51
0.44
0.48
0.48
0.46
0.40
0.40
0.38
0.38
0.38
0.42
0.38
0.37
0.60
0.53
0.59
0.57
CorWatt	PkgWatt
17.00	128.63
0.54	128.69
0.50
0.52
0.57
0.72
0.75
1.29
0.74
0.41
0.50
0.40
0.41
0.57
0.56
0.56
0.56
0.47
0.50
0.48
0.50
0.43
0.41
0.41
0.43
0.37
0.39
0.40
0.39
0.56
0.54
0.59
0.58
CorWatt	PkgWatt
16.27	128.21
0.50	128.16
0.48
0.48
0.54
0.72
0.75
1.31
0.72
0.38
0.45
0.38
0.41
0.51
0.51
0.52
0.53
0.47
0.50
0.48
0.48
0.39
0.38
0.38
0.39
0.36
0.36
0.36
0.36
0.53
0.52
0.54
0.54
CorWatt	PkgWatt
16.31	128.21
0.53	128.21
0.47
0.50
0.55
0.69
0.73
1.63
0.68
0.38
0.43
0.37
0.39
0.50
0.51
0.49
0.51
0.44
0.46
0.51
0.45
0.41
0.38
0.38
0.38
0.36
0.36
0.36
0.35
0.53
0.49
0.57
0.53
CorWatt	PkgWatt
17.53	129.79
0.52	129.79
0.45
0.50
0.52
0.51
0.54
3.28
0.50
0.41
0.43
0.38
0.39
0.51
0.53
0.49
0.51
0.45
0.47
0.48
0.46
0.40
0.40
0.40
0.40
0.37
0.37
0.36
0.37
0.53
0.50
0.56
0.55
CorWatt	PkgWatt
17.33	129.92
0.52	129.91
0.43
0.49
0.53
0.50
0.53
3.28
0.49
0.39
0.43
0.38
0.39
0.51
0.51
0.49
0.51
0.45
0.48
0.48
0.46
0.38
0.39
0.39
0.39
0.37
0.37
0.37
0.36
0.52
0.49
0.53
0.52
CorWatt	PkgWatt
17.16	129.57
0.51	129.58
0.44
0.50
0.54
0.49
0.52
3.28
0.48
0.38
0.42
0.38
0.40
0.50
0.50
0.49
0.51
0.44
0.47
0.48
0.45
0.40
0.40
0.38
0.38
0.36
0.35
0.36
0.35
0.50
0.49
0.51
0.52
CorWatt	PkgWatt
17.05	129.58
0.51	129.58
0.42
0.49
0.52
0.49
0.53
3.28
0.48
0.38
0.42
0.36
0.38
0.50
0.51
0.49
0.51
0.44
0.46
0.47
0.45
0.38
0.38
0.38
0.38
0.36
0.36
0.37
0.35
0.50
0.49
0.52
0.51
CorWatt	PkgWatt
17.44	129.83
0.52	129.84
0.45
0.50
0.54
0.52
0.54
3.28
0.50
0.38
0.42
0.37
0.39
0.51
0.51
0.49
0.51
0.45
0.49
0.48
0.46
0.42
0.38
0.40
0.40
0.37
0.36
0.38
0.36
0.51
0.50
0.52
0.53
CorWatt	PkgWatt
17.23	129.82
0.52	129.82
0.43
0.48
0.52
0.49
0.53
3.28
0.50
0.38
0.42
0.36
0.37
0.51
0.53
0.50
0.52
0.44
0.47
0.47
0.46
0.40
0.38
0.38
0.40
0.37
0.35
0.37
0.35
0.50
0.49
0.56
0.50
CorWatt	PkgWatt
17.21	129.58
0.52	129.58
0.43
0.45
0.54
0.49
0.53
3.28
0.48
0.40
0.47
0.37
0.38
0.50
0.50
0.48
0.50
0.44
0.47
0.48
0.47
0.40
0.40
0.38
0.38
0.37
0.35
0.37
0.35
0.50
0.50
0.54
0.51
CorWatt	PkgWatt
17.14	129.61
0.54	129.61
0.44
0.47
0.53
0.49
0.52
3.28
0.48
0.38
0.43
0.36
0.37
0.49
0.51
0.48
0.50
0.44
0.46
0.48
0.46
0.38
0.38
0.38
0.38
0.38
0.37
0.38
0.36
0.51
0.48
0.53
0.50
CorWatt	PkgWatt
17.33	129.79
0.52	129.79
0.43
0.46
0.52
0.51
0.57
3.28
0.49
0.37
0.42
0.37
0.38
0.50
0.50
0.49
0.51
0.47
0.50
0.48
0.46
0.38
0.38
0.38
0.38
0.41
0.37
0.39
0.36
0.51
0.50
0.53
0.50
CorWatt	PkgWatt
17.32	129.76
0.53	129.76
0.42
0.46
0.52
0.49
0.54
3.28
0.52
0.41
0.42
0.36
0.37
0.52
0.50
0.50
0.51
0.46
0.46
0.47
0.45
0.40
0.40
0.38
0.38
0.40
0.35
0.38
0.37
0.51
0.51
0.53
0.52
CorWatt	PkgWatt
17.04	129.54
0.52	129.54
0.42
0.44
0.52
0.49
0.53
3.28
0.48
0.38
0.42
0.36
0.38
0.50
0.50
0.48
0.50
0.45
0.46
0.47
0.45
0.38
0.38
0.38
0.38
0.37
0.35
0.36
0.35
0.51
0.51
0.55
0.50
CorWatt	PkgWatt
17.14	129.48
0.54	129.47
0.46
0.48
0.54
0.49
0.53
3.21
0.48
0.38
0.42
0.36
0.37
0.49
0.50
0.48
0.50
0.45
0.48
0.47
0.45
0.38
0.38
0.38
0.38
0.37
0.36
0.37
0.35
0.51
0.49
0.58
0.52
CorWatt	PkgWatt
18.12	129.61
0.59	129.63
0.54
0.56
0.57
0.57
0.60
0.61
0.57
0.48
0.71
0.45
0.48
1.10
0.72
0.72
1.05
0.51
0.52
0.52
0.52
0.44
0.43
0.44
0.44
0.42
0.42
0.43
0.41
0.57
0.56
0.59
0.57
CorWatt	PkgWatt
16.47	127.99
0.51	127.98
0.48
0.46
0.45
0.49
0.50
0.50
0.48
0.38
0.52
0.38
0.38
0.91
1.56
0.84
0.87
0.44
0.46
0.47
0.45
0.38
0.38
0.38
0.38
0.37
0.35
0.37
0.35
0.50
0.49
0.52
0.49
CorWatt	PkgWatt
16.55	128.20
0.49	128.20
0.48
0.46
0.42
0.49
0.51
0.49
0.47
0.39
0.54
0.37
0.39
1.10
1.35
0.84
0.87
0.44
0.47
0.48
0.46
0.39
0.38
0.38
0.38
0.37
0.36
0.39
0.35
0.52
0.49
0.53
0.51
CorWatt	PkgWatt
16.68	128.44
0.52	128.45
0.47
0.47
0.44
0.48
0.49
0.48
0.50
0.42
0.53
0.41
0.39
1.34
1.09
0.86
0.87
0.45
0.47
0.47
0.45
0.38
0.38
0.38
0.38
0.37
0.36
0.40
0.37
0.52
0.51
0.53
0.53
CorWatt	PkgWatt
16.71	128.22
0.49	128.22
0.46
0.48
0.44
0.49
0.49
0.49
0.47
0.40
0.56
0.38
0.39
1.52
0.87
0.85
0.87
0.45
0.49
0.48
0.48
0.39
0.41
0.38
0.39
0.36
0.38
0.37
0.36
0.52
0.50
0.58
0.51
CorWatt	PkgWatt
16.43	128.21
0.50	128.21
0.44
0.48
0.43
0.50
0.51
0.49
0.49
0.39
0.53
0.38
0.40
1.52
0.87
0.84
0.87
0.44
0.46
0.47
0.45
0.38
0.38
0.38
0.38
0.35
0.35
0.37
0.35
0.50
0.49
0.55
0.51
CorWatt	PkgWatt
17.95	129.47
0.51	129.48
0.44
0.48
0.43
0.48
0.49
0.49
0.47
0.38
0.53
0.40
0.39
1.36
2.05
1.10
1.10
0.44
0.47
0.47
0.47
0.38
0.38
0.38
0.38
0.35
0.35
0.37
0.35
0.51
0.51
0.52
0.51
CorWatt	PkgWatt
19.61	130.82
0.51	130.82
0.45
0.49
0.43
0.48
0.49
0.47
0.47
0.42
0.54
0.39
0.40
3.14
1.37
1.35
1.37
0.44
0.46
0.47
0.45
0.40
0.38
0.38
0.39
0.35
0.35
0.38
0.35
0.51
0.49
0.52
0.51
CorWatt	PkgWatt
19.73	130.86
0.53	130.86
0.46
0.51
0.43
0.49
0.51
0.50
0.48
0.41
0.51
0.38
0.39
3.13
1.37
1.35
1.37
0.45
0.48
0.49
0.46
0.38
0.39
0.38
0.38
0.36
0.35
0.38
0.36
0.51
0.50
0.52
0.52
CorWatt	PkgWatt
20.00	131.04
0.56	131.05
0.46
0.54
0.46
0.49
0.52
0.49
0.48
0.41
0.51
0.40
0.40
3.05
1.44
1.35
1.37
0.45
0.49
0.50
0.48
0.39
0.39
0.39
0.39
0.37
0.36
0.41
0.37
0.52
0.50
0.54
0.52
CorWatt	PkgWatt
19.74	130.99
0.54	130.99
0.44
0.48
0.43
0.48
0.51
0.48
0.47
0.41
0.54
0.41
0.41
2.30
2.21
1.35
1.37
0.44
0.46
0.49
0.46
0.38
0.39
0.38
0.38
0.35
0.35
0.40
0.35
0.51
0.49
0.55
0.54
CorWatt	PkgWatt
19.66	130.81
0.54	130.80
0.43
0.51
0.44
0.48
0.49
0.47
0.47
0.40
0.54
0.39
0.39
2.75
1.75
1.35
1.37
0.44
0.47
0.49
0.46
0.38
0.38
0.38
0.39
0.36
0.36
0.38
0.35
0.51
0.49
0.54
0.52
CorWatt	PkgWatt
19.85	130.89
0.50	130.88
0.43
0.50
0.45
0.49
0.51
0.49
0.47
0.39
0.53
0.39
0.39
3.13
1.37
1.36
1.37
0.48
0.47
0.49
0.46
0.39
0.39
0.38
0.39
0.38
0.38
0.39
0.36
0.51
0.50
0.54
0.55
CorWatt	PkgWatt
19.50	130.91
0.51	130.91
0.42
0.50
0.43
0.48
0.49
0.47
0.47
0.40
0.53
0.38
0.38
3.13
1.37
1.35
1.37
0.45
0.46
0.47
0.45
0.38
0.38
0.38
0.39
0.35
0.35
0.36
0.36
0.51
0.49
0.52
0.52
CorWatt	PkgWatt
19.84	130.92
0.51	130.93
0.44
0.51
0.47
0.50
0.49
0.50
0.47
0.39
0.56
0.40
0.39
1.50
3.00
1.35
1.37
0.45
0.46
0.48
0.46
0.38
0.38
0.38
0.38
0.37
0.37
0.37
0.36
0.55
0.52
0.56
0.55
CorWatt	PkgWatt
19.60	130.80
0.53	130.80
0.44
0.51
0.43
0.48
0.49
0.47
0.47
0.39
0.53
0.38
0.39
1.76
2.76
1.35
1.37
0.45
0.46
0.47
0.45
0.40
0.38
0.38
0.39
0.35
0.35
0.36
0.35
0.51
0.49
0.53
0.54
CorWatt	PkgWatt
19.78	130.99
0.51	130.99
0.45
0.50
0.44
0.49
0.50
0.50
0.47
0.39
0.53
0.39
0.40
1.36
3.16
1.35
1.37
0.47
0.49
0.47
0.48
0.39
0.38
0.38
0.38
0.36
0.36
0.36
0.35
0.51
0.50
0.54
0.53
CorWatt	PkgWatt
19.43	131.28
0.58	131.27
0.53
0.54
0.51
0.93
0.58
0.52
0.52
0.46
0.60
0.45
0.45
1.07
1.05
1.97
1.03
0.52
0.50
0.52
0.54
0.43
0.43
0.43
0.45
0.40
0.42
0.40
0.40
0.55
0.53
0.59
0.56
CorWatt	PkgWatt
16.60	128.47
0.77	128.50
0.66
0.68
1.08
0.70
0.51
0.51
0.50
0.41
0.44
0.39
0.40
0.59
0.60
0.60
0.60
0.47
0.48
0.48
0.46
0.41
0.39
0.41
0.41
0.36
0.37
0.37
0.38
0.53
0.50
0.58
0.55
CorWatt	PkgWatt
15.94	127.91
0.78	127.90
0.70
0.70
1.04
0.59
0.50
0.49
0.50
0.39
0.43
0.37
0.41
0.51
0.58
0.50
0.51
0.46
0.48
0.48
0.46
0.39
0.39
0.39
0.39
0.36
0.36
0.37
0.36
0.52
0.49
0.53
0.53
CorWatt	PkgWatt
15.98	128.16
0.75	128.16
1.07
0.70
0.69
0.60
0.50
0.49
0.48
0.39
0.43
0.40
0.40
0.51
0.58
0.51
0.52
0.46
0.47
0.48
0.46
0.41
0.40
0.38
0.38
0.35
0.35
0.37
0.36
0.51
0.49
0.55
0.53
CorWatt	PkgWatt
15.60	127.75
0.74	127.74
1.05
0.69
0.68
0.59
0.49
0.48
0.48
0.38
0.42
0.37
0.38
0.50
0.57
0.49
0.50
0.46
0.47
0.48
0.45
0.38
0.38
0.38
0.38
0.35
0.35
0.35
0.35
0.51
0.49
0.52
0.51
CorWatt	PkgWatt
16.84	128.70
0.76	128.72
0.78
1.13
0.84
0.64
0.52
0.56
0.49
0.41
0.45
0.41
0.41
0.55
0.54
0.52
0.54
0.49
0.50
0.50
0.48
0.43
0.40
0.41
0.42
0.38
0.37
0.39
0.38
0.54
0.53
0.54
0.55
CorWatt	PkgWatt
18.59	132.94
0.56	132.93
0.43
4.35
0.47
0.62
0.50
0.49
0.50
0.38
0.43
0.40
0.38
0.50
0.54
0.51
0.55
0.47
0.48
0.47
0.46
0.40
0.38
0.38
0.40
0.35
0.38
0.36
0.35
0.50
0.53
0.58
0.51
CorWatt	PkgWatt
18.59	133.19
0.55	133.19
0.50
4.35
0.45
0.58
0.51
0.49
0.48
0.39
0.47
0.39
0.39
0.50
0.50
0.49
0.51
0.48
0.47
0.49
0.48
0.40
0.40
0.38
0.39
0.36
0.36
0.37
0.35
0.52
0.49
0.56
0.51
CorWatt	PkgWatt
18.27	132.68
0.55	132.68
0.48
4.35
0.44
0.59
0.49
0.48
0.49
0.38
0.43
0.38
0.39
0.50
0.51
0.48
0.50
0.46
0.46
0.49
0.46
0.38
0.38
0.38
0.38
0.35
0.36
0.36
0.36
0.51
0.49
0.53
0.49
CorWatt	PkgWatt
18.38	132.78
0.53	132.78
0.47
4.35
0.44
0.60
0.51
0.49
0.48
0.37
0.42
0.38
0.39
0.50
0.50
0.48
0.51
0.48
0.48
0.49
0.46
0.38
0.39
0.38
0.38
0.38
0.35
0.37
0.36
0.50
0.49
0.55
0.50
CorWatt	PkgWatt
18.44	133.01
0.54	133.01
0.47
4.35
0.44
0.60
0.51
0.49
0.51
0.39
0.43
0.39
0.39
0.52
0.51
0.50
0.50
0.48
0.47
0.48
0.46
0.38
0.40
0.39
0.39
0.37
0.35
0.36
0.37
0.50
0.49
0.53
0.51
CorWatt	PkgWatt
18.40	132.77
0.55	132.76
0.48
4.35
0.44
0.59
0.50
0.49
0.49
0.38
0.43
0.39
0.39
0.51
0.50
0.50
0.54
0.47
0.47
0.49
0.46
0.39
0.39
0.39
0.39
0.36
0.36
0.36
0.35
0.51
0.49
0.52
0.50
CorWatt	PkgWatt
18.30	132.81
0.57	132.81
0.44
4.35
0.46
0.59
0.49
0.48
0.49
0.38
0.43
0.38
0.38
0.50
0.50
0.48
0.50
0.46
0.46
0.48
0.45
0.38
0.38
0.38
0.38
0.35
0.35
0.38
0.35
0.51
0.49
0.57
0.49
CorWatt	PkgWatt
18.43	132.98
0.56	132.98
0.45
4.35
0.44
0.62
0.51
0.51
0.51
0.38
0.42
0.38
0.39
0.52
0.50
0.49
0.51
0.49
0.49
0.49
0.46
0.38
0.38
0.38
0.38
0.35
0.36
0.36
0.35
0.51
0.49
0.53
0.51
CorWatt	PkgWatt
18.28	132.80
0.56	132.79
0.43
4.35
0.45
0.60
0.50
0.49
0.49
0.38
0.43
0.38
0.39
0.50
0.51
0.48
0.50
0.47
0.47
0.48
0.46
0.38
0.38
0.38
0.38
0.35
0.35
0.35
0.35
0.51
0.49
0.56
0.50
CorWatt	PkgWatt
18.54	132.93
0.55	132.94
0.48
4.35
0.44
0.59
0.51
0.50
0.49
0.38
0.43
0.39
0.40
0.51
0.51
0.51
0.51
0.48
0.47
0.50
0.46
0.39
0.38
0.38
0.38
0.35
0.36
0.37
0.36
0.52
0.51
0.56
0.50
CorWatt	PkgWatt
18.61	133.02
0.56	133.02
0.49
4.35
0.47
0.59
0.50
0.49
0.51
0.43
0.43
0.43
0.40
0.50
0.50
0.51
0.53
0.45
0.47
0.49
0.46
0.38
0.38
0.38
0.38
0.37
0.35
0.38
0.36
0.52
0.52
0.52
0.51
CorWatt	PkgWatt
18.47	133.16
0.54	133.16
0.47
4.36
0.45
0.60
0.51
0.49
0.49
0.38
0.47
0.39
0.38
0.50
0.51
0.49
0.50
0.44
0.48
0.49
0.47
0.38
0.39
0.38
0.38
0.35
0.38
0.36
0.35
0.53
0.51
0.55
0.50
CorWatt	PkgWatt
18.02	130.22
0.77	130.23
0.54
0.99
0.52
0.94
0.66
0.61
0.64
0.46
0.48
0.48
0.46
0.57
0.57
0.56
0.58
0.51
0.55
0.56
0.54
0.45
0.44
0.44
0.77
0.40
0.40
0.41
0.40
0.57
0.56
0.63
0.55
CorWatt	PkgWatt
16.28	128.03
0.58	128.02
0.50
0.50
0.44
0.83
1.21
0.72
0.72
0.40
0.44
0.43
0.40
0.54
0.55
0.54
0.53
0.45
0.49
0.49
0.47
0.38
0.38
0.38
0.39
0.35
0.35
0.36
0.35
0.52
0.54
0.54
0.50
CorWatt	PkgWatt
15.96	128.07
0.57	128.07
0.49
0.48
0.43
1.00
0.99
0.72
0.72
0.41
0.47
0.42
0.40
0.50
0.53
0.48
0.51
0.44
0.47
0.48
0.45
0.39
0.38
0.38
0.39
0.35
0.35
0.36
0.35
0.51
0.51
0.56
0.49
CorWatt	PkgWatt
15.87	127.86
0.60	127.85
0.48
0.48
0.42
1.01
0.99
0.73
0.72
0.38
0.43
0.39
0.39
0.51
0.50
0.50
0.52
0.44
0.47
0.48
0.45
0.38
0.38
0.38
0.38
0.35
0.35
0.35
0.35
0.51
0.51
0.55
0.50
CorWatt	PkgWatt
15.85	127.80
0.59	127.80
0.49
0.49
0.42
1.13
0.87
0.72
0.72
0.38
0.43
0.39
0.39
0.50
0.51
0.50
0.52
0.44
0.48
0.48
0.45
0.38
0.38
0.38
0.38
0.35
0.35
0.36
0.35
0.52
0.51
0.52
0.49
CorWatt	PkgWatt
16.76	128.65
0.60	128.66
0.51
0.47
0.44
0.77
1.59
0.70
0.70
0.42
0.46
0.43
0.43
0.54
0.56
0.51
0.53
0.46
0.49
0.50
0.47
0.40
0.39
0.39
0.39
0.36
0.37
0.39
0.37
0.52
0.52
0.54
0.53
CorWatt	PkgWatt
17.60	130.03
0.60	130.03
0.47
0.49
0.43
0.67
3.19
0.60
0.60
0.39
0.44
0.40
0.38
0.51
0.51
0.48
0.51
0.46
0.48
0.51
0.46
0.38
0.38
0.38
0.38
0.37
0.35
0.35
0.35
0.52
0.51
0.54
0.51
CorWatt	PkgWatt
17.52	129.81
0.59	129.81
0.47
0.44
0.43
3.14
0.69
0.61
0.61
0.38
0.44
0.41
0.38
0.50
0.52
0.50
0.51
0.46
0.47
0.48
0.45
0.38
0.40
0.39
0.40
0.35
0.35
0.35
0.35
0.51
0.51
0.53
0.50
CorWatt	PkgWatt
17.46	129.76
0.59	129.75
0.48
0.46
0.43
3.15
0.63
0.61
0.61
0.40
0.43
0.39
0.38
0.51
0.52
0.49
0.52
0.46
0.47
0.48
0.45
0.38
0.38
0.38
0.39
0.35
0.35
0.35
0.35
0.51
0.52
0.53
0.50
CorWatt	PkgWatt
17.86	130.25
0.59	130.25
0.49
0.48
0.48
3.15
0.64
0.63
0.62
0.39
0.49
0.40
0.39
0.51
0.50
0.49
0.51
0.46
0.47
0.48
0.46
0.39
0.39
0.39
0.39
0.38
0.38
0.36
0.37
0.56
0.55
0.55
0.53
CorWatt	PkgWatt
17.41	129.65
0.59	129.65
0.46
0.48
0.43
3.17
0.63
0.60
0.61
0.39
0.44
0.39
0.38
0.50
0.51
0.48
0.51
0.46
0.47
0.48
0.45
0.40
0.38
0.38
0.40
0.35
0.35
0.35
0.35
0.51
0.52
0.52
0.49
CorWatt	PkgWatt
17.42	129.72
0.58	129.72
0.46
0.47
0.43
3.15
0.64
0.61
0.61
0.38
0.43
0.38
0.39
0.51
0.50
0.48
0.51
0.47
0.49
0.48
0.47
0.38
0.38
0.38
0.38
0.35
0.35
0.35
0.35
0.52
0.54
0.52
0.50
CorWatt	PkgWatt
17.43	129.76
0.60	129.75
0.47
0.47
0.45
3.15
0.66
0.61
0.61
0.40
0.43
0.37
0.38
0.50
0.50
0.49
0.50
0.46
0.47
0.48
0.45
0.38
0.38
0.38
0.38
0.35
0.35
0.35
0.35
0.51
0.52
0.54
0.50
CorWatt	PkgWatt
17.86	130.08
0.54	130.08
0.57
0.48
0.44
3.15
0.64
0.61
0.62
0.45
0.43
0.39
0.40
0.53
0.52
0.51
0.52
0.46
0.47
0.49
0.46
0.40
0.38
0.40
0.40
0.35
0.38
0.36
0.37
0.55
0.52
0.53
0.52
CorWatt	PkgWatt
17.65	129.84
0.53	129.86
0.54
0.47
0.44
3.17
0.64
0.60
0.61
0.41
0.44
0.38
0.39
0.55
0.51
0.49
0.59
0.46
0.48
0.49
0.46
0.38
0.38
0.38
0.38
0.35
0.35
0.35
0.35
0.53
0.53
0.52
0.49
CorWatt	PkgWatt
17.94	129.96
0.56	129.96
0.56
0.47
0.44
3.06
0.78
0.61
0.61
0.40
0.44
0.41
0.41
0.61
0.54
0.50
0.58
0.46
0.48
0.48
0.46
0.40
0.40
0.38
0.38
0.35
0.35
0.35
0.35
0.53
0.52
0.55
0.51
CorWatt	PkgWatt
17.50	129.97
0.54	129.94
0.54
0.47
0.43
0.69
3.16
0.62
0.62
0.38
0.43
0.37
0.39
0.50
0.51
0.49
0.51
0.46
0.48
0.49
0.46
0.38
0.38
0.39
0.38
0.35
0.35
0.35
0.35
0.52
0.52
0.53
0.49
CorWatt	PkgWatt
17.33	129.46
0.56	129.46
0.57
0.49
0.47
0.95
2.14
0.59
0.59
0.41
0.44
0.42
0.41
0.52
0.52
0.50
0.68
0.48
0.50
0.50
0.48
0.41
0.39
0.39
0.40
0.36
0.36
0.37
0.35
0.54
0.53
0.53
0.50
CorWatt	PkgWatt
17.80	129.43
0.56	129.43
0.51
0.52
0.51
0.64
0.56
0.54
0.55
0.62
1.09
0.62
0.62
0.57
0.59
0.59
1.02
0.51
0.53
0.53
0.51
0.45
0.43
0.44
0.45
0.39
0.40
0.42
0.39
0.56
0.55
0.59
0.55
CorWatt	PkgWatt
16.09	128.10
0.51	128.09
0.45
0.44
0.43
0.58
0.51
0.48
0.47
0.62
0.71
1.14
0.62
0.51
0.51
0.51
0.63
0.47
0.47
0.47
0.47
0.40
0.39
0.38
0.38
0.35
0.36
0.39
0.36
0.53
0.50
0.53
0.51
CorWatt	PkgWatt
15.92	127.89
0.50	127.88
0.44
0.46
0.43
0.56
0.50
0.48
0.48
0.63
0.67
1.18
0.63
0.50
0.52
0.50
0.64
0.47
0.47
0.48
0.45
0.38
0.38
0.38
0.38
0.35
0.35
0.35
0.35
0.51
0.49
0.54
0.49
CorWatt	PkgWatt
16.18	128.03
0.49	128.03
0.44
0.44
0.43
0.59
0.52
0.49
0.48
0.62
0.67
1.20
0.63
0.52
0.51
0.49
0.63
0.51
0.50
0.50
0.46
0.38
0.38
0.38
0.38
0.39
0.35
0.38
0.37
0.52
0.50
0.54
0.50
CorWatt	PkgWatt
15.99	128.09
0.50	128.08
0.43
0.45
0.43
0.53
0.50
0.48
0.49
0.62
0.66
1.20
0.62
0.53
0.51
0.50
0.63
0.48
0.47
0.48
0.46
0.39
0.40
0.38
0.38
0.37
0.35
0.36
0.36
0.51
0.49
0.52
0.52
CorWatt	PkgWatt
16.96	129.48
0.52	129.48
0.44
0.45
0.44
0.52
0.49
0.48
0.47
0.45
2.77
0.54
0.44
0.51
0.50
0.50
0.62
0.46
0.46
0.47
0.45
0.38
0.39
0.38
0.38
0.35
0.35
0.36
0.35
0.51
0.50
0.54
0.50
CorWatt	PkgWatt
17.27	129.97
0.52	129.98
0.44
0.45
0.44
0.53
0.49
0.48
0.47
0.39
3.25
0.42
0.40
0.50
0.51
0.49
0.61
0.46
0.46
0.48
0.45
0.38
0.38
0.38
0.38
0.35
0.35
0.38
0.36
0.52
0.50
0.56
0.50
CorWatt	PkgWatt
17.67	130.15
0.51	130.14
0.44
0.46
0.44
0.54
0.53
0.51
0.51
0.40
3.25
0.44
0.40
0.51
0.52
0.50
0.61
0.49
0.50
0.49
0.47
0.40
0.40
0.39
0.39
0.36
0.37
0.37
0.36
0.53
0.51
0.53
0.52
CorWatt	PkgWatt
17.28	130.07
0.51	130.06
0.44
0.45
0.44
0.52
0.49
0.48
0.48
0.40
3.25
0.42
0.40
0.51
0.52
0.49
0.62
0.46
0.46
0.48
0.45
0.38
0.38
0.38
0.38
0.35
0.35
0.38
0.36
0.52
0.50
0.51
0.50
CorWatt	PkgWatt
17.26	129.98
0.51	129.98
0.43
0.44
0.42
0.52
0.49
0.48
0.48
0.39
3.25
0.44
0.40
0.50
0.50
0.49
0.62
0.47
0.46
0.49
0.45
0.38
0.38
0.38
0.38
0.35
0.35
0.38
0.36
0.52
0.52
0.51
0.51
CorWatt	PkgWatt
17.57	130.13
0.52	130.13
0.45
0.47
0.45
0.52
0.49
0.48
0.48
0.44
3.25
0.46
0.40
0.51
0.51
0.52
0.62
0.46
0.47
0.49
0.46
0.38
0.39
0.38
0.38
0.38
0.35
0.38
0.37
0.53
0.52
0.56
0.53
CorWatt	PkgWatt
17.52	130.10
0.52	130.11
0.44
0.46
0.44
0.54
0.50
0.49
0.47
0.39
3.28
0.44
0.40
0.51
0.51
0.50
0.60
0.45
0.47
0.48
0.47
0.38
0.39
0.38
0.38
0.36
0.39
0.37
0.36
0.54
0.52
0.58
0.52
CorWatt	PkgWatt
17.27	130.01
0.51	130.01
0.45
0.45
0.43
0.54
0.51
0.50
0.48
0.40
3.25
0.42
0.39
0.50
0.51
0.49
0.62
0.44
0.46
0.47
0.45
0.38
0.38
0.38
0.38
0.34
0.35
0.35
0.35
0.51
0.51
0.57
0.50
CorWatt	PkgWatt
17.40	130.14
0.52	130.13
0.45
0.44
0.44
0.53
0.51
0.48
0.47
0.42
3.25
0.43
0.41
0.52
0.55
0.54
0.63
0.44
0.46
0.47
0.47
0.38
0.38
0.38
0.38
0.35
0.35
0.36
0.35
0.52
0.53
0.51
0.50
CorWatt	PkgWatt
17.32	130.01
0.51	130.01
0.45
0.45
0.43
0.52
0.49
0.49
0.49
0.41
3.26
0.42
0.42
0.52
0.52
0.50
0.62
0.44
0.46
0.48
0.46
0.39
0.38
0.38
0.40
0.35
0.35
0.36
0.35
0.51
0.52
0.51
0.50
CorWatt	PkgWatt
17.40	130.03
0.53	130.03
0.45
0.47
0.43
0.52
0.50
0.51
0.48
0.41
3.27
0.42
0.42
0.51
0.51
0.51
0.61
0.45
0.47
0.48
0.46
0.38
0.38
0.38
0.38
0.35
0.35
0.36
0.36
0.52
0.52
0.51
0.51
CorWatt	PkgWatt
17.42	130.02
0.53	130.02
0.47
0.47
0.45
0.53
0.53
0.49
0.48
0.39
3.26
0.42
0.41
0.52
0.51
0.50
0.63
0.44
0.46
0.48
0.45
0.38
0.38
0.38
0.38
0.35
0.35
0.35
0.35
0.52
0.51
0.56
0.50
CorWatt	PkgWatt
18.41	130.40
0.58	130.42
0.55
0.51
0.50
0.57
0.56
0.53
0.54
0.66
1.24
0.52
0.52
0.66
0.87
0.65
0.74
0.52
0.53
0.57
0.53
0.46
0.44
0.44
0.77
0.40
0.41
0.45
0.40
0.57
0.57
0.57
0.58
CorWatt	PkgWatt
16.95	128.66
0.52	128.64
0.48
0.48
0.44
0.50
0.50
0.49
0.49
0.51
0.46
0.41
0.40
0.87
1.23
1.23
0.88
0.47
0.50
0.51
0.46
0.39
0.39
0.39
0.40
0.38
0.36
0.36
0.36
0.53
0.52
0.54
0.52
CorWatt	PkgWatt
16.74	128.68
0.50	128.68
0.48
0.44
0.43
0.49
0.51
0.48
0.49
0.50
0.46
0.40
0.41
0.86
0.89
1.54
0.86
0.46
0.48
0.49
0.46
0.38
0.40
0.38
0.40
0.37
0.36
0.37
0.35
0.53
0.53
0.52
0.52
CorWatt	PkgWatt
16.44	128.36
0.48	128.35
0.46
0.45
0.44
0.48
0.49
0.48
0.48
0.50
0.43
0.37
0.39
0.86
0.88
1.53
0.85
0.45
0.47
0.49
0.47
0.38
0.38
0.38
0.38
0.35
0.35
0.35
0.35
0.51
0.53
0.52
0.50
CorWatt	PkgWatt
16.95	128.56
0.50	128.57
0.49
0.47
0.46
0.51
0.50
0.50
0.50
0.50
0.48
0.40
0.41
0.87
1.49
0.96
0.87
0.45
0.47
0.47
0.45
0.39
0.39
0.38
0.38
0.37
0.37
0.37
0.36
0.55
0.55
0.56
0.54
CorWatt	PkgWatt
16.51	128.46
0.51	128.46
0.49
0.46
0.43
0.48
0.49
0.48
0.48
0.50
0.43
0.37
0.38
0.85
1.54
0.89
0.86
0.45
0.47
0.48
0.45
0.40
0.38
0.38
0.40
0.36
0.35
0.36
0.35
0.51
0.53
0.52
0.50
CorWatt	PkgWatt
17.05	128.84
0.50	128.84
0.47
0.47
0.44
0.49
0.50
0.49
0.48
0.49
0.43
0.37
0.40
0.92
1.73
0.96
0.93
0.48
0.49
0.48
0.48
0.39
0.38
0.38
0.38
0.36
0.36
0.38
0.36
0.52
0.52
0.52
0.51
CorWatt	PkgWatt
19.71	130.99
0.52	130.99
0.48
0.45
0.45
0.48
0.51
0.49
0.47
0.50
0.44
0.38
0.39
1.37
2.96
1.58
1.37
0.45
0.47
0.48
0.45
0.38
0.38
0.38
0.38
0.35
0.35
0.36
0.36
0.52
0.52
0.53
0.50
CorWatt	PkgWatt
19.81	131.07
0.50	131.07
0.48
0.47
0.42
0.50
0.49
0.48
0.48
0.51
0.46
0.38
0.40
1.37
3.02
1.50
1.37
0.46
0.47
0.47
0.45
0.39
0.38
0.39
0.39
0.35
0.37
0.36
0.37
0.54
0.53
0.53
0.52
CorWatt	PkgWatt
19.60	131.04
0.51	131.03
0.46
0.46
0.44
0.48
0.49
0.48
0.48
0.50
0.44
0.38
0.39
1.37
2.65
1.86
1.37
0.45
0.46
0.48
0.45
0.38
0.38
0.38
0.38
0.35
0.35
0.36
0.35
0.52
0.52
0.52
0.50
CorWatt	PkgWatt
19.83	131.23
0.52	131.24
0.48
0.46
0.43
0.49
0.49
0.49
0.48
0.50
0.44
0.40
0.42
1.36
1.36
3.15
1.36
0.46
0.46
0.48
0.46
0.40
0.40
0.38
0.38
0.36
0.36
0.37
0.36
0.52
0.54
0.54
0.51
CorWatt	PkgWatt
19.73	131.10
0.50	131.11
0.45
0.46
0.45
0.51
0.49
0.50
0.49
0.50
0.44
0.39
0.40
1.37
3.18
1.36
1.37
0.45
0.47
0.49
0.45
0.38
0.38
0.39
0.38
0.35
0.36
0.36
0.35
0.52
0.53
0.52
0.50
CorWatt	PkgWatt
19.81	131.07
0.53	131.07
0.48
0.46
0.45
0.51
0.49
0.50
0.50
0.48
0.44
0.40
0.39
1.37
1.58
2.94
1.37
0.46
0.48
0.48
0.46
0.40
0.38
0.38
0.39
0.35
0.35
0.36
0.35
0.51
0.53
0.53
0.51
CorWatt	PkgWatt
19.72	131.19
0.51	131.20
0.47
0.47
0.44
0.50
0.49
0.49
0.50
0.51
0.44
0.40
0.39
1.37
2.24
2.25
1.37
0.46
0.48
0.48
0.45
0.39
0.38
0.38
0.40
0.35
0.35
0.36
0.36
0.51
0.50
0.53
0.51
CorWatt	PkgWatt
19.99	131.35
0.52	131.35
0.48
0.47
0.43
0.49
0.50
0.49
0.49
0.49
0.49
0.40
0.41
1.36
3.15
1.35
1.37
0.47
0.47
0.49
0.47
0.40
0.41
0.38
0.38
0.36
0.37
0.39
0.38
0.54
0.51
0.54
0.52
CorWatt	PkgWatt
19.64	131.08
0.52	131.07
0.42
0.49
0.43
0.48
0.49
0.48
0.48
0.50
0.45
0.42
0.39
1.36
3.18
1.35
1.37
0.46
0.46
0.48
0.45
0.38
0.38
0.38
0.38
0.35
0.35
0.36
0.35
0.52
0.50
0.52
0.50
CorWatt	PkgWatt
19.81	131.12
0.52	131.12
0.44
0.45
0.48
0.50
0.50
0.48
0.48
0.49
0.44
0.40
0.40
1.37
3.18
1.36
1.37
0.49
0.48
0.49
0.45
0.38
0.38
0.38
0.38
0.39
0.35
0.39
0.36
0.52
0.50
0.52
0.51
CorWatt	PkgWatt
18.84	130.47
0.50	130.46
0.43
0.45
0.48
0.48
0.50
0.49
0.52
0.49
0.44
0.39
0.40
1.20
2.58
1.33
1.22
0.48
0.46
0.48
0.45
0.38
0.40
0.39
0.38
0.37
0.35
0.37
0.37
0.51
0.50
0.52
0.52
CorWatt	PkgWatt
19.74	134.28
0.55	134.30
0.54
0.51
0.50
0.54
0.56
0.54
0.56
0.52
0.49
0.44
0.46
0.58
0.56
0.62
0.58
0.54
0.53
0.55
1.08
3.16
0.49
0.48
0.47
0.41
0.42
0.42
0.41
0.57
0.56
0.57
0.57
CorWatt	PkgWatt
19.81	138.23
0.51	138.21
0.46
0.45
0.43
0.47
0.49
0.47
0.48
0.38
0.44
0.40
0.38
0.50
0.51
0.54
0.51
0.47
0.47
0.48
0.57
5.77
0.41
0.39
0.38
0.35
0.35
0.35
0.35
0.52
0.50
0.54
0.51
CorWatt	PkgWatt
19.88	138.40
0.50	138.40
0.48
0.45
0.42
0.48
0.51
0.48
0.49
0.37
0.44
0.38
0.39
0.50
0.50
0.54
0.51
0.47
0.47
0.48
0.57
5.77
0.42
0.39
0.38
0.35
0.35
0.36
0.35
0.51
0.50
0.55
0.51
CorWatt	PkgWatt
20.11	138.43
0.51	138.42
0.47
0.45
0.44
0.48
0.50
0.48
0.48
0.38
0.47
0.40
0.39
0.51
0.52
0.54
0.51
0.47
0.48
0.49
0.58
5.76
0.41
0.40
0.40
0.36
0.38
0.38
0.37
0.54
0.51
0.54
0.52
CorWatt	PkgWatt
19.97	138.40
0.50	138.40
0.48
0.44
0.43
0.47
0.49
0.47
0.48
0.38
0.44
0.39
0.40
0.51
0.51
0.55
0.52
0.47
0.46
0.51
0.57
5.77
0.41
0.38
0.39
0.36
0.38
0.38
0.37
0.52
0.52
0.51
0.51
CorWatt	PkgWatt
20.14	138.57
0.51	138.57
0.50
0.47
0.46
0.47
0.48
0.47
0.47
0.42
0.46
0.42
0.39
0.53
0.51
0.52
0.51
0.46
0.48
0.50
0.58
5.77
0.41
0.38
0.39
0.37
0.35
0.38
0.37
0.54
0.53
0.52
0.51
CorWatt	PkgWatt
19.90	138.58
0.51	138.58
0.49
0.44
0.42
0.47
0.50
0.47
0.47
0.39
0.47
0.39
0.39
0.53
0.50
0.50
0.53
0.44
0.47
0.49
0.57
5.76
0.41
0.38
0.38
0.35
0.37
0.35
0.35
0.54
0.52
0.53
0.51
CorWatt	PkgWatt
19.85	138.36
0.51	138.36
0.47
0.44
0.43
0.49
0.51
0.48
0.48
0.39
0.43
0.40
0.38
0.51
0.50
0.50
0.50
0.44
0.47
0.48
0.57
5.78
0.40
0.38
0.39
0.35
0.35
0.35
0.35
0.51
0.51
0.57
0.52
CorWatt	PkgWatt
20.26	138.63
0.52	138.63
0.52
0.44
0.44
0.48
0.49
0.47
0.47
0.44
0.43
0.41
0.40
0.56
0.55
0.58
0.56
0.45
0.47
0.49
0.57
5.77
0.42
0.39
0.39
0.36
0.36
0.36
0.35
0.53
0.54
0.52
0.53
CorWatt	PkgWatt
20.43	138.95
0.52	138.97
0.51
0.50
0.46
0.48
0.49
0.51
0.47
0.43
0.50
0.40
0.42
0.51
0.52
0.52
0.53
0.44
0.46
0.49
0.61
5.76
0.41
0.38
0.45
0.37
0.39
0.37
0.38
0.56
0.52
0.54
0.52
CorWatt	PkgWatt
20.05	138.56
0.53	138.54
0.48
0.50
0.42
0.48
0.50
0.49
0.47
0.40
0.46
0.40
0.41
0.55
0.51
0.50
0.53
0.44
0.47
0.48
0.58
5.77
0.41
0.38
0.40
0.36
0.35
0.36
0.35
0.52
0.51
0.52
0.53
CorWatt	PkgWatt
20.01	138.58
0.52	138.58
0.47
0.49
0.43
0.48
0.52
0.48
0.49
0.40
0.44
0.40
0.38
0.54
0.51
0.53
0.55
0.44
0.46
0.49
0.58
5.78
0.41
0.38
0.39
0.35
0.35
0.36
0.35
0.53
0.51
0.51
0.50
CorWatt	PkgWatt
20.20	138.79
0.53	138.79
0.47
0.48
0.44
0.48
0.50
0.47
0.47
0.43
0.47
0.42
0.41
0.55
0.55
0.52
0.52
0.45
0.47
0.49
0.57
5.77
0.41
0.39
0.40
0.36
0.35
0.38
0.36
0.53
0.52
0.54
0.53
CorWatt	PkgWatt
20.27	138.85
0.52	138.85
0.49
0.48
0.44
0.48
0.50
0.47
0.47
0.40
0.46
0.41
0.40
0.54
0.51
0.55
0.52
0.46
0.48
0.50
0.58
5.76
0.41
0.38
0.42
0.38
0.36
0.36
0.35
0.52
0.51
0.60
0.55
CorWatt	PkgWatt
20.09	138.85
0.51	138.85
0.49
0.44
0.43
0.48
0.50
0.47
0.47
0.41
0.45
0.41
0.40
0.55
0.53
0.52
0.53
0.47
0.46
0.50
0.57
5.77
0.43
0.39
0.41
0.36
0.35
0.37
0.35
0.51
0.53
0.53
0.53
CorWatt	PkgWatt
20.86	139.37
0.54	139.38
0.50
0.50
0.47
0.51
0.52
0.50
0.51
0.43
0.47
0.41
0.41
0.57
0.54
0.56
0.57
0.49
0.50
0.51
0.59
5.77
0.45
0.38
0.39
0.39
0.38
0.40
0.38
0.55
0.56
0.55
0.55
CorWatt	PkgWatt
20.41	139.19
0.51	139.19
0.49
0.47
0.49
0.51
0.50
0.49
0.48
0.40
0.48
0.41
0.41
0.52
0.51
0.51
0.52
0.47
0.48
0.49
0.57
5.77
0.42
0.39
0.40
0.38
0.38
0.37
0.37
0.57
0.57
0.56
0.56
CorWatt	PkgWatt
19.45	134.42
0.55	134.42
0.52
0.54
0.52
0.54
0.58
0.56
0.55
0.45
0.51
0.42
0.44
0.56
0.55
0.56
0.58
0.55
0.54
0.54
1.10
2.57
0.62
0.47
0.50
0.45
0.42
0.45
0.42
0.60
0.58
0.60
0.58
CorWatt	PkgWatt
17.74	131.08
0.52	131.06
0.46
0.48
0.48
0.49
0.50
0.49
0.49
0.40
0.44
0.38
0.39
0.54
0.50
0.51
0.51
0.50
0.50
0.49
0.61
0.48
3.13
0.43
0.43
0.37
0.36
0.37
0.35
0.52
0.53
0.54
0.53
CorWatt	PkgWatt
17.56	130.69
0.53	130.69
0.46
0.46
0.49
0.49
0.52
0.49
0.49
0.42
0.45
0.40
0.40
0.52
0.51
0.49
0.52
0.47
0.48
0.49
0.59
0.44
3.08
0.42
0.42
0.37
0.35
0.36
0.35
0.51
0.53
0.53
0.55
CorWatt	PkgWatt
17.78	130.81
0.51	130.81
0.48
0.47
0.47
0.51
0.51
0.49
0.51
0.41
0.46
0.39
0.41
0.54
0.51
0.53
0.51
0.48
0.49
0.49
0.60
0.46
3.06
0.44
0.43
0.36
0.38
0.37
0.37
0.54
0.53
0.53
0.55
CorWatt	PkgWatt
17.49	130.50
0.53	130.53
0.45
0.48
0.49
0.49
0.50
0.49
0.49
0.39
0.46
0.39
0.39
0.53
0.51
0.50
0.55
0.47
0.47
0.49
0.60
0.43
3.07
0.41
0.41
0.36
0.35
0.37
0.35
0.53
0.53
0.51
0.51
CorWatt	PkgWatt
17.54	130.56
0.53	130.53
0.44
0.45
0.47
0.48
0.51
0.48
0.48
0.39
0.46
0.40
0.43
0.52
0.50
0.53
0.51
0.47
0.48
0.49
0.58
0.46
0.51
3.07
0.41
0.36
0.35
0.36
0.35
0.52
0.54
0.51
0.52
CorWatt	PkgWatt
17.54	130.61
0.52	130.59
0.44
0.46
0.48
0.51
0.50
0.50
0.50
0.38
0.45
0.39
0.40
0.51
0.51
0.51
0.51
0.47
0.49
0.49
0.59
0.45
0.49
3.05
0.42
0.36
0.35
0.37
0.35
0.52
0.53
0.52
0.51
CorWatt	PkgWatt
17.79	130.75
0.54	130.77
0.47
0.48
0.49
0.51
0.50
0.50
0.49
0.39
0.44
0.40
0.39
0.53
0.51
0.53
0.52
0.49
0.50
0.49
0.59
0.47
0.48
3.06
0.44
0.37
0.36
0.37
0.36
0.53
0.53
0.53
0.54
CorWatt	PkgWatt
17.58	130.43
0.52	130.43
0.46
0.49
0.48
0.50
0.50
0.48
0.50
0.39
0.44
0.39
0.38
0.55
0.51
0.52
0.52
0.48
0.49
0.49
0.58
0.44
0.47
3.07
0.43
0.36
0.35
0.36
0.35
0.51
0.50
0.51
0.53
CorWatt	PkgWatt
17.72	130.53
0.53	130.53
0.51
0.45
0.44
0.50
0.51
0.49
0.48
0.40
0.50
0.41
0.40
0.53
0.52
0.51
0.52
0.48
0.48
0.49
0.59
0.47
0.49
3.06
0.41
0.36
0.37
0.38
0.38
0.54
0.50
0.52
0.52
CorWatt	PkgWatt
17.50	130.25
0.52	130.24
0.49
0.45
0.44
0.49
0.50
0.49
0.49
0.43
0.44
0.41
0.40
0.54
0.51
0.50
0.52
0.47
0.48
0.48
0.59
0.44
0.47
3.06
0.41
0.36
0.35
0.36
0.35
0.53
0.52
0.51
0.50
CorWatt	PkgWatt
17.62	130.60
0.52	130.61
0.49
0.45
0.44
0.50
0.52
0.49
0.49
0.39
0.45
0.40
0.41
0.51
0.51
0.50
0.51
0.50
0.50
0.49
0.58
0.46
0.48
3.06
0.42
0.40
0.36
0.39
0.36
0.52
0.50
0.52
0.51
CorWatt	PkgWatt
17.53	130.50
0.52	130.50
0.47
0.45
0.44
0.49
0.50
0.48
0.51
0.39
0.44
0.40
0.39
0.52
0.54
0.51
0.52
0.49
0.48
0.48
0.59
0.43
0.49
3.06
0.42
0.38
0.35
0.37
0.36
0.51
0.51
0.52
0.52
CorWatt	PkgWatt
17.57	130.40
0.54	130.40
0.49
0.47
0.45
0.49
0.51
0.48
0.48
0.41
0.44
0.43
0.40
0.51
0.53
0.50
0.53
0.48
0.48
0.48
0.58
0.44
0.48
3.07
0.41
0.36
0.35
0.36
0.35
0.51
0.50
0.52
0.52
CorWatt	PkgWatt
17.47	130.41
0.52	130.41
0.45
0.46
0.49
0.50
0.51
0.49
0.49
0.39
0.44
0.40
0.39
0.50
0.51
0.50
0.51
0.49
0.49
0.48
0.58
0.43
0.46
3.06
0.41
0.35
0.35
0.37
0.35
0.52
0.50
0.51
0.55
CorWatt	PkgWatt
17.50	130.57
0.51	130.57
0.45
0.47
0.46
0.50
0.51
0.50
0.51
0.39
0.44
0.39
0.39
0.51
0.52
0.51
0.52
0.49
0.49
0.49
0.59
0.43
0.48
3.06
0.42
0.36
0.36
0.37
0.35
0.52
0.50
0.51
0.51
CorWatt	PkgWatt
17.36	130.26
0.51	130.26
0.43
0.45
0.48
0.48
0.50
0.48
0.49
0.39
0.44
0.40
0.39
0.50
0.51
0.50
0.51
0.48
0.48
0.49
0.59
0.44
2.63
0.88
0.41
0.35
0.37
0.38
0.36
0.53
0.50
0.51
0.50
CorWatt	PkgWatt
17.52	130.32
0.52	130.33
0.47
0.45
0.46
0.49
0.50
0.48
0.51
0.40
0.43
0.42
0.39
0.51
0.50
0.50
0.52
0.48
0.50
0.49
0.60
0.43
3.05
0.43
0.41
0.35
0.36
0.39
0.37
0.51
0.51
0.52
0.53
CorWatt	PkgWatt
18.56	130.52
0.56	130.53
0.54
0.56
0.56
0.53
0.54
0.52
0.54
0.48
0.52
0.51
0.47
0.60
0.59
0.59
0.60
0.56
0.56
0.58
0.60
0.46
0.57
0.47
0.47
0.56
0.57
0.77
0.76
0.60
1.13
0.61
0.59
CorWatt	PkgWatt
16.57	128.75
0.50	128.75
0.43
0.45
0.48
0.49
0.50
0.49
0.49
0.40
0.50
0.42
0.39
0.50
0.51
0.52
0.56
0.46
0.48
0.49
0.47
0.41
0.45
0.38
0.39
0.64
0.65
0.65
1.22
0.54
0.65
0.55
0.53
CorWatt	PkgWatt
16.50	128.55
0.49	128.55
0.45
0.45
0.47
0.50
0.52
0.50
0.50
0.38
0.45
0.42
0.40
0.52
0.54
0.54
0.52
0.46
0.48
0.48
0.47
0.39
0.44
0.39
0.38
0.63
0.63
0.65
1.23
0.52
0.65
0.52
0.55
CorWatt	PkgWatt
16.54	128.60
0.49	128.60
0.43
0.44
0.47
0.48
0.50
0.48
0.48
0.40
0.47
0.42
0.39
0.54
0.54
0.55
0.54
0.46
0.47
0.48
0.49
0.42
0.45
0.38
0.38
0.63
0.63
0.65
1.24
0.53
0.65
0.52
0.54
CorWatt	PkgWatt
16.51	128.80
0.53	128.79
0.45
0.45
0.46
0.48
0.50
0.48
0.49
0.40
0.48
0.42
0.40
0.50
0.52
0.51
0.55
0.45
0.48
0.48
0.47
0.40
0.44
0.38
0.40
0.63
0.63
0.65
1.26
0.52
0.63
0.52
0.54
CorWatt	PkgWatt
17.32	129.38
0.54	129.38
0.45
0.47
0.44
0.49
0.49
0.50
0.49
0.40
0.45
0.40
0.40
0.51
0.51
0.50
0.53
0.45
0.48
0.49
0.47
0.43
0.45
0.39
0.39
0.75
0.75
0.76
1.71
0.53
0.63
0.54
0.54
CorWatt	PkgWatt
19.57	131.37
0.55	131.37
0.45
0.47
0.45
0.49
0.52
0.49
0.49
0.40
0.45
0.41
0.40
0.53
0.51
0.52
0.55
0.46
0.47
0.48
0.47
0.39
0.43
0.38
0.38
1.04
1.04
1.05
3.07
0.54
0.63
0.52
0.54
CorWatt	PkgWatt
19.79	131.62
0.55	131.63
0.44
0.44
0.43
0.49
0.50
0.49
0.48
0.44
0.46
0.44
0.43
0.54
0.55
0.51
0.53
0.47
0.47
0.49
0.47
0.40
0.43
0.38
0.38
1.09
1.09
1.10
3.05
0.53
0.64
0.52
0.56
CorWatt	PkgWatt
19.72	131.46
0.55	131.45
0.43
0.49
0.45
0.49
0.50
0.49
0.51
0.39
0.45
0.40
0.39
0.51
0.52
0.50
0.51
0.48
0.49
0.50
0.47
0.40
0.43
0.38
0.39
1.10
1.10
1.10
3.06
0.53
0.63
0.54
0.55
CorWatt	PkgWatt
19.80	131.51
0.53	131.51
0.45
0.46
0.46
0.50
0.51
0.49
0.50
0.42
0.45
0.42
0.40
0.52
0.54
0.53
0.53
0.48
0.48
0.49
0.48
0.40
0.45
0.39
0.41
1.06
1.06
2.44
1.70
0.55
0.64
0.54
0.55
CorWatt	PkgWatt
19.63	131.35
0.55	131.36
0.45
0.47
0.47
0.48
0.52
0.48
0.49
0.39
0.44
0.38
0.41
0.52
0.52
0.50
0.53
0.47
0.47
0.49
0.47
0.39
0.38
0.38
0.38
1.10
1.10
2.20
1.94
0.53
0.63
0.56
0.54
CorWatt	PkgWatt
19.91	131.68
0.54	131.68
0.46
0.48
0.47
0.50
0.49
0.50
0.49
0.40
0.48
0.42
0.40
0.53
0.54
0.51
0.51
0.47
0.47
0.48
0.46
0.39
0.38
0.38
0.38
1.10
1.10
3.05
1.11
0.56
0.66
0.61
0.56
CorWatt	PkgWatt
19.56	131.41
0.54	131.40
0.44
0.47
0.44
0.49
0.50
0.48
0.49
0.39
0.44
0.38
0.38
0.51
0.52
0.52
0.54
0.48
0.47
0.48
0.46
0.40
0.38
0.38
0.40
1.10
1.10
3.05
1.10
0.53
0.63
0.56
0.53
CorWatt	PkgWatt
19.55	131.34
0.54	131.35
0.43
0.46
0.43
0.48
0.50
0.48
0.48
0.39
0.44
0.38
0.39
0.51
0.51
0.50
0.51
0.50
0.50
0.48
0.49
0.40
0.38
0.38
0.39
1.24
1.08
2.21
1.77
0.54
0.63
0.55
0.54
CorWatt	PkgWatt
19.49	131.37
0.55	131.37
0.44
0.46
0.47
0.48
0.51
0.49
0.48
0.39
0.45
0.38
0.39
0.50
0.52
0.50
0.52
0.47
0.47
0.48
0.47
0.39
0.38
0.38
0.39
3.06
1.07
1.08
1.08
0.53
0.63
0.54
0.54
CorWatt	PkgWatt
19.81	131.65
0.53	131.65
0.45
0.46
0.44
0.50
0.50
0.48
0.49
0.41
0.45
0.40
0.41
0.55
0.52
0.50
0.53
0.48
0.47
0.48
0.47
0.42
0.39
0.40
0.40
2.74
1.10
1.11
1.42
0.56
0.63
0.57
0.56
CorWatt	PkgWatt
19.59	131.37
0.55	131.35
0.43
0.47
0.46
0.48
0.50
0.49
0.49
0.39
0.44
0.39
0.39
0.50
0.52
0.51
0.52
0.48
0.47
0.48
0.47
0.39
0.38
0.38
0.40
3.05
1.09
1.10
1.10
0.53
0.63
0.54
0.56
CorWatt	PkgWatt
19.66	131.15
0.58	131.19
0.50
0.58
0.54
0.54
0.55
0.54
0.51
0.48
0.58
0.50
0.48
0.60
0.57
0.53
0.58
0.55
0.54
0.55
0.55
0.53
0.48
0.45
0.51
0.84
0.80
0.81
1.83
0.61
0.73
0.63
0.60
