CorWatt	PkgWatt
16.47	128.53
0.54	128.54
0.53
0.53
0.54
0.56
0.61
0.53
0.55
0.45
0.50
0.52
0.48
0.58
0.56
0.56
0.57
0.50
0.55
0.53
0.54
0.42
0.42
0.39
0.44
0.42
0.40
0.46
0.40
0.61
0.58
0.62
0.58
CorWatt	PkgWatt
15.03	127.56
0.57	127.66
0.51
0.51
0.45
0.49
0.57
0.51
0.52
0.43
0.46
0.41
0.40
0.51
0.51
0.50
0.52
0.47
0.49
0.51
0.47
0.46
0.43
0.39
0.43
0.35
0.35
0.40
0.35
0.52
0.52
0.52
0.50
CorWatt	PkgWatt
21.30	133.25
0.70	133.15
0.60
2.23
0.55
0.55
0.62
0.60
0.73
0.62
0.64
0.60
0.57
0.67
0.65
0.69
0.67
0.60
0.60
0.59
0.60
0.50
0.51
0.86
0.60
0.50
0.50
0.54
0.50
0.68
0.69
0.67
0.70
CorWatt	PkgWatt
16.68	128.77
0.54	128.75
0.46
0.59
0.47
0.92
0.77
0.78
1.12
0.43
0.47
0.47
0.43
0.52
0.51
0.50
0.52
0.45
0.48
0.48
0.47
0.42
0.44
0.43
0.47
0.36
0.35
0.41
0.38
0.52
0.51
0.50
0.50
CorWatt	PkgWatt
16.67	128.69
0.53	128.68
0.45
0.58
0.52
0.75
0.77
0.79
1.28
0.44
0.47
0.41
0.44
0.53
0.53
0.50
0.54
0.46
0.48
0.47
0.47
0.39
0.44
0.42
0.45
0.36
0.37
0.41
0.39
0.51
0.53
0.51
0.51
CorWatt	PkgWatt
16.53	128.82
0.53	128.82
0.45
0.59
0.47
0.77
0.77
0.77
1.29
0.43
0.46
0.39
0.45
0.50
0.52
0.50
0.53
0.45
0.48
0.47
0.47
0.41
0.45
0.39
0.45
0.35
0.35
0.39
0.35
0.51
0.54
0.53
0.51
CorWatt	PkgWatt
16.71	128.73
0.52	128.74
0.45
0.56
0.46
0.77
0.78
0.77
1.32
0.45
0.49
0.42
0.45
0.52
0.54
0.52
0.54
0.48
0.49
0.49
0.48
0.40
0.39
0.39
0.44
0.37
0.37
0.40
0.36
0.54
0.52
0.51
0.52
CorWatt	PkgWatt
16.63	129.07
0.53	129.07
0.44
0.45
0.55
0.93
0.73
0.76
1.49
0.43
0.45
0.42
0.43
0.50
0.51
0.51
0.52
0.44
0.48
0.46
0.47
0.40
0.42
0.41
0.44
0.35
0.36
0.39
0.35
0.51
0.52
0.50
0.49
CorWatt	PkgWatt
17.74	130.64
0.53	130.65
0.44
0.45
0.57
0.54
0.56
0.54
3.28
0.42
0.45
0.41
0.42
0.51
0.51
0.52
0.53
0.45
0.47
0.47
0.50
0.41
0.41
0.38
0.46
0.36
0.35
0.41
0.35
0.51
0.51
0.50
0.51
CorWatt	PkgWatt
17.60	130.35
0.53	130.34
0.44
0.45
0.57
0.53
0.54
0.55
3.28
0.43
0.45
0.40
0.42
0.51
0.51
0.52
0.54
0.45
0.48
0.46
0.47
0.41
0.38
0.38
0.44
0.35
0.36
0.37
0.38
0.51
0.51
0.50
0.49
CorWatt	PkgWatt
17.75	130.45
0.53	130.46
0.44
0.46
0.56
0.52
0.54
0.54
3.26
0.42
0.44
0.46
0.43
0.51
0.51
0.50
0.51
0.45
0.47
0.47
0.49
0.39
0.40
0.40
0.43
0.39
0.38
0.39
0.37
0.53
0.51
0.52
0.53
CorWatt	PkgWatt
17.39	130.32
0.52	130.31
0.44
0.45
0.55
0.52
0.53
0.54
3.29
0.41
0.43
0.40
0.43
0.50
0.50
0.49
0.51
0.44
0.47
0.47
0.47
0.40
0.38
0.38
0.42
0.35
0.35
0.38
0.35
0.52
0.50
0.50
0.49
CorWatt	PkgWatt
17.64	130.61
0.53	130.62
0.45
0.45
0.59
0.54
0.52
0.54
3.29
0.42
0.46
0.41
0.42
0.52
0.50
0.50
0.51
0.46
0.48
0.47
0.49
0.41
0.38
0.38
0.42
0.36
0.37
0.37
0.35
0.52
0.51
0.51
0.51
CorWatt	PkgWatt
17.62	130.48
0.52	130.48
0.44
0.45
0.56
0.52
0.50
0.54
3.27
0.43
0.44
0.40
0.43
0.52
0.50
0.52
0.51
0.45
0.47
0.47
0.47
0.40
0.40
0.45
0.43
0.35
0.37
0.40
0.35
0.51
0.50
0.52
0.52
CorWatt	PkgWatt
17.60	130.40
0.53	130.41
0.46
0.48
0.55
0.52
0.50
0.55
3.28
0.43
0.44
0.41
0.44
0.51
0.51
0.50
0.52
0.44
0.47
0.46
0.50
0.40
0.38
0.39
0.45
0.36
0.36
0.37
0.35
0.52
0.51
0.50
0.51
CorWatt	PkgWatt
17.49	130.36
0.56	130.36
0.44
0.46
0.54
0.52
0.50
0.55
3.28
0.41
0.43
0.40
0.43
0.50
0.50
0.50
0.51
0.44
0.47
0.48
0.48
0.39
0.39
0.38
0.42
0.37
0.36
0.37
0.39
0.51
0.50
0.50
0.50
CorWatt	PkgWatt
17.54	130.54
0.53	130.53
0.46
0.47
0.54
0.54
0.52
0.55
3.26
0.42
0.45
0.40
0.43
0.50
0.50
0.50
0.51
0.46
0.47
0.46
0.49
0.39
0.38
0.41
0.44
0.36
0.36
0.36
0.35
0.51
0.50
0.50
0.52
CorWatt	PkgWatt
17.52	130.37
0.54	130.37
0.44
0.45
0.56
0.53
0.50
0.54
3.26
0.42
0.45
0.41
0.44
0.50
0.51
0.51
0.51
0.44
0.47
0.46
0.47
0.40
0.40
0.38
0.44
0.37
0.37
0.38
0.35
0.51
0.50
0.50
0.50
CorWatt	PkgWatt
17.60	130.42
0.52	130.43
0.44
0.45
0.56
0.52
0.50
0.54
3.28
0.43
0.45
0.41
0.43
0.50
0.50
0.51
0.51
0.44
0.48
0.47
0.48
0.41
0.40
0.38
0.45
0.36
0.38
0.40
0.36
0.52
0.51
0.50
0.51
CorWatt	PkgWatt
17.45	130.23
0.54	130.24
0.46
0.47
0.57
0.52
0.50
0.54
3.04
0.41
0.45
0.38
0.43
0.50
0.50
0.50
0.51
0.44
0.49
0.46
0.46
0.41
0.39
0.42
0.47
0.35
0.39
0.39
0.36
0.52
0.53
0.52
0.52
CorWatt	PkgWatt
18.50	130.52
0.78	130.54
0.50
0.56
0.56
0.75
0.74
1.00
0.99
0.49
0.52
0.48
0.43
0.54
0.55
0.55
0.56
0.51
0.52
0.51
0.57
0.47
0.45
0.47
0.52
0.43
0.42
0.75
0.43
0.63
0.61
0.60
0.60
CorWatt	PkgWatt
16.96	129.06
0.60	129.04
0.46
0.53
0.45
0.85
0.86
0.97
1.45
0.43
0.46
0.38
0.38
0.50
0.50
0.51
0.53
0.47
0.50
0.48
0.51
0.39
0.38
0.40
0.43
0.35
0.35
0.38
0.38
0.57
0.52
0.50
0.50
CorWatt	PkgWatt
16.93	128.98
0.59	128.98
0.44
0.50
0.44
0.84
0.85
1.55
0.88
0.42
0.50
0.41
0.39
0.53
0.53
0.53
0.54
0.45
0.47
0.46
0.52
0.39
0.38
0.40
0.42
0.36
0.36
0.37
0.35
0.52
0.52
0.50
0.51
CorWatt	PkgWatt
16.78	128.97
0.61	128.96
0.46
0.50
0.45
0.84
0.85
1.54
0.88
0.43
0.49
0.40
0.38
0.50
0.50
0.49
0.51
0.44
0.47
0.47
0.52
0.40
0.38
0.40
0.43
0.35
0.35
0.37
0.35
0.51
0.51
0.50
0.49
CorWatt	PkgWatt
16.70	128.96
0.59	128.97
0.46
0.50
0.45
0.84
0.84
1.54
0.88
0.43
0.48
0.38
0.38
0.50
0.50
0.50
0.51
0.44
0.47
0.45
0.47
0.39
0.39
0.41
0.44
0.35
0.35
0.36
0.36
0.51
0.50
0.50
0.50
CorWatt	PkgWatt
17.24	129.27
0.63	129.28
0.50
0.51
0.50
0.84
0.85
1.50
0.92
0.42
0.51
0.41
0.38
0.52
0.53
0.50
0.53
0.48
0.52
0.50
0.52
0.39
0.39
0.43
0.43
0.39
0.35
0.41
0.35
0.51
0.51
0.50
0.49
CorWatt	PkgWatt
18.57	130.40
0.62	130.40
0.45
0.48
0.48
1.08
1.09
1.74
1.66
0.46
0.49
0.42
0.39
0.54
0.53
0.52
0.52
0.47
0.48
0.47
0.48
0.40
0.39
0.41
0.43
0.37
0.37
0.38
0.38
0.53
0.51
0.51
0.52
CorWatt	PkgWatt
19.81	131.60
0.63	131.60
0.45
0.48
0.46
1.34
1.35
3.15
1.34
0.42
0.48
0.38
0.39
0.50
0.50
0.49
0.50
0.45
0.49
0.46
0.48
0.40
0.40
0.41
0.43
0.35
0.35
0.36
0.38
0.52
0.51
0.50
0.49
CorWatt	PkgWatt
19.86	131.78
0.61	131.78
0.44
0.46
0.46
1.34
1.35
3.13
1.34
0.42
0.48
0.41
0.40
0.51
0.50
0.49
0.53
0.45
0.47
0.46
0.46
0.41
0.39
0.43
0.46
0.35
0.35
0.37
0.35
0.52
0.51
0.50
0.51
CorWatt	PkgWatt
19.84	131.54
0.61	131.54
0.47
0.46
0.45
1.34
1.35
2.99
1.48
0.42
0.48
0.39
0.41
0.50
0.50
0.51
0.52
0.45
0.49
0.46
0.47
0.41
0.39
0.39
0.45
0.35
0.36
0.36
0.36
0.52
0.51
0.51
0.50
CorWatt	PkgWatt
20.08	131.68
0.60	131.69
0.46
0.48
0.49
1.34
1.35
2.37
2.11
0.42
0.48
0.44
0.38
0.51
0.50
0.49
0.51
0.45
0.47
0.46
0.48
0.40
0.39
0.41
0.44
0.38
0.37
0.36
0.35
0.56
0.55
0.54
0.54
CorWatt	PkgWatt
19.80	131.63
0.60	131.62
0.49
0.51
0.45
1.34
1.35
3.14
1.34
0.42
0.48
0.39
0.38
0.50
0.50
0.49
0.51
0.45
0.48
0.46
0.47
0.42
0.40
0.39
0.44
0.35
0.35
0.36
0.35
0.52
0.51
0.50
0.49
CorWatt	PkgWatt
19.75	131.63
0.60	131.63
0.48
0.46
0.47
1.34
1.35
1.85
2.62
0.42
0.48
0.39
0.38
0.51
0.50
0.49
0.51
0.45
0.49
0.45
0.46
0.39
0.39
0.38
0.44
0.36
0.35
0.36
0.35
0.51
0.51
0.50
0.51
CorWatt	PkgWatt
19.84	131.70
0.60	131.69
0.47
0.55
0.47
1.34
1.35
1.49
2.98
0.42
0.47
0.39
0.38
0.50
0.51
0.49
0.51
0.45
0.48
0.47
0.46
0.39
0.39
0.39
0.45
0.35
0.35
0.36
0.37
0.51
0.51
0.50
0.49
CorWatt	PkgWatt
19.96	131.73
0.59	131.74
0.44
0.51
0.48
1.34
1.35
1.55
2.92
0.43
0.47
0.39
0.39
0.51
0.51
0.50
0.52
0.45
0.48
0.46
0.46
0.39
0.40
0.42
0.46
0.36
0.38
0.38
0.37
0.52
0.53
0.51
0.52
CorWatt	PkgWatt
19.76	131.60
0.60	131.59
0.45
0.52
0.48
1.33
1.35
3.14
1.34
0.41
0.46
0.39
0.39
0.50
0.50
0.49
0.51
0.44
0.47
0.47
0.48
0.40
0.39
0.38
0.45
0.35
0.35
0.36
0.35
0.51
0.50
0.50
0.49
CorWatt	PkgWatt
19.78	131.70
0.59	131.70
0.44
0.50
0.45
1.34
1.35
3.14
1.34
0.44
0.49
0.41
0.38
0.51
0.51
0.49
0.51
0.45
0.47
0.45
0.47
0.39
0.39
0.38
0.44
0.35
0.35
0.36
0.35
0.51
0.51
0.50
0.51
CorWatt	PkgWatt
19.62	131.44
0.68	131.45
0.54
0.57
0.53
0.94
0.96
1.86
0.99
0.51
0.53
0.45
0.44
0.56
0.56
0.57
0.58
0.50
0.51
0.50
0.51
0.48
0.48
0.46
0.52
0.40
0.41
0.42
0.40
0.57
1.05
0.57
0.55
CorWatt	PkgWatt
16.57	128.70
0.50	128.71
0.50
0.49
0.45
0.51
0.53
0.57
0.56
0.42
0.45
0.43
0.39
0.51
0.52
0.53
0.52
0.45
0.47
0.47
0.47
0.46
0.41
0.40
0.49
0.58
0.58
0.85
0.87
0.52
0.63
0.51
0.52
CorWatt	PkgWatt
16.18	128.46
0.50	128.46
0.49
0.49
0.47
0.48
0.49
0.55
0.50
0.43
0.43
0.41
0.38
0.50
0.50
0.52
0.53
0.44
0.47
0.46
0.46
0.46
0.38
0.39
0.42
0.60
0.61
0.95
0.72
0.52
0.62
0.50
0.50
CorWatt	PkgWatt
16.33	128.74
0.52	128.74
0.49
0.48
0.44
0.48
0.49
0.55
0.50
0.41
0.44
0.46
0.38
0.51
0.50
0.49
0.51
0.44
0.46
0.47
0.49
0.46
0.41
0.43
0.42
0.62
0.61
1.04
0.63
0.54
0.62
0.52
0.53
CorWatt	PkgWatt
16.14	128.46
0.51	128.45
0.52
0.48
0.44
0.49
0.49
0.54
0.49
0.42
0.44
0.41
0.38
0.51
0.51
0.50
0.51
0.44
0.48
0.46
0.46
0.46
0.38
0.40
0.43
0.61
0.60
1.02
0.62
0.52
0.62
0.50
0.50
CorWatt	PkgWatt
16.37	129.06
0.49	129.07
0.53
0.48
0.43
0.50
0.50
0.51
0.51
0.41
0.48
0.40
0.38
0.51
0.50
0.50
0.51
0.46
0.48
0.47
0.48
0.38
0.38
0.39
0.43
1.33
0.59
0.61
0.59
0.52
0.62
0.51
0.52
CorWatt	PkgWatt
18.86	133.73
0.53	133.73
0.50
0.52
0.44
0.48
0.48
0.48
0.49
0.44
0.47
0.40
0.38
0.50
0.51
0.51
0.51
0.44
0.47
0.47
0.46
0.39
0.39
0.41
0.42
4.36
0.38
0.41
0.40
0.53
0.61
0.52
0.53
CorWatt	PkgWatt
18.74	133.73
0.53	133.73
0.51
0.49
0.46
0.48
0.49
0.49
0.49
0.42
0.48
0.40
0.39
0.51
0.51
0.50
0.52
0.44
0.47
0.45
0.46
0.38
0.38
0.39
0.42
4.36
0.37
0.37
0.39
0.52
0.61
0.52
0.52
CorWatt	PkgWatt
18.84	133.67
0.52	133.66
0.49
0.49
0.44
0.49
0.49
0.49
0.49
0.41
0.47
0.40
0.38
0.50
0.51
0.50
0.51
0.45
0.47
0.48
0.48
0.40
0.39
0.41
0.42
4.36
0.39
0.38
0.44
0.52
0.62
0.52
0.51
CorWatt	PkgWatt
18.79	133.65
0.53	133.66
0.51
0.49
0.43
0.49
0.49
0.51
0.49
0.42
0.47
0.40
0.38
0.51
0.51
0.49
0.51
0.45
0.49
0.45
0.49
0.39
0.38
0.40
0.42
4.36
0.37
0.37
0.43
0.52
0.61
0.51
0.52
CorWatt	PkgWatt
18.99	133.85
0.52	133.85
0.49
0.50
0.45
0.50
0.50
0.52
0.51
0.42
0.48
0.41
0.39
0.51
0.52
0.52
0.52
0.46
0.47
0.48
0.47
0.40
0.39
0.39
0.43
4.35
0.39
0.40
0.41
0.53
0.62
0.52
0.52
CorWatt	PkgWatt
18.91	133.78
0.51	133.78
0.53
0.46
0.43
0.49
0.49
0.52
0.50
0.42
0.47
0.42
0.40
0.51
0.51
0.52
0.52
0.44
0.48
0.46
0.48
0.41
0.38
0.40
0.43
4.37
0.39
0.40
0.40
0.52
0.63
0.51
0.52
CorWatt	PkgWatt
18.97	133.73
0.52	133.73
0.53
0.47
0.44
0.49
0.49
0.49
0.50
0.43
0.47
0.38
0.38
0.50
0.51
0.50
0.52
0.45
0.48
0.47
0.47
0.41
0.38
0.41
0.46
4.37
0.40
0.39
0.41
0.54
0.63
0.54
0.54
CorWatt	PkgWatt
18.80	133.57
0.52	133.58
0.51
0.45
0.43
0.48
0.49
0.50
0.50
0.41
0.47
0.43
0.38
0.51
0.51
0.49
0.51
0.44
0.47
0.45
0.47
0.39
0.38
0.40
0.44
4.37
0.39
0.38
0.39
0.53
0.64
0.53
0.55
CorWatt	PkgWatt
18.89	133.71
0.52	133.71
0.53
0.46
0.44
0.49
0.51
0.48
0.49
0.42
0.47
0.38
0.39
0.50
0.51
0.51
0.53
0.46
0.49
0.48
0.47
0.39
0.38
0.44
0.43
4.36
0.37
0.38
0.41
0.52
0.63
0.51
0.51
CorWatt	PkgWatt
18.86	133.79
0.52	133.79
0.52
0.44
0.43
0.48
0.49
0.50
0.49
0.42
0.48
0.39
0.38
0.54
0.53
0.54
0.54
0.45
0.46
0.45
0.50
0.39
0.38
0.40
0.44
4.36
0.37
0.37
0.39
0.53
0.64
0.51
0.53
CorWatt	PkgWatt
18.91	133.72
0.54	133.71
0.54
0.47
0.45
0.49
0.49
0.49
0.49
0.44
0.51
0.40
0.38
0.51
0.51
0.50
0.53
0.45
0.48
0.47
0.47
0.40
0.39
0.39
0.44
4.37
0.37
0.38
0.40
0.53
0.61
0.51
0.51
CorWatt	PkgWatt
18.80	133.58
0.53	133.58
0.51
0.50
0.44
0.48
0.49
0.50
0.49
0.42
0.47
0.39
0.38
0.51
0.51
0.50
0.53
0.45
0.48
0.46
0.47
0.39
0.38
0.39
0.43
4.36
0.37
0.38
0.39
0.53
0.62
0.51
0.52
CorWatt	PkgWatt
17.94	130.08
0.86	130.10
0.68
0.61
0.58
0.56
0.54
0.77
0.59
0.48
0.52
0.43
0.42
0.56
0.57
0.56
0.57
0.50
0.53
0.53
0.52
0.48
0.45
0.47
0.81
0.64
0.44
0.42
0.44
0.60
0.64
0.59
0.57
CorWatt	PkgWatt
16.42	128.64
0.77	128.63
1.21
0.76
0.70
0.50
0.50
0.62
0.50
0.44
0.51
0.41
0.38
0.54
0.53
0.52
0.51
0.45
0.47
0.47
0.46
0.42
0.39
0.41
0.42
0.38
0.35
0.37
0.37
0.52
0.51
0.50
0.52
CorWatt	PkgWatt
16.48	128.58
0.77	128.57
1.20
0.76
0.69
0.50
0.50
0.62
0.51
0.42
0.48
0.39
0.39
0.51
0.52
0.50
0.52
0.47
0.50
0.47
0.50
0.44
0.40
0.43
0.42
0.37
0.38
0.38
0.36
0.53
0.52
0.52
0.51
CorWatt	PkgWatt
16.63	128.56
0.85	128.57
1.13
0.77
0.73
0.49
0.49
0.62
0.49
0.42
0.50
0.42
0.40
0.51
0.53
0.49
0.54
0.46
0.49
0.50
0.48
0.45
0.42
0.45
0.46
0.38
0.38
0.37
0.37
0.51
0.51
0.51
0.52
CorWatt	PkgWatt
16.06	128.35
0.90	128.34
1.05
0.73
0.72
0.49
0.49
0.60
0.49
0.41
0.47
0.37
0.39
0.50
0.52
0.50
0.52
0.44
0.48
0.47
0.46
0.42
0.40
0.38
0.40
0.35
0.36
0.37
0.37
0.52
0.51
0.50
0.49
CorWatt	PkgWatt
16.74	128.92
1.49	128.93
0.84
0.71
0.71
0.52
0.49
0.63
0.50
0.42
0.48
0.43
0.38
0.50
0.52
0.49
0.52
0.44
0.46
0.45
0.46
0.42
0.40
0.38
0.39
0.38
0.40
0.36
0.37
0.57
0.54
0.55
0.53
CorWatt	PkgWatt
17.90	130.36
2.30	130.35
1.55
0.65
0.61
0.50
0.50
0.60
0.49
0.44
0.48
0.38
0.38
0.50
0.52
0.50
0.52
0.44
0.47
0.47
0.46
0.45
0.42
0.38
0.40
0.35
0.35
0.38
0.36
0.53
0.52
0.50
0.50
CorWatt	PkgWatt
17.87	130.43
1.24	130.43
2.65
0.63
0.63
0.50
0.50
0.62
0.50
0.41
0.49
0.38
0.40
0.50
0.51
0.50
0.51
0.45
0.49
0.45
0.47
0.41
0.40
0.39
0.39
0.35
0.35
0.37
0.35
0.51
0.51
0.50
0.51
CorWatt	PkgWatt
17.86	130.15
0.68	130.15
3.23
0.61
0.67
0.49
0.50
0.62
0.50
0.41
0.50
0.37
0.38
0.50
0.52
0.49
0.51
0.44
0.47
0.47
0.48
0.41
0.41
0.39
0.39
0.35
0.35
0.36
0.36
0.52
0.51
0.50
0.49
CorWatt	PkgWatt
18.01	130.25
0.68	130.25
3.23
0.59
0.67
0.49
0.50
0.63
0.51
0.42
0.49
0.38
0.38
0.50
0.52
0.50
0.51
0.45
0.47
0.45
0.46
0.42
0.42
0.40
0.41
0.35
0.37
0.37
0.37
0.52
0.52
0.51
0.51
CorWatt	PkgWatt
17.76	130.28
2.32	130.27
1.53
0.60
0.66
0.49
0.50
0.60
0.52
0.41
0.47
0.38
0.39
0.50
0.52
0.49
0.51
0.45
0.47
0.47
0.46
0.42
0.41
0.38
0.39
0.35
0.35
0.36
0.36
0.52
0.51
0.50
0.49
CorWatt	PkgWatt
17.63	130.17
3.10	130.18
0.65
0.58
0.65
0.49
0.50
0.60
0.50
0.43
0.50
0.40
0.38
0.50
0.52
0.49
0.51
0.44
0.46
0.45
0.46
0.41
0.40
0.38
0.39
0.35
0.35
0.36
0.35
0.52
0.51
0.50
0.51
CorWatt	PkgWatt
17.89	130.38
1.82	130.38
2.01
0.59
0.65
0.51
0.52
0.62
0.53
0.41
0.48
0.38
0.38
0.52
0.52
0.51
0.52
0.46
0.47
0.47
0.47
0.43
0.43
0.38
0.42
0.35
0.35
0.36
0.35
0.52
0.50
0.50
0.49
CorWatt	PkgWatt
18.08	130.37
0.96	130.37
2.96
0.58
0.67
0.51
0.53
0.62
0.51
0.42
0.47
0.39
0.38
0.51
0.53
0.51
0.53
0.45
0.46
0.46
0.48
0.43
0.43
0.38
0.41
0.35
0.35
0.35
0.37
0.51
0.52
0.52
0.51
CorWatt	PkgWatt
17.95	130.22
0.68	130.21
3.25
0.60
0.66
0.50
0.51
0.61
0.50
0.43
0.47
0.38
0.38
0.50
0.52
0.51
0.53
0.45
0.48
0.46
0.46
0.43
0.39
0.40
0.39
0.35
0.36
0.36
0.36
0.52
0.51
0.50
0.49
CorWatt	PkgWatt
18.04	130.31
0.67	130.32
3.22
0.63
0.63
0.50
0.50
0.62
0.49
0.41
0.48
0.42
0.38
0.50
0.52
0.49
0.51
0.44
0.47
0.47
0.48
0.41
0.39
0.40
0.42
0.39
0.37
0.37
0.36
0.54
0.52
0.52
0.52
CorWatt	PkgWatt
17.79	130.25
0.68	130.24
3.23
0.64
0.64
0.49
0.50
0.61
0.49
0.43
0.49
0.39
0.38
0.50
0.52
0.49
0.50
0.44
0.48
0.46
0.46
0.41
0.38
0.39
0.39
0.35
0.35
0.36
0.35
0.51
0.51
0.50
0.49
CorWatt	PkgWatt
17.39	129.63
0.63	129.65
2.20
0.59
0.58
0.54
0.54
0.65
0.54
0.44
0.49
0.40
0.38
0.50
0.54
0.50
0.50
0.46
0.49
0.47
0.47
0.44
0.39
0.39
0.39
0.66
0.37
0.37
0.36
0.53
0.53
0.53
0.53
CorWatt	PkgWatt
17.72	129.67
0.80	129.66
0.50
0.55
0.54
0.76
0.73
0.73
1.26
0.47
0.46
0.42
0.41
0.54
0.56
0.54
0.56
0.49
0.52
0.51
0.51
0.48
0.46
0.48
0.44
0.43
0.42
0.44
0.40
0.57
0.61
0.57
0.56
CorWatt	PkgWatt
16.36	128.55
0.62	128.55
0.47
0.50
0.54
0.74
0.73
0.73
1.27
0.44
0.44
0.40
0.39
0.51
0.52
0.50
0.51
0.46
0.48
0.46
0.47
0.41
0.38
0.38
0.39
0.38
0.37
0.37
0.40
0.51
0.57
0.50
0.51
CorWatt	PkgWatt
16.19	128.27
0.60	128.26
0.45
0.50
0.56
0.76
0.73
0.73
1.30
0.41
0.44
0.38
0.37
0.50
0.52
0.49
0.51
0.44
0.47
0.49
0.48
0.41
0.38
0.38
0.39
0.37
0.36
0.35
0.36
0.52
0.55
0.50
0.49
CorWatt	PkgWatt
16.18	128.23
0.60	128.22
0.47
0.46
0.55
0.74
0.73
0.73
1.32
0.44
0.45
0.38
0.37
0.51
0.52
0.49
0.53
0.44
0.48
0.45
0.47
0.42
0.38
0.38
0.39
0.36
0.35
0.35
0.35
0.51
0.57
0.51
0.50
CorWatt	PkgWatt
16.46	128.50
0.59	128.50
0.45
0.46
0.55
0.75
0.74
0.73
1.32
0.42
0.48
0.39
0.39
0.52
0.54
0.54
0.52
0.46
0.48
0.48
0.47
0.43
0.40
0.39
0.40
0.38
0.38
0.39
0.36
0.52
0.53
0.51
0.51
CorWatt	PkgWatt
17.52	130.18
0.59	130.19
0.44
0.46
0.55
0.56
0.53
0.53
3.13
0.42
0.47
0.39
0.39
0.50
0.52
0.51
0.51
0.44
0.47
0.46
0.51
0.42
0.40
0.38
0.39
0.36
0.37
0.38
0.40
0.51
0.53
0.50
0.51
CorWatt	PkgWatt
17.59	130.24
0.60	130.23
0.46
0.47
0.50
0.51
0.50
0.49
3.37
0.42
0.47
0.39
0.38
0.50
0.53
0.50
0.51
0.44
0.47
0.46
0.46
0.44
0.40
0.39
0.41
0.35
0.38
0.36
0.37
0.52
0.53
0.52
0.52
CorWatt	PkgWatt
17.49	130.13
0.59	130.12
0.44
0.45
0.48
0.52
0.50
0.50
3.37
0.41
0.46
0.42
0.38
0.50
0.52
0.49
0.50
0.44
0.46
0.45
0.45
0.41
0.40
0.38
0.39
0.36
0.37
0.35
0.40
0.52
0.52
0.52
0.53
CorWatt	PkgWatt
17.55	130.27
0.59	130.26
0.46
0.46
0.50
0.52
0.52
0.49
3.37
0.42
0.46
0.39
0.38
0.50
0.53
0.51
0.52
0.45
0.50
0.48
0.46
0.41
0.39
0.39
0.40
0.35
0.35
0.36
0.35
0.51
0.52
0.51
0.50
CorWatt	PkgWatt
17.51	130.36
0.59	130.37
0.45
0.46
0.50
0.52
0.50
0.50
3.37
0.41
0.49
0.40
0.37
0.52
0.54
0.53
0.53
0.44
0.46
0.45
0.45
0.41
0.40
0.38
0.39
0.35
0.35
0.35
0.35
0.52
0.52
0.50
0.51
CorWatt	PkgWatt
17.46	130.18
0.59	130.18
0.44
0.46
0.50
0.52
0.50
0.49
3.37
0.42
0.49
0.40
0.38
0.50
0.53
0.49
0.52
0.44
0.47
0.46
0.46
0.41
0.39
0.43
0.39
0.35
0.35
0.35
0.35
0.51
0.51
0.50
0.49
CorWatt	PkgWatt
17.45	130.13
0.60	130.14
0.45
0.46
0.49
0.51
0.51
0.50
3.37
0.42
0.47
0.39
0.37
0.51
0.53
0.50
0.51
0.44
0.46
0.45
0.49
0.41
0.40
0.38
0.39
0.35
0.35
0.35
0.35
0.51
0.51
0.50
0.50
CorWatt	PkgWatt
17.51	130.12
0.60	130.11
0.46
0.46
0.51
0.52
0.50
0.50
3.37
0.41
0.47
0.38
0.38
0.51
0.55
0.51
0.53
0.44
0.47
0.47
0.46
0.41
0.40
0.38
0.39
0.36
0.36
0.36
0.35
0.51
0.51
0.50
0.49
CorWatt	PkgWatt
17.59	130.33
0.60	130.34
0.44
0.46
0.50
0.52
0.50
0.50
3.37
0.44
0.50
0.41
0.38
0.53
0.56
0.51
0.51
0.44
0.46
0.46
0.46
0.41
0.40
0.38
0.39
0.35
0.35
0.35
0.40
0.51
0.50
0.50
0.51
CorWatt	PkgWatt
17.37	130.11
0.58	130.11
0.46
0.45
0.53
0.52
0.50
0.49
3.37
0.41
0.46
0.38
0.38
0.50
0.52
0.49
0.50
0.44
0.49
0.46
0.48
0.42
0.39
0.38
0.39
0.35
0.35
0.35
0.35
0.51
0.50
0.50
0.49
CorWatt	PkgWatt
17.49	130.16
0.58	130.16
0.45
0.47
0.50
0.53
0.50
0.50
3.37
0.41
0.46
0.40
0.39
0.50
0.54
0.49
0.50
0.45
0.46
0.46
0.46
0.42
0.41
0.40
0.41
0.35
0.35
0.35
0.35
0.51
0.50
0.50
0.51
CorWatt	PkgWatt
17.56	130.23
0.58	130.22
0.44
0.51
0.50
0.52
0.50
0.49
3.37
0.43
0.49
0.40
0.39
0.50
0.50
0.50
0.51
0.44
0.47
0.46
0.49
0.41
0.41
0.40
0.40
0.35
0.37
0.35
0.35
0.51
0.51
0.50
0.49
CorWatt	PkgWatt
18.29	130.27
0.62	130.30
0.51
0.58
0.78
0.69
0.88
0.65
1.17
0.47
0.51
0.45
0.43
0.55
0.53
0.54
0.57
0.50
0.85
0.52
0.52
0.52
0.49
0.46
0.47
0.43
0.42
0.41
0.41
0.60
0.59
0.59
0.58
CorWatt	PkgWatt
16.90	128.81
0.53	128.79
0.46
0.54
0.58
0.84
1.56
0.86
0.85
0.41
0.47
0.39
0.39
0.51
0.50
0.49
0.51
0.45
0.48
0.46
0.47
0.49
0.43
0.40
0.40
0.35
0.35
0.36
0.35
0.52
0.52
0.50
0.49
CorWatt	PkgWatt
16.74	128.58
0.52	128.58
0.44
0.54
0.57
0.84
1.55
0.86
0.84
0.42
0.48
0.38
0.39
0.50
0.50
0.50
0.51
0.45
0.49
0.45
0.46
0.41
0.41
0.39
0.39
0.35
0.35
0.35
0.37
0.51
0.52
0.51
0.51
CorWatt	PkgWatt
16.83	128.72
0.55	128.72
0.47
0.57
0.57
0.84
1.52
0.91
0.84
0.41
0.48
0.38
0.38
0.50
0.51
0.49
0.51
0.44
0.48
0.47
0.47
0.42
0.41
0.38
0.39
0.35
0.35
0.36
0.35
0.52
0.51
0.50
0.50
CorWatt	PkgWatt
16.83	128.78
0.53	128.78
0.45
0.54
0.59
0.84
1.54
0.87
0.84
0.44
0.46
0.38
0.39
0.50
0.50
0.49
0.51
0.44
0.47
0.45
0.46
0.41
0.41
0.41
0.42
0.35
0.37
0.37
0.36
0.51
0.52
0.51
0.50
CorWatt	PkgWatt
16.68	128.71
0.52	128.71
0.46
0.56
0.61
0.84
1.55
0.85
0.84
0.44
0.45
0.37
0.37
0.50
0.50
0.48
0.50
0.44
0.47
0.47
0.47
0.41
0.40
0.39
0.39
0.35
0.35
0.35
0.35
0.51
0.51
0.50
0.49
CorWatt	PkgWatt
17.28	129.12
0.50	129.12
0.43
0.55
0.56
0.94
1.87
0.96
0.94
0.45
0.47
0.39
0.38
0.51
0.50
0.48
0.51
0.44
0.47
0.45
0.46
0.41
0.41
0.38
0.39
0.35
0.35
0.35
0.35
0.51
0.50
0.50
0.50
CorWatt	PkgWatt
19.86	131.53
0.54	131.52
0.44
0.52
0.55
1.33
2.66
1.84
1.33
0.43
0.46
0.38
0.37
0.51
0.50
0.50
0.52
0.45
0.48
0.46
0.46
0.42
0.42
0.39
0.42
0.35
0.36
0.35
0.35
0.51
0.52
0.51
0.49
CorWatt	PkgWatt
20.15	131.83
0.54	131.84
0.45
0.51
0.57
1.33
1.35
1.84
2.62
0.44
0.47
0.41
0.38
0.52
0.53
0.54
0.52
0.47
0.48
0.47
0.48
0.46
0.45
0.39
0.43
0.36
0.36
0.36
0.37
0.52
0.52
0.51
0.51
CorWatt	PkgWatt
19.75	130.90
0.54	131.53
0.44
0.50
0.58
1.33
1.35
3.13
1.33
0.43
0.46
0.41
0.38
0.51
0.51
0.52
0.51
0.45
0.48
0.46
0.46
0.42
0.39
0.38
0.40
0.35
0.35
0.36
0.35
0.51
0.51
0.50
0.49
CorWatt	PkgWatt
19.96	132.19
0.51	131.56
0.44
0.51
0.59
1.33
1.35
2.39
2.09
0.43
0.45
0.40
0.38
0.50
0.52
0.49
0.50
0.44
0.46
0.47
0.49
0.42
0.38
0.42
0.41
0.38
0.36
0.37
0.36
0.52
0.51
0.52
0.52
CorWatt	PkgWatt
19.87	131.54
0.53	131.53
0.44
0.51
0.60
1.33
1.35
2.97
1.51
0.43
0.46
0.39
0.40
0.50
0.52
0.49
0.51
0.45
0.47
0.46
0.47
0.42
0.40
0.39
0.40
0.35
0.36
0.36
0.35
0.51
0.50
0.50
0.51
CorWatt	PkgWatt
19.75	131.37
0.52	131.38
0.44
0.51
0.59
1.34
1.35
2.81
1.67
0.42
0.46
0.38
0.37
0.50
0.51
0.48
0.50
0.47
0.49
0.47
0.48
0.41
0.38
0.38
0.40
0.35
0.36
0.36
0.35
0.51
0.51
0.50
0.50
CorWatt	PkgWatt
19.86	131.53
0.53	131.53
0.44
0.53
0.59
1.34
1.35
1.70
2.78
0.44
0.46
0.38
0.38
0.50
0.51
0.50
0.50
0.45
0.47
0.46
0.46
0.42
0.40
0.39
0.40
0.35
0.36
0.36
0.35
0.51
0.50
0.52
0.50
CorWatt	PkgWatt
19.83	131.30
0.54	131.30
0.47
0.52
0.61
1.34
1.35
3.14
1.34
0.43
0.46
0.38
0.39
0.51
0.51
0.50
0.51
0.44
0.47
0.45
0.46
0.42
0.39
0.38
0.40
0.36
0.35
0.35
0.36
0.51
0.50
0.50
0.51
CorWatt	PkgWatt
19.87	131.42
0.52	131.42
0.45
0.52
0.60
1.33
1.35
3.15
1.33
0.42
0.46
0.37
0.37
0.50
0.52
0.49
0.51
0.45
0.47
0.49
0.49
0.41
0.39
0.39
0.40
0.37
0.37
0.35
0.35
0.52
0.51
0.50
0.50
CorWatt	PkgWatt
19.78	131.30
0.52	131.31
0.46
0.52
0.59
1.34
1.35
3.15
1.34
0.43
0.46
0.37
0.38
0.50
0.51
0.50
0.51
0.44
0.48
0.46
0.47
0.41
0.38
0.38
0.40
0.35
0.35
0.36
0.35
0.51
0.51
0.50
0.50
CorWatt	PkgWatt
18.49	130.20
0.52	130.20
0.44
0.51
0.61
1.11
1.13
1.85
1.73
0.43
0.45
0.37
0.40
0.50
0.52
0.51
0.51
0.45
0.47
0.47
0.46
0.42
0.38
0.38
0.40
0.37
0.37
0.37
0.36
0.53
0.50
0.50
0.49
CorWatt	PkgWatt
20.90	135.35
0.59	135.37
0.53
0.59
0.56
0.55
0.60
0.66
0.57
0.47
0.50
0.48
0.50
0.58
0.59
0.60
0.59
0.53
0.52
0.51
0.53
0.56
0.51
0.47
0.48
0.45
3.53
0.49
0.48
1.14
0.59
0.58
0.58
CorWatt	PkgWatt
20.38	137.60
0.55	137.58
0.46
0.56
0.46
0.49
0.49
0.54
0.50
0.39
0.43
0.41
0.37
0.49
0.52
0.50
0.51
0.44
0.49
0.46
0.46
0.49
0.44
0.40
0.41
0.38
5.75
0.40
0.37
0.63
0.54
0.54
0.53
CorWatt	PkgWatt
20.08	137.45
0.52	137.45
0.43
0.53
0.44
0.48
0.49
0.54
0.48
0.37
0.42
0.39
0.38
0.49
0.52
0.49
0.51
0.44
0.46
0.45
0.47
0.46
0.42
0.39
0.39
0.37
5.75
0.39
0.37
0.64
0.53
0.52
0.53
CorWatt	PkgWatt
20.04	137.40
0.53	137.39
0.44
0.54
0.44
0.50
0.51
0.52
0.49
0.37
0.42
0.37
0.36
0.49
0.52
0.50
0.52
0.45
0.48
0.48
0.46
0.45
0.42
0.38
0.39
0.36
5.76
0.39
0.35
0.64
0.51
0.50
0.50
CorWatt	PkgWatt
20.03	137.34
0.52	137.34
0.45
0.54
0.43
0.48
0.49
0.51
0.48
0.37
0.44
0.39
0.37
0.51
0.54
0.52
0.53
0.44
0.46
0.45
0.46
0.45
0.41
0.38
0.39
0.36
5.75
0.39
0.35
0.64
0.52
0.50
0.51
CorWatt	PkgWatt
20.17	137.46
0.53	137.45
0.45
0.59
0.44
0.49
0.50
0.49
0.50
0.40
0.44
0.40
0.38
0.50
0.53
0.49
0.51
0.44
0.47
0.47
0.46
0.47
0.42
0.38
0.39
0.37
5.75
0.39
0.36
0.63
0.51
0.50
0.50
CorWatt	PkgWatt
20.08	137.49
0.53	137.50
0.45
0.56
0.44
0.52
0.48
0.50
0.49
0.38
0.45
0.38
0.38
0.49
0.54
0.49
0.51
0.44
0.47
0.45
0.46
0.46
0.42
0.38
0.39
0.36
5.75
0.39
0.36
0.63
0.51
0.50
0.51
CorWatt	PkgWatt
19.98	137.50
0.54	137.50
0.44
0.53
0.45
0.48
0.48
0.49
0.48
0.37
0.43
0.37
0.37
0.49
0.54
0.50
0.52
0.44
0.47
0.47
0.46
0.45
0.42
0.38
0.39
0.36
5.76
0.39
0.35
0.64
0.51
0.50
0.49
CorWatt	PkgWatt
20.36	137.68
0.54	137.69
0.44
0.51
0.51
0.48
0.49
0.51
0.48
0.39
0.45
0.41
0.40
0.53
0.55
0.52
0.51
0.44
0.46
0.47
0.52
0.46
0.42
0.38
0.39
0.36
5.76
0.39
0.39
0.63
0.52
0.52
0.51
CorWatt	PkgWatt
20.10	137.54
0.53	137.53
0.46
0.50
0.48
0.49
0.49
0.49
0.49
0.37
0.43
0.37
0.38
0.49
0.54
0.49
0.51
0.46
0.50
0.46
0.51
0.45
0.42
0.38
0.40
0.37
5.76
0.39
0.35
0.62
0.51
0.50
0.50
CorWatt	PkgWatt
20.12	137.53
0.52	137.53
0.43
0.53
0.48
0.48
0.49
0.50
0.48
0.37
0.43
0.39
0.38
0.49
0.54
0.48
0.51
0.46
0.48
0.46
0.48
0.46
0.42
0.40
0.41
0.36
5.75
0.39
0.35
0.63
0.53
0.50
0.52
CorWatt	PkgWatt
19.96	137.66
0.52	137.66
0.43
0.53
0.45
0.48
0.49
0.48
0.49
0.38
0.42
0.41
0.38
0.48
0.51
0.49
0.50
0.44
0.48
0.46
0.47
0.46
0.42
0.38
0.39
0.37
5.75
0.41
0.35
0.63
0.51
0.50
0.50
CorWatt	PkgWatt
20.20	137.68
0.52	137.68
0.44
0.55
0.49
0.51
0.49
0.51
0.50
0.37
0.42
0.39
0.37
0.49
0.50
0.50
0.50
0.44
0.46
0.45
0.47
0.47
0.42
0.38
0.40
0.39
5.76
0.40
0.36
0.66
0.55
0.54
0.52
CorWatt	PkgWatt
20.35	137.72
0.53	137.72
0.45
0.56
0.46
0.49
0.50
0.50
0.50
0.39
0.43
0.37
0.38
0.50
0.50
0.50
0.52
0.47
0.48
0.48
0.48
0.51
0.45
0.40
0.41
0.38
5.76
0.40
0.36
0.63
0.51
0.52
0.51
CorWatt	PkgWatt
20.33	137.76
0.54	137.76
0.45
0.54
0.49
0.48
0.50
0.51
0.49
0.38
0.44
0.37
0.38
0.50
0.50
0.49
0.56
0.47
0.49
0.46
0.51
0.45
0.43
0.38
0.41
0.38
5.75
0.41
0.39
0.64
0.51
0.51
0.52
CorWatt	PkgWatt
20.03	137.74
0.56	137.74
0.45
0.54
0.48
0.48
0.49
0.49
0.49
0.38
0.43
0.37
0.37
0.49
0.50
0.48
0.54
0.45
0.48
0.46
0.47
0.43
0.42
0.38
0.39
0.36
5.76
0.39
0.36
0.64
0.51
0.50
0.50
CorWatt	PkgWatt
20.97	138.26
0.56	138.28
0.46
0.55
0.53
0.51
0.51
0.50
0.53
0.40
0.46
0.41
0.41
0.53
0.53
0.52
0.55
0.48
0.51
0.49
0.50
0.43
0.44
0.39
0.41
0.41
5.75
0.43
0.41
0.67
0.56
0.56
0.55
CorWatt	PkgWatt
19.43	133.47
0.61	133.47
0.54
0.63
0.89
0.56
0.56
0.56
1.06
0.48
0.50
0.44
0.49
0.56
0.57
0.58
0.60
0.51
0.53
0.52
0.52
0.50
0.48
0.44
0.47
0.42
2.06
0.45
0.43
0.68
0.60
0.58
0.60
CorWatt	PkgWatt
17.67	130.77
0.57	130.76
0.51
0.53
3.15
0.50
0.50
0.51
0.62
0.41
0.45
0.40
0.39
0.52
0.51
0.50
0.52
0.46
0.47
0.46
0.47
0.44
0.43
0.40
0.41
0.38
0.39
0.37
0.36
0.52
0.51
0.50
0.52
CorWatt	PkgWatt
17.57	130.49
0.57	130.49
0.46
0.54
3.12
0.51
0.51
0.51
0.63
0.38
0.44
0.38
0.38
0.51
0.50
0.51
0.53
0.45
0.48
0.46
0.48
0.43
0.45
0.45
0.42
0.36
0.36
0.36
0.35
0.51
0.52
0.50
0.51
CorWatt	PkgWatt
17.82	130.70
0.55	130.68
0.46
0.56
3.12
0.50
0.53
0.52
0.61
0.39
0.44
0.40
0.38
0.52
0.53
0.53
0.53
0.47
0.47
0.46
0.49
0.48
0.45
0.44
0.43
0.36
0.38
0.37
0.37
0.52
0.52
0.50
0.53
CorWatt	PkgWatt
17.64	130.64
0.57	130.65
0.47
0.54
3.12
0.50
0.51
0.51
0.61
0.41
0.44
0.42
0.38
0.51
0.53
0.50
0.52
0.46
0.50
0.48
0.47
0.41
0.44
0.43
0.40
0.38
0.35
0.36
0.35
0.52
0.52
0.51
0.52
CorWatt	PkgWatt
17.64	130.45
0.57	130.46
0.47
0.55
3.12
0.49
0.51
0.50
0.60
0.38
0.44
0.40
0.38
0.51
0.52
0.49
0.51
0.47
0.47
0.47
0.48
0.39
0.44
0.45
0.42
0.38
0.38
0.38
0.39
0.53
0.51
0.52
0.53
CorWatt	PkgWatt
17.41	130.24
0.56	130.23
0.46
0.59
3.12
0.51
0.51
0.49
0.61
0.39
0.44
0.38
0.38
0.51
0.52
0.49
0.51
0.44
0.47
0.46
0.47
0.39
0.44
0.44
0.40
0.35
0.36
0.37
0.36
0.51
0.50
0.50
0.49
CorWatt	PkgWatt
17.46	130.25
0.55	130.24
0.47
0.56
3.12
0.50
0.50
0.50
0.62
0.38
0.44
0.38
0.38
0.50
0.52
0.50
0.51
0.46
0.49
0.47
0.49
0.39
0.44
0.43
0.40
0.36
0.36
0.36
0.35
0.51
0.51
0.50
0.51
CorWatt	PkgWatt
17.67	130.37
0.57	130.37
0.47
0.58
3.13
0.50
0.50
0.49
0.61
0.40
0.43
0.38
0.40
0.51
0.53
0.51
0.51
0.47
0.48
0.47
0.48
0.40
0.46
0.42
0.45
0.35
0.36
0.38
0.36
0.52
0.51
0.52
0.51
CorWatt	PkgWatt
17.43	130.41
0.58	130.40
0.49
0.53
3.12
0.49
0.50
0.49
0.61
0.40
0.44
0.39
0.39
0.50
0.52
0.49
0.51
0.45
0.48
0.46
0.47
0.39
0.44
0.38
0.45
0.35
0.35
0.36
0.36
0.51
0.51
0.50
0.51
CorWatt	PkgWatt
17.39	130.18
0.59	130.18
0.47
0.53
3.12
0.49
0.50
0.49
0.62
0.38
0.43
0.38
0.38
0.50
0.52
0.49
0.50
0.45
0.47
0.49
0.48
0.39
0.44
0.38
0.45
0.36
0.36
0.36
0.35
0.51
0.51
0.50
0.50
CorWatt	PkgWatt
17.44	130.14
1.44	130.14
0.53
0.55
2.26
0.49
0.50
0.51
0.60
0.38
0.43
0.38
0.38
0.50
0.52
0.49
0.50
0.45
0.48
0.45
0.48
0.39
0.44
0.39
0.45
0.35
0.35
0.35
0.35
0.51
0.51
0.50
0.50
CorWatt	PkgWatt
17.64	130.23
3.14	130.23
0.55
0.54
0.55
0.49
0.50
0.49
0.61
0.40
0.44
0.39
0.38
0.50
0.53
0.54
0.51
0.45
0.48
0.47
0.47
0.39
0.45
0.39
0.46
0.39
0.37
0.39
0.35
0.52
0.51
0.50
0.50
CorWatt	PkgWatt
17.67	130.41
3.15	130.41
0.53
0.53
0.58
0.49
0.50
0.50
0.60
0.39
0.44
0.40
0.40
0.50
0.53
0.51
0.51
0.44
0.47
0.46
0.49
0.40
0.45
0.40
0.46
0.35
0.38
0.40
0.37
0.51
0.51
0.50
0.51
CorWatt	PkgWatt
17.71	130.39
3.14	130.39
0.56
0.54
0.53
0.49
0.50
0.49
0.61
0.39
0.44
0.43
0.38
0.50
0.53
0.49
0.52
0.46
0.48
0.46
0.47
0.42
0.44
0.40
0.47
0.35
0.36
0.37
0.36
0.55
0.53
0.53
0.52
CorWatt	PkgWatt
17.47	130.07
3.14	130.07
0.52
0.53
0.51
0.49
0.50
0.50
0.59
0.38
0.43
0.39
0.38
0.51
0.53
0.49
0.51
0.44
0.47
0.45
0.47
0.40
0.44
0.38
0.45
0.36
0.37
0.35
0.36
0.52
0.54
0.53
0.53
CorWatt	PkgWatt
17.61	130.37
3.14	130.37
0.52
0.56
0.53
0.50
0.53
0.49
0.60
0.39
0.45
0.39
0.38
0.50
0.54
0.51
0.52
0.47
0.48
0.48
0.47
0.40
0.45
0.39
0.46
0.35
0.35
0.36
0.35
0.52
0.51
0.51
0.51
CorWatt	PkgWatt
17.27	129.83
2.82	129.83
0.54
0.55
0.61
0.49
0.50
0.49
0.60
0.38
0.47
0.40
0.38
0.52
0.56
0.52
0.53
0.44
0.46
0.46
0.46
0.40
0.44
0.38
0.45
0.35
0.36
0.35
0.35
0.52
0.51
0.50
0.51
CorWatt	PkgWatt
18.27	130.10
0.60	130.12
0.49
0.76
0.58
0.72
0.73
1.44
0.75
0.44
0.48
0.45
0.43
0.56
0.61
0.58
0.58
0.50
0.52
0.52
0.52
0.48
0.50
0.44
0.53
0.41
0.41
0.42
0.41
0.59
0.60
0.63
0.60
CorWatt	PkgWatt
16.43	128.67
0.52	128.65
0.46
0.60
0.54
0.76
0.77
1.36
0.78
0.40
0.43
0.39
0.38
0.51
0.53
0.49
0.51
0.44
0.48
0.45
0.46
0.40
0.42
0.38
0.40
0.36
0.35
0.36
0.35
0.52
0.52
0.56
0.55
CorWatt	PkgWatt
17.00	128.83
0.56	128.83
0.50
0.60
0.58
0.77
0.77
0.79
1.37
0.39
0.47
0.42
0.39
0.51
0.55
0.53
0.55
0.49
0.52
0.51
0.51
0.40
0.42
0.38
0.40
0.39
0.35
0.38
0.36
0.53
0.51
0.55
0.53
CorWatt	PkgWatt
16.57	128.59
0.51	128.59
0.44
0.61
0.54
0.76
0.76
0.76
1.39
0.40
0.45
0.41
0.39
0.53
0.56
0.50
0.51
0.44
0.47
0.46
0.46
0.41
0.42
0.38
0.41
0.36
0.36
0.36
0.39
0.51
0.51
0.56
0.54
CorWatt	PkgWatt
16.35	128.49
0.52	128.48
0.45
0.59
0.55
0.76
0.76
0.75
1.39
0.39
0.43
0.37
0.38
0.50
0.54
0.49
0.50
0.44
0.49
0.48
0.48
0.40
0.41
0.38
0.40
0.35
0.35
0.36
0.35
0.51
0.50
0.55
0.53
CorWatt	PkgWatt
17.36	129.41
0.50	129.41
0.44
0.55
0.59
0.89
0.89
0.88
1.92
0.38
0.43
0.39
0.39
0.51
0.54
0.49
0.50
0.44
0.47
0.46
0.48
0.41
0.43
0.40
0.43
0.36
0.35
0.35
0.37
0.51
0.51
0.55
0.54
CorWatt	PkgWatt
19.88	131.55
0.54	131.55
0.45
0.51
0.60
1.18
1.19
1.84
2.55
0.41
0.45
0.44
0.40
0.51
0.52
0.52
0.54
0.47
0.49
0.47
0.47
0.43
0.44
0.40
0.41
0.38
0.36
0.37
0.36
0.53
0.52
0.56
0.54
CorWatt	PkgWatt
19.73	131.44
0.53	131.45
0.45
0.51
0.62
1.23
1.23
3.20
1.23
0.38
0.44
0.39
0.38
0.50
0.50
0.49
0.51
0.44
0.46
0.47
0.46
0.42
0.42
0.38
0.40
0.39
0.36
0.35
0.35
0.55
0.54
0.58
0.55
CorWatt	PkgWatt
19.55	131.39
0.52	131.39
0.45
0.55
0.60
1.22
1.23
1.82
2.60
0.38
0.43
0.38
0.38
0.50
0.50
0.49
0.51
0.44
0.47
0.46
0.47
0.43
0.42
0.40
0.41
0.35
0.35
0.35
0.35
0.51
0.51
0.55
0.53
CorWatt	PkgWatt
19.44	131.23
0.54	131.23
0.44
0.50
0.62
1.18
1.19
3.21
1.18
0.38
0.44
0.37
0.38
0.50
0.50
0.49
0.51
0.45
0.48
0.46
0.46
0.42
0.42
0.39
0.41
0.35
0.35
0.36
0.37
0.51
0.50
0.54
0.54
CorWatt	PkgWatt
19.74	131.59
0.56	131.59
0.46
0.55
0.62
1.22
1.23
2.73
1.70
0.38
0.44
0.38
0.38
0.50
0.50
0.49
0.51
0.45
0.48
0.47
0.49
0.42
0.41
0.41
0.41
0.36
0.35
0.36
0.35
0.52
0.51
0.56
0.54
CorWatt	PkgWatt
19.64	131.42
0.54	131.42
0.45
0.50
0.61
1.22
1.23
3.19
1.22
0.39
0.43
0.38
0.38
0.50
0.51
0.48
0.51
0.45
0.47
0.45
0.46
0.42
0.43
0.39
0.42
0.35
0.38
0.37
0.37
0.51
0.52
0.55
0.54
CorWatt	PkgWatt
19.55	131.27
0.53	131.27
0.44
0.54
0.59
1.23
1.24
3.19
1.22
0.39
0.43
0.38
0.40
0.50
0.50
0.49
0.50
0.44
0.48
0.47
0.46
0.41
0.41
0.38
0.40
0.35
0.35
0.36
0.35
0.52
0.53
0.54
0.54
CorWatt	PkgWatt
19.54	131.40
0.53	131.39
0.44
0.52
0.58
1.21
1.22
1.23
3.19
0.41
0.45
0.40
0.40
0.50
0.50
0.50
0.52
0.44
0.46
0.45
0.46
0.41
0.42
0.38
0.40
0.35
0.35
0.35
0.35
0.51
0.51
0.54
0.57
CorWatt	PkgWatt
19.65	131.37
0.54	131.37
0.45
0.52
0.59
1.20
1.21
2.72
1.69
0.40
0.44
0.38
0.38
0.52
0.51
0.50
0.53
0.45
0.47
0.47
0.47
0.42
0.44
0.39
0.42
0.35
0.36
0.36
0.35
0.52
0.51
0.54
0.54
CorWatt	PkgWatt
19.80	131.49
0.53	131.50
0.45
0.52
0.62
1.23
1.24
2.75
1.67
0.39
0.44
0.40
0.38
0.52
0.53
0.53
0.53
0.46
0.46
0.46
0.48
0.46
0.43
0.38
0.42
0.35
0.35
0.35
0.37
0.51
0.52
0.53
0.55
CorWatt	PkgWatt
19.63	131.45
0.52	131.44
0.44
0.52
0.61
1.23
1.23
1.48
2.95
0.40
0.43
0.44
0.38
0.50
0.52
0.50
0.51
0.46
0.48
0.46
0.47
0.39
0.41
0.38
0.41
0.36
0.35
0.35
0.35
0.52
0.51
0.54
0.54
CorWatt	PkgWatt
19.67	131.32
0.65	131.33
0.59
0.66
0.83
0.91
0.89
1.02
1.89
0.45
0.55
0.48
0.43
0.55
0.58
0.55
0.56
0.54
0.53
0.53
0.52
0.46
0.51
0.44
0.52
0.43
0.41
0.45
0.45
0.55
0.56
0.60
0.59
