CorWatt	PkgWatt
15.30	127.41
0.51	127.41
0.46
0.52
0.45
0.51
0.50
0.52
0.53
0.42
0.45
0.43
0.40
0.51
0.52
0.52
0.53
0.48
0.63
0.50
0.49
0.42
0.43
0.41
0.43
0.38
0.37
0.41
0.41
0.57
0.52
0.53
0.55
CorWatt	PkgWatt
15.02	126.48
0.49	127.06
0.45
0.52
0.43
0.51
0.49
0.49
0.53
0.38
0.47
0.40
0.38
0.51
0.51
0.51
0.52
0.53
0.53
0.50
0.49
0.41
0.41
0.42
0.43
0.38
0.41
0.41
0.42
0.57
0.54
0.51
0.53
CorWatt	PkgWatt
17.78	129.90
0.56	129.32
0.49
0.59
0.53
0.58
0.55
0.59
0.60
0.58
0.58
0.56
0.56
0.66
0.65
0.69
0.73
0.52
0.56
0.51
0.52
0.49
0.47
0.52
0.48
0.43
0.43
0.52
0.45
0.60
0.55
0.55
0.62
CorWatt	PkgWatt
19.22	132.20
0.61	130.38
0.58
0.61
0.58
0.64
0.64
0.63
0.64
0.53
0.58
0.59
0.55
0.67
0.67
0.65
0.67
0.65
0.61
0.60
0.60
0.55
0.53
0.53
0.54
0.51
0.50
0.50
0.50
0.66
0.64
0.64
0.69
