CorWatt	PkgWatt
15.34	127.38
0.53	127.38
0.44
0.50
0.53
0.50
0.51
0.52
0.52
0.43
0.51
0.42
0.51
0.53
0.52
0.56
0.52
0.48
0.49
0.47
0.48
0.41
0.44
0.39
0.42
0.39
0.38
0.39
0.40
0.54
0.58
0.53
0.52
CorWatt	PkgWatt
14.71	126.99
0.51	126.97
0.42
0.46
0.45
0.49
0.49
0.51
0.52
0.40
0.47
0.39
0.44
0.50
0.50
0.52
0.55
0.44
0.46
0.46
0.47
0.39
0.38
0.39
0.42
0.37
0.37
0.41
0.40
0.59
0.53
0.52
0.51
CorWatt	PkgWatt
18.57	129.89
0.60	129.94
0.51
0.53
0.54
0.58
0.62
0.60
0.60
0.50
0.55
0.57
0.55
0.68
0.74
0.70
0.62
0.59
0.64
0.60
0.60
0.52
0.56
0.47
0.57
0.54
0.48
0.46
0.52
0.59
0.68
0.62
0.61
CorWatt	PkgWatt
15.63	127.61
0.55	127.54
0.47
0.47
0.44
0.50
0.57
0.50
0.52
0.41
0.46
0.38
0.46
0.59
0.59
0.54
0.52
0.56
0.53
0.49
0.47
0.40
0.53
0.47
0.44
0.44
0.40
0.37
0.38
0.53
0.56
0.57
0.53
