CorWatt	PkgWatt
15.99	130.12
0.58	130.13
0.49
0.52
0.47
0.54
0.57
0.56
0.55
0.49
0.46
0.45
0.42
0.54
0.56
0.55
0.57
0.50
0.52
0.51
0.52
0.41
0.41
0.41
0.46
0.40
0.38
0.39
0.38
0.57
0.55
0.56
0.66
CorWatt	PkgWatt
15.76	128.89
0.53	129.42
0.51
0.52
0.47
0.53
0.57
0.53
0.54
0.48
0.45
0.49
0.41
0.54
0.55
0.55
0.57
0.51
0.49
0.54
0.50
0.44
0.42
0.40
0.44
0.40
0.38
0.39
0.38
0.57
0.54
0.56
0.53
CorWatt	PkgWatt
73.69	170.39
3.12	192.49
2.43
2.48
2.46
2.56
2.62
2.56
2.55
2.44
2.41
2.40
2.37
2.60
2.55
2.58
2.59
2.48
2.46
2.26
2.30
2.41
2.41
2.16
2.13
2.39
2.37
2.15
2.15
2.61
2.59
2.37
2.35
