CorWatt	PkgWatt
15.02	127.13
0.51	127.12
0.43
0.47
0.43
0.49
0.49
0.56
0.52
0.41
0.46
0.39
0.45
0.50
0.51
0.50
0.51
0.46
0.47
0.49
0.47
0.43
0.40
0.41
0.48
0.37
0.38
0.39
0.46
0.54
0.54
0.57
0.55
CorWatt	PkgWatt
14.73	126.96
0.51	126.95
0.45
0.45
0.44
0.49
0.51
0.54
0.52
0.38
0.43
0.39
0.44
0.51
0.50
0.48
0.50
0.45
0.47
0.45
0.45
0.38
0.40
0.38
0.41
0.37
0.41
0.39
0.38
0.57
0.52
0.60
0.53
CorWatt	PkgWatt
18.62	129.94
0.61	129.98
0.55
0.58
0.50
0.62
0.61
0.63
0.68
0.53
0.63
0.60
0.52
0.63
0.65
0.61
0.65
0.53
0.56
0.56
0.54
0.46
0.48
0.45
0.53
0.54
0.43
0.53
0.47
0.72
0.77
0.74
0.73
CorWatt	PkgWatt
17.05	128.67
0.52	128.45
0.49
0.53
0.49
0.54
0.55
0.58
0.59
0.43
0.67
0.45
0.49
0.56
0.59
0.61
0.57
0.56
0.52
0.53
0.52
0.45
0.45
0.44
0.47
0.42
0.41
0.44
0.52
0.59
0.85
0.58
0.66
