CorWatt	PkgWatt
15.26	127.36
0.54	127.37
0.49
0.52
0.47
0.53
0.56
0.51
0.55
0.39
0.44
0.39
0.49
0.51
0.56
0.52
0.52
0.46
0.50
0.47
0.50
0.40
0.42
0.41
0.39
0.38
0.38
0.40
0.43
0.53
0.53
0.54
0.54
CorWatt	PkgWatt
14.97	127.08
0.56	127.23
0.50
0.50
0.45
0.52
0.57
0.53
0.51
0.39
0.43
0.37
0.44
0.53
0.53
0.51
0.52
0.47
0.47
0.45
0.47
0.40
0.42
0.42
0.40
0.35
0.41
0.36
0.42
0.53
0.53
0.51
0.52
CorWatt	PkgWatt
21.59	133.24
0.69	133.10
0.61
0.67
0.60
0.65
0.64
0.69
0.62
0.61
0.54
0.50
0.56
0.63
0.62
0.61
0.68
0.63
0.59
0.62
0.70
0.53
0.54
0.53
0.52
0.53
0.56
0.55
0.58
0.68
2.77
0.69
0.64
CorWatt	PkgWatt
16.49	128.34
0.54	128.32
0.44
0.52
0.44
0.50
0.51
0.54
0.49
0.41
0.43
0.37
0.40
0.51
0.52
0.49
0.52
0.51
0.47
0.51
0.51
0.39
0.41
0.39
0.38
0.62
1.01
0.80
0.66
0.53
0.62
0.52
0.51
CorWatt	PkgWatt
16.43	128.23
0.55	128.24
0.45
0.54
0.43
0.51
0.51
0.51
0.49
0.38
0.43
0.36
0.40
0.50
0.52
0.49
0.53
0.50
0.47
0.45
0.51
0.40
0.42
0.39
0.38
0.63
0.67
1.16
0.67
0.52
0.63
0.51
0.50
CorWatt	PkgWatt
16.40	128.36
0.51	128.35
0.45
0.52
0.43
0.51
0.50
0.51
0.49
0.42
0.43
0.37
0.40
0.51
0.54
0.52
0.52
0.50
0.46
0.46
0.49
0.39
0.41
0.39
0.38
0.61
0.60
1.18
0.66
0.55
0.63
0.54
0.51
CorWatt	PkgWatt
16.37	128.21
0.51	128.21
0.43
0.52
0.43
0.48
0.51
0.50
0.48
0.37
0.44
0.40
0.42
0.51
0.53
0.51
0.52
0.52
0.46
0.45
0.52
0.39
0.43
0.39
0.38
0.62
0.93
0.91
0.66
0.52
0.61
0.51
0.50
CorWatt	PkgWatt
16.68	128.55
0.51	128.55
0.46
0.51
0.44
0.50
0.54
0.50
0.48
0.37
0.45
0.43
0.40
0.52
0.51
0.48
0.51
0.52
0.45
0.46
0.51
0.40
0.43
0.39
0.40
0.58
0.82
1.26
0.62
0.54
0.57
0.58
0.52
CorWatt	PkgWatt
17.65	130.35
0.52	130.34
0.44
0.51
0.43
0.49
0.56
0.51
0.48
0.39
0.43
0.38
0.39
0.51
0.51
0.50
0.51
0.52
0.47
0.45
0.50
0.39
0.42
0.40
0.40
0.37
0.39
3.14
0.42
0.53
0.52
0.63
0.52
CorWatt	PkgWatt
17.60	130.23
0.52	130.23
0.43
0.53
0.45
0.50
0.54
0.49
0.51
0.37
0.45
0.39
0.39
0.51
0.51
0.50
0.53
0.52
0.47
0.48
0.50
0.39
0.43
0.39
0.38
0.36
0.36
3.13
0.40
0.54
0.51
0.62
0.51
CorWatt	PkgWatt
17.43	130.10
0.52	130.10
0.44
0.52
0.42
0.48
0.52
0.52
0.48
0.39
0.45
0.38
0.40
0.52
0.52
0.49
0.51
0.49
0.47
0.45
0.50
0.41
0.42
0.38
0.38
0.36
0.36
3.13
0.38
0.52
0.50
0.61
0.50
CorWatt	PkgWatt
17.38	130.09
0.53	130.09
0.44
0.50
0.42
0.51
0.51
0.53
0.48
0.39
0.43
0.38
0.41
0.51
0.52
0.49
0.51
0.50
0.45
0.44
0.49
0.39
0.42
0.39
0.38
0.35
0.36
3.13
0.38
0.52
0.50
0.61
0.49
CorWatt	PkgWatt
17.29	130.11
0.52	130.11
0.44
0.50
0.42
0.48
0.49
0.52
0.49
0.37
0.44
0.38
0.39
0.51
0.50
0.48
0.50
0.51
0.47
0.45
0.50
0.39
0.42
0.39
0.38
0.36
0.37
3.14
0.38
0.52
0.50
0.60
0.50
CorWatt	PkgWatt
17.69	130.32
0.53	130.32
0.45
0.53
0.45
0.51
0.50
0.53
0.50
0.39
0.44
0.39
0.42
0.53
0.55
0.53
0.53
0.49
0.46
0.46
0.52
0.38
0.42
0.39
0.39
0.36
0.37
3.13
0.39
0.52
0.51
0.61
0.50
CorWatt	PkgWatt
17.78	130.34
0.55	130.35
0.47
0.55
0.46
0.48
0.54
0.50
0.49
0.41
0.45
0.40
0.42
0.50
0.50
0.49
0.50
0.52
0.50
0.48
0.54
0.39
0.42
0.38
0.38
0.41
0.38
3.13
0.40
0.52
0.51
0.60
0.50
CorWatt	PkgWatt
17.26	129.91
0.51	129.90
0.43
0.51
0.44
0.49
0.53
0.48
0.48
0.37
0.43
0.37
0.39
0.50
0.51
0.49
0.50
0.49
0.45
0.45
0.50
0.39
0.42
0.39
0.38
0.35
0.36
3.13
0.39
0.53
0.51
0.60
0.49
CorWatt	PkgWatt
17.43	130.19
0.52	130.20
0.43
0.50
0.43
0.48
0.51
0.54
0.48
0.39
0.43
0.36
0.40
0.52
0.51
0.48
0.50
0.52
0.46
0.45
0.50
0.39
0.43
0.41
0.40
0.37
0.38
3.14
0.38
0.52
0.51
0.60
0.51
CorWatt	PkgWatt
17.65	130.29
0.51	130.30
0.44
0.50
0.46
0.50
0.51
0.54
0.48
0.39
0.45
0.44
0.40
0.51
0.53
0.49
0.51
0.52
0.46
0.45
0.50
0.39
0.41
0.39
0.38
0.37
0.38
3.13
0.40
0.55
0.53
0.61
0.53
CorWatt	PkgWatt
17.52	130.09
0.53	130.10
0.44
0.50
0.44
0.48
0.51
0.53
0.50
0.37
0.45
0.38
0.39
0.50
0.52
0.48
0.51
0.50
0.46
0.45
0.50
0.39
0.41
0.39
0.38
0.36
0.39
3.13
0.42
0.52
0.55
0.61
0.53
CorWatt	PkgWatt
17.31	130.01
0.52	130.01
0.44
0.52
0.43
0.50
0.53
0.49
0.48
0.37
0.43
0.36
0.39
0.52
0.52
0.48
0.51
0.50
0.45
0.45
0.52
0.40
0.41
0.40
0.38
0.36
0.36
3.07
0.39
0.52
0.51
0.61
0.50
CorWatt	PkgWatt
18.21	129.94
0.55	129.96
0.51
0.58
0.53
0.55
0.59
0.59
0.56
0.41
0.48
0.41
0.43
0.58
0.62
0.58
0.57
0.74
0.67
0.67
1.06
0.77
0.48
0.45
0.67
0.44
0.42
0.46
0.46
0.59
0.60
0.64
0.58
CorWatt	PkgWatt
17.04	128.73
0.51	128.72
0.44
0.47
0.52
0.50
0.51
0.52
0.51
0.41
0.45
0.38
0.40
0.51
0.58
0.53
0.51
0.84
0.82
0.81
1.53
0.41
0.44
0.41
0.52
0.36
0.36
0.37
0.37
0.52
0.51
0.51
0.50
CorWatt	PkgWatt
16.82	128.68
0.50	128.68
0.43
0.44
0.52
0.48
0.49
0.50
0.49
0.37
0.45
0.39
0.40
0.51
0.57
0.52
0.50
0.82
0.82
0.80
1.53
0.39
0.41
0.39
0.50
0.35
0.38
0.41
0.37
0.53
0.54
0.51
0.51
CorWatt	PkgWatt
16.71	128.43
0.50	128.43
0.43
0.47
0.52
0.49
0.50
0.50
0.47
0.38
0.44
0.36
0.40
0.51
0.58
0.52
0.50
1.50
0.81
0.80
0.88
0.38
0.41
0.38
0.50
0.35
0.35
0.36
0.36
0.52
0.52
0.50
0.49
CorWatt	PkgWatt
16.71	128.53
0.49	128.53
0.43
0.44
0.54
0.48
0.50
0.49
0.48
0.39
0.44
0.38
0.40
0.50
0.57
0.52
0.51
1.50
0.81
0.80
0.86
0.39
0.41
0.39
0.51
0.36
0.35
0.38
0.36
0.51
0.50
0.50
0.51
CorWatt	PkgWatt
16.87	128.69
0.49	128.68
0.44
0.45
0.51
0.50
0.50
0.51
0.51
0.38
0.43
0.37
0.39
0.51
0.60
0.53
0.53
1.50
0.81
0.80
0.87
0.39
0.44
0.41
0.50
0.35
0.36
0.41
0.37
0.51
0.51
0.50
0.50
CorWatt	PkgWatt
18.11	129.93
0.50	129.93
0.45
0.46
0.54
0.48
0.49
0.49
0.48
0.38
0.43
0.39
0.37
0.53
0.62
0.52
0.52
2.17
1.03
1.01
1.05
0.41
0.44
0.41
0.50
0.36
0.35
0.36
0.36
0.51
0.51
0.50
0.50
CorWatt	PkgWatt
19.75	131.42
0.50	131.42
0.44
0.45
0.51
0.49
0.50
0.49
0.48
0.38
0.44
0.42
0.39
0.50
0.56
0.52
0.51
3.11
1.30
1.30
1.31
0.39
0.43
0.39
0.50
0.35
0.35
0.37
0.36
0.51
0.50
0.50
0.49
CorWatt	PkgWatt
19.98	131.55
0.51	131.56
0.45
0.45
0.52
0.49
0.51
0.50
0.49
0.38
0.44
0.38
0.38
0.51
0.57
0.52
0.51
3.10
1.31
1.30
1.31
0.41
0.43
0.39
0.52
0.37
0.36
0.38
0.39
0.53
0.53
0.52
0.52
CorWatt	PkgWatt
19.86	131.54
0.50	131.53
0.44
0.45
0.52
0.50
0.51
0.49
0.48
0.38
0.44
0.39
0.39
0.51
0.58
0.52
0.51
2.81
1.30
1.30
1.60
0.40
0.43
0.39
0.50
0.37
0.37
0.37
0.38
0.52
0.51
0.51
0.50
CorWatt	PkgWatt
19.79	131.78
0.51	131.78
0.43
0.45
0.52
0.48
0.50
0.48
0.48
0.37
0.43
0.37
0.38
0.50
0.58
0.52
0.50
3.10
1.30
1.30
1.30
0.40
0.42
0.39
0.50
0.38
0.37
0.37
0.38
0.51
0.51
0.52
0.52
CorWatt	PkgWatt
19.70	131.59
0.51	131.58
0.43
0.44
0.52
0.49
0.52
0.48
0.48
0.39
0.42
0.36
0.39
0.50
0.58
0.53
0.50
3.10
1.30
1.30
1.31
0.39
0.42
0.40
0.51
0.35
0.35
0.35
0.36
0.52
0.51
0.50
0.49
CorWatt	PkgWatt
19.91	131.48
0.53	131.49
0.46
0.46
0.55
0.49
0.50
0.49
0.49
0.38
0.44
0.38
0.38
0.50
0.57
0.52
0.50
2.00
1.65
1.31
2.11
0.40
0.43
0.40
0.51
0.35
0.35
0.36
0.36
0.51
0.51
0.50
0.50
CorWatt	PkgWatt
19.95	131.37
0.52	131.36
0.45
0.46
0.52
0.50
0.51
0.49
0.50
0.38
0.44
0.38
0.38
0.51
0.56
0.52
0.51
1.31
2.10
1.32
2.38
0.40
0.43
0.41
0.51
0.36
0.35
0.35
0.36
0.51
0.51
0.50
0.50
CorWatt	PkgWatt
19.95	131.58
0.52	131.58
0.46
0.47
0.55
0.52
0.51
0.50
0.50
0.36
0.43
0.39
0.38
0.50
0.56
0.51
0.50
1.31
2.48
1.32
2.00
0.41
0.43
0.40
0.51
0.36
0.37
0.35
0.36
0.51
0.50
0.50
0.50
CorWatt	PkgWatt
19.94	131.56
0.52	131.56
0.45
0.46
0.53
0.51
0.50
0.49
0.49
0.38
0.44
0.36
0.37
0.50
0.56
0.54
0.52
1.31
1.32
1.31
3.17
0.40
0.43
0.40
0.52
0.36
0.35
0.36
0.38
0.51
0.51
0.50
0.49
CorWatt	PkgWatt
20.13	131.78
0.50	131.77
0.44
0.45
0.52
0.49
0.52
0.52
0.50
0.39
0.43
0.39
0.40
0.51
0.59
0.54
0.51
1.31
1.32
1.32
3.17
0.41
0.45
0.40
0.51
0.40
0.36
0.39
0.38
0.51
0.51
0.50
0.50
CorWatt	PkgWatt
20.08	131.94
0.59	131.93
0.54
0.53
0.57
0.53
0.54
0.56
0.53
0.46
0.50
0.48
0.47
0.58
0.62
0.60
0.59
0.98
1.34
0.97
1.66
0.49
0.55
0.47
0.89
0.42
0.42
0.41
0.44
0.58
0.58
0.60
0.59
CorWatt	PkgWatt
16.60	128.93
0.50	128.96
0.46
0.51
0.49
0.53
0.52
0.51
0.49
0.40
0.45
0.39
0.40
0.52
0.54
0.57
0.56
1.18
0.68
0.67
0.73
0.42
0.64
0.44
0.41
0.39
0.37
0.38
0.38
0.53
0.52
0.52
0.52
CorWatt	PkgWatt
16.12	128.22
0.50	128.21
0.43
0.53
0.49
0.49
0.50
0.48
0.48
0.37
0.44
0.40
0.39
0.51
0.52
0.55
0.56
0.77
1.08
0.70
0.76
0.38
0.52
0.41
0.39
0.35
0.35
0.35
0.36
0.53
0.52
0.51
0.49
CorWatt	PkgWatt
16.11	128.13
0.49	128.13
0.45
0.52
0.46
0.49
0.49
0.48
0.48
0.40
0.44
0.38
0.39
0.52
0.55
0.57
0.54
0.79
1.05
0.69
0.76
0.41
0.52
0.41
0.39
0.36
0.35
0.36
0.36
0.51
0.50
0.50
0.50
CorWatt	PkgWatt
16.12	128.09
0.50	128.09
0.46
0.52
0.46
0.50
0.52
0.49
0.48
0.39
0.46
0.39
0.40
0.51
0.52
0.55
0.56
1.10
0.71
0.69
0.74
0.39
0.52
0.41
0.38
0.35
0.36
0.36
0.37
0.51
0.51
0.50
0.50
CorWatt	PkgWatt
16.98	128.89
0.52	128.90
0.48
0.53
0.52
0.51
0.53
0.51
0.51
0.40
0.47
0.40
0.41
0.53
0.55
0.58
0.56
0.72
1.34
0.70
0.72
0.39
0.52
0.41
0.38
0.40
0.39
0.44
0.40
0.55
0.53
0.53
0.53
CorWatt	PkgWatt
19.08	133.69
0.54	133.68
0.46
0.55
0.50
0.52
0.51
0.50
0.51
0.39
0.44
0.39
0.41
0.52
0.55
0.57
0.58
0.49
4.48
0.50
0.50
0.40
0.52
0.42
0.40
0.35
0.35
0.37
0.37
0.51
0.50
0.50
0.49
CorWatt	PkgWatt
18.89	133.50
0.53	133.50
0.45
0.57
0.48
0.51
0.50
0.49
0.51
0.38
0.43
0.37
0.39
0.53
0.52
0.56
0.54
0.48
4.48
0.49
0.50
0.41
0.50
0.43
0.40
0.35
0.35
0.36
0.37
0.51
0.50
0.50
0.50
CorWatt	PkgWatt
18.77	133.43
0.53	133.43
0.44
0.52
0.45
0.50
0.50
0.49
0.50
0.39
0.43
0.37
0.40
0.51
0.52
0.54
0.54
0.47
4.48
0.48
0.50
0.40
0.51
0.42
0.40
0.36
0.37
0.36
0.36
0.51
0.51
0.50
0.49
CorWatt	PkgWatt
19.19	133.70
0.55	133.72
0.44
0.54
0.45
0.54
0.62
0.52
0.54
0.40
0.45
0.37
0.39
0.56
0.53
0.55
0.56
0.48
4.48
0.47
0.53
0.41
0.52
0.43
0.42
0.36
0.35
0.36
0.37
0.51
0.50
0.50
0.50
CorWatt	PkgWatt
19.18	133.70
0.55	133.70
0.47
0.52
0.47
0.55
0.54
0.53
0.53
0.38
0.45
0.43
0.39
0.53
0.54
0.54
0.55
0.48
4.47
0.47
0.51
0.41
0.51
0.40
0.40
0.35
0.35
0.36
0.37
0.54
0.53
0.53
0.53
CorWatt	PkgWatt
19.31	133.97
0.56	133.96
0.45
0.55
0.47
0.51
0.51
0.52
0.52
0.38
0.44
0.38
0.38
0.53
0.55
0.57
0.59
0.49
4.49
0.47
0.54
0.41
0.52
0.43
0.40
0.36
0.43
0.40
0.37
0.52
0.53
0.54
0.52
CorWatt	PkgWatt
18.98	133.60
0.53	133.59
0.47
0.53
0.50
0.51
0.51
0.50
0.50
0.38
0.43
0.37
0.41
0.52
0.51
0.55
0.56
0.49
4.48
0.48
0.54
0.42
0.51
0.42
0.40
0.36
0.35
0.36
0.36
0.52
0.51
0.50
0.50
CorWatt	PkgWatt
18.74	133.58
0.53	133.58
0.48
0.53
0.48
0.49
0.50
0.50
0.51
0.37
0.44
0.36
0.38
0.50
0.50
0.53
0.55
0.48
4.47
0.47
0.52
0.40
0.51
0.40
0.40
0.36
0.35
0.35
0.36
0.51
0.51
0.50
0.50
CorWatt	PkgWatt
18.78	133.58
0.56	133.58
0.45
0.53
0.47
0.50
0.51
0.51
0.50
0.37
0.43
0.36
0.39
0.50
0.50
0.53
0.56
0.47
4.48
0.46
0.52
0.42
0.52
0.42
0.41
0.35
0.35
0.35
0.36
0.51
0.50
0.50
0.49
CorWatt	PkgWatt
18.87	133.58
0.56	133.59
0.44
0.54
0.48
0.49
0.50
0.51
0.50
0.38
0.42
0.37
0.38
0.50
0.50
0.55
0.56
0.48
4.49
0.47
0.52
0.41
0.51
0.40
0.40
0.36
0.37
0.37
0.38
0.52
0.52
0.52
0.50
CorWatt	PkgWatt
18.86	133.59
0.54	133.59
0.45
0.53
0.44
0.50
0.50
0.51
0.50
0.38
0.43
0.37
0.41
0.51
0.50
0.54
0.55
0.48
4.47
0.49
0.52
0.40
0.50
0.41
0.40
0.35
0.35
0.38
0.36
0.52
0.54
0.51
0.51
CorWatt	PkgWatt
18.79	133.71
0.54	133.70
0.44
0.52
0.44
0.49
0.51
0.50
0.49
0.39
0.45
0.39
0.41
0.50
0.50
0.53
0.56
0.47
4.48
0.47
0.52
0.40
0.52
0.40
0.40
0.35
0.35
0.41
0.36
0.51
0.51
0.50
0.50
CorWatt	PkgWatt
18.22	130.37
0.77	130.39
0.52
0.55
0.52
0.64
0.62
0.88
0.64
0.43
0.48
0.43
0.46
0.61
0.58
0.59
0.93
0.51
1.00
0.50
0.55
0.48
0.56
0.47
0.46
0.40
0.40
0.41
0.41
0.59
0.61
0.60
0.58
CorWatt	PkgWatt
16.31	128.24
0.61	128.23
0.45
0.46
0.50
0.73
0.74
0.82
1.20
0.39
0.43
0.38
0.39
0.57
0.55
0.50
0.53
0.47
0.49
0.45
0.48
0.41
0.43
0.41
0.38
0.36
0.35
0.37
0.36
0.51
0.56
0.54
0.50
CorWatt	PkgWatt
16.21	128.35
0.60	128.35
0.43
0.45
0.49
0.73
0.74
0.87
1.15
0.40
0.44
0.43
0.41
0.51
0.53
0.49
0.51
0.47
0.47
0.45
0.48
0.39
0.42
0.41
0.38
0.35
0.35
0.36
0.36
0.52
0.58
0.54
0.50
CorWatt	PkgWatt
16.12	128.07
0.60	128.07
0.43
0.44
0.49
0.72
0.74
1.02
0.99
0.37
0.43
0.37
0.38
0.51
0.52
0.48
0.51
0.44
0.47
0.47
0.50
0.39
0.41
0.39
0.39
0.36
0.35
0.40
0.39
0.53
0.59
0.55
0.52
CorWatt	PkgWatt
16.17	128.00
0.61	128.00
0.43
0.45
0.52
0.73
0.74
1.21
0.76
0.38
0.43
0.39
0.39
0.51
0.53
0.49
0.51
0.47
0.46
0.45
0.48
0.39
0.42
0.40
0.39
0.37
0.38
0.36
0.39
0.52
0.55
0.54
0.50
CorWatt	PkgWatt
16.41	128.42
0.60	128.41
0.44
0.44
0.50
0.70
0.71
0.76
1.56
0.37
0.42
0.37
0.38
0.50
0.53
0.48
0.52
0.46
0.47
0.47
0.51
0.39
0.42
0.39
0.39
0.37
0.36
0.38
0.38
0.51
0.56
0.54
0.52
CorWatt	PkgWatt
17.73	130.11
0.60	130.11
0.43
0.45
0.49
0.61
0.63
0.66
3.19
0.40
0.43
0.37
0.39
0.51
0.53
0.51
0.51
0.46
0.46
0.45
0.48
0.38
0.42
0.42
0.40
0.36
0.35
0.35
0.36
0.51
0.55
0.54
0.50
CorWatt	PkgWatt
17.58	129.85
0.61	129.85
0.45
0.46
0.52
0.61
0.62
0.66
3.17
0.39
0.43
0.37
0.38
0.51
0.53
0.48
0.50
0.45
0.45
0.44
0.47
0.39
0.41
0.38
0.38
0.35
0.36
0.35
0.36
0.51
0.54
0.53
0.50
CorWatt	PkgWatt
17.62	129.90
0.60	129.91
0.44
0.44
0.50
0.61
0.62
0.67
3.17
0.37
0.43
0.38
0.38
0.51
0.52
0.48
0.50
0.45
0.46
0.48
0.49
0.38
0.41
0.38
0.38
0.38
0.36
0.37
0.36
0.51
0.54
0.53
0.49
CorWatt	PkgWatt
17.58	129.92
0.60	129.92
0.46
0.46
0.49
0.63
0.64
0.67
3.17
0.37
0.43
0.36
0.38
0.51
0.52
0.48
0.50
0.44
0.45
0.45
0.49
0.39
0.40
0.39
0.38
0.35
0.35
0.35
0.36
0.51
0.57
0.54
0.50
CorWatt	PkgWatt
17.76	130.14
0.60	130.13
0.45
0.45
0.51
0.61
0.64
3.20
0.66
0.38
0.44
0.37
0.40
0.51
0.53
0.51
0.51
0.45
0.47
0.46
0.47
0.38
0.41
0.39
0.38
0.38
0.35
0.38
0.38
0.51
0.55
0.53
0.50
CorWatt	PkgWatt
17.73	129.99
0.61	130.00
0.43
0.45
0.49
0.61
0.63
3.19
0.64
0.38
0.44
0.38
0.41
0.53
0.53
0.50
0.51
0.44
0.45
0.44
0.47
0.39
0.42
0.38
0.38
0.40
0.37
0.37
0.38
0.52
0.54
0.53
0.50
CorWatt	PkgWatt
18.05	130.22
0.61	130.22
0.46
0.48
0.52
0.63
0.65
2.72
1.14
0.39
0.45
0.43
0.39
0.53
0.50
0.48
0.51
0.46
0.47
0.46
0.49
0.40
0.41
0.39
0.40
0.37
0.37
0.36
0.38
0.55
0.57
0.55
0.54
CorWatt	PkgWatt
17.59	129.77
0.58	129.76
0.43
0.48
0.49
0.61
0.64
0.69
3.16
0.37
0.43
0.37
0.39
0.53
0.50
0.48
0.50
0.45
0.46
0.46
0.47
0.39
0.41
0.39
0.38
0.35
0.35
0.37
0.36
0.51
0.56
0.53
0.50
CorWatt	PkgWatt
17.97	130.17
0.59	130.17
0.44
0.49
0.53
0.61
0.63
0.67
3.19
0.39
0.45
0.40
0.39
0.53
0.50
0.51
0.53
0.48
0.47
0.46
0.48
0.39
0.42
0.39
0.40
0.36
0.39
0.38
0.36
0.54
0.55
0.55
0.51
CorWatt	PkgWatt
17.71	129.94
0.60	129.94
0.45
0.50
0.51
0.61
0.63
3.18
0.65
0.40
0.43
0.38
0.40
0.54
0.52
0.52
0.50
0.45
0.45
0.45
0.47
0.40
0.41
0.38
0.38
0.36
0.35
0.35
0.36
0.51
0.55
0.53
0.50
CorWatt	PkgWatt
17.65	129.95
0.60	129.95
0.44
0.48
0.49
0.63
0.64
1.59
2.26
0.39
0.44
0.38
0.40
0.54
0.51
0.50
0.50
0.44
0.45
0.45
0.47
0.38
0.41
0.38
0.38
0.35
0.35
0.35
0.36
0.51
0.56
0.53
0.49
CorWatt	PkgWatt
16.99	129.30
0.61	129.31
0.45
0.49
0.51
0.58
0.59
0.64
2.35
0.39
0.44
0.38
0.39
0.53
0.51
0.49
0.51
0.45
0.45
0.45
0.48
0.40
0.43
0.40
0.39
0.36
0.36
0.37
0.36
0.53
0.54
0.66
0.50
CorWatt	PkgWatt
18.01	129.48
0.78	129.49
0.50
0.51
0.57
0.72
0.73
1.20
0.78
0.45
0.48
0.43
0.45
0.57
0.58
0.57
0.57
0.51
0.51
0.52
0.53
0.45
0.48
0.45
0.49
0.41
0.41
0.45
0.45
0.57
0.56
0.78
0.56
CorWatt	PkgWatt
16.08	127.90
0.58	127.88
0.44
0.46
0.54
0.72
0.74
1.27
0.77
0.38
0.44
0.37
0.38
0.54
0.50
0.49
0.51
0.45
0.46
0.47
0.48
0.41
0.41
0.38
0.44
0.36
0.36
0.36
0.36
0.51
0.50
0.53
0.50
CorWatt	PkgWatt
16.00	127.90
0.57	127.90
0.44
0.45
0.53
0.72
0.73
0.98
1.11
0.38
0.44
0.36
0.39
0.54
0.50
0.48
0.51
0.45
0.45
0.46
0.47
0.39
0.41
0.39
0.43
0.35
0.35
0.35
0.36
0.51
0.51
0.53
0.49
CorWatt	PkgWatt
16.06	128.00
0.57	127.99
0.44
0.44
0.53
0.72
0.74
0.74
1.31
0.38
0.43
0.36
0.40
0.55
0.51
0.48
0.50
0.44
0.45
0.45
0.48
0.39
0.42
0.42
0.45
0.35
0.35
0.35
0.36
0.51
0.50
0.54
0.51
CorWatt	PkgWatt
16.32	128.04
0.57	128.04
0.47
0.45
0.54
0.72
0.73
0.75
1.31
0.41
0.44
0.45
0.40
0.53
0.52
0.50
0.51
0.46
0.46
0.45
0.48
0.39
0.41
0.40
0.39
0.36
0.36
0.36
0.36
0.53
0.52
0.55
0.58
CorWatt	PkgWatt
17.11	129.41
0.57	129.41
0.43
0.44
0.54
0.54
0.55
0.56
2.91
0.37
0.43
0.37
0.37
0.50
0.51
0.48
0.50
0.44
0.45
0.45
0.52
0.38
0.40
0.39
0.38
0.35
0.38
0.40
0.36
0.51
0.52
0.54
0.56
CorWatt	PkgWatt
17.64	130.09
0.56	130.09
0.46
0.46
0.52
0.50
0.51
0.54
3.37
0.37
0.43
0.38
0.39
0.51
0.52
0.49
0.51
0.49
0.46
0.47
0.51
0.40
0.42
0.42
0.38
0.36
0.35
0.36
0.37
0.53
0.51
0.54
0.55
CorWatt	PkgWatt
17.31	129.82
0.57	129.82
0.45
0.45
0.52
0.49
0.50
0.52
3.37
0.37
0.44
0.38
0.37
0.50
0.51
0.48
0.51
0.45
0.45
0.45
0.48
0.39
0.41
0.38
0.38
0.35
0.35
0.35
0.36
0.51
0.50
0.53
0.55
CorWatt	PkgWatt
17.52	129.90
0.58	129.90
0.44
0.47
0.53
0.49
0.50
0.53
3.36
0.39
0.44
0.37
0.39
0.52
0.52
0.49
0.51
0.45
0.46
0.45
0.50
0.41
0.43
0.41
0.40
0.35
0.35
0.35
0.36
0.51
0.50
0.53
0.54
CorWatt	PkgWatt
17.39	129.73
0.56	129.73
0.44
0.48
0.51
0.49
0.50
0.51
3.37
0.37
0.43
0.37
0.39
0.50
0.51
0.49
0.50
0.45
0.45
0.44
0.48
0.39
0.41
0.39
0.38
0.36
0.37
0.36
0.38
0.51
0.51
0.53
0.54
CorWatt	PkgWatt
17.31	129.86
0.56	129.85
0.43
0.49
0.48
0.49
0.50
0.52
3.37
0.38
0.42
0.36
0.40
0.50
0.51
0.48
0.50
0.45
0.45
0.45
0.48
0.38
0.41
0.38
0.38
0.35
0.35
0.37
0.36
0.51
0.52
0.54
0.53
CorWatt	PkgWatt
17.36	129.66
0.56	129.67
0.43
0.48
0.47
0.49
0.50
0.51
3.36
0.37
0.44
0.38
0.40
0.50
0.51
0.48
0.51
0.44
0.45
0.44
0.52
0.38
0.40
0.39
0.38
0.35
0.35
0.38
0.36
0.51
0.51
0.53
0.55
CorWatt	PkgWatt
17.50	129.86
0.57	129.86
0.43
0.49
0.48
0.50
0.50
0.53
3.37
0.38
0.44
0.37
0.40
0.51
0.54
0.49
0.53
0.45
0.46
0.45
0.49
0.38
0.43
0.40
0.38
0.35
0.35
0.37
0.36
0.51
0.50
0.53
0.54
CorWatt	PkgWatt
17.47	130.00
0.57	130.00
0.45
0.49
0.49
0.49
0.50
0.50
3.36
0.37
0.43
0.38
0.38
0.54
0.54
0.50
0.52
0.46
0.45
0.44
0.49
0.40
0.43
0.40
0.38
0.35
0.35
0.37
0.36
0.51
0.51
0.53
0.54
CorWatt	PkgWatt
17.34	129.79
0.56	129.79
0.44
0.49
0.48
0.49
0.50
0.51
3.37
0.39
0.45
0.42
0.39
0.52
0.52
0.49
0.51
0.45
0.45
0.44
0.45
0.38
0.40
0.39
0.38
0.36
0.35
0.35
0.36
0.51
0.50
0.53
0.53
CorWatt	PkgWatt
17.42	129.80
0.56	129.79
0.43
0.48
0.47
0.49
0.51
0.51
3.37
0.38
0.43
0.37
0.37
0.52
0.52
0.49
0.51
0.44
0.47
0.46
0.47
0.38
0.41
0.38
0.39
0.36
0.35
0.37
0.38
0.52
0.51
0.54
0.57
CorWatt	PkgWatt
17.55	130.06
0.56	130.06
0.44
0.48
0.48
0.50
0.51
0.52
3.36
0.37
0.42
0.37
0.38
0.53
0.53
0.49
0.51
0.47
0.48
0.45
0.49
0.38
0.41
0.39
0.39
0.37
0.37
0.38
0.38
0.53
0.54
0.54
0.55
CorWatt	PkgWatt
18.12	129.86
0.68	129.87
0.75
0.60
0.58
0.55
0.54
0.77
1.27
0.41
0.48
0.41
0.42
0.58
0.59
0.54
0.54
0.51
0.87
0.55
0.54
0.46
0.48
0.47
0.46
0.43
0.43
0.46
0.43
0.56
0.56
0.61
0.61
CorWatt	PkgWatt
16.57	128.21
0.86	128.20
1.13
1.17
0.77
0.49
0.50
0.61
0.51
0.38
0.42
0.37
0.39
0.52
0.53
0.50
0.50
0.46
0.45
0.44
0.46
0.39
0.41
0.45
0.43
0.35
0.35
0.35
0.36
0.52
0.49
0.50
0.49
CorWatt	PkgWatt
16.53	128.29
0.86	128.28
1.15
1.19
0.79
0.48
0.50
0.60
0.49
0.38
0.43
0.38
0.39
0.52
0.53
0.48
0.50
0.45
0.45
0.44
0.45
0.39
0.41
0.44
0.41
0.35
0.36
0.35
0.36
0.51
0.49
0.50
0.50
CorWatt	PkgWatt
16.63	128.25
0.85	128.25
1.47
0.83
0.78
0.50
0.51
0.59
0.50
0.38
0.43
0.37
0.38
0.52
0.53
0.49
0.50
0.46
0.46
0.48
0.48
0.38
0.42
0.43
0.41
0.38
0.36
0.36
0.36
0.51
0.50
0.51
0.49
CorWatt	PkgWatt
16.43	128.07
0.86	128.07
1.47
0.84
0.77
0.51
0.50
0.60
0.49
0.36
0.42
0.36
0.37
0.51
0.53
0.48
0.50
0.44
0.45
0.44
0.47
0.39
0.40
0.43
0.41
0.35
0.36
0.38
0.36
0.50
0.49
0.50
0.50
CorWatt	PkgWatt
16.51	128.29
0.87	128.29
1.47
0.82
0.78
0.49
0.50
0.60
0.47
0.37
0.43
0.36
0.38
0.52
0.53
0.50
0.50
0.45
0.45
0.47
0.46
0.38
0.41
0.44
0.41
0.36
0.35
0.37
0.38
0.51
0.49
0.50
0.49
CorWatt	PkgWatt
16.94	128.57
0.89	128.57
1.63
0.89
0.83
0.48
0.50
0.60
0.50
0.40
0.44
0.38
0.39
0.52
0.55
0.50
0.51
0.44
0.45
0.44
0.47
0.39
0.41
0.44
0.41
0.36
0.36
0.38
0.38
0.50
0.50
0.51
0.50
CorWatt	PkgWatt
19.90	131.12
1.28	131.13
2.98
1.37
1.27
0.49
0.50
0.60
0.48
0.41
0.43
0.43
0.39
0.53
0.51
0.49
0.51
0.46
0.48
0.46
0.48
0.41
0.42
0.44
0.43
0.39
0.38
0.37
0.37
0.54
0.52
0.52
0.54
CorWatt	PkgWatt
19.50	130.75
1.29	130.74
1.28
3.06
1.27
0.49
0.50
0.59
0.49
0.38
0.42
0.37
0.38
0.54
0.50
0.48
0.50
0.46
0.48
0.46
0.47
0.40
0.41
0.43
0.41
0.35
0.35
0.35
0.36
0.50
0.50
0.50
0.50
CorWatt	PkgWatt
19.63	130.88
1.29	130.88
1.28
3.06
1.28
0.50
0.50
0.60
0.48
0.37
0.45
0.39
0.39
0.53
0.51
0.51
0.53
0.45
0.46
0.45
0.48
0.39
0.42
0.44
0.42
0.36
0.36
0.35
0.36
0.53
0.50
0.52
0.50
CorWatt	PkgWatt
19.67	130.98
1.29	130.98
2.01
2.33
1.27
0.49
0.50
0.61
0.49
0.39
0.45
0.38
0.39
0.54
0.52
0.50
0.51
0.47
0.46
0.46
0.48
0.41
0.41
0.43
0.42
0.36
0.35
0.35
0.36
0.51
0.50
0.51
0.50
CorWatt	PkgWatt
19.71	130.97
1.29	130.97
1.27
3.07
1.27
0.52
0.52
0.61
0.51
0.41
0.45
0.39
0.40
0.54
0.50
0.50
0.51
0.45
0.47
0.46
0.47
0.39
0.41
0.43
0.42
0.35
0.36
0.35
0.37
0.51
0.50
0.51
0.50
CorWatt	PkgWatt
19.45	130.75
1.29	130.76
1.28
3.06
1.27
0.49
0.50
0.59
0.49
0.37
0.44
0.38
0.38
0.53
0.50
0.49
0.50
0.45
0.46
0.44
0.47
0.39
0.41
0.43
0.41
0.35
0.35
0.37
0.36
0.50
0.50
0.50
0.50
CorWatt	PkgWatt
19.66	130.83
1.29	130.84
1.33
3.00
1.27
0.50
0.50
0.61
0.49
0.40
0.45
0.39
0.41
0.55
0.54
0.51
0.53
0.45
0.46
0.48
0.47
0.38
0.41
0.43
0.41
0.35
0.35
0.35
0.37
0.50
0.50
0.50
0.49
CorWatt	PkgWatt
19.45	130.85
1.29	130.84
1.35
1.71
2.55
0.49
0.50
0.60
0.50
0.38
0.43
0.36
0.37
0.53
0.50
0.49
0.50
0.44
0.46
0.46
0.47
0.41
0.41
0.43
0.41
0.35
0.35
0.35
0.36
0.50
0.50
0.50
0.50
CorWatt	PkgWatt
19.50	130.86
1.29	130.86
1.27
2.95
1.38
0.49
0.50
0.60
0.48
0.37
0.43
0.37
0.38
0.53
0.50
0.49
0.51
0.46
0.46
0.46
0.48
0.39
0.41
0.43
0.41
0.36
0.36
0.36
0.36
0.51
0.50
0.50
0.50
CorWatt	PkgWatt
19.54	130.78
1.28	130.78
1.28
1.29
3.05
0.49
0.51
0.61
0.49
0.40
0.43
0.36
0.39
0.54
0.52
0.48
0.50
0.44
0.46
0.45
0.49
0.39
0.41
0.44
0.43
0.35
0.35
0.35
0.36
0.50
0.49
0.50
0.50
CorWatt	PkgWatt
18.80	130.23
1.14	130.22
1.13
1.15
2.58
0.49
0.49
0.59
0.49
0.39
0.45
0.44
0.39
0.52
0.52
0.48
0.50
0.45
0.45
0.44
0.48
0.39
0.41
0.44
0.41
0.36
0.36
0.37
0.36
0.53
0.53
0.51
0.53
CorWatt	PkgWatt
19.76	134.00
0.78	134.02
0.49
0.61
0.48
0.94
2.99
0.65
0.58
0.40
0.46
0.40
0.42
0.56
0.57
0.55
0.59
0.55
0.53
0.52
0.61
0.45
0.47
0.45
0.77
0.41
0.41
0.42
0.42
0.57
0.57
0.56
0.57
CorWatt	PkgWatt
20.49	137.53
0.56	137.52
0.55
0.55
0.50
0.54
6.00
0.53
0.51
0.39
0.43
0.37
0.39
0.52
0.52
0.50
0.51
0.50
0.47
0.48
0.54
0.39
0.42
0.42
0.39
0.36
0.36
0.36
0.37
0.52
0.51
0.51
0.51
CorWatt	PkgWatt
20.42	137.54
0.57	137.54
0.56
0.54
0.46
0.53
6.01
0.53
0.54
0.37
0.43
0.40
0.38
0.52
0.52
0.49
0.51
0.50
0.46
0.47
0.55
0.40
0.41
0.40
0.39
0.36
0.36
0.37
0.37
0.52
0.50
0.51
0.51
CorWatt	PkgWatt
20.18	137.56
0.58	137.56
0.54
0.53
0.46
0.52
6.01
0.53
0.50
0.37
0.42
0.36
0.38
0.51
0.51
0.48
0.51
0.48
0.45
0.45
0.52
0.40
0.42
0.40
0.40
0.35
0.35
0.36
0.36
0.52
0.50
0.50
0.49
CorWatt	PkgWatt
20.11	137.33
0.56	137.33
0.54
0.48
0.44
0.55
6.01
0.50
0.50
0.39
0.42
0.37
0.39
0.51
0.51
0.48
0.50
0.48
0.45
0.45
0.52
0.39
0.41
0.39
0.38
0.35
0.36
0.37
0.37
0.51
0.51
0.51
0.50
CorWatt	PkgWatt
20.36	137.58
0.56	137.58
0.54
0.53
0.45
0.53
6.01
0.52
0.49
0.37
0.44
0.37
0.40
0.52
0.54
0.51
0.51
0.49
0.46
0.52
0.53
0.39
0.41
0.39
0.39
0.35
0.35
0.36
0.37
0.52
0.50
0.52
0.50
CorWatt	PkgWatt
20.18	137.46
0.56	137.46
0.56
0.46
0.45
0.52
6.01
0.51
0.50
0.38
0.45
0.38
0.40
0.51
0.51
0.50
0.52
0.48
0.45
0.45
0.53
0.39
0.41
0.39
0.38
0.35
0.35
0.35
0.36
0.51
0.50
0.50
0.55
CorWatt	PkgWatt
20.17	137.61
0.56	137.61
0.57
0.46
0.45
0.53
6.01
0.52
0.52
0.38
0.44
0.36
0.38
0.52
0.54
0.49
0.52
0.48
0.45
0.46
0.52
0.38
0.42
0.40
0.38
0.35
0.35
0.36
0.36
0.51
0.50
0.50
0.49
CorWatt	PkgWatt
20.39	137.69
0.59	137.69
0.57
0.48
0.46
0.52
6.01
0.53
0.51
0.39
0.44
0.38
0.38
0.53
0.55
0.51
0.52
0.50
0.46
0.45
0.56
0.40
0.43
0.40
0.38
0.35
0.35
0.36
0.36
0.51
0.50
0.50
0.50
CorWatt	PkgWatt
20.31	137.64
0.56	137.64
0.56
0.48
0.45
0.53
6.01
0.52
0.51
0.41
0.44
0.43
0.39
0.53
0.53
0.50
0.51
0.49
0.47
0.48
0.51
0.39
0.41
0.39
0.39
0.35
0.35
0.36
0.36
0.52
0.50
0.50
0.50
CorWatt	PkgWatt
20.30	137.54
0.57	137.55
0.55
0.47
0.45
0.52
6.01
0.50
0.51
0.37
0.44
0.38
0.39
0.53
0.53
0.50
0.50
0.47
0.47
0.47
0.52
0.39
0.41
0.38
0.40
0.36
0.35
0.38
0.38
0.53
0.51
0.52
0.52
CorWatt	PkgWatt
20.13	137.71
0.57	137.71
0.58
0.46
0.45
0.52
6.01
0.51
0.49
0.38
0.44
0.36
0.38
0.53
0.53
0.49
0.51
0.48
0.45
0.46
0.50
0.38
0.41
0.38
0.38
0.37
0.36
0.35
0.38
0.51
0.50
0.51
0.49
CorWatt	PkgWatt
20.24	137.68
0.61	137.68
0.49
0.46
0.45
0.52
6.01
0.51
0.51
0.38
0.43
0.37
0.38
0.52
0.53
0.51
0.51
0.49
0.47
0.47
0.51
0.39
0.41
0.39
0.38
0.38
0.37
0.35
0.37
0.51
0.51
0.51
0.54
CorWatt	PkgWatt
20.40	137.89
0.62	137.89
0.49
0.47
0.46
0.53
6.01
0.51
0.49
0.40
0.44
0.37
0.39
0.53
0.53
0.52
0.52
0.51
0.47
0.47
0.51
0.40
0.43
0.41
0.40
0.37
0.36
0.35
0.37
0.52
0.50
0.51
0.50
CorWatt	PkgWatt
20.66	138.30
0.60	138.30
0.58
0.48
0.49
0.52
6.01
0.50
0.51
0.43
0.48
0.38
0.38
0.54
0.54
0.49
0.51
0.47
0.49
0.49
0.52
0.40
0.43
0.40
0.41
0.38
0.39
0.37
0.39
0.52
0.51
0.51
0.54
CorWatt	PkgWatt
20.16	137.79
0.56	137.78
0.56
0.46
0.45
0.52
6.01
0.50
0.50
0.38
0.44
0.37
0.38
0.53
0.52
0.50
0.51
0.45
0.46
0.49
0.48
0.39
0.42
0.38
0.42
0.37
0.35
0.35
0.36
0.57
0.51
0.50
0.50
CorWatt	PkgWatt
20.18	137.88
0.57	137.88
0.59
0.48
0.47
0.55
6.01
0.50
0.51
0.39
0.43
0.37
0.38
0.52
0.52
0.50
0.50
0.44
0.45
0.45
0.47
0.39
0.42
0.39
0.42
0.35
0.35
0.35
0.36
0.56
0.51
0.50
0.50
CorWatt	PkgWatt
19.69	134.07
0.75	134.08
0.64
0.57
0.71
0.79
2.68
0.69
0.56
0.46
0.49
0.44
0.47
0.61
0.59
0.59
0.60
0.50
0.51
0.53
0.50
0.49
0.51
0.47
0.49
0.44
0.42
0.44
0.44
0.62
0.56
0.55
0.58
CorWatt	PkgWatt
17.78	130.61
0.56	130.60
0.44
0.46
0.60
0.53
0.56
3.25
0.57
0.41
0.43
0.38
0.40
0.54
0.55
0.52
0.52
0.44
0.46
0.46
0.48
0.40
0.48
0.39
0.42
0.37
0.37
0.37
0.39
0.52
0.51
0.50
0.50
CorWatt	PkgWatt
17.86	130.47
0.57	130.47
0.46
0.48
0.62
0.51
0.53
3.19
0.55
0.39
0.44
0.43
0.40
0.54
0.50
0.50
0.51
0.47
0.47
0.48
0.48
0.40
0.46
0.41
0.44
0.39
0.37
0.36
0.37
0.55
0.54
0.52
0.53
CorWatt	PkgWatt
17.39	130.11
0.54	130.10
0.44
0.46
0.59
0.51
0.54
3.17
0.54
0.38
0.43
0.37
0.38
0.53
0.50
0.49
0.50
0.46
0.48
0.48
0.49
0.39
0.46
0.39
0.42
0.35
0.35
0.35
0.36
0.51
0.51
0.51
0.50
CorWatt	PkgWatt
17.65	130.36
0.55	130.36
0.46
0.48
0.60
0.52
0.53
3.19
0.53
0.39
0.45
0.39
0.40
0.55
0.51
0.51
0.54
0.45
0.46
0.47
0.48
0.39
0.46
0.39
0.42
0.37
0.36
0.36
0.36
0.53
0.52
0.53
0.50
CorWatt	PkgWatt
17.80	130.42
0.55	130.42
0.48
0.51
0.61
0.53
0.54
3.18
0.55
0.40
0.45
0.38
0.40
0.55
0.53
0.51
0.51
0.47
0.46
0.47
0.48
0.41
0.47
0.39
0.42
0.36
0.36
0.37
0.37
0.52
0.51
0.51
0.53
CorWatt	PkgWatt
17.46	130.02
0.52	130.02
0.52
0.46
0.60
0.53
0.54
3.17
0.53
0.39
0.45
0.38
0.40
0.54
0.50
0.49
0.51
0.45
0.45
0.46
0.47
0.38
0.46
0.38
0.42
0.35
0.35
0.35
0.36
0.51
0.51
0.50
0.51
CorWatt	PkgWatt
17.53	130.21
0.51	130.20
0.53
0.45
0.59
0.52
0.53
3.18
0.58
0.39
0.48
0.38
0.39
0.53
0.51
0.49
0.55
0.45
0.45
0.45
0.48
0.39
0.46
0.38
0.42
0.35
0.35
0.36
0.36
0.51
0.50
0.50
0.50
CorWatt	PkgWatt
18.16	130.60
0.56	130.61
0.52
0.52
0.62
0.52
0.53
3.19
0.55
0.42
0.48
0.43
0.46
0.56
0.55
0.53
0.53
0.49
0.50
0.51
0.52
0.39
0.46
0.39
0.42
0.38
0.35
0.36
0.38
0.52
0.51
0.50
0.50
CorWatt	PkgWatt
17.38	130.07
0.54	130.06
0.49
0.47
0.58
0.51
0.53
3.17
0.54
0.37
0.44
0.38
0.39
0.54
0.50
0.49
0.51
0.44
0.46
0.47
0.48
0.41
0.46
0.38
0.42
0.35
0.35
0.35
0.36
0.51
0.50
0.50
0.50
CorWatt	PkgWatt
17.28	129.90
0.52	129.91
0.49
0.45
0.58
0.51
0.52
3.18
0.53
0.39
0.44
0.37
0.39
0.54
0.51
0.48
0.51
0.46
0.45
0.45
0.47
0.38
0.46
0.39
0.42
0.36
0.35
0.35
0.36
0.51
0.51
0.50
0.49
CorWatt	PkgWatt
17.40	130.02
0.51	130.02
0.48
0.45
0.59
0.51
0.53
0.58
3.16
0.39
0.43
0.36
0.39
0.55
0.52
0.49
0.51
0.44
0.45
0.45
0.48
0.39
0.46
0.40
0.45
0.35
0.35
0.35
0.36
0.51
0.50
0.50
0.51
CorWatt	PkgWatt
17.75	130.12
0.51	130.11
0.50
0.46
0.60
0.51
0.53
3.16
0.55
0.39
0.43
0.44
0.39
0.51
0.52
0.50
0.51
0.47
0.46
0.46
0.50
0.39
0.46
0.39
0.42
0.36
0.38
0.39
0.37
0.54
0.53
0.52
0.58
CorWatt	PkgWatt
17.35	129.90
0.53	129.89
0.50
0.46
0.58
0.51
0.53
3.19
0.54
0.38
0.43
0.37
0.37
0.51
0.50
0.50
0.50
0.44
0.46
0.46
0.48
0.39
0.47
0.39
0.42
0.35
0.37
0.35
0.36
0.51
0.50
0.50
0.51
CorWatt	PkgWatt
17.31	130.02
0.52	130.02
0.48
0.45
0.60
0.51
0.52
3.17
0.53
0.37
0.43
0.36
0.39
0.51
0.51
0.50
0.50
0.48
0.45
0.47
0.50
0.39
0.48
0.39
0.42
0.35
0.35
0.35
0.36
0.51
0.50
0.50
0.49
CorWatt	PkgWatt
17.35	129.83
0.52	129.83
0.51
0.47
0.59
0.51
0.53
3.17
0.55
0.37
0.43
0.38
0.37
0.51
0.50
0.50
0.50
0.47
0.45
0.45
0.48
0.39
0.46
0.39
0.42
0.35
0.35
0.35
0.36
0.51
0.51
0.50
0.50
CorWatt	PkgWatt
17.53	130.10
0.54	130.10
0.48
0.48
0.60
0.51
0.52
3.16
0.55
0.38
0.42
0.37
0.40
0.51
0.51
0.51
0.51
0.47
0.46
0.46
0.49
0.40
0.47
0.40
0.44
0.36
0.36
0.36
0.37
0.52
0.51
0.50
0.50
CorWatt	PkgWatt
17.29	129.74
0.51	129.73
0.47
0.45
0.59
0.51
0.53
3.17
0.53
0.37
0.43
0.38
0.38
0.51
0.51
0.50
0.50
0.45
0.45
0.45
0.49
0.39
0.46
0.38
0.42
0.35
0.37
0.37
0.37
0.51
0.51
0.50
0.50
CorWatt	PkgWatt
18.11	129.89
0.58	129.90
0.53
0.54
0.61
0.55
0.54
0.64
0.54
0.45
0.48
0.45
0.48
0.60
0.58
0.57
0.57
0.52
0.50
0.50
0.53
0.50
0.51
0.44
0.47
0.54
0.54
0.89
0.56
1.15
0.58
0.57
0.57
CorWatt	PkgWatt
16.41	128.38
0.52	128.38
0.43
0.44
0.50
0.48
0.49
0.57
0.49
0.38
0.45
0.39
0.40
0.51
0.50
0.49
0.51
0.46
0.45
0.45
0.48
0.44
0.44
0.39
0.38
0.63
0.64
1.15
0.77
0.64
0.51
0.51
0.52
CorWatt	PkgWatt
16.63	128.53
0.53	128.53
0.44
0.47
0.50
0.49
0.49
0.57
0.52
0.39
0.45
0.38
0.38
0.53
0.52
0.49
0.54
0.48
0.46
0.46
0.48
0.47
0.48
0.41
0.38
0.63
0.64
1.02
0.89
0.63
0.51
0.51
0.52
CorWatt	PkgWatt
16.48	128.26
0.54	128.26
0.45
0.46
0.53
0.48
0.49
0.54
0.48
0.38
0.44
0.38
0.37
0.53
0.53
0.50
0.52
0.49
0.45
0.45
0.48
0.45
0.45
0.40
0.38
0.62
0.64
0.64
1.26
0.63
0.52
0.50
0.51
CorWatt	PkgWatt
16.35	128.30
0.50	128.29
0.42
0.44
0.52
0.49
0.49
0.54
0.47
0.38
0.44
0.43
0.40
0.52
0.50
0.49
0.50
0.48
0.45
0.45
0.46
0.45
0.44
0.38
0.38
0.63
0.63
1.27
0.65
0.63
0.51
0.50
0.51
CorWatt	PkgWatt
17.25	128.93
0.53	128.93
0.44
0.49
0.50
0.49
0.49
0.54
0.50
0.38
0.44
0.38
0.38
0.52
0.50
0.49
0.51
0.46
0.47
0.47
0.48
0.44
0.43
0.38
0.40
1.43
0.74
0.77
0.98
0.65
0.51
0.52
0.54
CorWatt	PkgWatt
19.66	131.07
0.50	131.07
0.48
0.46
0.50
0.49
0.49
0.54
0.48
0.39
0.44
0.41
0.41
0.54
0.51
0.51
0.51
0.51
0.47
0.46
0.47
0.43
0.44
0.41
0.38
1.05
1.04
1.05
3.09
0.61
0.53
0.53
0.54
CorWatt	PkgWatt
19.65	131.01
0.51	131.00
0.48
0.44
0.52
0.48
0.48
0.53
0.48
0.37
0.44
0.39
0.40
0.52
0.50
0.49
0.51
0.48
0.46
0.46
0.46
0.43
0.45
0.40
0.38
2.78
1.09
1.09
1.40
0.63
0.52
0.52
0.54
CorWatt	PkgWatt
19.76	131.26
0.51	131.26
0.46
0.45
0.50
0.50
0.51
0.54
0.47
0.40
0.44
0.38
0.39
0.54
0.51
0.52
0.52
0.50
0.47
0.46
0.46
0.45
0.45
0.41
0.39
2.69
1.09
1.09
1.47
0.64
0.53
0.51
0.53
CorWatt	PkgWatt
19.45	130.88
0.54	130.88
0.48
0.45
0.51
0.48
0.48
0.48
0.47
0.38
0.43
0.38
0.40
0.53
0.51
0.50
0.51
0.48
0.45
0.45
0.47
0.43
0.43
0.38
0.38
3.08
1.05
1.05
1.05
0.64
0.51
0.51
0.52
CorWatt	PkgWatt
19.65	130.98
0.51	130.98
0.46
0.45
0.51
0.49
0.49
0.49
0.48
0.38
0.44
0.38
0.40
0.53
0.51
0.50
0.52
0.51
0.47
0.48
0.48
0.44
0.44
0.39
0.38
3.07
1.09
1.09
1.09
0.64
0.53
0.51
0.52
CorWatt	PkgWatt
19.56	131.01
0.51	131.01
0.49
0.46
0.49
0.50
0.49
0.48
0.48
0.38
0.43
0.37
0.39
0.52
0.50
0.49
0.51
0.47
0.48
0.47
0.48
0.44
0.44
0.38
0.38
2.49
1.09
1.09
1.67
0.64
0.51
0.51
0.52
CorWatt	PkgWatt
19.50	131.07
0.51	131.07
0.47
0.44
0.50
0.48
0.48
0.48
0.47
0.37
0.44
0.37
0.38
0.53
0.51
0.51
0.51
0.48
0.46
0.45
0.46
0.45
0.43
0.39
0.38
1.91
1.09
1.10
2.27
0.64
0.52
0.51
0.53
CorWatt	PkgWatt
19.51	130.95
0.51	130.96
0.45
0.44
0.51
0.48
0.48
0.48
0.48
0.40
0.44
0.39
0.41
0.53
0.52
0.51
0.51
0.47
0.45
0.45
0.47
0.44
0.44
0.39
0.38
1.92
1.08
1.08
2.24
0.64
0.52
0.51
0.52
CorWatt	PkgWatt
19.88	131.12
0.53	131.12
0.49
0.46
0.51
0.49
0.49
0.49
0.49
0.40
0.44
0.43
0.42
0.53
0.51
0.50
0.51
0.47
0.48
0.47
0.49
0.45
0.44
0.40
0.41
3.07
1.08
1.07
1.07
0.65
0.55
0.53
0.57
CorWatt	PkgWatt
19.55	131.07
0.51	131.06
0.47
0.44
0.50
0.48
0.49
0.48
0.48
0.39
0.45
0.38
0.38
0.54
0.51
0.49
0.51
0.46
0.47
0.46
0.47
0.44
0.43
0.38
0.38
3.07
1.09
1.10
1.09
0.63
0.52
0.51
0.54
CorWatt	PkgWatt
19.62	131.07
0.53	131.08
0.48
0.45
0.50
0.48
0.48
0.48
0.47
0.38
0.45
0.38
0.39
0.54
0.51
0.51
0.53
0.45
0.46
0.45
0.47
0.43
0.44
0.39
0.38
2.96
1.09
1.09
1.22
0.64
0.54
0.53
0.52
CorWatt	PkgWatt
19.30	130.59
0.56	130.61
0.52
0.50
0.54
0.55
0.54
0.49
0.50
0.44
0.48
0.42
0.46
0.61
0.57
0.56
0.54
0.52
0.55
0.53
0.54
0.48
0.51
0.49
0.44
1.55
0.83
0.81
1.15
0.74
0.64
0.66
0.62
