CorWatt	PkgWatt
4.54	153.03
0.10	76.74
0.09
0.09
0.09
0.08
0.08
0.08
0.08
0.07
0.07
0.07
0.07
0.07
0.07
0.07
0.07
0.08
0.08
0.08
0.08
0.09
0.08
0.08
0.08
0.07
0.07
0.07
0.07
0.07
0.07
0.07
0.07
0.07	76.33
0.06
0.06
0.06
0.06
0.06
0.06
0.06
0.06
0.06
0.06
0.06
0.06
0.06
0.06
0.06
0.06
0.06
0.06
0.06
0.07
0.07
0.07
0.07
0.07
0.07
0.06
0.06
0.06
0.06
0.07
0.15
CorWatt	PkgWatt
4.95	153.12
0.10	76.76
0.09
0.09
0.10
0.08
0.08
0.09
0.09
0.07
0.07
0.14
0.07
0.09
0.07
0.08
0.07
0.09
0.09
0.09
0.08
0.09
0.08
0.09
0.09
0.08
0.08
0.08
0.11
0.07
0.07
0.07
0.08
0.07	76.42
0.07
0.07
0.07
0.07
0.07
0.07
0.07
0.06
0.06
0.06
0.06
0.06
0.06
0.06
0.06
0.07
0.07
0.07
0.07
0.07
0.07
0.07
0.07
0.10
0.12
0.07
0.08
0.07
0.06
0.07
0.06
CorWatt	PkgWatt
9.94	167.38
0.18	85.51
0.18
0.23
0.25
0.25
0.30
0.28
0.48
0.25
0.09
0.09
0.28
0.28
0.10
0.28
0.10
0.21
0.22
0.11
0.18
0.12
0.28
0.19
0.18
0.25
0.15
0.19
0.11
0.24
0.14
0.09
0.23
0.08	81.99
0.09
0.11
0.09
0.13
0.10
0.09
0.15
0.09
0.09
0.09
0.11
0.11
0.09
0.10
0.19
0.11
0.09
0.09
0.09
0.09
0.11
0.12
0.10
0.14
0.14
0.12
0.09
0.10
0.09
0.12
0.12
CorWatt	PkgWatt
4.36	151.15
0.10	75.67
0.10
0.09
0.10
0.08
0.08
0.08
0.08
0.07
0.06
0.06
0.06
0.07
0.07
0.07
0.06
0.08
0.08
0.08
0.08
0.08
0.08
0.08
0.07
0.07
0.07
0.07
0.07
0.07
0.07
0.06
0.06
0.06	75.29
0.06
0.06
0.06
0.07
0.07
0.07
0.06
0.06
0.06
0.06
0.06
0.06
0.06
0.06
0.06
0.06
0.06
0.06
0.06
0.06
0.07
0.06
0.06
0.07
0.06
0.06
0.06
0.06
0.06
0.06
0.06
CorWatt	PkgWatt
4.61	151.55
0.10	75.79
0.10
0.10
0.10
0.08
0.08
0.08
0.08
0.07
0.07
0.07
0.07
0.07
0.07
0.07
0.07
0.08
0.09
0.08
0.08
0.09
0.08
0.08
0.08
0.07
0.07
0.07
0.07
0.07
0.07
0.07
0.07
0.07	75.64
0.07
0.07
0.06
0.08
0.07
0.07
0.07
0.06
0.06
0.06
0.06
0.06
0.06
0.06
0.06
0.07
0.06
0.06
0.06
0.07
0.07
0.07
0.07
0.07
0.06
0.06
0.06
0.06
0.06
0.06
0.07
