CorWatt	PkgWatt
15.10	127.74
0.52	127.73
0.47
0.50
0.45
0.51
0.51
0.52
0.55
0.41
0.45
0.41
0.40
0.52
0.53
0.52
0.53
0.51
0.49
0.49
0.49
0.42
0.43
0.39
0.44
0.38
0.38
0.39
0.37
0.57
0.51
0.52
0.51
CorWatt	PkgWatt
14.99	126.83
0.50	127.73
0.45
0.51
0.48
0.49
0.50
0.50
0.53
0.40
0.44
0.42
0.39
0.50
0.53
0.50
0.52
0.51
0.48
0.49
0.51
0.44
0.44
0.41
0.44
0.40
0.39
0.39
0.38
0.56
0.50
0.51
0.51
CorWatt	PkgWatt
18.44	131.40
0.58	130.51
0.57
0.67
0.56
0.56
0.57
0.64
0.57
0.53
0.58
0.53
0.58
0.51
0.67
0.55
0.53
0.56
0.62
0.51
0.55
0.54
0.61
0.55
0.47
0.55
0.54
0.50
0.50
0.71
0.63
0.70
0.67
CorWatt	PkgWatt
15.38	127.97
0.50	127.93
0.50
0.52
0.48
0.52
0.52
0.51
0.51
0.40
0.44
0.42
0.40
0.56
0.54
0.51
0.52
0.49
0.48
0.46
0.48
0.46
0.42
0.42
0.43
0.41
0.46
0.44
0.46
0.53
0.54
0.52
0.52
