CorWatt	PkgWatt
15.99	129.50
0.55	129.50
0.59
0.52
0.53
0.55
0.56
0.54
0.53
0.44
0.47
0.44
0.44
0.60
0.55
0.60
0.55
0.48
0.55
0.48
0.51
0.41
0.42
0.41
0.41
0.39
0.42
0.41
0.38
0.59
0.57
0.56
0.54
CorWatt	PkgWatt
15.40	128.75
0.54	128.90
0.48
0.50
0.50
0.52
0.55
0.53
0.52
0.42
0.49
0.39
0.44
0.55
0.55
0.58
0.56
0.49
0.48
0.48
0.49
0.41
0.42
0.41
0.40
0.38
0.40
0.39
0.37
0.56
0.55
0.53
0.53
CorWatt	PkgWatt
73.79	190.11
2.16	189.96
3.13
2.42
2.61
2.42
2.43
2.41
2.34
2.30
2.32
2.29
2.28
2.42
2.42
2.45
2.44
2.32
2.28
2.07
2.14
2.24
2.27
2.03
1.99
2.21
2.21
2.00
2.00
2.42
2.39
2.20
2.19
