CorWatt	PkgWatt
15.64	128.48
0.54	128.48
0.48
0.50
0.47
0.55
0.55
0.53
0.56
0.43
0.47
0.53
0.43
0.54
0.55
0.52
0.54
0.50
0.52
0.51
0.51
0.42
0.41
0.40
0.41
0.38
0.37
0.38
0.39
0.60
0.52
0.56
0.56
CorWatt	PkgWatt
14.93	127.48
0.49	127.67
0.48
0.47
0.45
0.53
0.53
0.51
0.55
0.40
0.44
0.39
0.40
0.52
0.54
0.51
0.52
0.51
0.48
0.49
0.50
0.42
0.39
0.38
0.41
0.38
0.37
0.37
0.37
0.53
0.51
0.54
0.55
CorWatt	PkgWatt
72.44	187.28
0.90	187.04
2.24
2.31
2.29
2.42
2.38
2.37
2.31
2.36
2.34
2.24
2.22
2.40
2.39
2.38
2.37
2.28
2.28
2.12
2.14
2.22
2.21
2.03
1.98
2.24
2.20
2.02
2.01
2.41
3.98
2.20
2.19
