CorWatt	PkgWatt
16.13	129.81
0.55	129.82
0.50
0.55
0.48
0.58
0.59
0.54
0.54
0.47
0.48
0.42
0.43
0.58
0.60
0.59
0.67
0.49
0.49
0.49
0.50
0.43
0.44
0.41
0.42
0.40
0.43
0.42
0.39
0.58
0.54
0.57
0.55
CorWatt	PkgWatt
15.52	128.50
0.52	129.07
0.51
0.56
0.46
0.56
0.56
0.53
0.52
0.46
0.44
0.40
0.41
0.53
0.57
0.53
0.63
0.48
0.47
0.47
0.48
0.43
0.46
0.41
0.41
0.40
0.39
0.45
0.37
0.56
0.52
0.52
0.52
CorWatt	PkgWatt
71.86	168.91
2.11	190.07
2.31
2.39
2.37
2.45
2.46
3.20
2.40
2.38
2.37
2.39
2.37
2.52
2.54
2.52
2.56
2.39
2.37
2.17
2.20
2.35
2.38
2.12
2.06
2.35
2.31
2.15
2.12
2.74
2.55
2.32
2.31
