CorWatt	PkgWatt
15.80	127.34
0.53	127.36
0.46
0.50
0.51
0.52
0.55
0.55
0.57
0.54
0.48
0.39
0.47
0.54
0.58
0.60
0.58
0.52
0.49
0.47
0.51
0.42
0.40
0.47
0.44
0.36
0.47
0.40
0.37
0.54
0.52
0.52
0.52
CorWatt	PkgWatt
14.88	126.62
0.50	126.72
0.45
0.45
0.46
0.52
0.57
0.51
0.54
0.48
0.44
0.39
0.45
0.50
0.54
0.56
0.57
0.45
0.46
0.47
0.47
0.41
0.38
0.42
0.39
0.36
0.37
0.37
0.36
0.52
0.49
0.50
0.50
CorWatt	PkgWatt
61.86	173.62
0.96	173.58
1.91
1.94
1.95
1.95
2.01
2.02
1.94
1.98
1.92
1.90
1.94
2.15
3.62
2.11
2.16
1.90
1.91
1.74
1.78
1.83
1.89
1.75
1.71
1.81
1.87
1.80
1.68
1.99
1.99
1.85
1.90
CorWatt	PkgWatt
49.32	163.02
0.63	162.97
1.59
1.62
1.58
1.66
1.66
1.67
1.62
1.55
1.56
1.52
1.49
1.71
2.40
1.72
1.70
1.60
1.58
1.44
1.44
1.51
1.52
1.35
1.32
1.45
1.47
1.39
1.33
1.65
1.62
1.48
1.47
