CorWatt	PkgWatt
15.56	128.01
0.52	128.01
0.47
0.51
0.46
0.51
0.51
0.51
0.54
0.42
0.49
0.42
0.41
0.53
0.52
0.52
0.57
0.51
0.51
0.51
0.52
0.45
0.44
0.41
0.40
0.42
0.40
0.52
0.40
0.57
0.53
0.54
0.53
CorWatt	PkgWatt
14.89	126.62
0.50	127.34
0.47
0.49
0.44
0.50
0.50
0.49
0.54
0.39
0.49
0.40
0.39
0.50
0.50
0.49
0.52
0.47
0.49
0.48
0.49
0.43
0.41
0.42
0.40
0.40
0.39
0.39
0.37
0.57
0.57
0.54
0.51
CorWatt	PkgWatt
18.39	131.76
0.60	131.03
0.61
0.71
0.59
0.64
0.61
0.60
0.71
0.49
0.59
0.47
0.52
0.57
0.58
0.54
0.63
0.53
0.57
0.64
0.60
0.54
0.53
0.48
0.50
0.51
0.49
0.51
0.50
0.62
0.61
0.58
0.64
CorWatt	PkgWatt
14.79	127.14
0.50	127.10
0.52
0.50
0.44
0.49
0.49
0.49
0.48
0.44
0.48
0.37
0.38
0.51
0.53
0.51
0.52
0.45
0.46
0.47
0.46
0.40
0.38
0.38
0.38
0.41
0.39
0.43
0.50
0.52
0.50
0.51
0.51
CorWatt	PkgWatt
15.50	127.83
0.65	127.78
0.56
0.51
0.46
0.55
0.51
0.55
0.50
0.43
0.45
0.39
0.41
0.52
0.57
0.54
0.55
0.46
0.48
0.50
0.49
0.42
0.42
0.40
0.40
0.38
0.38
0.42
0.42
0.55
0.54
0.52
0.55
