CorWatt	PkgWatt
15.58	128.15
0.56	128.11
0.54
0.48
0.47
0.54
0.53
0.51
0.50
0.47
0.55
0.41
0.44
0.56
0.54
0.53
0.56
0.48
0.50
0.48
0.49
0.47
0.42
0.41
0.46
0.43
0.40
0.39
0.39
0.52
0.51
0.51
0.52
CorWatt	PkgWatt
14.67	127.17
0.51	127.23
0.47
0.45
0.44
0.49
0.50
0.48
0.48
0.45
0.45
0.40
0.43
0.52
0.52
0.52
0.53
0.46
0.51
0.46
0.46
0.41
0.38
0.40
0.44
0.36
0.37
0.37
0.35
0.53
0.52
0.51
0.49
CorWatt	PkgWatt
63.10	176.01
1.14	176.03
2.05
2.11
2.04
3.52
2.36
2.14
2.14
1.95
1.96
1.86
1.88
2.01
2.05
2.02
2.05
1.92
2.01
1.85
1.83
1.86
1.84
1.74
1.73
1.87
1.83
1.72
1.75
2.05
2.05
1.90
1.86
CorWatt	PkgWatt
48.42	163.24
0.67	163.20
1.58
1.60
1.59
2.33
1.60
1.60
1.60
1.54
1.53
1.50
1.45
1.63
1.63
1.69
1.70
1.51
1.56
1.39
1.41
1.47
1.46
1.32
1.31
1.49
1.43
1.30
1.32
1.66
1.62
1.49
1.46
