CorWatt	PkgWatt
15.02	127.03
0.53	127.04
0.55
0.49
0.47
0.50
0.59
0.52
0.49
0.43
0.47
0.39
0.38
0.54
0.53
0.52
0.54
0.45
0.52
0.46
0.49
0.41
0.38
0.41
0.40
0.38
0.36
0.41
0.37
0.52
0.50
0.50
0.51
CorWatt	PkgWatt
14.62	126.62
0.51	126.73
0.46
0.49
0.45
0.48
0.52
0.53
0.48
0.40
0.45
0.42
0.39
0.51
0.50
0.49
0.52
0.44
0.52
0.44
0.47
0.41
0.39
0.43
0.41
0.35
0.37
0.40
0.37
0.52
0.50
0.50
0.49
CorWatt	PkgWatt
24.28	135.51
0.72	135.45
0.75
0.64
0.61
0.69
0.76
0.75
2.68
0.70
0.79
0.69
0.61
0.76
0.71
0.69
0.72
0.77
0.81
0.68
0.70
0.71
0.62
0.63
0.61
0.64
0.57
0.57
0.59
0.73
0.76
0.81
0.80
CorWatt	PkgWatt
17.40	128.69
0.73	128.67
0.70
1.18
0.67
0.52
0.53
0.54
0.63
0.48
0.51
0.44
0.46
0.57
0.57
0.51
0.54
0.54
0.52
0.50
0.48
0.44
0.42
0.46
0.43
0.43
0.42
0.42
0.49
0.57
0.54
0.58
0.56
CorWatt	PkgWatt
17.01	128.63
0.76	128.63
0.72
1.06
0.86
0.60
0.50
0.51
0.56
0.45
0.50
0.41
0.45
0.54
0.53
0.51
0.51
0.55
0.56
0.49
0.47
0.45
0.42
0.43
0.51
0.36
0.42
0.40
0.40
0.56
0.52
0.50
0.51
CorWatt	PkgWatt
17.81	128.90
0.87	128.92
1.02
0.95
0.72
0.66
0.57
0.60
0.60
0.49
0.50
0.48
0.48
0.52
0.57
0.51
0.55
0.53
0.57
0.49
0.50
0.45
0.44
0.46
0.42
0.40
0.40
0.43
0.41
0.58
0.56
0.55
0.54
CorWatt	PkgWatt
16.94	128.56
0.89	128.54
1.12
0.68
0.72
0.62
0.52
0.50
0.48
0.41
0.50
0.40
0.42
0.53
0.55
0.48
0.54
0.53
0.56
0.51
0.49
0.47
0.45
0.46
0.52
0.35
0.37
0.43
0.39
0.52
0.49
0.50
0.54
CorWatt	PkgWatt
17.16	128.76
1.02	128.76
1.05
0.71
0.70
0.61
0.54
0.54
0.52
0.41
0.45
0.44
0.46
0.54
0.55
0.51
0.52
0.53
0.59
0.51
0.51
0.45
0.42
0.44
0.52
0.35
0.41
0.43
0.37
0.55
0.52
0.50
0.50
CorWatt	PkgWatt
18.18	130.30
3.14	130.30
0.58
0.48
0.48
0.65
0.58
0.58
0.53
0.39
0.47
0.42
0.42
0.50
0.54
0.52
0.50
0.46
0.52
0.47
0.50
0.44
0.42
0.42
0.43
0.38
0.43
0.42
0.40
0.55
0.52
0.52
0.52
CorWatt	PkgWatt
17.88	130.12
3.17	130.11
0.53
0.45
0.45
0.60
0.49
0.49
0.48
0.40
0.43
0.40
0.44
0.53
0.50
0.50
0.50
0.49
0.52
0.48
0.49
0.40
0.38
0.40
0.43
0.42
0.46
0.41
0.46
0.56
0.55
0.55
0.54
CorWatt	PkgWatt
18.11	130.23
3.16	130.23
0.58
0.45
0.44
0.63
0.53
0.50
0.47
0.41
0.49
0.42
0.40
0.49
0.52
0.54
0.53
0.45
0.52
0.47
0.51
0.43
0.41
0.41
0.43
0.42
0.42
0.42
0.47
0.58
0.51
0.55
0.58
CorWatt	PkgWatt
18.10	130.49
3.17	130.49
0.56
0.45
0.44
0.58
0.50
0.50
0.48
0.42
0.45
0.40
0.44
0.50
0.50
0.53
0.52
0.51
0.51
0.47
0.51
0.42
0.39
0.43
0.44
0.41
0.42
0.41
0.47
0.59
0.55
0.56
0.56
CorWatt	PkgWatt
20.14	131.66
2.93	131.86
0.61
0.50
0.46
0.72
0.56
0.56
0.54
0.45
0.49
0.44
0.45
0.56
0.54
0.59
0.54
0.64
0.72
0.63
0.70
0.53
0.49
0.43
0.50
0.45
0.51
0.54
0.49
0.70
0.66
0.62
0.59
