CorWatt	PkgWatt
15.36	127.45
0.55	127.04
0.53
0.47
0.50
0.65
0.52
0.53
0.51
0.43
0.45
0.39
0.44
0.52
0.53
0.55
0.52
0.48
0.49
0.45
0.46
0.40
0.40
0.38
0.39
0.39
0.36
0.40
0.39
0.58
0.54
0.58
0.57
CorWatt	PkgWatt
14.73	126.51
0.52	126.60
0.56
0.49
0.46
0.59
0.51
0.51
0.51
0.47
0.45
0.36
0.37
0.49
0.50
0.51
0.51
0.45
0.47
0.44
0.45
0.41
0.40
0.37
0.40
0.37
0.35
0.37
0.35
0.51
0.51
0.53
0.54
CorWatt	PkgWatt
18.09	129.39
0.62	129.33
0.64
0.58
0.60
0.56
0.58
0.58
0.66
0.50
0.52
0.45
0.44
0.59
0.64
0.62
0.64
0.67
0.70
0.64
0.57
0.56
0.50
0.46
0.48
0.45
0.39
0.42
0.39
0.61
0.67
0.69
0.66
CorWatt	PkgWatt
15.07	126.87
0.54	126.82
0.52
0.48
0.47
0.50
0.52
0.49
0.54
0.41
0.45
0.37
0.37
0.49
0.50
0.49
0.51
0.58
0.56
0.54
0.50
0.43
0.41
0.38
0.39
0.35
0.35
0.36
0.35
0.51
0.58
0.60
0.50
