CorWatt	PkgWatt
15.74	129.28
0.55	129.29
0.49
0.51
0.46
0.54
0.56
0.54
0.52
0.47
0.45
0.40
0.42
0.55
0.67
0.53
0.58
0.50
0.51
0.49
0.52
0.42
0.43
0.40
0.43
0.40
0.40
0.39
0.41
0.58
0.54
0.56
0.54
CorWatt	PkgWatt
15.29	128.77
0.52	128.89
0.53
0.48
0.45
0.54
0.54
0.51
0.50
0.46
0.45
0.39
0.40
0.53
0.58
0.55
0.56
0.48
0.55
0.47
0.47
0.41
0.43
0.40
0.42
0.40
0.38
0.38
0.40
0.54
0.52
0.52
0.52
CorWatt	PkgWatt
71.84	186.87
0.88	186.75
2.22
2.29
2.24
2.38
2.36
2.34
3.77
2.21
2.20
2.21
2.15
2.38
2.38
2.39
2.41
2.25
2.32
2.04
2.08
2.21
2.20
1.99
1.96
2.20
2.19
2.04
2.02
2.43
2.47
2.25
2.39
