CorWatt	PkgWatt
15.62	128.43
0.54	128.45
0.52
0.48
0.47
0.57
0.52
0.52
0.54
0.50
0.46
0.39
0.43
0.55
0.56
0.53
0.55
0.48
0.50
0.47
0.49
0.43
0.40
0.41
0.42
0.37
0.40
0.42
0.37
0.55
0.55
0.65
0.58
CorWatt	PkgWatt
15.33	127.17
0.54	127.90
0.54
0.49
0.46
0.53
0.53
0.52
0.51
0.49
0.49
0.41
0.41
0.53
0.54
0.53
0.53
0.48
0.49
0.50
0.52
0.41
0.41
0.40
0.43
0.39
0.40
0.41
0.37
0.53
0.53
0.52
0.53
CorWatt	PkgWatt
70.05	166.98
1.57	187.53
2.27
2.30
2.25
2.38
2.35
2.33
2.31
2.29
2.29
2.27
2.23
2.47
2.45
2.44
2.48
2.35
2.35
2.14
2.18
2.32
2.31
2.10
2.06
3.28
2.30
2.11
2.14
2.53
2.52
2.30
2.47
