CorWatt	PkgWatt
291.49	570.12
3.10	245.40
3.37
3.22
4.67
4.04
5.05
3.81
3.51
3.59
5.51
4.92
4.88
5.38
4.53
4.86
4.91
4.93
4.81
4.16
3.81
4.55
4.91
3.69
5.08
4.26
5.42
5.05
4.83
5.04
5.06
5.39
3.49
3.08	210.32
2.47
2.62
2.50
3.73
2.63
3.11
2.71
2.51
2.51
4.06
2.51
2.57
2.51
2.56
5.76
5.64
2.47
4.25
2.51
3.96
2.54
2.61
5.77
2.53
4.18
3.97
4.12
4.30
2.58
2.42
2.47
CorWatt	PkgWatt
254.09	461.88
3.85	245.34
3.68
4.00
4.49
3.63
5.41
4.37
2.97
3.99
4.88
4.91
5.25
5.10
4.49
5.06
4.58
4.66
4.07
4.15
4.33
4.84
3.38
4.14
5.77
4.73
5.25
4.65
4.91
4.99
4.95
5.29
3.43
3.13	216.54
2.60
3.22
2.55
5.35
2.53
2.56
2.62
2.51
3.36
4.00
5.03
2.56
2.55
2.59
5.22
4.65
2.55
4.79
3.13
4.20
2.86
2.64
5.49
3.13
3.33
2.71
5.89
4.41
2.62
2.53
2.55
CorWatt	PkgWatt
248.03	456.71
3.56	245.50
3.81
4.24
4.82
3.59
5.28
4.50
2.75
4.57
4.95
4.07
5.16
4.93
4.31
5.14
3.88
4.27
4.78
3.80
4.37
4.21
3.98
4.66
4.74
4.72
4.76
5.22
5.16
5.11
4.57
5.10
4.70
3.12	211.17
2.53
3.28
2.46
4.54
2.52
2.62
3.24
2.55
2.66
4.31
4.54
2.49
2.58
2.53
5.04
4.71
3.56
2.48
2.64
4.57
4.02
2.59
2.55
3.95
2.51
2.55
5.65
2.91
2.55
2.54
3.50
CorWatt	PkgWatt
252.93	460.69
3.56	245.44
4.01
4.56
4.00
3.26
5.77
3.99
3.10
4.68
5.17
3.24
5.16
4.44
4.37
5.46
4.09
3.26
5.35
4.80
4.00
3.48
5.13
4.40
4.81
4.88
4.66
5.30
5.16
5.29
4.20
5.34
5.11
3.16	215.29
2.48
3.21
2.41
3.93
2.50
2.57
4.45
2.53
2.51
5.32
4.78
2.45
2.65
2.57
5.42
4.32
4.79
2.45
2.58
3.22
5.06
2.98
3.44
4.22
2.49
2.56
5.90
2.46
3.56
2.52
3.45
CorWatt	PkgWatt
252.89	460.67
3.72	245.51
3.87
3.94
3.93
3.36
5.45
3.87
3.19
4.62
4.73
4.82
5.28
4.30
5.01
5.01
4.22
3.43
5.46
4.30
3.82
4.01
4.88
4.24
4.54
4.99
4.83
5.66
5.02
5.64
4.89
4.77
4.61
2.60	215.16
3.16
3.19
2.41
2.81
3.72
2.65
4.23
3.03
2.97
4.49
4.38
2.53
3.33
2.62
4.68
3.06
4.44
3.22
2.69
2.61
5.32
4.13
2.98
4.29
3.05
2.55
5.79
2.63
3.75
2.58
2.62
CorWatt	PkgWatt
257.54	464.14
2.62	245.41
4.16
5.56
3.89
4.82
4.30
4.22
3.69
4.26
4.64
4.76
5.00
4.90
5.46
3.74
3.10
4.24
4.41
4.11
3.56
4.82
5.06
4.27
4.72
4.99
4.90
5.56
4.98
5.56
4.98
5.04
4.12
2.50	220.09
3.36
2.79
3.25
3.63
3.24
3.28
4.36
2.69
4.20
3.52
4.23
2.66
4.28
2.53
3.42
2.58
4.17
3.86
2.62
2.68
4.01
6.03
4.24
4.99
2.74
3.44
4.89
4.42
2.77
3.77
2.56
