CorWatt	PkgWatt
15.38	127.33
0.54	127.35
0.46
0.51
0.48
0.52
0.52
0.52
0.51
0.51
0.46
0.39
0.39
0.55
0.53
0.60
0.57
0.50
0.51
0.49
0.52
0.41
0.42
0.41
0.41
0.41
0.39
0.39
0.38
0.53
0.51
0.52
0.54
CorWatt	PkgWatt
14.48	126.41
0.52	126.49
0.42
0.44
0.47
0.48
0.48
0.48
0.47
0.41
0.44
0.37
0.37
0.53
0.51
0.58
0.53
0.49
0.46
0.45
0.49
0.43
0.39
0.38
0.39
0.39
0.35
0.37
0.37
0.50
0.51
0.50
0.52
CorWatt	PkgWatt
63.12	176.27
1.02	176.25
1.99
1.98
2.01
2.05
2.02
2.07
2.02
1.91
1.94
1.90
1.87
2.04
2.03
2.00
2.05
2.08
2.00
1.89
3.31
1.92
2.02
1.82
1.76
1.95
2.07
1.73
1.72
2.05
2.08
1.91
1.89
CorWatt	PkgWatt
47.74	161.96
0.70	161.91
1.52
1.57
1.55
1.56
1.58
1.57
1.53
1.45
1.48
1.45
1.43
1.57
1.58
1.61
1.60
1.56
1.61
1.46
2.14
1.46
1.46
1.34
1.30
1.46
1.42
1.30
1.31
1.65
1.59
1.47
1.45
