CorWatt	PkgWatt
16.10	129.21
0.57	129.23
0.52
0.56
0.52
0.58
0.54
0.54
0.55
0.47
0.46
0.54
0.48
0.53
0.54
0.52
0.56
0.48
0.53
0.48
0.49
0.51
0.45
0.45
0.47
0.42
0.41
0.38
0.38
0.56
0.55
0.55
0.53
CorWatt	PkgWatt
15.31	127.69
0.51	128.53
0.48
0.53
0.48
0.55
0.52
0.52
0.57
0.45
0.47
0.41
0.43
0.55
0.54
0.52
0.55
0.46
0.49
0.47
0.47
0.46
0.45
0.47
0.42
0.37
0.36
0.37
0.37
0.53
0.51
0.52
0.51
CorWatt	PkgWatt
68.77	164.94
0.87	187.67
2.18
2.25
2.25
2.35
2.30
2.31
2.26
2.21
2.23
2.23
2.21
2.41
2.39
2.39
2.44
2.41
2.46
2.26
2.25
2.33
2.50
2.15
3.61
2.32
2.25
2.07
2.06
2.49
2.48
2.28
2.29
