CorWatt	PkgWatt
15.57	128.16
0.55	128.16
0.49
0.53
0.47
0.54
0.54
0.54
0.51
0.48
0.47
0.51
0.43
0.52
0.54
0.53
0.56
0.48
0.50
0.49
0.48
0.43
0.43
0.39
0.41
0.41
0.37
0.39
0.37
0.56
0.54
0.56
0.55
CorWatt	PkgWatt
14.73	127.20
0.51	127.37
0.50
0.47
0.44
0.51
0.51
0.51
0.50
0.47
0.47
0.42
0.38
0.51
0.51
0.50
0.53
0.44
0.46
0.50
0.46
0.42
0.42
0.38
0.40
0.38
0.36
0.38
0.36
0.53
0.51
0.51
0.49
CorWatt	PkgWatt
68.64	183.61
0.90	183.47
2.09
2.21
2.13
3.70
2.32
2.25
2.20
2.16
2.11
2.10
2.09
2.29
2.29
2.29
2.26
2.13
2.14
2.06
2.03
2.14
2.10
1.93
1.88
2.10
2.08
1.90
1.94
2.27
2.24
2.27
2.02
