CorWatt	PkgWatt
15.47	127.66
0.54	127.68
0.51
0.47
0.44
0.57
0.55
0.51
0.52
0.44
0.48
0.52
0.44
0.53
0.56
0.53
0.56
0.55
0.51
0.50
0.52
0.41
0.40
0.40
0.39
0.41
0.37
0.39
0.37
0.52
0.52
0.53
0.52
CorWatt	PkgWatt
14.89	126.70
0.51	127.29
0.48
0.44
0.45
0.56
0.51
0.49
0.51
0.39
0.49
0.39
0.41
0.53
0.52
0.50
0.52
0.53
0.48
0.56
0.52
0.41
0.39
0.39
0.41
0.37
0.36
0.37
0.35
0.52
0.52
0.52
0.51
CorWatt	PkgWatt
21.34	133.88
0.74	133.28
0.66
0.70
0.72
0.69
0.64
0.72
0.64
0.50
0.54
0.80
2.29
0.59
0.63
0.66
0.57
0.57
0.66
0.61
0.59
0.59
0.51
0.51
0.51
0.56
0.53
0.44
0.49
0.67
0.60
0.75
0.61
CorWatt	PkgWatt
16.59	128.81
0.60	128.78
0.48
0.53
0.45
0.56
0.52
0.51
0.51
0.41
0.45
0.42
0.51
0.75
1.04
1.02
0.76
0.47
0.49
0.47
0.48
0.42
0.39
0.38
0.38
0.39
0.35
0.39
0.38
0.53
0.54
0.50
0.53
CorWatt	PkgWatt
16.70	128.66
0.58	128.66
0.49
0.51
0.49
0.55
0.52
0.50
0.50
0.41
0.44
0.45
0.48
0.75
0.78
1.28
0.76
0.45
0.50
0.46
0.47
0.43
0.43
0.39
0.41
0.36
0.39
0.39
0.38
0.55
0.55
0.51
0.53
CorWatt	PkgWatt
17.22	129.06
0.67	129.09
0.50
0.58
0.49
0.58
0.54
0.55
0.54
0.44
0.47
0.40
0.53
0.75
1.34
0.80
0.77
0.49
0.53
0.50
0.50
0.44
0.39
0.39
0.39
0.38
0.40
0.37
0.39
0.54
0.52
0.51
0.51
CorWatt	PkgWatt
16.30	128.49
0.53	128.46
0.48
0.50
0.46
0.49
0.51
0.49
0.50
0.41
0.43
0.41
0.50
0.76
1.35
0.79
0.76
0.44
0.49
0.46
0.46
0.41
0.39
0.38
0.39
0.35
0.36
0.36
0.36
0.54
0.52
0.50
0.50
CorWatt	PkgWatt
16.57	128.67
0.55	128.66
0.49
0.49
0.43
0.50
0.50
0.48
0.49
0.40
0.45
0.42
0.49
0.73
1.60
0.75
0.73
0.46
0.48
0.46
0.47
0.42
0.41
0.41
0.39
0.36
0.35
0.36
0.35
0.59
0.54
0.52
0.50
CorWatt	PkgWatt
17.58	130.53
0.56	130.53
0.43
0.50
0.45
0.49
0.50
0.51
0.50
0.42
0.44
0.39
0.48
0.51
3.32
0.53
0.54
0.45
0.49
0.46
0.46
0.40
0.40
0.39
0.40
0.35
0.37
0.37
0.37
0.53
0.51
0.54
0.52
CorWatt	PkgWatt
17.29	130.20
0.55	130.21
0.43
0.50
0.45
0.50
0.51
0.48
0.50
0.38
0.43
0.38
0.47
0.50
3.32
0.54
0.52
0.44
0.48
0.46
0.46
0.39
0.39
0.38
0.38
0.36
0.35
0.36
0.35
0.52
0.50
0.50
0.50
CorWatt	PkgWatt
17.53	130.44
0.56	130.44
0.43
0.50
0.44
0.50
0.50
0.48
0.49
0.40
0.46
0.42
0.49
0.54
3.32
0.54
0.54
0.44
0.48
0.46
0.45
0.40
0.42
0.38
0.38
0.35
0.36
0.38
0.37
0.53
0.50
0.50
0.50
CorWatt	PkgWatt
17.30	130.18
0.55	130.18
0.43
0.48
0.45
0.53
0.50
0.48
0.48
0.39
0.43
0.39
0.49
0.51
3.32
0.52
0.53
0.44
0.48
0.45
0.48
0.39
0.38
0.39
0.38
0.35
0.35
0.36
0.35
0.52
0.50
0.50
0.50
CorWatt	PkgWatt
17.49	130.56
0.54	130.55
0.43
0.48
0.45
0.54
0.50
0.49
0.49
0.41
0.43
0.40
0.48
0.51
3.31
0.53
0.53
0.44
0.49
0.46
0.46
0.41
0.41
0.39
0.38
0.36
0.36
0.37
0.36
0.53
0.51
0.51
0.51
CorWatt	PkgWatt
17.28	130.26
0.54	130.25
0.43
0.45
0.44
0.54
0.49
0.48
0.48
0.38
0.43
0.40
0.48
0.51
3.31
0.53
0.52
0.44
0.48
0.45
0.45
0.39
0.38
0.38
0.38
0.35
0.35
0.37
0.35
0.56
0.52
0.50
0.50
CorWatt	PkgWatt
17.71	130.46
0.56	130.47
0.44
0.44
0.47
0.53
0.56
0.50
0.49
0.39
0.43
0.45
0.48
0.51
3.31
0.53
0.53
0.44
0.49
0.45
0.45
0.40
0.39
0.38
0.38
0.39
0.38
0.38
0.36
0.57
0.55
0.58
0.52
CorWatt	PkgWatt
17.29	130.17
0.54	130.16
0.44
0.47
0.45
0.49
0.54
0.48
0.48
0.39
0.42
0.39
0.48
0.50
3.31
0.52
0.52
0.44
0.49
0.45
0.45
0.38
0.40
0.39
0.38
0.35
0.35
0.36
0.35
0.52
0.51
0.51
0.51
CorWatt	PkgWatt
17.59	130.67
0.55	130.66
0.44
0.47
0.45
0.50
0.54
0.49
0.49
0.39
0.43
0.40
0.48
0.52
3.32
0.53
0.53
0.47
0.51
0.46
0.47
0.40
0.40
0.39
0.39
0.35
0.37
0.37
0.36
0.54
0.52
0.52
0.52
CorWatt	PkgWatt
17.39	130.24
0.57	130.24
0.44
0.53
0.48
0.50
0.51
0.49
0.48
0.39
0.42
0.39
0.47
0.53
3.32
0.53
0.52
0.44
0.49
0.45
0.46
0.39
0.39
0.39
0.38
0.35
0.35
0.36
0.35
0.51
0.51
0.50
0.50
CorWatt	PkgWatt
17.53	130.31
0.57	130.31
0.45
0.51
0.45
0.50
0.52
0.51
0.49
0.39
0.43
0.39
0.48
0.51
3.31
0.52
0.53
0.44
0.49
0.45
0.47
0.39
0.40
0.40
0.40
0.35
0.37
0.39
0.37
0.53
0.51
0.51
0.52
CorWatt	PkgWatt
17.33	130.45
0.55	130.45
0.43
0.48
0.44
0.49
0.49
0.49
0.49
0.39
0.43
0.39
0.48
0.50
3.31
0.52
0.52
0.44
0.49
0.45
0.46
0.39
0.38
0.38
0.39
0.35
0.35
0.37
0.35
0.53
0.54
0.55
0.50
CorWatt	PkgWatt
18.12	129.93
0.80	129.95
0.48
0.54
0.50
0.70
1.07
0.70
0.71
0.48
0.49
0.46
0.55
0.54
0.59
0.58
0.60
0.51
0.55
0.52
0.85
0.48
0.48
0.46
0.48
0.43
0.44
0.43
0.42
0.59
0.57
0.57
0.58
CorWatt	PkgWatt
16.58	128.68
0.61	128.66
0.43
0.48
0.48
0.85
1.54
0.85
0.83
0.39
0.43
0.39
0.40
0.51
0.52
0.49
0.52
0.44
0.49
0.45
0.46
0.38
0.38
0.39
0.38
0.35
0.35
0.37
0.35
0.53
0.52
0.50
0.50
CorWatt	PkgWatt
16.80	128.80
0.62	128.80
0.43
0.47
0.48
0.85
1.53
0.87
0.86
0.41
0.44
0.40
0.40
0.51
0.54
0.51
0.52
0.44
0.51
0.45
0.47
0.41
0.41
0.41
0.40
0.35
0.36
0.37
0.35
0.53
0.51
0.50
0.50
CorWatt	PkgWatt
16.64	128.76
0.60	128.76
0.43
0.48
0.53
0.85
1.53
0.85
0.84
0.39
0.44
0.39
0.39
0.51
0.50
0.52
0.53
0.45
0.51
0.45
0.45
0.40
0.38
0.38
0.40
0.35
0.35
0.37
0.35
0.51
0.51
0.50
0.50
CorWatt	PkgWatt
16.90	128.97
0.59	128.97
0.44
0.47
0.49
0.86
1.52
0.87
0.84
0.41
0.43
0.44
0.39
0.50
0.52
0.50
0.52
0.45
0.51
0.48
0.46
0.43
0.38
0.39
0.39
0.36
0.36
0.39
0.37
0.54
0.55
0.53
0.51
CorWatt	PkgWatt
16.57	128.55
0.60	128.55
0.43
0.47
0.49
0.85
1.52
0.86
0.83
0.38
0.44
0.39
0.38
0.50
0.50
0.49
0.51
0.44
0.49
0.46
0.47
0.39
0.38
0.38
0.38
0.35
0.36
0.38
0.36
0.52
0.56
0.52
0.51
CorWatt	PkgWatt
18.25	130.23
0.61	130.24
0.45
0.47
0.48
1.07
2.17
1.13
1.07
0.40
0.43
0.38
0.41
0.51
0.52
0.50
0.51
0.46
0.54
0.48
0.49
0.41
0.39
0.40
0.39
0.38
0.36
0.38
0.37
0.54
0.54
0.51
0.51
CorWatt	PkgWatt
19.77	131.45
0.60	131.45
0.44
0.47
0.49
1.34
3.12
1.35
1.34
0.39
0.44
0.39
0.40
0.50
0.52
0.50
0.50
0.44
0.49
0.45
0.46
0.39
0.42
0.41
0.40
0.37
0.36
0.38
0.35
0.51
0.51
0.52
0.52
CorWatt	PkgWatt
19.80	131.42
0.61	131.41
0.46
0.48
0.49
1.34
3.10
1.35
1.34
0.40
0.43
0.38
0.38
0.51
0.54
0.51
0.52
0.45
0.50
0.46
0.47
0.40
0.39
0.39
0.39
0.36
0.37
0.38
0.35
0.53
0.51
0.51
0.50
CorWatt	PkgWatt
19.57	131.32
0.62	131.32
0.45
0.48
0.49
1.34
3.10
1.35
1.34
0.38
0.42
0.37
0.38
0.50
0.50
0.49
0.51
0.44
0.49
0.45
0.46
0.39
0.39
0.39
0.39
0.35
0.35
0.37
0.35
0.52
0.50
0.50
0.50
CorWatt	PkgWatt
19.75	131.65
0.60	131.65
0.46
0.48
0.49
1.34
3.11
1.35
1.33
0.40
0.43
0.38
0.38
0.50
0.53
0.49
0.52
0.44
0.51
0.47
0.50
0.40
0.39
0.39
0.39
0.35
0.35
0.37
0.35
0.53
0.52
0.51
0.50
CorWatt	PkgWatt
19.66	131.35
0.61	131.34
0.44
0.47
0.50
1.34
2.25
2.22
1.34
0.39
0.43
0.37
0.39
0.50
0.51
0.49
0.52
0.44
0.49
0.45
0.46
0.39
0.39
0.39
0.39
0.35
0.35
0.37
0.35
0.52
0.52
0.50
0.51
CorWatt	PkgWatt
19.94	131.68
0.62	131.68
0.46
0.49
0.51
1.34
3.10
1.35
1.34
0.42
0.43
0.39
0.39
0.50
0.52
0.50
0.52
0.45
0.51
0.46
0.47
0.41
0.42
0.40
0.39
0.35
0.39
0.41
0.36
0.54
0.51
0.50
0.51
CorWatt	PkgWatt
19.89	131.60
0.62	131.61
0.46
0.50
0.50
1.34
3.10
1.35
1.34
0.41
0.44
0.38
0.39
0.51
0.51
0.52
0.52
0.46
0.50
0.45
0.48
0.39
0.39
0.38
0.39
0.37
0.36
0.38
0.37
0.52
0.53
0.50
0.52
CorWatt	PkgWatt
19.80	131.65
0.61	131.65
0.44
0.48
0.48
1.34
3.10
1.35
1.34
0.41
0.42
0.42
0.38
0.50
0.51
0.49
0.51
0.45
0.49
0.45
0.46
0.42
0.39
0.39
0.40
0.36
0.38
0.39
0.36
0.53
0.53
0.50
0.52
CorWatt	PkgWatt
19.58	131.36
0.62	131.36
0.44
0.48
0.48
1.34
3.12
1.35
1.33
0.38
0.43
0.38
0.38
0.50
0.51
0.49
0.51
0.44
0.50
0.45
0.46
0.39
0.39
0.38
0.39
0.35
0.35
0.36
0.35
0.51
0.51
0.51
0.50
CorWatt	PkgWatt
20.11	131.69
0.61	131.69
0.46
0.50
0.50
1.34
1.64
2.82
1.34
0.44
0.43
0.42
0.38
0.53
0.54
0.55
0.54
0.46
0.52
0.46
0.48
0.40
0.41
0.40
0.40
0.35
0.37
0.39
0.36
0.55
0.54
0.51
0.51
CorWatt	PkgWatt
19.56	131.51
0.70	131.50
0.53
0.54
0.54
1.04
2.05
1.04
1.03
0.46
0.49
0.45
0.44
0.56
0.56
0.57
0.57
0.49
0.85
0.50
0.50
0.47
0.45
0.45
0.47
0.40
0.39
0.40
0.39
0.56
0.58
0.53
0.55
CorWatt	PkgWatt
16.60	128.88
0.55	128.89
0.47
0.53
0.47
0.51
0.59
0.52
0.51
0.43
0.45
0.40
0.39
0.52
0.53
0.53
0.54
0.49
0.75
0.49
0.47
0.69
0.60
0.60
1.01
0.36
0.38
0.38
0.37
0.54
0.52
0.51
0.51
CorWatt	PkgWatt
16.04	128.17
0.54	128.16
0.44
0.52
0.45
0.50
0.57
0.49
0.50
0.38
0.44
0.38
0.39
0.50
0.52
0.50
0.53
0.48
0.58
0.46
0.46
1.05
0.63
0.63
0.65
0.35
0.35
0.36
0.35
0.52
0.51
0.50
0.50
CorWatt	PkgWatt
16.49	128.54
0.53	128.55
0.44
0.50
0.48
0.54
0.57
0.50
0.50
0.42
0.47
0.42
0.42
0.53
0.55
0.52
0.54
0.50
0.59
0.48
0.47
0.69
0.63
0.63
1.00
0.35
0.36
0.38
0.37
0.53
0.54
0.52
0.51
CorWatt	PkgWatt
15.95	128.34
0.53	128.34
0.44
0.50
0.49
0.49
0.56
0.48
0.48
0.38
0.44
0.38
0.39
0.50
0.50
0.49
0.51
0.48
0.58
0.46
0.49
0.70
0.63
0.63
0.99
0.35
0.35
0.36
0.35
0.52
0.52
0.50
0.50
CorWatt	PkgWatt
16.08	128.37
0.53	128.37
0.43
0.48
0.48
0.49
0.50
0.49
0.49
0.40
0.44
0.39
0.40
0.51
0.51
0.50
0.51
0.48
0.58
0.46
0.46
0.67
0.63
0.63
1.17
0.35
0.35
0.36
0.35
0.52
0.51
0.50
0.51
CorWatt	PkgWatt
18.53	133.68
0.55	133.68
0.43
0.45
0.48
0.50
0.49
0.49
0.48
0.39
0.45
0.38
0.38
0.51
0.51
0.51
0.52
0.47
0.57
0.47
0.46
0.42
0.40
0.39
4.34
0.35
0.35
0.36
0.35
0.51
0.56
0.50
0.50
CorWatt	PkgWatt
19.01	134.29
0.56	134.29
0.46
0.46
0.51
0.53
0.52
0.52
0.49
0.39
0.43
0.43
0.39
0.50
0.52
0.49
0.52
0.48
0.56
0.47
0.47
0.44
0.40
0.40
4.35
0.39
0.38
0.39
0.36
0.56
0.56
0.55
0.51
CorWatt	PkgWatt
18.49	133.85
0.55	133.84
0.44
0.48
0.49
0.50
0.50
0.49
0.48
0.38
0.43
0.38
0.38
0.50
0.50
0.49
0.51
0.47
0.57
0.46
0.47
0.42
0.41
0.41
4.36
0.35
0.35
0.36
0.36
0.52
0.51
0.50
0.50
CorWatt	PkgWatt
18.85	134.04
0.55	134.04
0.45
0.50
0.49
0.50
0.50
0.50
0.50
0.39
0.43
0.38
0.39
0.51
0.52
0.50
0.52
0.50
0.58
0.47
0.49
0.44
0.41
0.41
4.35
0.36
0.36
0.37
0.36
0.54
0.52
0.55
0.51
CorWatt	PkgWatt
18.53	133.82
0.56	133.82
0.43
0.49
0.51
0.50
0.49
0.50
0.48
0.38
0.43
0.38
0.39
0.50
0.51
0.49
0.51
0.48
0.57
0.46
0.47
0.43
0.40
0.40
4.34
0.35
0.35
0.36
0.35
0.51
0.50
0.50
0.51
CorWatt	PkgWatt
18.88	134.01
0.53	134.01
0.47
0.52
0.45
0.50
0.52
0.50
0.49
0.42
0.43
0.38
0.40
0.50
0.51
0.51
0.52
0.48
0.57
0.46
0.48
0.43
0.43
0.42
4.35
0.36
0.38
0.39
0.37
0.54
0.51
0.52
0.52
CorWatt	PkgWatt
18.52	133.94
0.56	133.93
0.44
0.50
0.45
0.50
0.50
0.49
0.48
0.38
0.43
0.38
0.38
0.50
0.50
0.50
0.51
0.48
0.58
0.46
0.47
0.42
0.40
0.39
4.34
0.35
0.35
0.36
0.35
0.52
0.56
0.50
0.50
CorWatt	PkgWatt
18.65	133.97
0.56	133.98
0.44
0.50
0.45
0.50
0.50
0.50
0.50
0.40
0.43
0.40
0.41
0.50
0.52
0.50
0.52
0.48
0.57
0.46
0.47
0.44
0.42
0.40
4.34
0.35
0.35
0.36
0.35
0.52
0.52
0.50
0.50
CorWatt	PkgWatt
18.55	133.80
0.54	133.79
0.44
0.48
0.45
0.50
0.49
0.50
0.49
0.39
0.42
0.38
0.38
0.50
0.51
0.50
0.51
0.48
0.57
0.46
0.47
0.42
0.41
0.40
4.36
0.35
0.35
0.37
0.35
0.52
0.56
0.51
0.50
CorWatt	PkgWatt
18.90	134.24
0.55	134.24
0.46
0.51
0.47
0.50
0.51
0.51
0.51
0.39
0.44
0.40
0.41
0.51
0.52
0.51
0.53
0.49
0.57
0.46
0.48
0.45
0.41
0.42
4.35
0.35
0.36
0.37
0.35
0.54
0.51
0.54
0.51
CorWatt	PkgWatt
18.68	133.99
0.53	133.99
0.43
0.52
0.49
0.50
0.50
0.49
0.50
0.41
0.43
0.38
0.39
0.51
0.51
0.52
0.53
0.48
0.58
0.46
0.47
0.44
0.41
0.39
4.35
0.36
0.35
0.36
0.36
0.51
0.51
0.50
0.50
CorWatt	PkgWatt
18.74	134.03
0.52	134.04
0.44
0.50
0.46
0.51
0.50
0.51
0.49
0.39
0.43
0.43
0.38
0.50
0.52
0.50
0.51
0.48
0.57
0.48
0.47
0.44
0.40
0.40
4.35
0.36
0.36
0.39
0.36
0.54
0.53
0.52
0.50
CorWatt	PkgWatt
18.29	130.99
0.58	131.00
0.50
0.58
0.53
0.56
0.56
0.54
0.54
0.46
0.48
0.44
0.45
0.56
0.58
0.58
0.59
0.57
0.60
0.53
0.52
0.50
0.47
0.46
1.01
0.42
0.43
0.97
0.42
0.66
0.70
0.63
0.89
CorWatt	PkgWatt
16.41	128.53
0.51	128.50
0.43
0.51
0.46
0.52
0.52
0.51
0.51
0.39
0.43
0.39
0.39
0.51
0.53
0.50
0.52
0.49
0.50
0.49
0.49
0.40
0.39
0.39
0.42
0.39
0.38
0.49
0.37
0.84
0.79
0.76
1.21
CorWatt	PkgWatt
16.24	128.47
0.52	128.49
0.44
0.52
0.46
0.50
0.50
0.49
0.48
0.39
0.43
0.38
0.40
0.50
0.53
0.52
0.52
0.47
0.47
0.46
0.47
0.39
0.40
0.40
0.41
0.36
0.38
0.49
0.35
1.02
0.80
0.76
1.05
CorWatt	PkgWatt
16.12	128.40
0.52	128.40
0.45
0.51
0.47
0.49
0.49
0.48
0.49
0.41
0.43
0.39
0.38
0.50
0.52
0.50
0.52
0.48
0.48
0.46
0.46
0.40
0.40
0.38
0.39
0.35
0.36
0.48
0.35
1.26
0.79
0.75
0.77
CorWatt	PkgWatt
15.99	128.32
0.52	128.32
0.44
0.50
0.47
0.49
0.49
0.49
0.49
0.38
0.42
0.38
0.38
0.51
0.51
0.49
0.51
0.47
0.46
0.46
0.46
0.39
0.38
0.38
0.39
0.36
0.36
0.48
0.35
1.24
0.79
0.74
0.80
CorWatt	PkgWatt
16.58	128.86
0.50	128.87
0.46
0.51
0.46
0.50
0.51
0.52
0.50
0.40
0.44
0.38
0.38
0.52
0.53
0.51
0.52
0.49
0.48
0.48
0.50
0.40
0.39
0.38
0.39
0.36
0.38
0.49
0.37
1.58
0.77
0.73
0.75
CorWatt	PkgWatt
17.87	130.67
0.54	130.66
0.44
0.50
0.48
0.49
0.50
0.49
0.48
0.39
0.44
0.39
0.38
0.50
0.52
0.51
0.52
0.47
0.46
0.46
0.46
0.39
0.39
0.38
0.38
0.36
0.37
0.51
0.38
3.28
0.69
0.65
0.67
CorWatt	PkgWatt
18.56	131.31
0.57	131.32
0.47
0.52
0.48
0.52
0.53
0.52
0.52
0.42
0.46
0.41
0.40
0.50
0.52
0.54
0.54
0.50
0.50
0.49
0.48
0.43
0.38
0.41
0.40
0.38
0.41
0.51
0.38
3.26
0.70
0.68
0.71
CorWatt	PkgWatt
18.87	131.37
0.58	131.37
0.48
0.54
0.49
0.52
0.52
0.51
0.50
0.46
0.47
0.42
0.44
0.56
0.54
0.55
0.55
0.55
0.51
0.48
0.51
0.40
0.42
0.38
0.39
0.40
0.40
0.52
0.42
3.25
0.73
0.69
0.71
CorWatt	PkgWatt
18.14	130.85
0.54	130.85
0.45
0.51
0.45
0.49
0.50
0.49
0.49
0.42
0.44
0.44
0.40
0.51
0.53
0.51
0.53
0.49
0.47
0.46
0.47
0.41
0.38
0.38
0.40
0.37
0.40
0.52
0.38
3.28
0.70
0.66
0.69
CorWatt	PkgWatt
17.67	130.46
0.54	130.46
0.43
0.51
0.45
0.51
0.51
0.51
0.50
0.40
0.43
0.38
0.38
0.50
0.51
0.50
0.52
0.48
0.46
0.45
0.46
0.39
0.38
0.38
0.38
0.36
0.36
0.48
0.35
0.68
0.67
0.64
3.19
CorWatt	PkgWatt
17.80	130.45
0.53	130.45
0.44
0.51
0.46
0.49
0.50
0.49
0.49
0.42
0.43
0.40
0.38
0.52
0.54
0.55
0.53
0.47
0.46
0.46
0.46
0.40
0.38
0.38
0.38
0.36
0.36
0.48
0.35
0.68
0.67
0.64
3.19
CorWatt	PkgWatt
17.79	130.49
0.57	130.48
0.45
0.49
0.45
0.49
0.50
0.49
0.49
0.42
0.45
0.41
0.38
0.51
0.51
0.52
0.52
0.47
0.46
0.46
0.46
0.41
0.39
0.38
0.40
0.35
0.36
0.48
0.35
0.66
0.66
0.65
3.22
CorWatt	PkgWatt
17.89	130.62
0.56	130.62
0.44
0.48
0.47
0.49
0.50
0.51
0.49
0.41
0.44
0.39
0.38
0.50
0.52
0.50
0.53
0.47
0.48
0.46
0.46
0.40
0.40
0.40
0.39
0.37
0.37
0.49
0.36
0.76
0.68
0.65
3.13
CorWatt	PkgWatt
17.69	130.36
0.54	130.36
0.44
0.49
0.45
0.50
0.51
0.48
0.50
0.40
0.43
0.38
0.39
0.52
0.53
0.50
0.53
0.48
0.46
0.47
0.46
0.39
0.38
0.38
0.38
0.36
0.36
0.47
0.35
0.67
0.67
0.64
3.20
CorWatt	PkgWatt
17.83	130.56
0.54	130.56
0.43
0.52
0.46
0.49
0.50
0.50
0.49
0.41
0.45
0.42
0.39
0.52
0.54
0.52
0.52
0.48
0.47
0.47
0.46
0.39
0.38
0.38
0.38
0.35
0.36
0.49
0.37
0.66
0.67
0.64
3.20
CorWatt	PkgWatt
17.62	130.30
0.53	130.29
0.44
0.51
0.46
0.50
0.49
0.48
0.48
0.40
0.43
0.38
0.38
0.50
0.51
0.50
0.52
0.49
0.46
0.46
0.48
0.39
0.38
0.39
0.38
0.36
0.36
0.49
0.35
0.65
0.65
0.64
3.20
CorWatt	PkgWatt
17.21	129.69
0.59	129.70
0.43
0.51
0.44
0.49
0.51
0.50
0.50
0.42
0.44
0.41
0.39
0.50
0.52
0.52
0.52
0.50
0.48
0.48
0.46
0.42
0.40
0.38
0.39
0.36
0.38
0.50
0.37
0.64
0.64
0.60
2.51
CorWatt	PkgWatt
17.99	130.15
1.00	130.16
0.51
0.54
0.50
0.72
0.89
1.05
0.72
0.47
0.49
0.44
0.44
0.55
0.55
0.56
0.57
0.55
0.53
0.53
0.52
0.44
0.43
0.43
0.44
0.43
0.42
0.44
0.42
0.62
0.59
0.57
0.63
CorWatt	PkgWatt
16.56	128.73
0.60	128.73
0.48
0.49
0.47
0.75
1.03
0.99
0.73
0.42
0.43
0.43
0.38
0.51
0.52
0.51
0.52
0.47
0.47
0.47
0.46
0.41
0.39
0.38
0.38
0.37
0.39
0.39
0.38
0.57
0.58
0.59
0.60
CorWatt	PkgWatt
16.09	128.31
0.58	128.30
0.44
0.51
0.45
0.74
0.85
1.21
0.71
0.41
0.44
0.38
0.38
0.50
0.51
0.49
0.52
0.47
0.47
0.47
0.46
0.39
0.39
0.40
0.40
0.36
0.35
0.36
0.35
0.52
0.51
0.50
0.57
CorWatt	PkgWatt
16.31	128.72
0.57	128.71
0.44
0.50
0.44
0.74
0.89
1.25
0.72
0.41
0.43
0.38
0.38
0.51
0.52
0.51
0.52
0.50
0.49
0.47
0.48
0.40
0.39
0.39
0.39
0.36
0.37
0.37
0.38
0.53
0.51
0.53
0.53
CorWatt	PkgWatt
16.11	128.50
0.60	128.50
0.44
0.53
0.47
0.74
0.76
1.31
0.72
0.40
0.44
0.38
0.38
0.50
0.51
0.50
0.52
0.48
0.46
0.47
0.46
0.39
0.38
0.38
0.39
0.35
0.35
0.37
0.36
0.52
0.51
0.51
0.50
CorWatt	PkgWatt
17.36	130.20
0.59	130.21
0.46
0.51
0.45
0.54
0.60
2.95
0.54
0.42
0.43
0.37
0.38
0.50
0.52
0.49
0.52
0.47
0.47
0.47
0.47
0.40
0.41
0.40
0.40
0.35
0.37
0.39
0.37
0.53
0.53
0.52
0.53
CorWatt	PkgWatt
17.48	130.42
0.58	130.41
0.44
0.50
0.45
0.50
0.54
3.40
0.50
0.40
0.43
0.38
0.38
0.50
0.51
0.50
0.52
0.47
0.47
0.47
0.46
0.39
0.38
0.38
0.38
0.35
0.35
0.36
0.36
0.55
0.51
0.55
0.53
CorWatt	PkgWatt
17.67	130.58
0.58	130.58
0.46
0.47
0.49
0.50
0.54
3.40
0.51
0.41
0.43
0.40
0.41
0.50
0.53
0.51
0.53
0.47
0.46
0.47
0.47
0.40
0.40
0.38
0.39
0.35
0.37
0.38
0.37
0.53
0.51
0.55
0.51
CorWatt	PkgWatt
17.41	130.31
0.59	130.30
0.45
0.45
0.48
0.50
0.53
3.40
0.49
0.41
0.43
0.38
0.38
0.51
0.51
0.49
0.52
0.47
0.46
0.47
0.46
0.40
0.40
0.40
0.40
0.35
0.35
0.36
0.35
0.51
0.50
0.53
0.50
CorWatt	PkgWatt
17.50	130.27
0.58	130.28
0.44
0.49
0.45
0.50
0.54
3.40
0.51
0.41
0.43
0.39
0.40
0.51
0.52
0.51
0.51
0.48
0.46
0.48
0.47
0.41
0.38
0.38
0.39
0.35
0.35
0.36
0.35
0.52
0.50
0.51
0.50
CorWatt	PkgWatt
17.49	130.30
0.58	130.30
0.44
0.51
0.48
0.50
0.53
3.40
0.51
0.39
0.43
0.39
0.38
0.50
0.51
0.51
0.52
0.47
0.48
0.47
0.46
0.40
0.39
0.38
0.40
0.36
0.35
0.36
0.37
0.51
0.51
0.50
0.50
CorWatt	PkgWatt
17.83	130.68
0.57	130.69
0.45
0.50
0.45
0.52
0.55
3.40
0.51
0.39
0.43
0.43
0.38
0.50
0.52
0.50
0.52
0.48
0.47
0.50
0.47
0.42
0.38
0.38
0.39
0.36
0.38
0.40
0.38
0.57
0.57
0.54
0.53
CorWatt	PkgWatt
17.41	130.15
0.57	130.15
0.44
0.50
0.44
0.51
0.52
3.40
0.49
0.38
0.42
0.38
0.38
0.51
0.51
0.50
0.51
0.48
0.47
0.47
0.46
0.39
0.38
0.38
0.38
0.35
0.35
0.36
0.35
0.55
0.51
0.55
0.51
CorWatt	PkgWatt
17.59	130.39
0.58	130.39
0.45
0.49
0.45
0.53
0.55
3.41
0.51
0.39
0.43
0.38
0.38
0.51
0.54
0.50
0.52
0.47
0.48
0.49
0.48
0.39
0.38
0.38
0.38
0.37
0.36
0.36
0.38
0.52
0.51
0.53
0.51
CorWatt	PkgWatt
17.63	130.53
0.58	130.53
0.45
0.49
0.48
0.51
0.52
3.40
0.50
0.38
0.43
0.39
0.41
0.51
0.53
0.52
0.52
0.47
0.47
0.48
0.46
0.39
0.40
0.40
0.39
0.36
0.38
0.38
0.35
0.54
0.51
0.52
0.52
CorWatt	PkgWatt
17.58	130.31
0.58	130.31
0.46
0.50
0.46
0.50
0.54
3.40
0.49
0.39
0.44
0.39
0.38
0.50
0.52
0.50
0.52
0.49
0.49
0.48
0.47
0.40
0.39
0.38
0.39
0.36
0.36
0.37
0.36
0.52
0.51
0.52
0.50
CorWatt	PkgWatt
17.42	130.23
0.58	130.22
0.44
0.50
0.45
0.50
0.54
3.41
0.49
0.39
0.43
0.38
0.38
0.50
0.51
0.49
0.52
0.47
0.47
0.49
0.47
0.39
0.38
0.39
0.38
0.35
0.35
0.36
0.35
0.53
0.51
0.51
0.50
CorWatt	PkgWatt
18.28	130.53
0.64	130.55
0.55
0.57
0.53
0.57
0.60
1.40
0.59
0.48
0.70
0.50
0.46
0.54
1.08
0.55
0.56
0.53
0.53
0.55
0.54
0.45
0.44
0.44
0.44
0.41
0.42
0.43
0.42
0.63
0.56
0.58
0.59
CorWatt	PkgWatt
16.87	128.78
0.52	128.76
0.49
0.46
0.47
0.50
0.50
0.51
0.49
0.75
0.80
1.41
0.74
0.52
0.64
0.54
0.52
0.47
0.47
0.50
0.46
0.39
0.40
0.38
0.39
0.36
0.36
0.38
0.37
0.53
0.51
0.53
0.51
CorWatt	PkgWatt
16.86	128.92
0.51	128.92
0.49
0.47
0.45
0.50
0.50
0.51
0.49
0.76
0.79
1.41
0.74
0.51
0.63
0.51
0.52
0.48
0.49
0.49
0.47
0.39
0.38
0.38
0.38
0.37
0.39
0.39
0.37
0.53
0.52
0.51
0.52
CorWatt	PkgWatt
16.90	128.87
0.54	128.88
0.49
0.48
0.45
0.49
0.50
0.50
0.48
0.75
0.80
1.41
0.75
0.53
0.63
0.54
0.52
0.49
0.48
0.45
0.47
0.40
0.38
0.39
0.40
0.38
0.35
0.38
0.38
0.52
0.54
0.51
0.53
CorWatt	PkgWatt
16.72	128.63
0.53	128.63
0.49
0.47
0.43
0.50
0.50
0.49
0.49
0.74
1.05
1.18
0.73
0.50
0.64
0.50
0.52
0.47
0.46
0.45
0.46
0.39
0.39
0.38
0.38
0.35
0.39
0.38
0.36
0.54
0.53
0.51
0.52
CorWatt	PkgWatt
16.63	128.70
0.53	128.70
0.49
0.49
0.46
0.52
0.51
0.51
0.50
0.75
0.79
1.39
0.73
0.50
0.62
0.50
0.52
0.47
0.46
0.45
0.46
0.38
0.38
0.38
0.38
0.35
0.35
0.36
0.35
0.51
0.51
0.51
0.52
CorWatt	PkgWatt
17.35	129.25
0.51	129.25
0.50
0.48
0.46
0.51
0.50
0.49
0.49
0.83
1.51
0.97
0.80
0.54
0.65
0.58
0.54
0.48
0.48
0.46
0.46
0.39
0.39
0.38
0.38
0.36
0.36
0.36
0.35
0.56
0.53
0.53
0.53
CorWatt	PkgWatt
19.90	131.41
0.55	131.41
0.49
0.49
0.45
0.51
0.52
0.49
0.49
1.23
1.23
2.99
1.23
0.52
0.63
0.53
0.54
0.48
0.47
0.46
0.47
0.41
0.39
0.39
0.40
0.36
0.37
0.38
0.36
0.52
0.52
0.51
0.52
CorWatt	PkgWatt
20.18	131.60
0.57	131.61
0.52
0.53
0.49
0.55
0.55
0.52
0.49
1.23
1.23
2.98
1.23
0.51
0.64
0.50
0.52
0.47
0.47
0.49
0.46
0.39
0.42
0.41
0.42
0.36
0.36
0.36
0.37
0.53
0.52
0.55
0.54
CorWatt	PkgWatt
20.04	131.47
0.54	131.48
0.47
0.49
0.46
0.51
0.51
0.49
0.52
1.23
1.23
2.98
1.23
0.57
0.70
0.65
0.58
0.47
0.46
0.46
0.46
0.38
0.39
0.38
0.38
0.35
0.36
0.37
0.35
0.52
0.53
0.51
0.51
CorWatt	PkgWatt
19.87	131.58
0.53	131.56
0.47
0.50
0.45
0.50
0.51
0.49
0.49
1.23
1.23
1.64
2.57
0.55
0.65
0.54
0.53
0.48
0.47
0.46
0.46
0.39
0.39
0.38
0.39
0.36
0.37
0.38
0.38
0.53
0.51
0.52
0.51
CorWatt	PkgWatt
19.70	131.17
0.53	131.17
0.44
0.53
0.45
0.50
0.50
0.49
0.48
1.23
1.23
2.99
1.23
0.52
0.63
0.52
0.52
0.47
0.46
0.45
0.48
0.38
0.38
0.38
0.38
0.36
0.36
0.37
0.35
0.55
0.51
0.51
0.50
CorWatt	PkgWatt
19.71	131.31
0.51	131.31
0.43
0.52
0.43
0.51
0.50
0.48
0.48
1.23
1.23
2.99
1.23
0.53
0.63
0.54
0.52
0.47
0.47
0.47
0.46
0.41
0.38
0.39
0.38
0.35
0.36
0.36
0.35
0.55
0.51
0.51
0.52
CorWatt	PkgWatt
19.58	131.33
0.54	131.33
0.43
0.48
0.43
0.49
0.50
0.48
0.48
1.23
1.23
2.98
1.23
0.52
0.64
0.51
0.53
0.47
0.47
0.47
0.46
0.38
0.38
0.38
0.38
0.36
0.36
0.36
0.37
0.52
0.51
0.51
0.51
CorWatt	PkgWatt
20.01	131.50
0.55	131.51
0.44
0.49
0.46
0.51
0.50
0.50
0.48
1.23
1.23
1.27
2.96
0.53
0.63
0.51
0.52
0.48
0.47
0.47
0.46
0.40
0.39
0.38
0.39
0.39
0.40
0.39
0.36
0.57
0.55
0.56
0.53
CorWatt	PkgWatt
19.72	131.29
0.53	131.29
0.44
0.51
0.43
0.50
0.51
0.48
0.48
1.23
1.23
1.23
3.02
0.51
0.64
0.52
0.52
0.47
0.48
0.47
0.47
0.38
0.40
0.39
0.38
0.36
0.36
0.37
0.35
0.52
0.51
0.51
0.52
CorWatt	PkgWatt
19.70	131.31
0.52	131.31
0.43
0.50
0.43
0.49
0.50
0.48
0.48
1.23
1.23
1.23
3.00
0.51
0.64
0.52
0.52
0.49
0.49
0.47
0.47
0.40
0.38
0.39
0.39
0.36
0.36
0.37
0.35
0.53
0.51
0.52
0.51
CorWatt	PkgWatt
18.80	130.72
0.54	130.72
0.44
0.51
0.46
0.50
0.50
0.48
0.48
1.09
1.10
1.09
2.58
0.51
0.62
0.51
0.52
0.47
0.47
0.47
0.46
0.38
0.38
0.38
0.40
0.36
0.36
0.37
0.35
0.52
0.51
0.51
0.52
CorWatt	PkgWatt
20.30	134.85
0.59	134.88
0.51
0.58
0.52
0.57
0.59
0.56
0.55
0.50
0.54
0.48
0.48
0.60
0.67
0.61
0.60
0.52
0.55
0.52
1.08
0.49
0.50
3.02
0.50
0.42
0.46
0.47
0.45
0.62
0.58
0.57
0.59
CorWatt	PkgWatt
19.93	138.59
0.55	138.57
0.44
0.51
0.42
0.50
0.49
0.49
0.49
0.41
0.46
0.39
0.38
0.50
0.52
0.52
0.52
0.44
0.49
0.44
0.57
0.38
0.41
5.72
0.42
0.35
0.35
0.37
0.36
0.53
0.51
0.50
0.50
CorWatt	PkgWatt
19.90	138.71
0.52	138.71
0.47
0.44
0.42
0.49
0.49
0.48
0.47
0.41
0.47
0.41
0.42
0.50
0.52
0.50
0.53
0.44
0.49
0.45
0.55
0.39
0.42
5.73
0.42
0.35
0.36
0.36
0.35
0.53
0.51
0.50
0.50
CorWatt	PkgWatt
19.86	138.61
0.52	138.61
0.45
0.45
0.42
0.50
0.48
0.50
0.47
0.41
0.46
0.38
0.38
0.50
0.52
0.50
0.52
0.44
0.49
0.45
0.57
0.39
0.41
5.72
0.44
0.35
0.36
0.36
0.35
0.55
0.50
0.52
0.51
CorWatt	PkgWatt
20.11	138.76
0.52	138.77
0.44
0.51
0.42
0.49
0.51
0.50
0.49
0.41
0.46
0.40
0.42
0.51
0.53
0.53
0.52
0.45
0.50
0.46
0.57
0.42
0.40
5.71
0.42
0.35
0.37
0.38
0.36
0.53
0.51
0.50
0.51
CorWatt	PkgWatt
19.95	138.89
0.52	138.89
0.42
0.50
0.46
0.49
0.49
0.48
0.48
0.40
0.43
0.39
0.39
0.50
0.52
0.52
0.53
0.44
0.52
0.45
0.57
0.41
0.40
5.72
0.43
0.37
0.35
0.37
0.36
0.52
0.51
0.51
0.50
CorWatt	PkgWatt
20.32	138.93
0.55	138.94
0.42
0.50
0.42
0.51
0.52
0.48
0.47
0.43
0.43
0.46
0.40
0.50
0.54
0.52
0.52
0.44
0.50
0.47
0.57
0.42
0.41
5.73
0.42
0.36
0.38
0.43
0.37
0.59
0.52
0.52
0.51
CorWatt	PkgWatt
20.11	138.84
0.52	138.85
0.44
0.49
0.44
0.52
0.50
0.49
0.48
0.43
0.44
0.47
0.38
0.51
0.58
0.51
0.53
0.45
0.50
0.46
0.57
0.40
0.40
5.72
0.42
0.36
0.36
0.37
0.35
0.52
0.51
0.50
0.51
CorWatt	PkgWatt
20.64	139.36
0.52	139.36
0.43
0.49
0.46
0.53
0.52
0.51
0.49
0.47
0.44
0.43
0.40
0.53
0.65
0.54
0.56
0.46
0.52
0.48
0.59
0.41
0.41
5.73
0.44
0.39
0.37
0.38
0.38
0.54
0.53
0.52
0.52
CorWatt	PkgWatt
20.09	138.99
0.53	138.97
0.43
0.49
0.42
0.50
0.50
0.48
0.47
0.39
0.43
0.39
0.42
0.50
0.54
0.53
0.53
0.44
0.50
0.46
0.58
0.39
0.41
5.72
0.42
0.36
0.39
0.38
0.35
0.52
0.52
0.56
0.53
CorWatt	PkgWatt
20.21	139.02
0.55	139.02
0.45
0.50
0.45
0.50
0.50
0.49
0.48
0.40
0.44
0.39
0.40
0.51
0.54
0.52
0.54
0.45
0.52
0.46
0.57
0.41
0.40
5.73
0.43
0.37
0.37
0.37
0.37
0.53
0.53
0.53
0.52
CorWatt	PkgWatt
19.88	139.02
0.54	139.01
0.42
0.46
0.43
0.49
0.49
0.49
0.48
0.38
0.43
0.38
0.38
0.50
0.53
0.52
0.52
0.45
0.50
0.47
0.58
0.39
0.40
5.73
0.42
0.36
0.36
0.36
0.35
0.52
0.51
0.51
0.51
CorWatt	PkgWatt
20.08	138.88
0.53	138.89
0.44
0.47
0.43
0.51
0.51
0.49
0.47
0.40
0.43
0.40
0.39
0.50
0.52
0.51
0.52
0.45
0.52
0.47
0.59
0.41
0.41
5.73
0.42
0.36
0.37
0.37
0.35
0.58
0.51
0.51
0.52
CorWatt	PkgWatt
20.02	138.97
0.54	138.97
0.44
0.47
0.44
0.49
0.50
0.48
0.47
0.38
0.43
0.38
0.40
0.50
0.52
0.54
0.52
0.44
0.50
0.46
0.58
0.40
0.42
5.73
0.42
0.36
0.37
0.38
0.37
0.56
0.51
0.51
0.51
CorWatt	PkgWatt
20.06	139.13
0.52	139.12
0.42
0.51
0.43
0.49
0.49
0.48
0.48
0.40
0.43
0.38
0.39
0.50
0.52
0.51
0.51
0.45
0.53
0.46
0.58
0.40
0.41
5.73
0.42
0.36
0.38
0.38
0.37
0.59
0.51
0.52
0.51
CorWatt	PkgWatt
20.21	139.00
0.54	139.00
0.44
0.52
0.45
0.50
0.49
0.50
0.47
0.40
0.44
0.38
0.41
0.51
0.52
0.51
0.51
0.47
0.49
0.45
0.58
0.41
0.40
5.73
0.44
0.38
0.36
0.37
0.38
0.56
0.54
0.51
0.53
CorWatt	PkgWatt
20.11	139.05
0.52	139.05
0.42
0.51
0.43
0.50
0.49
0.49
0.47
0.40
0.43
0.43
0.40
0.50
0.52
0.51
0.52
0.45
0.49
0.46
0.57
0.40
0.41
5.73
0.43
0.37
0.39
0.39
0.37
0.54
0.54
0.51
0.53
CorWatt	PkgWatt
19.50	134.45
0.57	134.47
0.50
0.58
0.68
0.66
0.61
0.56
0.57
0.48
0.50
0.46
0.46
0.58
0.59
0.91
0.58
0.51
0.53
0.51
0.60
0.47
0.46
2.65
0.48
0.40
0.42
0.41
0.42
0.59
0.59
0.58
0.58
CorWatt	PkgWatt
17.90	130.90
0.55	130.88
0.45
0.52
0.57
3.26
0.55
0.53
0.53
0.44
0.44
0.40
0.39
0.53
0.54
0.54
0.54
0.47
0.50
0.47
0.48
0.41
0.40
0.40
0.39
0.36
0.37
0.37
0.36
0.55
0.53
0.53
0.52
CorWatt	PkgWatt
17.53	130.54
0.55	130.53
0.45
0.52
0.55
3.19
0.55
0.52
0.51
0.41
0.46
0.40
0.38
0.51
0.52
0.51
0.52
0.45
0.50
0.45
0.47
0.41
0.39
0.40
0.41
0.36
0.36
0.36
0.35
0.52
0.51
0.52
0.51
CorWatt	PkgWatt
17.94	130.72
0.55	130.73
0.46
0.55
0.57
3.18
0.55
0.55
0.54
0.42
0.45
0.40
0.40
0.51
0.53
0.51
0.53
0.47
0.52
0.48
0.48
0.41
0.40
0.40
0.41
0.38
0.38
0.37
0.38
0.53
0.54
0.55
0.53
CorWatt	PkgWatt
17.52	130.58
0.55	130.58
0.44
0.54
0.57
3.17
0.55
0.52
0.53
0.39
0.43
0.38
0.38
0.52
0.54
0.51
0.54
0.47
0.50
0.46
0.47
0.39
0.39
0.39
0.39
0.36
0.36
0.36
0.35
0.52
0.51
0.52
0.51
CorWatt	PkgWatt
17.72	130.54
0.54	130.55
0.44
0.54
0.57
3.17
0.55
0.52
0.51
0.41
0.47
0.42
0.40
0.52
0.54
0.53
0.52
0.48
0.50
0.47
0.47
0.40
0.39
0.40
0.39
0.38
0.37
0.38
0.37
0.52
0.51
0.52
0.51
CorWatt	PkgWatt
17.50	130.42
0.54	130.41
0.48
0.51
0.57
3.19
0.54
0.52
0.52
0.40
0.45
0.39
0.38
0.50
0.53
0.50
0.52
0.45
0.50
0.45
0.49
0.39
0.39
0.39
0.39
0.38
0.36
0.36
0.35
0.51
0.51
0.51
0.51
CorWatt	PkgWatt
17.61	130.48
0.53	130.49
0.48
0.49
0.56
3.18
0.53
0.52
0.51
0.42
0.47
0.42
0.40
0.50
0.53
0.52
0.52
0.46
0.50
0.46
0.47
0.41
0.40
0.38
0.39
0.37
0.37
0.37
0.35
0.52
0.53
0.52
0.52
CorWatt	PkgWatt
17.40	130.39
0.54	130.39
0.50
0.46
0.56
3.17
0.53
0.52
0.51
0.42
0.44
0.39
0.38
0.50
0.52
0.50
0.52
0.45
0.50
0.45
0.47
0.39
0.39
0.38
0.39
0.37
0.36
0.36
0.35
0.52
0.52
0.52
0.51
CorWatt	PkgWatt
17.71	130.55
0.55	130.56
0.49
0.46
0.58
3.17
0.53
0.53
0.52
0.40
0.44
0.45
0.38
0.50
0.52
0.50
0.52
0.45
0.50
0.46
0.47
0.40
0.39
0.39
0.39
0.39
0.39
0.38
0.35
0.56
0.57
0.55
0.52
CorWatt	PkgWatt
17.44	130.33
0.54	130.31
0.50
0.48
0.56
3.20
0.53
0.52
0.51
0.41
0.43
0.39
0.38
0.50
0.52
0.50
0.52
0.46
0.50
0.45
0.47
0.39
0.41
0.40
0.39
0.36
0.36
0.36
0.35
0.52
0.51
0.51
0.51
CorWatt	PkgWatt
17.60	130.59
0.52	130.60
0.49
0.48
0.56
3.18
0.54
0.52
0.51
0.41
0.44
0.39
0.39
0.51
0.53
0.51
0.53
0.48
0.53
0.46
0.49
0.40
0.39
0.39
0.39
0.38
0.37
0.37
0.36
0.52
0.51
0.53
0.52
CorWatt	PkgWatt
17.36	130.36
0.55	130.35
0.48
0.48
0.58
3.17
0.53
0.52
0.51
0.40
0.43
0.38
0.38
0.50
0.52
0.50
0.52
0.45
0.50
0.46
0.48
0.39
0.39
0.38
0.39
0.36
0.36
0.36
0.35
0.52
0.51
0.51
0.51
CorWatt	PkgWatt
17.76	130.68
0.53	130.69
0.49
0.51
0.56
3.17
0.56
0.53
0.52
0.42
0.45
0.39
0.39
0.50
0.52
0.50
0.52
0.46
0.51
0.46
0.47
0.40
0.41
0.41
0.41
0.36
0.39
0.38
0.37
0.54
0.55
0.54
0.51
CorWatt	PkgWatt
17.46	130.38
0.54	130.37
0.50
0.48
0.56
3.19
0.53
0.53
0.53
0.40
0.45
0.39
0.38
0.50
0.52
0.50
0.52
0.45
0.50
0.45
0.47
0.39
0.39
0.39
0.40
0.37
0.36
0.36
0.35
0.51
0.51
0.52
0.51
CorWatt	PkgWatt
17.50	130.55
0.53	130.56
0.48
0.46
0.54
3.17
0.54
0.52
0.51
0.42
0.44
0.41
0.41
0.50
0.52
0.50
0.52
0.46
0.50
0.46
0.47
0.40
0.41
0.40
0.39
0.37
0.38
0.37
0.35
0.52
0.52
0.52
0.52
CorWatt	PkgWatt
17.44	130.38
0.53	130.38
0.49
0.46
0.55
3.17
0.53
0.54
0.52
0.41
0.44
0.39
0.38
0.50
0.52
0.50
0.52
0.45
0.50
0.45
0.47
0.39
0.41
0.40
0.41
0.36
0.36
0.37
0.36
0.52
0.51
0.51
0.51
CorWatt	PkgWatt
17.48	130.30
0.54	130.30
0.48
0.47
0.56
3.14
0.54
0.53
0.54
0.42
0.45
0.40
0.40
0.50
0.52
0.51
0.51
0.45
0.52
0.46
0.47
0.41
0.39
0.38
0.39
0.36
0.37
0.36
0.35
0.52
0.51
0.51
0.51
CorWatt	PkgWatt
18.07	130.19
0.58	130.20
0.51
0.57
0.58
0.63
0.61
0.57
0.56
0.57
0.59
0.54
0.93
0.79
0.57
0.58
0.91
0.51
0.59
0.53
0.53
0.46
0.44
0.45
0.46
0.43
0.43
0.43
0.42
0.57
0.57
0.58
0.60
CorWatt	PkgWatt
16.76	128.96
0.52	128.97
0.44
0.50
0.44
0.58
0.53
0.49
0.49
1.17
0.69
0.70
0.79
0.63
0.52
0.52
0.52
0.45
0.52
0.48
0.47
0.42
0.39
0.38
0.39
0.37
0.39
0.41
0.37
0.57
0.53
0.54
0.54
CorWatt	PkgWatt
16.29	128.52
0.52	128.51
0.44
0.51
0.45
0.56
0.52
0.49
0.48
1.25
0.69
0.65
0.67
0.63
0.52
0.51
0.52
0.45
0.51
0.46
0.47
0.39
0.38
0.39
0.39
0.36
0.36
0.37
0.35
0.52
0.51
0.50
0.51
CorWatt	PkgWatt
16.53	128.76
0.53	128.76
0.46
0.50
0.44
0.57
0.55
0.50
0.50
1.26
0.68
0.66
0.67
0.63
0.52
0.51
0.53
0.46
0.52
0.48
0.49
0.40
0.38
0.38
0.39
0.37
0.36
0.37
0.36
0.52
0.51
0.53
0.52
CorWatt	PkgWatt
16.56	128.69
0.52	128.69
0.44
0.49
0.44
0.55
0.52
0.49
0.49
1.28
0.69
0.67
0.68
0.63
0.56
0.54
0.52
0.45
0.50
0.47
0.47
0.39
0.40
0.39
0.40
0.37
0.38
0.38
0.35
0.52
0.51
0.52
0.56
CorWatt	PkgWatt
17.25	129.50
0.54	129.51
0.46
0.51
0.47
0.55
0.52
0.49
0.49
1.66
0.78
0.76
0.77
0.63
0.53
0.52
0.52
0.45
0.51
0.46
0.47
0.40
0.38
0.38
0.39
0.37
0.36
0.37
0.35
0.58
0.52
0.55
0.52
CorWatt	PkgWatt
19.51	131.35
0.54	131.35
0.44
0.47
0.49
0.49
0.52
0.50
0.50
2.94
1.08
1.07
1.21
0.63
0.52
0.52
0.53
0.46
0.51
0.48
0.48
0.40
0.39
0.40
0.39
0.36
0.36
0.37
0.37
0.52
0.52
0.52
0.51
CorWatt	PkgWatt
19.60	131.38
0.53	131.38
0.46
0.47
0.47
0.49
0.53
0.49
0.48
1.12
1.12
1.12
3.07
0.62
0.54
0.53
0.52
0.45
0.51
0.47
0.48
0.40
0.38
0.39
0.39
0.36
0.37
0.37
0.36
0.54
0.52
0.52
0.53
CorWatt	PkgWatt
19.60	131.47
0.56	131.46
0.44
0.45
0.49
0.49
0.53
0.49
0.50
2.76
1.13
1.12
1.42
0.62
0.53
0.54
0.53
0.45
0.50
0.47
0.47
0.39
0.40
0.38
0.39
0.36
0.38
0.38
0.37
0.52
0.52
0.52
0.51
CorWatt	PkgWatt
19.56	131.43
0.54	131.44
0.44
0.45
0.48
0.49
0.51
0.48
0.49
1.54
1.09
1.08
2.62
0.62
0.53
0.53
0.53
0.50
0.51
0.47
0.48
0.40
0.38
0.38
0.39
0.36
0.39
0.39
0.38
0.52
0.52
0.52
0.52
CorWatt	PkgWatt
19.74	131.52
0.55	131.51
0.45
0.47
0.50
0.48
0.51
0.50
0.48
1.98
1.13
1.11
2.19
0.63
0.52
0.52
0.52
0.48
0.48
0.46
0.48
0.41
0.38
0.40
0.41
0.39
0.36
0.37
0.37
0.56
0.54
0.55
0.54
CorWatt	PkgWatt
19.59	131.37
0.54	131.37
0.44
0.45
0.49
0.49
0.51
0.49
0.48
1.13
1.13
1.13
3.06
0.63
0.53
0.53
0.53
0.48
0.46
0.46
0.47
0.40
0.39
0.38
0.39
0.36
0.38
0.38
0.36
0.53
0.54
0.52
0.55
CorWatt	PkgWatt
19.60	131.36
0.53	131.36
0.44
0.46
0.50
0.51
0.52
0.51
0.51
1.68
1.13
1.12
2.51
0.62
0.52
0.53
0.52
0.48
0.47
0.46
0.47
0.39
0.38
0.39
0.41
0.36
0.36
0.37
0.36
0.52
0.52
0.51
0.53
CorWatt	PkgWatt
19.66	131.61
0.53	131.62
0.44
0.45
0.49
0.49
0.52
0.49
0.49
3.05
1.12
1.11
1.12
0.64
0.55
0.56
0.54
0.47
0.48
0.47
0.47
0.40
0.38
0.39
0.39
0.37
0.37
0.37
0.36
0.57
0.53
0.54
0.53
CorWatt	PkgWatt
19.43	131.35
0.55	131.35
0.44
0.45
0.50
0.49
0.51
0.48
0.48
2.33
1.10
1.09
1.83
0.63
0.53
0.55
0.53
0.48
0.46
0.46
0.47
0.40
0.38
0.38
0.40
0.36
0.36
0.37
0.36
0.52
0.52
0.51
0.51
CorWatt	PkgWatt
19.56	131.40
0.55	131.40
0.44
0.46
0.49
0.49
0.51
0.51
0.49
1.12
1.13
1.12
3.06
0.63
0.53
0.53
0.52
0.47
0.47
0.46
0.47
0.40
0.38
0.38
0.39
0.36
0.37
0.37
0.37
0.53
0.53
0.54
0.52
CorWatt	PkgWatt
19.62	131.56
0.57	131.55
0.44
0.50
0.50
0.49
0.51
0.49
0.51
3.04
1.13
1.12
1.13
0.64
0.54
0.53
0.55
0.47
0.46
0.46
0.47
0.39
0.38
0.38
0.39
0.36
0.36
0.37
0.36
0.52
0.52
0.53
0.53
CorWatt	PkgWatt
19.50	131.75
0.60	131.79
0.50
0.51
0.60
0.53
0.61
0.53
0.54
1.63
0.96
0.83
1.19
0.59
0.66
0.62
0.68
0.55
0.52
0.51
0.51
0.46
0.43
0.52
0.47
0.38
0.38
0.39
0.38
0.61
0.57
0.58
0.65
