CorWatt	PkgWatt
15.19	127.09
0.50	127.10
0.52
0.51
0.48
0.51
0.56
0.53
0.49
0.44
0.53
0.49
0.47
0.55
0.52
0.61
0.53
0.46
0.49
0.46
0.47
0.39
0.39
0.41
0.38
0.38
0.36
0.37
0.36
0.52
0.50
0.50
0.50
CorWatt	PkgWatt
14.58	126.53
0.48	126.65
0.49
0.46
0.44
0.48
0.53
0.49
0.50
0.42
0.49
0.42
0.41
0.55
0.54
0.51
0.52
0.46
0.48
0.45
0.45
0.38
0.38
0.38
0.38
0.36
0.36
0.39
0.35
0.52
0.53
0.50
0.50
CorWatt	PkgWatt
20.81	132.29
0.73	132.20
0.80
0.66
0.74
0.65
0.80
0.76
0.68
0.56
0.67
0.58
0.50
0.73
0.73
0.73
0.72
0.68
0.68
0.63
0.63
0.69
0.69
0.61
0.67
0.61
0.45
0.53
0.43
0.60
0.61
0.52
0.75
CorWatt	PkgWatt
15.64	127.45
0.53	127.43
0.54
0.52
0.55
0.49
0.57
0.52
0.54
0.44
0.52
0.42
0.48
0.56
0.54
0.56
0.58
0.48
0.51
0.50
0.49
0.44
0.45
0.42
0.41
0.40
0.39
0.38
0.35
0.56
0.51
0.50
0.49
CorWatt	PkgWatt
15.59	127.53
0.55	127.52
0.53
0.53
0.53
0.50
0.55
0.55
0.47
0.41
0.51
0.44
0.38
0.51
0.56
0.54
0.53
0.50
0.51
0.50
0.52
0.48
0.51
0.44
0.41
0.44
0.39
0.39
0.38
0.51
0.50
0.50
0.51
CorWatt	PkgWatt
16.28	128.13
0.55	128.16
0.55
0.51
0.57
0.54
0.60
0.59
0.58
0.43
0.50
0.41
0.41
0.56
0.57
0.56
0.57
0.50
0.53
0.50
0.51
0.43
0.48
0.43
0.45
0.43
0.41
0.45
0.39
0.57
0.59
0.56
0.55
CorWatt	PkgWatt
15.89	127.67
0.52	127.64
0.52
0.48
0.54
0.52
0.55
0.55
0.51
0.44
0.57
0.43
0.47
0.54
0.59
0.57
0.57
0.48
0.53
0.48
0.46
0.41
0.47
0.41
0.40
0.42
0.41
0.44
0.39
0.59
0.54
0.54
0.56
CorWatt	PkgWatt
15.25	127.31
0.50	127.31
0.52
0.45
0.47
0.50
0.52
0.53
0.50
0.39
0.45
0.40
0.39
0.51
0.51
0.54
0.52
0.50
0.51
0.49
0.49
0.38
0.46
0.38
0.41
0.47
0.40
0.42
0.40
0.59
0.56
0.55
0.53
CorWatt	PkgWatt
15.24	127.09
0.51	127.09
0.50
0.50
0.45
0.51
0.51
0.58
0.50
0.42
0.48
0.38
0.39
0.51
0.50
0.51
0.54
0.51
0.60
0.52
0.52
0.44
0.45
0.44
0.43
0.40
0.35
0.36
0.36
0.54
0.53
0.50
0.50
CorWatt	PkgWatt
15.51	127.48
0.51	127.48
0.51
0.46
0.52
0.51
0.55
0.56
0.51
0.44
0.47
0.37
0.38
0.53
0.52
0.51
0.55
0.52
0.51
0.54
0.56
0.44
0.47
0.43
0.44
0.42
0.36
0.38
0.35
0.56
0.54
0.55
0.54
CorWatt	PkgWatt
15.38	127.28
0.51	127.28
0.51
0.50
0.52
0.52
0.52
0.52
0.50
0.43
0.45
0.37
0.38
0.50
0.54
0.54
0.52
0.51
0.52
0.51
0.53
0.45
0.50
0.45
0.43
0.42
0.36
0.37
0.36
0.55
0.53
0.54
0.55
CorWatt	PkgWatt
15.28	127.26
0.52	127.27
0.51
0.48
0.52
0.48
0.52
0.48
0.49
0.42
0.45
0.40
0.37
0.52
0.50
0.53
0.54
0.53
0.53
0.48
0.51
0.52
0.42
0.41
0.44
0.40
0.37
0.37
0.36
0.56
0.55
0.55
0.54
CorWatt	PkgWatt
18.34	129.68
0.62	129.68
0.58
0.61
0.53
0.63
0.76
0.66
0.67
0.59
0.61
0.53
0.48
0.66
0.59
0.61
0.54
0.47
0.56
0.52
0.47
0.49
0.41
0.41
0.40
0.65
0.60
0.47
0.46
0.71
0.69
0.71
0.64
