CorWatt	PkgWatt
15.99	128.36
0.55	128.36
0.54
0.57
0.50
0.54
0.55
0.52
0.52
0.49
0.47
0.43
0.44
0.55
0.56
0.65
0.55
0.48
0.49
0.54
0.49
0.43
0.43
0.42
0.43
0.50
0.38
0.41
0.38
0.56
0.52
0.53
0.57
CorWatt	PkgWatt
14.76	127.57
0.52	127.55
0.49
0.47
0.47
0.50
0.52
0.50
0.54
0.43
0.43
0.39
0.40
0.50
0.54
0.60
0.52
0.45
0.47
0.49
0.46
0.39
0.39
0.39
0.39
0.38
0.36
0.37
0.37
0.52
0.50
0.50
0.51
CorWatt	PkgWatt
68.60	183.38
0.93	183.48
2.13
2.35
2.20
2.27
2.26
2.21
2.23
2.12
2.13
2.12
2.10
2.26
2.23
2.26
2.24
2.19
2.13
2.04
2.00
2.11
2.05
1.91
1.85
2.10
2.05
1.90
1.94
2.33
2.30
2.10
3.57
