CorWatt	PkgWatt
15.56	128.33
0.52	128.35
0.48
0.50
0.46
0.56
0.57
0.56
0.56
0.48
0.45
0.42
0.44
0.55
0.54
0.53
0.56
0.46
0.48
0.48
0.48
0.43
0.41
0.44
0.55
0.39
0.38
0.40
0.37
0.54
0.53
0.54
0.52
CorWatt	PkgWatt
14.96	127.34
0.50	127.86
0.46
0.46
0.47
0.55
0.56
0.54
0.53
0.46
0.44
0.40
0.42
0.51
0.53
0.52
0.56
0.45
0.47
0.46
0.47
0.44
0.40
0.40
0.44
0.37
0.36
0.38
0.36
0.52
0.50
0.51
0.52
CorWatt	PkgWatt
69.70	160.05
0.88	183.95
2.25
2.30
2.30
2.38
2.39
2.37
2.33
2.37
2.38
3.90
2.33
2.53
2.66
2.46
2.49
2.36
2.34
2.15
2.18
2.33
2.32
2.11
2.07
2.30
2.27
2.08
2.07
2.47
2.46
2.26
2.25
