CorWatt	PkgWatt
15.76	127.90
0.57	127.91
0.48
0.46
0.46
0.53
0.54
0.58
0.56
0.48
0.45
0.44
0.44
0.52
0.55
0.52
0.53
0.51
0.51
0.59
0.49
0.46
0.43
0.43
0.44
0.39
0.39
0.40
0.39
0.58
0.53
0.55
0.55
CorWatt	PkgWatt
15.20	127.14
0.52	127.72
0.46
0.48
0.45
0.50
0.56
0.58
0.58
0.46
0.44
0.40
0.39
0.51
0.52
0.50
0.55
0.53
0.50
0.48
0.51
0.47
0.42
0.41
0.43
0.37
0.37
0.38
0.37
0.54
0.51
0.51
0.51
CorWatt	PkgWatt
18.00	130.52
0.61	129.95
0.52
0.59
0.52
0.55
0.54
0.56
0.59
0.57
0.53
0.60
0.56
0.68
0.67
0.67
0.71
0.56
0.58
0.56
0.59
0.53
0.49
0.46
0.49
0.51
0.45
0.49
0.46
0.59
0.57
0.55
0.59
CorWatt	PkgWatt
16.04	128.44
0.59	128.30
0.49
0.54
0.60
0.52
0.53
0.52
0.52
0.52
0.46
0.46
0.44
0.53
0.61
0.67
0.55
0.50
0.50
0.48
0.49
0.42
0.44
0.41
0.42
0.42
0.39
0.44
0.41
0.55
0.53
0.54
0.54
