CorWatt	PkgWatt
15.29	127.31
0.55	127.31
0.45
0.51
0.45
0.50
0.61
0.50
0.48
0.40
0.45
0.41
0.39
0.52
0.52
0.52
0.53
0.50
0.52
0.51
0.49
0.41
0.43
0.44
0.41
0.42
0.35
0.42
0.38
0.63
0.52
0.53
0.54
CorWatt	PkgWatt
14.92	127.10
0.49	127.24
0.44
0.52
0.44
0.49
0.54
0.50
0.49
0.42
0.45
0.40
0.38
0.50
0.51
0.50
0.54
0.48
0.49
0.48
0.53
0.40
0.43
0.41
0.39
0.40
0.37
0.40
0.42
0.58
0.51
0.52
0.51
CorWatt	PkgWatt
18.67	130.24
0.61	130.13
0.57
0.64
0.62
0.60
0.65
0.59
0.59
0.54
0.51
0.53
0.51
0.61
0.63
0.61
0.66
0.69
0.65
0.62
0.64
0.53
0.56
0.53
0.57
0.44
0.43
0.54
0.45
0.66
0.63
0.64
0.60
CorWatt	PkgWatt
15.85	127.90
0.52	127.81
0.47
0.55
0.54
0.50
0.55
0.58
0.52
0.49
0.55
0.40
0.39
0.52
0.52
0.51
0.53
0.54
0.51
0.47
0.50
0.50
0.53
0.43
0.57
0.37
0.39
0.40
0.37
0.53
0.54
0.52
0.54
