CorWatt	PkgWatt
4.72	153.32
0.09	76.38
0.09
0.09
0.08
0.09
0.08
0.16
0.08
0.08
0.08
0.08
0.08
0.08
0.08
0.08
0.08
0.08
0.08
0.08
0.08
0.09
0.08
0.08
0.09
0.08
0.08
0.08
0.08
0.08
0.08
0.08
0.08
0.07	76.94
0.07
0.07
0.07
0.07
0.07
0.07
0.07
0.06
0.05
0.05
0.05
0.06
0.06
0.06
0.06
0.07
0.07
0.07
0.07
0.07
0.07
0.07
0.07
0.06
0.06
0.06
0.06
0.06
0.05
0.05
0.06
CorWatt	PkgWatt
4.57	151.25
0.09	76.06
0.08
0.08
0.08
0.08
0.08
0.12
0.09
0.08
0.08
0.08
0.08
0.07
0.07
0.08
0.08
0.09
0.08
0.08
0.11
0.10
0.08
0.09
0.09
0.08
0.08
0.09
0.09
0.08
0.08
0.08
0.09
0.06	75.20
0.06
0.06
0.07
0.07
0.07
0.07
0.06
0.05
0.05
0.05
0.05
0.05
0.05
0.05
0.05
0.06
0.06
0.06
0.06
0.06
0.06
0.06
0.06
0.06
0.06
0.06
0.06
0.05
0.05
0.05
0.05
CorWatt	PkgWatt
74.89	258.09
0.65	124.27
1.42
1.25
1.24
1.15
1.14
1.10
1.09
1.09
1.06
1.05
1.08
1.13
1.09
1.04
1.03
1.13
1.11
1.10
1.10
1.11
1.08
1.08
1.04
1.09
1.10
1.12
1.20
1.15
1.11
1.04
1.08
1.27	133.88
1.22
2.94
1.17
1.16
1.13
1.09
1.12
1.19
1.23
1.15
1.21
1.26
1.25
1.19
1.19
1.15
1.14
1.18
1.20
1.21
1.17
1.13
1.11
1.19
1.15
1.18
1.19
1.35
1.21
1.12
1.21
CorWatt	PkgWatt
161.33	381.14
0.38	186.65
2.64
2.68
2.60
2.60
2.62
2.45
2.44
2.58
2.52
2.50
2.53
2.58
2.54
2.34
2.35
2.56
2.54
2.56
2.53
2.53
2.53
2.35
2.36
2.56
2.53
2.54
2.50
2.47
2.50
2.30
2.29
2.65	194.68
2.60
3.94
2.61
2.62
2.60
2.41
2.40
2.67
2.64
2.61
2.65
2.68
2.64
2.45
2.45
2.59
2.54
2.59
2.60
2.63
2.62
2.43
2.43
2.62
2.58
2.62
2.60
2.61
2.60
2.40
2.32
