CorWatt	PkgWatt
15.37	127.86
0.53	127.86
0.50
0.50
0.49
0.52
0.52
0.54
0.52
0.46
0.56
0.39
0.41
0.56
0.53
0.57
0.56
0.47
0.49
0.47
0.52
0.40
0.41
0.39
0.44
0.37
0.41
0.39
0.35
0.56
0.52
0.52
0.52
CorWatt	PkgWatt
14.64	127.07
0.51	127.20
0.48
0.45
0.46
0.52
0.51
0.50
0.49
0.44
0.43
0.39
0.38
0.53
0.51
0.52
0.54
0.46
0.45
0.46
0.47
0.41
0.38
0.40
0.44
0.35
0.38
0.37
0.35
0.54
0.53
0.52
0.49
CorWatt	PkgWatt
62.21	175.14
1.04	175.09
1.94
1.97
2.01
2.09
2.09
3.56
2.20
1.91
1.93
1.92
1.87
2.04
2.04
2.08
2.08
1.91
1.90
1.78
1.87
1.84
1.85
1.72
1.91
1.77
1.77
1.71
1.67
2.07
2.00
1.84
1.85
CorWatt	PkgWatt
49.46	163.47
0.64	163.41
1.57
1.59
1.56
1.66
1.67
2.39
1.63
1.58
1.55
1.53
1.50
1.68
1.66
1.69
1.70
1.56
1.55
1.43
1.45
1.51
1.50
1.45
1.36
1.47
1.46
1.37
1.34
1.69
1.67
1.52
1.53
