CorWatt	PkgWatt
15.61	128.18
0.56	128.18
0.47
0.46
0.44
0.50
0.55
0.51
0.49
0.42
0.45
0.44
0.46
0.52
0.56
0.57
0.64
0.49
0.51
0.47
0.49
0.44
0.41
0.41
0.43
0.40
0.44
0.40
0.40
0.62
0.57
0.53
0.53
CorWatt	PkgWatt
15.43	127.80
0.55	128.08
0.47
0.48
0.46
0.51
0.56
0.52
0.51
0.41
0.44
0.41
0.40
0.51
0.55
0.52
0.53
0.50
0.51
0.48
0.48
0.44
0.41
0.42
0.43
0.40
0.45
0.43
0.40
0.62
0.55
0.56
0.55
CorWatt	PkgWatt
18.19	130.60
0.59	130.33
0.54
0.55
0.56
0.59
0.63
0.55
0.53
0.55
0.56
0.55
0.55
0.58
0.67
0.59
0.62
0.58
0.56
0.57
0.64
0.55
0.57
0.53
0.54
0.48
0.45
0.46
0.49
0.66
0.67
0.61
0.61
CorWatt	PkgWatt
16.14	128.84
0.54	128.74
0.47
0.50
0.48
0.54
0.55
0.52
0.51
0.51
0.60
0.49
0.49
0.53
0.54
0.52
0.54
0.48
0.52
0.51
0.52
0.46
0.53
0.42
0.44
0.40
0.43
0.39
0.38
0.63
0.59
0.54
0.55
