CorWatt	PkgWatt
7.52	160.27
0.14	80.66
0.14
0.14
0.13
0.14
0.13
0.13
0.13
0.12
0.13
0.12
0.12
0.12
0.13
0.12
0.12
0.14
0.14
0.14
0.13
0.23
0.14
0.13
0.13
0.13
0.12
0.12
0.13
0.12
0.12
0.12
0.12
0.11	79.74
0.11
0.11
0.11
0.11
0.11
0.11
0.11
0.10
0.10
0.09
0.09
0.09
0.09
0.09
0.10
0.11
0.11
0.11
0.11
0.11
0.11
0.11
0.11
0.10
0.10
0.10
0.10
0.10
0.09
0.10
0.10
CorWatt	PkgWatt
7.23	159.13
0.13	79.42
0.13
0.13
0.12
0.11
0.11
0.11
0.11
0.11
0.11
0.11
0.11
0.10
0.11
0.10
0.10
0.12
0.12
0.12
0.11
0.13
0.12
0.12
0.11
0.11
0.11
0.11
0.11
0.11
0.11
0.11
0.11
0.13	79.56
0.14
0.12
0.12
0.11
0.11
0.11
0.11
0.10
0.10
0.09
0.10
0.09
0.10
0.09
0.11
0.11
0.11
0.11
0.11
0.11
0.14
0.11
0.15
0.11
0.10
0.11
0.11
0.12
0.10
0.13
0.13
CorWatt	PkgWatt
105.27	279.99
1.67	139.72
1.66
1.72
1.65
1.69
1.61
1.69
1.66
1.60
1.67
1.63
1.62
1.61
1.62
1.64
1.73
1.68
1.70
1.66
1.75
1.74
1.81
1.75
1.75
1.66
1.68
1.66
1.70
1.61
1.65
1.66
1.66
1.65	140.24
1.65
1.69
1.62
1.56
1.67
1.55
1.63
1.66
1.63
1.56
1.72
1.61
1.55
1.62
1.59
1.64
1.58
1.57
1.58
1.61
1.64
1.61
1.82
1.57
1.50
1.58
1.57
1.60
1.60
1.64
1.59
CorWatt	PkgWatt
122.99	278.10
2.01	141.74
2.02
2.07
1.96
2.03
1.91
2.04
2.01
1.99
2.02
1.98
1.98
1.99
1.98
2.01
2.01
2.00
2.06
2.08
2.06
2.07
2.10
2.09
2.06
2.03
2.04
2.02
2.06
1.90
2.00
2.00
2.02
1.84	136.26
1.87
1.84
1.84
1.76
1.86
1.81
1.86
1.71
1.86
1.79
1.83
1.76
1.77
1.79
1.84
1.81
1.82
1.78
1.81
1.84
1.92
1.86
1.94
1.81
1.76
1.80
1.78
1.85
1.86
1.87
1.82
