CorWatt	PkgWatt
15.51	128.03
0.54	128.04
0.50
0.51
0.51
0.52
0.52
0.53
0.50
0.43
0.50
0.45
0.48
0.55
0.57
0.60
0.54
0.49
0.50
0.46
0.47
0.43
0.39
0.40
0.42
0.39
0.38
0.40
0.37
0.54
0.55
0.54
0.53
CorWatt	PkgWatt
14.73	127.03
0.54	127.22
0.46
0.48
0.49
0.49
0.52
0.53
0.49
0.40
0.44
0.38
0.41
0.57
0.51
0.57
0.51
0.50
0.46
0.45
0.46
0.42
0.38
0.40
0.39
0.36
0.37
0.41
0.35
0.53
0.50
0.50
0.50
CorWatt	PkgWatt
69.12	183.31
1.50	183.13
2.15
2.22
2.19
2.20
2.28
2.26
2.20
2.17
3.43
2.18
2.18
2.31
2.27
2.32
2.31
2.30
2.21
1.98
2.01
2.14
2.07
1.90
1.85
2.06
2.04
1.91
1.88
2.24
2.23
2.05
2.00
