CorWatt	PkgWatt
15.14	127.46
0.53	127.47
0.56
0.52
0.52
0.49
0.58
0.49
0.48
0.43
0.44
0.43
0.40
0.51
0.52
0.49
0.53
0.45
0.47
0.49
0.51
0.43
0.42
0.42
0.43
0.37
0.37
0.39
0.35
0.54
0.52
0.53
0.52
CorWatt	PkgWatt
15.95	127.19
0.51	127.94
0.53
0.53
0.54
0.54
0.56
0.49
0.53
0.46
0.48
0.43
0.44
0.56
0.56
0.57
0.57
0.49
0.51
0.55
0.51
0.45
0.45
0.48
0.46
0.40
0.41
0.43
0.41
0.56
0.56
0.55
0.53
CorWatt	PkgWatt
17.84	130.51
0.59	129.75
0.53
0.65
0.62
0.70
0.59
0.58
0.63
0.56
0.59
0.53
0.53
0.54
0.56
0.59
0.65
0.53
0.54
0.56
0.60
0.51
0.46
0.48
0.45
0.45
0.45
0.46
0.50
0.58
0.64
0.59
0.57
