CorWatt	PkgWatt
14.92	125.88
0.51	125.89
0.48
0.48
0.45
0.59
0.53
0.52
0.51
0.48
0.44
0.38
0.42
0.52
0.54
0.51
0.52
0.46
0.46
0.47
0.47
0.38
0.39
0.40
0.39
0.38
0.39
0.40
0.37
0.54
0.51
0.51
0.51
CorWatt	PkgWatt
14.43	125.55
0.53	125.66
0.46
0.48
0.47
0.59
0.50
0.57
0.50
0.38
0.45
0.40
0.41
0.49
0.53
0.48
0.50
0.44
0.44
0.47
0.44
0.39
0.37
0.40
0.37
0.36
0.35
0.36
0.34
0.52
0.49
0.49
0.48
CorWatt	PkgWatt
20.93	131.51
0.66	131.41
0.59
2.21
0.54
0.67
0.67
0.61
0.71
0.53
0.60
0.47
0.59
0.61
0.62
0.56
0.95
0.64
0.67
0.70
0.66
0.53
0.56
0.60
0.56
0.55
0.46
0.49
0.45
0.66
0.63
0.60
0.57
CorWatt	PkgWatt
16.12	126.98
0.53	126.96
0.50
0.54
0.44
1.20
0.73
0.73
0.78
0.38
0.44
0.37
0.42
0.49
0.52
0.48
0.50
0.49
0.52
0.58
0.50
0.38
0.37
0.47
0.37
0.36
0.35
0.36
0.36
0.50
0.49
0.49
0.49
CorWatt	PkgWatt
16.23	126.85
0.53	126.84
0.52
0.55
0.47
1.08
0.73
0.71
0.96
0.41
0.46
0.39
0.40
0.50
0.52
0.49
0.52
0.44
0.50
0.52
0.49
0.37
0.37
0.42
0.40
0.37
0.38
0.37
0.36
0.53
0.49
0.49
0.50
CorWatt	PkgWatt
16.15	126.87
0.50	126.88
0.51
0.55
0.43
0.99
0.73
0.73
1.07
0.37
0.44
0.37
0.39
0.50
0.52
0.52
0.50
0.47
0.51
0.50
0.49
0.39
0.40
0.42
0.38
0.36
0.39
0.36
0.35
0.52
0.50
0.50
0.49
CorWatt	PkgWatt
15.98	126.96
0.49	126.95
0.49
0.57
0.41
1.28
0.73
0.71
0.75
0.38
0.43
0.39
0.40
0.52
0.56
0.51
0.52
0.43
0.49
0.49
0.46
0.37
0.39
0.40
0.40
0.36
0.35
0.36
0.35
0.51
0.50
0.49
0.49
CorWatt	PkgWatt
16.08	127.09
0.51	127.09
0.49
0.56
0.45
1.63
0.69
0.67
0.69
0.38
0.42
0.37
0.39
0.52
0.49
0.50
0.51
0.45
0.50
0.50
0.45
0.39
0.36
0.39
0.38
0.35
0.35
0.35
0.34
0.50
0.50
0.49
0.48
CorWatt	PkgWatt
17.21	128.75
0.52	128.75
0.48
0.54
0.43
3.25
0.51
0.48
0.48
0.37
0.46
0.37
0.40
0.50
0.50
0.50
0.49
0.44
0.49
0.49
0.48
0.37
0.37
0.42
0.38
0.37
0.35
0.36
0.36
0.52
0.55
0.50
0.50
CorWatt	PkgWatt
17.04	128.89
0.52	128.89
0.47
0.53
0.46
3.26
0.50
0.48
0.47
0.38
0.42
0.37
0.39
0.49
0.49
0.50
0.49
0.43
0.48
0.48
0.46
0.37
0.36
0.39
0.37
0.38
0.36
0.37
0.36
0.51
0.51
0.50
0.48
CorWatt	PkgWatt
17.20	129.12
0.50	129.12
0.49
0.53
0.47
3.26
0.51
0.50
0.50
0.36
0.42
0.36
0.39
0.49
0.49
0.50
0.49
0.45
0.49
0.51
0.48
0.38
0.38
0.40
0.37
0.38
0.43
0.36
0.34
0.50
0.50
0.49
0.49
CorWatt	PkgWatt
17.13	129.03
0.51	129.02
0.49
0.53
0.46
3.26
0.50
0.48
0.48
0.37
0.43
0.36
0.39
0.48
0.49
0.51
0.49
0.46
0.50
0.48
0.45
0.38
0.37
0.42
0.38
0.35
0.40
0.37
0.36
0.50
0.50
0.49
0.50
CorWatt	PkgWatt
17.14	129.04
0.50	129.04
0.48
0.52
0.46
3.26
0.51
0.48
0.48
0.38
0.42
0.37
0.40
0.52
0.50
0.52
0.51
0.44
0.50
0.49
0.46
0.38
0.37
0.40
0.37
0.35
0.37
0.35
0.34
0.51
0.51
0.50
0.49
CorWatt	PkgWatt
17.08	129.04
0.56	129.04
0.50
0.55
0.46
3.27
0.51
0.48
0.47
0.36
0.45
0.36
0.37
0.48
0.48
0.50
0.49
0.44
0.51
0.49
0.46
0.38
0.37
0.40
0.37
0.35
0.38
0.36
0.34
0.50
0.50
0.48
0.48
CorWatt	PkgWatt
17.09	129.13
0.50	129.13
0.50
0.55
0.46
3.26
0.51
0.48
0.47
0.37
0.42
0.36
0.38
0.49
0.49
0.50
0.49
0.44
0.51
0.49
0.48
0.38
0.37
0.39
0.37
0.37
0.35
0.35
0.34
0.51
0.53
0.49
0.49
CorWatt	PkgWatt
17.11	128.92
0.51	128.92
0.52
0.54
0.45
3.26
0.52
0.49
0.47
0.37
0.43
0.36
0.39
0.49
0.48
0.50
0.49
0.44
0.50
0.52
0.46
0.38
0.38
0.39
0.37
0.35
0.35
0.35
0.34
0.51
0.51
0.49
0.49
CorWatt	PkgWatt
17.28	129.10
0.50	129.10
0.51
0.53
0.43
3.26
0.52
0.48
0.48
0.37
0.42
0.37
0.40
0.49
0.51
0.54
0.50
0.44
0.50
0.49
0.46
0.38
0.37
0.41
0.38
0.37
0.42
0.37
0.37
0.51
0.51
0.49
0.50
CorWatt	PkgWatt
17.37	129.25
0.53	129.25
0.52
0.56
0.44
3.27
0.51
0.48
0.49
0.40
0.42
0.39
0.38
0.51
0.50
0.50
0.49
0.47
0.51
0.49
0.48
0.39
0.37
0.40
0.38
0.37
0.37
0.38
0.35
0.50
0.53
0.49
0.52
CorWatt	PkgWatt
17.25	129.20
0.50	129.20
0.52
0.57
0.43
3.26
0.51
0.48
0.47
0.38
0.46
0.36
0.39
0.50
0.51
0.48
0.49
0.44
0.49
0.48
0.46
0.40
0.37
0.41
0.39
0.39
0.37
0.37
0.35
0.51
0.52
0.48
0.50
CorWatt	PkgWatt
16.90	128.83
0.51	128.82
0.49
0.56
0.43
3.08
0.53
0.48
0.49
0.37
0.42
0.36
0.38
0.48
0.50
0.48
0.49
0.44
0.49
0.49
0.49
0.38
0.37
0.40
0.38
0.35
0.35
0.35
0.35
0.50
0.51
0.48
0.49
CorWatt	PkgWatt
18.30	129.46
0.79	129.48
0.59
0.56
0.52
0.73
0.97
0.73
0.96
0.45
0.48
0.42
0.78
0.55
0.57
0.58
0.57
0.53
0.58
0.57
0.55
0.44
0.45
0.46
0.44
0.42
0.43
0.44
0.41
0.59
0.63
0.55
0.57
CorWatt	PkgWatt
16.63	128.07
0.60	128.06
0.52
0.47
0.43
0.83
1.55
0.82
0.83
0.39
0.45
0.38
0.38
0.49
0.52
0.51
0.50
0.45
0.51
0.51
0.46
0.40
0.38
0.40
0.38
0.35
0.35
0.35
0.35
0.50
0.57
0.49
0.49
CorWatt	PkgWatt
16.64	127.91
0.59	127.90
0.54
0.47
0.45
0.83
1.54
0.83
0.84
0.38
0.42
0.37
0.40
0.51
0.52
0.49
0.50
0.44
0.51
0.50
0.47
0.38
0.38
0.40
0.38
0.36
0.37
0.35
0.36
0.51
0.57
0.49
0.50
CorWatt	PkgWatt
16.57	127.94
0.60	127.94
0.52
0.46
0.44
0.83
1.36
0.83
1.03
0.38
0.43
0.37
0.39
0.49
0.51
0.49
0.51
0.45
0.51
0.49
0.47
0.38
0.38
0.40
0.38
0.36
0.35
0.35
0.35
0.50
0.57
0.49
0.49
CorWatt	PkgWatt
16.85	128.30
0.59	128.30
0.54
0.47
0.46
0.83
1.02
0.82
1.36
0.37
0.43
0.39
0.42
0.53
0.55
0.51
0.51
0.45
0.51
0.48
0.47
0.38
0.38
0.41
0.38
0.36
0.36
0.37
0.37
0.52
0.57
0.50
0.52
CorWatt	PkgWatt
16.81	128.22
0.58	128.22
0.55
0.45
0.45
0.83
1.01
0.83
1.37
0.37
0.42
0.38
0.40
0.50
0.52
0.50
0.51
0.47
0.52
0.52
0.50
0.40
0.39
0.42
0.39
0.36
0.35
0.36
0.36
0.52
0.58
0.50
0.50
CorWatt	PkgWatt
18.00	129.31
0.57	129.30
0.54
0.45
0.43
1.07
2.27
1.07
1.07
0.38
0.43
0.38
0.41
0.50
0.53
0.50
0.50
0.44
0.50
0.49
0.47
0.38
0.40
0.42
0.38
0.35
0.35
0.35
0.35
0.51
0.53
0.49
0.50
CorWatt	PkgWatt
19.69	130.82
0.58	130.82
0.52
0.47
0.43
1.33
3.14
1.33
1.33
0.37
0.43
0.38
0.41
0.50
0.53
0.50
0.50
0.45
0.52
0.51
0.47
0.39
0.38
0.42
0.40
0.35
0.35
0.36
0.35
0.50
0.49
0.50
0.49
CorWatt	PkgWatt
20.06	131.17
0.58	131.18
0.57
0.48
0.47
1.34
3.13
1.34
1.33
0.37
0.47
0.39
0.40
0.50
0.53
0.51
0.50
0.45
0.52
0.49
0.47
0.40
0.38
0.41
0.39
0.39
0.39
0.40
0.37
0.55
0.53
0.52
0.51
CorWatt	PkgWatt
19.66	130.90
0.59	130.90
0.53
0.48
0.44
1.34
1.34
1.34
3.12
0.37
0.42
0.37
0.39
0.49
0.52
0.50
0.50
0.45
0.50
0.50
0.47
0.41
0.38
0.42
0.38
0.35
0.37
0.36
0.36
0.51
0.49
0.50
0.49
CorWatt	PkgWatt
19.69	130.90
0.58	130.90
0.53
0.47
0.43
1.33
3.13
1.33
1.34
0.37
0.42
0.36
0.39
0.49
0.53
0.51
0.51
0.46
0.50
0.52
0.49
0.38
0.39
0.41
0.38
0.35
0.35
0.36
0.35
0.52
0.50
0.51
0.50
CorWatt	PkgWatt
19.69	130.99
0.60	130.98
0.54
0.47
0.45
1.34
3.15
1.34
1.33
0.38
0.43
0.37
0.38
0.49
0.52
0.50
0.50
0.46
0.51
0.51
0.47
0.39
0.38
0.41
0.38
0.35
0.35
0.35
0.35
0.50
0.48
0.51
0.52
CorWatt	PkgWatt
19.92	131.33
0.58	131.33
0.54
0.47
0.45
1.34
3.13
1.34
1.34
0.38
0.44
0.38
0.40
0.52
0.53
0.50
0.50
0.45
0.50
0.50
0.47
0.39
0.41
0.42
0.40
0.37
0.37
0.37
0.37
0.52
0.51
0.51
0.50
CorWatt	PkgWatt
19.65	131.03
0.59	131.04
0.51
0.46
0.50
1.34
1.35
1.34
3.11
0.37
0.42
0.37
0.38
0.50
0.52
0.51
0.50
0.46
0.51
0.50
0.48
0.39
0.38
0.41
0.39
0.35
0.35
0.35
0.35
0.51
0.49
0.50
0.49
CorWatt	PkgWatt
19.79	131.19
0.58	131.19
0.51
0.47
0.51
1.34
1.35
1.34
3.11
0.40
0.44
0.37
0.39
0.51
0.53
0.50
0.50
0.44
0.50
0.49
0.47
0.38
0.38
0.43
0.40
0.35
0.38
0.35
0.35
0.51
0.50
0.50
0.50
CorWatt	PkgWatt
19.74	131.11
0.59	131.10
0.52
0.47
0.48
1.33
1.34
1.34
3.13
0.38
0.43
0.37
0.38
0.50
0.53
0.51
0.50
0.45
0.52
0.50
0.47
0.39
0.38
0.41
0.39
0.35
0.35
0.35
0.35
0.52
0.52
0.50
0.49
CorWatt	PkgWatt
20.03	131.60
0.58	131.61
0.51
0.48
0.48
1.34
1.35
1.34
3.12
0.38
0.43
0.39
0.40
0.53
0.57
0.52
0.52
0.46
0.51
0.49
0.47
0.40
0.41
0.42
0.42
0.36
0.37
0.36
0.35
0.53
0.51
0.50
0.50
CorWatt	PkgWatt
19.41	131.02
0.66	131.03
0.54
0.55
0.71
0.99
1.92
0.96
0.96
0.41
0.44
0.41
0.44
0.56
0.53
0.57
0.56
0.53
0.57
0.57
0.54
0.46
0.43
0.45
0.45
0.41
0.74
0.42
0.40
0.56
0.56
0.55
0.54
CorWatt	PkgWatt
16.27	128.08
0.49	128.08
0.49
0.46
0.60
0.91
0.75
0.71
1.10
0.38
0.47
0.37
0.41
0.51
0.51
0.52
0.51
0.44
0.46
0.53
0.49
0.38
0.38
0.44
0.40
0.38
0.36
0.36
0.35
0.54
0.53
0.52
0.50
CorWatt	PkgWatt
16.00	128.06
0.50	128.06
0.45
0.47
0.59
1.16
0.77
0.72
0.73
0.38
0.42
0.37
0.40
0.50
0.50
0.52
0.51
0.46
0.46
0.55
0.47
0.38
0.38
0.41
0.38
0.39
0.37
0.36
0.36
0.52
0.52
0.51
0.49
CorWatt	PkgWatt
16.25	128.06
0.51	128.06
0.45
0.46
0.60
1.15
0.79
0.74
0.76
0.39
0.43
0.37
0.42
0.52
0.52
0.51
0.51
0.46
0.49
0.54
0.49
0.38
0.38
0.41
0.38
0.42
0.36
0.37
0.36
0.53
0.53
0.51
0.50
CorWatt	PkgWatt
16.07	127.99
0.51	127.98
0.43
0.46
0.59
1.13
0.77
0.73
0.77
0.37
0.45
0.37
0.39
0.50
0.50
0.53
0.51
0.47
0.47
0.55
0.48
0.38
0.39
0.42
0.39
0.36
0.37
0.38
0.37
0.51
0.51
0.50
0.52
CorWatt	PkgWatt
16.21	128.54
0.54	128.54
0.48
0.47
0.59
1.38
0.73
0.70
0.84
0.38
0.43
0.37
0.39
0.50
0.50
0.51
0.50
0.44
0.46
0.51
0.47
0.38
0.39
0.40
0.38
0.35
0.35
0.35
0.35
0.52
0.51
0.50
0.50
CorWatt	PkgWatt
18.50	133.04
0.57	133.04
0.47
0.47
0.58
4.42
0.51
0.49
0.52
0.39
0.43
0.38
0.39
0.50
0.50
0.52
0.50
0.46
0.46
0.51
0.48
0.38
0.38
0.41
0.39
0.36
0.35
0.36
0.35
0.51
0.51
0.50
0.49
CorWatt	PkgWatt
18.78	133.33
0.53	133.33
0.46
0.47
0.57
4.42
0.52
0.51
0.53
0.39
0.43
0.37
0.40
0.51
0.51
0.51
0.51
0.47
0.50
0.53
0.50
0.39
0.39
0.41
0.39
0.43
0.36
0.37
0.35
0.52
0.51
0.50
0.50
CorWatt	PkgWatt
18.48	133.16
0.53	133.16
0.44
0.47
0.57
4.42
0.50
0.49
0.51
0.38
0.42
0.37
0.40
0.50
0.50
0.52
0.50
0.45
0.48
0.52
0.48
0.39
0.38
0.41
0.38
0.37
0.35
0.37
0.36
0.51
0.51
0.50
0.49
CorWatt	PkgWatt
18.84	133.31
0.53	133.31
0.45
0.47
0.57
4.42
0.51
0.50
0.53
0.39
0.43
0.38
0.40
0.51
0.53
0.54
0.51
0.46
0.46
0.53
0.48
0.40
0.38
0.42
0.39
0.38
0.37
0.38
0.37
0.54
0.58
0.51
0.51
CorWatt	PkgWatt
18.80	133.57
0.56	133.57
0.45
0.47
0.58
4.42
0.50
0.49
0.52
0.41
0.42
0.40
0.39
0.50
0.52
0.51
0.50
0.47
0.47
0.52
0.49
0.39
0.38
0.40
0.38
0.39
0.38
0.40
0.36
0.52
0.56
0.50
0.53
CorWatt	PkgWatt
18.89	133.44
0.55	133.45
0.46
0.47
0.57
4.41
0.51
0.50
0.54
0.38
0.47
0.38
0.39
0.51
0.53
0.50
0.51
0.45
0.49
0.52
0.49
0.40
0.39
0.43
0.40
0.39
0.38
0.40
0.37
0.53
0.54
0.50
0.51
CorWatt	PkgWatt
18.53	133.18
0.54	133.17
0.44
0.46
0.58
4.42
0.53
0.51
0.53
0.38
0.43
0.38
0.40
0.50
0.52
0.50
0.51
0.45
0.46
0.52
0.47
0.39
0.38
0.41
0.39
0.36
0.35
0.36
0.35
0.51
0.52
0.50
0.49
CorWatt	PkgWatt
18.69	133.48
0.53	133.48
0.45
0.47
0.60
4.43
0.52
0.50
0.52
0.38
0.44
0.39
0.41
0.53
0.54
0.55
0.53
0.45
0.46
0.51
0.47
0.38
0.38
0.41
0.38
0.36
0.35
0.36
0.35
0.53
0.54
0.50
0.50
CorWatt	PkgWatt
18.63	133.36
0.55	133.36
0.45
0.47
0.58
4.42
0.50
0.50
0.52
0.40
0.46
0.40
0.39
0.51
0.52
0.52
0.52
0.46
0.46
0.52
0.47
0.40
0.38
0.40
0.39
0.36
0.35
0.36
0.35
0.51
0.52
0.50
0.49
CorWatt	PkgWatt
18.77	133.45
0.56	133.45
0.46
0.48
0.59
4.42
0.51
0.50
0.53
0.40
0.43
0.39
0.40
0.51
0.52
0.50
0.51
0.45
0.47
0.51
0.48
0.40
0.39
0.41
0.39
0.39
0.35
0.36
0.36
0.52
0.55
0.50
0.50
CorWatt	PkgWatt
18.64	133.48
0.57	133.47
0.44
0.48
0.58
4.43
0.50
0.50
0.52
0.39
0.43
0.41
0.39
0.52
0.52
0.50
0.52
0.46
0.47
0.52
0.48
0.39
0.38
0.40
0.38
0.36
0.35
0.36
0.35
0.51
0.52
0.50
0.49
CorWatt	PkgWatt
18.77	133.52
0.55	133.53
0.44
0.48
0.59
4.42
0.51
0.49
0.52
0.39
0.45
0.40
0.41
0.55
0.55
0.52
0.52
0.45
0.47
0.51
0.48
0.39
0.38
0.40
0.39
0.35
0.35
0.38
0.37
0.52
0.52
0.50
0.52
CorWatt	PkgWatt
18.19	130.37
0.78	130.38
0.57
0.55
0.62
1.18
0.65
0.66
0.65
0.47
0.52
0.47
0.51
0.57
0.59
0.58
0.59
0.52
0.53
0.56
0.53
0.45
0.44
0.47
0.45
0.74
0.42
0.44
0.42
0.58
0.57
0.56
0.56
CorWatt	PkgWatt
16.67	128.64
0.60	128.63
0.51
0.48
0.50
0.79
1.25
0.73
0.75
0.39
0.46
0.41
0.45
0.52
0.55
0.53
0.53
0.47
0.47
0.51
0.50
0.40
0.40
0.43
0.40
0.37
0.39
0.38
0.37
0.55
0.55
0.52
0.52
CorWatt	PkgWatt
16.15	128.40
0.60	128.40
0.49
0.47
0.49
0.77
1.24
0.72
0.73
0.39
0.43
0.38
0.41
0.50
0.55
0.51
0.51
0.45
0.48
0.51
0.53
0.39
0.38
0.41
0.38
0.35
0.35
0.36
0.36
0.51
0.50
0.50
0.49
CorWatt	PkgWatt
16.46	128.61
0.58	128.62
0.56
0.50
0.52
1.17
0.79
0.73
0.75
0.39
0.47
0.40
0.39
0.51
0.53
0.51
0.51
0.44
0.46
0.48
0.53
0.39
0.39
0.41
0.38
0.37
0.40
0.40
0.36
0.56
0.56
0.52
0.50
CorWatt	PkgWatt
16.04	128.23
0.54	128.23
0.59
0.48
0.44
1.21
0.73
0.72
0.73
0.38
0.43
0.37
0.40
0.50
0.55
0.51
0.51
0.45
0.46
0.50
0.52
0.41
0.38
0.43
0.39
0.35
0.35
0.36
0.35
0.51
0.50
0.50
0.49
CorWatt	PkgWatt
16.67	128.79
0.61	128.79
0.51
0.49
0.48
0.84
1.57
0.70
0.72
0.39
0.43
0.37
0.40
0.52
0.55
0.51
0.51
0.47
0.46
0.51
0.54
0.40
0.39
0.41
0.39
0.37
0.37
0.37
0.36
0.52
0.50
0.51
0.50
CorWatt	PkgWatt
17.74	130.25
0.63	130.24
0.52
0.49
0.45
0.65
3.21
0.62
0.63
0.38
0.43
0.37
0.39
0.50
0.53
0.51
0.51
0.45
0.45
0.50
0.52
0.39
0.38
0.41
0.38
0.35
0.36
0.36
0.36
0.52
0.50
0.50
0.49
CorWatt	PkgWatt
17.95	130.32
0.60	130.32
0.50
0.49
0.44
0.67
3.18
0.64
0.63
0.39
0.45
0.37
0.40
0.50
0.54
0.51
0.51
0.45
0.46
0.51
0.52
0.39
0.41
0.43
0.40
0.35
0.37
0.38
0.37
0.53
0.54
0.52
0.50
CorWatt	PkgWatt
17.67	130.20
0.61	130.19
0.50
0.47
0.46
0.65
3.18
0.62
0.63
0.38
0.43
0.38
0.39
0.50
0.53
0.51
0.51
0.46
0.46
0.51
0.52
0.39
0.38
0.41
0.38
0.35
0.35
0.36
0.35
0.51
0.50
0.50
0.50
CorWatt	PkgWatt
17.97	130.33
0.58	130.34
0.52
0.48
0.50
0.66
3.18
0.63
0.63
0.41
0.45
0.38
0.41
0.51
0.54
0.51
0.53
0.45
0.46
0.49
0.53
0.40
0.39
0.43
0.41
0.35
0.37
0.36
0.36
0.54
0.50
0.51
0.50
CorWatt	PkgWatt
17.71	130.04
0.59	130.03
0.50
0.47
0.49
0.64
3.21
0.62
0.63
0.41
0.43
0.37
0.39
0.50
0.52
0.51
0.51
0.45
0.46
0.49
0.53
0.39
0.39
0.41
0.39
0.35
0.35
0.35
0.35
0.51
0.51
0.50
0.49
CorWatt	PkgWatt
17.99	130.54
0.59	130.55
0.50
0.49
0.49
0.66
3.18
0.63
0.65
0.39
0.43
0.39
0.39
0.53
0.58
0.51
0.52
0.45
0.46
0.50
0.53
0.40
0.41
0.42
0.41
0.35
0.36
0.36
0.35
0.53
0.51
0.50
0.50
CorWatt	PkgWatt
17.86	130.20
0.59	130.19
0.49
0.47
0.52
0.65
3.18
0.62
0.65
0.39
0.43
0.38
0.40
0.52
0.50
0.51
0.52
0.47
0.46
0.50
0.52
0.42
0.38
0.40
0.41
0.35
0.35
0.36
0.36
0.51
0.52
0.50
0.49
CorWatt	PkgWatt
18.05	130.39
0.61	130.40
0.51
0.47
0.46
0.62
3.19
0.62
0.65
0.39
0.48
0.38
0.40
0.51
0.52
0.52
0.52
0.45
0.46
0.50
0.54
0.40
0.39
0.43
0.41
0.37
0.37
0.38
0.38
0.55
0.55
0.52
0.52
CorWatt	PkgWatt
17.62	130.27
0.61	130.27
0.50
0.47
0.44
0.72
3.10
0.61
0.62
0.39
0.42
0.37
0.39
0.50
0.50
0.52
0.51
0.45
0.45
0.50
0.53
0.39
0.38
0.41
0.38
0.35
0.36
0.37
0.36
0.51
0.52
0.50
0.49
CorWatt	PkgWatt
17.91	130.40
0.60	130.40
0.50
0.46
0.44
2.22
1.67
0.63
0.64
0.38
0.44
0.37
0.40
0.51
0.52
0.52
0.51
0.46
0.48
0.51
0.55
0.39
0.38
0.41
0.39
0.39
0.38
0.37
0.37
0.52
0.52
0.50
0.50
CorWatt	PkgWatt
17.88	130.36
0.59	130.36
0.50
0.46
0.49
2.27
1.57
0.61
0.63
0.39
0.45
0.39
0.40
0.50
0.50
0.52
0.52
0.47
0.46
0.51
0.52
0.39
0.40
0.42
0.39
0.35
0.38
0.38
0.37
0.51
0.53
0.50
0.51
CorWatt	PkgWatt
17.41	129.67
0.62	129.68
0.54
0.49
0.52
0.68
2.24
0.58
0.61
0.40
0.43
0.38
0.66
0.51
0.52
0.53
0.52
0.45
0.49
0.49
0.53
0.39
0.38
0.42
0.39
0.39
0.39
0.40
0.38
0.53
0.53
0.51
0.51
CorWatt	PkgWatt
18.02	130.04
0.61	130.04
0.59
0.78
0.51
0.76
0.93
1.06
0.72
0.45
0.50
0.44
0.52
0.56
0.57
0.59
0.58
0.51
0.50
0.53
0.52
0.45
0.44
0.46
0.44
0.44
0.41
0.42
0.47
0.57
0.59
0.56
0.55
CorWatt	PkgWatt
16.33	128.41
0.50	128.40
0.52
0.59
0.45
0.79
0.77
1.28
0.72
0.38
0.43
0.37
0.41
0.51
0.52
0.52
0.52
0.46
0.49
0.48
0.49
0.39
0.39
0.41
0.38
0.41
0.35
0.36
0.43
0.52
0.52
0.50
0.50
CorWatt	PkgWatt
16.28	128.35
0.50	128.34
0.51
0.57
0.44
0.78
0.83
1.28
0.72
0.38
0.43
0.38
0.40
0.50
0.51
0.53
0.52
0.45
0.46
0.48
0.48
0.38
0.39
0.42
0.39
0.39
0.36
0.37
0.42
0.51
0.53
0.50
0.49
CorWatt	PkgWatt
16.66	128.67
0.51	128.68
0.51
0.56
0.45
0.76
0.76
1.33
0.72
0.40
0.45
0.38
0.40
0.51
0.53
0.55
0.53
0.46
0.48
0.47
0.48
0.41
0.41
0.42
0.40
0.40
0.47
0.39
0.43
0.54
0.53
0.51
0.52
CorWatt	PkgWatt
16.50	128.49
0.53	128.50
0.52
0.58
0.45
0.76
0.75
1.33
0.71
0.41
0.43
0.40
0.39
0.50
0.52
0.51
0.51
0.47
0.47
0.47
0.49
0.39
0.38
0.41
0.39
0.42
0.41
0.40
0.41
0.52
0.55
0.50
0.53
CorWatt	PkgWatt
17.61	130.05
0.55	130.05
0.50
0.56
0.45
0.61
0.57
3.06
0.53
0.38
0.48
0.37
0.39
0.50
0.52
0.50
0.52
0.44
0.46
0.46
0.47
0.40
0.38
0.41
0.39
0.41
0.37
0.38
0.42
0.53
0.57
0.50
0.50
CorWatt	PkgWatt
17.59	130.25
0.55	130.24
0.49
0.55
0.44
0.53
0.55
3.38
0.51
0.38
0.43
0.37
0.40
0.50
0.52
0.51
0.51
0.45
0.46
0.47
0.48
0.39
0.38
0.41
0.38
0.39
0.35
0.36
0.41
0.51
0.53
0.50
0.50
CorWatt	PkgWatt
17.84	130.62
0.53	130.62
0.50
0.55
0.46
0.50
0.54
3.39
0.49
0.39
0.44
0.39
0.40
0.54
0.55
0.58
0.55
0.45
0.46
0.46
0.47
0.39
0.38
0.41
0.39
0.39
0.37
0.37
0.40
0.54
0.55
0.51
0.51
CorWatt	PkgWatt
17.60	130.31
0.56	130.32
0.50
0.57
0.45
0.49
0.53
3.38
0.49
0.40
0.45
0.40
0.39
0.50
0.52
0.51
0.52
0.45
0.45
0.47
0.47
0.41
0.38
0.40
0.38
0.39
0.35
0.36
0.40
0.51
0.52
0.50
0.49
CorWatt	PkgWatt
17.61	130.39
0.55	130.39
0.56
0.50
0.46
0.50
0.52
3.38
0.49
0.40
0.42
0.38
0.39
0.52
0.53
0.50
0.52
0.44
0.46
0.46
0.47
0.39
0.38
0.41
0.38
0.38
0.40
0.36
0.40
0.52
0.52
0.50
0.50
CorWatt	PkgWatt
18.06	130.67
0.60	130.68
0.61
0.51
0.50
0.53
0.53
3.38
0.53
0.38
0.43
0.41
0.38
0.52
0.53
0.51
0.55
0.49
0.49
0.51
0.51
0.39
0.38
0.41
0.39
0.40
0.37
0.40
0.40
0.51
0.53
0.50
0.49
CorWatt	PkgWatt
17.87	130.54
0.55	130.54
0.57
0.48
0.47
0.51
0.54
3.39
0.49
0.39
0.45
0.40
0.41
0.53
0.55
0.52
0.52
0.46
0.47
0.46
0.48
0.39
0.38
0.41
0.39
0.39
0.36
0.38
0.42
0.53
0.55
0.51
0.53
CorWatt	PkgWatt
17.57	130.25
0.55	130.25
0.57
0.47
0.49
0.49
0.54
3.38
0.48
0.38
0.43
0.37
0.39
0.51
0.52
0.49
0.51
0.48
0.46
0.50
0.49
0.39
0.38
0.41
0.39
0.38
0.35
0.37
0.40
0.51
0.52
0.50
0.49
CorWatt	PkgWatt
17.52	130.22
0.52	130.23
0.56
0.45
0.47
0.49
0.52
3.38
0.48
0.38
0.44
0.38
0.41
0.51
0.53
0.52
0.52
0.44
0.45
0.46
0.47
0.39
0.38
0.42
0.38
0.39
0.35
0.36
0.41
0.52
0.53
0.50
0.50
CorWatt	PkgWatt
17.51	130.27
0.54	130.27
0.56
0.44
0.47
0.49
0.54
3.39
0.49
0.40
0.43
0.38
0.40
0.50
0.53
0.51
0.52
0.45
0.46
0.47
0.47
0.39
0.38
0.41
0.38
0.39
0.35
0.36
0.41
0.53
0.50
0.50
0.49
CorWatt	PkgWatt
17.98	130.70
0.53	130.71
0.57
0.50
0.49
0.50
0.54
3.38
0.50
0.38
0.47
0.39
0.39
0.51
0.53
0.51
0.52
0.46
0.47
0.47
0.47
0.40
0.38
0.41
0.39
0.41
0.45
0.39
0.41
0.56
0.54
0.53
0.51
CorWatt	PkgWatt
17.55	130.37
0.54	130.36
0.58
0.47
0.45
0.49
0.53
3.38
0.49
0.39
0.43
0.37
0.38
0.50
0.53
0.51
0.52
0.46
0.45
0.47
0.48
0.41
0.39
0.42
0.38
0.39
0.35
0.36
0.40
0.51
0.54
0.50
0.49
CorWatt	PkgWatt
18.08	130.27
0.75	130.29
0.61
0.58
0.52
0.69
0.64
1.22
0.80
0.41
0.47
0.40
0.42
0.54
0.60
0.57
0.56
0.57
0.54
0.55
0.57
0.45
0.77
0.47
0.43
0.44
0.43
0.42
0.45
0.57
0.56
0.55
0.56
CorWatt	PkgWatt
16.90	129.09
0.61	129.07
0.47
0.54
0.50
1.20
1.21
0.85
0.88
0.39
0.43
0.37
0.39
0.50
0.53
0.51
0.52
0.53
0.46
0.48
0.48
0.39
0.38
0.41
0.39
0.40
0.37
0.36
0.36
0.52
0.50
0.50
0.49
CorWatt	PkgWatt
17.12	129.04
0.58	129.04
0.48
0.53
0.48
0.86
1.56
0.86
0.88
0.40
0.45
0.38
0.41
0.51
0.54
0.51
0.53
0.45
0.47
0.47
0.47
0.39
0.41
0.44
0.41
0.40
0.43
0.38
0.37
0.53
0.52
0.52
0.50
CorWatt	PkgWatt
16.76	129.02
0.60	129.02
0.50
0.53
0.46
0.84
1.55
0.84
0.88
0.38
0.43
0.37
0.39
0.50
0.53
0.50
0.51
0.47
0.46
0.48
0.47
0.38
0.38
0.41
0.38
0.39
0.41
0.36
0.37
0.52
0.50
0.50
0.49
CorWatt	PkgWatt
16.91	129.12
0.59	129.13
0.50
0.53
0.46
1.24
1.17
0.84
0.86
0.42
0.45
0.37
0.41
0.51
0.54
0.50
0.53
0.44
0.47
0.46
0.47
0.39
0.38
0.42
0.40
0.39
0.43
0.36
0.36
0.52
0.51
0.50
0.50
CorWatt	PkgWatt
16.98	129.19
0.59	129.19
0.52
0.52
0.47
0.89
1.55
0.84
0.85
0.39
0.43
0.37
0.40
0.53
0.53
0.52
0.52
0.46
0.47
0.48
0.47
0.39
0.40
0.41
0.40
0.39
0.41
0.36
0.35
0.51
0.54
0.52
0.51
CorWatt	PkgWatt
17.52	129.73
0.59	129.73
0.46
0.54
0.49
1.79
0.94
0.92
0.94
0.39
0.43
0.39
0.39
0.54
0.56
0.52
0.53
0.46
0.46
0.48
0.47
0.40
0.40
0.42
0.41
0.40
0.42
0.36
0.37
0.53
0.52
0.51
0.50
CorWatt	PkgWatt
20.19	132.11
0.59	132.10
0.45
0.55
0.54
3.16
1.35
1.34
1.34
0.40
0.43
0.38
0.39
0.53
0.52
0.53
0.53
0.47
0.47
0.50
0.48
0.43
0.39
0.41
0.41
0.41
0.41
0.37
0.37
0.53
0.52
0.51
0.50
CorWatt	PkgWatt
20.10	131.89
0.60	131.89
0.45
0.52
0.49
3.14
1.35
1.34
1.34
0.39
0.47
0.37
0.39
0.51
0.52
0.53
0.52
0.46
0.46
0.48
0.49
0.39
0.38
0.43
0.41
0.41
0.42
0.37
0.37
0.54
0.55
0.52
0.50
CorWatt	PkgWatt
19.95	131.88
0.60	131.88
0.45
0.54
0.50
3.13
1.35
1.34
1.33
0.38
0.43
0.37
0.39
0.50
0.50
0.52
0.52
0.46
0.48
0.50
0.48
0.39
0.39
0.43
0.41
0.41
0.42
0.36
0.36
0.52
0.52
0.50
0.49
CorWatt	PkgWatt
20.13	131.77
0.58	131.76
0.45
0.52
0.49
3.14
1.34
1.34
1.33
0.39
0.43
0.38
0.39
0.51
0.51
0.54
0.52
0.48
0.48
0.50
0.51
0.40
0.39
0.41
0.39
0.42
0.44
0.38
0.36
0.52
0.53
0.51
0.52
CorWatt	PkgWatt
20.03	131.71
0.59	131.71
0.44
0.52
0.48
3.15
1.35
1.34
1.33
0.39
0.45
0.37
0.39
0.51
0.51
0.52
0.52
0.48
0.47
0.48
0.48
0.39
0.40
0.44
0.40
0.39
0.43
0.39
0.38
0.51
0.52
0.50
0.51
CorWatt	PkgWatt
19.90	131.58
0.60	131.57
0.47
0.54
0.49
3.13
1.35
1.34
1.34
0.38
0.43
0.37
0.39
0.51
0.52
0.51
0.52
0.46
0.48
0.46
0.48
0.39
0.39
0.42
0.39
0.39
0.41
0.36
0.36
0.52
0.51
0.50
0.50
CorWatt	PkgWatt
19.88	131.70
0.60	131.70
0.45
0.52
0.48
1.34
3.14
1.34
1.34
0.39
0.43
0.37
0.38
0.50
0.50
0.51
0.53
0.47
0.46
0.49
0.48
0.39
0.39
0.41
0.39
0.40
0.43
0.36
0.35
0.51
0.51
0.50
0.49
CorWatt	PkgWatt
20.09	131.71
0.58	131.71
0.48
0.53
0.50
3.13
1.36
1.34
1.34
0.38
0.43
0.37
0.39
0.52
0.51
0.52
0.52
0.48
0.51
0.48
0.50
0.40
0.39
0.42
0.40
0.40
0.43
0.37
0.36
0.53
0.52
0.51
0.50
CorWatt	PkgWatt
19.90	131.70
0.60	131.69
0.45
0.52
0.49
1.34
3.17
1.34
1.33
0.39
0.42
0.37
0.38
0.50
0.51
0.53
0.51
0.46
0.46
0.47
0.49
0.39
0.38
0.41
0.39
0.39
0.42
0.38
0.37
0.51
0.54
0.50
0.50
CorWatt	PkgWatt
19.95	131.77
0.59	131.77
0.45
0.53
0.47
1.34
3.17
1.35
1.34
0.38
0.43
0.37
0.39
0.50
0.52
0.53
0.51
0.46
0.48
0.46
0.48
0.40
0.39
0.42
0.39
0.39
0.44
0.38
0.35
0.52
0.52
0.50
0.50
CorWatt	PkgWatt
19.06	130.94
0.59	130.95
0.46
0.53
0.51
1.35
2.35
1.14
1.15
0.41
0.43
0.39
0.41
0.50
0.52
0.52
0.52
0.50
0.47
0.47
0.49
0.41
0.38
0.43
0.40
0.42
0.42
0.39
0.38
0.54
0.56
0.50
0.53
CorWatt	PkgWatt
20.58	134.91
0.64	134.93
0.54
0.58
0.57
0.61
0.57
0.56
0.60
0.45
0.52
0.44
0.46
0.60
0.58
0.58
0.61
0.51
0.53
0.51
0.53
0.46
0.44
0.47
0.44
0.48
0.84
3.07
0.46
0.61
0.62
0.59
1.14
CorWatt	PkgWatt
20.16	137.65
0.53	137.66
0.45
0.50
0.49
0.55
0.52
0.50
0.50
0.37
0.42
0.36
0.40
0.50
0.50
0.49
0.51
0.45
0.47
0.48
0.47
0.39
0.38
0.41
0.38
0.43
0.44
5.74
0.36
0.52
0.53
0.52
0.61
CorWatt	PkgWatt
20.35	138.04
0.52	138.01
0.46
0.52
0.49
0.55
0.49
0.48
0.50
0.38
0.45
0.39
0.40
0.53
0.52
0.54
0.55
0.46
0.46
0.47
0.47
0.39
0.38
0.41
0.38
0.40
0.44
5.73
0.37
0.54
0.56
0.52
0.61
CorWatt	PkgWatt
20.22	137.73
0.55	137.73
0.46
0.55
0.47
0.52
0.49
0.48
0.48
0.39
0.45
0.39
0.38
0.50
0.51
0.51
0.52
0.46
0.46
0.47
0.48
0.40
0.38
0.41
0.38
0.40
0.44
5.74
0.37
0.52
0.54
0.52
0.61
CorWatt	PkgWatt
21.07	138.49
0.56	138.50
0.49
0.56
0.52
0.53
0.52
0.51
0.52
0.40
0.46
0.41
0.42
0.54
0.54
0.52
0.55
0.48
0.51
0.49
0.51
0.40
0.41
0.41
0.39
0.45
0.49
5.75
0.41
0.57
0.56
0.55
0.64
CorWatt	PkgWatt
20.26	137.92
0.60	137.91
0.45
0.53
0.49
0.49
0.49
0.49
0.48
0.38
0.43
0.37
0.38
0.53
0.52
0.50
0.51
0.47
0.47
0.48
0.48
0.39
0.38
0.41
0.38
0.40
0.44
5.76
0.37
0.52
0.53
0.52
0.62
CorWatt	PkgWatt
20.27	137.85
0.56	137.85
0.45
0.52
0.46
0.50
0.50
0.49
0.49
0.37
0.45
0.38
0.40
0.53
0.53
0.50
0.51
0.47
0.46
0.46
0.48
0.39
0.38
0.41
0.39
0.40
0.43
5.74
0.38
0.55
0.53
0.52
0.64
CorWatt	PkgWatt
20.40	138.23
0.57	138.23
0.44
0.54
0.45
0.49
0.50
0.49
0.50
0.39
0.42
0.37
0.38
0.52
0.50
0.50
0.52
0.49
0.46
0.49
0.50
0.39
0.38
0.41
0.39
0.40
0.43
5.74
0.37
0.57
0.57
0.57
0.64
CorWatt	PkgWatt
20.83	138.28
0.56	138.28
0.47
0.56
0.48
0.51
0.53
0.50
0.53
0.42
0.47
0.39
0.40
0.51
0.51
0.54
0.55
0.50
0.47
0.47
0.48
0.43
0.39
0.41
0.40
0.43
0.47
5.74
0.39
0.56
0.57
0.57
0.61
CorWatt	PkgWatt
20.41	138.11
0.56	138.10
0.45
0.53
0.47
0.50
0.50
0.50
0.49
0.38
0.44
0.38
0.41
0.51
0.51
0.50
0.52
0.48
0.48
0.48
0.48
0.41
0.39
0.42
0.40
0.43
0.45
5.74
0.38
0.55
0.53
0.53
0.62
CorWatt	PkgWatt
20.58	138.33
0.55	138.33
0.47
0.56
0.49
0.49
0.50
0.50
0.51
0.38
0.47
0.39
0.38
0.52
0.51
0.51
0.51
0.46
0.47
0.46
0.48
0.40
0.38
0.40
0.39
0.47
0.45
5.75
0.38
0.61
0.58
0.55
0.62
CorWatt	PkgWatt
20.18	137.89
0.56	137.88
0.44
0.53
0.47
0.49
0.50
0.48
0.48
0.38
0.43
0.37
0.38
0.50
0.50
0.50
0.52
0.46
0.47
0.47
0.48
0.41
0.41
0.43
0.39
0.40
0.44
5.74
0.38
0.53
0.52
0.52
0.61
CorWatt	PkgWatt
20.34	138.17
0.55	138.18
0.44
0.54
0.46
0.49
0.50
0.49
0.49
0.38
0.44
0.37
0.38
0.51
0.51
0.49
0.52
0.48
0.47
0.48
0.50
0.40
0.39
0.41
0.39
0.44
0.47
5.74
0.38
0.55
0.52
0.52
0.62
CorWatt	PkgWatt
20.34	138.12
0.57	138.11
0.48
0.53
0.48
0.50
0.50
0.49
0.49
0.38
0.44
0.37
0.38
0.50
0.51
0.49
0.51
0.46
0.47
0.48
0.49
0.40
0.39
0.42
0.40
0.45
0.45
5.75
0.38
0.53
0.53
0.51
0.61
CorWatt	PkgWatt
20.70	138.51
0.55	138.53
0.48
0.53
0.47
0.52
0.52
0.51
0.50
0.43
0.47
0.37
0.40
0.51
0.52
0.49
0.53
0.47
0.48
0.50
0.52
0.42
0.43
0.43
0.42
0.40
0.43
5.74
0.40
0.66
0.54
0.52
0.52
CorWatt	PkgWatt
20.22	138.08
0.54	138.07
0.47
0.53
0.51
0.49
0.50
0.49
0.49
0.38
0.44
0.36
0.42
0.50
0.50
0.50
0.51
0.47
0.47
0.52
0.49
0.39
0.39
0.41
0.40
0.37
0.39
5.75
0.37
0.65
0.51
0.52
0.50
CorWatt	PkgWatt
20.37	138.15
0.53	138.16
0.45
0.52
0.49
0.49
0.51
0.49
0.49
0.40
0.45
0.37
0.43
0.51
0.51
0.50
0.52
0.46
0.47
0.50
0.48
0.40
0.39
0.43
0.41
0.43
0.41
5.75
0.38
0.64
0.52
0.52
0.52
CorWatt	PkgWatt
19.70	133.99
0.62	134.00
0.53
0.59
0.73
0.57
0.57
0.57
0.81
0.48
0.52
0.44
0.48
0.57
0.58
0.58
0.58
0.51
0.53
0.55
0.53
0.46
0.47
0.80
0.48
0.46
0.49
2.28
0.44
0.69
0.60
0.59
0.60
CorWatt	PkgWatt
17.99	131.03
0.57	131.02
0.46
0.54
0.61
0.57
0.53
0.53
3.25
0.39
0.45
0.39
0.39
0.53
0.54
0.51
0.55
0.46
0.47
0.50
0.50
0.40
0.41
0.42
0.42
0.37
0.37
0.40
0.37
0.53
0.52
0.52
0.52
CorWatt	PkgWatt
17.98	130.88
0.56	130.86
0.46
0.53
0.62
0.57
0.52
0.52
3.20
0.40
0.46
0.38
0.40
0.54
0.52
0.50
0.54
0.49
0.48
0.50
0.53
0.44
0.39
0.42
0.42
0.38
0.37
0.37
0.37
0.52
0.53
0.52
0.52
CorWatt	PkgWatt
18.00	130.91
0.54	130.94
0.47
0.52
0.59
0.56
0.54
0.52
3.19
0.39
0.49
0.38
0.40
0.51
0.52
0.50
0.52
0.46
0.47
0.52
0.54
0.41
0.40
0.44
0.42
0.38
0.38
0.40
0.38
0.55
0.54
0.54
0.52
CorWatt	PkgWatt
17.63	130.79
0.54	130.77
0.45
0.53
0.58
3.19
0.52
0.52
0.61
0.39
0.45
0.38
0.38
0.50
0.51
0.50
0.52
0.46
0.47
0.50
0.54
0.39
0.39
0.41
0.39
0.36
0.36
0.37
0.36
0.52
0.51
0.51
0.51
CorWatt	PkgWatt
17.86	130.75
0.55	130.76
0.46
0.52
0.58
3.19
0.54
0.53
0.59
0.38
0.45
0.38
0.38
0.51
0.52
0.51
0.53
0.47
0.49
0.52
0.54
0.40
0.39
0.41
0.40
0.44
0.36
0.38
0.37
0.52
0.51
0.52
0.51
CorWatt	PkgWatt
17.77	130.66
0.61	130.66
0.49
0.52
0.48
3.20
0.52
0.52
0.59
0.38
0.46
0.38
0.40
0.50
0.51
0.50
0.52
0.48
0.47
0.51
0.53
0.39
0.40
0.43
0.40
0.36
0.38
0.38
0.38
0.51
0.50
0.51
0.53
CorWatt	PkgWatt
17.79	130.66
0.60	130.66
0.51
0.54
0.48
3.19
0.52
0.52
0.58
0.40
0.46
0.39
0.39
0.51
0.53
0.51
0.53
0.46
0.48
0.50
0.52
0.40
0.40
0.41
0.40
0.38
0.37
0.39
0.36
0.53
0.52
0.51
0.51
CorWatt	PkgWatt
17.61	130.67
0.61	130.68
0.49
0.54
0.46
3.19
0.52
0.52
0.57
0.38
0.45
0.38
0.39
0.51
0.51
0.50
0.52
0.48
0.48
0.52
0.53
0.39
0.39
0.41
0.39
0.37
0.36
0.37
0.36
0.51
0.50
0.50
0.50
CorWatt	PkgWatt
17.65	130.57
0.59	130.56
0.50
0.53
0.46
3.19
0.54
0.52
0.57
0.39
0.45
0.38
0.38
0.51
0.52
0.50
0.53
0.46
0.50
0.50
0.54
0.40
0.39
0.41
0.39
0.37
0.36
0.38
0.36
0.52
0.50
0.50
0.51
CorWatt	PkgWatt
17.68	130.46
0.60	130.46
0.49
0.54
0.46
3.20
0.52
0.52
0.56
0.38
0.46
0.38
0.39
0.50
0.52
0.52
0.53
0.46
0.47
0.51
0.53
0.39
0.40
0.41
0.39
0.37
0.38
0.38
0.38
0.52
0.52
0.50
0.50
CorWatt	PkgWatt
17.79	130.68
0.59	130.68
0.46
0.54
0.52
3.19
0.52
0.52
0.57
0.39
0.46
0.38
0.39
0.51
0.52
0.51
0.52
0.46
0.49
0.49
0.54
0.40
0.39
0.42
0.40
0.38
0.38
0.41
0.36
0.53
0.52
0.51
0.51
CorWatt	PkgWatt
17.83	130.79
0.62	130.79
0.46
0.54
0.51
3.18
0.52
0.51
0.57
0.41
0.44
0.39
0.39
0.50
0.51
0.51
0.52
0.48
0.48
0.50
0.54
0.42
0.38
0.43
0.41
0.39
0.37
0.38
0.36
0.52
0.55
0.50
0.54
CorWatt	PkgWatt
17.74	130.58
0.59	130.58
0.45
0.54
0.51
3.19
0.52
0.51
0.58
0.38
0.47
0.38
0.38
0.50
0.52
0.50
0.52
0.46
0.47
0.49
0.52
0.42
0.39
0.41
0.39
0.37
0.38
0.40
0.37
0.54
0.54
0.50
0.52
CorWatt	PkgWatt
17.60	130.63
0.60	130.62
0.45
0.52
0.52
3.20
0.54
0.53
0.58
0.39
0.44
0.38
0.40
0.50
0.51
0.51
0.54
0.46
0.47
0.49
0.52
0.39
0.38
0.42
0.40
0.36
0.36
0.37
0.35
0.51
0.50
0.50
0.50
CorWatt	PkgWatt
17.88	130.64
0.60	130.65
0.45
0.52
0.51
3.19
0.52
0.52
0.58
0.39
0.46
0.42
0.41
0.54
0.53
0.55
0.55
0.46
0.47
0.51
0.52
0.40
0.39
0.41
0.40
0.38
0.37
0.38
0.36
0.54
0.53
0.51
0.52
CorWatt	PkgWatt
17.68	130.64
0.62	130.64
0.47
0.53
0.52
3.19
0.52
0.51
0.56
0.40
0.47
0.40
0.38
0.50
0.52
0.52
0.53
0.46
0.46
0.50
0.53
0.40
0.39
0.42
0.39
0.35
0.36
0.37
0.36
0.52
0.50
0.50
0.50
CorWatt	PkgWatt
17.57	130.54
0.60	130.54
0.46
0.56
0.52
3.11
0.52
0.51
0.57
0.40
0.45
0.38
0.39
0.51
0.52
0.50
0.52
0.46
0.47
0.49
0.52
0.40
0.38
0.41
0.39
0.37
0.36
0.38
0.37
0.54
0.51
0.51
0.51
CorWatt	PkgWatt
18.73	130.84
0.65	130.86
0.57
0.61
0.58
0.60
0.59
0.58
0.65
1.02
0.53
0.45
0.46
0.73
0.72
0.72
1.12
0.52
0.54
0.55
0.54
0.46
0.45
0.48
0.46
0.47
0.49
0.46
0.45
0.60
0.56
0.57
0.58
CorWatt	PkgWatt
17.07	129.14
0.51	129.14
0.49
0.54
0.50
0.56
0.51
0.49
0.58
0.52
0.47
0.41
0.45
0.92
0.81
0.79
1.34
0.46
0.48
0.50
0.48
0.40
0.38
0.42
0.40
0.37
0.42
0.39
0.38
0.54
0.52
0.52
0.54
CorWatt	PkgWatt
16.68	129.10
0.52	129.09
0.46
0.53
0.49
0.55
0.50
0.48
0.55
0.50
0.44
0.38
0.39
0.81
0.79
0.77
1.42
0.48
0.47
0.52
0.50
0.39
0.38
0.42
0.40
0.36
0.41
0.37
0.36
0.52
0.50
0.51
0.51
CorWatt	PkgWatt
16.71	128.90
0.49	128.91
0.46
0.52
0.48
0.54
0.50
0.49
0.53
0.51
0.48
0.40
0.41
0.81
1.26
0.78
0.99
0.46
0.46
0.49
0.50
0.40
0.39
0.43
0.39
0.36
0.41
0.37
0.36
0.52
0.52
0.50
0.51
CorWatt	PkgWatt
16.57	128.80
0.50	128.79
0.46
0.52
0.46
0.54
0.50
0.49
0.49
0.50
0.46
0.38
0.41
0.80
1.43
0.77
0.79
0.47
0.47
0.50
0.54
0.39
0.38
0.42
0.39
0.39
0.36
0.37
0.35
0.51
0.51
0.50
0.51
CorWatt	PkgWatt
18.02	129.95
0.53	129.96
0.47
0.56
0.49
0.53
0.53
0.51
0.51
0.51
0.50
0.41
0.40
0.94
1.89
0.90
0.92
0.47
0.47
0.50
0.55
0.43
0.39
0.42
0.40
0.41
0.39
0.40
0.37
0.58
0.55
0.54
0.53
CorWatt	PkgWatt
19.71	131.78
0.53	131.78
0.44
0.53
0.46
0.49
0.57
0.48
0.50
0.49
0.46
0.39
0.42
1.21
3.28
1.19
1.21
0.46
0.47
0.49
0.54
0.41
0.40
0.42
0.39
0.36
0.36
0.37
0.36
0.52
0.51
0.51
0.51
CorWatt	PkgWatt
19.85	131.73
0.53	131.73
0.44
0.54
0.45
0.49
0.55
0.48
0.49
0.51
0.45
0.38
0.40
1.25
3.26
1.24
1.26
0.48
0.46
0.51
0.55
0.40
0.39
0.41
0.39
0.37
0.36
0.38
0.36
0.53
0.51
0.51
0.51
CorWatt	PkgWatt
19.80	131.80
0.55	131.79
0.46
0.54
0.46
0.49
0.54
0.49
0.49
0.50
0.45
0.38
0.40
1.26
3.23
1.24
1.30
0.46
0.46
0.50
0.53
0.39
0.38
0.41
0.39
0.36
0.36
0.37
0.36
0.52
0.51
0.51
0.51
CorWatt	PkgWatt
19.98	131.86
0.52	131.87
0.45
0.53
0.45
0.53
0.54
0.51
0.49
0.50
0.48
0.39
0.41
1.22
1.23
1.20
3.27
0.47
0.48
0.49
0.53
0.40
0.40
0.42
0.41
0.39
0.38
0.39
0.38
0.53
0.54
0.52
0.52
CorWatt	PkgWatt
19.84	131.77
0.53	131.77
0.46
0.53
0.48
0.54
0.50
0.49
0.49
0.49
0.46
0.38
0.40
1.25
1.27
1.24
3.26
0.47
0.46
0.50
0.54
0.39
0.38
0.41
0.39
0.37
0.36
0.37
0.36
0.52
0.51
0.51
0.51
CorWatt	PkgWatt
19.85	131.88
0.52	131.88
0.45
0.52
0.46
0.53
0.49
0.48
0.49
0.52
0.46
0.39
0.40
1.26
1.27
1.24
3.26
0.45
0.47
0.49
0.52
0.40
0.39
0.42
0.40
0.38
0.36
0.37
0.36
0.53
0.51
0.51
0.52
CorWatt	PkgWatt
19.84	131.81
0.53	131.81
0.44
0.53
0.45
0.54
0.50
0.50
0.50
0.49
0.46
0.38
0.40
1.26
1.27
1.25
3.26
0.47
0.47
0.50
0.53
0.39
0.40
0.42
0.41
0.36
0.37
0.36
0.36
0.52
0.51
0.51
0.51
CorWatt	PkgWatt
19.93	131.84
0.51	131.85
0.45
0.54
0.47
0.53
0.50
0.49
0.52
0.49
0.47
0.40
0.40
1.24
1.25
1.23
3.25
0.47
0.47
0.50
0.52
0.40
0.40
0.42
0.41
0.37
0.37
0.38
0.36
0.54
0.52
0.52
0.53
CorWatt	PkgWatt
19.82	131.69
0.53	131.70
0.44
0.52
0.49
0.52
0.50
0.48
0.49
0.51
0.44
0.38
0.42
1.24
1.93
1.22
2.57
0.47
0.47
0.50
0.54
0.41
0.38
0.42
0.41
0.40
0.36
0.37
0.37
0.52
0.51
0.51
0.51
CorWatt	PkgWatt
20.06	131.91
0.52	131.91
0.45
0.52
0.46
0.54
0.54
0.48
0.50
0.49
0.49
0.38
0.40
1.26
1.97
1.24
2.54
0.45
0.46
0.50
0.55
0.41
0.38
0.43
0.40
0.38
0.38
0.38
0.38
0.55
0.54
0.54
0.52
CorWatt	PkgWatt
19.79	131.90
0.54	131.89
0.45
0.51
0.46
0.54
0.50
0.49
0.49
0.50
0.44
0.39
0.41
1.26
3.25
1.24
1.27
0.46
0.46
0.49
0.53
0.39
0.38
0.41
0.39
0.36
0.37
0.37
0.37
0.52
0.51
0.52
0.51
CorWatt	PkgWatt
19.71	131.39
0.60	131.42
0.59
0.67
0.58
0.66
0.63
0.64
0.65
0.53
0.47
0.40
0.44
0.95
1.84
0.87
1.01
0.54
0.56
0.63
0.65
0.44
0.44
0.49
0.43
0.49
0.39
0.38
0.41
0.56
0.53
0.61
0.63
