CorWatt	PkgWatt
16.07	130.02
0.57	130.01
0.55
0.53
0.50
0.55
0.57
0.57
0.55
0.48
0.47
0.42
0.46
0.55
0.61
0.60
0.67
0.50
0.50
0.48
0.50
0.42
0.41
0.41
0.45
0.40
0.38
0.39
0.38
0.57
0.56
0.56
0.54
CorWatt	PkgWatt
15.53	129.55
0.59	129.54
0.51
0.52
0.46
0.53
0.52
0.52
0.56
0.49
0.45
0.41
0.43
0.55
0.56
0.55
0.58
0.49
0.49
0.48
0.48
0.42
0.40
0.41
0.45
0.39
0.38
0.39
0.39
0.55
0.53
0.55
0.52
CorWatt	PkgWatt
70.42	166.56
0.93	190.27
2.31
2.37
2.34
2.38
2.36
2.37
2.33
2.35
3.91
2.38
2.35
2.48
2.49
2.67
2.51
2.36
2.36
2.15
2.17
2.33
2.32
2.09
2.11
2.34
2.31
2.10
2.10
2.57
2.60
2.36
2.33
