CorWatt	PkgWatt
16.02	129.85
0.57	129.85
0.49
0.54
0.49
0.56
0.57
0.55
0.54
0.57
0.48
0.44
0.45
0.55
0.58
0.60
0.57
0.49
0.50
0.49
0.49
0.43
0.43
0.42
0.42
0.43
0.39
0.41
0.39
0.56
0.54
0.54
0.55
CorWatt	PkgWatt
15.41	128.34
0.56	129.10
0.48
0.54
0.47
0.60
0.56
0.52
0.54
0.42
0.46
0.44
0.42
0.54
0.53
0.58
0.54
0.47
0.48
0.48
0.48
0.41
0.40
0.39
0.41
0.41
0.38
0.39
0.37
0.56
0.53
0.53
0.52
CorWatt	PkgWatt
69.27	165.20
0.93	188.27
2.23
2.31
2.27
2.37
2.38
2.36
2.40
2.42
2.26
2.28
2.23
2.43
2.44
2.44
2.46
2.35
2.35
3.69
2.20
2.32
2.30
2.10
2.08
2.33
2.27
2.09
2.08
2.52
2.47
2.29
2.28
