CorWatt	PkgWatt
15.03	127.12
0.51	127.12
0.49
0.51
0.43
0.49
0.49
0.49
0.50
0.40
0.43
0.39
0.37
0.50
0.51
0.53
0.54
0.58
0.55
0.58
0.48
0.41
0.40
0.41
0.41
0.36
0.37
0.38
0.35
0.53
0.51
0.59
0.52
CorWatt	PkgWatt
14.81	126.43
0.51	127.03
0.47
0.52
0.43
0.49
0.49
0.49
0.48
0.39
0.43
0.38
0.38
0.52
0.51
0.52
0.53
0.53
0.57
0.53
0.51
0.41
0.42
0.42
0.40
0.36
0.36
0.37
0.36
0.52
0.51
0.54
0.50
CorWatt	PkgWatt
17.57	129.83
0.62	129.23
0.57
0.67
0.53
0.59
0.59
0.59
0.57
0.46
0.53
0.49
0.45
0.69
0.68
0.70
0.68
0.55
0.61
0.57
0.55
0.42
0.41
0.44
0.45
0.43
0.43
0.41
0.40
0.59
0.60
0.64
0.61
CorWatt	PkgWatt
14.80	127.00
0.50	126.95
0.44
0.54
0.43
0.51
0.52
0.49
0.49
0.41
0.47
0.46
0.44
0.53
0.54
0.49
0.53
0.47
0.46
0.48
0.46
0.42
0.41
0.38
0.38
0.35
0.35
0.37
0.37
0.53
0.55
0.52
0.51
