CorWatt	PkgWatt
5.20	153.94
0.10	76.73
0.10
0.09
0.09
0.09
0.09
0.09
0.09
0.08
0.09
0.08
0.08
0.08
0.08
0.08
0.08
0.09
0.09
0.09
0.09
0.10
0.09
0.09
0.09
0.08
0.08
0.08
0.08
0.09
0.09
0.08
0.08
0.09	76.20
0.08
0.08
0.08
0.08
0.08
0.08
0.08
0.07
0.07
0.06
0.07
0.07
0.07
0.07
0.07
0.08
0.08
0.08
0.15
0.08
0.08
0.08
0.08
0.07
0.07
0.07
0.07
0.07
0.06
0.06
0.07
CorWatt	PkgWatt
4.77	151.68
0.09	76.16
0.10
0.09
0.08
0.09
0.08
0.08
0.09
0.09
0.08
0.08
0.08
0.08
0.09
0.08
0.08
0.08
0.10
0.08
0.08
0.15
0.08
0.08
0.08
0.08
0.08
0.12
0.09
0.09
0.09
0.08
0.08
0.07	75.45
0.07
0.07
0.07
0.07
0.07
0.07
0.07
0.05
0.05
0.05
0.05
0.06
0.06
0.06
0.06
0.07
0.07
0.07
0.07
0.07
0.07
0.07
0.07
0.06
0.06
0.06
0.06
0.05
0.05
0.05
0.05
CorWatt	PkgWatt
72.34	252.68
0.55	125.36
1.18
1.16
1.26
1.11
1.10
1.04
1.06
1.06
1.04
1.04
1.04
1.17
1.16
1.11
1.14
1.11
1.08
1.08
1.08
1.08
1.08
1.02
1.03
1.07
1.06
1.07
1.09
1.05
1.06
1.00
1.00
1.19	138.97
1.15
1.14
1.23
1.20
1.21
1.16
1.33
1.31
1.23
1.17
1.19
1.35
1.22
1.26
1.16
1.28
1.33
2.79
1.23
1.26
1.24
1.21
1.18
1.22
1.21
1.33
1.28
1.32
1.27
1.21
1.23
CorWatt	PkgWatt
155.51	386.77
0.39	181.13
2.52
2.58
2.51
2.38
2.38
2.22
2.21
2.37
2.33
2.31
2.34
2.39
2.35
2.19
2.15
2.37
2.35
2.36
2.34
2.35
2.36
2.18
2.18
2.37
2.33
2.35
2.31
2.29
2.32
2.12
2.12
2.44	189.12
2.40
2.38
2.36
2.44
2.41
2.22
2.22
2.48
2.46
2.44
2.46
2.48
2.44
2.26
2.25
2.42
2.37
3.65
2.42
2.44
2.44
2.26
2.24
2.45
2.40
2.43
2.41
2.42
2.41
2.21
2.12
