CorWatt	PkgWatt
16.18	130.08
0.57	130.09
0.52
0.52
0.50
0.56
0.57
0.55
0.60
0.48
0.47
0.41
0.44
0.57
0.58
0.57
0.70
0.49
0.51
0.48
0.50
0.43
0.42
0.41
0.45
0.40
0.40
0.40
0.40
0.57
0.58
0.56
0.56
CorWatt	PkgWatt
15.84	129.66
0.56	129.66
0.50
0.51
0.49
0.56
0.55
0.54
0.60
0.46
0.48
0.42
0.41
0.56
0.54
0.55
0.54
0.51
0.53
0.50
0.50
0.44
0.42
0.40
0.47
0.40
0.39
0.39
0.38
0.58
0.57
0.55
0.55
CorWatt	PkgWatt
68.59	160.28
0.92	187.59
2.27
2.29
2.28
2.32
2.34
2.34
2.30
2.33
2.31
2.31
2.29
2.43
4.10
2.43
2.48
2.34
2.37
2.20
2.21
2.30
2.28
2.07
2.07
2.28
2.24
2.06
2.08
2.46
2.45
2.28
2.27
