CorWatt	PkgWatt
15.47	128.17
0.51	128.17
0.45
0.51
0.45
0.52
0.53
0.51
0.50
0.41
0.45
0.42
0.39
0.55
0.53
0.54
0.53
0.50
0.49
0.47
0.49
0.44
0.45
0.41
0.42
0.38
0.37
0.38
0.40
0.65
0.67
0.56
0.59
CorWatt	PkgWatt
15.12	127.92
0.51	127.95
0.46
0.53
0.45
0.50
0.52
0.52
0.51
0.38
0.44
0.39
0.38
0.52
0.52
0.52
0.52
0.50
0.48
0.47
0.48
0.43
0.43
0.40
0.42
0.38
0.39
0.37
0.38
0.65
0.57
0.52
0.59
CorWatt	PkgWatt
17.92	130.02
0.56	130.00
0.48
0.55
0.52
0.55
0.53
0.53
0.60
0.47
0.48
0.46
0.43
0.64
0.67
0.62
0.63
0.52
0.54
0.57
0.57
0.50
0.51
0.46
0.50
0.54
0.53
0.53
0.55
0.78
0.66
0.72
0.69
CorWatt	PkgWatt
15.53	128.20
0.50	128.15
0.45
0.51
0.48
0.51
0.51
0.50
0.50
0.44
0.45
0.40
0.39
0.52
0.54
0.51
0.53
0.57
0.53
0.53
0.54
0.46
0.43
0.40
0.42
0.39
0.41
0.46
0.43
0.60
0.52
0.53
0.57
