CorWatt	PkgWatt
4.32	150.97
0.08	75.95
0.08
0.08
0.09
0.08
0.08
0.08
0.08
0.08
0.08
0.09
0.07
0.07
0.07
0.07
0.07
0.08
0.08
0.08
0.08
0.09
0.08
0.08
0.08
0.08
0.08
0.08
0.08
0.07
0.07
0.08
0.07
0.06	75.05
0.06
0.06
0.06
0.07
0.07
0.06
0.06
0.05
0.05
0.05
0.05
0.05
0.05
0.05
0.05
0.06
0.06
0.05
0.06
0.06
0.06
0.06
0.06
0.05
0.06
0.05
0.05
0.05
0.05
0.05
0.05
CorWatt	PkgWatt
4.56	151.35
0.08	76.34
0.08
0.09
0.08
0.08
0.09
0.10
0.08
0.08
0.08
0.08
0.07
0.16
0.07
0.08
0.07
0.09
0.09
0.08
0.08
0.11
0.09
0.08
0.08
0.09
0.08
0.08
0.10
0.07
0.09
0.08
0.07
0.06	75.12
0.06
0.06
0.06
0.06
0.06
0.06
0.06
0.05
0.05
0.05
0.05
0.05
0.05
0.05
0.05
0.06
0.06
0.05
0.06
0.06
0.06
0.06
0.06
0.05
0.06
0.05
0.05
0.05
0.05
0.06
0.05
