CorWatt	PkgWatt
15.68	128.24
0.52	128.25
0.50
0.49
0.50
0.54
0.56
0.52
0.51
0.47
0.48
0.45
0.42
0.55
0.59
0.52
0.57
0.48
0.50
0.47
0.49
0.43
0.43
0.45
0.44
0.41
0.43
0.39
0.38
0.55
0.53
0.54
0.58
CorWatt	PkgWatt
14.82	127.36
0.58	127.57
0.47
0.46
0.46
0.51
0.56
0.49
0.51
0.46
0.45
0.38
0.40
0.50
0.56
0.50
0.55
0.44
0.46
0.45
0.47
0.40
0.40
0.42
0.39
0.38
0.36
0.38
0.40
0.51
0.51
0.51
0.49
CorWatt	PkgWatt
68.18	183.18
0.96	182.93
2.18
2.19
2.17
2.24
2.27
2.28
2.22
2.16
2.16
2.15
3.56
2.19
2.23
2.25
2.27
2.12
2.12
1.95
2.01
2.11
2.05
2.13
1.88
2.07
2.03
1.82
1.88
2.22
2.20
2.05
2.02
