CorWatt	PkgWatt
15.14	126.99
0.57	126.98
0.44
0.47
0.43
0.51
0.52
0.60
0.51
0.42
0.45
0.41
0.41
0.53
0.54
0.58
0.58
0.46
0.48
0.51
0.48
0.41
0.41
0.43
0.41
0.36
0.37
0.36
0.35
0.53
0.52
0.54
0.54
CorWatt	PkgWatt
14.42	126.55
0.57	126.64
0.44
0.45
0.42
0.48
0.48
0.50
0.47
0.38
0.45
0.39
0.38
0.51
0.52
0.59
0.54
0.44
0.45
0.49
0.45
0.40
0.38
0.38
0.38
0.36
0.36
0.36
0.35
0.52
0.53
0.51
0.50
CorWatt	PkgWatt
61.90	174.71
1.04	174.70
1.95
1.97
1.96
2.03
2.03
2.04
3.42
1.94
1.96
1.90
2.12
2.10
2.05
2.16
2.17
1.93
1.90
1.75
1.80
1.87
1.87
1.73
1.76
1.76
1.75
1.62
1.66
2.00
1.96
1.87
1.84
CorWatt	PkgWatt
47.89	162.19
0.62	162.15
1.54
1.57
1.56
1.63
1.61
1.60
2.29
1.50
1.49
1.46
1.44
1.60
1.59
1.64
1.64
1.52
1.54
1.39
1.40
1.49
1.46
1.37
1.35
1.42
1.41
1.28
1.28
1.62
1.60
1.50
1.48
