CorWatt	PkgWatt
15.33	127.51
0.51	127.50
0.47
0.50
0.50
0.52
0.51
0.52
0.52
0.51
0.50
0.44
0.44
0.53
0.55
0.54
0.54
0.47
0.47
0.48
0.48
0.41
0.40
0.41
0.40
0.39
0.38
0.42
0.37
0.54
0.53
0.53
0.54
CorWatt	PkgWatt
14.89	127.05
0.54	127.25
0.50
0.50
0.49
0.53
0.49
0.49
0.52
0.43
0.49
0.39
0.45
0.51
0.51
0.52
0.53
0.45
0.46
0.47
0.46
0.39
0.38
0.39
0.38
0.37
0.38
0.43
0.39
0.51
0.53
0.51
0.49
CorWatt	PkgWatt
20.56	132.24
0.67	132.09
0.72
0.69
0.61
0.65
0.69
0.67
0.70
0.62
0.61
0.49
0.58
0.65
0.60
0.57
0.72
0.56
0.72
0.59
0.67
0.52
0.56
0.51
0.61
0.63
0.64
0.61
0.59
0.74
0.80
0.77
0.79
CorWatt	PkgWatt
15.79	128.00
0.50	127.97
0.45
0.52
0.48
0.53
0.53
0.55
0.57
0.46
0.55
0.41
0.46
0.53
0.54
0.53
0.56
0.50
0.48
0.50
0.47
0.41
0.38
0.40
0.42
0.37
0.48
0.43
0.40
0.59
0.59
0.61
0.59
CorWatt	PkgWatt
15.80	127.98
0.52	127.98
0.51
0.49
0.52
0.57
0.49
0.49
0.49
0.45
0.51
0.49
0.45
0.55
0.56
0.60
0.57
0.45
0.46
0.53
0.48
0.44
0.39
0.41
0.39
0.43
0.43
0.41
0.41
0.58
0.61
0.57
0.54
CorWatt	PkgWatt
16.57	128.46
0.53	128.47
0.47
0.48
0.50
0.56
0.52
0.53
0.52
0.50
0.57
0.49
0.52
0.61
0.60
0.55
0.60
0.47
0.51
0.53
0.54
0.43
0.42
0.44
0.45
0.45
0.53
0.49
0.46
0.56
0.64
0.57
0.54
CorWatt	PkgWatt
16.13	128.31
0.58	128.30
0.50
0.50
0.56
0.54
0.59
0.59
0.52
0.42
0.53
0.43
0.50
0.52
0.55
0.53
0.52
0.47
0.48
0.51
0.52
0.44
0.41
0.45
0.42
0.45
0.44
0.43
0.45
0.56
0.56
0.58
0.57
CorWatt	PkgWatt
15.72	127.86
0.50	127.86
0.50
0.50
0.53
0.55
0.54
0.54
0.54
0.40
0.55
0.38
0.44
0.54
0.52
0.56
0.56
0.44
0.49
0.48
0.47
0.43
0.47
0.44
0.41
0.40
0.38
0.48
0.42
0.59
0.57
0.57
0.54
CorWatt	PkgWatt
15.49	127.81
0.55	127.81
0.48
0.51
0.54
0.51
0.61
0.55
0.53
0.41
0.54
0.39
0.43
0.50
0.56
0.55
0.54
0.46
0.47
0.50
0.49
0.41
0.39
0.43
0.40
0.41
0.40
0.41
0.37
0.56
0.52
0.55
0.53
CorWatt	PkgWatt
15.68	127.78
0.53	127.78
0.48
0.51
0.50
0.52
0.51
0.49
0.50
0.42
0.56
0.42
0.45
0.57
0.55
0.54
0.57
0.44
0.50
0.50
0.47
0.42
0.39
0.42
0.43
0.41
0.36
0.49
0.41
0.58
0.58
0.58
0.55
CorWatt	PkgWatt
16.00	128.21
0.55	128.21
0.49
0.51
0.50
0.54
0.50
0.55
0.50
0.42
0.56
0.48
0.48
0.63
0.57
0.56
0.57
0.53
0.50
0.55
0.51
0.41
0.40
0.43
0.43
0.42
0.40
0.41
0.40
0.59
0.56
0.52
0.53
CorWatt	PkgWatt
15.63	127.82
0.55	127.82
0.48
0.53
0.53
0.55
0.54
0.53
0.53
0.46
0.52
0.42
0.46
0.60
0.56
0.54
0.56
0.49
0.47
0.51
0.49
0.39
0.38
0.42
0.40
0.39
0.39
0.43
0.39
0.56
0.52
0.54
0.52
CorWatt	PkgWatt
19.60	131.13
0.70	131.14
0.72
0.66
0.68
0.81
0.81
0.73
0.67
0.57
0.57
0.56
0.71
0.61
0.59
0.58
0.61
0.54
0.59
0.59
0.61
0.53
0.65
0.52
0.56
0.47
0.43
0.51
0.47
0.65
0.64
0.66
0.64
