CorWatt	PkgWatt
14.59	126.84
0.49	126.81
0.47
0.48
0.43
0.49
0.53
0.49
0.48
0.43
0.45
0.38
0.38
0.51
0.52
0.49
0.51
0.47
0.49
0.48
0.48
0.38
0.41
0.41
0.43
0.37
0.35
0.36
0.37
0.51
0.52
0.51
0.50
CorWatt	PkgWatt
14.40	126.37
0.49	126.80
0.46
0.45
0.42
0.49
0.51
0.50
0.48
0.37
0.45
0.37
0.38
0.50
0.50
0.49
0.51
0.44
0.48
0.46
0.46
0.39
0.42
0.39
0.42
0.39
0.38
0.37
0.38
0.52
0.52
0.52
0.50
CorWatt	PkgWatt
17.54	129.62
0.65	129.23
0.59
0.61
0.54
0.61
0.61
0.63
0.60
0.51
0.56
0.56
0.53
0.63
0.56
0.52
0.60
0.46
0.48
0.49
0.57
0.51
0.45
0.44
0.49
0.46
0.45
0.47
0.54
0.68
0.57
0.59
0.55
CorWatt	PkgWatt
15.07	127.43
0.53	127.33
0.55
0.51
0.44
0.50
0.50
0.50
0.49
0.41
0.44
0.38
0.38
0.52
0.52
0.51
0.53
0.45
0.47
0.47
0.47
0.39
0.42
0.41
0.42
0.39
0.43
0.42
0.41
0.58
0.52
0.59
0.51
