CorWatt	PkgWatt
15.26	127.41
0.55	127.41
0.47
0.48
0.44
0.53
0.52
0.63
0.49
0.42
0.46
0.41
0.45
0.52
0.52
0.50
0.53
0.50
0.47
0.47
0.48
0.43
0.42
0.42
0.39
0.38
0.38
0.42
0.40
0.57
0.53
0.55
0.53
CorWatt	PkgWatt
14.68	126.92
0.51	126.91
0.42
0.45
0.46
0.49
0.48
0.48
0.47
0.40
0.44
0.41
0.47
0.51
0.50
0.49
0.53
0.48
0.47
0.46
0.45
0.40
0.40
0.42
0.38
0.36
0.40
0.45
0.42
0.53
0.51
0.54
0.50
CorWatt	PkgWatt
18.51	129.79
0.58	129.84
0.56
0.62
0.57
0.62
0.60
0.61
0.61
0.57
0.58
0.55
0.57
0.64
0.68
0.68
0.60
0.55
0.57
0.53
0.48
0.51
0.45
0.50
0.49
0.56
0.50
0.52
0.59
0.70
0.62
0.66
0.64
CorWatt	PkgWatt
16.03	127.98
0.55	127.88
0.45
0.56
0.50
0.53
0.51
0.52
0.53
0.47
0.58
0.50
0.49
0.62
0.52
0.53
0.55
0.49
0.48
0.49
0.48
0.42
0.42
0.40
0.42
0.37
0.41
0.48
0.51
0.59
0.52
0.58
0.52
