CorWatt	PkgWatt
14.86	126.61
0.54	126.61
0.53
0.50
0.47
0.58
0.55
0.55
0.50
0.39
0.44
0.39
0.41
0.50
0.53
0.52
0.54
0.45
0.50
0.45
0.47
0.39
0.39
0.38
0.38
0.37
0.35
0.37
0.35
0.52
0.51
0.53
0.50
CorWatt	PkgWatt
14.81	126.69
0.56	126.72
0.55
0.52
0.46
0.55
0.51
0.51
0.50
0.41
0.44
0.39
0.42
0.50
0.52
0.52
0.55
0.48
0.50
0.45
0.46
0.38
0.41
0.39
0.38
0.35
0.35
0.36
0.36
0.52
0.52
0.52
0.50
CorWatt	PkgWatt
18.69	129.65
0.61	129.65
0.63
0.56
0.61
0.59
0.58
0.58
0.68
0.51
0.54
0.45
0.48
0.63
0.63
0.61
0.67
0.55
0.63
0.64
0.60
0.53
0.62
0.60
0.63
0.46
0.48
0.46
0.48
0.64
0.69
0.67
0.67
CorWatt	PkgWatt
15.94	127.59
0.52	127.47
0.54
0.50
0.50
0.52
0.51
0.52
0.56
0.41
0.49
0.45
0.47
0.58
0.53
0.54
0.56
0.53
0.60
0.50
0.49
0.41
0.45
0.50
0.42
0.38
0.37
0.40
0.49
0.53
0.53
0.55
0.58
