CorWatt	PkgWatt
14.98	127.10
0.55	127.09
0.60
0.46
0.45
0.52
0.51
0.50
0.50
0.41
0.47
0.41
0.38
0.54
0.53
0.52
0.55
0.45
0.47
0.45
0.46
0.44
0.39
0.42
0.39
0.38
0.35
0.39
0.38
0.51
0.51
0.51
0.53
CorWatt	PkgWatt
14.70	126.80
0.53	126.82
0.52
0.44
0.44
0.50
0.51
0.50
0.52
0.41
0.48
0.37
0.37
0.52
0.51
0.51
0.54
0.45
0.45
0.44
0.46
0.44
0.42
0.47
0.40
0.38
0.36
0.39
0.35
0.52
0.49
0.51
0.52
CorWatt	PkgWatt
23.76	134.86
0.78	134.93
0.83
0.69
0.70
2.73
0.84
0.75
0.76
0.58
0.65
0.59
0.60
0.77
0.66
0.67
0.73
0.66
0.68
0.76
0.65
0.59
0.61
0.61
0.74
0.61
0.56
0.55
0.56
0.70
0.66
0.71
0.77
CorWatt	PkgWatt
17.01	128.44
0.79	128.38
0.89
1.08
0.76
0.64
0.52
0.50
0.48
0.43
0.49
0.41
0.45
0.57
0.54
0.53
0.63
0.44
0.47
0.47
0.53
0.45
0.41
0.45
0.43
0.36
0.41
0.38
0.35
0.55
0.51
0.58
0.53
CorWatt	PkgWatt
17.51	128.94
0.80	128.94
0.75
0.94
1.01
0.64
0.53
0.52
0.51
0.43
0.48
0.45
0.41
0.54
0.55
0.53
0.56
0.55
0.53
0.50
0.52
0.43
0.42
0.54
0.46
0.40
0.40
0.40
0.43
0.57
0.55
0.59
0.57
CorWatt	PkgWatt
17.63	128.94
0.81	128.94
0.76
1.02
1.02
0.61
0.54
0.51
0.49
0.49
0.52
0.51
0.51
0.62
0.58
0.58
0.66
0.54
0.52
0.52
0.49
0.43
0.39
0.42
0.39
0.39
0.42
0.39
0.35
0.52
0.52
0.60
0.54
CorWatt	PkgWatt
17.08	128.59
1.06	128.58
0.71
0.79
0.92
0.60
0.61
0.53
0.53
0.43
0.47
0.38
0.37
0.54
0.56
0.53
0.57
0.50
0.53
0.50
0.49
0.39
0.42
0.44
0.42
0.40
0.45
0.39
0.40
0.52
0.53
0.57
0.52
CorWatt	PkgWatt
17.03	128.62
0.81	128.62
0.73
0.92
1.00
0.57
0.57
0.53
0.51
0.40
0.46
0.42
0.43
0.53
0.50
0.53
0.57
0.58
0.49
0.49
0.51
0.44
0.40
0.47
0.44
0.39
0.43
0.39
0.42
0.53
0.49
0.55
0.52
CorWatt	PkgWatt
18.30	130.46
0.59	130.46
0.57
0.50
3.05
0.62
0.64
0.55
0.55
0.41
0.47
0.39
0.38
0.55
0.54
0.54
0.57
0.49
0.48
0.46
0.51
0.45
0.39
0.42
0.43
0.40
0.37
0.39
0.38
0.56
0.52
0.57
0.57
CorWatt	PkgWatt
18.22	130.49
0.57	130.48
0.56
0.48
3.15
0.52
0.62
0.49
0.51
0.43
0.48
0.44
0.43
0.53
0.62
0.54
0.59
0.50
0.49
0.49
0.50
0.39
0.39
0.43
0.44
0.37
0.39
0.38
0.35
0.55
0.53
0.55
0.52
CorWatt	PkgWatt
18.11	130.26
0.56	130.26
0.55
0.45
3.13
0.49
0.62
0.51
0.48
0.50
0.47
0.42
0.41
0.54
0.55
0.56
0.60
0.46
0.47
0.49
0.48
0.42
0.41
0.42
0.42
0.39
0.41
0.39
0.40
0.51
0.52
0.55
0.51
CorWatt	PkgWatt
17.95	130.30
0.56	130.30
0.51
0.49
3.15
0.49
0.62
0.51
0.49
0.37
0.43
0.42
0.37
0.51
0.54
0.55
0.56
0.47
0.46
0.45
0.49
0.39
0.39
0.44
0.41
0.39
0.41
0.48
0.42
0.54
0.54
0.56
0.57
CorWatt	PkgWatt
20.43	132.45
0.63	132.49
0.58
0.61
2.90
0.73
0.77
0.67
0.63
0.58
0.63
0.59
0.52
0.61
0.67
0.61
0.65
0.58
0.53
0.47
0.53
0.41
0.40
0.48
0.43
0.47
0.46
0.40
0.43
0.62
0.60
0.58
0.67
