CorWatt	PkgWatt
15.01	127.12
0.50	127.12
0.45
0.49
0.52
0.53
0.54
0.51
0.50
0.46
0.46
0.42
0.40
0.55
0.51
0.51
0.52
0.45
0.57
0.46
0.46
0.39
0.42
0.39
0.42
0.39
0.38
0.38
0.36
0.55
0.49
0.51
0.51
CorWatt	PkgWatt
14.47	126.58
0.50	126.57
0.44
0.49
0.49
0.49
0.50
0.50
0.49
0.44
0.42
0.40
0.38
0.54
0.51
0.50
0.53
0.44
0.48
0.48
0.46
0.39
0.40
0.38
0.40
0.35
0.36
0.36
0.35
0.52
0.50
0.50
0.49
CorWatt	PkgWatt
63.32	177.30
2.57	177.45
1.98
2.04
2.02
2.06
2.06
2.07
2.22
2.08
2.10
2.00
1.95
2.17
2.08
2.13
2.19
1.96
2.00
1.81
1.85
1.91
1.88
1.73
1.75
1.84
1.81
1.68
1.71
2.03
1.97
1.85
1.86
CorWatt	PkgWatt
44.96	159.55
0.65	159.51
1.48
2.13
1.45
1.53
1.53
1.51
1.46
1.46
1.39
1.39
1.38
1.52
1.50
1.52
1.55
1.44
1.43
1.31
1.32
1.41
1.39
1.27
1.24
1.32
1.30
1.20
1.19
1.52
1.48
1.36
1.33
