CorWatt	PkgWatt
15.20	126.91
0.55	126.91
0.54
0.48
0.46
0.52
0.53
0.51
0.53
0.39
0.47
0.49
0.41
0.53
0.51
0.51
0.52
0.48
0.53
0.46
0.51
0.43
0.40
0.41
0.39
0.37
0.40
0.38
0.36
0.53
0.53
0.56
0.51
CorWatt	PkgWatt
14.96	126.95
0.55	126.96
0.48
0.46
0.49
0.50
0.51
0.49
0.55
0.38
0.48
0.43
0.44
0.50
0.57
0.52
0.54
0.48
0.51
0.45
0.49
0.40
0.39
0.43
0.39
0.35
0.38
0.39
0.35
0.51
0.50
0.52
0.51
CorWatt	PkgWatt
18.25	129.29
0.67	129.31
0.61
0.62
0.54
0.61
0.64
0.60
0.65
0.57
0.57
0.59
0.52
0.58
0.60
0.62
0.64
0.59
0.59
0.53
0.54
0.49
0.51
0.45
0.46
0.52
0.56
0.51
0.47
0.60
0.55
0.63
0.61
CorWatt	PkgWatt
15.14	127.11
0.55	127.07
0.48
0.45
0.44
0.53
0.55
0.49
0.50
0.48
0.49
0.50
0.50
0.51
0.51
0.51
0.52
0.47
0.50
0.45
0.46
0.41
0.40
0.39
0.40
0.46
0.37
0.37
0.36
0.52
0.51
0.53
0.54
CorWatt	PkgWatt
14.55	126.42
0.53	126.41
0.49
0.46
0.44
0.49
0.49
0.48
0.47
0.42
0.50
0.41
0.47
0.53
0.51
0.48
0.51
0.47
0.46
0.44
0.45
0.38
0.38
0.38
0.39
0.43
0.36
0.36
0.35
0.51
0.50
0.53
0.50
CorWatt	PkgWatt
14.91	126.74
0.56	126.74
0.50
0.44
0.45
0.54
0.49
0.50
0.49
0.38
0.45
0.43
0.53
0.51
0.52
0.49
0.51
0.47
0.47
0.44
0.45
0.41
0.39
0.39
0.39
0.45
0.35
0.39
0.37
0.56
0.52
0.54
0.52
CorWatt	PkgWatt
14.84	126.66
0.53	126.64
0.49
0.47
0.44
0.51
0.51
0.49
0.49
0.41
0.46
0.41
0.50
0.50
0.54
0.52
0.51
0.48
0.47
0.45
0.46
0.39
0.39
0.39
0.39
0.44
0.36
0.36
0.36
0.52
0.51
0.56
0.53
