CorWatt	PkgWatt
125.57	320.94
2.09	168.65
2.12
2.10
2.07
2.09
2.06
2.09
2.07
2.01
2.03
1.99
2.03
2.05
2.05
2.04
2.04
2.07
2.09
2.09
2.07
2.10
2.11
2.11
2.10
2.07
2.09
2.07
2.08
2.03
2.05
2.06
2.04
2.00	165.47
2.01
2.00
1.82
2.00
2.00
2.04
1.98
2.00
1.90
2.00
1.82
1.78
2.02
2.03
2.00
1.98
1.98
1.79
1.98
2.02
2.05
2.06
1.76
1.83
2.00
1.98
1.93
1.99
2.03
1.77
2.00
CorWatt	PkgWatt
165.19	450.52
2.06	165.15
2.08
2.08
2.06
2.08
2.05
2.07
2.09
2.00
2.02
1.98
2.02
2.02
2.03
1.97
2.02
2.07
2.06
2.07
2.06
2.10
2.10
2.09
2.08
2.06
2.05
2.05
2.04
2.02
2.05
2.02
2.01
2.01	166.25
2.05
2.04
2.14
2.13
2.16
2.14
2.15
2.07
2.14
2.14
2.15
2.07
2.08
2.10
2.12
2.11
2.19
2.06
2.06
2.19
2.16
2.18
2.20
2.13
2.11
2.10
2.11
2.09
2.12
2.19
2.06
CorWatt	PkgWatt
129.10	323.02
2.05	163.88
2.16
2.22
2.03
2.14
2.10
2.06
2.07
2.07
2.04
2.08
2.06
2.08
2.07
1.99
2.05
2.08
2.02
2.11
2.17
2.15
2.09
2.10
2.12
2.13
2.03
2.05
2.11
2.18
2.08
2.08
2.06
1.95	159.15
1.96
2.03
1.89
1.94
2.01
1.97
1.98
1.92
1.92
1.89
1.91
1.82
1.89
1.82
1.88
2.01
1.93
1.89
2.00
2.00
1.98
1.99
1.95
1.90
1.89
1.89
1.91
1.97
1.96
2.05
2.17
CorWatt	PkgWatt
130.98	301.49
2.01	149.96
2.10
2.07
2.02
2.05
1.94
2.06
2.05
2.01
2.08
2.03
1.98
2.03
2.03
2.07
2.00
2.06
2.06
2.10
2.05
2.09
2.06
2.08
2.12
2.07
2.08
2.06
2.08
2.00
2.05
2.01
2.01
2.19	151.42
2.01
2.03
2.00
1.85
1.95
1.92
2.03
1.80
1.95
1.93
2.02
1.87
1.98
1.81
1.94
2.27
2.22
2.26
2.25
2.11
2.14
2.29
2.04
2.09
2.14
1.91
1.98
2.09
2.17
2.13
2.08
CorWatt	PkgWatt
131.03	286.68
1.98	141.89
2.08
2.07
2.02
2.05
1.92
2.01
1.99
1.98
2.02
2.01
1.99
1.99
2.01
2.00
1.95
2.04
2.02
2.10
2.03
2.10
2.04
2.11
2.05
1.99
2.07
2.02
2.04
1.94
1.99
1.98
1.93
2.26	143.77
1.99
2.04
2.00
1.77
1.92
1.86
1.92
1.77
2.00
1.93
2.08
1.93
2.00
1.82
1.97
2.35
2.29
2.22
2.33
2.12
2.23
2.42
2.03
2.17
2.29
1.91
2.07
2.10
2.24
2.14
2.04
