CorWatt	PkgWatt
15.37	128.05
0.53	128.05
0.52
0.51
0.47
0.52
0.54
0.51
0.51
0.44
0.50
0.42
0.44
0.56
0.53
0.59
0.56
0.49
0.47
0.48
0.48
0.41
0.39
0.41
0.42
0.37
0.38
0.39
0.36
0.56
0.52
0.56
0.53
CorWatt	PkgWatt
14.86	127.40
0.57	127.38
0.52
0.50
0.49
0.50
0.54
0.50
0.52
0.42
0.47
0.39
0.38
0.52
0.53
0.58
0.53
0.49
0.46
0.45
0.47
0.41
0.38
0.38
0.39
0.36
0.35
0.38
0.35
0.52
0.50
0.50
0.50
CorWatt	PkgWatt
68.59	182.70
0.93	182.79
2.13
2.20
2.23
2.21
2.25
2.24
2.15
2.11
2.08
2.14
2.09
2.23
2.27
2.23
2.29
2.21
2.16
1.98
3.44
2.18
2.31
1.96
1.91
2.14
2.06
1.86
1.89
2.27
2.24
2.12
2.08
