CorWatt	PkgWatt
183.16	357.75
2.83	196.21
3.01
2.95
2.88
2.87
2.97
2.98
2.96
2.65
2.93
2.82
2.90
2.91
2.87
2.90
2.72
3.03
3.18
3.19
3.08
2.94
3.05
3.15
3.05
3.05
2.93
2.97
3.13
3.06
3.14
3.23
3.01
3.01	201.74
3.04
3.16
3.08
3.18
3.10
3.04
3.12
3.01
3.13
3.12
3.10
3.15
3.30
3.08
3.07
3.01
3.15
3.20
3.21
3.18
3.18
3.19
3.26
3.21
3.16
3.25
3.27
3.38
3.34
3.38
3.23
CorWatt	PkgWatt
286.21	477.96
4.41	239.53
4.37
4.52
4.29
4.50
4.43
4.66
4.50
4.43
4.32
4.44
4.25
4.26
4.27
4.43
4.16
4.34
4.46
4.54
4.45
4.46
4.40
4.62
4.49
4.56
4.65
4.59
4.68
4.46
4.42
4.56
4.65
4.52	241.52
4.53
4.65
4.70
4.60
4.42
4.40
4.52
4.47
4.65
4.43
4.47
4.66
4.59
4.39
4.45
4.40
4.32
4.51
4.50
4.60
4.34
4.44
4.22
4.58
4.40
4.45
4.55
4.54
4.63
4.63
4.65
CorWatt	PkgWatt
337.81	605.25
4.51	241.05
4.50
4.56
4.32
4.54
4.52
4.58
4.57
4.41
4.28
4.46
4.42
4.40
4.34
4.46
4.27
4.37
4.45
4.59
4.56
4.63
4.64
4.51
4.53
4.68
4.65
4.58
4.50
4.50
4.47
4.52
4.63
4.75	242.15
4.48
4.65
4.73
4.64
4.49
4.39
4.52
4.68
4.61
4.62
4.57
4.42
4.62
4.43
4.60
4.31
4.42
4.58
4.33
4.68
4.26
4.61
4.26
4.53
4.36
4.21
4.48
4.65
4.50
4.66
4.68
CorWatt	PkgWatt
284.60	479.34
4.45	238.98
4.49
4.49
4.27
4.35
4.49
4.49
4.51
4.33
4.33
4.27
4.36
4.32
4.27
4.32
4.19
4.24
4.38
4.59
4.44
4.43
4.53
4.38
4.37
4.58
4.70
4.62
4.64
4.43
4.47
4.46
4.57
4.58	240.71
4.50
4.52
4.25
4.57
4.43
4.36
4.60
4.41
4.50
4.39
4.45
4.61
4.51
4.44
4.65
4.24
4.34
4.49
4.39
4.58
4.37
4.48
4.27
4.52
4.49
4.25
4.41
4.57
4.66
4.56
4.62
CorWatt	PkgWatt
280.90	476.22
4.36	237.13
4.51
4.56
4.33
4.30
4.41
4.37
4.40
4.17
4.20
4.17
4.33
4.29
4.26
4.29
4.22
4.47
4.31
4.49
4.36
4.48
4.66
4.26
4.30
4.43
4.40
4.28
4.45
4.36
4.24
4.45
4.53
4.61	239.06
4.53
4.44
4.42
4.54
4.51
4.29
4.42
4.43
4.26
4.32
4.33
4.60
4.32
4.53
4.49
4.34
4.45
4.31
4.39
4.48
4.30
4.36
4.21
4.47
4.48
4.25
4.39
4.52
4.45
4.29
4.50
CorWatt	PkgWatt
278.18	473.80
4.25	236.69
4.36
4.40
4.32
4.54
4.41
4.35
4.28
4.38
4.33
4.30
4.30
4.28
4.21
4.19
4.35
4.34
4.19
4.56
4.42
4.48
4.64
4.27
4.33
4.50
4.39
4.36
4.42
4.26
4.25
4.30
4.38
4.52	236.83
4.51
4.28
4.25
4.43
4.54
4.20
4.43
4.32
4.09
4.29
4.15
4.58
4.40
4.37
4.29
4.15
4.27
4.21
4.28
4.59
4.22
4.43
4.04
4.40
4.35
4.18
4.37
4.40
4.28
4.44
4.45
CorWatt	PkgWatt
286.25	478.80
4.54	240.00
4.45
4.60
4.53
4.59
4.65
4.47
4.42
4.69
4.33
4.33
4.46
4.17
4.30
4.29
4.46
4.61
4.38
4.70
4.49
4.64
4.56
4.65
4.54
4.31
4.50
4.46
4.60
4.32
4.28
4.58
4.58
4.56	239.36
4.66
4.50
4.49
4.49
4.67
4.38
4.44
4.50
4.42
4.40
4.42
4.64
4.67
4.57
4.33
4.15
4.33
4.35
4.40
4.36
4.46
4.47
4.16
4.37
4.42
4.55
4.41
4.55
4.46
4.65
4.51
