CorWatt	PkgWatt
4.66	153.13
0.09	76.20
0.09
0.09
0.09
0.08
0.08
0.08
0.08
0.07
0.07
0.14
0.07
0.07
0.07
0.07
0.07
0.08
0.08
0.08
0.08
0.09
0.08
0.08
0.08
0.07
0.07
0.07
0.07
0.07
0.07
0.07
0.07
0.07	76.10
0.07
0.07
0.07
0.07
0.07
0.06
0.06
0.06
0.06
0.06
0.06
0.07
0.06
0.06
0.06
0.07
0.07
0.06
0.07
0.07
0.12
0.08
0.07
0.06
0.06
0.06
0.06
0.06
0.06
0.06
0.07
CorWatt	PkgWatt
4.97	152.07
0.10	76.31
0.10
0.10
0.09
0.08
0.09
0.08
0.08
0.07
0.11
0.08
0.07
0.08
0.08
0.07
0.08
0.09
0.10
0.10
0.09
0.09
0.09
0.08
0.09
0.08
0.12
0.09
0.11
0.07
0.09
0.07
0.07
0.07	75.67
0.07
0.07
0.07
0.07
0.07
0.07
0.07
0.06
0.06
0.06
0.06
0.07
0.06
0.06
0.06
0.07
0.07
0.07
0.08
0.07
0.07
0.08
0.08
0.07
0.06
0.06
0.06
0.06
0.06
0.06
0.06
CorWatt	PkgWatt
11.96	171.91
0.28	89.58
0.33
0.40
0.20
0.30
0.29
0.53
0.32
0.24
0.25
0.25
0.23
0.22
0.17
0.28
0.36
0.32
0.28
0.33
0.24
0.34
0.23
0.25
0.27
0.32
0.17
0.30
0.29
0.20
0.41
0.20
0.30
0.09	82.46
0.08
0.09
0.08
0.13
0.10
0.09
0.09
0.07
0.07
0.07
0.08
0.07
0.08
0.07
0.08
0.09
0.08
0.08
0.09
0.10
0.13
0.16
0.15
0.09
0.08
0.08
0.08
0.09
0.08
0.07
0.08
CorWatt	PkgWatt
5.16	152.24
0.10	76.51
0.10
0.11
0.11
0.15
0.10
0.09
0.09
0.08
0.08
0.07
0.09
0.08
0.07
0.07
0.07
0.09
0.09
0.11
0.11
0.10
0.09
0.09
0.10
0.10
0.09
0.08
0.08
0.08
0.12
0.10
0.11
0.07	75.71
0.07
0.07
0.07
0.07
0.07
0.07
0.07
0.06
0.06
0.06
0.06
0.06
0.06
0.06
0.06
0.07
0.07
0.07
0.08
0.08
0.08
0.07
0.09
0.07
0.06
0.06
0.06
0.06
0.06
0.06
0.06
CorWatt	PkgWatt
5.10	152.31
0.10	76.62
0.09
0.13
0.10
0.11
0.10
0.10
0.10
0.09
0.08
0.08
0.08
0.08
0.08
0.07
0.14
0.09
0.09
0.10
0.10
0.10
0.09
0.10
0.09
0.08
0.09
0.09
0.08
0.08
0.09
0.11
0.09
0.07	75.63
0.07
0.07
0.07
0.07
0.07
0.07
0.07
0.06
0.06
0.06
0.06
0.06
0.06
0.06
0.06
0.07
0.07
0.07
0.07
0.07
0.07
0.07
0.09
0.07
0.06
0.06
0.06
0.06
0.06
0.06
0.06
CorWatt	PkgWatt
7.12	160.05
0.15	81.92
0.14
0.16
0.14
0.16
0.17
0.15
0.15
0.14
0.12
0.12
0.13
0.12
0.12
0.12
0.14
0.14
0.14
0.14
0.20
0.15
0.14
0.13
0.14
0.13
0.15
0.15
0.13
0.12
0.15
0.14
0.13
0.08	78.19
0.08
0.08
0.07
0.11
0.09
0.09
0.08
0.07
0.07
0.07
0.07
0.07
0.07
0.07
0.07
0.09
0.08
0.07
0.11
0.10
0.08
0.11
0.11
0.09
0.08
0.07
0.07
0.11
0.08
0.08
0.07
CorWatt	PkgWatt
4.94	153.63
0.10	78.14
0.09
0.14
0.10
0.11
0.09
0.09
0.09
0.09
0.07
0.07
0.07
0.08
0.08
0.07
0.08
0.12
0.10
0.09
0.13
0.10
0.09
0.08
0.08
0.09
0.08
0.09
0.08
0.08
0.08
0.08
0.09
0.06	75.48
0.06
0.07
0.06
0.07
0.07
0.06
0.06
0.06
0.06
0.06
0.06
0.06
0.06
0.06
0.06
0.07
0.06
0.06
0.07
0.07
0.07
0.07
0.08
0.06
0.06
0.06
0.06
0.06
0.06
0.06
0.06
CorWatt	PkgWatt
4.95	152.01
0.10	76.51
0.09
0.10
0.11
0.10
0.09
0.09
0.09
0.08
0.08
0.07
0.09
0.14
0.07
0.07
0.08
0.10
0.10
0.09
0.09
0.09
0.10
0.09
0.10
0.09
0.09
0.13
0.09
0.07
0.07
0.07
0.09
0.06	75.44
0.06
0.07
0.06
0.07
0.07
0.06
0.06
0.06
0.06
0.06
0.06
0.06
0.06
0.06
0.06
0.07
0.06
0.06
0.07
0.07
0.07
0.07
0.08
0.06
0.06
0.06
0.06
0.06
0.06
0.06
0.06
CorWatt	PkgWatt
4.84	151.79
0.09	76.20
0.09
0.11
0.09
0.09
0.13
0.12
0.09
0.07
0.07
0.07
0.09
0.08
0.07
0.07
0.07
0.09
0.08
0.10
0.09
0.10
0.10
0.08
0.08
0.08
0.12
0.08
0.08
0.07
0.07
0.08
0.08
0.07	75.56
0.06
0.07
0.06
0.07
0.07
0.06
0.06
0.06
0.06
0.06
0.06
0.06
0.06
0.06
0.06
0.07
0.06
0.06
0.07
0.07
0.07
0.07
0.08
0.07
0.06
0.06
0.06
0.06
0.06
0.06
0.06
CorWatt	PkgWatt
5.78	156.53
0.13	78.77
0.11
0.12
0.14
0.10
0.10
0.12
0.10
0.09
0.09
0.16
0.08
0.09
0.09
0.10
0.10
0.10
0.09
0.10
0.16
0.11
0.10
0.10
0.10
0.09
0.11
0.09
0.09
0.08
0.08
0.09
0.10
0.08	77.87
0.08
0.08
0.08
0.08
0.07
0.07
0.08
0.08
0.07
0.07
0.07
0.07
0.07
0.07
0.07
0.08
0.08
0.08
0.09
0.08
0.09
0.08
0.09
0.07
0.07
0.07
0.08
0.07
0.07
0.07
0.07
CorWatt	PkgWatt
4.92	153.61
0.11	77.99
0.09
0.10
0.09
0.10
0.15
0.09
0.09
0.07
0.08
0.07
0.08
0.08
0.08
0.07
0.12
0.08
0.08
0.09
0.08
0.09
0.10
0.08
0.08
0.08
0.10
0.08
0.09
0.07
0.07
0.07
0.08
0.07	75.55
0.07
0.07
0.06
0.07
0.07
0.06
0.06
0.06
0.06
0.06
0.06
0.06
0.06
0.06
0.06
0.07
0.07
0.07
0.07
0.07
0.08
0.07
0.08
0.06
0.06
0.06
0.06
0.06
0.06
0.06
0.06
CorWatt	PkgWatt
4.94	151.79
0.10	76.25
0.11
0.10
0.13
0.09
0.09
0.10
0.09
0.07
0.07
0.07
0.08
0.09
0.08
0.07
0.07
0.15
0.09
0.09
0.09
0.09
0.08
0.08
0.09
0.08
0.08
0.08
0.09
0.08
0.07
0.07
0.09
0.07	75.63
0.07
0.07
0.06
0.07
0.07
0.06
0.06
0.07
0.07
0.07
0.07
0.06
0.06
0.06
0.06
0.07
0.07
0.07
0.07
0.07
0.07
0.07
0.08
0.06
0.06
0.06
0.06
0.06
0.06
0.06
0.06
CorWatt	PkgWatt
6.53	157.86
0.12	78.92
0.10
0.11
0.10
0.15
0.12
0.10
0.10
0.10
0.09
0.09
0.10
0.12
0.10
0.08
0.08
0.10
0.10
0.10
0.12
0.11
0.10
0.10
0.10
0.11
0.10
0.10
0.10
0.09
0.08
0.08
0.10
0.09	78.89
0.08
0.11
0.09
0.09
0.12
0.09
0.08
0.10
0.09
0.09
0.08
0.12
0.10
0.11
0.08
0.14
0.12
0.08
0.10
0.11
0.10
0.09
0.17
0.08
0.09
0.12
0.09
0.09
0.11
0.16
0.10
