CorWatt	PkgWatt
15.48	127.55
0.54	127.55
0.44
0.57
0.47
0.50
0.60
0.52
0.49
0.39
0.50
0.40
0.47
0.54
0.51
0.51
0.55
0.49
0.49
0.47
0.49
0.46
0.41
0.43
0.46
0.37
0.37
0.41
0.40
0.57
0.53
0.57
0.56
CorWatt	PkgWatt
14.83	126.95
0.52	126.93
0.43
0.48
0.44
0.49
0.51
0.52
0.55
0.39
0.48
0.38
0.46
0.52
0.51
0.50
0.51
0.46
0.46
0.45
0.46
0.38
0.39
0.41
0.46
0.41
0.38
0.37
0.38
0.53
0.51
0.55
0.53
CorWatt	PkgWatt
18.72	129.97
0.64	130.02
0.55
0.58
0.51
0.65
0.67
0.62
0.70
0.48
0.60
0.61
0.56
0.63
0.64
0.64
0.63
0.57
0.57
0.57
0.58
0.53
0.57
0.50
0.51
0.45
0.46
0.46
0.49
0.66
0.66
0.75
0.69
CorWatt	PkgWatt
15.87	127.76
0.55	127.71
0.45
0.46
0.45
0.51
0.61
0.55
0.57
0.42
0.51
0.42
0.49
0.57
0.55
0.53
0.56
0.49
0.48
0.50
0.48
0.45
0.48
0.48
0.45
0.37
0.39
0.39
0.38
0.56
0.59
0.61
0.54
