CorWatt	PkgWatt
15.19	127.31
0.54	127.34
0.51
0.46
0.44
0.52
0.58
0.51
0.50
0.54
0.48
0.42
0.42
0.52
0.54
0.53
0.54
0.47
0.49
0.49
0.52
0.39
0.41
0.39
0.39
0.39
0.38
0.38
0.36
0.53
0.50
0.52
0.52
CorWatt	PkgWatt
14.82	126.19
0.50	126.83
0.48
0.45
0.42
0.52
0.57
0.51
0.47
0.41
0.46
0.40
0.47
0.52
0.55
0.51
0.53
0.44
0.47
0.45
0.50
0.40
0.40
0.40
0.43
0.36
0.37
0.37
0.38
0.52
0.51
0.53
0.52
CorWatt	PkgWatt
20.86	133.18
0.72	132.52
0.55
0.53
2.55
0.58
0.69
0.60
0.57
0.56
0.65
0.55
0.56
0.57
0.59
0.59
0.71
0.57
0.71
0.64
0.63
0.52
0.63
0.51
0.52
0.39
0.51
0.50
0.41
0.69
0.66
0.65
0.72
CorWatt	PkgWatt
16.28	127.91
0.50	127.88
0.48
0.47
0.56
1.09
0.96
0.73
0.75
0.40
0.44
0.37
0.37
0.51
0.51
0.49
0.51
0.45
0.48
0.44
0.49
0.39
0.38
0.38
0.38
0.35
0.38
0.35
0.35
0.57
0.62
0.59
0.55
CorWatt	PkgWatt
16.24	128.03
0.51	128.03
0.52
0.45
0.54
0.81
1.25
0.75
0.74
0.37
0.43
0.37
0.37
0.51
0.50
0.49
0.51
0.45
0.50
0.46
0.52
0.38
0.40
0.39
0.39
0.36
0.38
0.36
0.35
0.55
0.55
0.51
0.56
CorWatt	PkgWatt
16.77	128.36
0.51	128.38
0.44
0.46
0.55
0.74
1.29
0.72
0.73
0.44
0.49
0.42
0.43
0.54
0.54
0.53
0.54
0.47
0.52
0.47
0.51
0.42
0.41
0.41
0.43
0.38
0.40
0.38
0.38
0.57
0.61
0.56
0.52
CorWatt	PkgWatt
16.89	128.54
0.54	128.52
0.48
0.47
0.58
0.76
1.30
0.74
0.73
0.42
0.48
0.40
0.41
0.55
0.51
0.54
0.51
0.48
0.50
0.48
0.52
0.42
0.42
0.41
0.39
0.37
0.42
0.40
0.41
0.58
0.57
0.54
0.54
CorWatt	PkgWatt
16.37	128.20
0.51	128.19
0.44
0.45
0.57
0.71
1.51
0.70
0.70
0.44
0.45
0.39
0.41
0.50
0.53
0.49
0.53
0.44
0.47
0.46
0.50
0.39
0.38
0.38
0.38
0.36
0.37
0.36
0.42
0.54
0.56
0.52
0.52
CorWatt	PkgWatt
17.76	129.97
0.52	129.98
0.46
0.48
0.57
0.53
3.28
0.51
0.50
0.41
0.49
0.39
0.38
0.50
0.52
0.51
0.52
0.46
0.48
0.45
0.49
0.41
0.38
0.41
0.41
0.39
0.39
0.38
0.36
0.55
0.56
0.51
0.55
CorWatt	PkgWatt
17.06	129.69
0.51	129.68
0.44
0.44
0.55
0.52
3.29
0.50
0.50
0.38
0.44
0.37
0.38
0.49
0.51
0.49
0.50
0.44
0.46
0.44
0.48
0.38
0.38
0.38
0.38
0.35
0.35
0.35
0.35
0.50
0.53
0.50
0.49
CorWatt	PkgWatt
17.24	129.56
0.51	129.57
0.45
0.46
0.55
0.52
3.28
0.49
0.48
0.40
0.43
0.37
0.36
0.52
0.55
0.55
0.52
0.44
0.46
0.44
0.48
0.38
0.38
0.38
0.38
0.35
0.35
0.35
0.35
0.50
0.55
0.50
0.52
CorWatt	PkgWatt
17.10	129.61
0.52	129.61
0.45
0.44
0.54
0.51
3.28
0.49
0.47
0.40
0.45
0.39
0.37
0.49
0.51
0.51
0.52
0.44
0.46
0.44
0.48
0.39
0.38
0.38
0.40
0.35
0.35
0.35
0.35
0.50
0.53
0.50
0.49
CorWatt	PkgWatt
17.25	129.57
0.53	129.57
0.46
0.47
0.56
0.51
3.28
0.51
0.49
0.40
0.43
0.37
0.37
0.49
0.50
0.49
0.50
0.45
0.46
0.45
0.49
0.38
0.39
0.38
0.38
0.35
0.35
0.36
0.36
0.51
0.53
0.50
0.52
CorWatt	PkgWatt
17.14	129.68
0.51	129.68
0.46
0.45
0.55
0.53
3.28
0.49
0.51
0.38
0.43
0.36
0.36
0.49
0.51
0.48
0.51
0.44
0.47
0.44
0.49
0.38
0.38
0.38
0.38
0.35
0.35
0.35
0.36
0.54
0.53
0.50
0.51
CorWatt	PkgWatt
17.34	129.66
0.53	129.67
0.44
0.46
0.54
0.51
3.26
0.49
0.50
0.36
0.45
0.40
0.41
0.51
0.54
0.51
0.52
0.44
0.46
0.46
0.48
0.38
0.38
0.38
0.38
0.35
0.35
0.37
0.37
0.54
0.55
0.50
0.52
CorWatt	PkgWatt
17.08	129.47
0.53	129.47
0.44
0.46
0.55
0.51
3.28
0.49
0.48
0.38
0.44
0.36
0.37
0.49
0.51
0.48
0.51
0.44
0.47
0.44
0.51
0.38
0.39
0.38
0.38
0.35
0.35
0.35
0.35
0.50
0.53
0.50
0.50
CorWatt	PkgWatt
17.19	129.65
0.52	129.64
0.46
0.45
0.55
0.51
3.28
0.50
0.49
0.38
0.44
0.37
0.37
0.49
0.50
0.49
0.51
0.44
0.46
0.44
0.50
0.39
0.39
0.38
0.38
0.35
0.36
0.35
0.35
0.51
0.55
0.50
0.52
CorWatt	PkgWatt
17.11	129.50
0.51	129.51
0.46
0.44
0.55
0.50
3.28
0.49
0.47
0.40
0.46
0.37
0.37
0.51
0.50
0.48
0.50
0.44
0.46
0.44
0.48
0.40
0.38
0.38
0.38
0.35
0.35
0.35
0.35
0.51
0.53
0.51
0.49
CorWatt	PkgWatt
17.54	129.75
0.54	129.75
0.48
0.45
0.57
0.53
3.28
0.51
0.48
0.38
0.48
0.36
0.37
0.50
0.51
0.49
0.50
0.44
0.47
0.44
0.49
0.39
0.38
0.38
0.38
0.37
0.41
0.40
0.39
0.54
0.58
0.54
0.52
CorWatt	PkgWatt
17.19	129.55
0.51	129.55
0.46
0.44
0.54
0.52
3.23
0.49
0.48
0.38
0.43
0.36
0.36
0.50
0.52
0.50
0.50
0.44
0.47
0.44
0.48
0.40
0.39
0.39
0.40
0.35
0.35
0.35
0.39
0.54
0.57
0.52
0.50
CorWatt	PkgWatt
18.11	129.70
0.77	129.72
0.58
0.54
0.57
0.71
1.10
0.76
0.69
0.46
0.48
0.43
0.76
0.57
0.59
0.60
0.59
0.51
0.52
0.49
0.56
0.45
0.46
0.44
0.44
0.42
0.42
0.42
0.41
0.61
0.58
0.59
0.58
CorWatt	PkgWatt
16.36	128.09
0.59	128.07
0.49
0.47
0.46
0.83
1.23
1.16
0.82
0.37
0.42
0.36
0.37
0.49
0.51
0.49
0.50
0.44
0.46
0.44
0.48
0.38
0.38
0.38
0.38
0.35
0.35
0.35
0.35
0.57
0.51
0.50
0.49
CorWatt	PkgWatt
16.54	128.08
0.60	128.08
0.51
0.48
0.43
0.83
1.10
1.29
0.82
0.39
0.47
0.36
0.36
0.49
0.50
0.48
0.50
0.44
0.46
0.44
0.49
0.38
0.39
0.38
0.40
0.35
0.36
0.36
0.37
0.57
0.51
0.51
0.53
CorWatt	PkgWatt
16.34	128.04
0.57	128.04
0.50
0.46
0.42
0.83
0.86
1.51
0.82
0.38
0.43
0.36
0.36
0.49
0.51
0.48
0.51
0.44
0.47
0.44
0.48
0.38
0.38
0.38
0.38
0.35
0.35
0.35
0.35
0.57
0.52
0.49
0.51
CorWatt	PkgWatt
16.65	128.14
0.59	128.14
0.47
0.51
0.43
0.83
0.94
1.46
0.83
0.40
0.45
0.37
0.40
0.51
0.51
0.49
0.51
0.45
0.47
0.44
0.49
0.40
0.40
0.38
0.38
0.35
0.35
0.36
0.35
0.56
0.51
0.52
0.52
CorWatt	PkgWatt
16.42	128.03
0.58	128.02
0.46
0.49
0.42
0.82
1.33
1.07
0.82
0.38
0.44
0.39
0.37
0.49
0.51
0.48
0.50
0.44
0.47
0.44
0.49
0.38
0.38
0.38
0.38
0.35
0.35
0.35
0.37
0.58
0.52
0.49
0.51
CorWatt	PkgWatt
17.78	129.21
0.59	129.22
0.52
0.46
0.43
1.05
2.15
1.05
1.05
0.40
0.45
0.38
0.38
0.50
0.51
0.50
0.50
0.44
0.46
0.44
0.48
0.38
0.39
0.38
0.40
0.35
0.35
0.36
0.35
0.57
0.52
0.50
0.51
CorWatt	PkgWatt
19.57	130.78
0.58	130.78
0.50
0.47
0.46
1.34
3.11
1.34
1.33
0.39
0.44
0.36
0.36
0.49
0.50
0.51
0.51
0.46
0.46
0.44
0.49
0.40
0.38
0.38
0.40
0.35
0.35
0.35
0.35
0.55
0.53
0.49
0.49
CorWatt	PkgWatt
19.76	130.86
0.58	130.86
0.52
0.46
0.44
1.34
2.25
2.18
1.33
0.41
0.48
0.37
0.38
0.50
0.52
0.50
0.51
0.45
0.47
0.46
0.49
0.40
0.38
0.38
0.39
0.37
0.36
0.36
0.36
0.55
0.53
0.52
0.51
CorWatt	PkgWatt
19.68	130.80
0.58	130.80
0.50
0.45
0.45
2.98
1.35
1.44
1.34
0.39
0.45
0.37
0.38
0.50
0.51
0.49
0.51
0.45
0.47
0.46
0.50
0.39
0.38
0.38
0.39
0.36
0.37
0.37
0.37
0.53
0.56
0.51
0.50
CorWatt	PkgWatt
19.55	130.82
0.59	130.82
0.50
0.44
0.43
2.23
1.35
2.21
1.33
0.38
0.44
0.36
0.36
0.49
0.51
0.48
0.50
0.45
0.48
0.48
0.50
0.38
0.39
0.38
0.38
0.37
0.35
0.36
0.35
0.54
0.52
0.52
0.52
CorWatt	PkgWatt
19.74	130.85
0.58	130.84
0.52
0.44
0.43
1.35
1.35
3.10
1.33
0.38
0.44
0.36
0.37
0.50
0.52
0.51
0.53
0.46
0.48
0.45
0.49
0.39
0.40
0.41
0.40
0.37
0.35
0.36
0.36
0.53
0.55
0.52
0.52
CorWatt	PkgWatt
19.68	130.79
0.59	130.80
0.52
0.46
0.46
2.86
1.35
1.56
1.34
0.41
0.44
0.37
0.37
0.51
0.51
0.50
0.51
0.46
0.47
0.46
0.50
0.39
0.40
0.38
0.39
0.35
0.36
0.36
0.35
0.51
0.53
0.51
0.52
CorWatt	PkgWatt
19.44	130.86
0.59	130.86
0.51
0.45
0.44
3.08
1.35
1.34
1.34
0.38
0.43
0.36
0.36
0.49
0.51
0.48
0.50
0.44
0.47
0.44
0.49
0.38
0.38
0.38
0.38
0.35
0.35
0.35
0.35
0.50
0.53
0.50
0.51
CorWatt	PkgWatt
19.50	130.70
0.58	130.70
0.52
0.44
0.43
3.08
1.35
1.34
1.34
0.38
0.44
0.36
0.36
0.49
0.50
0.48
0.50
0.44
0.50
0.46
0.52
0.38
0.38
0.38
0.38
0.36
0.35
0.35
0.35
0.51
0.53
0.51
0.51
CorWatt	PkgWatt
19.37	130.56
0.58	130.56
0.51
0.45
0.43
1.34
1.35
3.09
1.33
0.37
0.43
0.36
0.36
0.49
0.51
0.48
0.50
0.44
0.46
0.44
0.48
0.39
0.38
0.38
0.38
0.35
0.35
0.35
0.35
0.51
0.52
0.50
0.50
CorWatt	PkgWatt
19.65	130.77
0.58	130.78
0.52
0.45
0.44
2.41
1.35
2.03
1.34
0.38
0.44
0.37
0.38
0.51
0.51
0.50
0.52
0.44
0.46
0.45
0.49
0.38
0.39
0.38
0.38
0.36
0.37
0.37
0.36
0.52
0.53
0.52
0.51
CorWatt	PkgWatt
19.20	130.75
0.64	130.73
0.55
0.50
0.48
1.02
1.04
2.00
0.99
0.79
0.47
0.41
0.42
0.54
0.56
0.56
0.57
0.48
0.51
0.50
0.55
0.43
0.42
0.42
0.42
0.41
0.40
0.40
0.41
0.58
0.58
0.58
0.56
CorWatt	PkgWatt
16.25	127.89
0.51	127.92
0.50
0.46
0.44
0.56
0.53
0.50
0.48
0.60
0.50
0.37
0.38
1.02
0.94
0.70
0.72
0.45
0.47
0.45
0.49
0.40
0.38
0.40
0.40
0.38
0.37
0.38
0.36
0.52
0.54
0.51
0.54
CorWatt	PkgWatt
16.02	127.68
0.49	127.67
0.49
0.45
0.44
0.57
0.52
0.52
0.50
0.51
0.45
0.37
0.38
0.76
1.17
0.74
0.76
0.45
0.48
0.45
0.50
0.40
0.39
0.39
0.39
0.36
0.36
0.36
0.36
0.51
0.53
0.51
0.50
CorWatt	PkgWatt
16.11	127.84
0.50	127.84
0.50
0.47
0.43
0.55
0.52
0.49
0.48
0.51
0.46
0.39
0.37
0.81
1.15
0.78
0.78
0.45
0.48
0.44
0.48
0.38
0.38
0.38
0.38
0.35
0.35
0.36
0.35
0.55
0.56
0.50
0.52
CorWatt	PkgWatt
15.85	127.57
0.50	127.57
0.49
0.49
0.42
0.57
0.49
0.48
0.47
0.51
0.48
0.40
0.39
0.76
1.14
0.74
0.75
0.44
0.47
0.44
0.48
0.39
0.38
0.38
0.39
0.35
0.35
0.36
0.35
0.50
0.54
0.50
0.49
CorWatt	PkgWatt
15.78	127.60
0.52	127.60
0.45
0.52
0.44
0.49
0.50
0.49
0.47
0.48
0.44
0.37
0.37
1.27
0.74
0.72
0.74
0.44
0.46
0.44
0.48
0.38
0.38
0.38
0.38
0.35
0.35
0.35
0.35
0.50
0.52
0.50
0.52
CorWatt	PkgWatt
18.40	132.60
0.51	132.60
0.45
0.51
0.44
0.50
0.49
0.49
0.49
0.49
0.45
0.37
0.37
4.49
0.54
0.50
0.52
0.44
0.47
0.44
0.48
0.38
0.38
0.38
0.38
0.35
0.35
0.35
0.35
0.55
0.53
0.50
0.51
CorWatt	PkgWatt
18.65	132.85
0.53	132.85
0.45
0.49
0.43
0.49
0.50
0.48
0.47
0.41
0.55
0.42
0.41
4.49
0.57
0.53
0.53
0.45
0.46
0.46
0.48
0.38
0.38
0.38
0.38
0.35
0.35
0.38
0.37
0.52
0.53
0.51
0.52
CorWatt	PkgWatt
18.37	132.64
0.52	132.64
0.47
0.48
0.45
0.48
0.49
0.48
0.47
0.39
0.51
0.37
0.38
4.48
0.54
0.51
0.52
0.44
0.47
0.44
0.50
0.38
0.38
0.38
0.38
0.35
0.35
0.35
0.35
0.53
0.52
0.50
0.51
CorWatt	PkgWatt
18.37	132.63
0.51	132.62
0.49
0.44
0.42
0.48
0.49
0.48
0.47
0.38
0.52
0.38
0.39
4.49
0.53
0.50
0.52
0.44
0.46
0.44
0.48
0.39
0.39
0.39
0.38
0.35
0.35
0.35
0.35
0.56
0.53
0.50
0.51
CorWatt	PkgWatt
18.32	132.77
0.51	132.77
0.47
0.45
0.42
0.48
0.49
0.48
0.47
0.38
0.52
0.38
0.38
4.49
0.54
0.50
0.51
0.44
0.46
0.44
0.48
0.39
0.38
0.38
0.39
0.35
0.35
0.35
0.35
0.52
0.54
0.52
0.50
CorWatt	PkgWatt
18.85	133.03
0.55	133.04
0.50
0.46
0.47
0.51
0.53
0.51
0.47
0.38
0.55
0.38
0.38
4.48
0.54
0.51
0.52
0.44
0.46
0.44
0.48
0.39
0.38
0.38
0.38
0.39
0.39
0.38
0.37
0.57
0.57
0.55
0.52
CorWatt	PkgWatt
18.53	132.81
0.52	132.81
0.48
0.45
0.44
0.49
0.50
0.48
0.47
0.39
0.52
0.38
0.38
4.48
0.55
0.51
0.51
0.44
0.47
0.44
0.48
0.40
0.40
0.39
0.40
0.35
0.35
0.36
0.36
0.57
0.56
0.51
0.50
CorWatt	PkgWatt
18.35	132.72
0.53	132.72
0.48
0.46
0.42
0.48
0.50
0.48
0.47
0.38
0.53
0.37
0.38
4.45
0.53
0.50
0.52
0.46
0.48
0.44
0.50
0.38
0.38
0.38
0.38
0.35
0.35
0.35
0.35
0.52
0.54
0.51
0.53
CorWatt	PkgWatt
18.38	133.08
0.52	133.08
0.48
0.47
0.45
0.48
0.49
0.49
0.47
0.40
0.51
0.38
0.38
4.47
0.53
0.50
0.51
0.44
0.46
0.44
0.48
0.38
0.38
0.38
0.38
0.35
0.35
0.35
0.35
0.57
0.54
0.50
0.50
CorWatt	PkgWatt
19.28	133.59
0.57	133.60
0.52
0.52
0.47
0.52
0.53
0.52
0.48
0.40
0.55
0.41
0.41
4.47
0.54
0.54
0.56
0.47
0.46
0.47
0.52
0.38
0.43
0.38
0.40
0.39
0.40
0.37
0.40
0.55
0.54
0.55
0.54
CorWatt	PkgWatt
18.48	132.96
0.52	132.95
0.45
0.51
0.44
0.50
0.49
0.49
0.47
0.39
0.52
0.39
0.40
4.47
0.54
0.51
0.52
0.44
0.46
0.44
0.49
0.38
0.38
0.38
0.38
0.35
0.35
0.35
0.35
0.51
0.55
0.51
0.51
CorWatt	PkgWatt
18.47	133.10
0.54	133.10
0.45
0.50
0.42
0.49
0.51
0.49
0.47
0.40
0.52
0.38
0.40
4.46
0.53
0.51
0.52
0.44
0.46
0.44
0.48
0.38
0.40
0.38
0.38
0.35
0.35
0.35
0.35
0.57
0.55
0.50
0.53
CorWatt	PkgWatt
18.11	130.54
0.56	130.55
0.50
0.55
0.49
0.53
0.54
0.53
0.54
0.48
0.57
0.47
0.45
1.05
0.61
0.61
0.59
0.52
0.55
0.51
0.57
0.77
0.46
0.44
0.44
0.62
0.41
0.42
0.41
0.66
0.87
0.73
0.64
CorWatt	PkgWatt
16.37	128.34
0.50	128.34
0.46
0.49
0.43
0.51
0.51
0.50
0.53
0.42
0.48
0.43
0.40
0.53
0.52
0.51
0.56
0.45
0.47
0.45
0.49
0.38
0.40
0.39
0.40
0.47
0.36
0.36
0.36
0.80
0.81
1.26
0.75
CorWatt	PkgWatt
16.18	128.23
0.48	128.25
0.47
0.51
0.46
0.49
0.50
0.49
0.50
0.42
0.47
0.38
0.38
0.53
0.51
0.51
0.55
0.46
0.47
0.44
0.48
0.40
0.38
0.38
0.40
0.48
0.35
0.36
0.36
0.78
0.81
1.25
0.73
CorWatt	PkgWatt
16.57	128.36
0.50	128.36
0.46
0.50
0.43
0.50
0.50
0.49
0.53
0.51
0.53
0.47
0.42
0.54
0.52
0.50
0.54
0.44
0.46
0.46
0.49
0.40
0.38
0.38
0.38
0.48
0.36
0.38
0.37
0.78
0.83
1.25
0.76
CorWatt	PkgWatt
16.16	128.25
0.50	128.23
0.46
0.49
0.45
0.49
0.50
0.49
0.48
0.40
0.46
0.38
0.41
0.52
0.52
0.50
0.52
0.45
0.47
0.45
0.49
0.40
0.39
0.39
0.39
0.48
0.37
0.38
0.37
0.77
0.81
1.24
0.74
CorWatt	PkgWatt
16.43	128.45
0.50	128.45
0.47
0.48
0.43
0.50
0.52
0.49
0.51
0.38
0.45
0.38
0.37
0.50
0.50
0.50
0.54
0.45
0.50
0.49
0.52
0.38
0.38
0.38
0.38
0.48
0.35
0.36
0.36
0.76
1.08
1.25
0.74
CorWatt	PkgWatt
17.68	130.01
0.51	130.00
0.45
0.48
0.42
0.48
0.49
0.48
0.47
0.40
0.43
0.37
0.38
0.51
0.53
0.50
0.50
0.47
0.49
0.47
0.49
0.39
0.38
0.39
0.40
0.48
0.35
0.36
0.37
0.66
0.69
3.24
0.64
CorWatt	PkgWatt
17.56	130.11
0.53	130.11
0.46
0.49
0.43
0.48
0.49
0.48
0.47
0.37
0.44
0.38
0.37
0.51
0.51
0.49
0.51
0.44
0.46
0.44
0.49
0.38
0.39
0.38
0.38
0.46
0.35
0.36
0.35
0.67
1.34
2.58
0.65
CorWatt	PkgWatt
17.53	129.99
0.52	129.99
0.47
0.50
0.43
0.48
0.49
0.48
0.47
0.39
0.43
0.38
0.37
0.50
0.52
0.48
0.51
0.44
0.46
0.44
0.49
0.38
0.38
0.38
0.38
0.48
0.35
0.36
0.35
0.69
3.22
0.66
0.64
CorWatt	PkgWatt
17.78	130.13
0.51	130.13
0.48
0.48
0.43
0.50
0.50
0.51
0.50
0.39
0.47
0.37
0.37
0.50
0.52
0.50
0.52
0.44
0.50
0.46
0.52
0.38
0.39
0.38
0.38
0.46
0.37
0.37
0.36
0.66
3.22
0.67
0.65
CorWatt	PkgWatt
17.41	129.81
0.51	129.81
0.45
0.47
0.42
0.48
0.49
0.48
0.47
0.37
0.44
0.36
0.37
0.50
0.51
0.48
0.51
0.44
0.47
0.44
0.49
0.38
0.38
0.38
0.38
0.48
0.36
0.37
0.37
0.66
3.24
0.65
0.63
CorWatt	PkgWatt
17.51	129.96
0.52	129.96
0.48
0.48
0.42
0.48
0.49
0.48
0.48
0.38
0.44
0.36
0.37
0.51
0.50
0.48
0.51
0.44
0.46
0.44
0.49
0.38
0.38
0.38
0.38
0.47
0.37
0.37
0.36
0.69
3.22
0.66
0.65
CorWatt	PkgWatt
17.76	130.17
0.53	130.17
0.47
0.50
0.44
0.48
0.49
0.48
0.47
0.42
0.46
0.38
0.41
0.51
0.51
0.48
0.51
0.44
0.47
0.45
0.49
0.39
0.38
0.38
0.38
0.48
0.36
0.36
0.37
0.67
0.74
3.21
0.65
CorWatt	PkgWatt
17.80	130.06
0.51	130.07
0.47
0.49
0.43
0.49
0.51
0.49
0.49
0.38
0.49
0.37
0.38
0.50
0.51
0.49
0.51
0.46
0.46
0.44
0.49
0.40
0.38
0.39
0.39
0.47
0.38
0.38
0.37
0.69
0.71
3.21
0.67
CorWatt	PkgWatt
17.56	129.82
0.50	129.82
0.45
0.47
0.47
0.51
0.52
0.50
0.48
0.39
0.44
0.37
0.37
0.50
0.51
0.48
0.50
0.44
0.46
0.44
0.48
0.39
0.38
0.38
0.38
0.48
0.35
0.36
0.35
0.67
0.78
3.16
0.63
CorWatt	PkgWatt
17.70	130.18
0.52	130.18
0.45
0.49
0.43
0.49
0.50
0.49
0.47
0.39
0.45
0.38
0.37
0.52
0.53
0.55
0.53
0.44
0.46
0.44
0.49
0.38
0.38
0.38
0.38
0.48
0.35
0.36
0.35
0.68
1.46
2.47
0.65
CorWatt	PkgWatt
17.58	129.85
0.53	129.85
0.47
0.47
0.42
0.48
0.49
0.49
0.48
0.40
0.47
0.39
0.37
0.50
0.51
0.50
0.51
0.44
0.46
0.44
0.48
0.39
0.38
0.38
0.39
0.47
0.35
0.36
0.35
0.67
0.70
3.22
0.63
CorWatt	PkgWatt
17.16	129.36
0.53	129.37
0.46
0.62
0.46
0.50
0.51
0.51
0.52
0.39
0.45
0.37
0.38
0.52
0.52
0.50
0.53
0.45
0.47
0.44
0.50
0.38
0.38
0.38
0.38
0.50
0.37
0.37
0.38
0.67
0.67
2.41
0.63
CorWatt	PkgWatt
17.96	129.69
0.76	129.70
0.50
0.73
0.56
0.73
0.92
1.02
0.74
0.43
0.51
0.42
0.42
0.61
0.60
0.54
0.56
0.50
0.53
0.50
0.57
0.44
0.44
0.43
0.48
0.41
0.41
0.42
0.41
0.63
0.62
0.56
0.57
CorWatt	PkgWatt
16.14	128.13
0.58	128.11
0.46
0.46
0.46
0.72
0.76
1.25
0.72
0.38
0.51
0.40
0.40
0.53
0.54
0.52
0.52
0.44
0.46
0.46
0.49
0.38
0.38
0.38
0.38
0.35
0.35
0.37
0.37
0.54
0.58
0.51
0.51
CorWatt	PkgWatt
15.98	127.79
0.58	127.79
0.49
0.46
0.45
0.71
1.29
0.76
0.71
0.38
0.46
0.36
0.39
0.50
0.51
0.50
0.52
0.44
0.46
0.45
0.50
0.39
0.38
0.38
0.38
0.35
0.35
0.35
0.35
0.53
0.58
0.50
0.51
CorWatt	PkgWatt
16.00	128.18
0.56	128.17
0.50
0.44
0.43
0.72
1.31
0.74
0.72
0.39
0.46
0.38
0.39
0.51
0.50
0.49
0.51
0.45
0.48
0.46
0.49
0.40
0.39
0.38
0.38
0.35
0.35
0.36
0.35
0.54
0.53
0.52
0.51
CorWatt	PkgWatt
15.73	127.66
0.57	127.66
0.47
0.44
0.42
0.71
1.31
0.74
0.71
0.38
0.45
0.36
0.37
0.50
0.51
0.48
0.50
0.44
0.46
0.45
0.49
0.39
0.38
0.38
0.38
0.35
0.35
0.36
0.35
0.53
0.52
0.50
0.49
CorWatt	PkgWatt
17.22	129.45
0.58	129.47
0.47
0.45
0.47
0.55
2.97
0.58
0.53
0.37
0.48
0.36
0.37
0.51
0.51
0.48
0.50
0.44
0.46
0.44
0.48
0.39
0.38
0.38
0.38
0.37
0.37
0.37
0.36
0.63
0.55
0.54
0.51
CorWatt	PkgWatt
17.22	129.90
0.56	129.88
0.47
0.46
0.43
0.49
3.38
0.52
0.48
0.38
0.43
0.36
0.37
0.50
0.50
0.49
0.50
0.44
0.46
0.44
0.48
0.38
0.39
0.40
0.40
0.35
0.35
0.35
0.35
0.59
0.52
0.51
0.49
CorWatt	PkgWatt
17.63	130.14
0.56	130.15
0.48
0.48
0.45
0.50
3.38
0.54
0.50
0.39
0.45
0.38
0.38
0.51
0.51
0.50
0.52
0.47
0.49
0.47
0.50
0.39
0.41
0.39
0.39
0.36
0.37
0.38
0.36
0.56
0.53
0.52
0.52
CorWatt	PkgWatt
17.11	129.71
0.57	129.71
0.47
0.46
0.45
0.49
3.38
0.52
0.48
0.38
0.42
0.36
0.36
0.49
0.51
0.48
0.50
0.44
0.46
0.45
0.48
0.38
0.38
0.38
0.38
0.35
0.35
0.35
0.35
0.54
0.51
0.50
0.49
CorWatt	PkgWatt
17.31	129.77
0.58	129.78
0.49
0.47
0.43
0.49
3.38
0.53
0.49
0.38
0.45
0.36
0.37
0.51
0.51
0.48
0.50
0.44
0.46
0.45
0.49
0.38
0.39
0.38
0.40
0.35
0.36
0.37
0.36
0.54
0.52
0.51
0.52
CorWatt	PkgWatt
17.09	129.69
0.57	129.68
0.47
0.45
0.42
0.49
3.39
0.51
0.49
0.38
0.44
0.36
0.36
0.49
0.50
0.48
0.51
0.44
0.46
0.44
0.48
0.38
0.38
0.38
0.38
0.35
0.35
0.35
0.35
0.53
0.51
0.50
0.50
CorWatt	PkgWatt
17.44	130.03
0.58	130.04
0.50
0.46
0.43
0.49
3.38
0.53
0.49
0.40
0.44
0.37
0.39
0.50
0.50
0.49
0.51
0.44
0.46
0.45
0.48
0.38
0.40
0.38
0.38
0.35
0.36
0.39
0.37
0.58
0.52
0.51
0.51
CorWatt	PkgWatt
17.20	129.71
0.56	129.71
0.48
0.45
0.44
0.50
3.38
0.53
0.50
0.38
0.43
0.36
0.37
0.49
0.50
0.48
0.51
0.44
0.46
0.45
0.48
0.38
0.39
0.38
0.39
0.35
0.35
0.35
0.35
0.58
0.51
0.50
0.49
CorWatt	PkgWatt
17.29	129.79
0.56	129.79
0.49
0.45
0.43
0.51
3.38
0.52
0.51
0.39
0.45
0.38
0.38
0.50
0.50
0.50
0.51
0.44
0.45
0.45
0.48
0.38
0.39
0.38
0.39
0.35
0.35
0.36
0.35
0.55
0.51
0.50
0.51
CorWatt	PkgWatt
17.28	129.89
0.56	129.89
0.48
0.46
0.47
0.49
3.39
0.51
0.50
0.40
0.44
0.36
0.37
0.51
0.51
0.50
0.50
0.45
0.46
0.45
0.48
0.40
0.38
0.38
0.40
0.36
0.35
0.35
0.35
0.52
0.51
0.50
0.49
CorWatt	PkgWatt
17.53	130.01
0.57	130.01
0.48
0.46
0.43
0.50
3.38
0.52
0.50
0.40
0.49
0.38
0.38
0.51
0.50
0.49
0.51
0.44
0.46
0.47
0.48
0.40
0.38
0.38
0.38
0.36
0.36
0.38
0.38
0.53
0.54
0.52
0.51
CorWatt	PkgWatt
17.15	129.71
0.56	129.70
0.47
0.44
0.43
0.49
3.38
0.51
0.48
0.38
0.43
0.37
0.39
0.50
0.50
0.48
0.50
0.44
0.46
0.45
0.48
0.39
0.38
0.38
0.38
0.35
0.35
0.37
0.37
0.52
0.52
0.50
0.49
CorWatt	PkgWatt
18.04	129.93
0.82	129.95
0.57
0.51
0.53
0.62
1.54
0.64
0.63
0.43
0.80
0.44
0.43
0.60
0.57
0.58
0.59
0.48
0.51
0.52
0.54
0.43
0.43
0.43
0.43
0.40
0.38
0.43
0.45
0.61
0.56
0.57
0.57
CorWatt	PkgWatt
16.74	128.57
0.59	128.56
0.50
0.44
0.43
0.83
1.06
1.37
0.83
0.39
0.44
0.36
0.38
0.51
0.54
0.51
0.51
0.48
0.48
0.47
0.49
0.39
0.39
0.40
0.40
0.37
0.35
0.37
0.37
0.54
0.53
0.52
0.52
CorWatt	PkgWatt
16.74	128.53
0.59	128.53
0.51
0.50
0.45
0.83
0.89
1.53
0.83
0.40
0.44
0.37
0.37
0.52
0.51
0.49
0.50
0.45
0.47
0.46
0.49
0.39
0.40
0.38
0.38
0.37
0.37
0.38
0.38
0.54
0.52
0.51
0.51
CorWatt	PkgWatt
16.43	128.21
0.57	128.21
0.48
0.50
0.43
0.83
0.88
1.53
0.82
0.38
0.44
0.36
0.37
0.51
0.51
0.48
0.50
0.44
0.47
0.46
0.49
0.39
0.38
0.39
0.38
0.35
0.35
0.36
0.35
0.53
0.52
0.50
0.50
CorWatt	PkgWatt
16.51	128.43
0.57	128.44
0.47
0.49
0.43
0.83
1.52
0.88
0.84
0.38
0.46
0.36
0.37
0.51
0.50
0.51
0.50
0.44
0.48
0.47
0.51
0.38
0.38
0.38
0.38
0.35
0.35
0.36
0.37
0.54
0.51
0.51
0.50
CorWatt	PkgWatt
16.41	128.28
0.57	128.27
0.45
0.51
0.42
0.83
1.52
0.86
0.83
0.38
0.44
0.36
0.36
0.50
0.51
0.48
0.50
0.44
0.46
0.45
0.48
0.38
0.38
0.39
0.39
0.35
0.36
0.36
0.36
0.55
0.51
0.50
0.50
CorWatt	PkgWatt
17.08	128.76
0.57	128.77
0.48
0.50
0.43
0.91
1.75
0.94
0.90
0.38
0.45
0.37
0.37
0.52
0.51
0.49
0.51
0.45
0.46
0.47
0.49
0.38
0.39
0.39
0.38
0.37
0.38
0.39
0.38
0.55
0.51
0.51
0.51
CorWatt	PkgWatt
19.83	131.14
0.60	131.15
0.46
0.51
0.45
1.34
3.06
1.41
1.33
0.41
0.45
0.38
0.40
0.51
0.52
0.48
0.50
0.44
0.47
0.46
0.51
0.40
0.38
0.39
0.39
0.38
0.35
0.37
0.39
0.54
0.53
0.50
0.52
CorWatt	PkgWatt
19.63	131.18
0.60	131.19
0.45
0.47
0.43
1.34
1.35
3.11
1.34
0.38
0.48
0.36
0.37
0.50
0.50
0.48
0.51
0.45
0.46
0.45
0.49
0.39
0.38
0.38
0.39
0.37
0.36
0.36
0.37
0.56
0.52
0.51
0.52
CorWatt	PkgWatt
19.45	130.80
0.60	130.80
0.45
0.46
0.43
1.34
2.26
2.21
1.34
0.38
0.44
0.36
0.37
0.50
0.51
0.48
0.50
0.44
0.47
0.46
0.49
0.39
0.38
0.38
0.38
0.35
0.35
0.36
0.35
0.53
0.52
0.51
0.50
CorWatt	PkgWatt
20.03	131.33
0.59	131.34
0.47
0.49
0.46
1.34
2.49
1.98
1.33
0.41
0.47
0.40
0.38
0.55
0.54
0.55
0.54
0.46
0.48
0.46
0.50
0.39
0.40
0.39
0.40
0.35
0.36
0.37
0.37
0.56
0.54
0.52
0.51
CorWatt	PkgWatt
19.71	131.25
0.60	131.25
0.46
0.46
0.44
1.34
3.14
1.35
1.34
0.41
0.48
0.39
0.37
0.50
0.51
0.51
0.51
0.44
0.48
0.46
0.49
0.39
0.38
0.38
0.40
0.35
0.35
0.38
0.35
0.54
0.52
0.50
0.49
CorWatt	PkgWatt
19.94	131.46
0.62	131.47
0.49
0.48
0.45
1.34
3.12
1.35
1.33
0.42
0.49
0.37
0.37
0.54
0.50
0.48
0.50
0.44
0.46
0.49
0.48
0.42
0.39
0.38
0.38
0.35
0.35
0.37
0.36
0.57
0.55
0.54
0.55
CorWatt	PkgWatt
19.58	131.05
0.60	131.04
0.45
0.48
0.45
1.34
1.99
2.47
1.34
0.39
0.45
0.37
0.37
0.50
0.53
0.49
0.52
0.44
0.46
0.46
0.49
0.39
0.38
0.38
0.38
0.35
0.35
0.36
0.35
0.54
0.52
0.50
0.51
CorWatt	PkgWatt
19.84	130.97
0.61	130.97
0.45
0.48
0.45
1.34
2.20
2.26
1.34
0.38
0.48
0.41
0.41
0.52
0.53
0.51
0.51
0.45
0.46
0.47
0.49
0.39
0.39
0.38
0.39
0.35
0.35
0.37
0.39
0.55
0.52
0.51
0.51
CorWatt	PkgWatt
19.60	131.08
0.61	131.08
0.45
0.49
0.46
1.33
1.35
3.11
1.33
0.39
0.46
0.37
0.38
0.50
0.51
0.48
0.51
0.44
0.47
0.45
0.50
0.39
0.38
0.38
0.38
0.35
0.35
0.35
0.35
0.55
0.51
0.50
0.50
CorWatt	PkgWatt
19.64	131.07
0.59	131.07
0.46
0.51
0.43
1.34
2.84
1.65
1.33
0.37
0.47
0.38
0.39
0.50
0.50
0.49
0.51
0.44
0.46
0.46
0.49
0.40
0.39
0.39
0.38
0.35
0.35
0.35
0.35
0.55
0.51
0.50
0.51
CorWatt	PkgWatt
18.56	130.17
0.57	130.16
0.46
0.49
0.43
1.17
2.66
1.20
1.17
0.38
0.45
0.36
0.37
0.51
0.51
0.49
0.51
0.44
0.48
0.45
0.49
0.39
0.38
0.38
0.38
0.36
0.35
0.36
0.36
0.51
0.51
0.50
0.49
CorWatt	PkgWatt
20.06	134.07
0.66	134.09
0.53
0.51
0.54
0.58
0.58
0.64
0.56
0.43
0.53
0.42
0.98
0.58
3.31
0.58
0.60
0.51
0.52
0.51
0.54
0.44
0.44
0.44
0.44
0.44
0.43
0.48
0.45
0.60
0.60
0.60
0.59
CorWatt	PkgWatt
19.87	136.98
0.53	136.96
0.46
0.46
0.43
0.48
0.49
0.52
0.47
0.38
0.46
0.37
0.48
0.51
5.90
0.52
0.53
0.44
0.48
0.46
0.49
0.39
0.40
0.39
0.40
0.35
0.35
0.35
0.35
0.50
0.52
0.50
0.49
CorWatt	PkgWatt
20.12	137.29
1.18	137.29
0.46
0.47
0.44
0.49
0.51
0.53
0.48
0.40
0.45
0.38
0.49
0.52
5.23
0.53
0.54
0.47
0.48
0.46
0.50
0.39
0.40
0.39
0.38
0.36
0.36
0.37
0.36
0.53
0.52
0.51
0.52
CorWatt	PkgWatt
19.73	138.52
5.56	138.52
0.54
0.48
0.46
0.48
0.49
0.51
0.47
0.59
0.45
0.37
0.49
0.50
0.52
0.51
0.51
0.44
0.46
0.45
0.48
0.38
0.38
0.37
0.38
0.35
0.35
0.38
0.35
0.53
0.52
0.50
0.50
CorWatt	PkgWatt
20.17	137.05
0.54	137.05
0.51
0.48
0.43
0.49
0.52
0.52
0.49
5.77
0.48
0.39
0.50
0.51
0.52
0.52
0.52
0.44
0.46
0.45
0.49
0.38
0.40
0.38
0.40
0.36
0.38
0.38
0.37
0.52
0.52
0.51
0.52
CorWatt	PkgWatt
19.76	136.92
0.53	136.92
0.50
0.46
0.43
0.48
0.49
0.49
0.48
5.78
0.44
0.38
0.49
0.50
0.51
0.51
0.51
0.44
0.46
0.45
0.48
0.39
0.38
0.38
0.38
0.35
0.35
0.36
0.36
0.51
0.51
0.50
0.50
CorWatt	PkgWatt
19.93	137.02
0.53	137.02
0.50
0.45
0.43
0.48
0.51
0.48
0.48
5.79
0.45
0.41
0.50
0.50
0.52
0.53
0.51
0.44
0.45
0.45
0.48
0.38
0.40
0.38
0.38
0.35
0.35
0.41
0.35
0.52
0.53
0.50
0.51
CorWatt	PkgWatt
19.83	137.07
0.52	137.06
0.50
0.44
0.43
0.49
0.50
0.50
0.50
5.79
0.45
0.39
0.51
0.50
0.51
0.51
0.51
0.44
0.46
0.45
0.48
0.38
0.40
0.38
0.40
0.35
0.35
0.36
0.35
0.51
0.51
0.50
0.50
CorWatt	PkgWatt
20.15	137.23
0.52	137.23
0.52
0.45
0.44
0.50
0.50
0.49
0.51
5.78
0.46
0.40
0.50
0.52
0.52
0.54
0.52
0.45
0.46
0.46
0.49
0.40
0.39
0.38
0.40
0.35
0.36
0.38
0.36
0.53
0.52
0.51
0.51
CorWatt	PkgWatt
20.00	137.17
0.52	137.17
0.50
0.45
0.47
0.49
0.50
0.48
0.49
5.79
0.46
0.39
0.50
0.51
0.52
0.54
0.51
0.45
0.46
0.45
0.48
0.40
0.38
0.38
0.40
0.35
0.35
0.35
0.37
0.55
0.51
0.50
0.49
CorWatt	PkgWatt
20.05	137.26
0.53	137.27
0.49
0.45
0.44
0.51
0.52
0.49
0.49
5.79
0.48
0.39
0.49
0.50
0.50
0.52
0.51
0.44
0.45
0.47
0.48
0.40
0.38
0.38
0.38
0.35
0.36
0.40
0.38
0.53
0.52
0.52
0.51
CorWatt	PkgWatt
19.86	137.15
0.51	137.15
0.51
0.45
0.43
0.49
0.51
0.49
0.49
5.79
0.46
0.39
0.50
0.50
0.51
0.52
0.51
0.44
0.46
0.46
0.49
0.39
0.38
0.38
0.38
0.35
0.35
0.38
0.35
0.52
0.51
0.50
0.49
CorWatt	PkgWatt
20.15	137.31
0.53	137.31
0.50
0.44
0.44
0.50
0.52
0.49
0.51
5.79
0.45
0.40
0.50
0.51
0.51
0.53
0.52
0.45
0.47
0.50
0.50
0.38
0.38
0.38
0.38
0.37
0.35
0.41
0.36
0.55
0.51
0.51
0.51
CorWatt	PkgWatt
20.13	137.46
0.52	137.46
0.48
0.46
0.46
0.49
0.51
0.48
0.48
5.79
0.44
0.39
0.49
0.50
0.55
0.55
0.51
0.48
0.47
0.49
0.49
0.39
0.38
0.40
0.38
0.36
0.35
0.37
0.37
0.53
0.52
0.52
0.53
CorWatt	PkgWatt
20.00	137.26
0.54	137.25
0.51
0.46
0.44
0.48
0.52
0.48
0.48
5.79
0.44
0.39
0.48
0.52
0.52
0.52
0.51
0.44
0.46
0.46
0.48
0.38
0.38
0.38
0.38
0.35
0.35
0.40
0.35
0.55
0.52
0.50
0.52
CorWatt	PkgWatt
19.91	137.22
0.52	137.21
0.49
0.44
0.44
0.48
0.51
0.49
0.49
5.80
0.44
0.39
0.49
0.50
0.51
0.53
0.51
0.44
0.47
0.47
0.49
0.39
0.38
0.38
0.38
0.35
0.35
0.36
0.35
0.57
0.51
0.50
0.50
CorWatt	PkgWatt
20.11	137.47
0.53	137.48
0.52
0.46
0.44
0.49
0.51
0.50
0.50
5.79
0.45
0.39
0.48
0.51
0.51
0.53
0.52
0.45
0.48
0.47
0.51
0.38
0.39
0.38
0.38
0.35
0.36
0.37
0.35
0.55
0.52
0.51
0.52
CorWatt	PkgWatt
19.48	133.47
0.58	133.48
0.53
0.55
0.51
0.55
0.58
0.56
0.55
2.51
0.51
0.48
0.55
0.57
0.59
0.61
0.61
0.52
0.52
0.55
1.04
0.49
0.47
0.47
0.59
0.40
0.41
0.46
0.41
0.60
0.56
0.58
0.56
CorWatt	PkgWatt
18.11	130.97
0.56	130.96
0.48
0.53
0.48
0.49
0.52
0.53
0.49
0.42
0.48
0.41
0.39
0.53
0.52
0.54
0.53
0.45
0.47
0.49
0.61
0.47
0.45
0.42
3.13
0.37
0.37
0.40
0.39
0.56
0.57
0.50
0.57
CorWatt	PkgWatt
17.66	130.65
0.52	130.66
0.44
0.51
0.46
0.48
0.52
0.50
0.49
0.44
0.46
0.39
0.41
0.51
0.52
0.50
0.52
0.45
0.48
0.47
0.61
0.48
0.41
0.42
3.08
0.38
0.35
0.37
0.37
0.55
0.54
0.50
0.52
CorWatt	PkgWatt
17.57	130.34
0.52	130.33
0.44
0.49
0.44
0.49
0.51
0.50
0.49
0.41
0.49
0.38
0.38
0.50
0.51
0.50
0.52
0.45
0.46
0.47
0.59
0.46
0.41
0.41
3.06
0.38
0.39
0.40
0.36
0.57
0.52
0.51
0.54
CorWatt	PkgWatt
17.35	130.29
0.52	130.30
0.44
0.49
0.44
0.50
0.53
0.52
0.50
0.40
0.44
0.38
0.38
0.50
0.51
0.50
0.51
0.45
0.47
0.47
0.60
0.45
0.41
0.41
3.07
0.35
0.35
0.37
0.35
0.56
0.51
0.50
0.50
CorWatt	PkgWatt
17.47	130.38
0.52	130.39
0.44
0.49
0.44
0.48
0.50
0.50
0.48
0.43
0.44
0.39
0.38
0.52
0.53
0.54
0.53
0.45
0.46
0.46
0.61
0.46
0.41
0.41
3.08
0.35
0.35
0.36
0.35
0.57
0.53
0.50
0.51
CorWatt	PkgWatt
17.78	130.51
0.53	130.49
0.46
0.48
0.46
0.49
0.51
0.51
0.49
0.43
0.48
0.41
0.39
0.52
0.52
0.54
0.53
0.46
0.48
0.47
0.61
3.07
0.42
0.42
0.53
0.36
0.35
0.37
0.36
0.55
0.52
0.51
0.53
CorWatt	PkgWatt
17.54	130.47
0.53	130.47
0.44
0.51
0.46
0.49
0.51
0.52
0.49
0.43
0.45
0.38
0.38
0.51
0.51
0.50
0.51
0.45
0.47
0.47
0.60
3.07
0.43
0.41
0.48
0.36
0.35
0.39
0.36
0.55
0.51
0.51
0.51
CorWatt	PkgWatt
17.44	130.46
0.52	130.50
0.44
0.51
0.46
0.51
0.51
0.50
0.50
0.40
0.44
0.37
0.38
0.50
0.54
0.50
0.53
0.45
0.47
0.46
0.60
3.09
0.41
0.41
0.48
0.35
0.35
0.36
0.35
0.54
0.51
0.50
0.51
CorWatt	PkgWatt
17.57	130.46
0.54	130.43
0.43
0.49
0.44
0.49
0.51
0.51
0.48
0.41
0.46
0.42
0.39
0.51
0.54
0.52
0.51
0.45
0.46
0.47
0.61
0.51
0.41
0.41
3.05
0.35
0.35
0.40
0.37
0.56
0.51
0.50
0.50
CorWatt	PkgWatt
17.38	130.41
0.53	130.40
0.44
0.49
0.47
0.49
0.51
0.50
0.50
0.42
0.44
0.38
0.39
0.50
0.51
0.50
0.51
0.45
0.47
0.46
0.61
0.48
0.41
0.41
3.06
0.35
0.35
0.36
0.36
0.55
0.50
0.50
0.49
CorWatt	PkgWatt
17.44	130.52
0.53	130.53
0.44
0.48
0.44
0.49
0.51
0.52
0.49
0.41
0.45
0.40
0.40
0.50
0.51
0.50
0.51
0.45
0.46
0.46
0.60
0.48
0.43
0.42
3.06
0.35
0.35
0.36
0.35
0.55
0.51
0.51
0.53
CorWatt	PkgWatt
17.26	130.31
0.51	130.31
0.44
0.48
0.44
0.48
0.51
0.51
0.48
0.40
0.44
0.38
0.39
0.51
0.52
0.50
0.51
0.45
0.47
0.46
0.60
0.45
0.41
0.41
3.06
0.35
0.35
0.36
0.36
0.51
0.50
0.50
0.51
CorWatt	PkgWatt
17.74	130.68
0.54	130.69
0.45
0.50
0.49
0.50
0.50
0.53
0.48
0.41
0.49
0.37
0.39
0.52
0.54
0.49
0.51
0.45
0.46
0.46
0.60
0.46
0.41
0.41
3.07
0.38
0.37
0.40
0.36
0.58
0.53
0.54
0.53
CorWatt	PkgWatt
17.33	130.46
0.52	130.45
0.44
0.51
0.44
0.49
0.51
0.51
0.48
0.39
0.45
0.37
0.38
0.51
0.51
0.51
0.52
0.45
0.46
0.46
0.60
0.45
0.43
0.42
3.06
0.35
0.35
0.36
0.35
0.52
0.50
0.51
0.51
CorWatt	PkgWatt
17.44	130.49
0.52	130.50
0.44
0.50
0.44
0.49
0.51
0.51
0.49
0.42
0.44
0.38
0.38
0.50
0.50
0.50
0.51
0.49
0.48
0.46
0.61
0.46
0.43
0.42
3.06
0.35
0.35
0.37
0.35
0.54
0.51
0.51
0.53
CorWatt	PkgWatt
17.38	130.32
0.53	130.32
0.44
0.50
0.48
0.48
0.50
0.51
0.49
0.40
0.44
0.38
0.38
0.50
0.51
0.50
0.51
0.46
0.47
0.47
0.59
0.47
0.41
0.41
3.06
0.35
0.35
0.38
0.35
0.52
0.51
0.50
0.51
CorWatt	PkgWatt
17.47	130.33
0.54	130.33
0.46
0.51
0.44
0.48
0.52
0.51
0.49
0.40
0.46
0.37
0.39
0.50
0.51
0.50
0.51
0.45
0.47
0.46
0.59
0.45
0.44
0.42
3.02
0.36
0.36
0.38
0.37
0.53
0.50
0.51
0.54
CorWatt	PkgWatt
18.12	130.31
0.86	130.32
0.84
0.69
0.64
0.55
0.59
1.11
0.59
0.48
0.50
0.46
0.44
0.57
0.58
0.57
0.58
0.53
0.53
0.53
0.60
0.49
0.46
0.46
0.52
0.40
0.40
0.42
0.39
0.62
0.58
0.57
0.60
CorWatt	PkgWatt
16.52	128.63
1.12	128.62
0.94
0.75
0.70
0.49
0.53
0.60
0.52
0.43
0.45
0.40
0.40
0.51
0.51
0.52
0.51
0.45
0.46
0.47
0.50
0.39
0.40
0.38
0.45
0.36
0.37
0.38
0.35
0.55
0.52
0.52
0.57
CorWatt	PkgWatt
16.26	128.40
0.87	128.40
1.23
0.76
0.70
0.50
0.51
0.62
0.52
0.41
0.45
0.37
0.38
0.50
0.51
0.49
0.51
0.45
0.46
0.47
0.49
0.40
0.40
0.38
0.41
0.35
0.35
0.36
0.36
0.52
0.51
0.50
0.53
CorWatt	PkgWatt
16.33	128.64
0.78	128.64
1.31
0.75
0.70
0.51
0.51
0.61
0.53
0.40
0.45
0.39
0.39
0.51
0.50
0.50
0.51
0.46
0.46
0.46
0.50
0.42
0.38
0.38
0.40
0.35
0.35
0.36
0.35
0.54
0.52
0.50
0.55
CorWatt	PkgWatt
16.32	128.41
0.79	128.41
1.32
0.76
0.72
0.49
0.51
0.60
0.50
0.41
0.45
0.37
0.38
0.53
0.52
0.51
0.51
0.45
0.47
0.47
0.49
0.41
0.38
0.38
0.40
0.36
0.35
0.35
0.36
0.53
0.51
0.50
0.54
CorWatt	PkgWatt
17.20	129.17
1.71	129.18
0.83
0.85
0.80
0.51
0.53
0.60
0.50
0.41
0.49
0.39
0.38
0.50
0.52
0.50
0.52
0.45
0.46
0.48
0.50
0.42
0.40
0.38
0.39
0.36
0.36
0.40
0.38
0.57
0.53
0.52
0.55
CorWatt	PkgWatt
19.10	131.08
1.15	131.07
3.09
1.14
1.12
0.49
0.51
0.60
0.49
0.40
0.44
0.37
0.38
0.50
0.51
0.51
0.51
0.44
0.47
0.46
0.50
0.40
0.39
0.38
0.39
0.35
0.35
0.36
0.35
0.54
0.51
0.50
0.52
CorWatt	PkgWatt
19.43	131.42
2.02	131.42
2.25
1.19
1.16
0.51
0.53
0.60
0.51
0.39
0.45
0.37
0.39
0.50
0.50
0.49
0.50
0.46
0.49
0.50
0.51
0.39
0.39
0.39
0.39
0.36
0.35
0.36
0.36
0.56
0.51
0.51
0.54
CorWatt	PkgWatt
19.58	131.56
1.22	131.55
3.04
1.18
1.17
0.50
0.51
0.61
0.50
0.41
0.43
0.38
0.41
0.50
0.54
0.51
0.51
0.49
0.47
0.48
0.50
0.41
0.39
0.41
0.40
0.37
0.35
0.37
0.37
0.54
0.51
0.52
0.55
CorWatt	PkgWatt
19.27	131.15
1.16	131.15
3.08
1.16
1.14
0.49
0.51
0.60
0.49
0.40
0.45
0.38
0.38
0.51
0.52
0.49
0.51
0.45
0.48
0.46
0.50
0.39
0.39
0.39
0.40
0.35
0.35
0.36
0.36
0.55
0.52
0.51
0.55
CorWatt	PkgWatt
19.28	131.32
1.19	131.32
3.07
1.18
1.17
0.49
0.51
0.61
0.50
0.39
0.43
0.38
0.38
0.51
0.52
0.49
0.50
0.45
0.48
0.47
0.52
0.39
0.39
0.39
0.39
0.35
0.35
0.36
0.35
0.55
0.51
0.50
0.52
CorWatt	PkgWatt
19.27	131.18
1.18	131.18
3.05
1.17
1.17
0.50
0.51
0.62
0.51
0.41
0.44
0.38
0.38
0.50
0.51
0.49
0.50
0.45
0.49
0.47
0.52
0.39
0.39
0.38
0.39
0.35
0.35
0.35
0.35
0.54
0.51
0.50
0.54
CorWatt	PkgWatt
19.49	131.51
1.18	131.50
3.05
1.18
1.17
0.50
0.52
0.60
0.51
0.41
0.43
0.39
0.39
0.51
0.52
0.50
0.52
0.46
0.49
0.48
0.50
0.40
0.40
0.41
0.39
0.36
0.37
0.37
0.37
0.57
0.51
0.51
0.53
CorWatt	PkgWatt
19.51	131.52
3.08	131.52
1.17
1.17
1.16
0.49
0.52
0.59
0.53
0.41
0.43
0.39
0.39
0.51
0.50
0.49
0.51
0.46
0.48
0.49
0.51
0.40
0.40
0.40
0.39
0.37
0.37
0.37
0.36
0.59
0.51
0.50
0.55
CorWatt	PkgWatt
19.40	131.31
2.67	131.32
1.58
1.15
1.14
0.49
0.51
0.60
0.50
0.42
0.45
0.38
0.40
0.51
0.53
0.49
0.51
0.45
0.47
0.46
0.51
0.42
0.39
0.40
0.41
0.37
0.35
0.36
0.37
0.55
0.54
0.50
0.52
CorWatt	PkgWatt
19.41	131.30
1.19	131.30
2.01
2.24
1.17
0.49
0.52
0.60
0.52
0.40
0.48
0.37
0.38
0.50
0.52
0.51
0.51
0.45
0.46
0.46
0.49
0.39
0.40
0.39
0.39
0.37
0.37
0.38
0.35
0.56
0.51
0.50
0.54
CorWatt	PkgWatt
19.32	131.47
1.19	131.46
3.06
1.19
1.17
0.51
0.54
0.62
0.51
0.40
0.45
0.37
0.38
0.50
0.52
0.51
0.51
0.45
0.48
0.46
0.50
0.40
0.39
0.39
0.39
0.35
0.35
0.36
0.35
0.54
0.50
0.50
0.49
CorWatt	PkgWatt
19.41	131.25
1.00	131.29
1.91
0.89
0.91
0.53
0.55
0.70
0.57
0.50
0.50
0.46
0.42
0.53
0.55
0.61
0.64
0.51
0.51
0.50
0.55
0.44
0.45
0.53
0.46
0.45
0.42
0.47
0.41
0.62
0.60
0.60
0.63
