CorWatt	PkgWatt
191.40	395.35
3.15	200.75
3.19
3.13
3.13
3.23
3.10
3.22
2.96
3.00
3.15
3.12
3.05
3.01
3.19
3.12
3.13
3.10
3.18
3.19
3.17
3.19
3.16
3.31
3.28
3.05
3.15
3.21
3.23
3.14
3.16
3.13
3.04
2.83	187.58
2.79
2.88
2.90
2.67
2.72
2.83
2.79
2.58
2.75
2.76
2.70
2.69
2.61
2.72
2.82
2.69
2.64
2.72
2.71
2.86
2.90
2.77
2.89
2.72
2.72
2.76
2.75
2.79
2.74
2.67
2.77
CorWatt	PkgWatt
187.71	387.63
3.19	201.63
3.14
3.14
3.09
3.16
3.02
3.33
3.05
3.10
3.19
3.07
3.18
3.09
3.14
3.11
3.12
3.12
3.17
3.27
3.26
3.29
3.19
3.28
3.19
3.10
3.16
3.05
3.06
3.16
3.13
3.14
3.07
2.72	186.29
2.79
2.80
2.82
2.55
2.73
2.83
2.70
2.50
2.71
2.76
2.80
2.68
2.60
2.70
2.61
2.67
2.65
2.68
2.73
2.81
2.81
2.81
2.91
2.62
2.69
2.74
2.66
2.78
2.70
2.62
2.68
CorWatt	PkgWatt
214.50	426.85
3.52	218.41
3.31
3.50
3.45
3.59
3.49
3.58
3.62
3.43
3.53
3.28
3.41
3.27
3.42
3.37
3.26
3.61
3.70
3.74
3.66
3.68
3.70
3.62
3.59
3.48
3.59
3.55
3.47
3.57
3.47
3.54
3.58
2.92	204.75
3.03
3.06
3.06
2.86
3.04
3.15
3.09
3.06
3.32
3.20
3.32
3.08
3.12
3.17
3.13
3.27
3.33
3.32
3.28
3.34
3.27
3.15
3.28
2.91
3.22
3.03
2.90
3.22
3.22
3.15
3.09
CorWatt	PkgWatt
191.74	391.21
3.25	202.71
3.15
3.25
3.13
3.26
3.15
3.11
3.16
3.18
3.16
3.11
3.20
3.14
3.22
3.15
3.10
3.20
3.31
3.19
3.25
3.36
3.30
3.22
3.24
3.26
3.24
3.16
3.31
3.29
3.27
3.17
3.14
2.79	188.82
2.78
2.90
2.79
2.77
2.75
2.83
2.87
2.63
2.73
2.78
2.81
2.67
2.73
2.77
2.77
2.75
2.85
2.82
2.82
2.89
2.83
2.81
2.89
2.72
2.86
2.87
2.72
2.76
2.79
2.76
2.81
CorWatt	PkgWatt
197.64	406.56
3.15	201.05
3.19
3.15
3.25
3.13
2.97
3.15
3.15
3.15
3.15
3.11
3.09
3.14
3.14
3.12
3.07
3.17
3.15
3.20
3.24
3.27
3.33
3.34
3.08
3.12
3.17
3.25
3.22
3.21
3.17
3.15
3.06
2.92	190.83
2.83
2.99
2.81
2.89
2.94
2.82
3.00
2.69
2.70
2.73
2.74
2.67
2.83
2.87
2.79
2.94
2.84
2.93
3.04
2.85
2.86
2.89
2.98
2.76
2.78
2.80
2.76
2.94
2.89
2.97
2.84
CorWatt	PkgWatt
195.60	396.93
3.12	203.57
3.22
3.20
3.11
3.23
3.23
3.17
3.07
3.24
3.13
3.17
3.12
3.25
3.20
3.16
3.20
3.24
3.22
3.26
3.29
3.26
3.31
3.35
3.24
3.22
3.17
3.40
3.13
3.29
3.26
3.07
3.24
2.85	193.24
2.83
2.91
2.87
2.83
3.02
2.92
2.98
2.74
2.83
2.87
2.82
2.75
2.78
2.78
2.84
3.01
3.03
3.05
3.02
2.98
2.95
3.06
3.02
2.94
2.79
2.87
2.87
2.98
2.91
2.88
2.85
CorWatt	PkgWatt
204.35	407.44
3.25	208.18
3.44
3.35
3.19
3.28
3.20
3.40
3.31
3.27
3.22
3.29
3.30
3.35
3.27
3.35
3.35
3.34
3.41
3.40
3.42
3.41
3.40
3.38
3.39
3.36
3.40
3.44
3.31
3.34
3.29
3.29
3.37
3.03	199.45
3.12
3.07
3.04
3.05
3.08
3.11
3.08
2.89
2.96
2.90
3.13
2.88
2.92
2.97
2.97
3.05
3.12
3.08
3.23
3.11
3.11
3.16
3.12
3.06
3.11
3.19
3.01
3.07
3.04
3.03
2.97
CorWatt	PkgWatt
195.65	396.57
3.09	202.51
3.30
3.28
3.05
3.17
3.01
3.30
3.27
3.19
3.19
3.15
3.08
3.14
3.19
3.15
3.05
3.28
3.14
3.21
3.25
3.24
3.25
3.32
3.23
3.29
3.12
3.14
3.14
3.19
3.20
3.21
3.15
2.86	193.90
3.02
2.97
2.99
3.07
3.11
3.11
2.93
2.83
2.84
2.78
2.95
2.78
2.76
2.85
2.89
2.87
3.03
2.82
2.97
2.93
3.05
2.97
2.92
2.85
2.96
2.90
2.93
2.91
3.02
2.89
2.87
CorWatt	PkgWatt
164.80	379.65
2.52	189.67
2.64
2.55
2.97
2.51
2.60
2.56
2.63
2.44
2.48
2.45
2.46
2.49
2.67
2.68
2.66
2.57
2.51
2.56
2.57
2.58
2.55
2.57
2.54
2.48
2.54
2.53
2.56
2.47
2.49
2.70
2.95
2.53	190.11
2.55
2.63
3.00
2.83
2.62
2.60
2.65
2.47
2.52
2.46
2.47
2.47
2.52
2.52
2.48
2.93
2.49
2.45
2.48
2.56
2.58
2.52
2.57
2.48
2.44
2.46
2.48
2.86
2.57
2.55
2.63
CorWatt	PkgWatt
152.38	364.33
2.41	182.53
2.44
2.44
2.40
2.40
2.36
2.42
2.40
2.34
2.35
2.31
2.37
2.36
2.37
2.31
2.34
2.43
2.41
2.46
2.41
2.45
2.46
2.43
2.44
2.37
2.40
2.40
2.42
2.37
2.39
2.37
2.39
2.40	181.88
2.38
2.37
2.37
2.38
2.37
2.41
2.39
2.36
2.36
2.35
2.35
2.37
2.36
2.36
2.35
2.34
2.38
2.36
2.36
2.42
2.39
2.38
2.42
2.32
2.33
2.36
2.35
2.36
2.38
2.37
2.34
CorWatt	PkgWatt
154.91	369.54
2.43	184.96
2.47
2.49
2.43
2.49
2.40
2.49
2.45
2.38
2.40
2.34
2.41
2.39
2.40
2.39
2.37
2.43
2.47
2.50
2.42
2.47
2.50
2.46
2.47
2.43
2.47
2.41
2.46
2.38
2.40
2.40
2.46
2.40	184.45
2.45
2.40
2.44
2.43
2.44
2.42
2.43
2.38
2.36
2.40
2.40
2.41
2.40
2.39
2.41
2.35
2.41
2.40
2.40
2.45
2.45
2.43
2.46
2.34
2.39
2.40
2.37
2.42
2.39
2.41
2.37
CorWatt	PkgWatt
153.28	368.28
2.42	184.28
2.46
2.46
2.38
2.44
2.38
2.46
2.44
2.36
2.36
2.31
2.35
2.38
2.38
2.35
2.33
2.42
2.46
2.47
2.38
2.48
2.46
2.45
2.44
2.40
2.43
2.40
2.43
2.36
2.39
2.40
2.41
2.40	184.09
2.43
2.41
2.43
2.43
2.43
2.42
2.40
2.37
2.32
2.36
2.37
2.36
2.38
2.34
2.34
2.34
2.40
2.35
2.39
2.39
2.44
2.44
2.41
2.36
2.37
2.34
2.38
2.37
2.37
2.38
2.37
CorWatt	PkgWatt
210.65	421.63
3.33	214.89
3.39
3.48
3.36
3.44
3.35
3.53
3.41
3.28
3.30
3.33
3.41
3.42
3.37
3.34
3.27
3.46
3.38
3.54
3.42
3.48
3.37
3.65
3.55
3.35
3.40
3.43
3.42
3.21
3.47
3.41
3.43
3.14	206.55
3.30
3.21
3.21
3.20
3.23
3.12
3.19
3.04
3.06
3.13
3.11
3.03
3.13
2.97
3.00
3.17
3.22
3.11
3.19
3.28
3.37
3.37
3.37
3.20
3.11
3.06
3.21
3.30
3.19
3.14
3.24
CorWatt	PkgWatt
197.62	399.61
3.38	207.09
3.32
3.27
3.34
3.25
3.18
3.35
3.26
3.13
3.19
3.17
3.15
3.24
3.34
3.34
3.18
3.36
3.36
3.33
3.34
3.28
3.33
3.40
3.26
3.34
3.31
3.35
3.34
3.30
3.32
3.33
3.33
2.91	193.24
2.94
2.94
2.86
2.89
2.94
2.86
2.95
2.70
2.83
2.84
2.72
2.67
2.75
2.78
2.68
2.78
2.91
2.85
2.86
3.05
3.05
3.15
3.10
3.01
3.02
2.96
3.05
2.90
2.88
2.84
2.90
CorWatt	PkgWatt
192.01	392.12
3.29	203.79
3.27
3.30
3.30
3.24
3.09
3.25
3.23
3.20
3.08
2.99
3.14
3.20
3.31
3.20
3.31
3.34
3.28
3.34
3.28
3.21
3.29
3.28
3.24
3.19
3.30
3.33
3.24
3.13
3.22
3.31
3.15
2.73	187.89
2.76
2.80
2.75
2.75
2.82
2.75
2.88
2.51
2.68
2.72
2.61
2.56
2.67
2.72
2.67
2.74
2.78
2.69
2.77
2.90
2.99
2.96
2.92
2.85
2.68
2.82
2.80
2.74
2.78
2.74
2.71
CorWatt	PkgWatt
189.55	389.47
3.22	201.94
3.12
3.15
3.17
3.21
3.03
3.28
3.15
3.12
3.00
2.94
3.11
3.13
3.11
3.21
3.10
3.33
3.33
3.27
3.09
3.28
3.30
3.20
3.20
3.10
3.23
3.22
3.14
3.09
3.14
3.20
3.19
2.69	187.58
2.80
2.87
2.74
2.78
2.84
2.70
2.80
2.54
2.68
2.77
2.68
2.67
2.68
2.74
2.74
2.70
2.77
2.70
2.78
2.89
2.87
2.86
2.81
2.75
2.69
2.85
2.84
2.70
2.83
2.70
2.74
CorWatt	PkgWatt
189.23	389.13
3.15	201.27
3.23
3.17
3.13
3.31
2.97
3.30
3.24
2.90
3.07
2.93
3.15
3.17
3.18
3.02
3.11
3.19
3.32
3.25
3.15
3.27
3.21
3.25
3.29
3.13
3.24
3.09
3.23
3.11
2.99
3.32
3.16
2.72	187.65
2.82
2.84
2.74
2.70
2.82
2.73
2.82
2.56
2.70
2.71
2.74
2.59
2.65
2.62
2.59
2.73
2.81
2.84
2.94
2.86
2.91
2.87
2.80
2.66
2.58
2.84
2.81
2.75
2.81
2.75
2.68
CorWatt	PkgWatt
204.97	412.36
3.56	214.98
3.60
3.57
3.50
3.47
3.40
3.46
3.55
3.06
3.35
3.11
3.37
3.37
3.17
3.35
3.29
3.47
3.50
3.52
3.53
3.73
3.50
3.57
3.63
3.40
3.30
3.55
3.56
3.58
3.62
3.51
3.51
2.93	197.27
2.95
2.92
2.88
3.14
2.95
2.94
3.06
2.81
2.93
2.82
2.89
2.74
2.76
2.80
2.73
2.89
3.01
2.97
2.86
3.14
3.18
3.13
3.02
2.78
2.91
2.95
2.93
3.06
3.12
3.10
2.99
