CorWatt	PkgWatt
335.59	530.51
5.32	233.57
4.89
4.71
4.24
4.79
5.18
5.02
4.79
4.84
5.56
4.76
4.54
6.10
4.76
4.62
5.24
4.53
4.21
5.96
5.51
4.92
4.79
5.59
3.92
4.45
4.73
5.60
3.97
5.88
4.91
6.12
4.35
4.31	221.24
4.23
4.49
4.39
4.83
4.51
4.84
4.59
4.76
4.66
4.48
4.46
4.68
4.87
4.43
4.53
4.67
4.46
4.13
4.40
4.44
4.47
4.54
4.66
4.27
4.33
4.32
4.33
4.43
5.02
4.38
4.63
CorWatt	PkgWatt
244.95	434.55
3.54	230.85
3.24
4.79
3.98
5.07
4.09
3.78
3.97
4.85
4.51
3.06
5.13
4.08
3.88
5.14
3.74
4.77
5.36
4.18
3.32
3.82
4.70
3.16
3.65
3.60
5.33
4.79
3.02
5.46
4.14
5.38
4.49
2.99	203.77
3.41
2.97
3.15
3.43
3.11
3.14
3.42
3.13
3.03
3.18
3.28
3.33
4.19
3.23
4.08
4.89
3.22
4.93
3.57
3.22
3.28
3.16
4.79
3.12
2.96
3.04
2.96
3.00
3.36
3.00
3.36
CorWatt	PkgWatt
206.99	396.58
3.13	200.17
3.55
3.10
3.15
3.38
3.50
3.38
3.41
3.32
3.24
3.25
3.24
2.65
2.32
3.95
2.61
3.30
3.35
3.74
3.71
3.14
2.40
2.79
3.54
4.39
3.10
3.08
2.80
3.57
3.88
3.37
2.94
2.84	196.53
3.00
2.97
2.92
3.15
3.11
3.14
3.14
3.17
3.06
3.10
3.07
3.05
3.94
3.20
3.89
3.32
3.50
4.19
3.90
3.04
3.16
3.02
3.15
3.00
2.97
2.97
3.27
3.14
3.05
3.13
3.17
CorWatt	PkgWatt
184.40	361.63
3.07	192.00
4.47
3.19
2.75
3.27
3.12
2.74
3.21
3.18
3.19
3.14
3.28
3.11
3.02
2.69
2.41
3.22
3.13
3.27
2.98
3.32
2.67
2.96
3.42
2.89
2.49
1.99
2.23
3.22
2.84
2.90
3.20
2.69	183.76
2.89
2.86
2.84
2.82
2.94
3.00
3.06
3.09
2.94
3.10
3.08
2.89
2.83
3.00
2.97
2.73
2.75
2.68
2.72
2.95
3.00
2.91
3.02
2.86
2.89
2.81
2.85
2.99
2.93
3.02
2.95
CorWatt	PkgWatt
207.03	402.91
3.31	205.81
3.39
2.94
2.87
3.58
3.34
3.34
3.57
3.22
3.20
3.15
3.48
4.62
3.91
3.47
2.98
3.46
3.32
4.11
3.54
4.86
3.69
3.69
4.81
3.42
3.27
3.62
4.06
3.03
2.39
3.15
2.35
2.69	183.89
2.80
2.87
2.83
2.79
2.92
2.95
2.92
2.66
2.89
2.82
2.79
2.82
2.81
2.95
2.94
2.70
2.71
2.66
2.72
2.98
3.01
2.86
3.03
2.83
2.88
2.83
2.86
2.89
2.91
2.87
2.82
CorWatt	PkgWatt
229.24	412.70
4.27	219.67
4.20
4.33
4.08
4.33
3.78
4.11
4.46
3.88
4.98
3.99
4.79
4.39
3.87
3.87
3.63
3.84
3.86
4.11
4.24
4.56
3.71
3.74
4.50
3.46
4.17
4.05
4.56
2.77
2.58
2.64
2.08
2.95	190.47
3.31
3.11
2.94
3.02
3.23
3.40
3.28
3.63
3.21
3.34
3.04
3.34
3.74
3.65
3.25
3.08
2.97
2.96
3.08
3.27
3.37
3.29
3.30
3.03
3.03
3.02
3.00
3.08
3.04
3.08
3.11
CorWatt	PkgWatt
285.81	460.34
4.43	231.00
4.25
4.76
4.41
4.44
3.88
4.39
4.33
4.58
4.81
4.97
5.27
4.42
4.94
4.53
4.39
4.04
5.04
4.54
4.48
4.71
5.32
4.85
5.18
4.90
4.74
4.69
4.20
2.16
1.91
2.18
1.95
3.95	229.32
4.06
3.87
4.49
4.98
4.36
4.59
4.57
4.72
5.09
4.12
4.20
4.60
4.06
5.78
4.70
4.49
4.99
4.71
5.00
4.57
4.47
4.56
4.61
4.84
5.34
4.38
5.04
4.25
4.55
5.71
4.44
