CorWatt	PkgWatt
15.17	127.51
0.49	127.08
0.45
0.54
0.50
0.51
0.49
0.52
0.50
0.42
0.44
0.41
0.43
0.51
0.53
0.51
0.52
0.48
0.54
0.52
0.49
0.43
0.42
0.40
0.39
0.39
0.40
0.39
0.38
0.54
0.54
0.55
0.53
CorWatt	PkgWatt
14.71	126.57
0.49	126.75
0.42
0.52
0.50
0.49
0.48
0.49
0.50
0.40
0.44
0.40
0.37
0.50
0.51
0.50
0.51
0.49
0.51
0.47
0.46
0.41
0.39
0.42
0.41
0.38
0.38
0.37
0.36
0.56
0.55
0.52
0.53
CorWatt	PkgWatt
20.38	131.77
0.64	131.61
0.57
0.72
0.70
0.70
0.55
0.53
0.57
0.53
0.60
0.53
0.55
0.62
0.62
0.66
0.64
0.60
0.68
0.83
0.65
0.58
0.67
0.62
0.62
0.68
0.61
0.63
0.61
0.68
0.71
0.73
0.71
CorWatt	PkgWatt
15.69	127.55
0.51	127.54
0.47
0.53
0.50
0.51
0.50
0.48
0.54
0.41
0.49
0.45
0.39
0.53
0.54
0.55
0.54
0.51
0.53
0.49
0.55
0.50
0.44
0.53
0.43
0.44
0.39
0.44
0.41
0.54
0.52
0.51
0.54
CorWatt	PkgWatt
15.74	127.61
0.49	127.60
0.54
0.49
0.49
0.53
0.54
0.52
0.49
0.40
0.44
0.45
0.40
0.53
0.54
0.53
0.51
0.51
0.56
0.54
0.53
0.50
0.45
0.40
0.50
0.47
0.46
0.41
0.35
0.55
0.52
0.50
0.57
CorWatt	PkgWatt
16.43	127.98
0.55	128.00
0.58
0.58
0.58
0.56
0.49
0.49
0.52
0.44
0.44
0.41
0.37
0.59
0.59
0.57
0.55
0.51
0.54
0.52
0.46
0.50
0.48
0.43
0.46
0.51
0.47
0.51
0.42
0.63
0.55
0.59
0.54
CorWatt	PkgWatt
15.59	127.49
0.53	127.47
0.48
0.56
0.52
0.53
0.51
0.50
0.48
0.41
0.44
0.42
0.46
0.55
0.53
0.52
0.51
0.46
0.52
0.47
0.48
0.43
0.46
0.43
0.42
0.42
0.42
0.44
0.41
0.63
0.55
0.55
0.56
CorWatt	PkgWatt
15.62	127.35
0.51	127.35
0.44
0.55
0.53
0.51
0.52
0.50
0.51
0.39
0.47
0.45
0.39
0.52
0.52
0.53
0.53
0.50
0.55
0.51
0.52
0.47
0.50
0.43
0.43
0.44
0.41
0.45
0.42
0.53
0.53
0.55
0.52
CorWatt	PkgWatt
15.49	127.45
0.52	127.45
0.47
0.54
0.54
0.52
0.50
0.52
0.49
0.37
0.43
0.43
0.41
0.55
0.51
0.50
0.52
0.60
0.53
0.50
0.48
0.45
0.43
0.44
0.43
0.42
0.42
0.40
0.36
0.55
0.55
0.53
0.55
CorWatt	PkgWatt
15.73	127.42
0.49	127.41
0.56
0.56
0.55
0.55
0.55
0.53
0.55
0.42
0.48
0.48
0.44
0.51
0.54
0.55
0.52
0.49
0.50
0.50
0.50
0.46
0.42
0.39
0.41
0.39
0.40
0.42
0.36
0.57
0.54
0.56
0.55
CorWatt	PkgWatt
15.63	127.53
0.50	127.54
0.43
0.51
0.47
0.50
0.52
0.50
0.49
0.43
0.47
0.45
0.49
0.57
0.56
0.57
0.56
0.49
0.48
0.49
0.49
0.47
0.44
0.44
0.42
0.41
0.41
0.40
0.39
0.57
0.58
0.57
0.55
CorWatt	PkgWatt
15.36	127.21
0.51	127.21
0.45
0.55
0.45
0.49
0.49
0.49
0.54
0.39
0.45
0.45
0.40
0.54
0.52
0.51
0.51
0.52
0.51
0.51
0.52
0.43
0.45
0.48
0.42
0.40
0.39
0.42
0.38
0.54
0.58
0.54
0.54
CorWatt	PkgWatt
19.14	130.29
0.57	130.30
0.49
0.64
0.54
0.58
0.59
0.56
0.52
0.66
0.55
0.62
0.60
0.63
0.61
0.68
0.62
0.55
0.59
0.55
0.56
0.65
0.52
0.59
0.50
0.55
0.52
0.63
0.56
0.70
0.81
0.67
0.72
