CorWatt	PkgWatt
15.35	127.93
0.54	127.94
0.47
0.48
0.48
0.52
0.54
0.52
0.51
0.43
0.46
0.52
0.41
0.52
0.56
0.59
0.53
0.49
0.51
0.47
0.50
0.41
0.40
0.40
0.40
0.42
0.38
0.40
0.42
0.53
0.52
0.52
0.52
CorWatt	PkgWatt
14.72	126.79
0.51	127.47
0.45
0.47
0.47
0.49
0.52
0.51
0.49
0.40
0.49
0.41
0.39
0.51
0.51
0.58
0.53
0.46
0.48
0.45
0.48
0.39
0.38
0.38
0.39
0.41
0.36
0.41
0.40
0.52
0.50
0.50
0.49
CorWatt	PkgWatt
70.36	166.51
0.89	187.82
2.27
2.33
2.35
2.34
2.38
2.39
2.33
2.28
2.32
2.30
2.26
2.40
2.40
2.45
2.42
2.40
2.41
2.18
2.21
2.36
2.34
2.13
2.10
2.37
2.32
2.13
3.82
2.55
2.60
2.36
2.34
