CorWatt	PkgWatt
15.11	127.13
0.51	127.14
0.49
0.47
0.43
0.50
0.51
0.50
0.50
0.42
0.45
0.43
0.40
0.52
0.51
0.51
0.51
0.48
0.48
0.54
0.47
0.41
0.42
0.43
0.39
0.39
0.50
0.41
0.41
0.55
0.52
0.54
0.51
CorWatt	PkgWatt
15.20	127.42
0.52	127.39
0.49
0.47
0.44
0.49
0.52
0.49
0.51
0.42
0.47
0.44
0.44
0.54
0.56
0.50
0.54
0.46
0.49
0.58
0.48
0.42
0.42
0.40
0.40
0.41
0.37
0.40
0.39
0.54
0.51
0.55
0.53
CorWatt	PkgWatt
18.47	130.01
0.65	130.05
0.62
0.67
0.57
0.66
0.69
0.63
0.64
0.54
0.51
0.52
0.53
0.63
0.60
0.60
0.62
0.55
0.57
0.63
0.57
0.47
0.46
0.49
0.53
0.48
0.50
0.50
0.48
0.69
0.66
0.63
0.60
CorWatt	PkgWatt
15.40	127.55
0.51	127.47
0.51
0.46
0.44
0.57
0.54
0.50
0.49
0.42
0.44
0.41
0.39
0.53
0.51
0.50
0.51
0.46
0.47
0.53
0.47
0.41
0.40
0.41
0.46
0.49
0.46
0.46
0.44
0.56
0.58
0.58
0.51
