CorWatt	PkgWatt
4.38	153.77
0.08	77.24
0.09
0.08
0.08
0.08
0.08
0.08
0.08
0.08
0.08
0.07
0.07
0.07
0.07
0.07
0.07
0.08
0.08
0.08
0.08
0.09
0.08
0.08
0.08
0.08
0.08
0.08
0.08
0.07
0.07
0.07
0.07
0.06	76.56
0.06
0.06
0.06
0.07
0.06
0.06
0.06
0.06
0.05
0.06
0.06
0.06
0.06
0.07
0.06
0.06
0.06
0.06
0.06
0.07
0.07
0.07
0.07
0.06
0.06
0.06
0.06
0.06
0.06
0.06
0.06
CorWatt	PkgWatt
4.82	152.02
0.09	76.32
0.09
0.08
0.08
0.08
0.08
0.08
0.08
0.08
0.08
0.08
0.08
0.07
0.07
0.07
0.07
0.08
0.08
0.08
0.08
0.09
0.09
0.08
0.08
0.08
0.08
0.08
0.08
0.07
0.07
0.07
0.07
0.08	76.05
0.07
0.07
0.11
0.08
0.07
0.07
0.07
0.10
0.08
0.06
0.07
0.06
0.06
0.07
0.06
0.07
0.06
0.06
0.07
0.07
0.07
0.07
0.09
0.07
0.07
0.08
0.07
0.07
0.06
0.06
0.07
