CorWatt	PkgWatt
15.01	127.24
0.51	127.24
0.45
0.50
0.47
0.50
0.56
0.50
0.51
0.41
0.44
0.38
0.39
0.52
0.52
0.50
0.51
0.48
0.47
0.46
0.48
0.44
0.38
0.40
0.38
0.48
0.38
0.40
0.37
0.58
0.53
0.57
0.55
CorWatt	PkgWatt
14.65	126.91
0.51	126.90
0.46
0.47
0.52
0.48
0.55
0.48
0.48
0.39
0.44
0.36
0.37
0.51
0.51
0.49
0.50
0.45
0.47
0.46
0.45
0.43
0.38
0.38
0.38
0.41
0.35
0.38
0.35
0.59
0.57
0.54
0.53
CorWatt	PkgWatt
24.07	135.14
0.76	135.28
0.63
0.66
0.69
0.65
0.74
0.63
0.71
0.68
0.67
2.24
0.66
0.82
0.79
0.74
0.73
0.81
0.78
0.78
0.76
0.66
0.76
0.70
0.97
0.58
0.55
0.55
0.50
0.79
0.72
0.67
0.69
CorWatt	PkgWatt
17.16	128.87
0.53	128.77
0.47
0.54
0.53
0.53
0.58
0.55
0.50
0.40
0.48
0.54
0.44
0.76
1.00
0.82
1.11
0.50
0.52
0.57
0.52
0.45
0.46
0.38
0.38
0.42
0.35
0.40
0.35
0.52
0.52
0.50
0.54
CorWatt	PkgWatt
17.14	128.68
0.52	128.67
0.45
0.51
0.48
0.52
0.58
0.53
0.50
0.41
0.44
0.53
0.43
0.77
1.28
0.81
0.84
0.49
0.53
0.51
0.50
0.46
0.41
0.42
0.40
0.44
0.38
0.42
0.39
0.55
0.57
0.51
0.54
CorWatt	PkgWatt
17.91	129.44
0.54	129.47
0.48
0.54
0.52
0.54
0.60
0.55
0.54
0.46
0.49
0.48
0.47
0.64
0.81
0.64
0.65
0.51
0.52
0.45
0.49
0.64
0.97
0.60
0.61
0.46
0.41
0.44
0.50
0.65
0.59
0.57
0.57
CorWatt	PkgWatt
17.64	129.13
0.56	129.10
0.49
0.54
0.50
0.52
0.66
0.55
0.53
0.47
0.49
0.46
0.41
0.52
0.55
0.53
0.52
0.50
0.57
0.55
0.52
0.71
1.20
0.66
0.63
0.42
0.41
0.41
0.41
0.61
0.54
0.54
0.64
CorWatt	PkgWatt
16.94	128.71
0.53	128.71
0.47
0.53
0.48
0.49
0.58
0.49
0.49
0.41
0.46
0.40
0.40
0.54
0.55
0.49
0.51
0.50
0.52
0.57
0.56
1.01
0.89
0.66
0.64
0.44
0.35
0.35
0.35
0.55
0.57
0.53
0.65
CorWatt	PkgWatt
18.20	130.69
0.56	130.69
0.46
0.47
0.50
0.50
0.54
0.48
0.50
0.39
0.47
0.40
0.42
0.54
0.57
0.53
0.56
0.50
0.50
0.49
0.50
3.07
0.43
0.39
0.40
0.43
0.41
0.40
0.39
0.56
0.63
0.56
0.63
CorWatt	PkgWatt
18.32	130.95
0.55	130.95
0.47
0.50
0.54
0.52
0.56
0.50
0.51
0.43
0.47
0.37
0.42
0.54
0.57
0.53
0.52
0.55
0.52
0.59
0.51
3.12
0.42
0.38
0.43
0.42
0.38
0.39
0.40
0.56
0.53
0.50
0.62
CorWatt	PkgWatt
18.61	131.12
0.65	131.11
0.50
0.52
0.51
0.59
0.58
0.54
0.56
0.45
0.44
0.40
0.40
0.53
0.59
0.55
0.54
0.49
0.51
0.47
0.50
3.11
0.44
0.42
0.46
0.43
0.39
0.39
0.40
0.57
0.55
0.52
0.64
CorWatt	PkgWatt
18.11	130.83
0.54	130.84
0.43
0.52
0.46
0.52
0.53
0.52
0.51
0.41
0.48
0.41
0.37
0.53
0.56
0.53
0.53
0.51
0.54
0.54
0.56
3.12
0.39
0.38
0.47
0.39
0.40
0.36
0.35
0.56
0.53
0.53
0.64
CorWatt	PkgWatt
20.57	132.39
0.59	132.38
0.51
0.58
0.48
0.56
0.56
0.49
0.62
0.59
0.60
0.54
0.54
0.82
0.79
0.73
0.68
0.51
0.55
0.56
0.50
2.88
0.43
0.42
0.49
0.51
0.48
0.47
0.44
0.72
0.56
0.61
0.74
