CorWatt	PkgWatt
5.00	155.64
0.09	77.08
0.09
0.08
0.09
0.08
0.08
0.08
0.08
0.07
0.07
0.07
0.07
0.08
0.07
0.07
0.07
0.08
0.08
0.08
0.08
0.09
0.08
0.08
0.08
0.08
0.08
0.08
0.08
0.07
0.07
0.07
0.07
0.08	77.41
0.08
0.08
0.08
0.08
0.08
0.08
0.08
0.08
0.07
0.07
0.07
0.07
0.07
0.07
0.07
0.08
0.08
0.07
0.08
0.09
0.13
0.08
0.08
0.08
0.09
0.08
0.08
0.07
0.07
0.07
0.08
CorWatt	PkgWatt
5.52	152.77
0.10	76.12
0.14
0.13
0.14
0.08
0.08
0.10
0.09
0.07
0.07
0.09
0.07
0.12
0.07
0.07
0.09
0.09
0.09
0.11
0.12
0.09
0.08
0.09
0.09
0.08
0.08
0.08
0.09
0.08
0.07
0.07
0.08
0.09	76.43
0.08
0.08
0.09
0.08
0.09
0.09
0.08
0.09
0.07
0.07
0.07
0.08
0.07
0.07
0.08
0.08
0.08
0.07
0.08
0.09
0.08
0.08
0.08
0.09
0.10
0.08
0.08
0.08
0.08
0.08
0.09
