CorWatt	PkgWatt
3.83	150.06
0.10	75.21
0.08
0.08
0.08
0.07
0.07
0.07
0.07
0.06
0.06
0.06
0.06
0.06
0.06
0.06
0.06
0.08
0.07
0.07
0.08
0.08
0.07
0.07
0.07
0.06
0.06
0.07
0.07
0.06
0.06
0.06
0.06
0.05	74.74
0.05
0.05
0.05
0.05
0.05
0.05
0.05
0.05
0.05
0.05
0.05
0.05
0.05
0.05
0.05
0.05
0.05
0.05
0.06
0.05
0.05
0.05
0.05
0.05
0.05
0.05
0.05
0.05
0.05
0.05
0.05
CorWatt	PkgWatt
4.03	149.83
0.13	75.39
0.08
0.08
0.08
0.07
0.11
0.07
0.07
0.06
0.06
0.07
0.06
0.07
0.06
0.06
0.06
0.08
0.08
0.08
0.09
0.09
0.09
0.07
0.07
0.06
0.08
0.07
0.07
0.06
0.06
0.08
0.06
0.05	74.69
0.05
0.05
0.05
0.05
0.05
0.05
0.05
0.05
0.05
0.05
0.05
0.05
0.05
0.05
0.05
0.05
0.05
0.05
0.05
0.05
0.06
0.05
0.05
0.05
0.05
0.05
0.05
0.05
0.05
0.05
0.05
CorWatt	PkgWatt
13.70	178.59
0.21	86.06
0.15
0.13
0.13
0.11
0.12
0.14
0.10
0.09
0.10
0.12
0.09
0.09
0.09
0.09
0.10
0.13
0.14
0.11
0.15
0.12
0.11
0.10
0.12
0.11
0.13
0.11
0.10
0.11
0.10
0.13
0.14
0.41	93.13
0.24
0.21
0.27
0.53
0.25
0.29
0.32
0.25
0.23
0.35
0.35
0.31
0.26
0.35
0.37
0.52
0.25
0.25
0.35
0.22
0.35
0.33
0.41
0.24
0.33
0.25
0.23
0.41
0.27
0.28
0.30
CorWatt	PkgWatt
4.86	155.90
0.09	77.48
0.08
0.08
0.08
0.07
0.08
0.07
0.07
0.06
0.07
0.06
0.06
0.06
0.06
0.14
0.06
0.08
0.08
0.08
0.09
0.09
0.07
0.07
0.07
0.07
0.07
0.07
0.07
0.06
0.06
0.07
0.06
0.07	77.72
0.07
0.08
0.07
0.08
0.07
0.08
0.07
0.07
0.06
0.06
0.11
0.06
0.08
0.07
0.07
0.08
0.08
0.07
0.09
0.07
0.07
0.07
0.09
0.08
0.14
0.07
0.07
0.08
0.08
0.07
0.07
CorWatt	PkgWatt
4.57	154.56
0.08	77.12
0.08
0.08
0.08
0.07
0.07
0.07
0.07
0.06
0.06
0.06
0.06
0.06
0.06
0.06
0.06
0.08
0.08
0.08
0.08
0.09
0.07
0.07
0.07
0.07
0.07
0.07
0.07
0.06
0.06
0.06
0.06
0.07	77.43
0.06
0.08
0.06
0.08
0.07
0.08
0.07
0.08
0.07
0.07
0.06
0.07
0.07
0.10
0.10
0.06
0.08
0.07
0.06
0.07
0.07
0.07
0.08
0.07
0.06
0.06
0.11
0.08
0.07
0.06
0.07
CorWatt	PkgWatt
10.84	166.54
0.15	80.17
0.14
0.15
0.14
0.08
0.08
0.08
0.08
0.07
0.07
0.07
0.07
0.06
0.06
0.07
0.07
0.10
0.09
0.09
0.12
0.12
0.11
0.11
0.11
0.08
0.10
0.08
0.07
0.07
0.07
0.07
0.07
0.15	86.47
0.14
0.14
0.20
0.15
0.15
0.16
0.16
0.15
0.14
0.13
0.15
0.15
0.14
0.13
0.18
0.14
0.15
0.16
0.14
0.14
0.15
0.15
0.16
0.17
0.16
0.14
0.14
0.16
0.17
3.26
0.16
CorWatt	PkgWatt
12.92	165.60
0.09	77.45
0.09
0.08
0.08
0.08
0.08
0.08
0.08
0.07
0.07
0.07
0.07
0.07
0.07
0.07
0.07
0.08
0.08
0.08
0.08
0.10
0.08
0.08
0.08
0.07
0.07
0.07
0.07
0.07
0.07
0.07
0.07
0.15	87.98
0.14
0.13
0.14
0.15
0.14
0.14
0.18
0.14
0.14
0.13
0.13
0.13
0.13
0.15
0.13
0.14
0.14
0.15
0.14
0.16
0.15
0.15
0.21
0.16
0.14
0.14
0.15
0.18
0.18
5.90
0.18
CorWatt	PkgWatt
12.70	165.14
0.08	77.25
0.08
0.08
0.08
0.07
0.07
0.07
0.07
0.06
0.06
0.06
0.06
0.06
0.06
0.06
0.06
0.08
0.08
0.08
0.08
0.09
0.07
0.07
0.07
0.07
0.07
0.07
0.07
0.06
0.06
0.06
0.06
0.14	87.93
0.15
0.16
0.14
0.14
0.18
0.14
0.13
0.13
0.13
0.13
0.14
0.13
0.13
0.13
0.15
0.14
0.14
0.14
0.13
0.19
0.18
0.15
0.15
0.13
0.14
0.14
0.14
0.18
0.18
5.90
0.18
CorWatt	PkgWatt
12.76	165.37
0.09	77.35
0.08
0.08
0.08
0.07
0.08
0.07
0.07
0.06
0.06
0.06
0.06
0.06
0.06
0.06
0.06
0.08
0.08
0.08
0.08
0.09
0.08
0.07
0.07
0.07
0.07
0.07
0.07
0.06
0.06
0.06
0.06
0.16	88.02
0.14
0.14
0.14
0.16
0.14
0.14
0.14
0.14
0.13
0.13
0.13
0.14
0.13
0.13
0.13
0.14
0.14
0.20
0.14
0.15
0.16
0.17
0.15
0.14
0.13
0.13
0.18
0.18
0.18
5.89
0.18
CorWatt	PkgWatt
12.71	168.74
0.09	78.96
0.08
0.08
0.08
0.07
0.08
0.07
0.07
0.06
0.06
0.06
0.06
0.06
0.06
0.06
0.06
0.08
0.08
0.07
0.08
0.08
0.07
0.07
0.07
0.06
0.07
0.07
0.07
0.06
0.06
0.07
0.07
0.19	89.75
0.15
0.13
0.14
0.16
0.14
0.13
0.13
0.14
0.13
0.13
0.13
0.14
0.14
0.15
0.14
0.18
0.14
0.13
0.17
0.15
0.16
0.15
0.15
0.15
0.13
0.13
0.13
0.18
0.18
5.89
0.18
CorWatt	PkgWatt
12.99	165.54
0.09	77.48
0.08
0.09
0.09
0.08
0.08
0.08
0.08
0.07
0.07
0.07
0.07
0.07
0.07
0.07
0.07
0.08
0.08
0.08
0.08
0.09
0.08
0.08
0.08
0.07
0.07
0.07
0.07
0.07
0.07
0.07
0.07
0.15	88.06
0.14
0.14
0.21
0.15
0.14
0.14
0.14
0.14
0.14
0.14
0.13
0.13
0.13
0.14
0.13
0.15
0.15
0.14
0.16
0.15
0.15
0.19
0.16
0.14
0.13
0.13
0.15
0.18
0.18
5.92
0.18
CorWatt	PkgWatt
12.81	168.89
0.09	79.07
0.08
0.08
0.08
0.07
0.08
0.07
0.07
0.07
0.06
0.07
0.06
0.06
0.06
0.07
0.06
0.08
0.08
0.08
0.08
0.09
0.08
0.07
0.07
0.07
0.07
0.07
0.07
0.06
0.06
0.07
0.07
0.16	89.84
0.14
0.14
0.15
0.15
0.15
0.14
0.14
0.14
0.13
0.13
0.14
0.13
0.13
0.20
0.13
0.14
0.15
0.14
0.14
0.14
0.17
0.15
0.14
0.19
0.15
0.14
0.16
0.18
0.18
5.86
0.18
CorWatt	PkgWatt
13.95	170.26
0.10	79.50
0.09
0.09
0.09
0.08
0.09
0.08
0.08
0.07
0.08
0.08
0.07
0.07
0.07
0.07
0.07
0.09
0.09
0.09
0.09
0.10
0.09
0.08
0.08
0.07
0.08
0.07
0.07
0.07
0.07
0.08
0.07
0.19	90.78
0.17
0.17
0.16
0.19
0.15
0.15
0.16
0.15
0.14
0.16
0.17
0.24
0.18
0.15
0.21
0.21
0.18
0.15
0.18
0.17
0.21
0.16
0.23
0.16
0.14
0.18
0.18
0.18
0.18
5.96
0.18
