CorWatt	PkgWatt
16.24	128.09
0.54	128.14
0.48
0.52
0.50
0.55
0.58
0.56
0.58
0.44
0.50
0.42
0.44
0.57
0.60
0.54
0.57
0.55
0.57
0.51
0.52
0.47
0.40
0.45
0.49
0.44
0.43
0.46
0.40
0.53
0.53
0.57
0.55
CorWatt	PkgWatt
14.77	126.64
0.49	127.19
0.45
0.46
0.46
0.49
0.54
0.49
0.55
0.41
0.44
0.37
0.38
0.51
0.51
0.49
0.53
0.46
0.54
0.47
0.50
0.43
0.42
0.39
0.43
0.38
0.36
0.38
0.37
0.53
0.54
0.53
0.50
CorWatt	PkgWatt
18.19	130.47
0.61	129.89
0.64
0.55
0.54
0.64
0.60
0.61
0.63
0.59
0.55
0.50
0.52
0.62
0.61
0.64
0.69
0.67
0.58
0.52
0.54
0.48
0.44
0.48
0.46
0.48
0.48
0.59
0.48
0.62
0.57
0.61
0.63
CorWatt	PkgWatt
17.02	128.65
0.56	128.44
0.50
0.51
0.54
0.56
0.56
0.55
0.59
0.50
0.49
0.57
0.45
0.59
0.58
0.59
0.60
0.54
0.53
0.52
0.53
0.47
0.49
0.45
0.45
0.42
0.45
0.43
0.57
0.60
0.67
0.57
0.59
