CorWatt	PkgWatt
5.97	155.10
0.12	78.06
0.11
0.12
0.11
0.11
0.11
0.11
0.11
0.10
0.10
0.10
0.10
0.10
0.10
0.10
0.10
0.11
0.11
0.11
0.11
0.12
0.11
0.11
0.11
0.10
0.10
0.10
0.10
0.10
0.10
0.10
0.10
0.09	77.01
0.09
0.09
0.09
0.09
0.09
0.09
0.09
0.07
0.07
0.07
0.07
0.07
0.07
0.07
0.07
0.09
0.08
0.09
0.08
0.09
0.09
0.09
0.09
0.08
0.08
0.08
0.08
0.07
0.07
0.07
0.07
CorWatt	PkgWatt
62.21	218.47
0.99	110.54
0.98
1.09
0.99
1.08
0.99
1.06
1.12
1.00
0.99
0.99
1.08
0.97
0.98
1.08
1.04
1.04
1.04
1.10
1.04
1.07
1.07
1.08
1.06
1.01
1.02
1.08
1.10
1.05
1.05
1.11
1.04
0.93	107.80
0.96
0.95
0.91
0.91
0.92
0.93
0.89
0.87
0.93
0.93
0.93
0.87
0.91
0.87
0.89
0.95
0.83
0.82
0.88
0.83
0.93
0.94
0.86
0.86
0.93
0.90
0.84
0.87
0.91
0.91
0.92
CorWatt	PkgWatt
178.91	350.73
3.12	183.26
2.91
3.13
2.98
3.10
2.94
3.14
3.20
2.98
2.95
2.86
3.16
2.85
2.87
3.22
3.04
3.02
3.14
3.35
2.94
3.13
3.15
3.17
3.15
3.02
3.04
3.26
3.27
3.12
2.96
3.18
2.89
2.57	167.44
2.71
2.72
2.60
2.52
2.65
2.61
2.49
2.57
2.56
2.59
2.70
2.38
2.40
2.42
2.45
2.36
2.36
2.23
2.46
2.58
2.67
2.61
2.53
2.51
2.66
2.55
2.34
2.36
2.47
2.47
2.56
CorWatt	PkgWatt
172.78	327.30
2.98	170.95
2.80
2.80
2.78
2.82
2.98
3.01
3.00
2.89
2.91
2.83
2.89
2.76
2.77
3.03
2.77
2.93
2.97
3.23
2.71
3.00
3.00
3.00
3.00
2.89
2.91
3.13
3.14
3.21
3.16
2.71
2.64
2.41	156.35
2.60
2.68
2.55
2.53
2.70
2.44
2.47
2.52
2.56
2.59
2.71
2.38
2.39
2.41
2.44
2.38
2.37
2.22
2.49
2.49
2.63
2.48
2.62
2.40
2.56
2.52
2.28
2.30
2.31
2.30
2.38
CorWatt	PkgWatt
171.85	322.62
2.96	168.22
2.78
2.78
2.75
2.75
2.95
2.97
2.96
2.67
2.96
2.87
2.92
2.73
2.73
2.97
2.73
2.90
2.94
3.21
2.69
2.96
2.95
2.96
2.96
2.88
2.90
3.14
3.14
3.12
3.16
2.40
3.15
2.40	154.44
2.58
2.68
2.54
2.54
2.72
2.45
2.48
2.42
2.55
2.59
2.72
2.38
2.39
2.41
2.43
2.32
2.36
2.21
2.50
2.53
2.77
2.56
2.55
2.37
2.55
2.51
2.25
2.30
2.31
2.22
2.31
CorWatt	PkgWatt
173.21	326.06
2.98	171.34
2.79
2.80
2.78
2.76
2.97
2.99
2.94
2.68
2.96
2.88
2.93
2.76
2.77
2.90
2.75
2.94
2.85
3.24
2.72
2.97
2.98
2.98
2.97
2.89
2.92
3.16
3.17
3.87
3.11
3.05
2.61
2.41	154.67
2.60
2.69
2.55
2.54
2.62
2.44
2.47
2.36
2.55
2.60
2.73
2.39
2.39
2.42
2.44
2.26
2.36
2.21
2.50
2.50
2.79
2.63
2.62
2.40
2.56
2.52
2.27
2.31
2.43
2.24
2.31
CorWatt	PkgWatt
174.36	325.33
2.96	170.70
2.78
2.79
2.75
2.77
2.98
3.01
2.76
2.70
2.86
2.94
2.95
2.77
2.78
2.91
2.77
2.98
2.78
3.28
2.75
2.97
2.98
2.98
2.96
2.89
2.93
3.15
3.16
5.12
3.05
3.05
2.80
2.41	154.62
2.55
2.68
2.55
2.54
2.62
2.44
2.47
2.36
2.55
2.60
2.74
2.55
2.40
2.45
2.45
2.26
2.36
2.21
2.49
2.50
2.72
2.55
2.62
2.36
2.57
2.50
2.27
2.31
2.44
2.24
2.31
CorWatt	PkgWatt
174.31	324.90
2.96	170.60
2.79
2.80
2.76
2.77
2.98
3.01
2.76
2.71
2.75
2.91
2.96
2.78
2.78
2.92
2.78
2.91
3.07
3.21
2.77
2.96
2.97
2.97
2.96
2.88
2.91
3.13
3.15
5.10
3.05
3.05
2.80
2.42	154.55
2.48
2.70
2.55
2.55
2.67
2.45
2.48
2.37
2.55
2.61
2.74
2.58
2.40
2.55
2.44
2.26
2.33
2.22
2.50
2.47
2.70
2.50
2.69
2.38
2.53
2.42
2.27
2.31
2.44
2.24
2.30
CorWatt	PkgWatt
175.17	326.14
2.97	170.64
2.80
2.80
2.76
2.79
2.98
3.01
2.77
2.72
2.76
2.92
2.97
2.76
2.76
2.82
2.75
2.80
3.06
3.09
3.05
2.96
2.98
2.97
2.96
2.89
2.92
3.16
3.17
5.11
3.05
3.05
2.79
2.59	155.31
2.61
2.65
2.69
2.55
2.57
2.45
2.47
2.53
2.55
2.62
2.77
2.53
2.39
2.55
2.43
2.27
2.24
2.23
2.52
2.63
2.77
2.72
2.46
2.42
2.39
2.42
2.29
2.34
2.52
2.25
2.32
CorWatt	PkgWatt
175.61	327.10
2.99	170.75
2.81
2.81
2.77
2.79
2.99
3.03
2.78
2.71
2.76
2.91
2.97
2.77
2.78
2.78
2.77
2.76
3.06
3.09
3.05
2.99
3.01
3.01
3.00
2.88
2.91
3.15
3.16
5.11
3.06
3.05
2.80
2.59	155.32
2.64
2.62
2.65
2.55
2.57
2.45
2.48
2.57
2.53
2.66
2.76
2.51
2.38
2.57
2.43
2.27
2.25
2.23
2.52
2.54
2.65
2.63
2.60
2.47
2.32
2.44
2.30
2.49
2.36
2.29
2.35
