CorWatt	PkgWatt
15.21	127.21
0.52	127.21
0.45
0.50
0.45
0.49
0.54
0.51
0.50
0.48
0.47
0.45
0.41
0.53
0.54
0.51
0.54
0.49
0.52
0.48
0.50
0.44
0.41
0.43
0.42
0.38
0.39
0.40
0.36
0.52
0.57
0.51
0.51
CorWatt	PkgWatt
14.81	126.81
0.48	126.85
0.43
0.51
0.46
0.49
0.51
0.48
0.47
0.41
0.44
0.38
0.40
0.50
0.50
0.49
0.52
0.51
0.47
0.45
0.48
0.46
0.38
0.38
0.40
0.40
0.40
0.43
0.40
0.53
0.58
0.51
0.53
CorWatt	PkgWatt
23.93	135.12
0.87	135.13
0.73
0.74
2.47
0.78
0.77
0.83
0.78
0.64
0.68
0.62
0.61
0.67
0.76
0.67
0.82
0.70
0.72
0.64
0.72
0.63
0.55
0.52
0.48
0.58
0.63
0.54
0.96
0.70
0.79
0.66
0.69
CorWatt	PkgWatt
16.99	128.70
0.53	128.66
0.50
0.47
0.59
1.06
0.80
0.93
0.78
0.43
0.54
0.44
0.42
0.54
0.54
0.58
0.57
0.51
0.50
0.45
0.46
0.46
0.38
0.40
0.39
0.42
0.40
0.39
0.37
0.54
0.56
0.50
0.55
CorWatt	PkgWatt
17.07	128.47
0.53	128.45
0.49
0.49
0.56
0.79
0.92
0.77
1.11
0.43
0.53
0.43
0.44
0.58
0.57
0.53
0.57
0.48
0.48
0.47
0.54
0.42
0.39
0.39
0.44
0.39
0.39
0.41
0.37
0.55
0.58
0.51
0.52
CorWatt	PkgWatt
16.92	128.53
0.53	128.54
0.51
0.48
0.55
0.75
0.93
0.75
1.16
0.42
0.55
0.40
0.44
0.57
0.57
0.54
0.57
0.46
0.49
0.48
0.48
0.47
0.38
0.38
0.39
0.41
0.39
0.37
0.38
0.52
0.57
0.52
0.51
CorWatt	PkgWatt
17.62	128.95
0.57	128.97
0.58
0.52
0.48
0.86
1.32
0.79
0.79
0.51
0.54
0.48
0.48
0.53
0.63
0.53
0.57
0.50
0.51
0.49
0.52
0.46
0.40
0.38
0.39
0.44
0.43
0.39
0.38
0.51
0.61
0.55
0.52
CorWatt	PkgWatt
16.76	128.35
0.55	128.34
0.54
0.52
0.50
0.92
1.00
0.76
1.04
0.42
0.44
0.38
0.37
0.55
0.54
0.52
0.54
0.48
0.52
0.45
0.47
0.45
0.40
0.38
0.38
0.41
0.42
0.37
0.35
0.51
0.58
0.50
0.53
CorWatt	PkgWatt
18.21	130.55
0.60	130.54
0.57
0.53
0.51
3.22
0.52
0.52
0.54
0.41
0.47
0.40
0.37
0.54
0.56
0.55
0.56
0.48
0.50
0.47
0.50
0.44
0.38
0.39
0.43
0.40
0.38
0.39
0.40
0.51
0.56
0.55
0.54
CorWatt	PkgWatt
18.26	130.47
0.53	130.47
0.50
0.49
0.47
3.24
0.61
0.49
0.54
0.43
0.47
0.45
0.45
0.53
0.60
0.55
0.57
0.48
0.50
0.44
0.46
0.47
0.42
0.39
0.41
0.44
0.43
0.41
0.40
0.51
0.53
0.50
0.54
CorWatt	PkgWatt
18.39	130.58
0.55	130.59
0.51
0.50
0.46
3.23
0.61
0.50
0.53
0.42
0.46
0.46
0.44
0.53
0.51
0.50
0.56
0.48
0.52
0.46
0.46
0.46
0.40
0.40
0.39
0.43
0.41
0.48
0.41
0.59
0.59
0.56
0.58
CorWatt	PkgWatt
18.10	130.24
0.52	130.25
0.48
0.46
0.43
3.24
0.62
0.51
0.56
0.43
0.48
0.48
0.47
0.57
0.53
0.51
0.58
0.49
0.47
0.46
0.49
0.46
0.41
0.40
0.41
0.41
0.41
0.38
0.35
0.54
0.52
0.50
0.54
CorWatt	PkgWatt
20.72	132.38
0.67	132.38
0.64
0.65
0.65
3.04
0.63
0.71
0.67
0.52
0.60
0.51
0.54
0.68
0.67
0.67
0.71
0.54
0.53
0.54
0.56
0.51
0.48
0.50
0.46
0.44
0.45
0.42
0.41
0.57
0.55
0.61
0.59
