CorWatt	PkgWatt
201.93	418.75
3.34	201.14
3.46
3.45
2.98
3.10
3.51
3.31
3.10
3.18
3.16
3.25
3.32
2.83
2.86
2.98
3.13
3.28
3.33
3.24
3.25
3.38
3.49
3.27
3.26
3.23
3.17
3.17
3.35
3.09
3.13
2.92
2.95
2.80	184.22
2.77
2.80
2.76
2.75
2.72
2.76
2.70
2.57
2.67
2.63
2.68
2.74
2.70
2.72
2.71
2.67
2.67
2.69
2.69
2.84
2.87
2.84
2.85
2.76
2.72
2.62
2.80
2.72
2.54
2.79
2.76
CorWatt	PkgWatt
185.19	376.24
3.11	202.25
2.99
3.24
2.71
3.12
3.15
3.45
3.37
3.08
3.16
3.32
3.47
3.28
3.40
3.07
3.00
3.41
3.28
3.34
3.35
3.15
3.62
3.34
3.51
3.12
3.13
3.52
3.34
3.10
3.42
3.34
3.36
2.94	182.68
2.55
2.50
2.50
2.63
2.50
2.49
2.50
2.65
2.55
2.55
2.72
2.41
2.70
2.69
2.81
3.03
2.47
2.74
2.38
2.76
2.75
2.55
2.88
2.49
2.49
2.67
2.48
3.10
3.00
2.70
2.56
CorWatt	PkgWatt
213.82	425.43
3.13	213.32
3.59
3.53
3.02
3.32
3.54
3.57
3.55
3.34
3.29
3.47
3.58
3.57
3.55
3.31
3.17
3.54
3.47
3.71
3.55
3.37
3.75
3.58
3.64
3.37
3.44
3.64
3.64
3.41
3.59
3.35
3.65
3.37	202.66
2.88
2.92
2.66
3.09
3.16
3.09
3.11
3.05
3.20
3.14
3.19
2.89
3.15
2.94
3.05
3.36
3.34
3.25
2.97
3.19
3.26
3.03
3.18
2.69
2.84
3.01
2.78
3.09
3.30
3.12
3.07
CorWatt	PkgWatt
215.01	422.87
3.46	218.26
3.80
2.97
3.39
3.62
3.78
3.74
3.59
3.54
3.50
3.59
3.70
3.43
3.72
3.49
3.70
3.76
3.79
3.53
3.67
3.76
3.87
3.88
3.28
3.73
3.61
3.78
3.47
3.60
3.66
3.67
3.35
3.33	204.29
2.76
3.04
2.81
2.87
2.90
3.25
3.14
3.17
3.46
3.38
3.33
3.08
3.28
3.15
2.81
3.56
3.61
3.21
3.23
3.08
2.86
3.04
2.72
2.65
2.61
2.80
2.62
3.57
3.38
3.32
3.42
CorWatt	PkgWatt
190.29	387.03
2.71	196.72
2.99
2.92
2.84
3.27
3.23
3.04
3.00
3.09
3.22
3.12
3.12
2.90
3.23
3.16
3.13
3.08
3.25
3.05
3.21
3.13
3.32
3.22
2.97
3.13
3.16
3.23
2.94
2.89
3.18
3.11
3.05
3.06	190.46
2.65
2.88
2.83
2.76
2.67
2.88
2.93
2.79
2.95
2.98
2.95
2.83
2.83
2.94
2.56
3.03
2.96
2.84
2.95
2.97
2.82
2.92
2.75
2.84
2.80
2.84
2.72
2.89
2.81
2.93
2.90
CorWatt	PkgWatt
200.67	403.88
2.79	201.55
2.86
2.90
2.88
3.25
3.49
2.92
3.21
3.27
3.35
2.99
2.91
2.80
3.57
3.05
3.39
3.15
3.33
3.29
3.10
3.11
3.43
2.98
3.30
3.25
3.13
3.06
3.06
3.01
3.03
3.36
2.92
3.29	202.18
2.89
3.11
2.98
3.17
3.18
3.34
3.33
3.09
3.02
3.25
3.25
3.16
3.08
3.03
2.65
3.31
3.33
3.04
3.24
3.43
3.07
3.15
3.14
3.07
2.99
2.84
3.22
3.33
3.11
3.14
3.22
CorWatt	PkgWatt
207.75	415.20
3.23	203.50
2.76
2.91
2.84
3.30
3.61
2.91
3.52
2.69
2.91
2.84
2.81
2.55
3.91
2.93
3.86
3.24
3.21
3.97
2.71
3.14
3.98
2.77
3.39
3.27
3.29
3.28
2.75
2.99
2.69
2.83
2.67
3.78	211.72
2.95
3.29
3.02
3.51
3.69
3.75
3.47
3.25
2.91
3.60
3.59
3.34
3.51
3.16
2.59
3.73
3.77
2.76
3.39
3.66
3.35
3.40
3.40
3.30
3.30
2.84
3.45
3.82
3.56
3.47
3.35
CorWatt	PkgWatt
209.23	417.09
3.27	205.75
2.60
3.04
2.67
3.31
3.27
3.12
3.81
2.87
2.74
2.70
2.69
3.43
2.95
3.72
3.89
3.26
3.06
3.95
2.78
3.22
3.97
2.71
3.25
2.95
3.61
3.26
3.26
3.26
3.00
3.16
2.66
3.55	211.34
2.92
3.25
3.26
3.70
3.73
3.70
3.19
3.25
3.03
3.59
3.59
3.63
3.56
3.08
2.76
3.71
3.73
3.05
3.24
3.16
3.18
3.55
3.50
2.89
3.72
2.74
3.42
3.82
3.64
3.33
3.33
CorWatt	PkgWatt
210.35	417.88
3.30	207.14
2.54
3.17
2.69
3.08
3.20
3.10
3.92
2.91
2.88
2.88
2.91
3.71
2.83
3.90
3.67
3.33
3.13
3.93
2.87
3.32
3.62
2.75
3.29
2.89
3.64
3.35
3.34
3.39
3.35
3.14
2.72
3.46	210.78
3.16
3.22
3.24
3.76
3.68
3.60
2.96
3.31
3.05
3.60
3.57
3.51
3.49
2.94
3.06
3.74
3.53
2.96
3.40
2.95
3.18
3.50
3.74
2.71
3.83
2.67
3.44
3.76
3.76
3.69
3.12
CorWatt	PkgWatt
216.44	423.73
3.55	213.96
3.17
3.41
3.17
3.48
3.64
3.43
3.75
3.30
3.32
3.22
3.22
3.52
3.23
3.64
3.58
3.56
3.47
3.56
3.48
3.38
3.58
3.44
3.60
3.39
3.63
3.49
3.52
3.61
3.51
3.36
3.17
3.44	209.69
3.28
3.19
3.37
3.39
3.41
3.47
3.16
3.43
3.16
3.23
3.23
3.48
3.46
3.16
3.11
3.40
3.34
3.26
3.38
3.20
3.54
3.48
3.35
2.93
3.37
2.90
3.32
3.47
3.40
3.44
3.26
CorWatt	PkgWatt
220.75	427.38
3.58	217.10
3.39
3.60
3.37
3.46
3.61
3.63
3.79
3.52
3.51
3.31
3.61
3.48
3.56
3.63
3.53
3.67
3.55
3.55
3.64
3.51
3.70
3.42
3.70
3.74
3.59
3.61
3.73
3.61
3.51
3.55
3.39
3.36	210.27
3.28
3.30
3.36
3.33
3.30
3.32
3.36
3.38
3.24
3.12
3.13
3.40
3.34
3.28
3.25
3.29
3.38
3.40
3.48
3.33
3.47
3.43
3.38
3.27
3.39
3.25
3.36
3.29
3.28
3.53
3.44
CorWatt	PkgWatt
220.99	427.87
3.51	216.57
3.53
3.37
3.44
3.49
3.71
3.63
3.69
3.41
3.60
3.29
3.55
3.38
3.62
3.67
3.47
3.57
3.75
3.65
3.56
3.57
3.71
3.51
3.66
3.69
3.76
3.51
3.66
3.33
3.48
3.62
3.40
3.44	211.34
3.35
3.29
3.32
3.35
3.32
3.33
3.37
3.42
3.24
3.18
3.41
3.33
3.35
3.26
3.33
3.27
3.39
3.29
3.26
3.22
3.42
3.50
3.45
3.31
3.52
3.22
3.41
3.47
3.37
3.37
3.45
CorWatt	PkgWatt
221.24	428.27
3.64	216.93
3.69
3.31
3.41
3.40
3.56
3.73
3.71
3.36
3.65
3.30
3.55
3.30
3.40
3.65
3.62
3.37
3.69
3.56
3.68
3.57
3.71
3.76
3.55
3.64
3.52
3.72
3.55
3.36
3.69
3.67
3.47
3.42	211.29
3.28
3.40
3.48
3.33
3.36
3.35
3.36
3.39
3.20
3.30
3.26
3.34
3.45
3.37
3.34
3.26
3.30
3.25
3.30
3.33
3.43
3.57
3.52
3.32
3.38
3.28
3.61
3.26
3.26
3.43
3.31
CorWatt	PkgWatt
220.99	427.37
3.42	216.45
3.60
3.58
3.41
3.43
3.63
3.67
3.84
3.53
3.58
3.20
3.58
3.41
3.42
3.69
3.47
3.38
3.69
3.54
3.57
3.69
3.70
3.66
3.54
3.59
3.56
3.69
3.47
3.44
3.56
3.51
3.60
3.36	211.92
3.27
3.36
3.50
3.31
3.37
3.43
3.34
3.56
3.37
3.22
3.54
3.30
3.43
3.34
3.35
3.29
3.35
3.23
3.36
3.40
3.44
3.46
3.52
3.33
3.31
3.16
3.45
3.30
3.29
3.47
3.44
CorWatt	PkgWatt
220.46	429.31
3.50	216.95
3.27
3.46
3.60
3.43
3.58
3.57
3.78
3.47
3.69
3.25
3.51
3.21
3.56
3.56
3.47
3.38
3.80
3.69
3.73
3.77
3.71
3.54
3.63
3.77
3.60
3.72
3.52
3.38
3.69
3.34
3.68
3.34	211.44
3.22
3.37
3.30
3.47
3.19
3.47
3.18
3.23
3.47
3.19
3.33
3.23
3.24
3.13
3.29
3.35
3.42
3.39
3.41
3.32
3.57
3.24
3.39
3.26
3.32
3.10
3.37
3.38
3.60
3.11
3.37
CorWatt	PkgWatt
217.10	425.64
3.60	215.36
3.22
3.33
3.43
3.66
3.50
3.38
3.78
3.50
3.42
3.52
3.43
3.10
3.70
3.58
2.80
3.30
3.75
3.80
3.41
3.72
3.61
3.47
3.80
3.72
3.70
3.77
3.45
3.36
3.50
3.32
3.73
3.37	210.34
3.16
3.64
3.07
3.65
2.99
3.64
3.09
3.08
3.58
3.27
3.13
3.13
3.10
3.21
3.25
3.33
3.30
3.60
3.35
3.34
3.39
3.26
3.27
3.29
3.25
3.12
3.18
2.90
3.22
3.35
3.27
CorWatt	PkgWatt
218.01	426.44
3.43	216.13
3.45
3.62
3.61
3.78
3.43
3.40
3.77
3.40
3.37
3.59
3.42
3.33
3.69
3.36
3.23
3.44
3.33
3.42
3.68
3.69
3.75
3.44
3.75
3.44
3.76
3.71
3.45
3.65
3.35
3.44
3.70
3.35	210.57
3.50
3.37
3.21
3.47
2.76
3.52
2.99
3.18
3.49
3.24
3.35
3.36
3.14
3.26
3.22
3.34
3.35
3.47
3.40
3.23
3.31
3.43
3.40
3.46
3.31
3.28
3.06
3.26
3.17
3.18
3.21
