CorWatt	PkgWatt
15.18	127.80
0.52	127.78
0.49
0.49
0.44
0.50
0.53
0.51
0.50
0.41
0.55
0.47
0.41
0.57
0.52
0.61
0.54
0.48
0.47
0.46
0.47
0.41
0.39
0.39
0.39
0.37
0.37
0.39
0.39
0.56
0.53
0.52
0.51
CorWatt	PkgWatt
14.49	126.84
0.51	127.00
0.49
0.45
0.42
0.48
0.48
0.48
0.48
0.39
0.47
0.40
0.40
0.56
0.52
0.57
0.52
0.48
0.46
0.45
0.47
0.39
0.38
0.38
0.38
0.36
0.35
0.37
0.38
0.51
0.52
0.50
0.49
CorWatt	PkgWatt
63.32	177.45
0.91	177.35
1.91
1.98
2.00
2.07
2.03
1.99
1.96
1.96
2.02
2.00
1.97
2.21
2.09
2.16
2.19
2.01
2.02
1.82
1.85
2.07
1.85
1.72
1.70
1.90
1.87
1.73
1.76
2.15
2.08
3.32
1.98
CorWatt	PkgWatt
47.30	162.38
0.69	162.34
1.49
1.54
1.49
1.55
1.60
1.55
1.51
1.46
1.49
1.46
1.42
1.65
1.59
1.62
1.62
1.50
1.52
1.38
1.40
1.45
1.44
1.30
1.27
1.44
1.42
1.28
1.29
1.64
1.59
2.16
1.46
