CorWatt	PkgWatt
15.93	127.53
0.56	127.56
0.59
0.52
0.50
0.52
0.52
0.52
0.58
0.51
0.46
0.45
0.46
0.57
0.57
0.61
0.55
0.49
0.49
0.49
0.58
0.42
0.44
0.43
0.40
0.39
0.38
0.39
0.41
0.57
0.52
0.53
0.52
CorWatt	PkgWatt
14.66	126.70
0.50	126.69
0.50
0.45
0.43
0.50
0.49
0.48
0.48
0.50
0.44
0.43
0.39
0.53
0.53
0.52
0.51
0.48
0.45
0.44
0.46
0.39
0.41
0.38
0.39
0.36
0.39
0.37
0.36
0.52
0.56
0.52
0.50
CorWatt	PkgWatt
62.54	174.41
1.01	174.51
2.00
1.97
1.98
1.99
2.02
2.01
2.00
2.04
2.11
1.95
1.92
2.13
3.52
2.06
2.06
1.93
1.91
1.79
1.81
1.87
1.85
1.74
1.71
1.90
1.89
1.74
1.73
2.06
2.05
1.93
1.86
CorWatt	PkgWatt
48.67	162.79
0.71	162.75
1.56
1.60
1.57
1.63
1.63
1.69
1.59
1.56
1.53
1.53
1.50
1.66
2.36
1.63
1.68
1.53
1.54
1.40
1.42
1.49
1.49
1.34
1.35
1.44
1.43
1.31
1.29
1.62
1.62
1.48
1.46
