CorWatt	PkgWatt
4.41	153.90
0.09	77.54
0.08
0.08
0.08
0.08
0.08
0.08
0.08
0.08
0.08
0.07
0.08
0.07
0.07
0.07
0.07
0.08
0.08
0.08
0.08
0.09
0.08
0.08
0.08
0.08
0.08
0.08
0.08
0.07
0.08
0.08
0.08
0.06	76.43
0.06
0.06
0.06
0.06
0.06
0.06
0.06
0.06
0.06
0.06
0.06
0.06
0.06
0.06
0.06
0.06
0.06
0.06
0.06
0.06
0.06
0.06
0.06
0.06
0.06
0.06
0.06
0.06
0.06
0.06
0.06
CorWatt	PkgWatt
4.39	151.85
0.08	76.02
0.08
0.08
0.08
0.08
0.08
0.08
0.08
0.07
0.07
0.06
0.07
0.06
0.06
0.06
0.06
0.07
0.07
0.07
0.08
0.08
0.08
0.08
0.08
0.07
0.07
0.07
0.07
0.07
0.07
0.07
0.07
0.09	75.74
0.08
0.08
0.07
0.06
0.07
0.06
0.06
0.06
0.06
0.07
0.06
0.07
0.06
0.06
0.06
0.06
0.06
0.06
0.06
0.07
0.06
0.06
0.07
0.06
0.10
0.06
0.06
0.06
0.06
0.07
0.07
CorWatt	PkgWatt
18.05	181.79
0.29	92.93
0.25
0.25
0.26
0.25
0.24
0.24
0.24
0.23
0.23
0.22
0.21
0.21
0.20
0.21
0.21
0.23
0.24
0.24
0.24
2.68
0.30
0.29
0.29
0.23
0.24
0.24
0.24
0.20
0.20
0.20
0.20
0.52	89.07
0.32
0.30
0.28
0.17
0.33
0.30
0.20
0.30
0.20
0.28
0.21
0.15
0.29
0.31
0.17
0.26
0.27
0.18
0.16
0.21
0.25
0.13
0.26
0.26
0.38
0.20
0.25
0.30
0.14
0.17
0.31
CorWatt	PkgWatt
8.19	157.93
0.17	82.76
0.16
0.16
0.16
0.16
0.16
0.16
0.16
0.14
0.14
0.14
0.14
0.14
0.14
0.21
0.14
0.16
0.16
0.16
0.16
0.85
0.19
0.19
0.19
0.23
0.23
0.22
0.58
0.14
0.14
0.14
0.14
0.06	75.00
0.06
0.06
0.07
0.06
0.06
0.06
0.06
0.06
0.06
0.05
0.05
0.05
0.05
0.05
0.05
0.06
0.06
0.06
0.06
0.06
0.06
0.06
0.06
0.06
0.06
0.06
0.05
0.05
0.05
0.06
0.06
CorWatt	PkgWatt
8.73	158.65
0.18	83.55
0.18
0.18
0.18
0.17
0.17
0.17
0.17
0.16
0.16
0.15
0.16
0.15
0.15
0.15
0.15
0.17
0.17
0.17
0.17
0.22
0.18
0.18
0.18
0.34
0.34
0.33
1.13
0.16
0.16
0.16
0.16
0.06	75.16
0.06
0.07
0.07
0.06
0.06
0.06
0.06
0.06
0.06
0.06
0.06
0.06
0.06
0.06
0.06
0.06
0.06
0.06
0.06
0.06
0.06
0.06
0.06
0.06
0.06
0.06
0.06
0.06
0.06
0.06
0.06
CorWatt	PkgWatt
10.42	165.74
0.19	85.52
0.18
0.18
0.18
0.21
0.21
0.20
0.18
0.16
0.16
0.15
0.16
0.15
0.15
0.15
0.15
0.17
0.17
0.17
0.17
0.25
0.22
0.20
0.18
0.39
0.34
0.33
1.10
0.16
0.16
0.16
0.16
0.12	80.36
0.12
0.12
0.12
0.11
0.11
0.11
0.11
0.10
0.10
0.10
0.10
0.10
0.10
0.10
0.10
0.10
0.10
0.10
0.10
0.11
0.11
0.11
0.11
0.11
0.11
0.11
0.11
0.10
0.10
0.10
0.10
CorWatt	PkgWatt
8.46	158.29
0.18	83.39
0.17
0.17
0.17
0.17
0.17
0.17
0.17
0.16
0.15
0.15
0.15
0.15
0.15
0.14
0.15
0.17
0.17
0.17
0.17
0.19
0.18
0.20
0.18
0.34
0.34
0.33
1.14
0.16
0.16
0.16
0.15
0.05	74.74
0.06
0.05
0.06
0.05
0.05
0.05
0.05
0.05
0.05
0.05
0.05
0.05
0.05
0.05
0.05
0.05
0.05
0.05
0.05
0.05
0.05
0.05
0.05
0.05
0.05
0.05
0.05
0.05
0.05
0.05
0.05
CorWatt	PkgWatt
8.50	158.33
0.18	83.48
0.17
0.17
0.17
0.17
0.17
0.17
0.17
0.15
0.15
0.14
0.15
0.14
0.14
0.15
0.14
0.16
0.16
0.16
0.16
0.19
0.18
0.20
0.18
1.13
0.33
0.33
0.35
0.16
0.15
0.15
0.15
0.06	74.93
0.06
0.06
0.06
0.06
0.05
0.05
0.05
0.06
0.06
0.05
0.06
0.05
0.05
0.05
0.05
0.06
0.06
0.06
0.06
0.06
0.06
0.06
0.06
0.05
0.05
0.05
0.05
0.05
0.05
0.05
0.05
CorWatt	PkgWatt
8.52	158.48
0.18	83.31
0.17
0.17
0.18
0.17
0.17
0.17
0.17
0.15
0.15
0.14
0.15
0.14
0.15
0.15
0.14
0.16
0.16
0.16
0.16
0.19
0.18
0.20
0.18
1.14
0.33
0.33
0.34
0.15
0.15
0.15
0.15
0.06	75.05
0.06
0.06
0.06
0.06
0.06
0.06
0.06
0.06
0.06
0.05
0.05
0.05
0.05
0.05
0.05
0.06
0.06
0.06
0.06
0.06
0.06
0.06
0.06
0.06
0.06
0.05
0.05
0.05
0.06
0.06
0.06
CorWatt	PkgWatt
9.29	159.25
0.18	84.62
0.17
0.17
0.17
0.17
0.16
0.17
0.16
0.15
0.14
0.14
0.15
0.14
0.14
0.14
0.14
0.16
0.16
0.16
0.16
0.19
0.18
0.20
0.17
2.26
0.29
0.29
0.29
0.15
0.15
0.15
0.15
0.05	74.71
0.05
0.05
0.06
0.05
0.05
0.05
0.05
0.05
0.05
0.05
0.05
0.05
0.05
0.05
0.05
0.05
0.05
0.05
0.05
0.06
0.05
0.05
0.05
0.05
0.05
0.05
0.05
0.05
0.05
0.05
0.05
CorWatt	PkgWatt
10.69	161.51
0.17	86.66
0.17
0.17
0.17
0.16
0.16
0.16
0.16
0.14
0.14
0.14
0.14
0.14
0.14
0.14
0.14
0.16
0.16
0.16
0.16
0.18
0.17
0.19
0.17
4.03
0.21
0.21
0.21
0.14
0.14
0.14
0.14
0.05	74.78
0.05
0.05
0.06
0.05
0.05
0.05
0.05
0.05
0.05
0.05
0.05
0.05
0.05
0.05
0.05
0.05
0.05
0.05
0.05
0.05
0.05
0.05
0.05
0.05
0.05
0.05
0.05
0.05
0.05
0.05
0.05
CorWatt	PkgWatt
10.65	161.30
0.17	86.75
0.17
0.17
0.17
0.16
0.16
0.16
0.16
0.14
0.14
0.14
0.14
0.14
0.14
0.14
0.14
0.16
0.16
0.16
0.16
0.18
0.17
0.19
0.17
4.04
0.21
0.21
0.21
0.14
0.14
0.14
0.14
0.05	74.58
0.05
0.05
0.05
0.05
0.05
0.05
0.05
0.05
0.05
0.05
0.05
0.05
0.05
0.05
0.05
0.05
0.05
0.05
0.05
0.05
0.05
0.05
0.05
0.05
0.05
0.05
0.05
0.05
0.05
0.05
0.05
CorWatt	PkgWatt
10.87	161.79
0.17	86.73
0.17
0.17
0.17
0.16
0.16
0.16
0.16
0.14
0.14
0.14
0.14
0.14
0.14
0.14
0.14
0.16
0.16
0.16
0.16
0.18
0.18
0.19
0.17
4.04
0.21
0.21
0.21
0.15
0.15
0.15
0.15
0.06	75.03
0.06
0.06
0.06
0.06
0.06
0.06
0.06
0.05
0.05
0.05
0.05
0.05
0.05
0.05
0.05
0.06
0.06
0.06
0.06
0.06
0.06
0.06
0.06
0.05
0.05
0.05
0.05
0.05
0.05
0.05
0.06
CorWatt	PkgWatt
10.81	163.41
0.17	88.65
0.17
0.17
0.16
0.16
0.16
0.16
0.16
0.14
0.14
0.14
0.14
0.14
0.14
0.22
0.14
0.16
0.16
0.16
0.16
0.18
0.17
0.19
0.17
4.05
0.21
0.21
0.21
0.14
0.14
0.14
0.14
0.05	74.75
0.05
0.05
0.06
0.05
0.05
0.05
0.05
0.05
0.05
0.05
0.05
0.05
0.05
0.05
0.05
0.05
0.05
0.05
0.05
0.06
0.05
0.05
0.05
0.05
0.05
0.05
0.05
0.05
0.05
0.05
0.05
CorWatt	PkgWatt
10.69	161.32
0.17	86.72
0.17
0.17
0.17
0.16
0.16
0.16
0.16
0.14
0.14
0.14
0.14
0.14
0.14
0.14
0.14
0.16
0.16
0.16
0.16
0.18
0.17
0.19
0.17
4.04
0.21
0.21
0.21
0.14
0.14
0.14
0.14
0.05	74.67
0.05
0.05
0.06
0.05
0.05
0.05
0.05
0.05
0.05
0.05
0.05
0.05
0.05
0.05
0.05
0.05
0.05
0.05
0.05
0.06
0.05
0.05
0.05
0.05
0.05
0.05
0.05
0.05
0.05
0.05
0.05
CorWatt	PkgWatt
10.68	161.51
0.17	86.73
0.17
0.17
0.17
0.16
0.16
0.16
0.16
0.14
0.14
0.14
0.14
0.14
0.14
0.14
0.14
0.16
0.16
0.16
0.16
0.18
0.17
0.19
0.17
4.04
0.21
0.21
0.21
0.14
0.14
0.14
0.14
0.05	74.70
0.05
0.05
0.05
0.05
0.05
0.05
0.05
0.05
0.05
0.05
0.05
0.05
0.05
0.05
0.05
0.05
0.05
0.05
0.05
0.05
0.05
0.05
0.05
0.05
0.05
0.05
0.05
0.05
0.05
0.05
0.05
CorWatt	PkgWatt
10.85	161.73
0.17	86.77
0.17
0.17
0.17
0.16
0.16
0.16
0.16
0.14
0.14
0.14
0.14
0.14
0.14
0.14
0.14
0.16
0.16
0.16
0.16
0.19
0.18
0.19
0.17
4.05
0.21
0.21
0.21
0.15
0.14
0.15
0.14
0.06	74.93
0.06
0.06
0.06
0.06
0.05
0.05
0.05
0.05
0.05
0.05
0.05
0.05
0.05
0.05
0.05
0.06
0.05
0.05
0.06
0.06
0.06
0.06
0.06
0.05
0.05
0.05
0.05
0.05
0.05
0.05
0.06
CorWatt	PkgWatt
10.69	161.38
0.17	86.69
0.17
0.16
0.16
0.16
0.16
0.16
0.16
0.14
0.14
0.14
0.14
0.14
0.14
0.14
0.14
0.16
0.16
0.16
0.16
0.18
0.17
0.19
0.17
4.04
0.21
0.21
0.21
0.14
0.14
0.14
0.14
0.05	74.79
0.06
0.05
0.05
0.05
0.05
0.05
0.05
0.05
0.05
0.05
0.05
0.05
0.05
0.05
0.05
0.05
0.05
0.05
0.05
0.06
0.05
0.05
0.05
0.05
0.05
0.05
0.05
0.05
0.05
0.05
0.05
CorWatt	PkgWatt
10.70	161.45
0.17	86.67
0.17
0.16
0.16
0.16
0.16
0.16
0.16
0.14
0.14
0.14
0.14
0.14
0.14
0.14
0.14
0.16
0.16
0.16
0.16
0.18
0.17
0.19
0.17
4.04
0.21
0.21
0.21
0.15
0.14
0.14
0.14
0.05	74.69
0.05
0.05
0.05
0.05
0.05
0.05
0.05
0.05
0.05
0.05
0.05
0.05
0.05
0.05
0.05
0.05
0.05
0.05
0.05
0.05
0.05
0.05
0.05
0.05
0.05
0.05
0.05
0.05
0.05
0.05
0.05
CorWatt	PkgWatt
10.62	161.37
0.17	86.74
0.17
0.17
0.16
0.16
0.16
0.16
0.16
0.14
0.14
0.14
0.14
0.14
0.14
0.14
0.14
0.16
0.16
0.16
0.16
0.18
0.17
0.19
0.17
4.04
0.21
0.21
0.21
0.14
0.14
0.14
0.14
0.05	74.64
0.05
0.05
0.05
0.05
0.05
0.05
0.05
0.05
0.05
0.05
0.05
0.05
0.05
0.05
0.05
0.05
0.05
0.05
0.05
0.05
0.05
0.05
0.05
0.05
0.05
0.05
0.05
0.05
0.05
0.05
0.05
CorWatt	PkgWatt
12.94	166.12
0.23	87.58
0.23
0.22
0.24
0.41
0.21
0.16
0.22
0.22
0.22
0.21
0.22
0.22
0.22
0.22
0.62
0.23
0.23
0.23
0.23
0.24
0.23
0.30
0.23
2.10
0.23
0.23
0.25
0.19
0.19
0.19
0.19
0.11	78.56
0.11
0.11
0.11
0.11
0.11
0.11
0.11
0.10
0.10
0.10
0.09
0.10
0.10
0.10
0.10
0.11
0.11
0.11
0.10
0.11
0.10
0.11
0.11
0.11
0.11
0.11
0.11
0.10
0.11
0.11
0.11
CorWatt	PkgWatt
8.21	157.29
0.17	82.59
0.16
0.16
0.16
0.29
0.16
0.17
0.16
0.14
0.14
0.14
0.14
0.31
0.31
0.31
1.23
0.15
0.15
0.15
0.15
0.17
0.16
0.16
0.15
0.15
0.15
0.15
0.15
0.14
0.14
0.14
0.14
0.06	74.72
0.06
0.05
0.06
0.05
0.05
0.05
0.05
0.05
0.05
0.05
0.05
0.05
0.05
0.05
0.05
0.05
0.05
0.05
0.05
0.05
0.05
0.05
0.05
0.05
0.05
0.05
0.05
0.05
0.05
0.05
0.05
CorWatt	PkgWatt
8.65	158.29
0.18	83.35
0.17
0.17
0.17
0.20
0.17
0.18
0.17
0.14
0.14
0.14
0.15
0.35
0.35
0.35
1.28
0.16
0.16
0.16
0.16
0.18
0.17
0.16
0.16
0.16
0.16
0.16
0.16
0.15
0.14
0.14
0.14
0.06	75.02
0.06
0.06
0.06
0.06
0.06
0.05
0.05
0.09
0.06
0.05
0.05
0.06
0.05
0.05
0.07
0.05
0.05
0.05
0.06
0.06
0.06
0.06
0.06
0.05
0.05
0.05
0.05
0.05
0.05
0.05
0.06
CorWatt	PkgWatt
8.72	158.22
0.18	83.37
0.17
0.17
0.17
0.20
0.17
0.18
0.17
0.15
0.15
0.15
0.15
0.35
0.35
0.42
1.28
0.16
0.16
0.16
0.16
0.18
0.17
0.17
0.16
0.16
0.16
0.16
0.16
0.15
0.15
0.15
0.15
0.06	74.88
0.06
0.06
0.06
0.06
0.06
0.05
0.05
0.05
0.06
0.05
0.05
0.07
0.06
0.05
0.06
0.06
0.05
0.05
0.05
0.06
0.06
0.06
0.06
0.05
0.05
0.05
0.05
0.05
0.05
0.05
0.05
CorWatt	PkgWatt
8.74	158.55
0.18	83.34
0.17
0.17
0.17
0.20
0.17
0.18
0.17
0.15
0.15
0.14
0.15
0.36
0.35
0.35
1.28
0.16
0.16
0.16
0.16
0.18
0.17
0.17
0.16
0.16
0.16
0.16
0.16
0.15
0.15
0.15
0.15
0.06	75.10
0.06
0.06
0.06
0.06
0.06
0.06
0.06
0.06
0.06
0.06
0.06
0.06
0.06
0.06
0.06
0.06
0.06
0.06
0.06
0.06
0.06
0.06
0.06
0.06
0.06
0.06
0.06
0.06
0.06
0.06
0.06
CorWatt	PkgWatt
8.49	157.90
0.18	83.34
0.17
0.17
0.17
0.20
0.17
0.17
0.17
0.15
0.14
0.15
0.15
0.35
0.35
0.35
1.29
0.16
0.16
0.16
0.16
0.18
0.17
0.16
0.16
0.16
0.16
0.16
0.16
0.15
0.14
0.14
0.14
0.05	74.63
0.05
0.05
0.05
0.05
0.05
0.05
0.05
0.05
0.05
0.05
0.05
0.05
0.05
0.05
0.05
0.05
0.05
0.05
0.05
0.05
0.05
0.05
0.05
0.05
0.05
0.05
0.05
0.05
0.05
0.05
0.05
CorWatt	PkgWatt
8.45	157.98
0.18	83.14
0.16
0.16
0.17
0.20
0.17
0.17
0.17
0.14
0.14
0.15
0.14
0.90
0.35
0.35
0.72
0.16
0.16
0.16
0.16
0.18
0.16
0.16
0.16
0.15
0.15
0.15
0.16
0.14
0.14
0.14
0.14
0.06	74.78
0.05
0.05
0.06
0.05
0.05
0.05
0.05
0.05
0.05
0.05
0.05
0.05
0.05
0.05
0.05
0.05
0.05
0.05
0.05
0.06
0.05
0.05
0.05
0.05
0.05
0.05
0.05
0.05
0.05
0.05
0.05
CorWatt	PkgWatt
8.43	157.91
0.18	83.28
0.17
0.17
0.16
0.20
0.17
0.17
0.17
0.14
0.14
0.15
0.15
0.35
0.35
0.35
1.29
0.16
0.16
0.16
0.16
0.18
0.16
0.16
0.16
0.16
0.15
0.16
0.15
0.14
0.14
0.14
0.14
0.05	74.61
0.05
0.05
0.06
0.05
0.05
0.05
0.05
0.05
0.05
0.05
0.05
0.05
0.05
0.05
0.05
0.05
0.05
0.05
0.05
0.05
0.05
0.05
0.05
0.05
0.05
0.05
0.05
0.05
0.05
0.05
0.05
CorWatt	PkgWatt
8.73	158.37
0.18	83.33
0.17
0.17
0.17
0.20
0.17
0.18
0.18
0.15
0.15
0.15
0.15
0.45
0.35
0.35
1.18
0.16
0.16
0.16
0.16
0.18
0.17
0.17
0.17
0.16
0.16
0.16
0.16
0.15
0.15
0.15
0.15
0.06	75.10
0.06
0.06
0.06
0.06
0.06
0.06
0.06
0.06
0.06
0.06
0.06
0.06
0.06
0.05
0.05
0.06
0.06
0.06
0.06
0.06
0.06
0.06
0.06
0.06
0.06
0.06
0.06
0.06
0.06
0.06
0.06
CorWatt	PkgWatt
8.36	157.86
0.18	83.11
0.16
0.16
0.16
0.19
0.17
0.17
0.17
0.14
0.14
0.15
0.14
1.19
0.35
0.35
0.44
0.16
0.16
0.16
0.16
0.17
0.16
0.16
0.16
0.15
0.15
0.15
0.15
0.14
0.14
0.14
0.14
0.05	74.69
0.05
0.05
0.06
0.05
0.05
0.05
0.05
0.05
0.05
0.05
0.05
0.05
0.05
0.05
0.05
0.05
0.05
0.05
0.05
0.06
0.05
0.05
0.05
0.05
0.05
0.05
0.05
0.05
0.05
0.05
0.05
CorWatt	PkgWatt
8.24	157.56
0.17	82.89
0.16
0.16
0.16
0.19
0.17
0.17
0.17
0.14
0.14
0.14
0.14
1.05
0.34
0.34
0.53
0.15
0.15
0.15
0.15
0.17
0.16
0.16
0.16
0.15
0.15
0.15
0.15
0.14
0.14
0.14
0.14
0.05	74.68
0.05
0.05
0.05
0.05
0.05
0.05
0.05
0.05
0.05
0.05
0.05
0.05
0.05
0.05
0.05
0.05
0.05
0.05
0.05
0.05
0.05
0.05
0.05
0.05
0.05
0.05
0.05
0.05
0.05
0.05
0.05
CorWatt	PkgWatt
8.50	157.95
0.17	83.16
0.16
0.16
0.16
0.19
0.17
0.17
0.17
0.14
0.15
0.15
0.14
1.28
0.35
0.35
0.35
0.16
0.16
0.16
0.16
0.18
0.16
0.16
0.16
0.15
0.15
0.15
0.15
0.14
0.14
0.14
0.14
0.06	74.89
0.06
0.05
0.06
0.05
0.05
0.05
0.06
0.05
0.06
0.05
0.05
0.05
0.05
0.05
0.05
0.05
0.05
0.05
0.05
0.06
0.06
0.06
0.06
0.06
0.06
0.05
0.05
0.05
0.05
0.05
0.06
CorWatt	PkgWatt
8.66	158.35
0.18	83.22
0.16
0.16
0.16
0.20
0.17
0.17
0.17
0.15
0.15
0.15
0.15
1.28
0.35
0.35
0.36
0.16
0.16
0.16
0.16
0.18
0.17
0.16
0.16
0.15
0.15
0.15
0.16
0.15
0.15
0.15
0.15
0.06	74.99
0.06
0.06
0.06
0.06
0.06
0.06
0.06
0.06
0.06
0.06
0.06
0.06
0.06
0.05
0.05
0.06
0.06
0.06
0.06
0.06
0.06
0.06
0.06
0.06
0.06
0.06
0.06
0.06
0.06
0.06
0.06
CorWatt	PkgWatt
8.44	157.72
0.17	83.16
0.16
0.16
0.16
0.20
0.17
0.17
0.17
0.15
0.14
0.15
0.15
1.28
0.35
0.42
0.35
0.16
0.16
0.16
0.16
0.17
0.16
0.16
0.16
0.15
0.15
0.15
0.15
0.14
0.14
0.14
0.14
0.06	74.69
0.05
0.05
0.06
0.05
0.05
0.05
0.05
0.05
0.05
0.05
0.05
0.05
0.05
0.05
0.05
0.05
0.05
0.05
0.05
0.05
0.05
0.05
0.05
0.05
0.05
0.05
0.05
0.05
0.05
0.05
0.05
CorWatt	PkgWatt
8.35	157.95
0.17	83.10
0.16
0.16
0.16
0.19
0.17
0.17
0.17
0.14
0.14
0.15
0.14
1.28
0.35
0.35
0.35
0.16
0.16
0.16
0.16
0.18
0.16
0.16
0.16
0.15
0.15
0.15
0.15
0.14
0.14
0.14
0.14
0.05	74.73
0.05
0.05
0.06
0.05
0.05
0.05
0.05
0.05
0.05
0.05
0.05
0.05
0.05
0.05
0.05
0.05
0.05
0.05
0.05
0.05
0.05
0.05
0.05
0.05
0.05
0.05
0.05
0.05
0.05
0.05
0.05
CorWatt	PkgWatt
8.61	157.94
0.18	83.44
0.17
0.17
0.17
0.20
0.17
0.17
0.17
0.15
0.15
0.15
0.15
0.38
0.37
0.37
1.38
0.16
0.16
0.16
0.16
0.18
0.17
0.16
0.16
0.15
0.15
0.15
0.16
0.14
0.14
0.14
0.14
0.05	74.62
0.05
0.05
0.06
0.05
0.05
0.05
0.05
0.05
0.05
0.05
0.05
0.05
0.05
0.05
0.05
0.05
0.05
0.05
0.05
0.05
0.05
0.05
0.05
0.05
0.05
0.05
0.05
0.05
0.05
0.05
0.05
CorWatt	PkgWatt
8.91	158.68
0.18	83.52
0.17
0.17
0.17
0.20
0.17
0.18
0.17
0.15
0.15
0.14
0.15
0.38
0.38
0.38
1.42
0.16
0.16
0.16
0.16
0.18
0.17
0.17
0.16
0.16
0.16
0.16
0.16
0.15
0.15
0.15
0.15
0.06	75.04
0.06
0.06
0.06
0.06
0.06
0.06
0.06
0.06
0.06
0.05
0.06
0.06
0.05
0.05
0.05
0.06
0.06
0.06
0.06
0.06
0.06
0.06
0.06
0.06
0.06
0.06
0.06
0.06
0.06
0.06
0.06
CorWatt	PkgWatt
8.62	158.07
0.18	83.38
0.17
0.17
0.16
0.19
0.17
0.17
0.17
0.15
0.14
0.15
0.15
0.46
1.31
0.38
0.39
0.16
0.16
0.16
0.16
0.18
0.16
0.16
0.16
0.15
0.15
0.15
0.16
0.14
0.14
0.14
0.14
0.05	74.73
0.05
0.05
0.05
0.05
0.05
0.05
0.05
0.05
0.05
0.05
0.05
0.05
0.05
0.05
0.05
0.05
0.05
0.05
0.05
0.05
0.05
0.05
0.05
0.05
0.05
0.05
0.05
0.05
0.05
0.05
0.05
CorWatt	PkgWatt
12.10	163.79
0.23	85.80
0.22
0.20
0.22
0.34
0.29
0.29
0.71
0.23
0.23
0.24
0.23
0.21
0.27
0.19
0.20
0.23
0.24
0.24
0.24
0.26
0.26
0.25
0.25
0.24
0.24
0.25
0.25
0.61
0.58
0.23
0.23
0.10	78.14
0.10
0.10
0.11
0.10
0.10
0.10
0.10
0.09
0.10
0.10
0.10
0.09
0.10
0.10
0.10
0.10
0.10
0.10
0.10
0.11
0.09
0.10
0.10
0.10
0.09
0.10
0.10
0.09
0.10
0.10
0.11
CorWatt	PkgWatt
8.39	157.72
0.17	82.92
0.16
0.16
0.16
0.39
0.39
0.39
1.42
0.14
0.14
0.13
0.14
0.13
0.14
0.13
0.13
0.15
0.15
0.15
0.15
0.17
0.16
0.15
0.15
0.14
0.14
0.14
0.14
0.15
0.17
0.15
0.15
0.05	74.64
0.05
0.05
0.06
0.05
0.05
0.05
0.05
0.05
0.05
0.05
0.05
0.05
0.05
0.05
0.05
0.05
0.05
0.05
0.05
0.05
0.05
0.05
0.05
0.05
0.05
0.05
0.05
0.05
0.05
0.05
0.05
CorWatt	PkgWatt
8.68	158.08
0.17	82.87
0.16
0.16
0.16
1.20
0.40
0.40
0.62
0.14
0.14
0.14
0.14
0.14
0.14
0.13
0.14
0.15
0.15
0.15
0.15
0.17
0.16
0.15
0.15
0.15
0.15
0.15
0.15
0.15
0.17
0.15
0.15
0.06	75.21
0.06
0.06
0.06
0.06
0.06
0.06
0.06
0.06
0.06
0.06
0.06
0.06
0.06
0.06
0.06
0.06
0.06
0.06
0.06
0.06
0.06
0.06
0.06
0.06
0.06
0.06
0.06
0.06
0.06
0.06
0.06
CorWatt	PkgWatt
8.33	157.31
0.17	82.79
0.16
0.16
0.16
1.43
0.40
0.39
0.39
0.13
0.13
0.13
0.13
0.13
0.13
0.13
0.13
0.15
0.15
0.15
0.15
0.17
0.16
0.15
0.15
0.14
0.14
0.14
0.14
0.15
0.17
0.15
0.15
0.05	74.59
0.05
0.05
0.06
0.05
0.05
0.05
0.05
0.05
0.05
0.05
0.05
0.05
0.05
0.05
0.05
0.05
0.05
0.05
0.05
0.05
0.05
0.05
0.05
0.05
0.05
0.05
0.05
0.05
0.05
0.05
0.05
CorWatt	PkgWatt
9.94	169.26
0.16	94.37
0.16
0.16
0.16
0.31
0.31
0.31
3.24
0.14
0.13
0.13
0.14
0.13
0.13
0.13
0.13
0.15
0.15
0.15
0.14
0.17
0.16
0.15
0.15
0.14
0.14
0.14
0.14
0.15
0.17
0.15
0.15
0.06	74.81
0.05
0.05
0.06
0.05
0.05
0.05
0.05
0.05
0.05
0.05
0.05
0.05
0.05
0.05
0.05
0.05
0.05
0.05
0.05
0.06
0.05
0.06
0.05
0.05
0.05
0.05
0.05
0.05
0.05
0.05
0.05
CorWatt	PkgWatt
12.02	184.44
0.17	109.72
0.16
0.16
0.16
0.20
0.20
0.20
5.57
0.14
0.13
0.13
0.13
0.14
0.13
0.20
0.13
0.15
0.15
0.15
0.15
0.16
0.16
0.15
0.15
0.14
0.14
0.14
0.14
0.15
0.16
0.15
0.15
0.05	74.71
0.05
0.05
0.05
0.05
0.05
0.05
0.05
0.05
0.05
0.05
0.05
0.05
0.05
0.05
0.05
0.05
0.05
0.05
0.05
0.06
0.05
0.06
0.05
0.05
0.05
0.05
0.05
0.05
0.05
0.05
0.05
CorWatt	PkgWatt
12.19	184.80
0.17	109.69
0.16
0.16
0.16
0.21
0.20
0.20
5.58
0.14
0.14
0.13
0.14
0.14
0.14
0.13
0.13
0.15
0.15
0.15
0.15
0.17
0.16
0.16
0.15
0.14
0.14
0.15
0.14
0.15
0.17
0.15
0.15
0.06	75.16
0.06
0.06
0.06
0.06
0.06
0.06
0.06
0.06
0.06
0.06
0.06
0.06
0.06
0.06
0.06
0.06
0.06
0.06
0.06
0.06
0.06
0.06
0.06
0.06
0.06
0.06
0.06
0.06
0.06
0.06
0.06
CorWatt	PkgWatt
11.90	184.21
0.16	109.67
0.16
0.16
0.16
0.20
0.20
0.20
5.58
0.14
0.14
0.13
0.14
0.13
0.13
0.13
0.13
0.15
0.15
0.15
0.15
0.17
0.16
0.15
0.15
0.14
0.14
0.14
0.14
0.15
0.16
0.15
0.15
0.05	74.59
0.05
0.05
0.05
0.05
0.05
0.05
0.05
0.05
0.05
0.05
0.05
0.05
0.05
0.05
0.05
0.05
0.05
0.05
0.05
0.05
0.05
0.05
0.05
0.05
0.05
0.05
0.05
0.05
0.05
0.05
0.05
CorWatt	PkgWatt
11.92	184.47
0.17	109.65
0.16
0.16
0.16
0.20
0.20
0.20
5.57
0.14
0.14
0.13
0.14
0.13
0.13
0.13
0.13
0.15
0.15
0.15
0.15
0.16
0.15
0.16
0.15
0.14
0.14
0.14
0.14
0.15
0.16
0.15
0.15
0.05	74.66
0.05
0.05
0.05
0.05
0.05
0.05
0.05
0.05
0.05
0.05
0.05
0.05
0.05
0.05
0.05
0.05
0.05
0.05
0.05
0.05
0.05
0.05
0.05
0.05
0.05
0.05
0.05
0.05
0.05
0.05
0.05
CorWatt	PkgWatt
11.97	184.24
0.17	109.68
0.16
0.16
0.16
0.20
0.20
0.20
5.58
0.14
0.14
0.13
0.14
0.13
0.13
0.13
0.13
0.15
0.15
0.15
0.15
0.17
0.15
0.16
0.15
0.14
0.14
0.14
0.14
0.15
0.16
0.15
0.15
0.05	74.71
0.05
0.05
0.05
0.05
0.05
0.05
0.05
0.05
0.05
0.05
0.05
0.05
0.05
0.05
0.05
0.05
0.05
0.05
0.05
0.06
0.05
0.05
0.05
0.05
0.05
0.05
0.05
0.05
0.05
0.05
0.05
CorWatt	PkgWatt
12.45	187.04
0.17	109.94
0.17
0.17
0.17
0.20
0.21
0.21
5.61
0.15
0.14
0.14
0.14
0.14
0.14
0.13
0.13
0.16
0.15
0.16
0.16
0.17
0.16
0.16
0.15
0.15
0.15
0.15
0.15
0.15
0.17
0.15
0.15
0.07	77.02
0.07
0.07
0.06
0.07
0.06
0.06
0.06
0.06
0.06
0.06
0.06
0.06
0.06
0.06
0.06
0.06
0.06
0.06
0.06
0.06
0.07
0.07
0.06
0.06
0.06
0.06
0.06
0.06
0.06
0.06
0.06
CorWatt	PkgWatt
11.97	184.41
0.17	109.75
0.16
0.16
0.16
0.20
0.20
0.20
5.58
0.14
0.14
0.13
0.14
0.13
0.13
0.13
0.13
0.15
0.15
0.15
0.15
0.17
0.16
0.16
0.15
0.14
0.14
0.14
0.14
0.15
0.16
0.15
0.15
0.05	74.63
0.05
0.05
0.05
0.05
0.05
0.05
0.05
0.05
0.05
0.05
0.05
0.05
0.05
0.05
0.05
0.05
0.05
0.05
0.05
0.06
0.05
0.05
0.05
0.05
0.05
0.05
0.05
0.05
0.05
0.05
0.05
CorWatt	PkgWatt
12.00	184.36
0.17	109.74
0.16
0.16
0.16
0.20
0.20
0.20
5.58
0.14
0.14
0.13
0.14
0.13
0.14
0.13
0.13
0.15
0.15
0.15
0.15
0.17
0.16
0.16
0.15
0.14
0.14
0.14
0.14
0.15
0.17
0.15
0.15
0.05	74.72
0.05
0.05
0.05
0.05
0.05
0.05
0.05
0.05
0.05
0.05
0.05
0.05
0.05
0.05
0.05
0.05
0.05
0.05
0.05
0.05
0.05
0.05
0.05
0.05
0.05
0.05
0.05
0.05
0.05
0.05
0.05
CorWatt	PkgWatt
11.91	184.44
0.17	109.70
0.16
0.16
0.16
0.20
0.20
0.20
5.57
0.14
0.14
0.13
0.14
0.13
0.14
0.13
0.13
0.15
0.15
0.15
0.15
0.17
0.16
0.16
0.15
0.14
0.14
0.14
0.14
0.15
0.16
0.15
0.15
0.05	74.61
0.05
0.05
0.05
0.05
0.05
0.05
0.05
0.05
0.05
0.05
0.05
0.05
0.05
0.05
0.05
0.05
0.05
0.05
0.05
0.05
0.05
0.05
0.05
0.05
0.05
0.05
0.05
0.05
0.05
0.05
0.05
CorWatt	PkgWatt
12.26	184.80
0.17	109.83
0.16
0.16
0.16
0.20
0.21
0.20
5.58
0.14
0.14
0.14
0.14
0.14
0.14
0.13
0.14
0.16
0.15
0.15
0.15
0.17
0.16
0.16
0.15
0.15
0.15
0.15
0.15
0.15
0.17
0.15
0.15
0.06	75.07
0.06
0.06
0.06
0.06
0.06
0.06
0.06
0.06
0.06
0.06
0.06
0.06
0.06
0.06
0.06
0.06
0.06
0.06
0.06
0.06
0.06
0.06
0.06
0.06
0.06
0.06
0.06
0.06
0.06
0.06
0.06
CorWatt	PkgWatt
12.09	184.61
0.17	109.85
0.16
0.16
0.16
0.20
0.20
0.20
5.59
0.14
0.14
0.14
0.14
0.14
0.14
0.21
0.13
0.15
0.15
0.16
0.15
0.17
0.16
0.16
0.16
0.14
0.14
0.14
0.14
0.15
0.16
0.15
0.15
0.05	74.69
0.05
0.05
0.06
0.05
0.05
0.05
0.05
0.05
0.05
0.05
0.05
0.05
0.05
0.05
0.05
0.05
0.05
0.05
0.05
0.05
0.05
0.05
0.05
0.05
0.05
0.05
0.05
0.05
0.05
0.05
0.05
CorWatt	PkgWatt
12.01	184.31
0.17	109.76
0.16
0.16
0.16
0.20
0.20
0.20
5.58
0.14
0.14
0.14
0.14
0.14
0.14
0.13
0.13
0.16
0.15
0.15
0.15
0.17
0.16
0.16
0.16
0.14
0.14
0.14
0.14
0.15
0.16
0.15
0.15
0.05	74.65
0.05
0.05
0.05
0.05
0.05
0.05
0.05
0.05
0.05
0.05
0.05
0.05
0.05
0.05
0.05
0.05
0.05
0.05
0.05
0.05
0.05
0.05
0.05
0.05
0.05
0.05
0.05
0.05
0.05
0.05
0.05
CorWatt	PkgWatt
9.94	173.87
0.15	98.96
0.14
0.14
0.14
0.17
0.17
0.17
3.65
0.13
0.13
0.12
0.13
0.13
0.12
0.13
0.12
0.14
0.14
0.13
0.14
0.15
0.14
0.14
0.40
0.13
0.13
0.13
0.13
0.13
0.19
0.13
0.13
0.06	74.85
0.05
0.06
0.06
0.05
0.05
0.05
0.05
0.06
0.06
0.05
0.05
0.05
0.05
0.05
0.05
0.05
0.05
0.05
0.05
0.06
0.06
0.06
0.06
0.05
0.05
0.05
0.05
0.05
0.05
0.05
0.05
CorWatt	PkgWatt
13.00	166.20
0.26	87.57
0.25
0.25
0.25
0.24
0.22
0.22
0.24
0.22
0.22
0.22
0.22
0.22
0.22
0.22
0.22
0.23
0.23
0.22
0.22
0.26
0.24
0.24
0.78
1.34
0.38
0.38
0.38
0.23
0.23
0.23
0.23
0.12	78.65
0.12
0.11
0.11
0.11
0.11
0.12
0.11
0.10
0.11
0.11
0.11
0.10
0.10
0.09
0.10
0.12
0.11
0.11
0.11
0.10
0.10
0.10
0.10
0.11
0.11
0.11
0.11
0.11
0.11
0.11
0.11
CorWatt	PkgWatt
8.90	158.67
0.18	84.10
0.17
0.17
0.17
0.17
0.17
0.17
0.17
0.15
0.15
0.15
0.15
0.15
0.15
0.15
0.15
0.16
0.16
0.16
0.16
0.19
0.18
0.18
0.21
1.56
0.38
0.38
0.38
0.16
0.16
0.16
0.16
0.05	74.63
0.05
0.05
0.05
0.05
0.05
0.05
0.05
0.05
0.05
0.05
0.05
0.05
0.05
0.05
0.05
0.05
0.05
0.05
0.05
0.05
0.05
0.05
0.05
0.05
0.05
0.05
0.05
0.05
0.05
0.05
0.05
CorWatt	PkgWatt
8.93	158.94
0.18	84.11
0.17
0.17
0.17
0.17
0.17
0.17
0.17
0.15
0.15
0.14
0.15
0.15
0.15
0.15
0.14
0.16
0.16
0.16
0.16
0.19
0.18
0.18
0.20
1.57
0.38
0.38
0.38
0.16
0.15
0.15
0.16
0.05	74.72
0.05
0.05
0.05
0.05
0.05
0.05
0.05
0.05
0.05
0.05
0.05
0.05
0.05
0.05
0.05
0.05
0.05
0.05
0.05
0.06
0.05
0.05
0.05
0.05
0.05
0.05
0.05
0.05
0.05
0.05
0.05
CorWatt	PkgWatt
8.82	158.62
0.18	84.08
0.17
0.17
0.17
0.17
0.17
0.17
0.17
0.15
0.15
0.14
0.15
0.14
0.14
0.14
0.14
0.16
0.16
0.16
0.16
0.19
0.18
0.18
0.20
1.56
0.38
0.38
0.37
0.15
0.15
0.15
0.15
0.05	74.54
0.05
0.05
0.05
0.05
0.05
0.05
0.05
0.05
0.05
0.05
0.05
0.05
0.05
0.05
0.05
0.05
0.05
0.05
0.05
0.05
0.05
0.05
0.05
0.05
0.05
0.05
0.05
0.05
0.05
0.05
0.05
CorWatt	PkgWatt
9.26	159.22
0.18	84.20
0.17
0.17
0.17
0.17
0.17
0.17
0.17
0.15
0.15
0.15
0.15
0.15
0.15
0.15
0.15
0.17
0.17
0.17
0.17
0.20
0.18
0.21
0.21
1.58
0.38
0.38
0.38
0.16
0.16
0.16
0.16
0.06	75.06
0.06
0.06
0.06
0.06
0.06
0.06
0.06
0.06
0.06
0.06
0.06
0.06
0.06
0.06
0.06
0.06
0.06
0.06
0.06
0.06
0.06
0.06
0.06
0.06
0.06
0.06
0.06
0.06
0.06
0.06
0.06
CorWatt	PkgWatt
9.06	159.03
0.18	84.29
0.17
0.17
0.17
0.17
0.16
0.17
0.17
0.15
0.15
0.15
0.15
0.14
0.15
0.14
0.14
0.16
0.16
0.16
0.16
0.19
0.18
0.18
0.20
1.92
0.27
0.42
0.27
0.15
0.15
0.15
0.15
0.05	74.71
0.05
0.05
0.05
0.05
0.05
0.05
0.05
0.05
0.05
0.05
0.05
0.05
0.05
0.05
0.05
0.05
0.05
0.05
0.05
0.05
0.05
0.05
0.05
0.05
0.05
0.05
0.05
0.05
0.05
0.05
0.05
CorWatt	PkgWatt
9.11	159.12
0.18	84.49
0.17
0.17
0.17
0.17
0.16
0.17
0.17
0.15
0.15
0.14
0.15
0.15
0.15
0.15
0.15
0.16
0.16
0.16
0.16
0.19
0.18
0.18
0.20
0.36
0.26
2.02
0.25
0.16
0.15
0.16
0.15
0.05	74.67
0.05
0.05
0.05
0.05
0.05
0.05
0.05
0.05
0.05
0.05
0.05
0.05
0.05
0.05
0.05
0.05
0.05
0.05
0.05
0.05
0.05
0.06
0.05
0.05
0.05
0.05
0.05
0.05
0.05
0.05
0.05
CorWatt	PkgWatt
9.12	159.21
0.18	84.48
0.17
0.17
0.17
0.17
0.16
0.17
0.17
0.15
0.15
0.15
0.15
0.15
0.15
0.22
0.15
0.16
0.16
0.16
0.16
0.19
0.18
0.18
0.20
0.34
0.26
1.99
0.25
0.15
0.15
0.15
0.15
0.05	74.66
0.05
0.05
0.05
0.05
0.05
0.05
0.05
0.05
0.05
0.05
0.05
0.05
0.05
0.05
0.05
0.05
0.05
0.05
0.05
0.05
0.05
0.05
0.05
0.05
0.05
0.05
0.05
0.05
0.05
0.05
0.05
CorWatt	PkgWatt
9.21	159.38
0.18	84.41
0.17
0.17
0.17
0.17
0.17
0.17
0.17
0.15
0.15
0.15
0.15
0.15
0.15
0.15
0.15
0.17
0.16
0.16
0.16
0.20
0.18
0.18
0.21
0.31
0.26
1.98
0.26
0.16
0.16
0.16
0.15
0.06	74.95
0.06
0.06
0.06
0.06
0.06
0.06
0.06
0.05
0.05
0.05
0.05
0.05
0.05
0.05
0.05
0.06
0.06
0.05
0.06
0.06
0.06
0.06
0.06
0.05
0.05
0.05
0.05
0.05
0.05
0.05
0.06
CorWatt	PkgWatt
8.93	158.83
0.18	84.28
0.17
0.17
0.17
0.17
0.17
0.17
0.17
0.15
0.15
0.15
0.15
0.15
0.15
0.15
0.14
0.16
0.16
0.16
0.16
0.19
0.18
0.18
0.20
0.26
0.26
1.98
0.25
0.15
0.16
0.16
0.15
0.05	74.65
0.05
0.05
0.06
0.05
0.05
0.05
0.05
0.05
0.05
0.05
0.05
0.05
0.05
0.05
0.05
0.05
0.05
0.05
0.05
0.05
0.05
0.05
0.05
0.05
0.05
0.05
0.05
0.05
0.05
0.05
0.05
CorWatt	PkgWatt
8.92	158.99
0.18	84.31
0.17
0.17
0.17
0.17
0.16
0.17
0.17
0.15
0.15
0.14
0.15
0.14
0.15
0.15
0.14
0.16
0.16
0.16
0.16
0.19
0.18
0.18
0.20
0.26
0.26
1.97
0.25
0.15
0.15
0.15
0.15
0.05	74.61
0.05
0.05
0.05
0.05
0.05
0.05
0.05
0.05
0.05
0.05
0.05
0.05
0.05
0.05
0.05
0.05
0.05
0.05
0.05
0.05
0.05
0.05
0.05
0.05
0.05
0.05
0.05
0.05
0.05
0.05
0.05
CorWatt	PkgWatt
8.94	158.96
0.18	84.24
0.17
0.17
0.17
0.17
0.16
0.17
0.17
0.15
0.15
0.15
0.15
0.15
0.15
0.14
0.14
0.16
0.16
0.16
0.16
0.19
0.18
0.18
0.20
0.26
0.26
1.98
0.25
0.15
0.15
0.16
0.15
0.05	74.71
0.05
0.05
0.05
0.05
0.05
0.05
0.05
0.05
0.05
0.05
0.05
0.05
0.05
0.05
0.05
0.05
0.05
0.05
0.05
0.05
0.05
0.05
0.05
0.05
0.05
0.05
0.05
0.05
0.05
0.05
0.05
CorWatt	PkgWatt
9.23	159.42
0.18	84.44
0.17
0.17
0.17
0.17
0.17
0.17
0.17
0.15
0.15
0.15
0.15
0.15
0.15
0.15
0.15
0.17
0.17
0.17
0.17
0.19
0.18
0.18
0.21
0.51
0.26
1.74
0.26
0.16
0.16
0.16
0.15
0.06	75.01
0.06
0.06
0.06
0.06
0.06
0.06
0.06
0.06
0.06
0.06
0.06
0.06
0.06
0.05
0.05
0.06
0.06
0.06
0.06
0.06
0.06
0.06
0.06
0.06
0.06
0.06
0.06
0.06
0.06
0.06
0.06
CorWatt	PkgWatt
9.03	158.97
0.18	84.27
0.17
0.17
0.17
0.17
0.16
0.17
0.17
0.15
0.14
0.14
0.15
0.14
0.14
0.14
0.14
0.16
0.16
0.16
0.16
0.19
0.18
0.18
0.20
2.05
0.26
0.36
0.25
0.15
0.15
0.15
0.15
0.05	74.65
0.05
0.05
0.05
0.05
0.05
0.05
0.05
0.05
0.05
0.05
0.05
0.05
0.05
0.05
0.05
0.05
0.05
0.05
0.05
0.05
0.05
0.05
0.05
0.05
0.05
0.05
0.05
0.05
0.05
0.05
0.05
CorWatt	PkgWatt
8.87	158.84
0.18	84.20
0.17
0.17
0.17
0.17
0.16
0.16
0.16
0.15
0.14
0.14
0.14
0.14
0.14
0.14
0.14
0.16
0.16
0.16
0.16
0.19
0.18
0.17
0.20
1.97
0.26
0.30
0.25
0.16
0.15
0.15
0.15
0.05	74.66
0.05
0.05
0.05
0.05
0.05
0.05
0.05
0.05
0.05
0.05
0.05
0.05
0.05
0.05
0.05
0.05
0.05
0.05
0.05
0.05
0.05
0.05
0.05
0.05
0.05
0.05
0.05
0.05
0.05
0.05
0.05
CorWatt	PkgWatt
8.95	158.89
0.18	84.36
0.17
0.17
0.17
0.17
0.16
0.17
0.17
0.15
0.15
0.15
0.15
0.14
0.15
0.14
0.14
0.16
0.16
0.16
0.16
0.19
0.18
0.18
0.20
0.32
0.26
1.96
0.25
0.16
0.16
0.16
0.15
0.05	74.63
0.05
0.05
0.05
0.05
0.05
0.05
0.05
0.05
0.05
0.05
0.05
0.05
0.05
0.05
0.05
0.05
0.05
0.05
0.05
0.05
0.05
0.05
0.05
0.05
0.05
0.05
0.05
0.05
0.05
0.05
0.05
CorWatt	PkgWatt
9.20	159.48
0.19	84.33
0.17
0.17
0.17
0.17
0.17
0.17
0.17
0.15
0.15
0.15
0.15
0.15
0.15
0.15
0.15
0.17
0.16
0.16
0.16
0.20
0.18
0.18
0.21
0.26
0.26
1.97
0.25
0.16
0.16
0.16
0.16
0.06	75.02
0.06
0.06
0.06
0.06
0.06
0.06
0.06
0.06
0.06
0.06
0.06
0.06
0.06
0.06
0.05
0.06
0.06
0.06
0.06
0.06
0.06
0.06
0.06
0.06
0.06
0.06
0.06
0.06
0.06
0.06
0.06
CorWatt	PkgWatt
11.26	163.48
0.22	85.51
0.21
0.20
0.21
0.17
0.17
0.17
0.18
0.21
0.21
0.54
0.21
0.20
0.20
0.27
0.20
0.24
0.23
0.24
0.90
0.21
0.20
0.21
0.27
0.22
0.23
0.65
0.24
0.19
0.19
0.20
0.20
0.10	78.08
0.10
0.10
0.10
0.10
0.10
0.10
0.10
0.09
0.09
0.09
0.09
0.09
0.08
0.09
0.09
0.10
0.10
0.10
0.10
0.09
0.09
0.10
0.10
0.10
0.10
0.10
0.09
0.10
0.10
0.10
0.10
CorWatt	PkgWatt
8.34	157.87
0.18	83.17
0.17
0.17
0.17
0.17
0.16
0.16
0.16
0.16
0.16
0.18
0.16
0.15
0.15
0.15
0.15
0.63
0.34
0.34
0.82
0.18
0.17
0.18
0.17
0.16
0.16
0.16
0.16
0.15
0.15
0.15
0.15
0.06	74.75
0.05
0.06
0.06
0.05
0.05
0.05
0.05
0.05
0.05
0.05
0.05
0.05
0.05
0.05
0.05
0.05
0.05
0.05
0.05
0.05
0.05
0.05
0.05
0.05
0.05
0.05
0.05
0.05
0.05
0.05
0.05
CorWatt	PkgWatt
8.24	157.72
0.18	83.07
0.17
0.17
0.17
0.17
0.16
0.16
0.16
0.16
0.16
0.18
0.16
0.14
0.14
0.14
0.15
1.11
0.34
0.34
0.34
0.18
0.17
0.17
0.17
0.16
0.16
0.16
0.16
0.15
0.15
0.15
0.15
0.05	74.63
0.05
0.05
0.05
0.05
0.05
0.05
0.05
0.05
0.05
0.05
0.05
0.05
0.05
0.05
0.05
0.05
0.05
0.05
0.05
0.05
0.05
0.05
0.05
0.05
0.05
0.05
0.05
0.05
0.05
0.05
0.05
CorWatt	PkgWatt
8.50	158.26
0.18	83.18
0.17
0.17
0.17
0.17
0.16
0.16
0.16
0.16
0.16
0.18
0.16
0.15
0.15
0.15
0.15
1.13
0.34
0.34
0.34
0.18
0.17
0.17
0.17
0.16
0.16
0.16
0.16
0.15
0.15
0.15
0.15
0.06	74.99
0.06
0.06
0.06
0.06
0.06
0.06
0.06
0.06
0.06
0.06
0.06
0.06
0.06
0.06
0.05
0.06
0.06
0.06
0.06
0.06
0.06
0.06
0.06
0.06
0.06
0.06
0.06
0.06
0.06
0.06
0.06
CorWatt	PkgWatt
8.22	157.74
0.18	83.06
0.17
0.17
0.17
0.16
0.16
0.16
0.16
0.16
0.16
0.18
0.16
0.14
0.14
0.14
0.14
0.34
0.34
0.34
1.13
0.18
0.17
0.17
0.17
0.16
0.16
0.16
0.16
0.15
0.15
0.15
0.15
0.05	74.66
0.05
0.05
0.05
0.05
0.05
0.05
0.05
0.05
0.05
0.05
0.05
0.05
0.05
0.05
0.05
0.05
0.05
0.05
0.05
0.05
0.05
0.05
0.05
0.05
0.05
0.05
0.05
0.05
0.05
0.05
0.05
CorWatt	PkgWatt
8.30	157.68
0.18	83.13
0.17
0.17
0.17
0.17
0.16
0.16
0.16
0.16
0.16
0.18
0.16
0.14
0.14
0.14
0.14
0.34
0.34
0.34
1.13
0.18
0.17
0.18
0.17
0.16
0.16
0.16
0.16
0.15
0.15
0.15
0.15
0.05	74.70
0.05
0.05
0.06
0.05
0.05
0.05
0.05
0.05
0.05
0.05
0.05
0.05
0.05
0.05
0.05
0.05
0.05
0.05
0.05
0.05
0.05
0.05
0.05
0.05
0.05
0.05
0.05
0.05
0.05
0.05
0.05
CorWatt	PkgWatt
8.34	158.01
0.18	83.27
0.17
0.17
0.17
0.16
0.16
0.16
0.16
0.16
0.16
0.18
0.16
0.14
0.15
0.14
0.15
0.33
0.34
0.34
1.22
0.18
0.17
0.17
0.17
0.16
0.16
0.16
0.16
0.15
0.15
0.15
0.15
0.05	74.64
0.05
0.05
0.06
0.05
0.05
0.05
0.05
0.05
0.05
0.05
0.05
0.05
0.05
0.05
0.05
0.05
0.05
0.05
0.05
0.05
0.05
0.05
0.06
0.05
0.05
0.05
0.05
0.05
0.05
0.05
0.05
CorWatt	PkgWatt
11.02	161.77
0.17	86.65
0.17
0.17
0.17
0.16
0.16
0.16
0.16
0.16
0.15
0.17
0.15
0.14
0.14
0.14
0.14
0.23
0.24
0.24
4.09
0.18
0.17
0.16
0.16
0.15
0.15
0.15
0.16
0.15
0.15
0.15
0.15
0.06	75.09
0.06
0.06
0.06
0.06
0.06
0.06
0.06
0.06
0.06
0.06
0.06
0.06
0.06
0.05
0.06
0.06
0.06
0.06
0.06
0.06
0.06
0.06
0.06
0.06
0.06
0.06
0.06
0.06
0.06
0.06
0.06
CorWatt	PkgWatt
10.72	161.13
0.17	86.64
0.17
0.17
0.16
0.16
0.16
0.16
0.16
0.15
0.15
0.16
0.15
0.14
0.14
0.14
0.14
0.23
0.23
0.24
4.08
0.18
0.17
0.16
0.16
0.15
0.15
0.15
0.16
0.14
0.14
0.14
0.14
0.05	74.53
0.05
0.05
0.05
0.05
0.05
0.05
0.05
0.05
0.05
0.05
0.05
0.05
0.05
0.05
0.05
0.05
0.05
0.05
0.05
0.05
0.05
0.05
0.05
0.05
0.05
0.05
0.05
0.05
0.05
0.05
0.05
CorWatt	PkgWatt
10.73	161.32
0.17	86.55
0.16
0.16
0.16
0.16
0.16
0.16
0.16
0.15
0.15
0.16
0.15
0.14
0.14
0.14
0.14
0.23
0.23
0.24
4.08
0.18
0.17
0.16
0.16
0.15
0.15
0.15
0.15
0.15
0.14
0.14
0.14
0.05	74.74
0.05
0.05
0.05
0.05
0.05
0.05
0.05
0.05
0.05
0.05
0.05
0.05
0.05
0.05
0.05
0.05
0.05
0.05
0.05
0.05
0.05
0.05
0.05
0.05
0.05
0.05
0.05
0.05
0.05
0.05
0.05
CorWatt	PkgWatt
10.82	161.23
0.17	86.62
0.16
0.16
0.16
0.16
0.16
0.16
0.16
0.15
0.15
0.16
0.15
0.14
0.14
0.21
0.14
0.23
0.23
0.24
4.08
0.18
0.17
0.16
0.16
0.15
0.15
0.15
0.15
0.14
0.14
0.14
0.14
0.05	74.69
0.05
0.05
0.05
0.05
0.05
0.05
0.05
0.05
0.05
0.05
0.05
0.05
0.05
0.05
0.05
0.05
0.05
0.05
0.05
0.05
0.05
0.05
0.05
0.05
0.05
0.05
0.05
0.05
0.05
0.05
0.05
CorWatt	PkgWatt
10.93	161.64
0.17	86.66
0.17
0.16
0.16
0.16
0.16
0.16
0.16
0.15
0.15
0.17
0.15
0.14
0.14
0.14
0.14
0.23
0.23
0.24
4.08
0.18
0.17
0.16
0.17
0.15
0.15
0.15
0.16
0.15
0.15
0.14
0.15
0.06	74.92
0.06
0.06
0.06
0.06
0.06
0.06
0.06
0.05
0.05
0.05
0.05
0.05
0.05
0.05
0.05
0.06
0.05
0.05
0.06
0.06
0.06
0.06
0.06
0.05
0.05
0.05
0.05
0.05
0.05
0.05
0.06
CorWatt	PkgWatt
10.74	161.24
0.17	86.63
0.17
0.17
0.17
0.16
0.16
0.16
0.16
0.15
0.15
0.16
0.15
0.14
0.14
0.14
0.14
0.23
0.23
0.24
4.07
0.18
0.16
0.16
0.16
0.15
0.15
0.15
0.15
0.14
0.14
0.14
0.14
0.05	74.61
0.05
0.05
0.05
0.05
0.05
0.05
0.05
0.05
0.05
0.05
0.05
0.05
0.05
0.05
0.05
0.05
0.05
0.05
0.05
0.05
0.05
0.05
0.05
0.05
0.05
0.05
0.05
0.05
0.05
0.05
0.05
CorWatt	PkgWatt
10.69	161.25
0.17	86.55
0.16
0.16
0.16
0.16
0.16
0.16
0.16
0.15
0.15
0.16
0.15
0.14
0.14
0.14
0.14
0.23
0.23
0.24
4.08
0.18
0.17
0.16
0.16
0.15
0.15
0.15
0.15
0.14
0.14
0.14
0.14
0.05	74.68
0.05
0.05
0.05
0.05
0.05
0.05
0.05
0.05
0.05
0.05
0.05
0.05
0.05
0.05
0.05
0.05
0.05
0.05
0.05
0.05
0.05
0.05
0.05
0.05
0.05
0.05
0.05
0.05
0.05
0.05
0.05
CorWatt	PkgWatt
10.71	161.08
0.17	86.55
0.16
0.16
0.16
0.16
0.16
0.16
0.16
0.15
0.15
0.16
0.15
0.14
0.14
0.14
0.14
0.23
0.23
0.23
4.08
0.18
0.16
0.16
0.16
0.15
0.15
0.15
0.15
0.15
0.14
0.14
0.14
0.05	74.56
0.05
0.05
0.05
0.05
0.05
0.05
0.05
0.05
0.05
0.05
0.05
0.05
0.05
0.05
0.05
0.05
0.05
0.05
0.05
0.05
0.05
0.05
0.05
0.05
0.05
0.05
0.05
0.05
0.05
0.05
0.05
CorWatt	PkgWatt
10.99	161.77
0.17	86.74
0.17
0.17
0.16
0.16
0.16
0.16
0.16
0.16
0.15
0.15
0.17
0.14
0.14
0.14
0.14
0.23
0.23
0.24
4.09
0.18
0.17
0.16
0.16
0.15
0.16
0.15
0.16
0.15
0.15
0.15
0.15
0.06	75.00
0.06
0.06
0.06
0.06
0.06
0.06
0.06
0.05
0.05
0.05
0.05
0.05
0.05
0.05
0.05
0.06
0.06
0.06
0.06
0.06
0.06
0.06
0.06
0.06
0.06
0.06
0.06
0.06
0.05
0.05
0.06
CorWatt	PkgWatt
10.66	161.08
0.17	86.54
0.16
0.16
0.16
0.16
0.16
0.16
0.16
0.15
0.15
0.15
0.17
0.14
0.14
0.14
0.14
0.23
0.23
0.23
4.08
0.17
0.16
0.16
0.16
0.15
0.15
0.15
0.15
0.14
0.14
0.14
0.14
0.05	74.60
0.05
0.05
0.05
0.05
0.05
0.05
0.05
0.05
0.05
0.05
0.05
0.05
0.05
0.05
0.05
0.05
0.05
0.05
0.05
0.05
0.05
0.05
0.05
0.05
0.05
0.05
0.05
0.05
0.05
0.05
0.05
CorWatt	PkgWatt
9.30	158.92
0.15	84.26
0.15
0.15
0.14
0.14
0.14
0.14
0.14
0.14
0.14
0.13
0.15
0.12
0.12
0.12
0.13
0.19
0.20
0.20
3.23
0.15
0.14
0.14
0.14
0.14
0.14
0.13
0.14
0.13
0.13
0.13
0.13
0.05	74.63
0.05
0.05
0.05
0.05
0.05
0.05
0.05
0.05
0.05
0.05
0.05
0.05
0.05
0.05
0.05
0.05
0.05
0.05
0.05
0.05
0.05
0.05
0.05
0.05
0.05
0.05
0.05
0.05
0.05
0.05
0.05
CorWatt	PkgWatt
12.07	164.55
0.23	86.43
0.23
0.23
0.23
0.95
0.23
0.22
0.23
0.22
0.21
0.21
0.27
0.90
0.37
0.31
0.33
0.21
0.22
0.21
0.21
0.23
0.22
0.24
0.22
0.21
0.21
0.21
0.21
0.22
0.22
0.22
0.22
0.11	78.19
0.11
0.11
0.11
0.11
0.11
0.11
0.11
0.10
0.10
0.10
0.10
0.10
0.09
0.09
0.10
0.10
0.10
0.10
0.10
0.09
0.09
0.09
0.10
0.11
0.10
0.10
0.10
0.10
0.10
0.11
0.11
CorWatt	PkgWatt
8.67	158.38
0.18	83.32
0.17
0.17
0.17
0.20
0.18
0.17
0.17
0.15
0.15
0.15
0.15
0.35
1.28
0.35
0.35
0.16
0.16
0.16
0.16
0.18
0.17
0.16
0.16
0.16
0.16
0.16
0.16
0.15
0.15
0.15
0.15
0.06	74.96
0.06
0.06
0.06
0.06
0.06
0.06
0.06
0.05
0.05
0.05
0.05
0.05
0.05
0.05
0.05
0.06
0.06
0.06
0.06
0.06
0.06
0.06
0.06
0.06
0.06
0.06
0.06
0.06
0.06
0.06
0.06
CorWatt	PkgWatt
8.60	157.93
0.18	83.34
0.17
0.17
0.17
0.20
0.18
0.17
0.17
0.15
0.15
0.15
0.15
0.35
1.18
0.54
0.35
0.16
0.16
0.16
0.16
0.18
0.17
0.17
0.16
0.16
0.16
0.16
0.16
0.15
0.15
0.15
0.15
0.06	74.71
0.05
0.05
0.06
0.05
0.05
0.05
0.05
0.05
0.05
0.05
0.05
0.05
0.05
0.05
0.05
0.05
0.05
0.05
0.05
0.05
0.05
0.05
0.05
0.05
0.05
0.05
0.05
0.05
0.05
0.05
0.05
CorWatt	PkgWatt
8.50	158.14
0.18	83.26
0.17
0.17
0.17
0.20
0.17
0.17
0.17
0.14
0.14
0.14
0.15
0.35
1.06
0.59
0.35
0.16
0.16
0.16
0.16
0.18
0.17
0.16
0.16
0.15
0.15
0.15
0.15
0.15
0.14
0.15
0.15
0.06	74.79
0.05
0.06
0.06
0.05
0.05
0.05
0.05
0.05
0.05
0.05
0.05
0.05
0.05
0.05
0.05
0.05
0.05
0.05
0.05
0.05
0.05
0.05
0.05
0.05
0.05
0.05
0.05
0.05
0.05
0.05
0.05
CorWatt	PkgWatt
8.45	157.87
0.17	83.26
0.17
0.16
0.17
0.20
0.17
0.17
0.17
0.14
0.14
0.14
0.15
0.35
0.88
0.77
0.35
0.16
0.16
0.16
0.16
0.18
0.16
0.16
0.16
0.16
0.16
0.15
0.16
0.15
0.14
0.14
0.14
0.06	74.69
0.05
0.05
0.06
0.05
0.05
0.05
0.05
0.05
0.05
0.05
0.05
0.05
0.05
0.05
0.05
0.05
0.05
0.05
0.05
0.05
0.05
0.05
0.05
0.05
0.05
0.05
0.05
0.05
0.05
0.05
0.05
CorWatt	PkgWatt
8.74	158.42
0.18	83.32
0.17
0.17
0.17
0.20
0.18
0.17
0.17
0.15
0.15
0.15
0.15
0.35
0.36
1.30
0.36
0.16
0.16
0.16
0.16
0.18
0.17
0.16
0.16
0.16
0.16
0.16
0.16
0.15
0.15
0.15
0.15
0.06	75.00
0.06
0.06
0.06
0.06
0.06
0.06
0.06
0.06
0.06
0.06
0.06
0.06
0.05
0.05
0.05
0.06
0.06
0.06
0.06
0.06
0.06
0.06
0.06
0.06
0.06
0.06
0.06
0.06
0.06
0.06
0.06
CorWatt	PkgWatt
8.54	157.92
0.18	83.22
0.17
0.17
0.17
0.20
0.18
0.18
0.17
0.15
0.14
0.15
0.15
0.35
0.57
1.08
0.35
0.16
0.16
0.16
0.16
0.18
0.16
0.16
0.16
0.16
0.16
0.16
0.16
0.15
0.15
0.15
0.15
0.06	74.76
0.05
0.05
0.06
0.05
0.05
0.05
0.05
0.05
0.05
0.05
0.05
0.05
0.05
0.05
0.05
0.05
0.05
0.05
0.05
0.06
0.05
0.05
0.06
0.05
0.05
0.05
0.05
0.05
0.05
0.05
0.05
CorWatt	PkgWatt
8.48	158.09
0.18	83.29
0.17
0.17
0.17
0.20
0.18
0.17
0.17
0.14
0.14
0.14
0.14
0.35
1.30
0.35
0.35
0.16
0.16
0.16
0.16
0.18
0.17
0.16
0.16
0.15
0.16
0.15
0.15
0.14
0.14
0.14
0.14
0.06	74.72
0.05
0.05
0.06
0.05
0.05
0.05
0.05
0.05
0.05
0.05
0.05
0.05
0.05
0.05
0.05
0.05
0.05
0.05
0.05
0.06
0.05
0.05
0.05
0.05
0.05
0.05
0.05
0.05
0.05
0.05
0.05
CorWatt	PkgWatt
8.44	157.83
0.18	83.21
0.17
0.17
0.17
0.20
0.18
0.17
0.17
0.14
0.14
0.14
0.15
0.35
0.93
0.71
0.35
0.16
0.16
0.16
0.16
0.18
0.16
0.16
0.16
0.15
0.16
0.15
0.16
0.15
0.14
0.15
0.14
0.05	74.68
0.05
0.05
0.06
0.05
0.05
0.05
0.05
0.05
0.05
0.05
0.05
0.05
0.05
0.05
0.05
0.05
0.05
0.05
0.05
0.05
0.05
0.05
0.05
0.05
0.05
0.05
0.05
0.05
0.05
0.05
0.05
CorWatt	PkgWatt
9.26	165.08
0.19	86.14
0.18
0.18
0.18
0.21
0.19
0.18
0.18
0.16
0.16
0.16
0.16
0.35
0.36
1.29
0.35
0.17
0.16
0.17
0.17
0.18
0.17
0.17
0.17
0.16
0.17
0.16
0.16
0.16
0.15
0.16
0.15
0.08	78.96
0.08
0.08
0.08
0.06
0.06
0.06
0.07
0.07
0.07
0.07
0.07
0.06
0.06
0.06
0.10
0.06
0.06
0.06
0.07
0.08
0.07
0.08
0.07
0.06
0.06
0.06
0.06
0.06
0.06
0.06
0.06
CorWatt	PkgWatt
8.47	159.03
0.18	84.25
0.17
0.16
0.17
0.20
0.18
0.17
0.17
0.15
0.14
0.14
0.15
0.35
0.60
1.03
0.35
0.16
0.16
0.16
0.16
0.18
0.16
0.16
0.16
0.16
0.16
0.15
0.16
0.15
0.14
0.15
0.14
0.05	74.73
0.05
0.05
0.05
0.05
0.05
0.05
0.05
0.05
0.05
0.05
0.05
0.05
0.05
0.05
0.05
0.06
0.05
0.05
0.07
0.05
0.05
0.05
0.05
0.05
0.05
0.05
0.05
0.05
0.05
0.05
0.05
CorWatt	PkgWatt
8.66	158.17
0.18	83.25
0.17
0.17
0.17
0.20
0.18
0.17
0.18
0.15
0.14
0.15
0.15
0.36
0.35
1.29
0.36
0.16
0.16
0.16
0.16
0.18
0.17
0.16
0.16
0.16
0.15
0.15
0.16
0.15
0.15
0.15
0.15
0.06	75.00
0.06
0.06
0.06
0.06
0.05
0.05
0.06
0.05
0.05
0.05
0.05
0.06
0.05
0.05
0.06
0.07
0.06
0.06
0.06
0.06
0.06
0.06
0.06
0.05
0.05
0.05
0.05
0.05
0.05
0.05
0.06
CorWatt	PkgWatt
8.56	157.99
0.18	83.32
0.17
0.17
0.17
0.20
0.18
0.17
0.18
0.15
0.14
0.14
0.15
0.35
1.06
0.59
0.42
0.16
0.16
0.16
0.16
0.18
0.16
0.16
0.16
0.16
0.16
0.16
0.16
0.15
0.14
0.15
0.15
0.05	74.66
0.05
0.05
0.06
0.05
0.05
0.05
0.05
0.05
0.05
0.05
0.05
0.05
0.05
0.05
0.05
0.05
0.05
0.05
0.05
0.05
0.05
0.05
0.05
0.05
0.05
0.05
0.05
0.05
0.05
0.05
0.05
CorWatt	PkgWatt
8.79	158.57
0.18	83.38
0.17
0.17
0.17
0.20
0.18
0.17
0.18
0.15
0.15
0.15
0.15
0.35
1.30
0.35
0.36
0.16
0.16
0.16
0.16
0.18
0.17
0.17
0.16
0.16
0.16
0.16
0.16
0.15
0.15
0.15
0.15
0.06	75.13
0.06
0.06
0.06
0.06
0.06
0.06
0.06
0.06
0.06
0.06
0.06
0.06
0.06
0.06
0.06
0.06
0.06
0.06
0.06
0.07
0.06
0.06
0.06
0.06
0.06
0.06
0.06
0.06
0.06
0.06
0.06
CorWatt	PkgWatt
8.53	157.86
0.18	83.35
0.17
0.17
0.17
0.20
0.17
0.17
0.17
0.14
0.14
0.14
0.15
0.36
1.07
0.64
0.37
0.16
0.16
0.16
0.16
0.18
0.16
0.16
0.16
0.16
0.16
0.15
0.16
0.14
0.14
0.14
0.14
0.05	74.59
0.05
0.05
0.05
0.05
0.05
0.05
0.05
0.05
0.05
0.05
0.05
0.05
0.05
0.05
0.05
0.05
0.05
0.05
0.05
0.05
0.05
0.05
0.05
0.05
0.05
0.05
0.05
0.05
0.05
0.05
0.05
CorWatt	PkgWatt
8.66	158.18
0.18	83.34
0.16
0.16
0.17
0.20
0.17
0.17
0.17
0.14
0.14
0.14
0.14
0.38
0.61
1.19
0.38
0.16
0.16
0.16
0.16
0.18
0.16
0.16
0.16
0.15
0.15
0.15
0.15
0.14
0.14
0.14
0.14
0.05	74.75
0.05
0.05
0.05
0.05
0.05
0.05
0.05
0.05
0.05
0.05
0.05
0.05
0.05
0.05
0.05
0.05
0.05
0.05
0.05
0.06
0.05
0.05
0.05
0.05
0.05
0.05
0.05
0.05
0.05
0.05
0.05
CorWatt	PkgWatt
8.70	158.12
0.19	83.45
0.17
0.17
0.17
0.20
0.17
0.17
0.17
0.14
0.14
0.14
0.14
0.38
0.38
1.42
0.38
0.16
0.16
0.16
0.16
0.18
0.16
0.16
0.16
0.15
0.15
0.15
0.15
0.15
0.14
0.15
0.14
0.05	74.69
0.05
0.06
0.06
0.05
0.05
0.05
0.05
0.05
0.05
0.05
0.05
0.05
0.05
0.05
0.05
0.05
0.05
0.05
0.05
0.06
0.05
0.05
0.05
0.05
0.05
0.05
0.05
0.05
0.05
0.05
0.05
CorWatt	PkgWatt
11.07	163.22
0.20	83.91
0.19
0.19
0.19
0.24
0.18
0.18
0.18
0.19
0.58
0.18
0.19
0.26
0.26
0.62
0.26
0.19
0.19
0.19
0.20
0.21
0.19
0.20
0.19
0.19
0.20
0.19
0.19
0.18
0.18
0.18
0.19
0.12	79.35
0.11
0.12
0.11
0.11
0.10
0.11
0.15
0.11
0.11
0.11
0.11
0.11
0.10
0.11
0.11
0.11
0.11
0.11
0.11
0.11
0.10
0.11
0.11
0.11
0.11
0.11
0.11
0.48
0.11
0.11
0.12
CorWatt	PkgWatt
10.52	188.35
0.09	84.87
0.08
0.08
0.08
0.08
0.08
0.08
0.08
0.07
0.07
0.06
0.07
0.07
0.07
0.06
0.06
0.08
0.08
0.08
0.08
0.09
0.08
0.08
0.08
0.07
0.07
0.07
0.07
0.07
0.07
0.07
0.07
0.14	103.41
0.14
0.14
0.14
0.19
0.19
0.19
3.83
0.13
0.13
0.13
0.13
0.12
0.12
0.12
0.12
0.14
0.13
0.13
0.13
0.15
0.14
0.14
0.14
0.13
0.13
0.13
0.13
0.15
0.14
0.13
0.13
CorWatt	PkgWatt
13.21	187.12
0.08	75.63
0.07
0.07
0.07
0.07
0.07
0.07
0.07
0.06
0.07
0.06
0.06
0.06
0.06
0.06
0.06
0.07
0.07
0.07
0.07
0.08
0.07
0.07
0.07
0.07
0.07
0.07
0.07
0.06
0.06
0.06
0.06
0.13	111.45
0.13
0.14
0.13
0.18
0.18
0.19
6.78
0.13
0.13
0.12
0.12
0.12
0.12
0.12
0.12
0.13
0.13
0.13
0.13
0.14
0.14
0.14
0.14
0.13
0.13
0.13
0.13
0.15
0.13
0.13
0.13
CorWatt	PkgWatt
13.21	186.84
0.08	75.48
0.07
0.08
0.08
0.07
0.07
0.07
0.07
0.07
0.07
0.06
0.06
0.06
0.06
0.06
0.06
0.07
0.07
0.07
0.07
0.09
0.08
0.08
0.08
0.07
0.07
0.07
0.07
0.06
0.06
0.06
0.06
0.13	111.46
0.13
0.14
0.14
0.18
0.18
0.19
6.73
0.13
0.13
0.12
0.12
0.12
0.12
0.12
0.12
0.13
0.13
0.13
0.13
0.14
0.14
0.14
0.14
0.13
0.13
0.13
0.13
0.15
0.13
0.13
0.13
CorWatt	PkgWatt
13.36	187.19
0.08	75.70
0.08
0.08
0.08
0.08
0.08
0.08
0.08
0.07
0.07
0.06
0.07
0.06
0.06
0.06
0.06
0.08
0.08
0.08
0.08
0.09
0.08
0.08
0.08
0.08
0.08
0.07
0.08
0.07
0.07
0.07
0.07
0.14	111.44
0.14
0.14
0.14
0.18
0.19
0.19
6.74
0.13
0.13
0.13
0.13
0.12
0.12
0.12
0.12
0.14
0.13
0.13
0.13
0.14
0.14
0.14
0.14
0.13
0.13
0.13
0.13
0.15
0.14
0.13
0.14
CorWatt	PkgWatt
13.23	186.99
0.08	75.55
0.07
0.08
0.07
0.07
0.08
0.07
0.07
0.06
0.07
0.06
0.06
0.06
0.06
0.06
0.13
0.07
0.07
0.07
0.07
0.08
0.08
0.08
0.08
0.07
0.07
0.07
0.07
0.06
0.06
0.06
0.06
0.13	111.42
0.13
0.13
0.13
0.18
0.18
0.19
6.71
0.13
0.13
0.13
0.13
0.12
0.12
0.12
0.12
0.13
0.13
0.13
0.13
0.14
0.14
0.14
0.14
0.13
0.13
0.13
0.13
0.15
0.13
0.13
0.13
CorWatt	PkgWatt
13.27	186.84
0.08	75.54
0.08
0.08
0.08
0.07
0.08
0.07
0.08
0.07
0.07
0.06
0.07
0.06
0.06
0.06
0.06
0.07
0.07
0.07
0.07
0.09
0.08
0.08
0.08
0.07
0.07
0.07
0.07
0.06
0.06
0.06
0.06
0.13	111.41
0.13
0.14
0.14
0.18
0.19
0.19
6.72
0.13
0.13
0.13
0.13
0.12
0.13
0.12
0.12
0.13
0.13
0.13
0.13
0.15
0.14
0.14
0.14
0.13
0.13
0.13
0.13
0.15
0.13
0.13
0.14
CorWatt	PkgWatt
13.16	187.00
0.08	75.45
0.07
0.07
0.07
0.07
0.07
0.07
0.07
0.06
0.06
0.06
0.06
0.06
0.06
0.06
0.06
0.07
0.07
0.07
0.07
0.08
0.07
0.07
0.07
0.07
0.07
0.07
0.07
0.06
0.06
0.06
0.06
0.13	111.47
0.13
0.13
0.14
0.18
0.19
0.19
6.72
0.13
0.13
0.13
0.13
0.12
0.12
0.12
0.12
0.13
0.13
0.13
0.13
0.14
0.14
0.14
0.14
0.13
0.13
0.13
0.13
0.15
0.13
0.13
0.13
CorWatt	PkgWatt
13.38	187.28
0.08	75.66
0.08
0.08
0.08
0.08
0.08
0.08
0.08
0.07
0.07
0.06
0.07
0.06
0.06
0.06
0.06
0.08
0.08
0.08
0.08
0.09
0.08
0.08
0.08
0.08
0.08
0.08
0.08
0.06
0.06
0.07
0.06
0.14	111.57
0.14
0.14
0.14
0.18
0.19
0.19
6.73
0.13
0.13
0.13
0.13
0.13
0.13
0.13
0.13
0.14
0.13
0.13
0.13
0.14
0.14
0.14
0.14
0.13
0.13
0.13
0.13
0.15
0.14
0.13
0.14
CorWatt	PkgWatt
13.22	186.85
0.08	75.45
0.07
0.08
0.08
0.07
0.07
0.07
0.07
0.06
0.06
0.06
0.06
0.06
0.06
0.06
0.06
0.07
0.07
0.07
0.07
0.09
0.08
0.08
0.08
0.07
0.07
0.07
0.07
0.06
0.06
0.06
0.06
0.14	111.55
0.14
0.14
0.14
0.18
0.19
0.19
6.71
0.13
0.13
0.13
0.13
0.13
0.13
0.13
0.13
0.14
0.13
0.13
0.13
0.14
0.14
0.14
0.14
0.13
0.13
0.13
0.13
0.15
0.13
0.13
0.13
CorWatt	PkgWatt
13.24	187.15
0.08	75.41
0.07
0.07
0.07
0.07
0.07
0.07
0.07
0.06
0.06
0.06
0.06
0.06
0.06
0.06
0.06
0.07
0.07
0.07
0.07
0.08
0.08
0.08
0.07
0.07
0.07
0.07
0.07
0.06
0.06
0.06
0.06
0.14	111.63
0.14
0.14
0.14
0.19
0.19
0.19
6.72
0.13
0.13
0.13
0.13
0.13
0.13
0.13
0.13
0.14
0.13
0.13
0.13
0.14
0.14
0.14
0.14
0.13
0.13
0.13
0.13
0.14
0.15
0.13
0.14
CorWatt	PkgWatt
13.23	186.87
0.08	75.37
0.07
0.07
0.07
0.07
0.07
0.07
0.07
0.06
0.06
0.06
0.06
0.06
0.06
0.06
0.06
0.07
0.07
0.07
0.07
0.08
0.08
0.08
0.08
0.07
0.07
0.07
0.07
0.06
0.06
0.06
0.06
0.14	111.51
0.14
0.14
0.14
0.18
0.19
0.19
6.73
0.13
0.13
0.13
0.13
0.13
0.13
0.13
0.13
0.14
0.13
0.13
0.13
0.14
0.14
0.14
0.14
0.13
0.13
0.13
0.13
0.13
0.15
0.13
0.13
CorWatt	PkgWatt
13.50	187.34
0.08	75.71
0.08
0.08
0.08
0.08
0.08
0.08
0.08
0.07
0.07
0.06
0.07
0.07
0.07
0.07
0.07
0.08
0.08
0.08
0.08
0.09
0.08
0.08
0.08
0.08
0.08
0.08
0.08
0.07
0.07
0.07
0.07
0.14	111.70
0.14
0.14
0.14
0.19
0.19
0.20
6.74
0.13
0.13
0.13
0.13
0.13
0.13
0.13
0.13
0.14
0.14
0.13
0.14
0.15
0.15
0.14
0.14
0.13
0.13
0.13
0.13
0.14
0.15
0.13
0.14
CorWatt	PkgWatt
13.24	187.10
0.08	75.43
0.07
0.08
0.07
0.07
0.09
0.07
0.07
0.06
0.06
0.06
0.06
0.06
0.06
0.06
0.06
0.07
0.07
0.07
0.07
0.08
0.07
0.07
0.07
0.07
0.07
0.07
0.07
0.06
0.06
0.06
0.06
0.14	111.60
0.14
0.14
0.14
0.19
0.19
0.19
6.72
0.13
0.13
0.13
0.13
0.13
0.13
0.13
0.12
0.14
0.13
0.13
0.13
0.14
0.14
0.14
0.14
0.13
0.13
0.13
0.13
0.13
0.15
0.13
0.13
CorWatt	PkgWatt
13.25	186.84
0.08	75.41
0.07
0.07
0.07
0.07
0.08
0.07
0.07
0.06
0.06
0.06
0.06
0.06
0.06
0.06
0.06
0.07
0.07
0.07
0.07
0.08
0.08
0.08
0.08
0.07
0.07
0.07
0.07
0.06
0.06
0.06
0.06
0.14	111.57
0.14
0.14
0.14
0.19
0.19
0.19
6.72
0.13
0.13
0.13
0.13
0.13
0.13
0.13
0.13
0.14
0.14
0.13
0.14
0.14
0.14
0.14
0.14
0.13
0.13
0.13
0.13
0.13
0.15
0.13
0.14
CorWatt	PkgWatt
13.41	187.58
0.08	75.72
0.08
0.08
0.08
0.08
0.08
0.08
0.08
0.07
0.07
0.06
0.06
0.06
0.06
0.06
0.13
0.08
0.08
0.07
0.07
0.09
0.08
0.08
0.08
0.07
0.07
0.07
0.07
0.06
0.06
0.06
0.06
0.14	111.72
0.14
0.14
0.14
0.19
0.19
0.19
6.71
0.13
0.13
0.13
0.13
0.13
0.13
0.13
0.13
0.14
0.14
0.13
0.14
0.14
0.14
0.14
0.14
0.13
0.13
0.13
0.13
0.13
0.15
0.13
0.13
CorWatt	PkgWatt
13.41	187.32
0.08	75.62
0.08
0.08
0.08
0.08
0.08
0.08
0.08
0.07
0.07
0.06
0.07
0.06
0.06
0.06
0.06
0.08
0.08
0.08
0.08
0.09
0.08
0.08
0.08
0.07
0.07
0.07
0.07
0.06
0.06
0.07
0.06
0.14	111.70
0.14
0.14
0.14
0.19
0.19
0.19
6.72
0.13
0.13
0.13
0.13
0.13
0.13
0.13
0.13
0.14
0.14
0.13
0.14
0.14
0.14
0.14
0.14
0.13
0.13
0.13
0.13
0.13
0.15
0.13
0.14
CorWatt	PkgWatt
12.52	184.25
0.08	75.42
0.07
0.07
0.07
0.07
0.07
0.07
0.07
0.06
0.06
0.06
0.06
0.06
0.06
0.06
0.06
0.07
0.07
0.07
0.07
0.08
0.08
0.08
0.08
0.07
0.07
0.07
0.07
0.06
0.06
0.06
0.06
0.13	108.99
0.13
0.13
0.13
0.18
0.18
0.18
6.19
0.12
0.12
0.12
0.12
0.12
0.12
0.12
0.12
0.13
0.13
0.13
0.13
0.14
0.14
0.14
0.14
0.12
0.13
0.12
0.12
0.13
0.14
0.13
0.13
CorWatt	PkgWatt
12.58	174.54
0.54	89.06
0.18
0.18
0.18
0.16
0.16
0.15
0.16
0.15
0.15
0.14
0.15
0.17
1.02
0.17
0.17
0.15
0.16
0.16
0.16
0.17
0.16
0.16
0.16
0.15
0.14
0.15
0.15
0.14
0.15
0.15
0.15
0.20	85.43
0.20
0.20
0.20
0.18
0.17
0.17
0.17
0.18
0.18
0.18
0.19
0.15
0.13
0.18
0.18
0.20
0.20
0.20
0.59
0.19
0.19
0.18
0.19
0.19
0.20
0.19
0.20
0.16
0.21
0.17
0.17
CorWatt	PkgWatt
8.62	158.60
0.20	83.60
0.17
0.17
0.17
0.16
0.16
0.16
0.16
0.14
0.14
0.14
0.14
0.21
0.21
1.90
0.21
0.16
0.16
0.16
0.16
0.18
0.16
0.16
0.16
0.15
0.15
0.15
0.15
0.14
0.14
0.14
0.14
0.06	74.94
0.06
0.06
0.06
0.05
0.05
0.05
0.05
0.05
0.05
0.05
0.05
0.05
0.05
0.05
0.05
0.05
0.05
0.05
0.05
0.06
0.06
0.06
0.06
0.05
0.05
0.05
0.05
0.05
0.05
0.05
0.05
CorWatt	PkgWatt
8.83	158.84
0.20	83.55
0.18
0.17
0.17
0.17
0.16
0.16
0.16
0.15
0.15
0.15
0.15
0.21
0.21
1.80
0.21
0.16
0.16
0.16
0.16
0.18
0.16
0.16
0.16
0.15
0.15
0.15
0.15
0.15
0.15
0.15
0.15
0.06	75.29
0.06
0.06
0.06
0.06
0.06
0.06
0.06
0.06
0.06
0.06
0.06
0.06
0.06
0.06
0.06
0.06
0.06
0.06
0.06
0.07
0.06
0.06
0.06
0.06
0.06
0.06
0.06
0.06
0.06
0.06
0.06
CorWatt	PkgWatt
8.57	158.76
0.20	83.56
0.17
0.17
0.17
0.16
0.16
0.16
0.16
0.14
0.14
0.14
0.14
0.20
0.20
1.88
0.21
0.16
0.16
0.16
0.16
0.17
0.16
0.16
0.16
0.15
0.15
0.15
0.15
0.14
0.14
0.14
0.14
0.06	75.20
0.05
0.06
0.06
0.05
0.05
0.05
0.05
0.05
0.05
0.05
0.05
0.05
0.05
0.05
0.05
0.05
0.05
0.05
0.05
0.06
0.06
0.05
0.06
0.05
0.05
0.05
0.05
0.05
0.05
0.05
0.05
CorWatt	PkgWatt
8.48	159.87
0.20	83.45
0.17
0.17
0.17
0.16
0.16
0.16
0.16
0.14
0.14
0.14
0.14
0.20
0.75
1.26
0.21
0.16
0.16
0.16
0.16
0.17
0.16
0.16
0.16
0.15
0.15
0.15
0.15
0.14
0.14
0.14
0.14
0.06	76.41
0.06
0.05
0.05
0.05
0.05
0.05
0.06
0.05
0.05
0.05
0.05
0.05
0.05
0.05
0.05
0.05
0.05
0.05
0.05
0.06
0.06
0.05
0.06
0.05
0.05
0.05
0.05
0.05
0.05
0.05
0.05
CorWatt	PkgWatt
8.50	158.37
0.20	83.51
0.17
0.17
0.17
0.16
0.16
0.16
0.16
0.14
0.14
0.14
0.14
0.21
1.79
0.20
0.21
0.16
0.16
0.16
0.16
0.17
0.16
0.16
0.16
0.15
0.15
0.15
0.15
0.14
0.14
0.14
0.14
0.06	74.92
0.05
0.05
0.05
0.05
0.05
0.05
0.06
0.05
0.05
0.05
0.06
0.05
0.05
0.05
0.05
0.05
0.05
0.05
0.05
0.06
0.06
0.06
0.05
0.05
0.05
0.05
0.05
0.05
0.05
0.05
0.05
CorWatt	PkgWatt
8.90	159.02
0.20	83.57
0.17
0.17
0.17
0.16
0.16
0.16
0.16
0.15
0.15
0.14
0.15
0.20
1.79
0.20
0.28
0.16
0.16
0.16
0.16
0.18
0.16
0.16
0.16
0.15
0.15
0.15
0.15
0.15
0.15
0.14
0.14
0.06	75.38
0.06
0.06
0.06
0.06
0.06
0.06
0.06
0.06
0.06
0.06
0.06
0.06
0.06
0.06
0.06
0.06
0.06
0.06
0.10
0.07
0.07
0.06
0.06
0.06
0.06
0.06
0.06
0.06
0.06
0.06
0.06
CorWatt	PkgWatt
8.40	158.28
0.20	83.47
0.17
0.17
0.17
0.16
0.16
0.16
0.16
0.14
0.14
0.14
0.14
0.20
1.78
0.20
0.21
0.16
0.16
0.16
0.16
0.17
0.16
0.16
0.16
0.15
0.15
0.15
0.15
0.14
0.14
0.14
0.14
0.05	74.81
0.05
0.05
0.05
0.05
0.05
0.05
0.05
0.05
0.05
0.05
0.05
0.05
0.05
0.05
0.05
0.05
0.05
0.05
0.05
0.06
0.05
0.05
0.05
0.05
0.05
0.05
0.05
0.05
0.05
0.05
0.05
CorWatt	PkgWatt
8.52	158.40
0.20	83.48
0.17
0.17
0.17
0.16
0.16
0.16
0.16
0.14
0.14
0.14
0.14
0.20
1.79
0.20
0.21
0.16
0.16
0.16
0.16
0.17
0.16
0.16
0.16
0.15
0.15
0.15
0.15
0.15
0.14
0.14
0.14
0.06	74.99
0.06
0.06
0.06
0.05
0.05
0.05
0.05
0.05
0.05
0.05
0.05
0.05
0.05
0.05
0.05
0.05
0.05
0.05
0.05
0.06
0.06
0.06
0.06
0.05
0.05
0.05
0.05
0.05
0.05
0.05
0.05
CorWatt	PkgWatt
8.53	158.53
0.20	83.47
0.17
0.17
0.17
0.16
0.16
0.16
0.16
0.14
0.14
0.14
0.14
0.20
1.78
0.20
0.21
0.16
0.16
0.16
0.16
0.17
0.16
0.16
0.16
0.15
0.15
0.15
0.15
0.14
0.14
0.14
0.14
0.06	74.99
0.06
0.05
0.05
0.05
0.05
0.05
0.06
0.05
0.05
0.05
0.05
0.05
0.05
0.05
0.05
0.06
0.05
0.05
0.05
0.06
0.06
0.06
0.09
0.05
0.05
0.05
0.05
0.05
0.05
0.05
0.05
CorWatt	PkgWatt
8.74	158.74
0.20	83.51
0.17
0.17
0.17
0.16
0.16
0.16
0.16
0.14
0.14
0.14
0.14
1.87
0.21
0.20
0.20
0.16
0.16
0.16
0.16
0.18
0.16
0.16
0.16
0.15
0.15
0.15
0.15
0.15
0.14
0.14
0.14
0.06	75.25
0.06
0.06
0.06
0.06
0.06
0.06
0.06
0.06
0.06
0.06
0.06
0.06
0.06
0.06
0.06
0.06
0.06
0.06
0.06
0.06
0.06
0.06
0.06
0.06
0.06
0.06
0.06
0.06
0.06
0.06
0.06
CorWatt	PkgWatt
8.46	158.29
0.20	83.44
0.17
0.17
0.17
0.16
0.16
0.16
0.16
0.14
0.14
0.14
0.14
1.81
0.21
0.20
0.20
0.16
0.16
0.16
0.16
0.17
0.16
0.16
0.16
0.15
0.15
0.15
0.15
0.14
0.14
0.14
0.14
0.05	74.89
0.05
0.05
0.05
0.05
0.05
0.05
0.06
0.05
0.05
0.05
0.05
0.05
0.05
0.05
0.05
0.05
0.05
0.05
0.05
0.05
0.05
0.05
0.05
0.05
0.05
0.05
0.05
0.05
0.05
0.05
0.05
CorWatt	PkgWatt
8.41	158.34
0.19	83.41
0.17
0.17
0.17
0.16
0.16
0.16
0.16
0.14
0.14
0.14
0.14
1.78
0.20
0.20
0.20
0.16
0.16
0.16
0.16
0.17
0.16
0.16
0.16
0.15
0.15
0.15
0.15
0.14
0.14
0.14
0.14
0.05	74.86
0.05
0.05
0.05
0.05
0.06
0.05
0.05
0.05
0.05
0.05
0.05
0.05
0.05
0.05
0.05
0.05
0.05
0.05
0.05
0.05
0.05
0.05
0.05
0.05
0.05
0.05
0.05
0.05
0.05
0.05
0.05
CorWatt	PkgWatt
8.44	158.15
0.20	83.36
0.17
0.17
0.17
0.16
0.16
0.16
0.16
0.14
0.14
0.14
0.14
1.78
0.21
0.20
0.20
0.16
0.16
0.16
0.16
0.17
0.16
0.16
0.16
0.15
0.15
0.15
0.15
0.14
0.14
0.14
0.14
0.06	74.90
0.05
0.05
0.05
0.06
0.06
0.05
0.06
0.05
0.05
0.05
0.05
0.05
0.05
0.05
0.05
0.05
0.05
0.05
0.05
0.06
0.05
0.05
0.05
0.05
0.05
0.05
0.05
0.05
0.05
0.05
0.05
CorWatt	PkgWatt
8.65	158.75
0.20	83.47
0.17
0.17
0.17
0.16
0.16
0.16
0.16
0.21
0.21
0.20
1.78
0.15
0.14
0.14
0.14
0.16
0.16
0.16
0.16
0.18
0.16
0.16
0.16
0.15
0.15
0.15
0.15
0.14
0.14
0.14
0.14
0.06	75.15
0.06
0.06
0.06
0.06
0.06
0.06
0.06
0.06
0.06
0.06
0.06
0.06
0.06
0.05
0.05
0.06
0.06
0.06
0.06
0.06
0.06
0.06
0.06
0.06
0.06
0.06
0.06
0.06
0.06
0.06
0.06
CorWatt	PkgWatt
8.38	158.11
0.20	83.34
0.17
0.17
0.17
0.16
0.16
0.16
0.16
0.20
0.21
0.20
1.76
0.14
0.14
0.14
0.14
0.16
0.16
0.16
0.16
0.17
0.16
0.16
0.16
0.15
0.15
0.15
0.15
0.14
0.14
0.14
0.14
0.06	74.86
0.05
0.05
0.05
0.05
0.05
0.05
0.05
0.05
0.05
0.05
0.05
0.05
0.05
0.05
0.05
0.05
0.05
0.05
0.05
0.05
0.05
0.05
0.05
0.05
0.05
0.05
0.05
0.05
0.05
0.05
0.05
CorWatt	PkgWatt
8.52	158.42
0.20	83.51
0.17
0.17
0.17
0.16
0.16
0.16
0.16
0.20
0.21
0.20
1.77
0.14
0.14
0.14
0.22
0.16
0.16
0.16
0.16
0.17
0.16
0.16
0.16
0.15
0.15
0.15
0.15
0.14
0.14
0.14
0.14
0.06	74.86
0.05
0.05
0.05
0.05
0.05
0.05
0.05
0.05
0.05
0.05
0.05
0.05
0.05
0.05
0.05
0.05
0.05
0.05
0.05
0.06
0.05
0.06
0.06
0.05
0.05
0.05
0.05
0.05
0.05
0.05
0.05
CorWatt	PkgWatt
12.30	164.56
0.29	86.94
0.22
0.23
0.23
0.35
0.24
0.23
0.24
0.28
0.28
0.27
1.35
0.23
0.23
0.23
0.24
0.23
0.24
0.24
0.24
0.25
0.26
0.26
0.26
0.24
0.25
0.25
0.66
0.19
0.20
0.23
0.23
0.10	77.61
0.10
0.10
0.09
0.09
0.09
0.10
0.10
0.09
0.10
0.10
0.10
0.08
0.09
0.09
0.09
0.09
0.09
0.09
0.09
0.09
0.08
0.08
0.08
0.09
0.09
0.09
0.09
0.09
0.09
0.09
0.08
CorWatt	PkgWatt
8.43	158.76
0.17	83.14
0.16
0.16
0.16
0.41
0.17
0.17
0.17
0.14
0.14
0.14
0.14
0.29
0.29
0.29
1.07
0.15
0.15
0.15
0.15
0.17
0.16
0.16
0.16
0.15
0.15
0.15
0.15
0.15
0.14
0.14
0.14
0.06	75.66
0.06
0.06
0.06
0.06
0.06
0.06
0.06
0.06
0.06
0.06
0.06
0.06
0.06
0.06
0.06
0.06
0.06
0.06
0.06
0.06
0.06
0.06
0.06
0.06
0.06
0.06
0.06
0.06
0.06
0.06
0.06
CorWatt	PkgWatt
8.10	157.59
0.17	82.75
0.16
0.16
0.17
0.19
0.16
0.17
0.16
0.14
0.14
0.14
0.15
1.09
0.33
0.33
0.33
0.16
0.16
0.16
0.16
0.18
0.16
0.16
0.16
0.15
0.15
0.15
0.15
0.15
0.14
0.14
0.14
0.05	74.81
0.05
0.06
0.05
0.05
0.05
0.05
0.05
0.05
0.05
0.05
0.05
0.05
0.05
0.05
0.05
0.05
0.05
0.05
0.05
0.06
0.05
0.05
0.05
0.05
0.05
0.05
0.05
0.05
0.05
0.05
0.05
CorWatt	PkgWatt
8.16	157.69
0.17	82.82
0.16
0.16
0.17
0.19
0.17
0.17
0.17
0.14
0.14
0.14
0.14
0.33
0.33
0.32
1.09
0.16
0.16
0.16
0.16
0.17
0.16
0.16
0.16
0.15
0.15
0.15
0.15
0.15
0.14
0.14
0.14
0.06	74.84
0.05
0.06
0.05
0.05
0.05
0.05
0.06
0.05
0.05
0.05
0.05
0.05
0.05
0.05
0.05
0.05
0.05
0.05
0.05
0.06
0.06
0.06
0.05
0.05
0.05
0.05
0.05
0.05
0.05
0.05
0.05
CorWatt	PkgWatt
8.17	157.68
0.17	82.91
0.16
0.16
0.17
0.20
0.17
0.17
0.17
0.14
0.14
0.14
0.15
0.33
0.33
0.33
1.10
0.16
0.16
0.16
0.16
0.18
0.16
0.16
0.16
0.15
0.15
0.15
0.15
0.15
0.14
0.14
0.14
0.06	74.88
0.05
0.06
0.05
0.05
0.05
0.05
0.06
0.05
0.05
0.05
0.05
0.05
0.05
0.05
0.05
0.05
0.05
0.05
0.05
0.06
0.05
0.06
0.05
0.05
0.05
0.05
0.05
0.05
0.05
0.05
0.05
CorWatt	PkgWatt
8.48	158.20
0.18	82.99
0.17
0.17
0.17
0.20
0.17
0.17
0.17
0.15
0.15
0.14
0.15
0.33
0.33
0.33
1.11
0.16
0.16
0.16
0.16
0.18
0.17
0.16
0.16
0.15
0.16
0.15
0.16
0.16
0.15
0.15
0.15
0.06	75.11
0.06
0.06
0.06
0.06
0.06
0.06
0.06
0.06
0.06
0.06
0.06
0.06
0.06
0.06
0.06
0.06
0.06
0.06
0.06
0.06
0.06
0.06
0.06
0.06
0.06
0.06
0.06
0.06
0.06
0.06
0.06
CorWatt	PkgWatt
8.22	157.55
0.18	82.82
0.16
0.16
0.17
0.20
0.17
0.17
0.17
0.14
0.14
0.14
0.15
0.63
0.33
0.33
0.80
0.16
0.16
0.16
0.16
0.18
0.16
0.16
0.16
0.15
0.15
0.15
0.15
0.15
0.15
0.15
0.14
0.06	74.84
0.05
0.06
0.05
0.05
0.05
0.05
0.06
0.05
0.05
0.05
0.05
0.05
0.05
0.05
0.05
0.05
0.05
0.05
0.05
0.06
0.05
0.05
0.05
0.05
0.05
0.05
0.05
0.05
0.05
0.05
0.05
CorWatt	PkgWatt
8.11	157.72
0.17	82.74
0.16
0.16
0.16
0.19
0.16
0.16
0.16
0.14
0.14
0.14
0.14
1.10
0.33
0.32
0.33
0.16
0.16
0.16
0.16
0.18
0.16
0.16
0.16
0.14
0.15
0.14
0.15
0.15
0.14
0.14
0.14
0.06	74.89
0.05
0.06
0.05
0.05
0.05
0.05
0.05
0.05
0.05
0.05
0.05
0.05
0.05
0.05
0.05
0.05
0.05
0.05
0.05
0.05
0.05
0.05
0.05
0.05
0.05
0.05
0.05
0.05
0.05
0.05
0.05
CorWatt	PkgWatt
8.18	157.79
0.17	82.89
0.16
0.16
0.17
0.19
0.17
0.17
0.17
0.14
0.15
0.14
0.15
0.33
0.33
0.32
1.09
0.16
0.16
0.16
0.16
0.18
0.16
0.16
0.16
0.15
0.15
0.15
0.15
0.15
0.14
0.15
0.14
0.06	74.90
0.05
0.06
0.05
0.05
0.05
0.05
0.06
0.05
0.05
0.05
0.05
0.05
0.05
0.05
0.05
0.05
0.05
0.05
0.05
0.06
0.05
0.06
0.05
0.05
0.05
0.05
0.05
0.05
0.05
0.05
0.05
CorWatt	PkgWatt
8.51	158.01
0.18	83.02
0.17
0.17
0.17
0.20
0.17
0.17
0.17
0.15
0.15
0.15
0.15
0.42
0.33
0.33
1.10
0.16
0.16
0.16
0.16
0.18
0.16
0.16
0.16
0.15
0.15
0.15
0.16
0.15
0.15
0.15
0.15
0.06	75.09
0.06
0.06
0.06
0.06
0.06
0.06
0.06
0.06
0.06
0.06
0.06
0.06
0.05
0.05
0.05
0.06
0.06
0.06
0.06
0.06
0.06
0.06
0.06
0.06
0.06
0.06
0.06
0.06
0.06
0.06
0.06
CorWatt	PkgWatt
8.10	157.65
0.18	82.80
0.16
0.16
0.17
0.20
0.16
0.17
0.17
0.14
0.14
0.14
0.14
1.11
0.33
0.32
0.32
0.16
0.16
0.16
0.16
0.18
0.16
0.16
0.16
0.15
0.15
0.15
0.15
0.15
0.14
0.14
0.14
0.05	74.75
0.05
0.05
0.05
0.05
0.05
0.05
0.05
0.05
0.05
0.05
0.05
0.05
0.05
0.05
0.05
0.05
0.05
0.05
0.05
0.05
0.05
0.05
0.05
0.05
0.05
0.05
0.05
0.05
0.05
0.05
0.05
CorWatt	PkgWatt
8.11	157.55
0.17	82.72
0.16
0.16
0.17
0.19
0.17
0.17
0.17
0.14
0.14
0.14
0.14
1.10
0.33
0.32
0.33
0.16
0.16
0.16
0.16
0.17
0.16
0.16
0.16
0.15
0.15
0.15
0.15
0.15
0.14
0.14
0.14
0.06	74.82
0.05
0.06
0.05
0.05
0.05
0.05
0.05
0.05
0.05
0.05
0.05
0.05
0.05
0.05
0.05
0.05
0.05
0.05
0.05
0.06
0.05
0.05
0.05
0.05
0.05
0.05
0.05
0.05
0.05
0.05
0.05
CorWatt	PkgWatt
8.13	157.49
0.17	82.80
0.16
0.16
0.16
0.19
0.17
0.17
0.17
0.14
0.14
0.14
0.14
1.11
0.33
0.32
0.33
0.16
0.16
0.16
0.16
0.18
0.16
0.16
0.16
0.15
0.15
0.15
0.15
0.15
0.14
0.14
0.14
0.05	74.79
0.05
0.05
0.05
0.05
0.05
0.05
0.06
0.05
0.05
0.05
0.05
0.05
0.05
0.05
0.05
0.05
0.05
0.05
0.05
0.06
0.05
0.05
0.05
0.05
0.05
0.05
0.05
0.05
0.05
0.05
0.05
CorWatt	PkgWatt
8.50	158.28
0.17	82.91
0.16
0.17
0.16
0.20
0.17
0.17
0.17
0.15
0.15
0.14
0.15
0.34
0.34
0.34
1.13
0.16
0.16
0.16
0.16
0.18
0.16
0.16
0.16
0.15
0.15
0.15
0.16
0.15
0.15
0.15
0.15
0.06	75.27
0.06
0.06
0.06
0.06
0.06
0.06
0.06
0.06
0.06
0.06
0.06
0.06
0.06
0.06
0.06
0.06
0.06
0.06
0.06
0.06
0.06
0.06
0.06
0.06
0.06
0.06
0.06
0.06
0.06
0.06
0.06
CorWatt	PkgWatt
8.11	157.55
0.18	82.88
0.16
0.16
0.16
0.19
0.17
0.17
0.17
0.14
0.14
0.14
0.15
0.76
0.34
0.34
0.68
0.16
0.16
0.16
0.16
0.18
0.16
0.16
0.16
0.15
0.15
0.15
0.15
0.15
0.14
0.14
0.14
0.05	74.67
0.05
0.05
0.05
0.05
0.05
0.05
0.05
0.05
0.05
0.05
0.05
0.05
0.05
0.05
0.05
0.05
0.05
0.05
0.05
0.05
0.05
0.05
0.05
0.05
0.05
0.05
0.05
0.05
0.05
0.05
0.05
CorWatt	PkgWatt
8.21	157.57
0.18	82.81
0.16
0.16
0.16
0.19
0.17
0.17
0.17
0.14
0.14
0.14
0.14
1.11
0.35
0.34
0.34
0.16
0.16
0.16
0.16
0.18
0.16
0.16
0.16
0.15
0.15
0.15
0.15
0.15
0.14
0.14
0.14
0.06	74.88
0.05
0.05
0.05
0.05
0.06
0.05
0.06
0.05
0.05
0.05
0.05
0.05
0.05
0.05
0.05
0.06
0.05
0.05
0.05
0.06
0.05
0.05
0.05
0.05
0.05
0.05
0.05
0.05
0.05
0.05
0.05
CorWatt	PkgWatt
8.12	157.59
0.17	82.74
0.16
0.16
0.16
0.19
0.16
0.17
0.17
0.14
0.14
0.14
0.14
1.12
0.34
0.34
0.34
0.16
0.16
0.16
0.16
0.18
0.16
0.16
0.16
0.14
0.15
0.14
0.15
0.15
0.14
0.14
0.14
0.05	74.74
0.05
0.05
0.05
0.05
0.05
0.05
0.06
0.05
0.05
0.05
0.05
0.05
0.05
0.05
0.05
0.05
0.05
0.05
0.05
0.05
0.05
0.05
0.05
0.05
0.05
0.05
0.05
0.05
0.05
0.05
0.05
CorWatt	PkgWatt
8.45	158.09
0.17	82.96
0.16
0.16
0.16
0.20
0.17
0.17
0.17
0.14
0.15
0.14
0.15
0.35
0.35
0.34
1.12
0.16
0.16
0.16
0.16
0.18
0.16
0.16
0.16
0.15
0.15
0.15
0.16
0.15
0.15
0.15
0.15
0.06	75.13
0.06
0.06
0.06
0.06
0.06
0.06
0.06
0.06
0.06
0.06
0.06
0.06
0.06
0.06
0.05
0.06
0.06
0.06
0.06
0.06
0.06
0.06
0.06
0.06
0.06
0.06
0.06
0.06
0.06
0.06
0.06
