CorWatt	PkgWatt
182.78	347.07
2.90	169.31
2.96
3.22
3.02
3.00
3.01
2.78
2.78
2.87
2.60
2.83
3.12
2.90
2.93
2.92
2.82
2.71
2.97
2.77
2.94
2.79
3.06
2.81
2.78
2.91
2.95
2.92
2.93
3.16
2.70
2.95
3.20
2.45	157.01
2.36
2.39
2.37
2.74
5.18
2.67
2.69
2.55
2.41
2.44
2.60
2.36
2.37
2.41
2.41
2.42
2.25
2.24
2.46
2.54
2.62
2.32
2.59
2.32
2.41
2.26
2.42
2.58
2.63
2.27
2.55
CorWatt	PkgWatt
175.27	329.85
2.93	171.67
2.99
3.24
2.86
3.00
3.00
2.78
2.78
2.89
2.54
2.86
3.16
2.93
2.96
2.94
2.84
2.71
2.76
2.74
2.94
2.82
3.08
2.83
2.81
2.94
2.97
2.94
2.96
3.13
3.94
2.91
3.15
2.38	158.25
2.36
2.38
2.37
2.57
5.17
2.76
2.77
2.53
2.41
2.43
2.58
2.36
2.37
2.39
2.41
2.41
2.23
2.23
2.40
2.56
2.62
2.32
2.59
2.32
2.42
2.27
2.36
2.58
2.63
2.28
2.50
CorWatt	PkgWatt
179.61	351.27
3.02	183.79
3.08
3.31
2.94
3.10
3.09
2.84
2.86
3.00
2.76
2.98
3.31
3.03
3.09
3.05
2.93
2.83
2.85
2.87
3.07
2.94
3.19
2.97
2.93
3.03
3.08
2.98
3.03
3.04
4.97
2.95
3.17
2.39	167.50
2.43
2.39
2.37
2.90
5.20
2.73
2.73
2.54
2.41
2.42
2.57
2.37
2.37
2.39
2.41
2.38
2.20
2.21
2.36
2.52
2.77
2.39
2.53
2.34
2.45
2.30
2.30
2.57
2.64
2.28
2.53
CorWatt	PkgWatt
175.97	330.78
2.93	172.13
2.97
3.25
2.86
3.01
3.00
2.78
2.79
2.92
2.74
2.90
2.95
2.92
2.95
2.93
2.83
2.70
2.73
2.74
2.93
2.83
3.08
2.83
2.82
2.99
3.02
2.75
2.76
2.89
4.96
2.93
3.16
2.38	158.58
2.63
2.39
2.38
2.79
5.16
2.73
2.65
2.61
2.43
2.43
2.81
2.36
2.37
2.39
2.40
2.38
2.22
2.22
2.37
2.58
2.77
2.39
2.47
2.20
2.41
2.26
2.27
2.48
2.48
2.25
2.45
CorWatt	PkgWatt
175.16	325.91
2.93	169.34
2.76
3.25
2.80
2.98
2.97
2.76
2.77
2.90
2.72
2.88
2.93
2.92
2.94
2.92
2.83
2.69
2.71
2.73
2.91
2.78
3.02
2.78
2.77
2.98
3.00
2.74
2.75
2.87
4.95
2.92
3.15
2.38	156.62
2.63
2.39
2.37
2.75
5.19
2.74
2.63
2.77
2.39
2.46
2.70
2.37
2.38
2.39
2.41
2.38
2.22
2.22
2.37
2.51
2.77
2.39
2.47
2.19
2.52
2.25
2.26
2.48
2.49
2.25
2.45
