CorWatt	PkgWatt
15.26	127.80
0.57	127.81
0.47
0.49
0.46
0.53
0.52
0.52
0.51
0.40
0.44
0.40
0.44
0.53
0.53
0.58
0.53
0.50
0.48
0.48
0.48
0.42
0.45
0.40
0.40
0.38
0.38
0.40
0.46
0.53
0.52
0.52
0.52
CorWatt	PkgWatt
14.85	127.46
0.59	127.58
0.49
0.46
0.46
0.50
0.52
0.49
0.50
0.40
0.44
0.41
0.42
0.52
0.54
0.57
0.52
0.50
0.46
0.49
0.48
0.39
0.40
0.38
0.40
0.38
0.36
0.37
0.37
0.51
0.52
0.52
0.50
CorWatt	PkgWatt
66.55	181.23
0.94	181.14
2.08
2.12
2.07
2.18
2.18
2.12
2.13
2.11
2.07
2.07
2.02
2.18
2.16
2.18
2.19
3.69
2.13
1.94
1.96
2.12
2.09
1.88
1.91
2.00
1.98
1.83
1.83
2.20
2.12
2.02
2.01
