CorWatt	PkgWatt
15.71	129.01
0.55	129.02
0.52
0.51
0.50
0.53
0.57
0.55
0.52
0.42
0.47
0.41
0.44
0.57
0.68
0.61
0.56
0.46
0.47
0.49
0.48
0.44
0.44
0.40
0.40
0.42
0.39
0.40
0.39
0.56
0.52
0.53
0.54
CorWatt	PkgWatt
15.07	128.52
0.50	128.66
0.50
0.48
0.46
0.51
0.54
0.50
0.53
0.43
0.47
0.43
0.44
0.52
0.55
0.55
0.53
0.46
0.47
0.47
0.47
0.41
0.43
0.39
0.40
0.39
0.38
0.37
0.39
0.54
0.52
0.52
0.51
CorWatt	PkgWatt
72.75	187.15
0.93	186.97
2.28
2.36
2.30
2.35
2.37
2.35
2.31
2.29
2.31
2.32
2.26
4.15
2.42
2.45
2.50
2.31
2.29
2.11
2.13
2.22
2.26
2.01
1.99
2.20
2.17
1.99
2.00
2.40
2.38
2.18
2.17
