CorWatt	PkgWatt
15.70	127.34
0.55	127.36
0.52
0.47
0.48
0.53
0.54
0.58
0.52
0.45
0.56
0.42
0.44
0.57
0.56
0.53
0.53
0.51
0.49
0.51
0.52
0.44
0.41
0.42
0.40
0.40
0.42
0.43
0.38
0.53
0.55
0.54
0.51
CorWatt	PkgWatt
14.69	126.74
0.49	126.78
0.48
0.44
0.43
0.49
0.51
0.56
0.47
0.44
0.47
0.38
0.40
0.53
0.52
0.51
0.52
0.47
0.46
0.46
0.53
0.40
0.43
0.38
0.38
0.35
0.38
0.38
0.38
0.50
0.50
0.52
0.50
CorWatt	PkgWatt
21.51	132.54
0.62	132.51
0.62
0.86
0.54
0.62
0.63
0.62
0.65
2.23
0.69
0.60
0.53
0.68
0.79
0.71
0.77
0.60
0.71
0.64
0.65
0.56
0.55
0.53
0.53
0.50
0.50
0.51
0.54
0.66
0.62
0.62
0.61
CorWatt	PkgWatt
16.51	128.18
0.51	128.16
0.56
0.48
0.49
0.49
0.52
0.55
0.47
0.51
0.43
0.40
0.38
0.95
0.82
1.11
0.81
0.45
0.49
0.50
0.51
0.41
0.44
0.39
0.38
0.35
0.39
0.35
0.36
0.51
0.51
0.51
0.50
CorWatt	PkgWatt
16.41	127.95
0.52	127.94
0.51
0.53
0.44
0.49
0.50
0.55
0.49
0.48
0.44
0.41
0.39
0.75
0.80
1.29
0.75
0.50
0.52
0.46
0.53
0.38
0.41
0.40
0.38
0.35
0.38
0.36
0.36
0.51
0.50
0.52
0.52
CorWatt	PkgWatt
16.35	128.08
0.50	128.08
0.47
0.54
0.47
0.48
0.50
0.55
0.49
0.50
0.43
0.38
0.39
0.75
0.79
1.31
0.75
0.47
0.51
0.50
0.53
0.39
0.41
0.38
0.38
0.37
0.38
0.35
0.36
0.50
0.50
0.51
0.50
CorWatt	PkgWatt
16.30	127.79
0.50	127.78
0.43
0.53
0.43
0.50
0.52
0.53
0.48
0.49
0.44
0.38
0.39
0.77
0.81
1.33
0.74
0.46
0.52
0.45
0.52
0.38
0.42
0.39
0.40
0.35
0.39
0.37
0.37
0.50
0.51
0.51
0.50
CorWatt	PkgWatt
16.27	127.95
0.49	127.94
0.43
0.51
0.44
0.48
0.50
0.49
0.48
0.52
0.43
0.37
0.40
0.73
1.51
0.79
0.72
0.44
0.50
0.47
0.52
0.38
0.40
0.39
0.38
0.39
0.37
0.35
0.37
0.50
0.50
0.50
0.53
CorWatt	PkgWatt
17.79	130.24
0.53	130.24
0.49
0.50
0.47
0.49
0.51
0.50
0.49
0.47
0.44
0.40
0.39
0.55
3.32
0.57
0.54
0.46
0.49
0.46
0.52
0.39
0.42
0.40
0.40
0.36
0.39
0.38
0.37
0.54
0.50
0.52
0.52
CorWatt	PkgWatt
17.25	129.59
0.51	129.59
0.44
0.49
0.43
0.48
0.50
0.49
0.47
0.48
0.42
0.39
0.39
0.53
3.32
0.55
0.51
0.44
0.48
0.45
0.51
0.38
0.41
0.38
0.39
0.35
0.37
0.35
0.35
0.50
0.49
0.50
0.49
CorWatt	PkgWatt
17.53	129.89
0.52	129.90
0.49
0.49
0.43
0.48
0.51
0.52
0.50
0.48
0.41
0.39
0.39
0.53
3.31
0.57
0.53
0.44
0.48
0.45
0.50
0.39
0.43
0.41
0.39
0.35
0.39
0.36
0.36
0.50
0.49
0.50
0.50
CorWatt	PkgWatt
17.40	129.79
0.51	129.78
0.48
0.47
0.47
0.48
0.50
0.49
0.49
0.48
0.42
0.38
0.38
0.53
3.30
0.57
0.52
0.46
0.48
0.45
0.50
0.40
0.41
0.38
0.39
0.36
0.36
0.35
0.35
0.51
0.49
0.50
0.54
CorWatt	PkgWatt
17.48	129.95
0.52	129.95
0.47
0.47
0.43
0.49
0.51
0.49
0.48
0.48
0.47
0.39
0.39
0.54
3.29
0.56
0.52
0.45
0.49
0.47
0.51
0.38
0.42
0.40
0.39
0.37
0.35
0.36
0.37
0.51
0.49
0.50
0.53
CorWatt	PkgWatt
17.38	129.78
0.51	129.79
0.44
0.49
0.43
0.48
0.51
0.48
0.47
0.48
0.42
0.37
0.38
0.53
3.29
0.56
0.51
0.44
0.48
0.46
0.51
0.39
0.41
0.38
0.38
0.37
0.37
0.40
0.38
0.53
0.51
0.52
0.53
CorWatt	PkgWatt
17.31	129.68
0.51	129.68
0.43
0.48
0.43
0.49
0.53
0.50
0.48
0.46
0.42
0.37
0.38
0.52
3.29
0.58
0.51
0.44
0.50
0.45
0.53
0.38
0.41
0.38
0.38
0.38
0.35
0.36
0.36
0.51
0.49
0.50
0.50
CorWatt	PkgWatt
17.37	129.67
0.51	129.67
0.47
0.47
0.43
0.48
0.52
0.48
0.47
0.48
0.44
0.37
0.39
0.53
3.29
0.56
0.51
0.45
0.48
0.47
0.51
0.38
0.40
0.39
0.39
0.36
0.36
0.38
0.38
0.50
0.49
0.50
0.51
CorWatt	PkgWatt
17.31	129.89
0.51	129.89
0.49
0.46
0.43
0.49
0.51
0.48
0.47
0.46
0.42
0.38
0.38
0.53
3.29
0.56
0.52
0.45
0.48
0.45
0.50
0.38
0.40
0.39
0.38
0.37
0.36
0.38
0.36
0.51
0.49
0.50
0.51
CorWatt	PkgWatt
17.39	129.74
0.53	129.75
0.47
0.52
0.45
0.48
0.51
0.48
0.47
0.48
0.42
0.38
0.38
0.53
3.30
0.55
0.52
0.44
0.49
0.46
0.50
0.39
0.40
0.38
0.38
0.36
0.35
0.37
0.35
0.51
0.50
0.50
0.55
CorWatt	PkgWatt
17.41	129.73
0.52	129.73
0.43
0.54
0.43
0.48
0.51
0.50
0.47
0.47
0.42
0.38
0.38
0.53
3.30
0.57
0.52
0.46
0.51
0.47
0.52
0.38
0.40
0.39
0.38
0.38
0.35
0.35
0.36
0.52
0.49
0.50
0.51
CorWatt	PkgWatt
17.17	129.68
0.51	129.68
0.44
0.51
0.43
0.48
0.51
0.49
0.47
0.48
0.42
0.38
0.38
0.53
3.15
0.54
0.51
0.44
0.50
0.46
0.53
0.39
0.42
0.38
0.38
0.36
0.35
0.35
0.36
0.50
0.51
0.50
0.53
CorWatt	PkgWatt
18.17	129.70
1.09	129.71
0.70
0.69
0.66
0.58
1.10
0.57
0.54
0.53
0.49
0.47
0.46
0.59
0.60
0.63
0.59
0.51
0.53
0.52
0.52
0.45
0.49
0.49
0.46
0.42
0.43
0.42
0.42
0.56
0.54
0.55
0.56
CorWatt	PkgWatt
16.61	128.28
1.28	128.26
1.03
0.80
0.77
0.49
0.61
0.49
0.48
0.40
0.42
0.38
0.40
0.50
0.51
0.57
0.51
0.44
0.50
0.45
0.48
0.40
0.41
0.44
0.38
0.37
0.39
0.37
0.35
0.50
0.48
0.50
0.49
CorWatt	PkgWatt
16.94	128.35
0.86	128.36
1.48
0.81
0.78
0.49
0.61
0.49
0.47
0.39
0.47
0.41
0.39
0.49
0.50
0.56
0.50
0.46
0.50
0.52
0.46
0.40
0.40
0.40
0.40
0.39
0.39
0.40
0.38
0.51
0.54
0.51
0.58
CorWatt	PkgWatt
16.50	128.27
1.33	128.27
0.97
0.80
0.77
0.51
0.62
0.50
0.50
0.38
0.42
0.36
0.38
0.50
0.51
0.55
0.51
0.44
0.49
0.51
0.46
0.39
0.41
0.38
0.38
0.37
0.36
0.35
0.36
0.50
0.49
0.50
0.51
CorWatt	PkgWatt
16.78	128.24
0.85	128.23
1.46
0.81
0.79
0.49
0.61
0.50
0.49
0.40
0.43
0.38
0.41
0.52
0.53
0.59
0.52
0.44
0.50
0.51
0.47
0.38
0.41
0.39
0.38
0.37
0.37
0.36
0.35
0.52
0.52
0.50
0.52
CorWatt	PkgWatt
16.64	128.08
0.85	128.09
1.46
0.84
0.78
0.48
0.61
0.48
0.48
0.41
0.46
0.39
0.39
0.52
0.51
0.58
0.52
0.44
0.49
0.51
0.47
0.40
0.40
0.38
0.38
0.37
0.36
0.35
0.36
0.50
0.48
0.50
0.50
CorWatt	PkgWatt
17.71	129.15
1.03	129.15
1.00
2.13
0.99
0.49
0.61
0.49
0.48
0.38
0.43
0.37
0.37
0.50
0.50
0.56
0.51
0.44
0.49
0.51
0.46
0.38
0.41
0.38
0.38
0.37
0.36
0.35
0.35
0.50
0.50
0.50
0.50
CorWatt	PkgWatt
19.51	130.99
1.28	131.00
3.05
1.29
1.28
0.49
0.61
0.49
0.48
0.38
0.42
0.36
0.37
0.50
0.51
0.55
0.50
0.44
0.49
0.54
0.47
0.39
0.41
0.38
0.38
0.37
0.36
0.35
0.36
0.50
0.49
0.50
0.52
CorWatt	PkgWatt
20.04	131.04
1.29	131.04
2.24
2.09
1.28
0.50
0.60
0.50
0.50
0.38
0.45
0.42
0.41
0.55
0.55
0.60
0.53
0.47
0.51
0.50
0.48
0.40
0.43
0.40
0.39
0.38
0.38
0.37
0.38
0.53
0.50
0.51
0.53
CorWatt	PkgWatt
19.59	130.80
1.29	130.80
1.97
2.36
1.27
0.49
0.61
0.49
0.48
0.38
0.42
0.38
0.38
0.51
0.51
0.59
0.52
0.45
0.49
0.50
0.49
0.40
0.42
0.38
0.38
0.38
0.36
0.35
0.36
0.50
0.49
0.50
0.51
CorWatt	PkgWatt
19.53	130.91
1.29	130.91
1.27
3.07
1.27
0.50
0.62
0.50
0.48
0.37
0.42
0.37
0.38
0.50
0.50
0.55
0.50
0.44
0.49
0.51
0.47
0.39
0.42
0.39
0.38
0.39
0.38
0.35
0.36
0.50
0.49
0.50
0.50
CorWatt	PkgWatt
19.50	130.67
1.28	130.66
3.04
1.29
1.27
0.50
0.60
0.49
0.48
0.38
0.44
0.38
0.37
0.50
0.51
0.58
0.50
0.44
0.49
0.49
0.47
0.40
0.42
0.39
0.39
0.35
0.37
0.35
0.35
0.50
0.48
0.50
0.49
CorWatt	PkgWatt
20.05	131.21
1.28	131.22
3.04
1.29
1.28
0.53
0.61
0.52
0.49
0.37
0.48
0.40
0.39
0.50
0.50
0.57
0.51
0.45
0.49
0.52
0.47
0.39
0.41
0.39
0.39
0.40
0.45
0.40
0.39
0.55
0.54
0.53
0.52
CorWatt	PkgWatt
19.55	130.75
1.28	130.74
3.04
1.29
1.28
0.50
0.60
0.49
0.48
0.39
0.43
0.36
0.40
0.50
0.50
0.56
0.51
0.44
0.49
0.50
0.46
0.41
0.43
0.40
0.38
0.35
0.37
0.35
0.37
0.51
0.50
0.50
0.49
CorWatt	PkgWatt
19.51	130.88
1.29	130.87
1.31
3.03
1.28
0.50
0.60
0.50
0.48
0.37
0.42
0.37
0.38
0.50
0.50
0.55
0.50
0.46
0.50
0.50
0.49
0.38
0.40
0.39
0.38
0.35
0.37
0.35
0.36
0.51
0.51
0.50
0.50
CorWatt	PkgWatt
19.53	130.85
1.29	130.84
1.27
3.07
1.27
0.50
0.60
0.49
0.50
0.39
0.42
0.37
0.37
0.50
0.50
0.56
0.51
0.44
0.49
0.50
0.47
0.39
0.40
0.38
0.38
0.35
0.37
0.36
0.36
0.50
0.49
0.50
0.52
CorWatt	PkgWatt
19.76	130.86
1.28	130.86
2.71
1.62
1.27
0.53
0.62
0.50
0.49
0.38
0.44
0.37
0.40
0.50
0.50
0.55
0.51
0.45
0.49
0.50
0.47
0.39
0.43
0.41
0.40
0.35
0.39
0.37
0.38
0.51
0.51
0.51
0.51
CorWatt	PkgWatt
19.25	130.72
0.98	130.72
1.61
1.21
1.05
0.57
0.68
0.56
0.55
0.44
0.47
0.75
0.44
0.58
0.57
0.63
0.59
0.51
0.54
0.53
0.50
0.43
0.45
0.43
0.45
0.38
0.43
0.38
0.41
0.54
0.53
0.54
0.54
CorWatt	PkgWatt
16.39	128.19
0.53	128.19
0.52
0.47
0.59
0.92
1.06
0.72
0.70
0.40
0.45
0.41
0.39
0.51
0.51
0.57
0.57
0.45
0.50
0.46
0.47
0.39
0.42
0.40
0.41
0.36
0.39
0.36
0.37
0.53
0.50
0.51
0.51
CorWatt	PkgWatt
15.96	127.75
0.53	127.76
0.50
0.46
0.55
0.85
1.09
0.73
0.73
0.39
0.43
0.37
0.38
0.50
0.51
0.56
0.57
0.44
0.50
0.46
0.46
0.38
0.41
0.38
0.38
0.35
0.37
0.35
0.36
0.51
0.48
0.50
0.49
CorWatt	PkgWatt
16.30	127.96
0.53	127.96
0.50
0.45
0.55
1.08
0.84
0.76
0.75
0.37
0.43
0.40
0.38
0.51
0.51
0.57
0.59
0.45
0.49
0.46
0.47
0.40
0.45
0.41
0.40
0.36
0.40
0.39
0.37
0.52
0.49
0.50
0.52
CorWatt	PkgWatt
16.04	127.69
0.51	127.69
0.48
0.46
0.58
0.80
1.10
0.72
0.73
0.39
0.42
0.37
0.38
0.52
0.51
0.58
0.56
0.46
0.50
0.45
0.47
0.41
0.42
0.38
0.39
0.37
0.35
0.37
0.36
0.50
0.48
0.50
0.52
CorWatt	PkgWatt
16.32	128.48
0.54	128.49
0.47
0.44
0.56
1.51
0.73
0.70
0.70
0.36
0.47
0.38
0.38
0.50
0.51
0.57
0.50
0.45
0.52
0.53
0.47
0.38
0.42
0.40
0.38
0.37
0.35
0.37
0.37
0.50
0.49
0.50
0.50
CorWatt	PkgWatt
18.51	132.83
0.53	132.83
0.43
0.44
0.54
4.41
0.52
0.49
0.49
0.38
0.42
0.37
0.37
0.50
0.51
0.57
0.50
0.45
0.49
0.51
0.47
0.39
0.41
0.38
0.38
0.37
0.37
0.40
0.37
0.52
0.50
0.52
0.50
CorWatt	PkgWatt
18.67	132.90
0.53	132.90
0.44
0.48
0.54
4.41
0.54
0.52
0.52
0.38
0.43
0.37
0.38
0.50
0.50
0.56
0.51
0.46
0.51
0.50
0.48
0.39
0.41
0.39
0.38
0.39
0.36
0.39
0.37
0.51
0.49
0.51
0.50
CorWatt	PkgWatt
18.52	133.07
0.52	133.06
0.43
0.48
0.54
4.41
0.54
0.49
0.49
0.38
0.43
0.36
0.37
0.50
0.50
0.56
0.50
0.47
0.49
0.50
0.48
0.39
0.42
0.39
0.39
0.37
0.37
0.38
0.37
0.50
0.49
0.50
0.52
CorWatt	PkgWatt
18.37	132.76
0.52	132.76
0.44
0.47
0.54
4.41
0.53
0.50
0.49
0.37
0.42
0.37
0.37
0.50
0.50
0.55
0.50
0.44
0.49
0.49
0.46
0.38
0.42
0.39
0.38
0.37
0.35
0.37
0.35
0.50
0.49
0.50
0.53
CorWatt	PkgWatt
18.50	132.96
0.54	132.96
0.46
0.49
0.57
4.42
0.52
0.49
0.49
0.38
0.43
0.36
0.37
0.50
0.50
0.55
0.50
0.45
0.49
0.49
0.47
0.39
0.40
0.38
0.39
0.37
0.35
0.37
0.35
0.50
0.49
0.50
0.54
CorWatt	PkgWatt
18.65	132.91
0.52	132.91
0.45
0.46
0.56
4.41
0.53
0.50
0.49
0.38
0.42
0.37
0.38
0.50
0.50
0.55
0.51
0.47
0.51
0.51
0.48
0.39
0.42
0.39
0.39
0.40
0.36
0.37
0.36
0.51
0.49
0.50
0.55
CorWatt	PkgWatt
18.51	132.79
0.52	132.80
0.44
0.51
0.56
4.41
0.52
0.49
0.49
0.38
0.43
0.37
0.37
0.51
0.50
0.57
0.51
0.45
0.50
0.50
0.47
0.39
0.41
0.38
0.38
0.37
0.35
0.38
0.36
0.51
0.51
0.51
0.49
CorWatt	PkgWatt
18.51	132.95
0.53	132.95
0.44
0.48
0.55
4.42
0.52
0.50
0.49
0.37
0.42
0.37
0.38
0.50
0.51
0.56
0.50
0.45
0.49
0.51
0.46
0.38
0.41
0.39
0.38
0.38
0.38
0.39
0.37
0.51
0.49
0.50
0.50
CorWatt	PkgWatt
18.61	133.22
0.52	133.22
0.43
0.49
0.55
4.42
0.53
0.49
0.49
0.39
0.42
0.38
0.41
0.50
0.50
0.57
0.51
0.44
0.50
0.51
0.48
0.39
0.41
0.38
0.38
0.35
0.39
0.39
0.36
0.50
0.51
0.51
0.50
CorWatt	PkgWatt
18.93	133.19
0.54	133.20
0.46
0.48
0.58
4.39
0.53
0.50
0.50
0.39
0.47
0.38
0.38
0.50
0.51
0.56
0.52
0.45
0.50
0.50
0.46
0.40
0.42
0.41
0.41
0.38
0.41
0.43
0.38
0.51
0.53
0.51
0.54
CorWatt	PkgWatt
18.51	132.85
0.52	132.85
0.44
0.46
0.57
4.40
0.55
0.51
0.51
0.39
0.43
0.36
0.38
0.50
0.51
0.55
0.51
0.45
0.49
0.50
0.47
0.39
0.41
0.38
0.38
0.35
0.36
0.38
0.35
0.50
0.49
0.50
0.54
CorWatt	PkgWatt
18.67	133.11
0.53	133.12
0.44
0.49
0.57
4.41
0.55
0.51
0.49
0.39
0.43
0.37
0.40
0.51
0.53
0.60
0.52
0.44
0.49
0.50
0.46
0.38
0.41
0.39
0.38
0.35
0.36
0.38
0.35
0.51
0.51
0.50
0.50
CorWatt	PkgWatt
18.34	130.22
0.59	130.24
0.53
0.56
0.60
0.86
0.57
0.55
0.55
0.50
0.52
0.49
0.47
0.58
0.58
0.67
0.59
0.53
0.54
0.52
0.53
0.46
0.47
0.44
0.47
0.50
0.56
0.79
0.52
0.59
0.56
0.56
1.10
CorWatt	PkgWatt
16.25	128.17
0.54	128.16
0.47
0.47
0.48
0.51
0.50
0.49
0.49
0.39
0.44
0.38
0.39
0.51
0.51
0.58
0.51
0.45
0.49
0.46
0.46
0.38
0.42
0.39
0.39
0.60
0.66
1.12
0.62
0.52
0.50
0.51
0.63
CorWatt	PkgWatt
16.10	128.03
0.53	128.03
0.44
0.48
0.48
0.49
0.48
0.49
0.47
0.39
0.43
0.38
0.38
0.51
0.51
0.56
0.51
0.45
0.50
0.50
0.47
0.38
0.40
0.38
0.38
0.59
0.63
1.11
0.62
0.51
0.50
0.50
0.63
CorWatt	PkgWatt
16.27	128.18
0.54	128.18
0.43
0.46
0.47
0.49
0.49
0.49
0.47
0.38
0.45
0.41
0.40
0.54
0.56
0.58
0.51
0.44
0.50
0.52
0.45
0.38
0.41
0.39
0.38
0.59
0.63
0.66
1.11
0.51
0.50
0.50
0.65
CorWatt	PkgWatt
16.30	128.18
0.52	128.18
0.44
0.50
0.46
0.49
0.49
0.49
0.48
0.40
0.43
0.37
0.38
0.51
0.52
0.57
0.53
0.47
0.50
0.51
0.49
0.39
0.41
0.39
0.39
0.59
0.63
0.79
0.98
0.53
0.51
0.51
0.62
CorWatt	PkgWatt
16.52	128.45
0.52	128.45
0.43
0.44
0.45
0.49
0.50
0.50
0.48
0.38
0.43
0.37
0.39
0.50
0.51
0.55
0.51
0.46
0.52
0.54
0.47
0.39
0.42
0.39
0.39
0.58
0.62
1.55
0.59
0.52
0.50
0.51
0.63
CorWatt	PkgWatt
17.65	130.08
0.54	130.08
0.42
0.44
0.45
0.48
0.48
0.48
0.47
0.37
0.44
0.38
0.38
0.50
0.51
0.57
0.50
0.44
0.49
0.51
0.48
0.40
0.41
0.38
0.38
0.49
0.50
1.51
2.09
0.52
0.50
0.51
0.62
CorWatt	PkgWatt
18.11	130.24
0.54	130.25
0.49
0.46
0.48
0.50
0.48
0.50
0.47
0.38
0.47
0.40
0.39
0.51
0.51
0.57
0.51
0.44
0.49
0.50
0.45
0.39
0.42
0.38
0.40
0.52
0.54
3.02
0.55
0.58
0.56
0.55
0.64
CorWatt	PkgWatt
17.66	129.94
0.53	129.93
0.43
0.46
0.45
0.48
0.48
0.48
0.47
0.38
0.43
0.37
0.37
0.51
0.51
0.56
0.51
0.44
0.48
0.49
0.46
0.40
0.43
0.40
0.38
0.51
0.51
3.03
0.52
0.52
0.52
0.51
0.63
CorWatt	PkgWatt
17.81	130.26
0.53	130.26
0.44
0.46
0.46
0.49
0.49
0.50
0.49
0.37
0.43
0.37
0.38
0.50
0.50
0.57
0.51
0.47
0.51
0.51
0.48
0.38
0.41
0.39
0.39
0.51
0.51
3.04
0.51
0.52
0.51
0.52
0.63
CorWatt	PkgWatt
17.75	130.20
0.54	130.20
0.47
0.47
0.44
0.48
0.49
0.49
0.49
0.40
0.44
0.37
0.38
0.50
0.51
0.55
0.51
0.45
0.48
0.50
0.48
0.39
0.40
0.38
0.38
0.51
0.51
0.57
3.01
0.52
0.50
0.51
0.62
CorWatt	PkgWatt
17.80	130.15
0.53	130.15
0.48
0.47
0.44
0.50
0.51
0.49
0.48
0.38
0.44
0.37
0.39
0.50
0.50
0.55
0.51
0.44
0.49
0.50
0.45
0.38
0.42
0.40
0.40
0.51
0.52
0.55
3.02
0.52
0.53
0.52
0.62
CorWatt	PkgWatt
17.62	130.14
0.52	130.13
0.46
0.45
0.44
0.48
0.48
0.48
0.47
0.38
0.44
0.37
0.38
0.50
0.51
0.56
0.50
0.45
0.49
0.51
0.47
0.38
0.40
0.38
0.39
0.50
0.51
3.03
0.54
0.52
0.50
0.51
0.63
CorWatt	PkgWatt
17.88	130.39
0.53	130.39
0.49
0.46
0.46
0.49
0.50
0.50
0.48
0.39
0.45
0.39
0.38
0.50
0.51
0.56
0.51
0.44
0.49
0.50
0.46
0.38
0.42
0.39
0.41
0.51
0.51
3.02
0.53
0.53
0.52
0.52
0.62
CorWatt	PkgWatt
17.75	130.58
0.51	130.58
0.49
0.46
0.46
0.49
0.48
0.48
0.47
0.39
0.43
0.37
0.38
0.50
0.51
0.55
0.50
0.44
0.49
0.52
0.47
0.38
0.41
0.38
0.39
0.50
0.51
2.11
1.52
0.54
0.50
0.50
0.62
CorWatt	PkgWatt
17.88	130.44
0.50	130.45
0.47
0.44
0.45
0.48
0.50
0.52
0.51
0.38
0.43
0.39
0.37
0.50
0.50
0.57
0.53
0.45
0.48
0.51
0.47
0.40
0.44
0.40
0.40
0.51
0.51
1.31
2.32
0.52
0.50
0.50
0.61
CorWatt	PkgWatt
17.81	130.37
0.52	130.37
0.46
0.48
0.46
0.48
0.48
0.49
0.50
0.38
0.44
0.37
0.38
0.52
0.51
0.57
0.51
0.46
0.50
0.53
0.46
0.42
0.40
0.38
0.40
0.48
0.53
3.01
0.53
0.52
0.50
0.50
0.62
CorWatt	PkgWatt
17.35	129.78
0.50	129.79
0.43
0.48
0.45
0.49
0.50
0.50
0.50
0.39
0.47
0.59
0.40
0.52
0.53
0.59
0.53
0.48
0.50
0.51
0.48
0.38
0.42
0.41
0.43
0.44
0.51
2.19
0.47
0.54
0.53
0.53
0.66
CorWatt	PkgWatt
17.78	129.82
0.55	129.82
0.50
0.53
0.50
0.56
0.54
0.54
0.53
0.44
0.73
0.53
0.45
1.24
0.76
0.78
0.79
0.49
0.53
0.49
0.51
0.43
0.46
0.44
0.46
0.40
0.44
0.50
0.46
0.55
0.55
0.55
0.54
CorWatt	PkgWatt
16.16	128.01
0.50	128.00
0.42
0.48
0.46
0.48
0.50
0.51
0.49
0.39
0.53
0.37
0.38
1.28
0.76
0.78
0.80
0.45
0.51
0.45
0.47
0.38
0.40
0.39
0.38
0.37
0.37
0.46
0.37
0.52
0.50
0.51
0.50
CorWatt	PkgWatt
16.13	128.07
0.48	128.07
0.43
0.48
0.44
0.48
0.50
0.49
0.47
0.38
0.54
0.37
0.38
1.31
0.76
0.78
0.80
0.47
0.49
0.45
0.47
0.38
0.41
0.39
0.38
0.35
0.39
0.44
0.38
0.51
0.49
0.51
0.51
CorWatt	PkgWatt
16.18	128.17
0.50	128.17
0.45
0.52
0.45
0.49
0.49
0.50
0.47
0.38
0.53
0.37
0.39
1.34
0.76
0.79
0.78
0.45
0.49
0.46
0.46
0.38
0.41
0.39
0.39
0.35
0.38
0.39
0.36
0.52
0.51
0.50
0.50
CorWatt	PkgWatt
16.15	128.01
0.51	128.01
0.45
0.51
0.45
0.48
0.48
0.49
0.47
0.39
0.52
0.37
0.38
1.22
0.91
0.78
0.74
0.45
0.50
0.51
0.48
0.39
0.41
0.38
0.38
0.35
0.37
0.38
0.42
0.51
0.49
0.50
0.49
CorWatt	PkgWatt
17.36	129.72
0.51	129.72
0.45
0.49
0.44
0.48
0.49
0.50
0.47
0.38
0.51
0.37
0.39
3.04
0.58
0.60
0.55
0.47
0.51
0.55
0.47
0.38
0.41
0.39
0.38
0.36
0.37
0.38
0.40
0.51
0.50
0.50
0.51
CorWatt	PkgWatt
17.75	130.34
0.51	130.34
0.44
0.49
0.45
0.49
0.49
0.50
0.48
0.39
0.51
0.38
0.40
3.43
0.55
0.56
0.52
0.45
0.49
0.53
0.48
0.39
0.42
0.40
0.40
0.36
0.38
0.38
0.38
0.53
0.53
0.51
0.50
CorWatt	PkgWatt
17.63	130.14
0.51	130.14
0.43
0.48
0.44
0.49
0.49
0.50
0.47
0.40
0.50
0.38
0.40
3.43
0.54
0.57
0.53
0.45
0.49
0.50
0.47
0.39
0.42
0.39
0.39
0.37
0.41
0.41
0.37
0.52
0.50
0.50
0.51
CorWatt	PkgWatt
17.59	130.21
0.51	130.20
0.43
0.48
0.44
0.48
0.48
0.49
0.48
0.40
0.50
0.39
0.41
3.44
0.54
0.59
0.52
0.45
0.50
0.50
0.48
0.38
0.41
0.38
0.38
0.36
0.38
0.40
0.36
0.52
0.50
0.51
0.51
CorWatt	PkgWatt
17.72	130.17
0.53	130.18
0.47
0.45
0.45
0.48
0.48
0.50
0.47
0.39
0.51
0.42
0.39
3.44
0.53
0.57
0.51
0.44
0.49
0.49
0.46
0.39
0.41
0.40
0.42
0.38
0.37
0.40
0.38
0.52
0.53
0.51
0.51
CorWatt	PkgWatt
17.48	130.18
0.51	130.17
0.46
0.44
0.44
0.49
0.51
0.52
0.49
0.39
0.50
0.37
0.38
3.44
0.53
0.56
0.51
0.44
0.48
0.50
0.47
0.38
0.40
0.38
0.38
0.36
0.35
0.37
0.40
0.51
0.49
0.50
0.50
CorWatt	PkgWatt
17.76	130.13
0.52	130.14
0.47
0.46
0.47
0.49
0.49
0.50
0.47
0.40
0.51
0.38
0.43
3.44
0.57
0.61
0.54
0.44
0.49
0.50
0.46
0.38
0.41
0.39
0.39
0.37
0.36
0.39
0.38
0.52
0.51
0.51
0.54
CorWatt	PkgWatt
17.55	129.96
0.52	129.96
0.45
0.48
0.44
0.48
0.48
0.49
0.47
0.41
0.54
0.39
0.39
3.44
0.54
0.58
0.52
0.45
0.48
0.50
0.47
0.41
0.40
0.38
0.38
0.36
0.35
0.38
0.36
0.51
0.49
0.50
0.49
CorWatt	PkgWatt
17.45	129.94
0.53	129.94
0.45
0.50
0.46
0.49
0.49
0.49
0.48
0.38
0.51
0.37
0.38
3.44
0.54
0.56
0.51
0.44
0.49
0.50
0.45
0.38
0.40
0.38
0.38
0.37
0.35
0.37
0.35
0.51
0.49
0.50
0.50
CorWatt	PkgWatt
18.19	130.51
0.59	130.52
0.50
0.53
0.49
0.53
0.49
0.51
0.49
0.41
0.54
0.38
0.39
3.44
0.55
0.57
0.55
0.49
0.54
0.55
0.51
0.39
0.45
0.39
0.40
0.41
0.37
0.38
0.36
0.51
0.51
0.51
0.50
CorWatt	PkgWatt
17.78	130.17
0.53	130.17
0.48
0.47
0.47
0.49
0.49
0.50
0.47
0.39
0.52
0.42
0.42
3.44
0.57
0.59
0.52
0.45
0.49
0.50
0.46
0.38
0.41
0.39
0.39
0.37
0.35
0.38
0.39
0.52
0.50
0.50
0.52
CorWatt	PkgWatt
17.63	130.18
0.53	130.17
0.48
0.48
0.45
0.48
0.49
0.49
0.47
0.40
0.51
0.38
0.39
3.44
0.54
0.55
0.51
0.45
0.49
0.50
0.49
0.39
0.41
0.39
0.38
0.37
0.35
0.38
0.37
0.52
0.50
0.51
0.55
CorWatt	PkgWatt
18.34	130.30
0.56	130.31
0.53
0.50
0.51
0.56
0.57
0.55
0.54
0.46
0.57
0.65
0.47
1.30
0.67
0.67
0.87
0.49
0.54
0.52
0.51
0.44
0.47
0.45
0.48
0.47
0.45
0.48
0.44
0.59
0.56
0.57
0.92
CorWatt	PkgWatt
16.71	128.48
0.50	128.47
0.46
0.45
0.44
0.48
0.48
0.50
0.47
0.42
0.44
0.51
0.39
0.90
0.87
0.85
1.59
0.44
0.49
0.46
0.47
0.40
0.42
0.38
0.38
0.42
0.37
0.37
0.36
0.51
0.49
0.50
0.49
CorWatt	PkgWatt
17.17	128.70
0.50	128.70
0.50
0.47
0.48
0.52
0.49
0.52
0.50
0.40
0.48
0.50
0.40
1.56
0.86
0.84
0.94
0.45
0.51
0.52
0.47
0.39
0.41
0.39
0.38
0.40
0.41
0.38
0.37
0.56
0.53
0.54
0.51
CorWatt	PkgWatt
16.66	128.38
0.49	128.37
0.46
0.46
0.45
0.48
0.48
0.49
0.47
0.41
0.44
0.49
0.38
1.56
0.86
0.84
0.93
0.44
0.49
0.50
0.47
0.41
0.42
0.39
0.38
0.38
0.37
0.36
0.36
0.51
0.50
0.50
0.49
CorWatt	PkgWatt
16.67	128.27
0.49	128.27
0.46
0.46
0.45
0.49
0.48
0.49
0.47
0.40
0.43
0.49
0.39
1.53
0.85
0.84
0.98
0.46
0.51
0.50
0.47
0.38
0.41
0.40
0.38
0.38
0.36
0.36
0.37
0.51
0.49
0.50
0.50
CorWatt	PkgWatt
16.69	128.48
0.51	128.48
0.48
0.45
0.44
0.48
0.48
0.49
0.49
0.42
0.43
0.50
0.38
1.41
0.86
0.84
1.07
0.44
0.49
0.51
0.47
0.38
0.41
0.38
0.39
0.37
0.36
0.36
0.38
0.51
0.49
0.50
0.50
CorWatt	PkgWatt
18.12	129.44
0.53	129.46
0.50
0.49
0.48
0.54
0.54
0.53
0.51
0.61
0.52
0.56
0.48
1.56
0.89
0.88
0.95
0.48
0.51
0.53
0.49
0.38
0.45
0.40
0.40
0.41
0.42
0.44
0.41
0.55
0.55
0.55
0.54
CorWatt	PkgWatt
19.68	131.06
0.52	131.04
0.49
0.45
0.45
0.48
0.49
0.49
0.47
1.23
3.04
1.23
1.23
0.52
0.52
0.50
0.61
0.44
0.49
0.50
0.48
0.38
0.42
0.38
0.38
0.38
0.38
0.37
0.37
0.52
0.50
0.50
0.49
CorWatt	PkgWatt
19.66	130.87
0.54	130.87
0.48
0.45
0.45
0.49
0.48
0.50
0.47
3.01
1.23
1.23
1.23
0.51
0.50
0.49
0.62
0.44
0.48
0.49
0.45
0.38
0.43
0.39
0.39
0.38
0.36
0.36
0.36
0.52
0.51
0.51
0.50
CorWatt	PkgWatt
19.50	130.90
0.51	130.89
0.47
0.44
0.43
0.48
0.48
0.49
0.47
2.52
1.72
1.23
1.23
0.51
0.51
0.49
0.60
0.44
0.49
0.49
0.46
0.38
0.42
0.38
0.38
0.37
0.37
0.35
0.35
0.51
0.49
0.50
0.50
CorWatt	PkgWatt
20.16	131.44
0.51	131.44
0.46
0.50
0.45
0.50
0.51
0.54
0.52
2.72
1.55
1.23
1.23
0.52
0.52
0.52
0.61
0.47
0.49
0.51
0.47
0.41
0.45
0.41
0.41
0.42
0.40
0.39
0.37
0.55
0.51
0.52
0.52
CorWatt	PkgWatt
19.80	130.96
0.53	130.96
0.46
0.48
0.47
0.50
0.48
0.49
0.49
1.23
3.04
1.23
1.23
0.52
0.51
0.52
0.61
0.46
0.49
0.50
0.46
0.40
0.41
0.38
0.40
0.35
0.38
0.37
0.38
0.51
0.51
0.50
0.51
CorWatt	PkgWatt
19.63	130.94
0.50	130.94
0.46
0.44
0.44
0.50
0.49
0.50
0.48
3.02
1.25
1.23
1.23
0.51
0.50
0.49
0.59
0.44
0.49
0.52
0.48
0.38
0.43
0.40
0.38
0.35
0.38
0.38
0.37
0.51
0.50
0.50
0.50
CorWatt	PkgWatt
19.71	130.97
0.51	130.97
0.47
0.44
0.44
0.49
0.48
0.49
0.48
3.03
1.23
1.23
1.23
0.52
0.52
0.51
0.59
0.44
0.51
0.50
0.46
0.38
0.41
0.39
0.38
0.37
0.40
0.39
0.38
0.53
0.50
0.51
0.50
CorWatt	PkgWatt
19.79	131.18
0.49	131.18
0.47
0.44
0.44
0.49
0.51
0.53
0.50
2.47
1.79
1.23
1.23
0.52
0.51
0.50
0.59
0.45
0.54
0.50
0.47
0.38
0.42
0.39
0.38
0.37
0.38
0.39
0.36
0.52
0.51
0.52
0.51
CorWatt	PkgWatt
19.69	130.98
0.52	130.98
0.46
0.44
0.44
0.49
0.48
0.50
0.47
3.03
1.23
1.23
1.23
0.51
0.52
0.51
0.59
0.46
0.50
0.48
0.47
0.39
0.42
0.41
0.38
0.35
0.39
0.39
0.38
0.51
0.50
0.50
0.52
CorWatt	PkgWatt
19.56	130.87
0.52	130.86
0.48
0.44
0.44
0.49
0.49
0.50
0.48
3.05
1.23
1.23
1.23
0.51
0.51
0.50
0.58
0.44
0.50
0.49
0.45
0.38
0.40
0.38
0.38
0.35
0.37
0.37
0.36
0.51
0.50
0.50
0.50
CorWatt	PkgWatt
18.60	130.21
0.52	130.22
0.49
0.46
0.45
0.50
0.48
0.49
0.47
2.01
1.57
1.06
1.05
0.52
0.51
0.50
0.59
0.44
0.52
0.48
0.47
0.38
0.42
0.39
0.38
0.35
0.37
0.37
0.37
0.51
0.50
0.50
0.50
CorWatt	PkgWatt
20.24	134.35
0.79	134.37
0.55
0.53
0.50
0.57
0.59
3.39
0.59
0.53
0.81
0.52
0.48
0.59
0.59
0.58
0.69
0.52
0.54
0.56
0.54
0.45
0.50
0.46
0.45
0.42
0.44
0.43
0.43
0.56
0.55
0.55
0.55
CorWatt	PkgWatt
20.03	137.22
0.58	137.20
0.47
0.45
0.45
0.49
0.52
5.88
0.53
0.46
0.43
0.38
0.38
0.51
0.51
0.49
0.62
0.44
0.46
0.49
0.47
0.39
0.41
0.39
0.38
0.35
0.37
0.37
0.36
0.51
0.51
0.50
0.49
CorWatt	PkgWatt
20.47	137.70
0.58	137.69
0.48
0.46
0.46
0.50
0.53
5.91
0.54
0.45
0.45
0.39
0.40
0.51
0.51
0.52
0.62
0.45
0.46
0.51
0.47
0.39
0.43
0.40
0.39
0.37
0.41
0.40
0.40
0.53
0.51
0.51
0.52
CorWatt	PkgWatt
20.30	137.48
0.58	137.48
0.48
0.46
0.46
0.50
0.52
5.90
0.54
0.44
0.43
0.39
0.42
0.51
0.51
0.50
0.61
0.44
0.47
0.49
0.49
0.39
0.41
0.39
0.39
0.37
0.37
0.40
0.36
0.52
0.52
0.52
0.52
CorWatt	PkgWatt
20.41	137.66
0.58	137.66
0.47
0.47
0.46
0.50
0.53
5.94
0.54
0.39
0.47
0.38
0.39
0.50
0.51
0.51
0.57
0.46
0.47
0.50
0.51
0.40
0.41
0.41
0.41
0.39
0.39
0.40
0.37
0.52
0.52
0.51
0.52
CorWatt	PkgWatt
20.13	137.69
0.58	137.69
0.50
0.45
0.48
0.52
0.54
5.94
0.54
0.41
0.43
0.37
0.38
0.50
0.51
0.49
0.59
0.44
0.45
0.48
0.51
0.39
0.41
0.39
0.38
0.38
0.35
0.38
0.35
0.52
0.50
0.50
0.49
CorWatt	PkgWatt
20.23	137.55
0.58	137.55
0.44
0.45
0.50
0.50
0.52
5.94
0.52
0.41
0.43
0.37
0.42
0.52
0.53
0.55
0.59
0.44
0.45
0.49
0.50
0.38
0.41
0.39
0.38
0.36
0.35
0.38
0.35
0.53
0.52
0.50
0.50
CorWatt	PkgWatt
20.13	137.56
0.59	137.56
0.46
0.45
0.47
0.50
0.52
5.93
0.51
0.40
0.45
0.39
0.38
0.51
0.51
0.52
0.57
0.44
0.45
0.49
0.53
0.40
0.41
0.39
0.38
0.36
0.35
0.38
0.35
0.51
0.50
0.50
0.50
CorWatt	PkgWatt
20.39	137.72
0.60	137.73
0.47
0.48
0.51
0.52
0.53
5.93
0.54
0.38
0.46
0.39
0.41
0.51
0.51
0.50
0.58
0.45
0.46
0.50
0.52
0.39
0.41
0.40
0.39
0.38
0.35
0.38
0.37
0.52
0.51
0.51
0.54
CorWatt	PkgWatt
20.19	137.77
0.57	137.77
0.49
0.49
0.50
0.50
0.52
5.92
0.52
0.39
0.43
0.38
0.38
0.50
0.52
0.50
0.57
0.45
0.47
0.49
0.52
0.39
0.42
0.39
0.38
0.39
0.36
0.39
0.36
0.51
0.50
0.50
0.49
CorWatt	PkgWatt
20.41	137.86
0.55	137.86
0.57
0.47
0.47
0.51
0.53
5.94
0.53
0.40
0.46
0.41
0.41
0.53
0.54
0.53
0.58
0.46
0.47
0.49
0.52
0.38
0.41
0.38
0.38
0.40
0.35
0.36
0.37
0.51
0.50
0.50
0.51
CorWatt	PkgWatt
20.21	137.81
0.54	137.81
0.57
0.47
0.47
0.50
0.52
5.91
0.53
0.39
0.43
0.38
0.38
0.51
0.52
0.50
0.58
0.48
0.47
0.49
0.53
0.39
0.41
0.38
0.38
0.42
0.36
0.36
0.36
0.51
0.50
0.50
0.49
CorWatt	PkgWatt
20.93	138.28
0.56	138.29
0.58
0.46
0.49
0.55
0.57
5.95
0.58
0.43
0.47
0.39
0.39
0.55
0.53
0.53
0.58
0.49
0.47
0.50
0.55
0.42
0.42
0.39
0.39
0.40
0.40
0.40
0.36
0.53
0.55
0.54
0.52
CorWatt	PkgWatt
20.34	137.87
0.53	137.86
0.57
0.45
0.46
0.52
0.55
5.90
0.53
0.41
0.45
0.40
0.40
0.51
0.53
0.51
0.58
0.46
0.47
0.50
0.53
0.42
0.42
0.39
0.39
0.36
0.36
0.36
0.36
0.52
0.50
0.51
0.50
CorWatt	PkgWatt
20.76	138.05
0.55	138.06
0.59
0.47
0.51
0.54
0.54
5.91
0.54
0.40
0.49
0.40
0.41
0.52
0.53
0.50
0.58
0.46
0.47
0.48
0.51
0.40
0.42
0.40
0.39
0.36
0.44
0.38
0.38
0.57
0.53
0.54
0.53
CorWatt	PkgWatt
20.18	137.70
0.52	137.69
0.58
0.47
0.46
0.50
0.53
5.92
0.52
0.41
0.43
0.38
0.39
0.51
0.52
0.50
0.57
0.44
0.46
0.46
0.50
0.41
0.41
0.39
0.38
0.36
0.41
0.36
0.36
0.51
0.50
0.50
0.49
CorWatt	PkgWatt
20.37	138.07
0.53	138.07
0.56
0.48
0.47
0.51
0.54
5.91
0.54
0.42
0.44
0.39
0.40
0.50
0.52
0.50
0.58
0.47
0.49
0.47
0.52
0.39
0.41
0.41
0.39
0.35
0.41
0.37
0.37
0.52
0.51
0.50
0.50
CorWatt	PkgWatt
19.42	133.43
0.77	133.44
0.65
0.56
0.53
0.58
0.60
2.55
0.82
0.50
0.48
0.44
0.44
0.59
0.58
0.57
0.94
0.52
0.55
0.53
0.58
0.45
0.46
0.43
0.44
0.46
0.45
0.41
0.41
0.55
0.53
0.53
0.53
CorWatt	PkgWatt
17.98	130.67
0.61	130.66
0.48
0.49
0.46
0.58
0.57
0.56
3.27
0.42
0.45
0.39
0.42
0.57
0.52
0.51
0.54
0.45
0.52
0.47
0.51
0.39
0.45
0.41
0.40
0.35
0.37
0.39
0.37
0.52
0.52
0.51
0.51
CorWatt	PkgWatt
17.54	130.41
0.60	130.40
0.49
0.47
0.45
0.55
0.54
0.52
3.22
0.41
0.43
0.38
0.39
0.57
0.52
0.50
0.52
0.44
0.51
0.46
0.51
0.40
0.41
0.38
0.39
0.36
0.37
0.36
0.36
0.51
0.50
0.50
0.49
CorWatt	PkgWatt
17.75	130.36
0.61	130.37
0.50
0.48
0.48
0.55
0.54
0.53
3.21
0.43
0.46
0.39
0.39
0.58
0.52
0.51
0.53
0.45
0.51
0.46
0.50
0.39
0.44
0.40
0.40
0.36
0.37
0.37
0.36
0.52
0.50
0.51
0.51
CorWatt	PkgWatt
17.42	130.18
0.59	130.17
0.44
0.49
0.45
0.54
0.54
0.51
3.21
0.41
0.43
0.37
0.39
0.59
0.51
0.50
0.51
0.44
0.52
0.47
0.50
0.39
0.41
0.38
0.38
0.35
0.36
0.37
0.36
0.52
0.50
0.50
0.49
CorWatt	PkgWatt
17.94	130.55
0.61	130.56
0.48
0.50
0.46
0.55
0.56
0.57
3.22
0.45
0.44
0.40
0.40
0.58
0.52
0.52
0.54
0.46
0.51
0.47
0.50
0.41
0.45
0.40
0.41
0.36
0.37
0.37
0.36
0.54
0.52
0.51
0.51
CorWatt	PkgWatt
17.59	130.39
0.60	130.39
0.45
0.50
0.48
0.54
0.54
0.52
3.22
0.39
0.43
0.38
0.40
0.58
0.51
0.51
0.52
0.46
0.51
0.46
0.50
0.40
0.41
0.38
0.40
0.38
0.36
0.36
0.36
0.51
0.50
0.51
0.51
CorWatt	PkgWatt
17.72	130.34
0.60	130.33
0.45
0.50
0.46
0.56
0.55
0.53
3.20
0.39
0.48
0.38
0.40
0.57
0.51
0.50
0.52
0.45
0.51
0.49
0.52
0.39
0.44
0.41
0.39
0.36
0.36
0.36
0.37
0.54
0.50
0.51
0.51
CorWatt	PkgWatt
17.44	130.01
0.60	130.01
0.46
0.48
0.46
0.55
0.54
0.51
3.21
0.40
0.43
0.38
0.39
0.57
0.51
0.49
0.51
0.44
0.50
0.47
0.50
0.39
0.41
0.38
0.38
0.36
0.37
0.37
0.37
0.52
0.50
0.51
0.50
CorWatt	PkgWatt
17.47	130.08
0.60	130.07
0.47
0.46
0.46
0.57
0.56
0.55
3.22
0.38
0.44
0.38
0.38
0.56
0.50
0.49
0.51
0.44
0.53
0.46
0.51
0.38
0.41
0.39
0.38
0.37
0.35
0.37
0.36
0.52
0.50
0.50
0.50
CorWatt	PkgWatt
17.52	130.21
0.60	130.21
0.47
0.46
0.45
0.54
0.55
0.51
3.21
0.41
0.44
0.38
0.39
0.57
0.51
0.51
0.51
0.46
0.50
0.46
0.50
0.39
0.41
0.39
0.39
0.36
0.38
0.37
0.38
0.51
0.50
0.50
0.52
CorWatt	PkgWatt
17.55	129.97
0.60	129.97
0.50
0.46
0.46
0.56
0.56
0.53
3.21
0.39
0.44
0.40
0.40
0.57
0.51
0.50
0.51
0.45
0.51
0.46
0.50
0.39
0.42
0.40
0.39
0.35
0.35
0.36
0.36
0.52
0.50
0.50
0.50
CorWatt	PkgWatt
17.44	130.10
0.61	130.10
0.47
0.48
0.46
0.55
0.55
0.51
3.21
0.40
0.45
0.38
0.39
0.56
0.51
0.49
0.51
0.44
0.51
0.45
0.50
0.39
0.41
0.38
0.38
0.38
0.36
0.36
0.35
0.51
0.50
0.50
0.50
CorWatt	PkgWatt
17.49	130.00
0.60	130.00
0.49
0.47
0.45
0.56
0.55
0.52
3.21
0.41
0.43
0.37
0.39
0.58
0.51
0.49
0.51
0.46
0.53
0.47
0.51
0.38
0.41
0.38
0.38
0.36
0.35
0.36
0.35
0.51
0.50
0.50
0.51
CorWatt	PkgWatt
17.37	129.87
0.59	129.87
0.48
0.46
0.45
0.55
0.54
0.51
3.22
0.39
0.43
0.37
0.38
0.58
0.51
0.50
0.51
0.45
0.51
0.45
0.50
0.39
0.41
0.38
0.38
0.35
0.36
0.35
0.35
0.51
0.52
0.50
0.49
CorWatt	PkgWatt
17.49	130.10
0.60	130.10
0.44
0.50
0.45
0.54
0.56
0.53
3.20
0.41
0.43
0.38
0.38
0.56
0.51
0.50
0.51
0.45
0.50
0.47
0.50
0.38
0.42
0.40
0.39
0.35
0.37
0.37
0.37
0.52
0.50
0.50
0.50
CorWatt	PkgWatt
17.60	130.02
0.61	130.03
0.43
0.51
0.46
0.55
0.52
0.51
3.20
0.43
0.42
0.39
0.41
0.57
0.51
0.50
0.50
0.45
0.53
0.46
0.52
0.39
0.41
0.38
0.38
0.35
0.37
0.38
0.36
0.53
0.52
0.52
0.52
CorWatt	PkgWatt
17.33	129.79
0.61	129.79
0.48
0.46
0.45
0.55
0.52
0.52
3.07
0.39
0.47
0.37
0.38
0.56
0.50
0.49
0.50
0.44
0.52
0.45
0.49
0.40
0.42
0.40
0.39
0.36
0.37
0.37
0.37
0.51
0.51
0.50
0.50
CorWatt	PkgWatt
17.98	129.80
0.60	129.81
0.55
0.51
0.74
0.72
1.08
0.70
0.73
0.48
0.45
0.42
0.42
0.63
0.62
0.56
0.57
0.53
0.54
0.51
0.55
0.44
0.46
0.44
0.44
0.45
0.43
0.42
0.42
0.58
0.55
0.56
0.89
CorWatt	PkgWatt
16.63	128.46
0.50	128.45
0.50
0.47
0.58
0.76
1.37
0.79
0.80
0.41
0.44
0.38
0.43
0.59
0.59
0.55
0.53
0.45
0.46
0.46
0.49
0.38
0.42
0.40
0.39
0.36
0.36
0.37
0.36
0.52
0.52
0.51
0.50
CorWatt	PkgWatt
16.44	128.42
0.51	128.42
0.52
0.46
0.56
0.75
0.78
1.38
0.79
0.41
0.46
0.41
0.39
0.57
0.57
0.51
0.52
0.44
0.45
0.46
0.50
0.40
0.41
0.38
0.38
0.36
0.35
0.36
0.36
0.51
0.50
0.50
0.49
CorWatt	PkgWatt
16.32	128.39
0.51	128.38
0.51
0.49
0.58
0.76
1.39
0.80
0.79
0.40
0.44
0.38
0.39
0.57
0.55
0.49
0.50
0.45
0.46
0.45
0.49
0.38
0.41
0.38
0.38
0.35
0.35
0.35
0.35
0.51
0.50
0.50
0.50
CorWatt	PkgWatt
16.35	128.22
0.51	128.23
0.50
0.49
0.58
0.75
1.40
0.78
0.79
0.38
0.43
0.37
0.38
0.57
0.51
0.49
0.52
0.49
0.46
0.45
0.50
0.38
0.40
0.38
0.38
0.36
0.37
0.35
0.35
0.51
0.51
0.52
0.50
CorWatt	PkgWatt
17.49	129.22
0.51	129.22
0.51
0.49
0.58
0.87
0.90
1.06
1.66
0.40
0.45
0.42
0.42
0.60
0.55
0.52
0.51
0.49
0.47
0.46
0.49
0.39
0.42
0.39
0.39
0.38
0.36
0.38
0.38
0.52
0.50
0.50
0.52
CorWatt	PkgWatt
19.51	131.09
0.52	131.09
0.52
0.49
0.56
1.17
1.18
1.17
3.19
0.39
0.42
0.38
0.39
0.56
0.53
0.50
0.51
0.51
0.49
0.47
0.52
0.40
0.41
0.39
0.38
0.36
0.35
0.35
0.38
0.51
0.51
0.50
0.49
CorWatt	PkgWatt
19.56	131.39
0.53	131.39
0.52
0.49
0.56
1.22
1.23
1.22
3.19
0.38
0.45
0.40
0.38
0.56
0.50
0.50
0.50
0.50
0.46
0.46
0.50
0.40
0.42
0.40
0.39
0.35
0.35
0.36
0.36
0.51
0.50
0.50
0.50
CorWatt	PkgWatt
19.70	131.40
0.54	131.40
0.48
0.51
0.56
1.22
1.23
1.76
2.66
0.39
0.43
0.38
0.39
0.56
0.51
0.51
0.51
0.51
0.47
0.46
0.51
0.40
0.42
0.39
0.39
0.36
0.37
0.37
0.36
0.53
0.51
0.51
0.50
CorWatt	PkgWatt
19.83	131.53
0.54	131.54
0.48
0.52
0.58
1.22
1.23
3.19
1.23
0.38
0.47
0.40
0.39
0.56
0.50
0.49
0.50
0.50
0.47
0.46
0.50
0.40
0.42
0.39
0.39
0.37
0.39
0.37
0.36
0.57
0.54
0.53
0.50
CorWatt	PkgWatt
19.58	131.56
0.52	131.56
0.50
0.54
0.57
1.22
1.23
3.19
1.22
0.39
0.43
0.37
0.39
0.56
0.51
0.48
0.50
0.49
0.46
0.46
0.50
0.41
0.41
0.40
0.38
0.35
0.36
0.36
0.35
0.53
0.50
0.50
0.51
CorWatt	PkgWatt
19.37	131.32
0.52	131.32
0.49
0.51
0.56
1.17
1.18
3.20
1.18
0.38
0.43
0.37
0.38
0.56
0.50
0.49
0.50
0.51
0.47
0.45
0.51
0.39
0.42
0.40
0.38
0.35
0.35
0.35
0.35
0.51
0.49
0.50
0.50
CorWatt	PkgWatt
19.47	131.44
0.53	131.44
0.50
0.50
0.56
1.21
1.22
3.18
1.22
0.39
0.43
0.37
0.37
0.56
0.51
0.49
0.51
0.51
0.46
0.45
0.50
0.39
0.41
0.38
0.38
0.35
0.35
0.35
0.38
0.51
0.49
0.50
0.49
CorWatt	PkgWatt
19.86	131.75
0.51	131.76
0.52
0.51
0.56
1.22
1.23
3.18
1.22
0.39
0.44
0.38
0.42
0.57
0.50
0.51
0.51
0.51
0.49
0.46
0.50
0.39
0.43
0.42
0.40
0.37
0.38
0.39
0.40
0.51
0.52
0.51
0.51
CorWatt	PkgWatt
19.47	131.33
0.51	131.32
0.47
0.48
0.56
1.22
1.23
3.19
1.22
0.37
0.42
0.38
0.38
0.57
0.51
0.50
0.51
0.49
0.46
0.45
0.51
0.39
0.41
0.38
0.38
0.37
0.38
0.36
0.36
0.51
0.49
0.50
0.49
CorWatt	PkgWatt
19.45	131.23
0.53	131.23
0.50
0.49
0.56
1.19
1.20
1.29
3.10
0.39
0.45
0.38
0.38
0.56
0.50
0.48
0.51
0.49
0.46
0.45
0.50
0.39
0.42
0.41
0.40
0.35
0.35
0.35
0.35
0.51
0.49
0.50
0.51
CorWatt	PkgWatt
19.45	131.44
0.52	131.43
0.52
0.48
0.56
1.21
1.22
1.22
3.18
0.39
0.42
0.37
0.37
0.57
0.50
0.48
0.50
0.49
0.47
0.45
0.50
0.39
0.41
0.40
0.42
0.36
0.35
0.35
0.35
0.51
0.49
0.50
0.49
CorWatt	PkgWatt
19.30	130.74
0.58	130.78
0.59
0.53
0.59
0.89
0.87
0.94
1.86
0.47
0.48
0.45
0.42
0.62
0.56
0.56
0.57
0.54
0.52
0.54
0.52
0.41
0.51
0.41
0.41
0.45
0.45
0.48
0.48
0.68
0.62
0.67
0.63
