CorWatt	PkgWatt
4.36	151.30
0.08	76.26
0.08
0.08
0.09
0.08
0.08
0.08
0.08
0.08
0.08
0.07
0.08
0.07
0.07
0.07
0.07
0.08
0.08
0.08
0.08
0.09
0.09
0.08
0.08
0.08
0.08
0.08
0.08
0.08
0.08
0.08
0.07
0.06	75.17
0.06
0.06
0.06
0.06
0.07
0.06
0.06
0.05
0.05
0.05
0.05
0.05
0.05
0.05
0.05
0.06
0.06
0.05
0.06
0.06
0.07
0.06
0.06
0.06
0.06
0.05
0.05
0.05
0.05
0.05
0.06
CorWatt	PkgWatt
4.49	151.11
0.09	76.05
0.09
0.08
0.10
0.08
0.09
0.08
0.08
0.08
0.07
0.07
0.08
0.07
0.07
0.08
0.08
0.09
0.08
0.08
0.08
0.09
0.10
0.09
0.08
0.08
0.09
0.09
0.08
0.08
0.08
0.17
0.08
0.06	75.01
0.06
0.06
0.06
0.06
0.06
0.06
0.06
0.05
0.05
0.05
0.05
0.05
0.05
0.05
0.05
0.06
0.06
0.05
0.06
0.06
0.06
0.06
0.06
0.05
0.06
0.05
0.05
0.05
0.05
0.05
0.06
