CorWatt	PkgWatt
4.77	153.78
0.09	77.02
0.08
0.08
0.09
0.08
0.08
0.08
0.08
0.07
0.07
0.07
0.08
0.07
0.07
0.07
0.07
0.08
0.08
0.08
0.08
0.09
0.08
0.08
0.08
0.08
0.08
0.08
0.08
0.07
0.07
0.07
0.07
0.07	76.79
0.07
0.07
0.07
0.08
0.08
0.08
0.07
0.06
0.06
0.06
0.07
0.06
0.06
0.06
0.06
0.08
0.07
0.07
0.07
0.08
0.08
0.09
0.09
0.07
0.07
0.07
0.07
0.07
0.06
0.06
0.07
CorWatt	PkgWatt
4.42	151.13
0.08	75.54
0.08
0.08
0.08
0.07
0.07
0.07
0.07
0.06
0.06
0.06
0.06
0.06
0.06
0.06
0.07
0.07
0.07
0.07
0.07
0.09
0.08
0.08
0.08
0.07
0.07
0.07
0.07
0.06
0.06
0.07
0.06
0.07	75.61
0.07
0.06
0.07
0.07
0.07
0.10
0.06
0.06
0.06
0.06
0.07
0.06
0.06
0.06
0.07
0.08
0.07
0.06
0.07
0.07
0.07
0.07
0.07
0.06
0.09
0.06
0.06
0.06
0.06
0.06
0.06
