CorWatt	PkgWatt
10.83	160.35
0.10	75.97
0.09
0.09
0.09
0.08
0.08
0.08
0.08
0.08
0.07
0.07
0.08
0.07
0.07
0.08
0.07
0.08
0.08
0.08
0.08
0.10
0.08
0.08
0.08
0.08
0.07
0.07
0.08
0.07
0.07
0.07
0.07
0.13	84.34
0.13
0.13
0.13
0.14
0.14
0.14
0.14
0.13
0.13
0.13
0.13
0.12
0.13
0.12
0.12
0.18
0.18
0.18
4.09
0.14
0.14
0.14
0.14
0.13
0.13
0.13
0.13
0.13
0.13
0.13
0.13
CorWatt	PkgWatt
10.72	160.22
0.09	75.54
0.08
0.08
0.08
0.08
0.07
0.07
0.07
0.07
0.07
0.07
0.06
0.07
0.07
0.07
0.12
0.08
0.08
0.08
0.08
0.08
0.07
0.07
0.07
0.07
0.07
0.07
0.07
0.06
0.06
0.06
0.07
0.13	84.26
0.13
0.13
0.13
0.14
0.14
0.13
0.13
0.13
0.13
0.13
0.13
0.13
0.13
0.12
0.12
0.18
0.18
0.18
4.08
0.14
0.15
0.14
0.14
0.13
0.13
0.13
0.13
0.13
0.13
0.13
0.13
CorWatt	PkgWatt
17.67	182.70
0.37	88.84
0.20
0.23
0.15
0.27
0.27
0.12
0.15
0.12
0.29
0.23
0.13
0.11
0.11
0.25
0.32
0.13
0.14
0.29
0.30
0.14
0.26
0.18
0.22
0.30
0.25
0.11
0.11
0.32
0.31
0.32
0.55
0.17	93.96
0.21
0.17
0.23
0.23
0.30
0.21
0.23
0.17
0.21
0.20
0.30
0.17
0.17
0.17
0.21
0.19
0.19
0.19
4.02
0.19
0.19
0.37
0.18
0.18
0.21
0.18
0.19
0.19
0.19
0.17
0.27
CorWatt	PkgWatt
11.03	162.61
0.11	76.22
0.10
0.09
0.09
0.08
0.08
0.08
0.08
0.07
0.07
0.07
0.07
0.07
0.07
0.07
0.07
0.08
0.08
0.08
0.08
0.10
0.08
0.09
0.09
0.08
0.08
0.07
0.07
0.07
0.08
0.07
0.07
0.14	86.25
0.13
0.13
0.13
0.14
0.14
0.14
0.17
0.13
0.15
0.13
0.13
0.13
0.13
0.13
0.13
0.18
0.18
0.18
4.04
0.16
0.15
0.15
0.15
0.14
0.14
0.15
0.13
0.13
0.13
0.13
0.13
CorWatt	PkgWatt
10.74	160.18
0.09	75.77
0.09
0.08
0.08
0.08
0.08
0.08
0.08
0.07
0.07
0.07
0.07
0.07
0.06
0.07
0.06
0.08
0.08
0.08
0.08
0.09
0.08
0.08
0.08
0.07
0.07
0.07
0.07
0.07
0.07
0.07
0.07
0.13	84.47
0.13
0.13
0.13
0.14
0.14
0.14
0.14
0.13
0.14
0.13
0.13
0.13
0.13
0.13
0.13
0.18
0.18
0.18
4.09
0.14
0.14
0.14
0.14
0.13
0.13
0.13
0.13
0.13
0.13
0.13
0.13
CorWatt	PkgWatt
14.89	166.38
0.13	77.98
0.13
0.12
0.12
0.11
0.11
0.11
0.11
0.10
0.10
0.10
0.10
0.10
0.10
0.10
0.10
0.11
0.11
0.11
0.11
0.12
0.11
0.11
0.11
0.10
0.10
0.10
0.10
0.12
0.12
0.12
0.12
0.14	88.36
0.14
0.14
0.14
0.15
0.15
0.14
0.14
0.14
0.16
0.14
0.14
0.13
0.13
0.14
0.13
0.19
0.19
0.18
4.15
0.16
0.16
0.15
0.15
0.14
0.14
0.14
0.14
0.16
0.16
2.76
0.16
CorWatt	PkgWatt
17.12	168.36
0.10	76.77
0.09
0.09
0.09
0.08
0.09
0.08
0.09
0.08
0.08
0.07
0.07
0.07
0.07
0.07
0.07
0.09
0.09
0.09
0.09
0.10
0.08
0.09
0.09
0.08
0.08
0.08
0.08
0.07
0.07
0.07
0.07
0.14	91.54
0.14
0.14
0.14
0.15
0.14
0.14
0.15
0.13
0.14
0.14
0.14
0.13
0.13
0.13
0.13
0.19
0.19
0.18
4.21
0.15
0.16
0.15
0.15
0.14
0.14
0.14
0.14
0.18
0.19
5.81
0.19
CorWatt	PkgWatt
16.65	165.87
0.10	75.26
0.08
0.08
0.08
0.07
0.07
0.07
0.07
0.06
0.06
0.06
0.06
0.06
0.06
0.06
0.06
0.07
0.07
0.07
0.07
0.08
0.07
0.07
0.07
0.06
0.06
0.06
0.06
0.06
0.06
0.06
0.06
0.14	90.68
0.14
0.14
0.14
0.15
0.14
0.14
0.14
0.13
0.13
0.13
0.13
0.13
0.13
0.13
0.13
0.19
0.19
0.18
4.21
0.15
0.16
0.15
0.15
0.14
0.14
0.14
0.14
0.18
0.19
5.82
0.19
CorWatt	PkgWatt
16.81	166.33
0.09	75.57
0.08
0.08
0.08
0.07
0.07
0.08
0.07
0.07
0.07
0.06
0.06
0.07
0.06
0.06
0.06
0.08
0.08
0.08
0.08
0.09
0.07
0.07
0.07
0.07
0.07
0.07
0.07
0.06
0.06
0.06
0.06
0.14	90.67
0.14
0.14
0.14
0.15
0.14
0.14
0.15
0.13
0.13
0.13
0.13
0.13
0.13
0.13
0.13
0.19
0.19
0.18
4.21
0.15
0.16
0.15
0.15
0.14
0.14
0.14
0.14
0.18
0.19
5.83
0.19
CorWatt	PkgWatt
16.87	166.50
0.09	75.73
0.08
0.08
0.16
0.07
0.07
0.07
0.07
0.07
0.07
0.06
0.06
0.06
0.06
0.06
0.06
0.08
0.08
0.08
0.08
0.08
0.07
0.07
0.07
0.07
0.07
0.07
0.07
0.06
0.06
0.06
0.06
0.14	90.76
0.14
0.14
0.14
0.15
0.15
0.14
0.15
0.13
0.13
0.13
0.13
0.13
0.13
0.13
0.13
0.19
0.19
0.18
4.21
0.15
0.16
0.15
0.15
0.14
0.15
0.14
0.14
0.18
0.19
5.80
0.19
CorWatt	PkgWatt
16.72	165.85
0.08	75.31
0.08
0.08
0.08
0.07
0.07
0.07
0.07
0.06
0.06
0.06
0.06
0.06
0.06
0.06
0.06
0.07
0.07
0.07
0.07
0.08
0.07
0.07
0.07
0.06
0.06
0.06
0.06
0.06
0.06
0.06
0.06
0.14	90.68
0.14
0.14
0.14
0.15
0.14
0.14
0.14
0.13
0.13
0.13
0.13
0.13
0.13
0.13
0.13
0.19
0.19
0.18
4.21
0.15
0.16
0.15
0.15
0.14
0.14
0.14
0.14
0.18
0.19
5.83
0.19
CorWatt	PkgWatt
16.53	165.88
0.08	75.09
0.07
0.07
0.07
0.07
0.07
0.07
0.07
0.06
0.06
0.06
0.06
0.06
0.06
0.06
0.06
0.07
0.07
0.07
0.07
0.08
0.07
0.07
0.07
0.06
0.06
0.06
0.06
0.06
0.06
0.06
0.06
0.14	90.64
0.14
0.14
0.14
0.14
0.14
0.14
0.14
0.13
0.13
0.13
0.13
0.13
0.13
0.13
0.13
0.19
0.19
0.18
4.21
0.15
0.15
0.15
0.15
0.14
0.14
0.14
0.14
0.18
0.19
5.81
0.19
CorWatt	PkgWatt
17.12	166.65
0.10	75.96
0.09
0.09
0.09
0.08
0.08
0.08
0.08
0.07
0.07
0.07
0.07
0.07
0.07
0.07
0.07
0.09
0.09
0.09
0.12
0.10
0.08
0.08
0.10
0.07
0.07
0.07
0.07
0.07
0.07
0.07
0.07
0.14	90.77
0.14
0.14
0.14
0.15
0.14
0.14
0.14
0.13
0.13
0.13
0.14
0.13
0.13
0.13
0.13
0.19
0.19
0.18
4.21
0.15
0.16
0.15
0.15
0.14
0.14
0.14
0.14
0.18
0.19
5.85
0.20
CorWatt	PkgWatt
17.14	166.63
0.09	75.82
0.08
0.08
0.08
0.08
0.08
0.08
0.08
0.07
0.07
0.07
0.07
0.07
0.07
0.07
0.07
0.09
0.08
0.08
0.08
0.11
0.09
0.09
0.09
0.07
0.07
0.07
0.07
0.07
0.07
0.07
0.07
0.14	90.86
0.14
0.14
0.14
0.15
0.15
0.15
0.15
0.14
0.14
0.13
0.14
0.13
0.13
0.13
0.13
0.19
0.19
0.19
4.22
0.16
0.16
0.16
0.16
0.15
0.15
0.15
0.14
0.19
0.20
5.84
0.20
CorWatt	PkgWatt
16.72	166.03
0.08	75.27
0.08
0.08
0.08
0.07
0.07
0.07
0.07
0.06
0.06
0.06
0.06
0.06
0.06
0.06
0.06
0.07
0.07
0.08
0.07
0.08
0.07
0.07
0.07
0.06
0.06
0.06
0.06
0.06
0.06
0.06
0.06
0.14	90.78
0.14
0.14
0.14
0.15
0.14
0.14
0.14
0.13
0.13
0.13
0.13
0.13
0.13
0.13
0.13
0.19
0.19
0.18
4.22
0.15
0.16
0.15
0.15
0.14
0.14
0.14
0.14
0.19
0.20
5.84
0.20
CorWatt	PkgWatt
13.66	164.84
0.08	75.27
0.08
0.07
0.08
0.07
0.07
0.07
0.07
0.06
0.06
0.06
0.06
0.06
0.06
0.06
0.06
0.07
0.07
0.07
0.07
0.08
0.07
0.07
0.07
0.06
0.06
0.06
0.06
0.06
0.06
0.06
0.06
0.15	89.48
0.14
0.14
0.15
0.15
0.14
0.14
0.15
0.13
0.14
0.13
0.13
0.13
0.13
0.13
0.13
0.19
0.19
0.18
4.10
0.15
0.15
0.15
0.15
0.14
0.14
0.14
0.14
0.16
0.18
3.00
0.17
CorWatt	PkgWatt
10.83	162.12
0.09	75.91
0.08
0.08
0.08
0.08
0.08
0.08
0.08
0.07
0.07
0.07
0.07
0.06
0.06
0.06
0.06
0.08
0.08
0.08
0.08
0.09
0.08
0.11
0.08
0.07
0.07
0.08
0.07
0.07
0.07
0.07
0.07
0.14	86.24
0.13
0.13
0.15
0.15
0.14
0.14
0.15
0.13
0.16
0.13
0.14
0.13
0.13
0.13
0.13
0.18
0.19
0.18
4.04
0.14
0.15
0.14
0.14
0.13
0.13
0.13
0.13
0.13
0.13
0.13
0.13
CorWatt	PkgWatt
11.10	160.69
0.10	76.25
0.10
0.09
0.09
0.08
0.08
0.08
0.08
0.07
0.07
0.07
0.07
0.07
0.07
0.07
0.07
0.09
0.09
0.09
0.09
0.10
0.09
0.09
0.09
0.09
0.08
0.11
0.11
0.07
0.07
0.07
0.07
0.14	84.53
0.13
0.13
0.13
0.14
0.14
0.14
0.14
0.13
0.13
0.13
0.14
0.13
0.13
0.13
0.13
0.18
0.19
0.18
4.08
0.14
0.15
0.14
0.14
0.13
0.13
0.14
0.13
0.13
0.13
0.13
0.13
CorWatt	PkgWatt
13.62	163.12
0.09	75.65
0.09
0.08
0.09
0.07
0.08
0.07
0.07
0.07
0.07
0.06
0.06
0.06
0.06
0.06
0.06
0.08
0.08
0.08
0.08
0.09
0.07
0.07
0.08
0.10
0.07
0.07
0.07
0.07
0.07
0.07
0.07
0.14	87.34
0.14
0.14
0.15
0.15
0.14
0.14
0.14
0.14
0.13
0.13
0.15
0.13
0.13
0.13
0.13
0.19
0.19
0.18
4.14
0.17
0.17
0.17
2.75
0.14
0.13
0.14
0.13
0.14
0.13
0.14
0.14
CorWatt	PkgWatt
16.95	166.44
0.09	75.85
0.09
0.08
0.16
0.08
0.08
0.08
0.08
0.07
0.07
0.07
0.07
0.07
0.07
0.07
0.06
0.08
0.08
0.08
0.08
0.09
0.08
0.08
0.08
0.08
0.07
0.07
0.07
0.07
0.07
0.09
0.08
0.14	90.58
0.14
0.14
0.14
0.14
0.14
0.14
0.14
0.13
0.13
0.13
0.14
0.13
0.13
0.13
0.13
0.19
0.19
0.18
4.20
0.19
0.20
0.19
5.85
0.14
0.14
0.14
0.14
0.13
0.13
0.13
0.13
CorWatt	PkgWatt
16.98	166.46
0.09	75.85
0.09
0.08
0.09
0.08
0.08
0.08
0.08
0.07
0.07
0.07
0.07
0.07
0.07
0.07
0.07
0.08
0.08
0.08
0.08
0.09
0.08
0.08
0.08
0.08
0.08
0.08
0.07
0.08
0.08
0.08
0.09
0.14	90.71
0.14
0.14
0.14
0.15
0.14
0.14
0.14
0.13
0.13
0.13
0.14
0.13
0.13
0.13
0.13
0.19
0.19
0.18
4.20
0.19
0.20
0.19
5.82
0.14
0.14
0.14
0.14
0.13
0.13
0.14
0.13
CorWatt	PkgWatt
16.66	166.06
0.08	75.26
0.08
0.08
0.08
0.07
0.07
0.07
0.07
0.06
0.06
0.06
0.06
0.06
0.06
0.06
0.06
0.07
0.07
0.07
0.07
0.08
0.07
0.07
0.07
0.07
0.07
0.07
0.06
0.06
0.06
0.06
0.06
0.14	90.68
0.14
0.14
0.14
0.15
0.15
0.14
0.14
0.13
0.13
0.13
0.13
0.13
0.13
0.13
0.13
0.19
0.19
0.19
4.20
0.20
0.20
0.19
5.79
0.14
0.14
0.14
0.14
0.14
0.13
0.14
0.14
CorWatt	PkgWatt
16.65	165.95
0.08	75.31
0.08
0.08
0.08
0.07
0.07
0.07
0.07
0.06
0.06
0.06
0.06
0.06
0.06
0.06
0.06
0.08
0.08
0.08
0.07
0.08
0.07
0.07
0.07
0.07
0.07
0.07
0.07
0.06
0.06
0.06
0.06
0.15	90.64
0.14
0.14
0.14
0.15
0.14
0.14
0.14
0.13
0.13
0.13
0.13
0.13
0.13
0.13
0.13
0.19
0.19
0.18
4.20
0.19
0.20
0.19
5.84
0.14
0.14
0.14
0.14
0.14
0.13
0.14
0.13
CorWatt	PkgWatt
16.60	165.90
0.08	75.27
0.08
0.08
0.08
0.07
0.07
0.07
0.07
0.06
0.06
0.06
0.06
0.06
0.06
0.06
0.06
0.07
0.07
0.07
0.07
0.08
0.07
0.07
0.07
0.06
0.06
0.06
0.06
0.06
0.06
0.06
0.06
0.14	90.68
0.14
0.14
0.14
0.14
0.14
0.14
0.14
0.13
0.13
0.13
0.13
0.13
0.13
0.13
0.13
0.19
0.19
0.19
4.20
0.20
0.20
0.19
5.85
0.14
0.14
0.14
0.14
0.13
0.13
0.13
0.13
CorWatt	PkgWatt
14.46	167.34
0.09	77.21
0.08
0.08
0.08
0.07
0.07
0.07
0.07
0.06
0.06
0.06
0.06
0.06
0.06
0.06
0.06
0.08
0.08
0.08
0.08
0.09
0.07
0.07
0.07
0.07
0.07
0.07
0.07
0.06
0.06
0.06
0.06
0.15	90.11
0.14
0.14
0.14
0.15
0.14
0.14
0.15
0.13
0.13
0.13
0.13
0.13
0.13
0.13
0.13
0.18
0.17
0.16
2.05
0.19
0.20
0.19
5.78
0.15
0.14
0.14
0.14
0.14
0.13
0.14
0.14
CorWatt	PkgWatt
12.34	161.51
0.08	75.20
0.08
0.08
0.08
0.07
0.07
0.07
0.07
0.06
0.06
0.06
0.06
0.06
0.06
0.06
0.06
0.07
0.07
0.07
0.07
0.08
0.07
0.07
0.07
0.06
0.06
0.06
0.06
0.06
0.06
0.06
0.06
0.14	86.27
0.14
0.14
0.14
0.15
0.14
0.14
0.14
0.13
0.13
0.13
0.13
0.13
0.13
0.13
0.13
0.14
0.14
0.14
0.14
0.19
0.19
0.19
5.75
0.14
0.14
0.14
0.14
0.13
0.14
0.14
0.13
CorWatt	PkgWatt
12.26	161.41
0.08	75.32
0.08
0.08
0.08
0.07
0.07
0.07
0.07
0.06
0.06
0.06
0.06
0.06
0.06
0.06
0.06
0.07
0.07
0.07
0.07
0.08
0.07
0.07
0.07
0.06
0.06
0.06
0.06
0.06
0.06
0.06
0.06
0.14	86.19
0.14
0.14
0.14
0.15
0.14
0.14
0.14
0.13
0.13
0.13
0.13
0.13
0.13
0.13
0.13
0.14
0.14
0.14
0.14
0.19
0.19
0.19
5.72
0.14
0.14
0.14
0.14
0.13
0.13
0.14
0.13
CorWatt	PkgWatt
14.47	163.63
0.08	75.09
0.08
0.07
0.07
0.07
0.07
0.07
0.07
0.06
0.06
0.06
0.06
0.06
0.06
0.06
0.06
0.07
0.07
0.07
0.07
0.08
0.07
0.07
0.07
0.06
0.06
0.06
0.06
0.06
0.06
0.06
0.06
0.14	88.43
0.14
0.14
0.14
2.14
0.17
0.17
0.17
0.13
0.13
0.13
0.14
0.13
0.13
0.13
0.13
0.15
0.15
0.15
0.15
0.19
0.20
0.19
5.80
0.15
0.14
0.14
0.14
0.14
0.14
0.15
0.15
CorWatt	PkgWatt
13.63	162.77
0.08	75.31
0.08
0.08
0.08
0.07
0.07
0.07
0.07
0.06
0.06
0.06
0.06
0.06
0.06
0.06
0.06
0.08
0.08
0.08
0.07
0.08
0.07
0.07
0.07
0.07
0.07
0.06
0.06
0.06
0.06
0.06
0.06
0.15	87.55
0.14
0.14
0.14
3.91
0.19
0.19
0.20
0.13
0.13
0.13
0.14
0.13
0.13
0.13
0.13
0.15
0.15
0.14
0.15
0.18
0.18
0.17
3.02
0.15
0.15
0.14
0.14
0.14
0.14
0.15
0.15
CorWatt	PkgWatt
11.95	162.52
0.10	76.59
0.10
0.10
0.10
0.09
0.10
0.10
0.10
0.09
0.09
0.09
0.08
0.08
0.08
0.08
0.08
0.10
0.10
0.10
0.10
0.11
0.10
0.10
0.10
0.09
0.09
0.09
0.09
0.08
0.08
0.08
0.08
0.16	85.04
0.16
0.16
0.16
3.90
0.22
0.21
0.22
0.15
0.15
0.14
0.15
0.14
0.14
0.15
0.14
0.16
0.16
0.16
0.17
0.18
0.17
0.17
0.18
0.16
0.15
0.15
0.15
0.16
0.16
0.16
0.16
