CorWatt	PkgWatt
4.69	153.06
0.10	76.74
0.09
0.09
0.08
0.08
0.08
0.08
0.08
0.07
0.07
0.14
0.07
0.07
0.07
0.07
0.07
0.09
0.08
0.08
0.08
0.09
0.08
0.08
0.08
0.07
0.07
0.07
0.07
0.07
0.07
0.07
0.08
0.07	76.35
0.07
0.07
0.07
0.07
0.07
0.06
0.07
0.07
0.06
0.07
0.15
0.07
0.06
0.07
0.06
0.06
0.06
0.06
0.06
0.07
0.07
0.07
0.07
0.07
0.06
0.07
0.06
0.06
0.06
0.06
0.06
CorWatt	PkgWatt
4.69	152.60
0.10	76.47
0.09
0.09
0.09
0.09
0.08
0.08
0.09
0.07
0.07
0.11
0.07
0.07
0.08
0.07
0.07
0.08
0.08
0.08
0.09
0.09
0.08
0.09
0.08
0.08
0.08
0.07
0.08
0.07
0.07
0.07
0.09
0.07	76.03
0.06
0.07
0.06
0.06
0.06
0.06
0.06
0.06
0.06
0.06
0.06
0.06
0.06
0.06
0.06
0.06
0.06
0.06
0.06
0.07
0.07
0.07
0.07
0.07
0.07
0.09
0.06
0.06
0.06
0.06
0.06
CorWatt	PkgWatt
10.03	164.68
0.19	80.85
0.18
0.15
0.18
0.10
0.12
0.09
0.09
0.08
0.08
0.08
0.08
0.08
0.13
0.09
0.08
0.09
0.10
0.09
0.10
0.10
0.09
0.16
0.09
0.09
0.09
0.09
0.08
0.13
0.14
0.15
0.14
0.19	84.20
0.23
0.25
0.11
0.23
0.15
0.10
0.22
0.09
0.09
0.30
0.26
0.24
0.26
0.54
0.21
0.21
0.24
0.10
0.24
0.25
0.20
0.11
0.15
0.29
0.10
0.28
0.14
0.27
0.22
0.15
0.10
CorWatt	PkgWatt
4.46	151.64
0.09	75.69
0.08
0.08
0.08
0.08
0.08
0.08
0.08
0.07
0.07
0.07
0.07
0.07
0.07
0.07
0.07
0.08
0.08
0.08
0.08
0.09
0.08
0.08
0.08
0.07
0.07
0.07
0.07
0.07
0.07
0.07
0.08
0.07	75.54
0.06
0.06
0.06
0.06
0.06
0.06
0.06
0.06
0.06
0.06
0.06
0.06
0.06
0.06
0.06
0.06
0.06
0.06
0.07
0.07
0.07
0.07
0.07
0.08
0.07
0.07
0.07
0.06
0.06
0.06
0.06
