CorWatt	PkgWatt
5.59	154.00
0.11	77.18
0.10
0.09
0.09
0.09
0.08
0.09
0.08
0.08
0.11
0.08
0.08
0.10
0.08
0.08
0.07
0.10
0.09
0.09
0.09
0.10
0.10
0.09
0.09
0.09
0.09
0.08
0.09
0.08
0.08
0.08
0.08
0.09	76.87
0.09
0.09
0.09
0.09
0.09
0.09
0.09
0.08
0.08
0.08
0.09
0.07
0.07
0.07
0.07
0.09
0.09
0.08
0.17
0.09
0.09
0.09
0.09
0.09
0.09
0.09
0.08
0.08
0.08
0.08
0.09
CorWatt	PkgWatt
5.37	153.07
0.14	76.90
0.14
0.09
0.10
0.08
0.08
0.08
0.09
0.08
0.07
0.08
0.07
0.07
0.09
0.07
0.07
0.09
0.09
0.09
0.08
0.14
0.15
0.09
0.10
0.09
0.09
0.08
0.10
0.07
0.08
0.11
0.07
0.08	76.24
0.08
0.08
0.08
0.08
0.08
0.08
0.08
0.07
0.07
0.07
0.08
0.07
0.07
0.07
0.07
0.08
0.08
0.07
0.08
0.08
0.08
0.08
0.08
0.08
0.09
0.08
0.07
0.07
0.07
0.07
0.09
