CorWatt	PkgWatt
4.57	154.39
0.09	77.53
0.09
0.08
0.08
0.08
0.08
0.08
0.08
0.08
0.08
0.08
0.08
0.07
0.08
0.08
0.08
0.08
0.08
0.08
0.08
0.09
0.08
0.08
0.08
0.08
0.08
0.08
0.08
0.08
0.08
0.08
0.08
0.07	76.83
0.07
0.07
0.07
0.07
0.07
0.07
0.07
0.06
0.06
0.06
0.06
0.06
0.06
0.05
0.05
0.07
0.07
0.07
0.07
0.07
0.07
0.07
0.07
0.06
0.06
0.06
0.06
0.06
0.06
0.06
0.06
CorWatt	PkgWatt
4.63	151.52
0.09	76.11
0.08
0.08
0.09
0.08
0.09
0.09
0.08
0.08
0.08
0.07
0.09
0.07
0.08
0.08
0.09
0.08
0.09
0.08
0.08
0.09
0.08
0.09
0.08
0.08
0.08
0.08
0.13
0.08
0.08
0.08
0.12
0.07	75.38
0.06
0.06
0.07
0.07
0.07
0.08
0.07
0.05
0.05
0.05
0.05
0.05
0.05
0.05
0.05
0.07
0.07
0.07
0.07
0.07
0.07
0.07
0.07
0.06
0.06
0.06
0.06
0.05
0.05
0.05
0.05
CorWatt	PkgWatt
76.29	265.58
0.55	127.01
1.35
1.20
1.19
1.17
1.17
1.14
1.09
1.15
1.11
1.17
1.12
1.15
1.12
1.05
1.10
1.13
1.16
1.22
1.17
1.17
1.18
1.17
1.14
1.18
1.11
1.14
1.21
1.11
1.12
1.09
1.07
1.20	138.67
1.20
3.01
1.24
1.19
1.23
1.11
1.11
1.29
1.20
1.16
1.22
1.21
1.24
1.20
1.14
1.20
1.23
1.16
1.17
1.27
1.22
1.15
1.12
1.19
1.18
1.23
1.27
1.26
1.20
1.13
1.15
CorWatt	PkgWatt
157.68	379.13
0.38	185.10
2.68
2.66
2.60
2.53
2.53
2.36
2.35
2.50
2.46
2.43
2.46
2.50
2.48
2.32
2.28
2.49
2.47
2.49
2.47
2.45
2.46
2.28
2.29
2.48
2.44
2.46
2.42
2.41
2.44
2.24
2.23
2.59	194.26
2.55
3.84
2.55
2.57
2.54
2.35
2.34
2.61
2.59
2.56
2.60
2.62
2.58
2.39
2.39
2.55
2.52
2.53
2.54
2.57
2.58
2.37
2.37
2.58
2.54
2.57
2.56
2.57
2.56
2.37
2.28
CorWatt	PkgWatt
9.14	171.93
0.15	84.64
0.14
0.11
0.11
0.11
0.10
0.10
0.10
0.11
0.10
0.10
0.10
0.11
0.10
0.10
0.13
0.11
0.16
0.16
0.11
0.11
0.14
0.10
0.10
0.10
0.10
0.11
0.10
0.09
0.10
0.12
0.10
0.15	87.17
0.19
0.24
0.16
0.15
0.19
0.15
0.16
0.14
0.13
0.23
0.23
0.16
0.18
0.17
0.20
0.20
0.20
0.14
0.22
0.17
0.16
0.21
0.14
0.18
0.18
0.20
0.15
0.16
0.16
0.14
0.12
