CorWatt	PkgWatt
15.39	127.64
0.53	127.64
0.46
0.47
0.45
0.49
0.50
0.56
0.55
0.41
0.44
0.45
0.39
0.55
0.53
0.53
0.53
0.54
0.53
0.47
0.48
0.46
0.45
0.56
0.43
0.37
0.39
0.39
0.39
0.52
0.52
0.52
0.52
CorWatt	PkgWatt
14.90	127.26
0.50	127.23
0.44
0.47
0.45
0.49
0.50
0.58
0.53
0.43
0.43
0.41
0.38
0.51
0.51
0.49
0.52
0.53
0.49
0.47
0.47
0.47
0.43
0.43
0.48
0.37
0.36
0.37
0.37
0.52
0.50
0.50
0.50
CorWatt	PkgWatt
18.62	130.58
0.58	130.62
0.52
0.60
0.50
0.56
0.66
0.61
0.63
0.56
0.53
0.55
0.48
0.67
0.72
0.67
0.66
0.64
0.61
0.58
0.69
0.57
0.57
0.56
0.57
0.50
0.47
0.47
0.46
0.67
0.59
0.60
0.61
CorWatt	PkgWatt
14.83	127.16
0.49	127.13
0.45
0.45
0.45
0.49
0.54
0.49
0.48
0.43
0.43
0.40
0.38
0.50
0.58
0.49
0.51
0.54
0.50
0.50
0.54
0.46
0.42
0.40
0.39
0.38
0.38
0.38
0.38
0.52
0.50
0.50
0.50
CorWatt	PkgWatt
14.69	127.18
0.49	127.17
0.44
0.46
0.43
0.49
0.54
0.50
0.49
0.39
0.44
0.42
0.38
0.52
0.53
0.49
0.52
0.44
0.49
0.49
0.49
0.46
0.44
0.38
0.40
0.35
0.38
0.38
0.37
0.52
0.51
0.51
0.51
CorWatt	PkgWatt
14.86	127.14
0.49	127.13
0.44
0.47
0.44
0.49
0.54
0.49
0.49
0.41
0.44
0.43
0.39
0.51
0.53
0.51
0.51
0.51
0.48
0.53
0.56
0.46
0.41
0.39
0.41
0.37
0.36
0.38
0.37
0.52
0.51
0.52
0.50
