CorWatt	PkgWatt
7.75	163.30
0.14	82.66
0.13
0.13
0.13
0.13
0.13
0.13
0.13
0.11
0.11
0.11
0.11
0.11
0.11
0.11
0.11
0.13
0.13
0.13
0.13
0.14
0.13
0.13
0.13
0.13
0.12
0.12
0.13
0.11
0.11
0.12
0.11
0.12	80.75
0.12
0.11
0.11
0.13
0.13
0.13
0.13
0.11
0.11
0.11
0.11
0.11
0.20
0.11
0.11
0.12
0.12
0.11
0.12
0.12
0.12
0.13
0.12
0.11
0.11
0.11
0.11
0.11
0.11
0.11
0.12
CorWatt	PkgWatt
7.72	159.86
0.13	79.82
0.13
0.13
0.13
0.13
0.13
0.13
0.13
0.11
0.11
0.11
0.11
0.11
0.11
0.11
0.11
0.13
0.13
0.13
0.13
0.14
0.13
0.13
0.13
0.12
0.12
0.12
0.12
0.11
0.11
0.11
0.11
0.12	79.97
0.12
0.11
0.11
0.12
0.14
0.14
0.18
0.12
0.11
0.11
0.11
0.11
0.12
0.11
0.10
0.11
0.12
0.11
0.11
0.13
0.15
0.15
0.13
0.11
0.11
0.11
0.12
0.11
0.11
0.11
0.11
