CorWatt	PkgWatt
15.14	127.31
0.50	127.30
0.45
0.53
0.46
0.52
0.53
0.50
0.57
0.39
0.45
0.40
0.38
0.51
0.52
0.52
0.54
0.48
0.48
0.47
0.46
0.43
0.44
0.39
0.43
0.38
0.39
0.44
0.45
0.57
0.52
0.53
0.52
CorWatt	PkgWatt
15.84	127.66
0.54	127.65
0.50
0.56
0.50
0.54
0.57
0.51
0.56
0.40
0.47
0.42
0.41
0.54
0.56
0.57
0.56
0.51
0.51
0.48
0.49
0.41
0.46
0.42
0.47
0.38
0.42
0.43
0.40
0.58
0.58
0.56
0.53
CorWatt	PkgWatt
18.30	129.87
0.59	129.92
0.48
0.60
0.50
0.64
0.61
0.54
0.61
0.50
0.52
0.47
0.47
0.61
0.57
0.58
0.60
0.63
0.64
0.66
0.67
0.53
0.64
0.52
0.66
0.41
0.50
0.58
0.50
0.62
0.62
0.61
0.62
CorWatt	PkgWatt
15.20	127.25
0.52	127.22
0.46
0.53
0.46
0.52
0.52
0.51
0.49
0.43
0.44
0.38
0.38
0.50
0.51
0.50
0.51
0.47
0.55
0.48
0.50
0.42
0.54
0.46
0.52
0.35
0.35
0.44
0.40
0.53
0.50
0.51
0.49
CorWatt	PkgWatt
14.85	127.06
0.48	127.06
0.44
0.52
0.46
0.54
0.51
0.48
0.49
0.39
0.46
0.39
0.38
0.51
0.52
0.53
0.54
0.48
0.50
0.51
0.50
0.42
0.45
0.39
0.41
0.35
0.35
0.44
0.39
0.53
0.50
0.50
0.50
CorWatt	PkgWatt
15.12	127.19
0.49	127.19
0.45
0.51
0.45
0.53
0.56
0.49
0.50
0.42
0.48
0.41
0.41
0.52
0.51
0.51
0.53
0.48
0.53
0.55
0.47
0.44
0.46
0.42
0.43
0.37
0.36
0.44
0.39
0.52
0.51
0.51
0.50
CorWatt	PkgWatt
14.83	127.02
0.49	127.01
0.43
0.54
0.44
0.52
0.52
0.50
0.49
0.40
0.44
0.39
0.38
0.50
0.51
0.49
0.52
0.47
0.50
0.53
0.46
0.42
0.45
0.38
0.38
0.36
0.37
0.44
0.39
0.56
0.51
0.52
0.52
CorWatt	PkgWatt
14.75	126.93
0.47	126.94
0.44
0.52
0.44
0.53
0.56
0.49
0.49
0.38
0.43
0.40
0.39
0.52
0.50
0.51
0.51
0.47
0.51
0.54
0.45
0.40
0.44
0.39
0.44
0.35
0.35
0.44
0.39
0.52
0.50
0.50
0.49
CorWatt	PkgWatt
14.75	126.86
0.49	126.86
0.43
0.52
0.43
0.49
0.54
0.49
0.50
0.38
0.47
0.42
0.41
0.52
0.52
0.49
0.53
0.47
0.49
0.52
0.45
0.41
0.45
0.38
0.38
0.35
0.35
0.46
0.36
0.52
0.51
0.51
0.52
CorWatt	PkgWatt
14.51	126.74
0.48	126.74
0.43
0.46
0.45
0.49
0.56
0.48
0.47
0.38
0.43
0.38
0.37
0.50
0.50
0.49
0.51
0.46
0.49
0.54
0.45
0.39
0.43
0.38
0.38
0.35
0.35
0.44
0.36
0.59
0.50
0.50
0.51
CorWatt	PkgWatt
14.79	127.06
0.48	127.07
0.44
0.46
0.45
0.49
0.55
0.49
0.50
0.39
0.46
0.46
0.37
0.50
0.52
0.49
0.53
0.49
0.49
0.52
0.46
0.40
0.44
0.38
0.40
0.35
0.35
0.43
0.37
0.53
0.55
0.53
0.50
CorWatt	PkgWatt
14.40	126.71
0.48	126.70
0.43
0.45
0.45
0.49
0.53
0.48
0.47
0.38
0.43
0.39
0.37
0.50
0.50
0.49
0.52
0.48
0.49
0.52
0.45
0.40
0.43
0.38
0.38
0.35
0.36
0.45
0.35
0.51
0.51
0.50
0.49
CorWatt	PkgWatt
15.07	127.04
0.52	127.05
0.45
0.46
0.45
0.50
0.54
0.50
0.48
0.37
0.48
0.42
0.37
0.51
0.52
0.50
0.52
0.47
0.53
0.52
0.48
0.40
0.47
0.39
0.38
0.39
0.40
0.48
0.41
0.56
0.50
0.53
0.55
CorWatt	PkgWatt
14.70	127.02
0.52	127.01
0.44
0.45
0.49
0.49
0.51
0.49
0.48
0.38
0.43
0.39
0.37
0.54
0.50
0.48
0.52
0.48
0.55
0.52
0.45
0.41
0.45
0.38
0.41
0.35
0.39
0.45
0.40
0.51
0.50
0.50
0.49
CorWatt	PkgWatt
14.62	126.73
0.50	126.72
0.43
0.48
0.44
0.49
0.49
0.49
0.47
0.39
0.45
0.39
0.37
0.50
0.50
0.49
0.52
0.50
0.51
0.52
0.47
0.41
0.45
0.40
0.40
0.36
0.35
0.43
0.38
0.52
0.50
0.50
0.51
CorWatt	PkgWatt
14.56	126.77
0.50	126.77
0.45
0.44
0.43
0.50
0.50
0.48
0.49
0.37
0.44
0.40
0.38
0.50
0.50
0.49
0.53
0.50
0.49
0.52
0.47
0.41
0.43
0.38
0.40
0.35
0.35
0.43
0.37
0.57
0.50
0.50
0.50
CorWatt	PkgWatt
14.81	127.07
0.50	127.06
0.46
0.49
0.44
0.53
0.52
0.52
0.52
0.39
0.44
0.38
0.37
0.51
0.51
0.51
0.52
0.48
0.49
0.51
0.46
0.40
0.42
0.40
0.38
0.37
0.35
0.46
0.38
0.52
0.53
0.52
0.51
