CorWatt	PkgWatt
15.25	127.70
0.51	127.72
0.51
0.47
0.44
0.51
0.60
0.50
0.49
0.41
0.45
0.42
0.41
0.53
0.55
0.54
0.55
0.50
0.52
0.58
0.50
0.41
0.44
0.45
0.45
0.36
0.37
0.37
0.36
0.55
0.50
0.51
0.51
CorWatt	PkgWatt
15.21	127.22
0.52	127.67
0.48
0.46
0.44
0.49
0.58
0.50
0.49
0.45
0.45
0.44
0.42
0.52
0.55
0.55
0.56
0.50
0.51
0.49
0.50
0.41
0.45
0.42
0.44
0.37
0.38
0.39
0.39
0.54
0.51
0.51
0.52
CorWatt	PkgWatt
21.68	134.19
0.67	133.74
0.62
0.65
0.59
0.58
0.75
0.60
0.58
0.61
0.57
0.50
0.54
0.59
0.60
0.71
0.65
0.64
0.60
0.58
0.69
2.54
0.56
0.48
0.55
0.55
0.60
0.59
0.56
0.77
0.71
0.66
0.75
CorWatt	PkgWatt
16.99	129.14
0.58	129.11
0.53
0.50
0.56
0.50
0.57
0.50
0.49
0.44
0.47
0.43
0.41
0.50
0.52
0.51
0.52
0.92
0.71
0.71
1.04
0.54
0.40
0.41
0.45
0.38
0.41
0.39
0.40
0.54
0.54
0.52
0.59
CorWatt	PkgWatt
16.33	128.69
0.52	128.68
0.53
0.49
0.45
0.48
0.56
0.48
0.48
0.42
0.47
0.38
0.40
0.50
0.52
0.50
0.52
0.74
0.70
0.70
1.22
0.51
0.39
0.38
0.42
0.36
0.37
0.37
0.36
0.52
0.52
0.52
0.54
CorWatt	PkgWatt
17.79	129.69
0.56	129.74
0.52
0.52
0.51
0.55
0.63
0.57
0.56
0.48
0.53
0.45
0.47
0.53
0.54
0.54
0.53
0.88
0.75
0.84
1.05
0.52
0.41
0.40
0.46
0.42
0.42
0.44
0.43
0.58
0.58
0.55
0.58
CorWatt	PkgWatt
16.37	128.56
0.54	128.52
0.51
0.47
0.45
0.49
0.51
0.49
0.49
0.42
0.48
0.40
0.41
0.52
0.54
0.52
0.54
0.68
0.71
1.02
0.98
0.52
0.39
0.38
0.42
0.36
0.36
0.37
0.36
0.52
0.51
0.51
0.51
CorWatt	PkgWatt
16.50	128.84
0.52	128.84
0.49
0.47
0.48
0.49
0.51
0.49
0.50
0.41
0.48
0.41
0.43
0.50
0.51
0.51
0.53
0.72
0.69
1.18
0.96
0.51
0.38
0.39
0.43
0.39
0.35
0.36
0.38
0.52
0.50
0.50
0.51
CorWatt	PkgWatt
18.78	131.73
0.60	131.74
0.56
0.53
0.54
0.53
0.54
0.53
0.52
0.46
0.48
0.41
0.43
0.52
0.56
0.53
0.56
0.54
0.52
0.52
3.28
0.52
0.46
0.39
0.43
0.39
0.44
0.40
0.40
0.55
0.54
0.53
0.59
CorWatt	PkgWatt
18.00	131.08
0.56	131.07
0.49
0.51
0.51
0.50
0.53
0.51
0.50
0.41
0.46
0.42
0.41
0.55
0.56
0.54
0.53
0.48
0.49
0.49
3.29
0.49
0.40
0.40
0.43
0.36
0.36
0.39
0.37
0.53
0.51
0.51
0.52
CorWatt	PkgWatt
17.56	130.85
0.54	130.85
0.49
0.47
0.48
0.50
0.50
0.49
0.49
0.39
0.46
0.40
0.40
0.50
0.53
0.50
0.52
0.46
0.47
0.48
3.29
0.51
0.40
0.40
0.42
0.35
0.37
0.38
0.35
0.52
0.50
0.50
0.51
CorWatt	PkgWatt
17.42	130.75
0.54	130.75
0.48
0.46
0.46
0.50
0.51
0.49
0.48
0.38
0.44
0.38
0.40
0.51
0.52
0.50
0.51
0.46
0.47
0.48
3.29
0.50
0.40
0.40
0.43
0.35
0.35
0.36
0.35
0.51
0.50
0.50
0.49
CorWatt	PkgWatt
17.60	130.85
0.53	130.85
0.49
0.45
0.46
0.50
0.50
0.49
0.48
0.39
0.46
0.40
0.43
0.50
0.53
0.52
0.52
0.46
0.48
0.48
3.29
0.52
0.41
0.41
0.43
0.36
0.36
0.36
0.36
0.52
0.50
0.50
0.50
CorWatt	PkgWatt
17.85	130.86
0.54	130.86
0.49
0.48
0.49
0.51
0.52
0.50
0.49
0.39
0.43
0.44
0.42
0.50
0.52
0.50
0.52
0.47
0.50
0.49
3.29
0.50
0.40
0.41
0.43
0.41
0.36
0.37
0.37
0.55
0.54
0.51
0.53
CorWatt	PkgWatt
17.60	131.02
0.53	131.02
0.49
0.45
0.47
0.51
0.50
0.50
0.49
0.39
0.43
0.39
0.41
0.50
0.52
0.50
0.51
0.46
0.48
0.49
3.29
0.50
0.40
0.39
0.42
0.38
0.38
0.38
0.35
0.53
0.50
0.51
0.55
CorWatt	PkgWatt
17.66	130.82
0.53	130.82
0.49
0.50
0.48
0.50
0.50
0.50
0.49
0.40
0.43
0.39
0.41
0.50
0.51
0.52
0.52
0.47
0.48
0.49
3.29
0.52
0.42
0.42
0.43
0.35
0.36
0.38
0.36
0.51
0.50
0.50
0.50
CorWatt	PkgWatt
17.59	130.76
0.54	130.76
0.50
0.48
0.48
0.51
0.50
0.50
0.50
0.40
0.43
0.38
0.40
0.50
0.52
0.50
0.52
0.46
0.49
0.49
3.29
0.51
0.40
0.41
0.42
0.35
0.36
0.36
0.35
0.52
0.50
0.50
0.51
CorWatt	PkgWatt
17.83	131.17
0.55	131.18
0.49
0.52
0.48
0.52
0.52
0.52
0.49
0.39
0.46
0.38
0.44
0.50
0.52
0.50
0.52
0.48
0.48
0.48
3.29
0.50
0.41
0.42
0.44
0.37
0.36
0.37
0.36
0.54
0.51
0.51
0.51
CorWatt	PkgWatt
17.68	130.93
0.53	130.92
0.50
0.46
0.49
0.50
0.50
0.49
0.48
0.39
0.43
0.38
0.41
0.50
0.52
0.50
0.52
0.46
0.48
0.48
3.29
0.51
0.40
0.40
0.43
0.42
0.38
0.39
0.38
0.54
0.51
0.52
0.51
CorWatt	PkgWatt
17.54	130.83
0.54	130.82
0.50
0.47
0.49
0.50
0.50
0.50
0.49
0.39
0.43
0.38
0.40
0.50
0.51
0.50
0.52
0.46
0.47
0.48
3.29
0.50
0.40
0.40
0.42
0.38
0.35
0.36
0.36
0.52
0.50
0.50
0.50
CorWatt	PkgWatt
18.08	130.09
0.59	130.11
0.56
0.52
0.74
0.87
0.88
0.68
0.68
0.46
0.50
0.45
0.78
0.58
0.58
0.59
0.60
0.53
0.51
0.53
0.59
0.53
0.47
0.45
0.49
0.40
0.41
0.42
0.39
0.58
0.55
0.57
0.62
CorWatt	PkgWatt
17.08	129.31
0.52	129.30
0.51
0.46
0.56
1.33
0.88
1.08
0.86
0.41
0.43
0.40
0.43
0.51
0.53
0.53
0.53
0.47
0.47
0.47
0.50
0.40
0.41
0.42
0.43
0.36
0.38
0.38
0.37
0.53
0.52
0.52
0.51
CorWatt	PkgWatt
16.98	128.99
0.52	128.99
0.50
0.47
0.59
1.03
0.85
1.39
0.84
0.39
0.44
0.41
0.42
0.52
0.53
0.52
0.53
0.49
0.46
0.46
0.48
0.42
0.40
0.38
0.46
0.35
0.37
0.37
0.36
0.52
0.50
0.51
0.50
CorWatt	PkgWatt
16.84	129.06
0.50	129.06
0.52
0.47
0.57
0.96
0.87
1.45
0.84
0.38
0.46
0.45
0.42
0.50
0.51
0.50
0.52
0.45
0.47
0.47
0.47
0.39
0.38
0.39
0.42
0.36
0.35
0.38
0.36
0.52
0.50
0.50
0.50
CorWatt	PkgWatt
16.91	129.10
0.52	129.10
0.51
0.45
0.56
1.51
0.86
0.85
0.84
0.39
0.44
0.39
0.40
0.50
0.53
0.50
0.52
0.45
0.46
0.48
0.49
0.42
0.41
0.40
0.42
0.38
0.38
0.40
0.37
0.53
0.52
0.52
0.52
CorWatt	PkgWatt
16.90	128.96
0.51	128.96
0.51
0.47
0.57
1.28
0.87
1.10
0.85
0.40
0.45
0.39
0.41
0.50
0.52
0.50
0.52
0.46
0.47
0.47
0.48
0.40
0.39
0.39
0.42
0.40
0.36
0.37
0.37
0.52
0.51
0.51
0.52
CorWatt	PkgWatt
18.02	129.99
0.53	129.99
0.51
0.45
0.56
1.05
1.05
2.10
1.02
0.39
0.44
0.39
0.39
0.50
0.52
0.51
0.52
0.46
0.49
0.46
0.49
0.40
0.39
0.39
0.42
0.37
0.38
0.39
0.37
0.52
0.50
0.52
0.52
CorWatt	PkgWatt
19.80	131.88
0.52	131.87
0.50
0.46
0.56
1.34
1.35
3.11
1.33
0.41
0.44
0.38
0.40
0.52
0.52
0.51
0.52
0.49
0.46
0.47
0.47
0.40
0.39
0.41
0.42
0.35
0.35
0.36
0.35
0.51
0.50
0.50
0.49
CorWatt	PkgWatt
19.82	131.85
0.54	131.85
0.53
0.49
0.56
1.34
1.35
3.09
1.33
0.39
0.44
0.39
0.39
0.50
0.52
0.51
0.52
0.45
0.47
0.46
0.47
0.40
0.39
0.39
0.42
0.35
0.36
0.37
0.36
0.51
0.50
0.50
0.50
CorWatt	PkgWatt
19.86	131.94
0.53	131.95
0.49
0.47
0.56
1.34
1.35
3.09
1.33
0.38
0.43
0.38
0.40
0.50
0.52
0.51
0.53
0.49
0.49
0.46
0.48
0.40
0.39
0.40
0.43
0.37
0.36
0.37
0.36
0.52
0.50
0.51
0.50
CorWatt	PkgWatt
19.91	132.00
0.53	132.00
0.52
0.50
0.55
3.10
1.35
1.35
1.33
0.40
0.44
0.40
0.39
0.50
0.52
0.50
0.52
0.45
0.49
0.47
0.49
0.41
0.39
0.39
0.41
0.40
0.36
0.38
0.35
0.51
0.50
0.50
0.52
CorWatt	PkgWatt
19.89	131.93
0.53	131.92
0.51
0.46
0.57
1.44
1.35
3.01
1.33
0.38
0.44
0.39
0.41
0.50
0.53
0.52
0.52
0.45
0.46
0.47
0.48
0.40
0.40
0.40
0.42
0.35
0.37
0.39
0.38
0.52
0.50
0.51
0.50
CorWatt	PkgWatt
19.96	131.90
0.56	131.91
0.51
0.46
0.58
3.09
1.35
1.34
1.33
0.39
0.44
0.39
0.43
0.50
0.54
0.53
0.52
0.46
0.47
0.46
0.49
0.40
0.39
0.39
0.43
0.35
0.38
0.39
0.35
0.52
0.50
0.51
0.50
CorWatt	PkgWatt
20.23	132.08
0.54	132.08
0.51
0.49
0.57
3.08
1.35
1.35
1.33
0.41
0.44
0.44
0.42
0.50
0.52
0.50
0.52
0.46
0.48
0.47
0.47
0.42
0.39
0.41
0.44
0.39
0.38
0.41
0.39
0.53
0.55
0.53
0.54
CorWatt	PkgWatt
19.79	131.90
0.53	131.90
0.49
0.46
0.55
3.08
1.35
1.35
1.34
0.39
0.44
0.40
0.42
0.50
0.53
0.50
0.52
0.45
0.46
0.46
0.47
0.41
0.39
0.39
0.42
0.36
0.36
0.38
0.36
0.52
0.50
0.50
0.50
CorWatt	PkgWatt
19.86	131.85
0.53	131.86
0.50
0.46
0.58
1.34
1.35
3.10
1.33
0.40
0.44
0.38
0.42
0.52
0.53
0.54
0.52
0.45
0.46
0.46
0.47
0.39
0.39
0.39
0.42
0.35
0.35
0.37
0.36
0.53
0.51
0.50
0.50
CorWatt	PkgWatt
19.99	131.92
0.55	131.93
0.51
0.46
0.58
2.98
1.35
1.46
1.33
0.39
0.45
0.38
0.41
0.52
0.54
0.53
0.54
0.45
0.46
0.46
0.48
0.42
0.39
0.39
0.42
0.38
0.36
0.38
0.35
0.51
0.52
0.51
0.52
CorWatt	PkgWatt
19.41	131.50
0.56	131.48
0.52
0.50
0.60
1.04
1.07
2.07
1.01
0.43
0.49
0.44
0.43
0.54
0.54
0.57
0.58
0.51
0.53
0.51
0.54
0.45
0.43
0.43
0.77
0.40
0.41
0.44
0.40
0.56
0.54
0.54
0.54
CorWatt	PkgWatt
16.52	128.95
0.51	128.97
0.74
0.52
0.46
1.20
0.73
0.71
0.70
0.42
0.45
0.40
0.43
0.51
0.53
0.51
0.53
0.47
0.49
0.48
0.50
0.44
0.39
0.40
0.41
0.38
0.38
0.38
0.38
0.53
0.51
0.52
0.51
CorWatt	PkgWatt
16.33	128.43
0.54	128.43
0.56
0.54
0.49
1.15
0.76
0.74
0.73
0.38
0.47
0.43
0.43
0.54
0.55
0.55
0.53
0.45
0.47
0.47
0.48
0.43
0.38
0.38
0.39
0.35
0.35
0.39
0.36
0.51
0.50
0.50
0.51
CorWatt	PkgWatt
16.08	128.33
0.52	128.32
0.49
0.59
0.47
1.13
0.77
0.74
0.73
0.40
0.44
0.39
0.42
0.50
0.55
0.50
0.52
0.45
0.46
0.46
0.49
0.42
0.38
0.38
0.39
0.38
0.37
0.36
0.35
0.51
0.50
0.50
0.51
CorWatt	PkgWatt
16.07	128.35
0.51	128.35
0.48
0.55
0.45
1.00
0.94
0.75
0.73
0.40
0.45
0.39
0.41
0.50
0.52
0.50
0.53
0.46
0.47
0.46
0.48
0.42
0.39
0.40
0.39
0.36
0.36
0.37
0.36
0.52
0.51
0.51
0.50
CorWatt	PkgWatt
16.04	128.50
0.50	128.50
0.50
0.56
0.45
1.04
0.91
0.73
0.72
0.38
0.46
0.40
0.41
0.50
0.52
0.51
0.52
0.45
0.46
0.46
0.47
0.44
0.38
0.38
0.38
0.42
0.36
0.36
0.35
0.51
0.50
0.50
0.51
CorWatt	PkgWatt
18.79	133.57
0.53	133.57
0.52
0.60
0.49
4.39
0.53
0.51
0.49
0.39
0.43
0.44
0.42
0.52
0.51
0.52
0.52
0.45
0.47
0.46
0.47
0.42
0.39
0.39
0.39
0.37
0.35
0.36
0.36
0.54
0.54
0.50
0.52
CorWatt	PkgWatt
18.71	133.65
0.53	133.66
0.49
0.57
0.46
4.43
0.53
0.51
0.50
0.38
0.43
0.38
0.40
0.50
0.53
0.51
0.53
0.45
0.46
0.46
0.48
0.42
0.39
0.38
0.39
0.39
0.37
0.37
0.35
0.55
0.50
0.53
0.53
CorWatt	PkgWatt
18.76	133.81
0.53	133.81
0.47
0.60
0.47
4.43
0.54
0.51
0.50
0.39
0.43
0.38
0.41
0.50
0.52
0.50
0.52
0.48
0.48
0.46
0.49
0.45
0.42
0.41
0.39
0.36
0.36
0.37
0.36
0.52
0.51
0.51
0.50
CorWatt	PkgWatt
18.99	133.96
0.55	133.96
0.48
0.59
0.48
4.43
0.54
0.52
0.52
0.41
0.44
0.38
0.42
0.51
0.53
0.51
0.52
0.46
0.48
0.48
0.49
0.44
0.40
0.40
0.40
0.42
0.38
0.39
0.36
0.52
0.51
0.52
0.52
CorWatt	PkgWatt
18.70	133.70
0.54	133.71
0.46
0.61
0.46
4.42
0.55
0.53
0.50
0.38
0.44
0.38
0.42
0.50
0.51
0.50
0.52
0.46
0.46
0.46
0.47
0.42
0.40
0.41
0.41
0.36
0.35
0.37
0.35
0.51
0.50
0.51
0.53
CorWatt	PkgWatt
18.74	133.63
0.53	133.63
0.51
0.57
0.46
4.42
0.54
0.50
0.50
0.39
0.42
0.38
0.41
0.51
0.53
0.50
0.51
0.45
0.47
0.46
0.48
0.43
0.39
0.39
0.39
0.41
0.38
0.38
0.38
0.51
0.51
0.51
0.51
CorWatt	PkgWatt
18.78	133.90
0.55	133.90
0.51
0.57
0.49
4.43
0.53
0.52
0.50
0.39
0.44
0.39
0.42
0.50
0.52
0.51
0.52
0.46
0.47
0.47
0.48
0.42
0.40
0.40
0.41
0.36
0.36
0.37
0.37
0.52
0.51
0.51
0.51
CorWatt	PkgWatt
18.63	133.72
0.53	133.71
0.50
0.56
0.46
4.43
0.53
0.50
0.49
0.39
0.44
0.40
0.40
0.50
0.52
0.51
0.52
0.45
0.46
0.46
0.48
0.42
0.40
0.41
0.39
0.35
0.36
0.37
0.36
0.51
0.50
0.50
0.51
CorWatt	PkgWatt
18.71	133.78
0.53	133.79
0.49
0.57
0.46
4.43
0.55
0.54
0.53
0.38
0.43
0.38
0.41
0.50
0.52
0.53
0.51
0.45
0.46
0.47
0.48
0.42
0.41
0.41
0.39
0.35
0.36
0.36
0.36
0.52
0.50
0.50
0.50
CorWatt	PkgWatt
19.51	134.59
0.56	134.61
0.50
0.61
0.52
4.43
0.57
0.53
0.55
0.43
0.46
0.42
0.44
0.55
0.55
0.52
0.52
0.49
0.49
0.49
0.51
0.47
0.40
0.41
0.42
0.43
0.39
0.36
0.38
0.53
0.54
0.53
0.52
CorWatt	PkgWatt
18.91	133.99
0.53	133.97
0.52
0.56
0.47
4.43
0.54
0.51
0.51
0.39
0.44
0.43
0.42
0.52
0.52
0.52
0.52
0.47
0.49
0.47
0.48
0.43
0.40
0.40
0.40
0.37
0.36
0.37
0.38
0.52
0.51
0.51
0.54
CorWatt	PkgWatt
18.90	133.91
0.53	133.92
0.51
0.57
0.46
4.43
0.53
0.50
0.51
0.40
0.42
0.40
0.40
0.50
0.52
0.50
0.52
0.45
0.47
0.48
0.50
0.43
0.41
0.41
0.39
0.42
0.39
0.40
0.37
0.53
0.52
0.52
0.52
CorWatt	PkgWatt
18.28	131.06
0.60	131.07
0.56
0.63
0.75
1.20
0.89
0.66
0.62
0.46
0.49
0.44
0.79
0.59
0.59
0.60
0.60
0.50
0.51
0.52
0.52
0.47
0.45
0.44
0.45
0.42
0.43
0.43
0.43
0.57
0.55
0.56
0.57
CorWatt	PkgWatt
16.67	129.00
0.51	128.99
0.50
0.53
0.58
0.75
0.89
1.18
0.73
0.41
0.44
0.39
0.40
0.51
0.53
0.52
0.53
0.48
0.49
0.47
0.51
0.44
0.41
0.40
0.40
0.40
0.39
0.38
0.39
0.53
0.52
0.53
0.54
CorWatt	PkgWatt
16.34	128.74
0.53	128.74
0.47
0.51
0.58
0.74
1.19
0.81
0.73
0.41
0.44
0.40
0.40
0.51
0.52
0.52
0.53
0.48
0.47
0.48
0.47
0.43
0.39
0.41
0.39
0.36
0.36
0.37
0.37
0.53
0.52
0.51
0.51
CorWatt	PkgWatt
16.22	128.89
0.53	128.89
0.52
0.54
0.57
0.74
1.22
0.74
0.72
0.39
0.44
0.40
0.40
0.50
0.52
0.50
0.52
0.45
0.47
0.47
0.47
0.42
0.39
0.38
0.39
0.38
0.37
0.37
0.36
0.52
0.50
0.50
0.51
CorWatt	PkgWatt
16.14	128.81
0.52	128.81
0.47
0.50
0.57
0.72
1.13
0.86
0.74
0.38
0.43
0.40
0.40
0.51
0.52
0.50
0.52
0.47
0.48
0.47
0.48
0.42
0.38
0.39
0.39
0.38
0.36
0.37
0.36
0.51
0.50
0.50
0.51
CorWatt	PkgWatt
16.44	129.09
0.52	129.09
0.50
0.52
0.57
0.72
1.17
1.11
0.71
0.38
0.43
0.38
0.38
0.50
0.52
0.51
0.52
0.45
0.49
0.46
0.49
0.43
0.39
0.38
0.39
0.38
0.36
0.36
0.35
0.53
0.52
0.50
0.51
CorWatt	PkgWatt
18.04	130.81
0.54	130.81
0.47
0.50
0.57
0.62
0.70
3.20
0.61
0.39
0.43
0.39
0.39
0.50
0.54
0.54
0.52
0.47
0.47
0.48
0.48
0.42
0.39
0.39
0.39
0.37
0.39
0.39
0.39
0.53
0.51
0.53
0.51
CorWatt	PkgWatt
17.92	130.92
0.55	130.92
0.47
0.51
0.57
0.63
0.68
3.17
0.62
0.39
0.43
0.41
0.41
0.50
0.53
0.52
0.52
0.45
0.49
0.46
0.49
0.42
0.39
0.39
0.39
0.36
0.39
0.38
0.36
0.52
0.50
0.51
0.51
CorWatt	PkgWatt
18.14	130.98
0.55	130.98
0.47
0.55
0.58
0.62
0.68
3.17
0.62
0.40
0.43
0.44
0.40
0.50
0.51
0.50
0.52
0.46
0.48
0.47
0.47
0.44
0.40
0.41
0.41
0.39
0.38
0.40
0.38
0.53
0.55
0.52
0.54
CorWatt	PkgWatt
17.82	130.74
0.54	130.73
0.45
0.52
0.56
0.63
0.86
3.01
0.63
0.40
0.44
0.39
0.38
0.50
0.52
0.50
0.52
0.45
0.46
0.46
0.47
0.43
0.39
0.39
0.39
0.38
0.36
0.37
0.35
0.52
0.50
0.50
0.52
CorWatt	PkgWatt
18.04	130.70
0.55	130.69
0.45
0.51
0.58
0.62
3.20
0.66
0.62
0.41
0.44
0.40
0.42
0.52
0.53
0.54
0.52
0.46
0.49
0.47
0.48
0.42
0.39
0.39
0.40
0.37
0.36
0.37
0.36
0.55
0.52
0.51
0.52
CorWatt	PkgWatt
17.93	130.86
0.55	130.86
0.48
0.52
0.57
0.62
3.17
0.65
0.62
0.39
0.45
0.39
0.38
0.52
0.54
0.53
0.55
0.45
0.47
0.46
0.48
0.44
0.39
0.38
0.39
0.38
0.37
0.37
0.36
0.52
0.51
0.50
0.52
CorWatt	PkgWatt
17.88	130.55
0.56	130.55
0.46
0.53
0.58
0.62
0.70
3.17
0.62
0.41
0.44
0.40
0.38
0.51
0.52
0.52
0.53
0.45
0.46
0.46
0.47
0.42
0.39
0.39
0.39
0.37
0.36
0.37
0.36
0.52
0.51
0.50
0.50
CorWatt	PkgWatt
17.88	130.64
0.55	130.64
0.46
0.53
0.56
0.62
0.77
3.10
0.62
0.39
0.43
0.38
0.39
0.50
0.52
0.50
0.51
0.45
0.47
0.46
0.48
0.43
0.39
0.38
0.39
0.38
0.38
0.39
0.38
0.52
0.51
0.51
0.51
CorWatt	PkgWatt
18.23	131.03
0.58	131.04
0.50
0.52
0.59
0.62
1.39
2.52
0.62
0.41
0.46
0.43
0.41
0.54
0.56
0.55
0.52
0.46
0.48
0.46
0.48
0.43
0.40
0.39
0.39
0.36
0.36
0.39
0.36
0.52
0.51
0.51
0.53
CorWatt	PkgWatt
17.80	130.47
0.56	130.47
0.51
0.50
0.57
0.63
3.17
0.67
0.62
0.39
0.43
0.39
0.39
0.50
0.53
0.50
0.52
0.45
0.46
0.47
0.49
0.43
0.39
0.39
0.39
0.36
0.36
0.37
0.36
0.52
0.50
0.50
0.51
CorWatt	PkgWatt
17.68	130.48
0.55	130.47
0.50
0.47
0.58
0.62
3.17
0.66
0.62
0.38
0.43
0.39
0.40
0.50
0.51
0.50
0.51
0.45
0.46
0.46
0.48
0.42
0.38
0.39
0.39
0.36
0.36
0.36
0.35
0.51
0.50
0.50
0.50
CorWatt	PkgWatt
17.15	129.87
0.62	129.87
0.49
0.53
0.46
0.59
2.44
0.63
0.60
0.40
0.44
0.40
0.47
0.51
0.52
0.53
0.52
0.45
0.46
0.46
0.48
0.46
0.39
0.39
0.39
0.37
0.37
0.36
0.36
0.53
0.51
0.50
0.51
CorWatt	PkgWatt
18.50	130.61
0.58	130.62
0.58
0.61
0.55
0.57
0.61
0.57
0.56
0.46
0.53
0.72
0.69
0.92
0.75
0.75
1.08
0.51
0.53
0.51
0.52
0.48
0.44
0.45
0.45
0.46
0.43
0.43
0.42
0.61
0.59
0.56
0.58
CorWatt	PkgWatt
16.29	128.67
0.50	128.66
0.47
0.51
0.46
0.51
0.57
0.49
0.49
0.40
0.44
0.51
0.40
1.28
0.76
0.74
0.78
0.45
0.46
0.46
0.47
0.43
0.39
0.38
0.39
0.39
0.38
0.37
0.36
0.52
0.51
0.50
0.52
CorWatt	PkgWatt
16.29	128.59
0.50	128.59
0.48
0.52
0.46
0.49
0.56
0.49
0.48
0.39
0.43
0.51
0.41
1.32
0.76
0.74
0.78
0.47
0.48
0.46
0.48
0.44
0.40
0.40
0.38
0.35
0.36
0.37
0.36
0.51
0.50
0.50
0.50
CorWatt	PkgWatt
16.35	128.74
0.52	128.74
0.47
0.52
0.48
0.49
0.55
0.49
0.50
0.40
0.43
0.49
0.40
1.10
0.76
0.74
1.08
0.45
0.48
0.46
0.48
0.43
0.38
0.38
0.38
0.36
0.36
0.37
0.35
0.52
0.50
0.50
0.51
CorWatt	PkgWatt
16.70	128.90
0.51	128.90
0.47
0.55
0.46
0.52
0.55
0.51
0.50
0.40
0.46
0.49
0.41
1.31
0.76
0.75
0.85
0.48
0.49
0.47
0.48
0.43
0.41
0.41
0.41
0.38
0.38
0.38
0.38
0.53
0.52
0.52
0.52
CorWatt	PkgWatt
17.54	130.38
0.51	130.39
0.48
0.51
0.46
0.49
0.51
0.48
0.48
0.40
0.43
0.49
0.42
3.01
0.57
0.57
0.62
0.45
0.48
0.47
0.48
0.43
0.38
0.38
0.38
0.43
0.40
0.38
0.38
0.52
0.52
0.51
0.51
CorWatt	PkgWatt
17.55	130.69
0.54	130.68
0.51
0.47
0.48
0.49
0.51
0.49
0.48
0.39
0.44
0.48
0.40
3.41
0.52
0.50
0.54
0.45
0.46
0.46
0.47
0.42
0.38
0.38
0.38
0.36
0.36
0.37
0.36
0.52
0.51
0.50
0.51
CorWatt	PkgWatt
17.61	130.83
0.52	130.82
0.49
0.47
0.46
0.49
0.50
0.48
0.48
0.40
0.44
0.49
0.39
3.41
0.52
0.50
0.55
0.45
0.46
0.46
0.48
0.43
0.40
0.41
0.38
0.37
0.36
0.37
0.37
0.52
0.50
0.50
0.55
CorWatt	PkgWatt
17.76	130.78
0.52	130.78
0.50
0.47
0.46
0.49
0.53
0.53
0.53
0.39
0.43
0.47
0.40
3.41
0.54
0.53
0.54
0.45
0.46
0.47
0.48
0.42
0.41
0.41
0.39
0.37
0.37
0.38
0.37
0.52
0.51
0.51
0.51
CorWatt	PkgWatt
17.68	130.73
0.53	130.73
0.48
0.49
0.49
0.49
0.51
0.49
0.50
0.40
0.42
0.50
0.39
3.41
0.53
0.53
0.55
0.47
0.46
0.46
0.48
0.43
0.39
0.38
0.41
0.36
0.36
0.37
0.36
0.53
0.50
0.50
0.51
CorWatt	PkgWatt
17.59	130.68
0.53	130.69
0.49
0.48
0.45
0.49
0.50
0.48
0.49
0.39
0.48
0.48
0.40
3.41
0.53
0.51
0.54
0.45
0.47
0.46
0.47
0.41
0.38
0.39
0.38
0.37
0.36
0.39
0.37
0.53
0.52
0.50
0.50
CorWatt	PkgWatt
17.80	130.85
0.53	130.85
0.49
0.48
0.46
0.49
0.50
0.48
0.50
0.39
0.43
0.49
0.39
3.41
0.53
0.51
0.54
0.45
0.46
0.47
0.48
0.42
0.41
0.40
0.39
0.41
0.38
0.40
0.37
0.54
0.53
0.54
0.53
CorWatt	PkgWatt
17.76	130.82
0.54	130.82
0.45
0.51
0.46
0.51
0.52
0.51
0.50
0.39
0.44
0.50
0.40
3.41
0.53
0.51
0.54
0.46
0.46
0.47
0.47
0.42
0.40
0.39
0.39
0.38
0.36
0.37
0.39
0.52
0.51
0.52
0.51
CorWatt	PkgWatt
17.69	130.83
0.53	130.83
0.45
0.52
0.46
0.49
0.51
0.49
0.48
0.40
0.43
0.49
0.39
3.41
0.52
0.51
0.54
0.46
0.48
0.46
0.50
0.42
0.38
0.38
0.39
0.38
0.38
0.38
0.37
0.52
0.50
0.52
0.57
CorWatt	PkgWatt
17.63	130.69
0.53	130.69
0.45
0.51
0.46
0.50
0.50
0.48
0.48
0.39
0.47
0.48
0.40
3.41
0.52
0.52
0.54
0.47
0.46
0.46
0.47
0.42
0.38
0.40
0.39
0.39
0.37
0.37
0.36
0.52
0.50
0.51
0.51
CorWatt	PkgWatt
17.62	130.76
0.55	130.76
0.47
0.52
0.51
0.49
0.50
0.49
0.49
0.39
0.44
0.49
0.39
3.41
0.53
0.51
0.54
0.45
0.47
0.46
0.47
0.42
0.38
0.39
0.38
0.36
0.36
0.37
0.36
0.52
0.51
0.50
0.51
CorWatt	PkgWatt
17.70	130.72
0.54	130.72
0.45
0.49
0.51
0.49
0.50
0.49
0.52
0.40
0.44
0.47
0.40
3.41
0.53
0.51
0.54
0.47
0.49
0.47
0.48
0.42
0.39
0.39
0.39
0.37
0.36
0.37
0.36
0.52
0.51
0.51
0.51
CorWatt	PkgWatt
18.60	131.03
0.59	131.05
0.52
0.76
0.56
0.58
0.77
0.60
0.58
0.47
0.50
0.56
0.47
1.41
0.59
0.59
0.63
0.53
0.56
0.52
0.58
0.80
0.46
0.45
0.47
0.50
0.43
0.43
0.42
0.58
0.57
0.56
0.57
CorWatt	PkgWatt
17.16	129.24
0.53	129.23
0.50
0.52
0.54
0.85
1.06
1.40
0.84
0.40
0.44
0.40
0.40
0.52
0.55
0.54
0.52
0.46
0.46
0.49
0.49
0.40
0.40
0.39
0.43
0.40
0.38
0.39
0.38
0.53
0.52
0.52
0.51
CorWatt	PkgWatt
16.95	129.09
0.53	129.09
0.50
0.47
0.56
0.85
0.90
1.54
0.84
0.41
0.44
0.42
0.41
0.52
0.52
0.52
0.53
0.45
0.48
0.46
0.50
0.40
0.39
0.38
0.42
0.36
0.38
0.38
0.36
0.51
0.51
0.50
0.52
CorWatt	PkgWatt
17.35	129.47
0.55	129.48
0.51
0.49
0.58
0.85
0.97
1.48
0.84
0.41
0.48
0.40
0.41
0.51
0.52
0.50
0.53
0.47
0.48
0.47
0.48
0.41
0.39
0.42
0.44
0.38
0.38
0.41
0.40
0.53
0.57
0.52
0.55
CorWatt	PkgWatt
16.75	128.89
0.55	128.88
0.47
0.46
0.56
0.86
0.91
1.53
0.85
0.41
0.43
0.38
0.39
0.51
0.53
0.50
0.52
0.45
0.47
0.46
0.48
0.40
0.38
0.38
0.42
0.35
0.36
0.36
0.35
0.52
0.50
0.50
0.51
CorWatt	PkgWatt
16.88	129.05
0.54	129.05
0.46
0.45
0.57
0.84
0.90
1.53
0.84
0.40
0.44
0.39
0.43
0.52
0.53
0.56
0.52
0.45
0.47
0.46
0.48
0.40
0.39
0.39
0.41
0.35
0.35
0.36
0.36
0.53
0.53
0.52
0.51
CorWatt	PkgWatt
17.25	129.58
0.57	129.59
0.47
0.46
0.57
0.91
1.19
1.50
0.90
0.39
0.45
0.39
0.39
0.53
0.54
0.52
0.53
0.45
0.47
0.46
0.49
0.42
0.39
0.39
0.42
0.39
0.36
0.36
0.35
0.52
0.50
0.50
0.51
CorWatt	PkgWatt
20.17	132.06
0.57	132.05
0.49
0.48
0.58
1.34
1.35
2.24
2.22
0.42
0.45
0.41
0.40
0.52
0.52
0.53
0.53
0.46
0.47
0.47
0.47
0.40
0.40
0.40
0.43
0.40
0.38
0.38
0.37
0.53
0.52
0.51
0.52
CorWatt	PkgWatt
19.80	131.94
0.58	131.94
0.47
0.47
0.57
1.34
1.36
3.11
1.33
0.39
0.44
0.39
0.39
0.51
0.52
0.50
0.52
0.45
0.48
0.46
0.48
0.40
0.39
0.39
0.42
0.35
0.36
0.38
0.36
0.51
0.50
0.50
0.51
CorWatt	PkgWatt
20.01	132.25
0.58	132.25
0.46
0.48
0.59
1.34
1.36
3.10
1.33
0.39
0.45
0.43
0.41
0.54
0.55
0.53
0.52
0.45
0.47
0.46
0.48
0.39
0.39
0.39
0.42
0.35
0.36
0.38
0.37
0.52
0.51
0.50
0.52
CorWatt	PkgWatt
19.87	132.01
0.57	132.01
0.48
0.48
0.57
1.34
1.36
2.91
1.54
0.40
0.43
0.39
0.39
0.51
0.53
0.50
0.52
0.45
0.46
0.46
0.50
0.41
0.39
0.39
0.42
0.35
0.36
0.37
0.36
0.51
0.50
0.51
0.51
CorWatt	PkgWatt
19.93	132.11
0.57	132.10
0.49
0.46
0.55
1.34
1.36
3.13
1.34
0.39
0.43
0.39
0.39
0.51
0.52
0.50
0.53
0.47
0.47
0.47
0.48
0.39
0.39
0.41
0.42
0.36
0.36
0.38
0.36
0.52
0.51
0.51
0.52
CorWatt	PkgWatt
19.89	132.00
0.55	132.01
0.46
0.47
0.56
1.35
1.35
1.35
3.10
0.41
0.44
0.40
0.39
0.51
0.52
0.52
0.52
0.47
0.46
0.46
0.48
0.42
0.40
0.38
0.42
0.38
0.36
0.36
0.36
0.51
0.50
0.50
0.51
CorWatt	PkgWatt
20.11	132.33
0.56	132.34
0.48
0.48
0.60
1.35
1.35
1.35
3.09
0.41
0.47
0.40
0.40
0.50
0.51
0.50
0.52
0.46
0.47
0.47
0.47
0.40
0.39
0.39
0.42
0.37
0.39
0.40
0.36
0.56
0.54
0.52
0.53
CorWatt	PkgWatt
19.82	132.15
0.53	132.14
0.45
0.47
0.58
1.35
1.36
2.87
1.58
0.40
0.43
0.38
0.39
0.51
0.52
0.50
0.52
0.46
0.46
0.46
0.48
0.41
0.40
0.40
0.43
0.36
0.36
0.37
0.35
0.52
0.50
0.50
0.51
CorWatt	PkgWatt
19.98	132.13
0.53	132.12
0.45
0.48
0.57
1.34
1.36
3.13
1.33
0.40
0.44
0.39
0.39
0.51
0.52
0.50
0.52
0.48
0.51
0.47
0.49
0.40
0.40
0.41
0.42
0.36
0.36
0.37
0.36
0.52
0.52
0.51
0.50
CorWatt	PkgWatt
19.83	132.16
0.55	132.16
0.46
0.47
0.58
1.35
1.36
3.13
1.34
0.39
0.43
0.39
0.39
0.51
0.52
0.50
0.52
0.47
0.47
0.46
0.49
0.40
0.39
0.39
0.42
0.35
0.36
0.36
0.35
0.52
0.50
0.50
0.51
CorWatt	PkgWatt
19.12	131.36
0.54	131.36
0.45
0.49
0.57
1.21
1.23
2.72
1.20
0.38
0.44
0.38
0.41
0.51
0.52
0.50
0.51
0.47
0.47
0.46
0.47
0.39
0.40
0.40
0.44
0.38
0.37
0.38
0.36
0.54
0.51
0.50
0.51
CorWatt	PkgWatt
19.97	134.38
0.81	134.39
0.54
0.55
0.60
0.57
3.19
0.61
0.56
0.47
0.49
0.45
0.46
0.57
0.59
0.58
0.58
0.54
0.56
0.53
0.56
0.49
0.45
0.44
0.78
0.45
0.44
0.44
0.44
0.58
0.56
0.55
0.56
CorWatt	PkgWatt
20.43	138.13
0.61	138.11
0.50
0.49
0.49
0.51
6.03
0.55
0.52
0.40
0.44
0.39
0.39
0.51
0.52
0.51
0.53
0.48
0.47
0.47
0.48
0.44
0.41
0.40
0.40
0.36
0.37
0.37
0.36
0.52
0.51
0.51
0.51
CorWatt	PkgWatt
20.28	138.14
0.59	138.14
0.48
0.46
0.46
0.50
6.03
0.55
0.50
0.40
0.45
0.41
0.39
0.51
0.52
0.50
0.54
0.47
0.48
0.47
0.48
0.43
0.41
0.39
0.41
0.36
0.36
0.37
0.36
0.51
0.50
0.50
0.51
CorWatt	PkgWatt
20.34	138.13
0.59	138.12
0.48
0.47
0.49
0.51
6.03
0.57
0.54
0.38
0.43
0.39
0.38
0.50
0.52
0.52
0.53
0.47
0.47
0.46
0.48
0.43
0.42
0.40
0.40
0.36
0.37
0.37
0.35
0.51
0.50
0.51
0.50
CorWatt	PkgWatt
20.46	138.21
0.58	138.22
0.49
0.49
0.49
0.50
6.03
0.55
0.52
0.39
0.44
0.40
0.38
0.52
0.53
0.51
0.54
0.49
0.48
0.46
0.48
0.44
0.41
0.39
0.42
0.36
0.37
0.36
0.35
0.51
0.51
0.51
0.54
CorWatt	PkgWatt
20.46	138.43
0.59	138.43
0.51
0.49
0.50
0.51
6.03
0.55
0.51
0.40
0.48
0.39
0.40
0.51
0.52
0.50
0.52
0.48
0.48
0.46
0.47
0.42
0.40
0.40
0.41
0.37
0.37
0.37
0.37
0.52
0.51
0.51
0.51
CorWatt	PkgWatt
20.47	138.19
0.59	138.19
0.45
0.48
0.48
0.50
6.03
0.54
0.51
0.39
0.44
0.40
0.39
0.52
0.52
0.50
0.52
0.47
0.47
0.48
0.50
0.43
0.41
0.40
0.39
0.42
0.39
0.40
0.37
0.53
0.52
0.53
0.52
CorWatt	PkgWatt
20.24	138.15
0.60	138.15
0.44
0.47
0.46
0.52
6.03
0.55
0.53
0.38
0.44
0.39
0.39
0.51
0.53
0.50
0.52
0.48
0.47
0.46
0.47
0.41
0.39
0.39
0.39
0.36
0.36
0.37
0.36
0.53
0.52
0.52
0.50
CorWatt	PkgWatt
20.42	138.43
0.60	138.43
0.47
0.49
0.46
0.51
6.03
0.54
0.51
0.40
0.43
0.39
0.40
0.53
0.52
0.50
0.52
0.48
0.48
0.46
0.50
0.43
0.39
0.39
0.39
0.37
0.39
0.39
0.37
0.52
0.51
0.52
0.53
CorWatt	PkgWatt
20.43	138.36
0.59	138.36
0.45
0.48
0.46
0.51
6.03
0.55
0.52
0.39
0.46
0.40
0.39
0.51
0.52
0.52
0.52
0.49
0.48
0.47
0.48
0.42
0.40
0.41
0.40
0.41
0.37
0.37
0.36
0.52
0.51
0.52
0.52
CorWatt	PkgWatt
20.55	138.38
0.61	138.39
0.49
0.52
0.46
0.51
6.03
0.55
0.51
0.40
0.44
0.40
0.40
0.52
0.53
0.51
0.53
0.48
0.49
0.47
0.48
0.43
0.40
0.39
0.40
0.37
0.37
0.38
0.36
0.54
0.50
0.52
0.54
CorWatt	PkgWatt
20.28	138.25
0.61	138.25
0.44
0.48
0.46
0.52
6.03
0.55
0.53
0.38
0.43
0.39
0.39
0.51
0.51
0.50
0.52
0.49
0.48
0.46
0.48
0.42
0.39
0.40
0.39
0.38
0.36
0.36
0.35
0.52
0.50
0.51
0.50
CorWatt	PkgWatt
20.36	138.54
0.60	138.54
0.47
0.49
0.45
0.51
6.04
0.55
0.50
0.39
0.43
0.39
0.38
0.52
0.52
0.50
0.52
0.48
0.48
0.46
0.49
0.42
0.40
0.38
0.39
0.42
0.36
0.36
0.36
0.52
0.52
0.51
0.52
CorWatt	PkgWatt
20.59	138.50
0.61	138.50
0.46
0.49
0.47
0.51
6.03
0.55
0.52
0.40
0.43
0.39
0.40
0.54
0.53
0.54
0.53
0.49
0.47
0.49
0.50
0.42
0.40
0.40
0.40
0.37
0.38
0.38
0.39
0.54
0.52
0.52
0.51
CorWatt	PkgWatt
20.41	138.30
0.60	138.30
0.46
0.51
0.47
0.51
6.03
0.54
0.51
0.39
0.43
0.41
0.40
0.52
0.52
0.52
0.52
0.46
0.48
0.47
0.50
0.42
0.39
0.39
0.39
0.36
0.38
0.38
0.37
0.52
0.50
0.51
0.52
CorWatt	PkgWatt
20.67	138.64
0.61	138.64
0.51
0.52
0.49
0.51
6.03
0.55
0.51
0.40
0.47
0.38
0.40
0.52
0.52
0.50
0.51
0.46
0.47
0.46
0.47
0.44
0.39
0.41
0.41
0.39
0.38
0.41
0.38
0.53
0.55
0.53
0.55
CorWatt	PkgWatt
20.31	138.37
0.59	138.37
0.49
0.49
0.47
0.52
6.03
0.55
0.52
0.40
0.43
0.38
0.38
0.52
0.52
0.50
0.52
0.45
0.47
0.46
0.48
0.43
0.39
0.39
0.39
0.36
0.36
0.37
0.36
0.52
0.50
0.51
0.54
CorWatt	PkgWatt
20.12	134.72
0.67	134.73
0.58
0.74
0.57
0.59
2.87
0.60
0.57
0.47
0.50
0.48
0.48
0.62
0.62
0.62
0.63
0.56
0.55
0.55
0.56
0.48
0.47
0.79
0.49
0.41
0.43
0.44
0.43
0.61
0.60
0.57
0.59
CorWatt	PkgWatt
17.89	131.18
0.55	131.17
0.46
0.62
0.48
3.28
0.58
0.54
0.53
0.39
0.46
0.39
0.40
0.54
0.54
0.52
0.53
0.47
0.47
0.47
0.48
0.45
0.39
0.39
0.39
0.36
0.36
0.37
0.36
0.52
0.50
0.51
0.56
CorWatt	PkgWatt
17.69	130.77
0.55	130.76
0.46
0.61
0.50
3.21
0.55
0.52
0.53
0.40
0.45
0.41
0.39
0.52
0.51
0.52
0.53
0.45
0.47
0.46
0.47
0.42
0.39
0.39
0.39
0.37
0.36
0.37
0.37
0.52
0.51
0.51
0.55
CorWatt	PkgWatt
18.28	131.14
0.59	131.15
0.51
0.64
0.53
3.19
0.56
0.54
0.53
0.43
0.45
0.41
0.40
0.53
0.53
0.51
0.57
0.50
0.50
0.50
0.51
0.43
0.44
0.40
0.44
0.37
0.41
0.38
0.37
0.54
0.51
0.52
0.56
CorWatt	PkgWatt
17.99	130.80
0.56	130.79
0.45
0.65
0.51
3.20
0.56
0.53
0.53
0.40
0.45
0.43
0.41
0.55
0.56
0.54
0.53
0.46
0.50
0.47
0.48
0.43
0.40
0.39
0.40
0.37
0.37
0.38
0.36
0.52
0.51
0.51
0.58
CorWatt	PkgWatt
17.61	130.64
0.54	130.63
0.47
0.63
0.51
3.19
0.55
0.53
0.52
0.40
0.44
0.39
0.40
0.51
0.52
0.50
0.52
0.45
0.48
0.46
0.48
0.43
0.39
0.39
0.39
0.36
0.37
0.38
0.36
0.52
0.50
0.50
0.56
CorWatt	PkgWatt
17.45	130.36
0.54	130.36
0.44
0.61
0.50
3.21
0.56
0.51
0.52
0.38
0.43
0.39
0.39
0.50
0.51
0.50
0.52
0.46
0.47
0.46
0.47
0.42
0.39
0.39
0.39
0.37
0.36
0.36
0.36
0.52
0.50
0.50
0.51
CorWatt	PkgWatt
17.45	130.34
0.53	130.33
0.44
0.52
0.58
3.19
0.55
0.52
0.51
0.39
0.45
0.41
0.39
0.51
0.52
0.52
0.52
0.46
0.46
0.46
0.46
0.44
0.39
0.39
0.39
0.35
0.36
0.36
0.35
0.51
0.50
0.51
0.50
CorWatt	PkgWatt
18.66	131.21
0.56	131.23
0.51
0.57
0.64
3.19
0.58
0.57
0.57
0.42
0.50
0.44
0.41
0.53
0.55
0.54
0.53
0.50
0.50
0.49
0.50
0.43
0.42
0.39
0.39
0.40
0.41
0.43
0.40
0.59
0.57
0.56
0.54
CorWatt	PkgWatt
17.52	130.49
0.54	130.48
0.46
0.53
0.58
3.19
0.55
0.51
0.51
0.39
0.43
0.38
0.38
0.54
0.56
0.50
0.51
0.46
0.47
0.46
0.46
0.45
0.40
0.39
0.39
0.35
0.36
0.37
0.35
0.52
0.54
0.50
0.50
CorWatt	PkgWatt
17.32	130.02
0.55	130.02
0.44
0.49
0.57
3.20
0.54
0.51
0.51
0.38
0.42
0.38
0.38
0.50
0.51
0.50
0.52
0.47
0.48
0.46
0.48
0.42
0.39
0.39
0.38
0.36
0.35
0.36
0.35
0.51
0.50
0.50
0.50
CorWatt	PkgWatt
17.33	130.07
0.55	130.07
0.46
0.50
0.57
3.19
0.55
0.52
0.54
0.39
0.43
0.38
0.38
0.53
0.52
0.49
0.52
0.46
0.48
0.46
0.46
0.42
0.38
0.38
0.38
0.35
0.35
0.36
0.35
0.51
0.51
0.50
0.50
CorWatt	PkgWatt
17.50	130.24
0.53	130.24
0.44
0.51
0.57
3.18
0.56
0.52
0.53
0.39
0.45
0.38
0.40
0.50
0.51
0.49
0.53
0.47
0.46
0.46
0.46
0.42
0.40
0.40
0.41
0.37
0.36
0.37
0.38
0.52
0.52
0.51
0.50
CorWatt	PkgWatt
17.31	129.83
0.53	129.83
0.45
0.48
0.57
3.18
0.55
0.51
0.52
0.39
0.43
0.38
0.40
0.52
0.51
0.51
0.51
0.45
0.47
0.46
0.46
0.42
0.38
0.38
0.38
0.35
0.36
0.37
0.36
0.53
0.50
0.50
0.50
CorWatt	PkgWatt
17.21	129.88
0.53	129.89
0.45
0.51
0.58
3.20
0.54
0.52
0.52
0.38
0.43
0.37
0.39
0.52
0.50
0.48
0.51
0.45
0.46
0.46
0.45
0.41
0.38
0.38
0.38
0.35
0.35
0.35
0.35
0.51
0.50
0.50
0.49
CorWatt	PkgWatt
17.24	129.81
0.52	129.81
0.44
0.51
0.58
3.18
0.54
0.51
0.51
0.39
0.45
0.40
0.38
0.50
0.51
0.49
0.52
0.45
0.46
0.45
0.45
0.42
0.40
0.38
0.40
0.35
0.35
0.35
0.36
0.51
0.50
0.50
0.50
CorWatt	PkgWatt
17.50	130.06
0.53	130.06
0.45
0.54
0.57
3.18
0.55
0.54
0.55
0.39
0.43
0.39
0.39
0.50
0.51
0.51
0.53
0.47
0.47
0.45
0.47
0.44
0.42
0.40
0.40
0.35
0.36
0.36
0.36
0.52
0.50
0.50
0.50
CorWatt	PkgWatt
17.27	129.91
0.53	129.91
0.44
0.48
0.61
3.15
0.54
0.51
0.52
0.39
0.43
0.38
0.38
0.52
0.52
0.51
0.51
0.48
0.47
0.46
0.46
0.43
0.38
0.38
0.40
0.35
0.35
0.35
0.35
0.51
0.49
0.50
0.50
CorWatt	PkgWatt
17.49	129.55
0.60	129.57
0.50
0.51
0.79
0.71
0.69
0.87
0.82
0.45
0.52
0.42
0.76
0.57
0.56
0.58
0.58
0.50
0.51
0.49
0.50
0.46
0.43
0.43
0.43
0.42
0.40
0.43
0.40
0.55
0.53
0.53
0.54
CorWatt	PkgWatt
16.35	128.51
0.54	128.49
0.45
0.45
0.58
0.79
0.76
0.99
1.15
0.38
0.43
0.38
0.38
0.51
0.51
0.50
0.50
0.47
0.46
0.47
0.47
0.42
0.40
0.41
0.39
0.36
0.37
0.39
0.37
0.52
0.51
0.53
0.51
CorWatt	PkgWatt
16.37	128.42
0.54	128.42
0.45
0.45
0.56
0.80
0.77
0.91
1.24
0.40
0.45
0.39
0.41
0.50
0.50
0.49
0.51
0.48
0.48
0.46
0.47
0.41
0.38
0.39
0.39
0.39
0.36
0.37
0.37
0.51
0.50
0.51
0.52
CorWatt	PkgWatt
16.10	128.13
0.51	128.13
0.44
0.44
0.56
0.78
0.77
1.37
0.77
0.39
0.42
0.36
0.39
0.50
0.51
0.49
0.50
0.46
0.47
0.46
0.46
0.42
0.38
0.38
0.38
0.35
0.37
0.38
0.38
0.50
0.49
0.50
0.52
CorWatt	PkgWatt
16.03	128.19
0.52	128.20
0.46
0.44
0.57
0.79
0.76
1.38
0.77
0.38
0.44
0.36
0.38
0.49
0.50
0.50
0.50
0.47
0.45
0.45
0.45
0.41
0.38
0.40
0.38
0.35
0.35
0.35
0.36
0.51
0.49
0.50
0.50
CorWatt	PkgWatt
16.92	128.85
0.56	128.85
0.48
0.48
0.56
0.87
0.84
1.32
1.22
0.39
0.43
0.37
0.39
0.51
0.52
0.50
0.51
0.47
0.48
0.46
0.46
0.43
0.39
0.39
0.39
0.38
0.36
0.36
0.36
0.52
0.50
0.51
0.51
CorWatt	PkgWatt
19.22	130.77
0.51	130.77
0.45
0.45
0.59
1.18
1.18
2.30
2.05
0.37
0.42
0.37
0.38
0.50
0.50
0.49
0.50
0.49
0.49
0.47
0.48
0.42
0.40
0.39
0.39
0.39
0.35
0.36
0.36
0.51
0.49
0.50
0.50
CorWatt	PkgWatt
19.37	131.00
0.51	131.00
0.47
0.47
0.58
1.22
1.23
3.17
1.22
0.38
0.42
0.36
0.40
0.50
0.50
0.49
0.50
0.47
0.48
0.47
0.48
0.42
0.38
0.38
0.38
0.35
0.35
0.39
0.36
0.51
0.50
0.51
0.50
CorWatt	PkgWatt
19.37	131.08
0.52	131.08
0.44
0.45
0.60
1.22
1.23
3.16
1.22
0.38
0.44
0.36
0.38
0.49
0.52
0.53
0.51
0.50
0.46
0.46
0.47
0.42
0.38
0.39
0.38
0.35
0.36
0.37
0.37
0.51
0.50
0.50
0.49
CorWatt	PkgWatt
19.38	130.87
0.52	130.87
0.44
0.46
0.59
1.23
1.23
1.23
3.15
0.38
0.43
0.39
0.41
0.52
0.51
0.51
0.51
0.44
0.48
0.46
0.47
0.42
0.38
0.38
0.38
0.35
0.39
0.39
0.36
0.50
0.50
0.50
0.50
CorWatt	PkgWatt
19.70	131.02
0.52	131.02
0.45
0.49
0.60
1.23
1.23
1.22
3.14
0.41
0.50
0.37
0.39
0.49
0.50
0.49
0.51
0.46
0.48
0.45
0.46
0.43
0.39
0.41
0.41
0.37
0.37
0.41
0.39
0.51
0.56
0.52
0.53
CorWatt	PkgWatt
19.06	130.68
0.52	130.67
0.44
0.46
0.59
1.19
1.20
3.17
1.19
0.37
0.44
0.37
0.37
0.49
0.51
0.49
0.50
0.44
0.46
0.45
0.46
0.42
0.38
0.38
0.38
0.35
0.35
0.35
0.35
0.50
0.49
0.50
0.50
CorWatt	PkgWatt
19.32	130.86
0.51	130.86
0.45
0.46
0.60
1.23
1.23
3.16
1.23
0.39
0.43
0.36
0.40
0.51
0.52
0.52
0.50
0.44
0.45
0.45
0.46
0.42
0.38
0.38
0.38
0.37
0.35
0.36
0.36
0.51
0.51
0.50
0.51
CorWatt	PkgWatt
19.32	130.79
0.53	130.78
0.46
0.47
0.61
1.22
1.23
3.16
1.22
0.38
0.45
0.37
0.39
0.51
0.52
0.52
0.53
0.44
0.47
0.45
0.46
0.43
0.38
0.38
0.38
0.35
0.35
0.35
0.35
0.50
0.48
0.50
0.50
CorWatt	PkgWatt
19.49	130.88
0.53	130.88
0.49
0.49
0.60
1.23
1.23
3.16
1.22
0.40
0.46
0.39
0.37
0.51
0.50
0.52
0.52
0.46
0.46
0.45
0.46
0.42
0.39
0.40
0.39
0.36
0.35
0.37
0.35
0.50
0.51
0.50
0.49
CorWatt	PkgWatt
19.26	130.94
0.54	130.93
0.48
0.49
0.58
1.22
1.23
3.16
1.21
0.38
0.42
0.36
0.38
0.50
0.51
0.49
0.50
0.44
0.47
0.45
0.46
0.41
0.38
0.38
0.38
0.35
0.35
0.36
0.36
0.50
0.49
0.50
0.50
CorWatt	PkgWatt
19.38	130.68
0.55	130.69
0.44
0.48
0.59
1.19
1.19
1.20
3.15
0.38
0.43
0.41
0.40
0.53
0.54
0.53
0.50
0.44
0.48
0.45
0.47
0.42
0.39
0.39
0.38
0.35
0.35
0.38
0.36
0.51
0.48
0.50
0.51
CorWatt	PkgWatt
19.07	130.30
0.58	130.32
0.58
0.55
0.67
0.91
0.92
1.99
0.96
0.41
0.47
0.40
0.44
0.56
0.55
0.54
0.54
0.51
0.54
0.57
0.54
0.49
0.45
0.43
0.42
0.43
0.54
0.45
0.43
0.54
0.54
0.57
0.54
