CorWatt	PkgWatt
15.79	129.21
0.52	128.41
0.50
0.48
0.46
0.54
0.60
0.54
0.52
0.48
0.49
0.39
0.44
0.52
0.55
0.54
0.58
0.49
0.49
0.52
0.52
0.44
0.42
0.40
0.50
0.40
0.39
0.40
0.44
0.56
0.54
0.54
0.53
CorWatt	PkgWatt
14.77	127.53
0.51	127.51
0.49
0.47
0.43
0.50
0.58
0.49
0.51
0.44
0.46
0.38
0.41
0.51
0.55
0.51
0.54
0.44
0.46
0.45
0.46
0.40
0.40
0.38
0.42
0.39
0.36
0.39
0.38
0.53
0.52
0.50
0.50
CorWatt	PkgWatt
69.16	183.94
0.89	184.04
2.16
2.20
2.17
2.23
2.30
2.26
2.21
2.14
2.16
2.24
2.19
3.95
2.32
2.38
2.38
2.17
2.12
1.94
2.01
2.10
2.12
1.95
1.91
2.11
2.04
1.92
1.91
2.26
2.27
2.11
2.07
