CorWatt	PkgWatt
181.60	350.91
3.06	176.47
3.02
3.04
3.04
3.11
3.00
2.97
2.99
2.97
2.95
2.94
2.97
2.82
2.87
2.94
2.96
2.92
3.06
3.09
2.95
3.09
3.01
3.13
3.03
3.08
2.97
3.00
3.01
2.95
2.97
3.06
3.12
2.53	159.41
2.57
2.38
2.37
2.30
2.62
2.51
2.59
2.48
2.27
2.46
2.45
2.45
2.45
2.49
2.41
2.40
2.59
2.43
2.41
2.52
2.71
2.83
2.58
2.48
2.31
2.44
2.49
2.42
2.58
2.55
2.54
CorWatt	PkgWatt
174.10	337.87
3.06	175.65
3.05
2.89
2.92
3.09
3.08
2.98
2.89
2.87
2.89
3.00
2.97
2.56
2.78
2.56
2.69
2.87
2.94
2.90
3.03
3.08
2.96
3.05
3.03
3.11
2.97
2.96
3.03
2.87
2.87
2.92
2.86
2.58	162.16
2.62
2.41
2.41
2.22
2.58
2.58
2.56
2.40
2.33
2.52
2.54
2.38
2.54
2.52
2.53
2.41
2.73
2.51
2.40
2.52
2.63
2.75
2.49
2.52
2.45
2.33
2.56
2.54
2.66
2.60
2.57
CorWatt	PkgWatt
177.24	360.87
2.92	184.35
3.41
2.93
2.89
3.12
2.91
2.91
2.59
3.17
3.17
3.06
3.07
2.53
2.73
2.35
2.56
2.69
2.79
2.88
3.09
3.06
2.87
3.04
2.85
3.03
3.15
3.11
2.99
2.96
2.97
2.98
2.72
2.62	176.71
2.70
2.65
2.67
2.26
2.71
2.59
2.66
2.59
2.88
2.49
2.66
2.51
2.57
2.60
2.54
2.65
2.75
2.57
2.42
2.75
2.43
2.77
2.65
2.44
2.64
2.58
2.66
2.70
2.77
2.72
2.63
CorWatt	PkgWatt
173.98	341.98
3.04	177.41
3.25
3.00
2.92
2.92
2.90
2.99
2.81
2.97
2.97
2.90
2.96
2.73
2.57
2.70
2.67
2.76
2.81
3.02
2.88
3.03
2.86
3.03
2.83
2.99
3.02
3.05
3.00
2.85
2.98
3.14
2.91
2.51	164.54
2.55
2.57
2.61
2.45
2.41
2.54
2.48
2.46
2.60
2.42
2.43
2.40
2.43
2.39
2.50
2.59
2.60
2.45
2.44
2.55
2.62
2.78
2.56
2.39
2.52
2.57
2.55
2.53
2.61
2.57
2.44
CorWatt	PkgWatt
170.88	325.80
3.01	170.25
3.11
2.95
2.87
2.84
2.88
3.01
2.80
2.98
2.90
2.81
2.82
2.93
2.84
2.74
2.66
2.72
2.82
2.98
2.91
2.92
2.91
2.96
2.95
2.96
2.98
2.95
2.80
2.76
3.02
3.08
3.01
2.42	155.51
2.46
2.47
2.54
2.26
2.34
2.45
2.42
2.48
2.53
2.41
2.32
2.28
2.41
2.33
2.41
2.42
2.55
2.38
2.40
2.49
2.66
2.79
2.54
2.31
2.38
2.39
2.48
2.37
2.52
2.44
2.34
CorWatt	PkgWatt
172.19	340.39
3.01	178.59
3.11
2.93
2.91
2.86
2.90
3.11
2.85
3.05
2.85
2.85
2.86
2.97
2.91
2.79
2.77
2.81
2.86
3.01
2.99
2.96
3.00
3.02
2.95
3.02
2.92
3.02
2.90
2.76
3.05
3.13
3.06
2.49	162.18
2.42
2.45
2.55
2.36
2.39
2.48
2.50
2.44
2.42
2.45
2.40
2.32
2.41
2.40
2.45
2.38
2.58
2.41
2.36
2.58
2.67
2.77
2.64
2.37
2.36
2.46
2.52
2.42
2.29
2.34
2.07
CorWatt	PkgWatt
183.56	365.57
3.04	187.81
3.07
2.91
3.01
2.95
2.93
3.23
2.99
3.31
3.01
3.03
2.96
2.95
2.87
2.72
2.83
2.98
2.94
3.05
3.06
3.10
3.18
3.16
3.01
3.15
2.98
3.19
3.02
2.90
3.14
3.24
3.21
2.66	177.35
2.68
2.57
2.84
2.75
2.62
2.75
2.70
2.63
2.58
2.60
2.69
2.71
2.50
2.78
2.61
2.75
2.70
2.74
2.70
2.79
2.78
2.87
2.83
2.78
2.55
2.73
2.60
2.70
2.62
2.80
2.71
CorWatt	PkgWatt
189.70	380.63
3.01	195.57
3.11
3.03
3.06
3.05
3.05
3.32
3.12
3.32
3.19
3.24
3.13
2.71
2.62
2.62
2.71
3.11
3.11
3.18
3.20
3.23
3.38
3.26
3.16
3.31
3.19
3.37
3.14
2.98
3.31
3.44
3.41
2.79	185.03
2.79
2.80
2.90
2.81
2.77
2.87
2.73
2.89
2.81
2.72
2.79
2.68
2.65
2.85
2.66
2.86
2.74
2.93
2.74
2.89
2.53
2.98
2.92
2.85
2.71
2.87
2.67
2.87
2.78
2.94
2.80
CorWatt	PkgWatt
189.86	380.46
3.13	195.28
3.00
3.03
2.98
3.10
3.14
3.15
3.18
3.08
3.21
3.18
3.15
2.67
2.73
2.61
2.70
3.15
3.13
3.20
3.20
3.17
3.16
3.31
3.23
3.30
3.31
3.17
3.19
3.01
3.31
3.44
3.41
2.92	185.16
2.82
2.90
2.76
2.83
2.78
2.88
2.83
2.91
2.54
2.83
2.83
2.73
2.72
2.93
2.62
2.72
2.74
2.94
2.75
2.86
2.59
2.90
3.04
2.79
2.72
2.83
2.91
2.90
2.81
2.94
2.84
CorWatt	PkgWatt
186.83	379.01
3.02	193.26
2.99
2.95
2.84
3.04
3.14
3.02
3.11
3.00
3.13
3.06
3.09
2.71
2.70
2.65
2.70
3.04
3.01
3.12
3.05
3.09
3.10
3.14
3.16
3.17
3.16
3.04
3.05
3.00
3.16
3.36
3.31
2.88	185.88
2.78
2.76
2.85
2.82
2.80
2.83
2.83
2.72
2.70
2.78
2.71
2.79
2.81
2.83
2.81
2.74
2.68
2.83
2.81
2.81
2.87
2.98
2.92
2.84
2.72
2.74
2.81
2.85
2.84
2.79
2.80
CorWatt	PkgWatt
184.35	372.26
2.27	163.85
2.32
2.14
2.11
2.51
2.46
2.51
2.27
1.98
2.08
1.90
1.87
2.07
2.06
2.06
2.09
2.12
2.11
2.07
2.10
2.38
2.39
2.30
2.41
2.34
2.12
2.05
2.24
2.22
2.21
2.38
2.34
2.82	208.37
3.88
2.40
3.90
3.93
4.22
3.48
4.04
3.74
3.80
3.72
3.90
3.14
2.09
2.33
3.30
4.13
3.87
4.05
4.03
3.80
3.83
3.65
2.91
3.25
3.37
3.21
4.02
4.02
3.23
3.86
3.95
CorWatt	PkgWatt
182.53	356.84
2.51	156.26
2.10
2.35
2.08
2.07
2.05
2.07
2.07
1.96
3.03
1.99
2.02
2.03
2.03
2.97
2.03
2.05
2.06
2.07
2.05
2.07
2.09
2.09
2.08
2.04
2.06
2.05
2.07
2.02
2.03
2.03
2.03
2.67	200.60
3.50
2.80
3.91
4.17
4.27
3.28
4.13
3.91
3.84
3.72
4.08
2.87
1.98
2.04
3.40
4.20
3.90
4.20
4.21
3.30
4.03
3.34
3.08
3.22
3.67
2.86
4.23
4.22
3.32
3.94
3.99
CorWatt	PkgWatt
177.74	332.73
3.09	147.69
2.10
2.75
2.05
2.07
2.06
2.07
2.06
1.99
2.85
1.98
2.01
2.02
2.03
2.85
2.02
2.06
2.07
2.08
2.06
2.09
2.11
2.10
2.09
2.07
2.08
2.06
2.08
2.03
2.04
2.05
2.04
2.77	185.01
3.47
2.33
3.58
3.95
3.99
3.18
3.85
3.87
3.74
3.50
3.78
2.43
2.07
2.36
3.00
3.92
3.69
3.94
3.94
3.10
4.01
3.18
2.91
3.12
3.44
2.76
4.01
4.06
2.94
3.72
4.03
CorWatt	PkgWatt
180.57	346.47
2.96	160.62
2.40
3.17
2.28
2.37
2.30
2.31
2.33
2.30
2.83
2.19
2.25
2.24
2.24
3.09
2.24
2.29
2.29
2.35
2.28
2.34
2.36
2.30
2.34
2.30
2.31
2.31
2.34
2.30
2.31
2.31
2.26
2.58	185.99
3.46
2.15
3.32
3.74
3.78
3.03
3.72
3.61
3.59
3.26
3.65
2.42
2.12
2.43
3.00
3.72
3.52
3.74
3.73
3.09
3.61
3.07
2.91
3.01
3.37
2.86
3.63
3.80
2.75
3.69
3.81
CorWatt	PkgWatt
189.64	385.56
3.28	204.41
3.46
3.28
3.40
3.25
3.45
3.22
3.49
3.10
3.26
3.11
3.27
3.11
3.34
3.27
3.28
3.31
3.28
3.31
3.29
3.27
3.43
3.08
3.26
3.23
3.35
3.34
3.33
3.29
3.30
3.31
3.32
2.67	181.21
2.61
2.42
2.71
2.67
2.74
2.65
2.72
2.55
2.61
2.62
2.62
2.53
2.38
2.49
2.61
2.65
2.66
2.65
2.66
2.69
2.82
2.71
2.62
2.60
2.63
2.65
2.66
2.77
2.57
2.71
2.76
CorWatt	PkgWatt
188.19	384.53
3.20	203.53
3.23
3.27
3.30
3.48
3.39
3.13
3.10
3.08
3.16
3.13
3.19
3.13
3.50
3.19
3.16
3.23
3.20
3.34
3.24
3.38
3.54
3.17
3.43
3.38
3.35
3.20
3.38
3.07
3.22
3.22
3.09
2.67	180.90
2.64
2.41
2.71
2.66
2.73
2.65
2.70
2.54
2.58
2.61
2.60
2.58
2.37
2.45
2.57
2.63
2.65
2.64
2.65
2.67
2.77
2.71
2.63
2.64
2.61
2.62
2.63
2.76
2.53
2.69
2.75
CorWatt	PkgWatt
186.87	383.08
3.25	202.57
3.35
3.15
3.28
3.19
3.21
3.39
3.20
3.23
3.31
3.32
3.40
3.11
3.38
3.04
3.07
3.12
3.10
3.36
3.28
3.40
3.41
3.30
3.20
3.21
3.15
3.17
3.10
3.14
3.23
2.94
3.11
2.70	180.58
2.64
2.39
2.71
2.64
2.71
2.66
2.69
2.53
2.59
2.60
2.59
2.53
2.39
2.47
2.59
2.59
2.64
2.61
2.61
2.66
2.77
2.71
2.63
2.59
2.63
2.61
2.61
2.74
2.58
2.68
2.74
CorWatt	PkgWatt
179.35	364.05
2.91	201.39
3.03
2.95
2.81
3.29
3.41
3.22
3.32
3.02
3.28
3.31
3.27
3.10
2.92
3.01
2.84
3.39
3.15
3.45
3.19
3.36
3.31
3.25
3.41
3.32
3.26
3.23
3.05
3.21
3.35
3.25
3.19
2.55	181.08
2.67
2.57
2.73
2.61
2.75
2.65
2.67
2.52
2.59
2.58
2.57
2.52
2.53
2.52
2.55
2.61
2.62
2.61
2.62
2.70
2.75
2.73
2.66
2.59
2.70
2.62
2.63
2.71
2.62
2.68
2.71
