CorWatt	PkgWatt
15.17	127.32
0.54	127.32
0.45
0.52
0.48
0.50
0.50
0.50
0.49
0.41
0.46
0.40
0.39
0.53
0.51
0.52
0.54
0.50
0.54
0.49
0.52
0.42
0.40
0.40
0.42
0.36
0.36
0.39
0.37
0.65
0.55
0.52
0.53
CorWatt	PkgWatt
15.03	126.96
0.55	127.22
0.45
0.52
0.47
0.51
0.49
0.50
0.47
0.38
0.48
0.39
0.37
0.50
0.52
0.49
0.52
0.50
0.49
0.52
0.52
0.41
0.41
0.39
0.39
0.37
0.39
0.39
0.41
0.59
0.53
0.54
0.55
CorWatt	PkgWatt
17.96	129.54
0.56	129.31
0.51
0.52
0.51
0.58
0.59
0.58
0.59
0.55
0.51
0.50
0.48
0.59
0.58
0.58
0.62
0.57
0.56
0.54
0.63
0.46
0.43
0.44
0.48
0.52
0.52
0.57
0.56
0.72
0.68
0.73
0.68
CorWatt	PkgWatt
19.29	131.32
0.62	130.50
0.61
0.62
0.61
0.63
0.65
0.64
0.63
0.51
0.56
0.53
0.52
0.64
0.65
0.63
0.66
0.60
0.61
0.60
0.62
0.54
0.53
0.53
0.54
0.55
0.51
0.54
0.52
0.69
0.76
0.66
0.71
