CorWatt	PkgWatt
15.77	128.44
0.52	128.44
0.45
0.56
0.46
0.50
0.50
0.51
0.49
0.45
0.45
0.47
0.40
0.58
0.54
0.54
0.55
0.49
0.52
0.55
0.56
0.47
0.46
0.41
0.45
0.38
0.37
0.38
0.42
0.60
0.65
0.55
0.55
CorWatt	PkgWatt
15.15	127.01
0.50	127.76
0.44
0.51
0.45
0.49
0.50
0.51
0.49
0.44
0.44
0.39
0.38
0.52
0.53
0.53
0.54
0.49
0.53
0.53
0.56
0.41
0.40
0.42
0.43
0.38
0.39
0.38
0.39
0.61
0.54
0.53
0.52
CorWatt	PkgWatt
18.48	131.42
0.62	130.65
0.58
0.55
0.59
0.53
0.61
0.57
0.55
0.55
0.58
0.60
0.61
0.78
0.81
0.74
0.74
0.56
0.61
0.57
0.56
0.48
0.46
0.44
0.43
0.47
0.45
0.45
0.48
0.64
0.61
0.60
0.62
CorWatt	PkgWatt
16.15	128.91
0.51	128.80
0.54
0.51
0.49
0.52
0.53
0.52
0.51
0.40
0.46
0.42
0.41
0.63
0.68
0.71
0.73
0.49
0.49
0.50
0.49
0.42
0.43
0.42
0.42
0.39
0.44
0.39
0.40
0.62
0.58
0.54
0.55
