CorWatt	PkgWatt
15.36	128.01
0.55	128.00
0.47
0.50
0.45
0.53
0.53
0.51
0.51
0.45
0.47
0.43
0.44
0.55
0.54
0.61
0.55
0.49
0.47
0.47
0.48
0.42
0.41
0.41
0.42
0.39
0.39
0.40
0.37
0.54
0.53
0.54
0.52
CorWatt	PkgWatt
14.80	127.39
0.54	127.38
0.52
0.47
0.47
0.50
0.50
0.49
0.54
0.41
0.45
0.42
0.41
0.50
0.53
0.61
0.51
0.53
0.46
0.45
0.46
0.39
0.38
0.40
0.39
0.38
0.36
0.38
0.35
0.52
0.50
0.50
0.50
CorWatt	PkgWatt
67.49	181.92
0.97	182.02
2.07
2.14
2.13
2.18
2.13
2.11
2.12
2.01
2.02
2.06
2.05
2.18
2.18
2.24
2.19
2.23
2.14
2.00
2.02
2.08
2.06
1.93
2.06
2.07
2.03
1.94
1.93
3.74
2.23
2.08
2.15
