CorWatt	PkgWatt
5.10	155.29
0.10	77.67
0.09
0.10
0.08
0.08
0.08
0.08
0.08
0.07
0.07
0.07
0.07
0.07
0.07
0.07
0.07
0.08
0.08
0.08
0.08
0.10
0.17
0.08
0.08
0.08
0.08
0.10
0.08
0.07
0.07
0.07
0.07
0.08	77.72
0.08
0.08
0.08
0.08
0.08
0.08
0.08
0.07
0.07
0.07
0.08
0.07
0.07
0.07
0.07
0.08
0.08
0.07
0.08
0.08
0.08
0.08
0.08
0.08
0.09
0.08
0.08
0.07
0.07
0.07
0.09
CorWatt	PkgWatt
5.21	152.39
0.12	75.93
0.08
0.12
0.09
0.08
0.08
0.08
0.12
0.07
0.09
0.07
0.07
0.07
0.07
0.08
0.09
0.08
0.08
0.09
0.08
0.09
0.08
0.10
0.08
0.08
0.09
0.12
0.08
0.07
0.07
0.07
0.06
0.08	76.39
0.08
0.08
0.08
0.09
0.08
0.08
0.08
0.07
0.07
0.07
0.08
0.07
0.07
0.07
0.07
0.08
0.08
0.07
0.08
0.09
0.09
0.10
0.08
0.09
0.09
0.09
0.08
0.07
0.07
0.07
0.09
