CorWatt	PkgWatt
4.46	151.86
0.09	76.17
0.08
0.08
0.08
0.09
0.08
0.08
0.08
0.07
0.07
0.07
0.07
0.07
0.07
0.07
0.06
0.08
0.08
0.08
0.08
0.09
0.08
0.08
0.08
0.08
0.08
0.08
0.08
0.07
0.07
0.07
0.07
0.07	75.76
0.07
0.07
0.07
0.07
0.07
0.07
0.07
0.06
0.05
0.06
0.06
0.06
0.06
0.06
0.06
0.07
0.07
0.06
0.07
0.07
0.07
0.07
0.07
0.06
0.07
0.06
0.06
0.06
0.06
0.06
0.06
CorWatt	PkgWatt
4.95	152.01
0.08	75.96
0.09
0.09
0.09
0.08
0.08
0.08
0.08
0.07
0.08
0.07
0.07
0.07
0.07
0.07
0.07
0.08
0.08
0.08
0.08
0.09
0.08
0.08
0.08
0.08
0.08
0.08
0.08
0.07
0.07
0.08
0.07
0.08	76.00
0.08
0.07
0.16
0.08
0.08
0.08
0.08
0.08
0.07
0.06
0.06
0.06
0.06
0.07
0.07
0.08
0.08
0.07
0.09
0.08
0.08
0.08
0.09
0.08
0.07
0.07
0.07
0.07
0.06
0.06
0.07
