CorWatt	PkgWatt
15.73	129.01
0.57	129.02
0.46
0.51
0.47
0.52
0.55
0.64
0.51
0.46
0.52
0.40
0.42
0.53
0.54
0.55
0.55
0.51
0.50
0.52
0.57
0.46
0.44
0.45
0.43
0.37
0.38
0.38
0.37
0.57
0.52
0.53
0.55
CorWatt	PkgWatt
15.17	127.93
0.53	128.50
0.44
0.47
0.44
0.53
0.52
0.53
0.52
0.39
0.48
0.41
0.41
0.52
0.53
0.52
0.54
0.48
0.48
0.50
0.56
0.45
0.41
0.45
0.43
0.39
0.39
0.38
0.37
0.57
0.52
0.52
0.51
CorWatt	PkgWatt
71.23	186.88
1.77	186.11
2.17
2.23
2.22
2.28
2.30
2.30
2.22
2.17
2.17
2.19
2.15
2.31
2.28
2.29
2.33
2.30
2.34
2.14
2.14
2.20
2.19
3.13
1.99
2.15
2.17
1.98
1.97
2.37
2.32
2.14
2.15
