CorWatt	PkgWatt
15.48	127.36
0.53	127.37
0.48
0.55
0.45
0.53
0.53
0.51
0.53
0.42
0.45
0.41
0.40
0.58
0.54
0.53
0.68
0.50
0.48
0.48
0.48
0.46
0.40
0.46
0.41
0.39
0.38
0.42
0.39
0.53
0.54
0.54
0.51
CorWatt	PkgWatt
14.83	126.32
0.51	127.06
0.48
0.52
0.43
0.50
0.51
0.49
0.50
0.38
0.44
0.39
0.38
0.57
0.51
0.51
0.56
0.46
0.52
0.49
0.48
0.42
0.42
0.42
0.41
0.37
0.37
0.39
0.37
0.53
0.51
0.52
0.52
CorWatt	PkgWatt
18.10	130.50
0.58	129.75
0.61
0.60
0.48
0.58
0.53
0.52
0.60
0.60
0.55
0.55
0.54
0.72
0.71
0.71
0.71
0.55
0.54
0.54
0.59
0.56
0.45
0.50
0.44
0.46
0.44
0.47
0.50
0.63
0.56
0.65
0.58
CorWatt	PkgWatt
15.19	127.38
0.50	127.31
0.46
0.53
0.45
0.50
0.50
0.50
0.49
0.41
0.46
0.41
0.46
0.51
0.51
0.53
0.54
0.45
0.50
0.47
0.47
0.44
0.39
0.39
0.42
0.51
0.41
0.45
0.42
0.57
0.51
0.53
0.51
