CorWatt	PkgWatt
15.01	126.95
0.50	126.95
0.43
0.45
0.50
0.49
0.50
0.49
0.48
0.39
0.47
0.42
0.41
0.54
0.55
0.52
0.60
0.52
0.53
0.49
0.48
0.43
0.43
0.44
0.42
0.38
0.36
0.38
0.36
0.52
0.51
0.53
0.51
CorWatt	PkgWatt
14.62	126.77
0.52	126.80
0.47
0.47
0.51
0.48
0.48
0.49
0.48
0.38
0.49
0.39
0.44
0.54
0.53
0.53
0.52
0.46
0.52
0.44
0.45
0.40
0.39
0.40
0.39
0.36
0.36
0.36
0.35
0.50
0.50
0.50
0.49
CorWatt	PkgWatt
24.09	134.97
2.35	134.98
0.65
0.72
0.72
0.78
0.83
0.71
0.72
0.68
0.60
0.59
0.59
0.76
0.78
0.75
0.82
0.74
0.77
0.68
0.69
0.63
0.68
0.61
0.61
0.72
0.89
0.59
0.60
0.73
0.67
0.66
0.76
CorWatt	PkgWatt
17.18	128.76
0.60	128.73
0.48
0.48
0.43
0.91
0.77
1.06
0.70
0.43
0.52
0.47
0.44
0.70
0.56
0.56
0.56
0.49
0.54
0.45
0.46
0.39
0.40
0.45
0.40
0.37
0.43
0.41
0.40
0.59
0.61
0.57
0.52
CorWatt	PkgWatt
17.10	128.66
0.59	128.66
0.50
0.46
0.44
0.74
0.92
1.11
0.74
0.46
0.58
0.49
0.43
0.57
0.54
0.55
0.57
0.50
0.56
0.45
0.45
0.42
0.42
0.46
0.42
0.39
0.42
0.37
0.35
0.58
0.54
0.50
0.56
CorWatt	PkgWatt
17.83	129.09
0.64	129.11
0.51
0.68
0.49
0.73
0.93
0.78
0.96
0.44
0.47
0.42
0.49
0.66
0.64
0.60
0.64
0.48
0.57
0.48
0.48
0.44
0.46
0.48
0.42
0.37
0.44
0.37
0.35
0.63
0.57
0.64
0.56
CorWatt	PkgWatt
17.21	128.68
1.00	128.66
0.70
0.87
0.90
0.54
0.53
0.52
0.52
0.43
0.45
0.43
0.43
0.58
0.53
0.51
0.56
0.51
0.57
0.47
0.49
0.43
0.42
0.45
0.40
0.39
0.43
0.42
0.40
0.57
0.57
0.60
0.56
CorWatt	PkgWatt
16.93	128.31
1.12	128.31
0.76
0.95
0.68
0.51
0.49
0.52
0.50
0.51
0.48
0.42
0.44
0.60
0.57
0.51
0.57
0.49
0.56
0.47
0.47
0.45
0.41
0.43
0.41
0.40
0.35
0.36
0.35
0.55
0.54
0.54
0.53
CorWatt	PkgWatt
18.61	130.69
3.15	130.69
0.56
0.51
0.45
0.55
0.54
0.49
0.48
0.44
0.46
0.46
0.40
0.56
0.55
0.53
0.54
0.51
0.54
0.51
0.51
0.46
0.41
0.47
0.42
0.47
0.42
0.42
0.42
0.57
0.65
0.58
0.60
CorWatt	PkgWatt
17.94	130.15
3.16	130.15
0.59
0.47
0.43
0.54
0.51
0.49
0.48
0.45
0.48
0.43
0.44
0.62
0.56
0.53
0.53
0.48
0.52
0.47
0.46
0.46
0.38
0.46
0.41
0.40
0.35
0.38
0.35
0.56
0.52
0.53
0.50
CorWatt	PkgWatt
18.18	130.43
3.16	130.43
0.59
0.48
0.45
0.53
0.52
0.49
0.47
0.39
0.46
0.41
0.39
0.55
0.58
0.54
0.56
0.52
0.56
0.50
0.49
0.52
0.43
0.46
0.42
0.43
0.36
0.39
0.38
0.55
0.51
0.53
0.56
CorWatt	PkgWatt
17.91	130.22
3.16	130.22
0.57
0.47
0.43
0.54
0.51
0.51
0.50
0.41
0.42
0.40
0.41
0.54
0.54
0.52
0.52
0.51
0.54
0.49
0.50
0.46
0.43
0.46
0.49
0.41
0.37
0.36
0.35
0.54
0.50
0.50
0.56
CorWatt	PkgWatt
20.46	132.01
2.95	132.03
0.67
0.53
0.48
0.56
0.59
0.58
0.55
0.55
0.55
0.48
0.47
0.71
0.65
0.66
0.72
0.54
0.63
0.57
0.58
0.51
0.53
0.58
0.55
0.52
0.41
0.41
0.45
0.63
0.62
0.62
0.61
