CorWatt	PkgWatt
15.24	127.37
0.51	127.38
0.59
0.46
0.50
0.52
0.50
0.51
0.50
0.40
0.45
0.42
0.39
0.53
0.52
0.50
0.56
0.48
0.47
0.47
0.48
0.48
0.42
0.44
0.42
0.37
0.39
0.40
0.40
0.55
0.52
0.59
0.51
CorWatt	PkgWatt
15.78	127.27
0.52	127.87
0.52
0.50
0.51
0.56
0.52
0.53
0.54
0.48
0.44
0.41
0.38
0.54
0.54
0.53
0.53
0.50
0.50
0.51
0.47
0.51
0.46
0.45
0.45
0.41
0.43
0.41
0.42
0.57
0.54
0.60
0.54
CorWatt	PkgWatt
17.70	130.36
0.64	129.77
0.59
0.64
0.61
0.62
0.58
0.59
0.61
0.47
0.47
0.48
0.45
0.62
0.60
0.58
0.64
0.52
0.50
0.51
0.48
0.51
0.45
0.47
0.50
0.59
0.51
0.49
0.53
0.61
0.58
0.63
0.56
CorWatt	PkgWatt
16.69	128.28
0.61	127.99
0.56
0.64
0.68
0.56
0.55
0.55
0.54
0.43
0.49
0.43
0.43
0.56
0.56
0.56
0.58
0.52
0.52
0.51
0.52
0.49
0.44
0.44
0.44
0.42
0.42
0.43
0.45
0.57
0.57
0.61
0.58
