CorWatt	PkgWatt
15.20	129.13
0.51	127.60
0.52
0.52
0.46
0.53
0.54
0.51
0.53
0.40
0.45
0.38
0.48
0.51
0.53
0.51
0.52
0.46
0.46
0.46
0.48
0.43
0.41
0.40
0.40
0.36
0.37
0.40
0.38
0.59
0.54
0.59
0.52
CorWatt	PkgWatt
15.05	127.27
0.51	127.36
0.52
0.49
0.48
0.54
0.53
0.50
0.51
0.40
0.44
0.40
0.39
0.50
0.53
0.49
0.51
0.50
0.48
0.48
0.48
0.45
0.39
0.40
0.39
0.42
0.39
0.38
0.40
0.53
0.55
0.57
0.50
CorWatt	PkgWatt
21.24	132.98
0.65	132.90
0.58
0.63
0.54
0.66
0.64
0.63
0.71
0.70
0.58
0.53
0.57
0.59
2.64
0.64
0.60
0.61
0.66
0.66
0.62
0.61
0.62
0.56
0.58
0.47
0.51
0.52
0.46
0.61
0.64
0.66
0.59
CorWatt	PkgWatt
16.89	128.85
0.55	128.84
0.44
0.49
0.45
0.50
0.50
0.51
0.56
0.91
0.93
0.63
0.66
0.51
0.62
0.57
0.52
0.51
0.50
0.56
0.52
0.48
0.40
0.41
0.46
0.36
0.38
0.42
0.38
0.53
0.54
0.59
0.51
CorWatt	PkgWatt
16.38	128.43
0.53	128.42
0.43
0.49
0.44
0.49
0.49
0.49
0.49
1.01
0.88
0.63
0.63
0.51
0.63
0.56
0.52
0.44
0.48
0.46
0.50
0.44
0.38
0.39
0.39
0.40
0.39
0.39
0.35
0.51
0.55
0.58
0.50
CorWatt	PkgWatt
16.76	128.54
0.52	128.55
0.46
0.48
0.44
0.51
0.51
0.49
0.53
0.71
0.74
1.19
0.67
0.53
0.64
0.57
0.53
0.46
0.48
0.46
0.53
0.45
0.39
0.42
0.43
0.38
0.36
0.39
0.36
0.53
0.52
0.57
0.51
CorWatt	PkgWatt
16.27	128.45
0.51	128.44
0.43
0.47
0.43
0.48
0.50
0.51
0.51
0.66
0.69
1.24
0.63
0.51
0.64
0.57
0.52
0.44
0.45
0.45
0.48
0.42
0.39
0.40
0.40
0.35
0.38
0.37
0.35
0.52
0.51
0.56
0.52
CorWatt	PkgWatt
16.61	128.75
0.51	128.76
0.43
0.49
0.43
0.49
0.50
0.50
0.50
0.63
1.44
0.73
0.60
0.51
0.65
0.57
0.53
0.45
0.46
0.48
0.49
0.44
0.41
0.42
0.39
0.36
0.38
0.37
0.36
0.52
0.51
0.56
0.50
CorWatt	PkgWatt
17.44	130.22
0.55	130.22
0.45
0.48
0.44
0.48
0.49
0.48
0.49
0.44
3.13
0.42
0.40
0.53
0.63
0.57
0.53
0.47
0.46
0.45
0.47
0.41
0.38
0.40
0.38
0.35
0.37
0.36
0.35
0.51
0.52
0.52
0.50
CorWatt	PkgWatt
17.52	130.33
0.54	130.34
0.45
0.46
0.43
0.49
0.51
0.50
0.50
0.43
3.15
0.46
0.39
0.51
0.61
0.59
0.51
0.44
0.47
0.45
0.50
0.42
0.38
0.39
0.40
0.38
0.35
0.38
0.36
0.53
0.53
0.50
0.51
CorWatt	PkgWatt
17.35	130.29
0.55	130.28
0.43
0.46
0.43
0.48
0.50
0.48
0.49
0.43
3.15
0.46
0.41
0.51
0.61
0.59
0.53
0.44
0.46
0.45
0.48
0.42
0.38
0.38
0.38
0.35
0.35
0.38
0.35
0.52
0.52
0.50
0.51
CorWatt	PkgWatt
17.51	130.28
0.53	130.29
0.43
0.46
0.43
0.49
0.50
0.49
0.49
0.43
3.16
0.42
0.40
0.51
0.61
0.57
0.52
0.45
0.49
0.48
0.50
0.43
0.39
0.40
0.39
0.37
0.37
0.41
0.38
0.52
0.51
0.51
0.50
CorWatt	PkgWatt
17.50	130.27
0.53	130.27
0.43
0.46
0.43
0.49
0.51
0.48
0.50
0.45
3.13
0.43
0.42
0.52
0.62
0.59
0.52
0.44
0.46
0.47
0.49
0.41
0.40
0.40
0.39
0.37
0.39
0.37
0.36
0.52
0.51
0.52
0.53
CorWatt	PkgWatt
17.40	130.22
0.54	130.22
0.46
0.47
0.44
0.49
0.49
0.48
0.50
0.42
3.13
0.41
0.40
0.52
0.62
0.58
0.53
0.45
0.47
0.45
0.48
0.42
0.39
0.39
0.38
0.35
0.39
0.36
0.36
0.51
0.51
0.50
0.49
CorWatt	PkgWatt
17.37	130.33
0.52	130.32
0.47
0.47
0.43
0.49
0.50
0.49
0.49
0.42
3.13
0.42
0.41
0.51
0.61
0.58
0.52
0.44
0.47
0.48
0.50
0.41
0.38
0.39
0.39
0.35
0.36
0.36
0.35
0.52
0.51
0.50
0.51
CorWatt	PkgWatt
17.50	130.39
0.51	130.40
0.51
0.48
0.44
0.52
0.51
0.49
0.49
0.42
3.13
0.41
0.40
0.51
0.61
0.57
0.53
0.46
0.46
0.46
0.51
0.43
0.38
0.39
0.39
0.36
0.37
0.37
0.36
0.53
0.51
0.50
0.50
CorWatt	PkgWatt
17.32	130.11
0.51	130.11
0.47
0.47
0.43
0.49
0.50
0.48
0.49
0.42
3.13
0.41
0.41
0.51
0.61
0.58
0.52
0.44
0.45
0.46
0.47
0.42
0.38
0.39
0.38
0.37
0.35
0.38
0.37
0.52
0.51
0.50
0.50
CorWatt	PkgWatt
17.56	130.40
0.52	130.40
0.45
0.47
0.43
0.49
0.49
0.48
0.50
0.43
3.14
0.43
0.41
0.51
0.62
0.60
0.52
0.46
0.48
0.46
0.50
0.42
0.38
0.39
0.38
0.37
0.37
0.45
0.38
0.52
0.51
0.50
0.49
CorWatt	PkgWatt
17.59	130.50
0.54	130.49
0.45
0.47
0.45
0.49
0.49
0.49
0.49
0.43
3.14
0.43
0.42
0.51
0.62
0.57
0.52
0.45
0.47
0.45
0.48
0.43
0.38
0.39
0.40
0.37
0.37
0.40
0.37
0.54
0.54
0.52
0.53
CorWatt	PkgWatt
17.32	130.14
0.55	130.15
0.43
0.48
0.44
0.49
0.50
0.49
0.51
0.42
2.94
0.45
0.39
0.51
0.61
0.56
0.51
0.44
0.46
0.45
0.52
0.42
0.38
0.39
0.40
0.37
0.41
0.37
0.35
0.54
0.53
0.52
0.50
CorWatt	PkgWatt
18.51	130.20
0.80	130.22
0.67
0.76
1.03
0.57
0.56
0.56
1.11
0.48
0.53
0.47
0.47
0.60
0.67
0.65
0.63
0.50
0.53
0.53
0.53
0.49
0.44
0.44
0.44
0.42
0.41
0.43
0.41
0.59
0.57
0.58
0.63
CorWatt	PkgWatt
16.84	128.74
1.49	128.73
0.80
0.87
0.80
0.50
0.51
0.49
0.60
0.40
0.50
0.40
0.41
0.52
0.54
0.56
0.53
0.44
0.46
0.45
0.48
0.42
0.38
0.39
0.38
0.35
0.35
0.35
0.35
0.53
0.51
0.52
0.56
CorWatt	PkgWatt
16.76	128.80
1.49	128.79
0.80
0.86
0.80
0.49
0.50
0.49
0.60
0.38
0.49
0.45
0.42
0.52
0.52
0.57
0.51
0.44
0.46
0.46
0.48
0.43
0.38
0.39
0.38
0.35
0.35
0.36
0.35
0.52
0.51
0.50
0.50
CorWatt	PkgWatt
16.86	128.84
0.84	128.85
0.80
0.87
1.47
0.51
0.51
0.49
0.60
0.40
0.47
0.44
0.41
0.52
0.52
0.59
0.53
0.45
0.46
0.46
0.48
0.43
0.39
0.39
0.38
0.35
0.35
0.40
0.36
0.52
0.51
0.50
0.50
CorWatt	PkgWatt
16.72	128.63
1.34	128.63
0.79
0.87
0.95
0.51
0.50
0.49
0.61
0.37
0.46
0.42
0.41
0.51
0.54
0.59
0.53
0.44
0.46
0.46
0.48
0.42
0.38
0.39
0.38
0.35
0.35
0.36
0.35
0.51
0.51
0.50
0.50
CorWatt	PkgWatt
16.90	128.94
0.84	128.92
0.78
0.87
1.47
0.49
0.51
0.49
0.60
0.42
0.48
0.47
0.42
0.52
0.55
0.59
0.51
0.45
0.46
0.46
0.48
0.42
0.38
0.38
0.38
0.35
0.37
0.36
0.36
0.52
0.50
0.50
0.49
CorWatt	PkgWatt
18.10	130.04
1.15	130.04
1.01
1.06
2.07
0.49
0.51
0.49
0.60
0.39
0.47
0.43
0.40
0.51
0.52
0.56
0.52
0.45
0.48
0.46
0.50
0.43
0.38
0.40
0.40
0.35
0.35
0.37
0.35
0.52
0.51
0.50
0.50
CorWatt	PkgWatt
19.82	131.39
1.29	131.40
2.04
1.29
2.28
0.50
0.51
0.49
0.61
0.39
0.45
0.43
0.41
0.52
0.53
0.58
0.51
0.46
0.47
0.47
0.49
0.45
0.39
0.41
0.41
0.36
0.35
0.37
0.35
0.52
0.51
0.50
0.49
CorWatt	PkgWatt
19.62	131.33
1.29	131.33
1.75
1.29
2.56
0.49
0.51
0.49
0.60
0.40
0.45
0.42
0.40
0.50
0.53
0.56
0.51
0.45
0.46
0.46
0.47
0.43
0.38
0.39
0.38
0.35
0.35
0.37
0.35
0.51
0.50
0.50
0.50
CorWatt	PkgWatt
19.98	131.54
1.29	131.54
3.03
1.29
1.28
0.50
0.51
0.51
0.62
0.38
0.45
0.48
0.39
0.51
0.53
0.56
0.50
0.44
0.46
0.47
0.48
0.45
0.40
0.39
0.39
0.37
0.38
0.39
0.36
0.54
0.55
0.54
0.54
CorWatt	PkgWatt
19.73	131.53
1.29	131.52
1.36
1.29
2.97
0.50
0.51
0.49
0.60
0.38
0.45
0.42
0.39
0.50
0.57
0.56
0.52
0.45
0.48
0.47
0.47
0.43
0.40
0.40
0.39
0.35
0.35
0.36
0.35
0.51
0.52
0.50
0.50
CorWatt	PkgWatt
19.89	131.56
1.29	131.57
3.04
1.29
1.28
0.50
0.54
0.50
0.61
0.38
0.45
0.42
0.43
0.51
0.56
0.56
0.51
0.47
0.51
0.48
0.49
0.43
0.39
0.40
0.39
0.35
0.36
0.36
0.35
0.52
0.51
0.51
0.50
CorWatt	PkgWatt
19.68	131.32
1.29	131.32
1.74
1.29
2.57
0.51
0.51
0.49
0.61
0.38
0.48
0.42
0.40
0.50
0.53
0.57
0.51
0.44
0.47
0.46
0.48
0.44
0.38
0.39
0.38
0.35
0.35
0.36
0.35
0.52
0.51
0.50
0.50
CorWatt	PkgWatt
19.96	131.56
1.29	131.57
1.58
1.29
2.73
0.50
0.51
0.51
0.61
0.41
0.45
0.43
0.40
0.52
0.52
0.57
0.50
0.46
0.48
0.47
0.50
0.45
0.40
0.40
0.40
0.37
0.37
0.40
0.40
0.52
0.53
0.51
0.49
CorWatt	PkgWatt
19.69	131.39
1.29	131.38
1.28
1.29
3.03
0.50
0.50
0.50
0.60
0.39
0.47
0.42
0.40
0.51
0.53
0.57
0.51
0.44
0.47
0.46
0.48
0.42
0.39
0.39
0.39
0.35
0.35
0.38
0.35
0.51
0.52
0.50
0.50
CorWatt	PkgWatt
19.74	131.37
1.29	131.38
2.30
1.29
2.02
0.50
0.51
0.49
0.59
0.40
0.47
0.44
0.42
0.50
0.53
0.57
0.51
0.44
0.46
0.46
0.48
0.42
0.39
0.40
0.39
0.35
0.36
0.38
0.35
0.52
0.51
0.50
0.49
CorWatt	PkgWatt
19.68	131.27
1.29	131.26
3.04
1.29
1.28
0.49
0.51
0.51
0.60
0.40
0.46
0.42
0.39
0.51
0.53
0.56
0.51
0.45
0.46
0.45
0.47
0.42
0.40
0.41
0.38
0.35
0.35
0.37
0.35
0.51
0.51
0.50
0.50
CorWatt	PkgWatt
19.52	131.03
0.93	131.05
0.91
0.94
1.82
0.59
0.58
1.04
0.69
0.43
0.52
0.49
0.44
0.57
0.62
0.63
0.60
0.49
0.50
0.50
0.53
0.51
0.44
0.45
0.43
0.43
0.41
0.41
0.41
0.56
0.55
0.54
0.54
CorWatt	PkgWatt
16.31	128.45
0.70	128.43
0.67
0.98
0.98
0.55
0.53
0.62
0.50
0.39
0.45
0.38
0.40
0.54
0.51
0.53
0.52
0.46
0.48
0.46
0.47
0.42
0.38
0.39
0.38
0.43
0.40
0.38
0.36
0.52
0.51
0.50
0.50
CorWatt	PkgWatt
16.27	128.18
0.72	128.19
0.69
0.74
1.10
0.56
0.51
0.61
0.50
0.39
0.45
0.43
0.39
0.51
0.50
0.52
0.51
0.44
0.47
0.46
0.50
0.43
0.38
0.40
0.40
0.43
0.39
0.41
0.37
0.53
0.53
0.50
0.52
CorWatt	PkgWatt
15.95	127.96
0.71	127.96
0.67
1.06
0.81
0.56
0.50
0.61
0.48
0.37
0.44
0.38
0.40
0.52
0.50
0.52
0.51
0.46
0.47
0.45
0.46
0.41
0.38
0.38
0.38
0.41
0.40
0.38
0.35
0.51
0.51
0.50
0.50
CorWatt	PkgWatt
16.13	128.21
0.72	128.21
0.68
1.03
0.81
0.55
0.50
0.60
0.49
0.38
0.44
0.41
0.39
0.50
0.51
0.52
0.51
0.46
0.47
0.47
0.49
0.42
0.38
0.39
0.38
0.42
0.41
0.40
0.37
0.51
0.51
0.50
0.49
CorWatt	PkgWatt
16.31	128.39
0.74	128.38
0.65
1.04
1.03
0.55
0.51
0.60
0.49
0.38
0.43
0.36
0.40
0.51
0.50
0.53
0.51
0.44
0.47
0.46
0.48
0.41
0.40
0.40
0.38
0.43
0.39
0.38
0.37
0.51
0.51
0.52
0.52
CorWatt	PkgWatt
18.53	133.06
0.59	133.07
0.47
4.28
0.47
0.56
0.50
0.59
0.50
0.37
0.43
0.38
0.39
0.50
0.50
0.52
0.51
0.45
0.46
0.46
0.48
0.42
0.38
0.39
0.39
0.40
0.39
0.37
0.36
0.52
0.51
0.51
0.50
CorWatt	PkgWatt
18.44	133.01
0.55	133.01
0.46
4.28
0.46
0.55
0.51
0.60
0.49
0.38
0.43
0.36
0.39
0.50
0.50
0.51
0.50
0.44
0.47
0.48
0.50
0.42
0.38
0.39
0.38
0.40
0.40
0.37
0.35
0.51
0.50
0.50
0.50
CorWatt	PkgWatt
18.41	133.20
0.54	133.20
0.46
4.28
0.44
0.57
0.51
0.60
0.49
0.37
0.43
0.37
0.38
0.50
0.50
0.51
0.50
0.44
0.46
0.46
0.50
0.43
0.39
0.39
0.38
0.40
0.39
0.36
0.35
0.51
0.51
0.50
0.49
CorWatt	PkgWatt
18.78	133.29
0.54	133.28
0.49
4.28
0.47
0.56
0.51
0.60
0.50
0.39
0.43
0.38
0.40
0.52
0.52
0.53
0.51
0.46
0.47
0.46
0.47
0.43
0.39
0.40
0.40
0.42
0.42
0.40
0.37
0.52
0.51
0.51
0.51
CorWatt	PkgWatt
18.66	133.27
0.54	133.28
0.48
4.28
0.44
0.57
0.51
0.60
0.50
0.39
0.43
0.38
0.40
0.52
0.51
0.54
0.51
0.44
0.48
0.46
0.50
0.42
0.39
0.39
0.39
0.42
0.40
0.40
0.37
0.51
0.50
0.50
0.50
CorWatt	PkgWatt
18.74	133.27
0.54	133.28
0.51
4.28
0.48
0.55
0.51
0.59
0.49
0.37
0.43
0.38
0.41
0.53
0.53
0.49
0.50
0.45
0.47
0.45
0.47
0.43
0.38
0.40
0.41
0.42
0.40
0.39
0.38
0.54
0.53
0.51
0.52
CorWatt	PkgWatt
18.59	133.27
0.53	133.27
0.48
4.29
0.44
0.56
0.51
0.59
0.50
0.38
0.45
0.42
0.38
0.51
0.53
0.49
0.51
0.44
0.46
0.45
0.48
0.43
0.38
0.39
0.39
0.41
0.40
0.40
0.35
0.53
0.52
0.52
0.49
CorWatt	PkgWatt
18.57	133.15
0.54	133.14
0.49
4.28
0.47
0.55
0.51
0.60
0.50
0.38
0.43
0.37
0.39
0.51
0.53
0.51
0.52
0.47
0.46
0.47
0.47
0.42
0.39
0.39
0.39
0.40
0.39
0.37
0.35
0.51
0.50
0.50
0.50
CorWatt	PkgWatt
18.62	133.28
0.56	133.29
0.46
4.28
0.44
0.55
0.51
0.60
0.49
0.40
0.45
0.38
0.40
0.53
0.55
0.51
0.53
0.44
0.46
0.46
0.48
0.42
0.39
0.39
0.39
0.40
0.39
0.35
0.35
0.53
0.52
0.52
0.49
CorWatt	PkgWatt
18.52	133.10
0.55	133.10
0.46
4.28
0.47
0.56
0.51
0.60
0.49
0.38
0.46
0.39
0.41
0.52
0.53
0.49
0.51
0.44
0.46
0.45
0.48
0.43
0.38
0.39
0.38
0.40
0.41
0.35
0.35
0.51
0.50
0.50
0.50
CorWatt	PkgWatt
18.57	133.37
0.57	133.37
0.47
4.28
0.45
0.58
0.52
0.59
0.50
0.38
0.44
0.38
0.39
0.50
0.52
0.49
0.50
0.45
0.46
0.45
0.48
0.42
0.39
0.39
0.39
0.40
0.39
0.40
0.36
0.51
0.51
0.50
0.49
CorWatt	PkgWatt
18.58	133.21
0.53	133.20
0.46
4.28
0.46
0.59
0.51
0.59
0.52
0.38
0.44
0.37
0.39
0.51
0.56
0.51
0.53
0.45
0.47
0.46
0.48
0.41
0.39
0.39
0.38
0.40
0.39
0.35
0.35
0.52
0.50
0.50
0.50
CorWatt	PkgWatt
18.48	130.42
0.62	130.45
0.52
0.76
0.75
0.90
0.78
0.71
0.65
0.45
0.52
0.49
0.49
0.60
0.64
0.63
0.58
0.55
0.55
0.56
0.87
0.49
0.44
0.45
0.44
0.48
0.46
0.42
0.43
0.57
0.58
0.55
0.55
CorWatt	PkgWatt
16.39	128.49
0.50	128.48
0.46
0.49
0.60
0.81
1.24
0.73
0.72
0.39
0.44
0.38
0.42
0.53
0.54
0.55
0.52
0.46
0.49
0.47
0.50
0.42
0.39
0.40
0.41
0.36
0.40
0.38
0.36
0.52
0.51
0.51
0.51
CorWatt	PkgWatt
16.15	128.21
0.49	128.21
0.45
0.48
0.58
0.82
1.23
0.73
0.72
0.40
0.44
0.37
0.40
0.52
0.56
0.50
0.51
0.44
0.46
0.45
0.48
0.42
0.38
0.40
0.40
0.35
0.39
0.42
0.35
0.51
0.51
0.50
0.49
CorWatt	PkgWatt
16.10	128.11
0.50	128.11
0.45
0.52
0.56
0.81
1.23
0.72
0.71
0.38
0.44
0.38
0.40
0.51
0.51
0.51
0.52
0.46
0.47
0.45
0.47
0.41
0.38
0.40
0.38
0.35
0.40
0.42
0.36
0.51
0.51
0.50
0.50
CorWatt	PkgWatt
16.37	128.31
0.49	128.32
0.45
0.50
0.59
0.81
1.22
0.74
0.73
0.38
0.45
0.43
0.38
0.51
0.51
0.51
0.51
0.44
0.46
0.46
0.48
0.43
0.38
0.39
0.38
0.38
0.42
0.44
0.36
0.53
0.54
0.53
0.54
CorWatt	PkgWatt
16.47	128.57
0.50	128.57
0.46
0.51
0.59
0.79
1.64
0.70
0.69
0.37
0.43
0.38
0.39
0.52
0.51
0.50
0.51
0.45
0.47
0.48
0.47
0.44
0.39
0.40
0.38
0.35
0.39
0.42
0.35
0.51
0.50
0.50
0.50
CorWatt	PkgWatt
17.71	130.16
0.54	130.16
0.44
0.47
0.57
0.70
3.19
0.61
0.61
0.37
0.44
0.38
0.39
0.50
0.50
0.50
0.51
0.47
0.46
0.47
0.49
0.42
0.39
0.39
0.38
0.35
0.39
0.43
0.35
0.51
0.51
0.50
0.49
CorWatt	PkgWatt
17.78	130.14
0.55	130.13
0.48
0.48
0.56
3.15
0.73
0.62
0.62
0.38
0.46
0.37
0.39
0.50
0.50
0.50
0.51
0.44
0.46
0.45
0.48
0.42
0.38
0.39
0.40
0.36
0.39
0.42
0.35
0.51
0.50
0.50
0.50
CorWatt	PkgWatt
17.91	130.22
0.57	130.23
0.45
0.49
0.57
0.72
3.16
0.63
0.62
0.38
0.43
0.38
0.40
0.50
0.50
0.50
0.50
0.45
0.46
0.45
0.48
0.43
0.40
0.40
0.40
0.36
0.41
0.43
0.37
0.52
0.53
0.51
0.49
CorWatt	PkgWatt
17.68	129.98
0.55	129.98
0.47
0.47
0.55
0.69
3.17
0.63
0.61
0.37
0.45
0.37
0.41
0.50
0.51
0.50
0.50
0.44
0.47
0.46
0.47
0.41
0.38
0.39
0.38
0.35
0.39
0.41
0.36
0.51
0.53
0.50
0.50
CorWatt	PkgWatt
17.67	130.13
0.53	130.13
0.49
0.48
0.55
0.69
3.19
0.61
0.61
0.38
0.45
0.39
0.40
0.50
0.50
0.50
0.51
0.44
0.45
0.45
0.47
0.42
0.38
0.38
0.38
0.35
0.39
0.42
0.35
0.52
0.51
0.50
0.49
CorWatt	PkgWatt
17.79	130.06
0.53	130.05
0.47
0.48
0.55
0.70
3.17
0.66
0.62
0.38
0.43
0.37
0.39
0.51
0.52
0.50
0.52
0.45
0.46
0.46
0.47
0.42
0.41
0.40
0.39
0.35
0.40
0.41
0.35
0.51
0.50
0.51
0.51
CorWatt	PkgWatt
17.88	130.16
0.53	130.16
0.49
0.49
0.55
2.60
1.29
0.62
0.61
0.37
0.43
0.39
0.38
0.53
0.55
0.52
0.52
0.46
0.46
0.45
0.48
0.44
0.39
0.40
0.38
0.35
0.40
0.43
0.35
0.51
0.51
0.50
0.49
CorWatt	PkgWatt
17.73	130.05
0.53	130.05
0.49
0.47
0.57
3.17
0.70
0.61
0.61
0.39
0.44
0.38
0.39
0.51
0.53
0.51
0.51
0.45
0.46
0.45
0.47
0.41
0.38
0.38
0.38
0.35
0.39
0.42
0.35
0.51
0.51
0.50
0.50
CorWatt	PkgWatt
17.87	130.20
0.54	130.21
0.47
0.44
0.54
3.18
0.70
0.63
0.61
0.37
0.44
0.42
0.38
0.50
0.52
0.53
0.51
0.44
0.49
0.45
0.49
0.41
0.38
0.38
0.39
0.38
0.39
0.44
0.37
0.53
0.53
0.50
0.51
CorWatt	PkgWatt
17.61	129.92
0.53	129.91
0.45
0.45
0.56
3.16
0.69
0.63
0.61
0.38
0.43
0.37
0.39
0.51
0.52
0.51
0.50
0.44
0.46
0.45
0.47
0.41
0.38
0.38
0.38
0.35
0.39
0.42
0.35
0.51
0.50
0.50
0.50
CorWatt	PkgWatt
17.75	129.99
0.52	129.99
0.44
0.44
0.55
0.74
3.16
0.62
0.61
0.38
0.44
0.37
0.38
0.50
0.51
0.51
0.51
0.45
0.48
0.47
0.49
0.42
0.38
0.38
0.38
0.37
0.41
0.44
0.37
0.51
0.50
0.50
0.49
CorWatt	PkgWatt
17.21	129.59
0.54	129.60
0.47
0.47
0.59
0.67
2.22
0.58
0.56
0.38
0.44
0.37
0.40
0.51
0.82
0.53
0.51
0.44
0.46
0.46
0.47
0.44
0.43
0.43
0.40
0.37
0.42
0.43
0.35
0.51
0.51
0.52
0.52
CorWatt	PkgWatt
17.65	129.56
0.80	129.56
0.51
0.56
0.53
0.73
0.79
0.94
1.08
0.41
0.46
0.42
0.41
0.59
0.58
0.56
0.55
0.50
0.51
0.50
0.51
0.48
0.50
0.45
0.44
0.40
0.42
0.42
0.41
0.56
0.55
0.55
0.54
CorWatt	PkgWatt
16.25	128.16
0.57	128.15
0.44
0.53
0.48
0.74
0.78
0.80
1.25
0.38
0.45
0.37
0.40
0.55
0.50
0.51
0.52
0.44
0.47
0.48
0.50
0.41
0.46
0.39
0.38
0.35
0.37
0.35
0.35
0.51
0.51
0.50
0.50
CorWatt	PkgWatt
16.21	128.12
0.57	128.13
0.46
0.56
0.45
0.74
0.77
0.74
1.31
0.38
0.44
0.38
0.39
0.55
0.50
0.52
0.51
0.46
0.47
0.46
0.49
0.42
0.44
0.39
0.38
0.35
0.35
0.36
0.35
0.52
0.51
0.50
0.49
CorWatt	PkgWatt
16.07	128.12
0.58	128.12
0.44
0.54
0.43
0.73
0.73
0.74
1.32
0.38
0.43
0.36
0.38
0.55
0.52
0.53
0.50
0.44
0.46
0.46
0.47
0.41
0.43
0.38
0.38
0.37
0.35
0.37
0.36
0.51
0.50
0.50
0.50
CorWatt	PkgWatt
16.65	128.48
0.57	128.49
0.45
0.56
0.47
0.73
0.73
1.02
1.08
0.39
0.43
0.42
0.41
0.56
0.56
0.55
0.51
0.47
0.49
0.48
0.50
0.44
0.39
0.41
0.39
0.37
0.38
0.46
0.37
0.52
0.51
0.51
0.51
CorWatt	PkgWatt
18.34	130.48
0.61	130.48
0.53
0.54
0.50
0.56
0.59
3.13
0.59
0.40
0.45
0.41
0.42
0.57
0.58
0.52
0.54
0.48
0.47
0.49
0.50
0.43
0.38
0.41
0.42
0.39
0.40
0.44
0.39
0.55
0.55
0.54
0.54
CorWatt	PkgWatt
17.59	130.08
0.58	130.07
0.48
0.52
0.44
0.49
0.51
3.39
0.52
0.39
0.42
0.42
0.38
0.55
0.57
0.49
0.50
0.44
0.46
0.45
0.48
0.41
0.38
0.39
0.38
0.36
0.37
0.38
0.35
0.53
0.53
0.52
0.50
CorWatt	PkgWatt
17.45	130.16
0.57	130.16
0.47
0.52
0.45
0.49
0.53
3.38
0.53
0.37
0.42
0.37
0.38
0.55
0.55
0.50
0.51
0.46
0.45
0.47
0.47
0.41
0.38
0.38
0.38
0.35
0.35
0.35
0.35
0.52
0.51
0.50
0.50
CorWatt	PkgWatt
17.46	130.05
0.57	130.05
0.47
0.52
0.44
0.49
0.51
3.38
0.51
0.38
0.44
0.39
0.39
0.57
0.58
0.49
0.51
0.44
0.45
0.45
0.47
0.42
0.38
0.38
0.38
0.35
0.35
0.35
0.35
0.53
0.51
0.52
0.49
CorWatt	PkgWatt
17.53	130.07
0.57	130.07
0.49
0.51
0.45
0.50
0.52
3.38
0.51
0.40
0.44
0.39
0.41
0.55
0.55
0.49
0.51
0.44
0.46
0.45
0.47
0.42
0.38
0.39
0.38
0.35
0.35
0.39
0.35
0.52
0.51
0.50
0.50
CorWatt	PkgWatt
17.57	130.24
0.58	130.24
0.48
0.51
0.47
0.52
0.54
3.38
0.52
0.37
0.43
0.38
0.38
0.56
0.55
0.51
0.50
0.45
0.45
0.45
0.48
0.41
0.38
0.39
0.38
0.35
0.35
0.41
0.35
0.53
0.50
0.50
0.51
CorWatt	PkgWatt
17.55	130.06
0.57	130.06
0.50
0.53
0.45
0.51
0.53
3.38
0.53
0.37
0.44
0.37
0.39
0.55
0.59
0.50
0.52
0.44
0.46
0.45
0.47
0.40
0.38
0.38
0.38
0.35
0.36
0.39
0.35
0.52
0.50
0.50
0.50
CorWatt	PkgWatt
17.55	130.03
0.60	130.02
0.47
0.52
0.45
0.49
0.52
3.38
0.51
0.40
0.47
0.40
0.41
0.56
0.57
0.50
0.51
0.44
0.45
0.45
0.47
0.42
0.38
0.38
0.38
0.35
0.35
0.36
0.36
0.51
0.50
0.50
0.49
CorWatt	PkgWatt
17.47	130.10
0.57	130.15
0.46
0.51
0.46
0.49
0.52
3.38
0.51
0.38
0.44
0.37
0.40
0.55
0.55
0.49
0.51
0.44
0.48
0.47
0.47
0.41
0.38
0.40
0.40
0.35
0.35
0.35
0.35
0.52
0.51
0.50
0.50
CorWatt	PkgWatt
17.53	130.10
0.58	130.06
0.45
0.52
0.49
0.49
0.51
3.38
0.53
0.39
0.43
0.37
0.41
0.57
0.55
0.50
0.51
0.46
0.46
0.45
0.47
0.41
0.38
0.40
0.40
0.35
0.35
0.35
0.35
0.52
0.51
0.50
0.50
CorWatt	PkgWatt
17.44	129.98
0.57	129.98
0.43
0.52
0.46
0.49
0.53
3.39
0.52
0.38
0.44
0.38
0.39
0.53
0.57
0.52
0.52
0.45
0.46
0.45
0.46
0.41
0.38
0.38
0.38
0.35
0.35
0.37
0.35
0.51
0.52
0.50
0.50
CorWatt	PkgWatt
18.09	130.63
0.58	130.64
0.44
0.54
0.52
0.49
0.52
3.38
0.54
0.37
0.44
0.45
0.38
0.57
0.60
0.53
0.53
0.47
0.49
0.45
0.50
0.42
0.41
0.38
0.38
0.37
0.45
0.37
0.35
0.54
0.53
0.53
0.56
CorWatt	PkgWatt
18.45	130.30
1.11	130.29
0.56
0.62
0.56
0.62
0.64
1.38
0.73
0.43
0.49
0.43
0.47
0.60
0.63
0.59
0.58
0.55
0.53
0.52
0.54
0.52
0.48
0.47
0.46
0.41
0.42
0.41
0.40
0.61
0.56
0.56
0.58
CorWatt	PkgWatt
16.83	128.61
0.59	128.60
0.45
0.51
0.49
0.84
0.85
0.88
1.55
0.38
0.44
0.37
0.38
0.54
0.54
0.49
0.50
0.49
0.46
0.47
0.50
0.45
0.43
0.39
0.38
0.35
0.36
0.36
0.35
0.51
0.51
0.50
0.49
CorWatt	PkgWatt
16.64	128.51
0.58	128.51
0.48
0.51
0.49
0.84
0.86
0.88
1.54
0.36
0.45
0.37
0.39
0.54
0.56
0.48
0.50
0.46
0.45
0.45
0.48
0.39
0.41
0.39
0.38
0.35
0.35
0.35
0.35
0.51
0.50
0.50
0.50
CorWatt	PkgWatt
16.83	128.72
0.60	128.72
0.44
0.53
0.51
0.84
0.85
1.49
0.92
0.38
0.43
0.38
0.40
0.53
0.57
0.48
0.50
0.48
0.46
0.45
0.48
0.40
0.43
0.41
0.40
0.35
0.37
0.37
0.36
0.52
0.52
0.50
0.49
CorWatt	PkgWatt
16.74	128.55
0.59	128.55
0.46
0.55
0.45
0.84
0.86
1.54
0.85
0.38
0.44
0.37
0.41
0.54
0.56
0.49
0.51
0.47
0.46
0.46
0.48
0.39
0.42
0.39
0.39
0.35
0.35
0.36
0.35
0.51
0.52
0.50
0.50
CorWatt	PkgWatt
16.75	128.59
0.59	128.60
0.46
0.58
0.43
0.84
0.85
1.54
0.85
0.38
0.46
0.40
0.40
0.53
0.57
0.49
0.51
0.47
0.45
0.45
0.47
0.39
0.41
0.39
0.38
0.35
0.39
0.37
0.35
0.51
0.50
0.50
0.49
CorWatt	PkgWatt
17.21	128.91
0.58	128.90
0.44
0.56
0.43
0.94
0.95
1.85
0.95
0.37
0.43
0.37
0.38
0.54
0.59
0.48
0.53
0.46
0.47
0.45
0.47
0.38
0.42
0.40
0.38
0.35
0.35
0.36
0.35
0.51
0.50
0.50
0.50
CorWatt	PkgWatt
20.07	131.52
0.60	131.52
0.46
0.54
0.44
1.34
1.35
2.35
2.13
0.38
0.45
0.40
0.38
0.56
0.60
0.49
0.53
0.52
0.47
0.46
0.49
0.42
0.44
0.41
0.39
0.36
0.36
0.36
0.35
0.52
0.51
0.51
0.50
CorWatt	PkgWatt
19.84	131.21
0.60	131.20
0.45
0.56
0.45
1.34
1.35
3.14
1.34
0.41
0.44
0.38
0.39
0.54
0.57
0.49
0.51
0.46
0.48
0.45
0.47
0.39
0.43
0.40
0.38
0.35
0.35
0.36
0.35
0.51
0.50
0.50
0.52
CorWatt	PkgWatt
19.91	131.29
0.59	131.29
0.46
0.56
0.44
1.34
1.35
2.34
2.14
0.37
0.44
0.41
0.38
0.53
0.57
0.49
0.51
0.44
0.49
0.45
0.50
0.39
0.42
0.39
0.40
0.37
0.35
0.38
0.37
0.52
0.52
0.51
0.52
CorWatt	PkgWatt
19.63	130.98
0.59	130.98
0.43
0.54
0.45
1.34
1.35
1.99
2.50
0.37
0.43
0.38
0.38
0.53
0.57
0.48
0.50
0.45
0.46
0.45
0.47
0.38
0.42
0.39
0.38
0.35
0.35
0.35
0.35
0.51
0.50
0.50
0.50
CorWatt	PkgWatt
19.79	131.31
0.59	131.31
0.45
0.54
0.44
1.34
1.35
1.34
3.15
0.38
0.43
0.37
0.38
0.53
0.58
0.48
0.51
0.46
0.48
0.47
0.49
0.39
0.42
0.39
0.38
0.36
0.37
0.37
0.36
0.51
0.50
0.50
0.49
CorWatt	PkgWatt
19.86	131.21
0.58	131.20
0.44
0.55
0.44
1.34
1.35
2.19
2.28
0.39
0.44
0.37
0.40
0.53
0.57
0.51
0.51
0.45
0.46
0.45
0.48
0.39
0.43
0.41
0.39
0.36
0.37
0.36
0.36
0.51
0.51
0.52
0.52
CorWatt	PkgWatt
19.73	131.11
0.59	131.12
0.46
0.56
0.46
1.34
1.35
3.14
1.34
0.39
0.44
0.38
0.39
0.53
0.57
0.49
0.51
0.45
0.46
0.45
0.48
0.39
0.42
0.39
0.38
0.35
0.35
0.36
0.35
0.51
0.50
0.50
0.49
CorWatt	PkgWatt
19.74	131.24
0.58	131.24
0.44
0.55
0.44
1.34
1.35
3.14
1.34
0.37
0.44
0.37
0.39
0.53
0.56
0.48
0.51
0.44
0.47
0.47
0.50
0.38
0.43
0.39
0.38
0.35
0.37
0.36
0.35
0.51
0.50
0.50
0.50
CorWatt	PkgWatt
19.70	131.20
0.59	131.20
0.46
0.55
0.44
1.34
1.35
3.15
1.33
0.37
0.43
0.37
0.38
0.53
0.59
0.49
0.50
0.44
0.46
0.45
0.49
0.40
0.43
0.39
0.38
0.35
0.35
0.35
0.35
0.51
0.50
0.51
0.49
CorWatt	PkgWatt
19.79	131.14
0.57	131.13
0.44
0.54
0.44
1.34
1.35
1.85
2.64
0.38
0.44
0.37
0.39
0.54
0.59
0.50
0.51
0.45
0.46
0.45
0.47
0.39
0.42
0.39
0.38
0.37
0.35
0.37
0.37
0.51
0.50
0.50
0.50
CorWatt	PkgWatt
18.66	130.13
0.57	130.15
0.44
0.54
0.44
1.12
1.14
2.52
1.15
0.37
0.44
0.39
0.40
0.53
0.59
0.50
0.52
0.47
0.47
0.46
0.50
0.39
0.43
0.39
0.38
0.36
0.36
0.39
0.37
0.51
0.50
0.50
0.51
CorWatt	PkgWatt
20.57	134.84
0.65	134.85
0.56
0.58
0.58
0.53
0.56
0.59
0.56
0.45
0.50
0.45
0.47
0.58
0.57
0.56
0.59
0.55
3.55
0.61
0.60
0.47
0.48
0.46
1.03
0.43
0.43
0.43
0.42
0.58
0.59
0.56
0.59
CorWatt	PkgWatt
20.16	137.43
0.53	137.41
0.45
0.51
0.49
0.48
0.50
0.53
0.49
0.37
0.44
0.41
0.38
0.50
0.50
0.48
0.51
0.47
5.82
0.53
0.52
0.41
0.43
0.41
0.50
0.35
0.37
0.37
0.35
0.53
0.52
0.52
0.50
CorWatt	PkgWatt
20.19	137.35
0.53	137.34
0.45
0.50
0.51
0.49
0.50
0.54
0.50
0.37
0.43
0.37
0.40
0.51
0.50
0.50
0.53
0.49
5.81
0.54
0.52
0.40
0.43
0.41
0.50
0.35
0.36
0.36
0.35
0.52
0.51
0.50
0.50
CorWatt	PkgWatt
20.19	137.47
0.52	137.49
0.45
0.48
0.52
0.48
0.49
0.51
0.49
0.41
0.46
0.39
0.40
0.52
0.52
0.49
0.51
0.47
5.83
0.53
0.53
0.41
0.43
0.39
0.49
0.35
0.35
0.35
0.35
0.53
0.51
0.52
0.49
CorWatt	PkgWatt
20.03	137.48
0.52	137.48
0.44
0.50
0.50
0.48
0.50
0.50
0.48
0.40
0.44
0.39
0.40
0.51
0.50
0.48
0.51
0.47
5.82
0.52
0.53
0.40
0.43
0.39
0.49
0.35
0.35
0.35
0.35
0.52
0.51
0.50
0.50
CorWatt	PkgWatt
20.14	137.55
0.54	137.55
0.44
0.52
0.50
0.51
0.52
0.49
0.49
0.37
0.44
0.38
0.38
0.51
0.50
0.48
0.51
0.49
5.82
0.57
0.53
0.40
0.44
0.39
0.49
0.35
0.35
0.38
0.36
0.52
0.50
0.50
0.50
CorWatt	PkgWatt
20.20	137.65
0.52	137.64
0.44
0.50
0.51
0.51
0.51
0.51
0.50
0.37
0.44
0.37
0.39
0.51
0.53
0.50
0.53
0.48
5.83
0.53
0.53
0.40
0.44
0.39
0.49
0.35
0.35
0.36
0.35
0.52
0.51
0.51
0.51
CorWatt	PkgWatt
20.12	137.62
0.54	137.63
0.44
0.47
0.54
0.49
0.51
0.49
0.49
0.39
0.46
0.40
0.40
0.52
0.52
0.50
0.50
0.47
5.83
0.53
0.53
0.40
0.43
0.39
0.49
0.35
0.35
0.35
0.37
0.51
0.50
0.50
0.49
CorWatt	PkgWatt
20.12	137.86
0.52	137.86
0.47
0.47
0.52
0.49
0.52
0.50
0.49
0.37
0.43
0.37
0.39
0.51
0.50
0.49
0.51
0.47
5.83
0.55
0.52
0.40
0.43
0.39
0.50
0.35
0.39
0.36
0.35
0.52
0.51
0.50
0.50
CorWatt	PkgWatt
20.03	137.57
0.53	137.57
0.46
0.45
0.50
0.49
0.50
0.49
0.50
0.40
0.43
0.37
0.40
0.52
0.51
0.48
0.50
0.48
5.83
0.52
0.53
0.40
0.45
0.40
0.50
0.35
0.35
0.35
0.35
0.51
0.50
0.50
0.49
CorWatt	PkgWatt
20.20	137.59
0.52	137.57
0.47
0.45
0.50
0.49
0.51
0.51
0.49
0.38
0.44
0.38
0.39
0.51
0.52
0.49
0.51
0.51
5.83
0.53
0.53
0.40
0.43
0.41
0.50
0.35
0.36
0.36
0.37
0.53
0.51
0.50
0.50
CorWatt	PkgWatt
20.44	137.82
0.52	137.84
0.49
0.45
0.54
0.48
0.50
0.50
0.53
0.38
0.44
0.42
0.38
0.53
0.52
0.48
0.51
0.49
5.83
0.54
0.53
0.41
0.42
0.39
0.48
0.37
0.37
0.43
0.35
0.53
0.55
0.53
0.55
CorWatt	PkgWatt
20.05	137.66
0.51	137.65
0.48
0.46
0.49
0.48
0.51
0.50
0.49
0.37
0.44
0.37
0.40
0.51
0.51
0.48
0.50
0.49
5.82
0.52
0.52
0.41
0.42
0.42
0.49
0.35
0.35
0.38
0.35
0.51
0.51
0.50
0.50
CorWatt	PkgWatt
20.27	137.77
0.53	137.75
0.48
0.46
0.54
0.49
0.49
0.50
0.50
0.39
0.44
0.37
0.39
0.50
0.53
0.49
0.51
0.51
5.83
0.55
0.56
0.41
0.43
0.40
0.49
0.36
0.36
0.37
0.36
0.51
0.51
0.51
0.50
CorWatt	PkgWatt
20.48	137.84
0.52	137.84
0.50
0.47
0.51
0.50
0.51
0.51
0.52
0.43
0.45
0.38
0.41
0.51
0.53
0.49
0.53
0.49
5.84
0.50
0.51
0.41
0.43
0.42
0.49
0.38
0.40
0.42
0.36
0.52
0.51
0.51
0.51
CorWatt	PkgWatt
20.32	137.80
0.53	137.82
0.46
0.46
0.51
0.48
0.50
0.52
0.52
0.38
0.47
0.38
0.40
0.50
0.52
0.49
0.50
0.50
5.83
0.51
0.51
0.42
0.44
0.42
0.51
0.39
0.36
0.39
0.37
0.52
0.53
0.51
0.49
CorWatt	PkgWatt
20.08	137.53
0.54	137.53
0.48
0.47
0.50
0.48
0.50
0.51
0.48
0.39
0.46
0.37
0.41
0.50
0.52
0.48
0.50
0.48
5.83
0.49
0.50
0.40
0.42
0.40
0.50
0.39
0.35
0.36
0.35
0.51
0.52
0.50
0.50
CorWatt	PkgWatt
19.52	133.38
0.61	133.40
0.53
0.54
0.73
0.55
0.57
0.87
0.56
0.77
0.54
0.45
0.47
0.57
0.58
0.56
0.58
0.56
2.27
0.55
0.56
0.49
0.50
0.48
0.55
0.48
0.44
0.50
0.43
0.57
0.56
0.55
0.56
CorWatt	PkgWatt
17.83	130.50
0.57	130.48
0.45
0.50
0.56
0.54
0.55
3.22
0.59
0.38
0.44
0.38
0.40
0.52
0.55
0.51
0.54
0.48
0.48
0.47
0.48
0.40
0.44
0.41
0.40
0.40
0.35
0.43
0.35
0.52
0.51
0.51
0.51
CorWatt	PkgWatt
17.71	130.31
0.58	130.31
0.45
0.51
0.55
0.51
0.53
3.19
0.54
0.39
0.44
0.39
0.39
0.53
0.54
0.50
0.52
0.50
0.48
0.45
0.49
0.42
0.43
0.42
0.39
0.39
0.37
0.44
0.35
0.51
0.51
0.50
0.49
CorWatt	PkgWatt
17.72	130.46
0.56	130.46
0.45
0.52
0.56
0.52
0.54
3.17
0.55
0.39
0.45
0.39
0.40
0.51
0.54
0.50
0.52
0.47
0.47
0.46
0.48
0.41
0.42
0.40
0.39
0.40
0.37
0.44
0.37
0.53
0.52
0.51
0.51
CorWatt	PkgWatt
17.62	130.20
0.58	130.20
0.46
0.50
0.54
0.51
0.53
3.16
0.54
0.38
0.44
0.41
0.39
0.50
0.53
0.49
0.51
0.44
0.48
0.47
0.50
0.40
0.41
0.40
0.40
0.40
0.35
0.43
0.36
0.54
0.53
0.52
0.51
CorWatt	PkgWatt
17.58	130.25
0.57	130.24
0.44
0.50
0.56
0.52
0.55
3.16
0.54
0.38
0.44
0.37
0.40
0.51
0.54
0.49
0.51
0.48
0.46
0.46
0.47
0.39
0.42
0.42
0.41
0.39
0.36
0.40
0.36
0.52
0.51
0.51
0.51
CorWatt	PkgWatt
17.47	130.10
0.57	130.11
0.44
0.51
0.55
0.51
0.53
3.19
0.53
0.38
0.44
0.36
0.38
0.50
0.52
0.49
0.51
0.45
0.48
0.47
0.50
0.40
0.41
0.39
0.38
0.41
0.37
0.41
0.36
0.51
0.50
0.50
0.49
CorWatt	PkgWatt
17.51	130.24
0.57	130.24
0.43
0.50
0.54
0.51
0.54
3.17
0.53
0.40
0.44
0.37
0.40
0.51
0.53
0.51
0.51
0.45
0.46
0.45
0.48
0.39
0.42
0.41
0.39
0.41
0.37
0.42
0.35
0.51
0.51
0.51
0.51
CorWatt	PkgWatt
17.38	130.04
0.57	130.04
0.45
0.50
0.56
0.51
0.53
3.16
0.53
0.38
0.44
0.38
0.39
0.51
0.53
0.49
0.51
0.45
0.46
0.45
0.48
0.40
0.41
0.39
0.39
0.39
0.35
0.41
0.35
0.51
0.50
0.50
0.49
CorWatt	PkgWatt
17.51	130.18
0.57	130.18
0.44
0.50
0.55
0.51
0.54
3.17
0.54
0.38
0.43
0.37
0.39
0.51
0.53
0.51
0.52
0.44
0.47
0.48
0.50
0.40
0.43
0.39
0.39
0.39
0.37
0.41
0.35
0.52
0.50
0.50
0.50
CorWatt	PkgWatt
17.38	130.00
0.57	130.01
0.46
0.51
0.55
0.53
0.53
3.16
0.53
0.39
0.43
0.37
0.39
0.50
0.52
0.49
0.51
0.44
0.45
0.45
0.50
0.39
0.41
0.39
0.38
0.39
0.35
0.41
0.35
0.51
0.50
0.50
0.49
CorWatt	PkgWatt
17.33	129.95
0.57	129.95
0.45
0.46
0.57
0.51
0.53
3.17
0.53
0.37
0.43
0.37
0.39
0.51
0.53
0.51
0.50
0.44
0.45
0.46
0.47
0.39
0.41
0.38
0.38
0.40
0.35
0.43
0.36
0.51
0.50
0.50
0.50
CorWatt	PkgWatt
17.49	130.06
0.57	130.06
0.44
0.46
0.57
0.51
0.53
3.16
0.56
0.39
0.43
0.39
0.40
0.51
0.54
0.51
0.51
0.45
0.45
0.45
0.50
0.39
0.43
0.38
0.38
0.43
0.37
0.40
0.37
0.51
0.50
0.50
0.49
CorWatt	PkgWatt
17.76	130.31
0.58	130.31
0.47
0.46
0.58
0.51
0.53
3.18
0.55
0.37
0.45
0.41
0.41
0.51
0.51
0.49
0.51
0.49
0.46
0.46
0.48
0.41
0.42
0.39
0.41
0.41
0.38
0.42
0.38
0.54
0.53
0.52
0.53
CorWatt	PkgWatt
17.37	130.00
0.57	130.00
0.43
0.49
0.55
0.51
0.52
3.16
0.54
0.38
0.43
0.38
0.38
0.51
0.50
0.49
0.50
0.46
0.46
0.45
0.48
0.39
0.42
0.38
0.38
0.39
0.36
0.42
0.35
0.53
0.51
0.52
0.51
CorWatt	PkgWatt
17.40	129.98
0.57	129.99
0.44
0.50
0.56
0.51
0.53
3.16
0.55
0.38
0.44
0.37
0.40
0.51
0.50
0.50
0.52
0.48
0.45
0.48
0.47
0.39
0.42
0.39
0.38
0.38
0.35
0.42
0.35
0.51
0.51
0.50
0.50
CorWatt	PkgWatt
17.53	130.24
0.57	130.23
0.46
0.52
0.55
0.51
0.54
3.17
0.54
0.39
0.47
0.40
0.40
0.52
0.52
0.50
0.52
0.46
0.45
0.45
0.48
0.41
0.42
0.39
0.38
0.39
0.35
0.40
0.35
0.52
0.51
0.51
0.49
CorWatt	PkgWatt
17.30	129.76
0.57	129.76
0.44
0.50
0.54
0.51
0.53
2.92
0.55
0.41
0.46
0.39
0.42
0.52
0.51
0.51
0.52
0.46
0.46
0.45
0.48
0.39
0.43
0.39
0.39
0.40
0.35
0.40
0.35
0.52
0.51
0.50
0.50
CorWatt	PkgWatt
18.02	129.88
0.63	129.89
0.51
0.53
0.53
0.56
0.57
0.63
0.61
0.41
0.47
0.42
0.44
0.55
0.53
0.54
0.54
0.52
0.51
0.50
0.53
0.52
0.51
0.46
0.46
0.83
0.76
0.56
0.55
0.57
0.90
0.81
0.56
CorWatt	PkgWatt
16.53	128.58
0.57	128.57
0.45
0.50
0.43
0.50
0.50
0.57
0.50
0.38
0.44
0.37
0.40
0.51
0.53
0.50
0.53
0.45
0.46
0.45
0.49
0.45
0.42
0.40
0.38
0.84
1.08
0.63
0.62
0.52
0.52
0.63
0.50
CorWatt	PkgWatt
16.53	128.43
0.56	128.43
0.44
0.51
0.44
0.48
0.50
0.54
0.50
0.41
0.47
0.41
0.40
0.52
0.51
0.50
0.51
0.46
0.45
0.45
0.48
0.45
0.42
0.39
0.38
0.66
1.25
0.64
0.63
0.52
0.52
0.63
0.50
CorWatt	PkgWatt
16.53	128.41
0.59	128.40
0.44
0.49
0.47
0.49
0.51
0.56
0.52
0.37
0.44
0.37
0.39
0.51
0.50
0.49
0.51
0.46
0.47
0.48
0.47
0.44
0.43
0.39
0.40
0.66
1.26
0.65
0.62
0.53
0.51
0.62
0.51
CorWatt	PkgWatt
16.46	128.41
0.56	128.41
0.43
0.48
0.44
0.48
0.51
0.55
0.51
0.40
0.44
0.38
0.40
0.52
0.51
0.49
0.51
0.47
0.45
0.45
0.48
0.39
0.44
0.40
0.40
0.66
1.27
0.68
0.62
0.52
0.51
0.63
0.50
CorWatt	PkgWatt
17.34	129.20
0.55	129.20
0.43
0.50
0.46
0.50
0.50
0.55
0.49
0.39
0.45
0.41
0.40
0.51
0.52
0.49
0.51
0.49
0.46
0.45
0.47
0.39
0.41
0.40
0.39
0.78
1.69
0.80
0.73
0.53
0.52
0.64
0.51
CorWatt	PkgWatt
19.73	131.23
0.57	131.24
0.43
0.47
0.49
0.48
0.51
0.51
0.52
0.39
0.44
0.41
0.41
0.51
0.54
0.51
0.50
0.46
0.45
0.45
0.47
0.39
0.41
0.39
0.38
2.61
1.54
1.07
1.05
0.56
0.56
0.67
0.57
CorWatt	PkgWatt
19.59	131.17
0.56	131.15
0.45
0.47
0.47
0.49
0.49
0.50
0.49
0.40
0.43
0.39
0.40
0.51
0.52
0.49
0.51
0.47
0.46
0.45
0.47
0.40
0.42
0.41
0.38
1.09
3.08
1.11
1.09
0.53
0.52
0.63
0.51
CorWatt	PkgWatt
19.46	131.09
0.56	131.10
0.42
0.45
0.49
0.49
0.49
0.48
0.48
0.37
0.43
0.39
0.39
0.50
0.52
0.49
0.51
0.48
0.45
0.46
0.50
0.39
0.42
0.38
0.38
1.09
3.08
1.11
1.09
0.52
0.51
0.63
0.50
CorWatt	PkgWatt
19.40	131.16
0.56	131.16
0.45
0.47
0.46
0.48
0.52
0.50
0.50
0.38
0.46
0.37
0.39
0.51
0.52
0.49
0.51
0.47
0.45
0.45
0.48
0.38
0.41
0.39
0.38
1.05
3.08
1.07
1.05
0.52
0.51
0.63
0.51
CorWatt	PkgWatt
19.62	131.21
0.57	131.21
0.46
0.46
0.48
0.49
0.49
0.49
0.49
0.38
0.45
0.38
0.40
0.51
0.53
0.49
0.51
0.47
0.46
0.45
0.48
0.40
0.43
0.40
0.39
3.07
1.10
1.11
1.10
0.53
0.53
0.63
0.50
CorWatt	PkgWatt
19.68	131.21
0.57	131.21
0.46
0.48
0.47
0.49
0.49
0.50
0.50
0.38
0.44
0.38
0.42
0.52
0.53
0.52
0.53
0.47
0.46
0.46
0.48
0.38
0.41
0.39
0.38
1.10
3.07
1.11
1.10
0.52
0.54
0.62
0.52
CorWatt	PkgWatt
19.52	131.12
0.56	131.12
0.46
0.45
0.46
0.49
0.49
0.48
0.49
0.39
0.46
0.39
0.41
0.50
0.52
0.49
0.51
0.46
0.46
0.46
0.48
0.39
0.41
0.39
0.38
2.78
1.39
1.11
1.10
0.52
0.52
0.63
0.50
CorWatt	PkgWatt
19.51	131.21
0.55	131.21
0.46
0.45
0.46
0.49
0.49
0.51
0.52
0.38
0.44
0.37
0.39
0.51
0.54
0.49
0.53
0.46
0.46
0.45
0.47
0.38
0.43
0.40
0.38
3.08
1.09
1.10
1.08
0.52
0.51
0.61
0.51
CorWatt	PkgWatt
19.53	131.11
0.56	131.11
0.46
0.46
0.48
0.49
0.49
0.48
0.49
0.38
0.44
0.39
0.38
0.53
0.54
0.49
0.52
0.50
0.45
0.45
0.48
0.41
0.44
0.40
0.38
1.83
2.32
1.08
1.07
0.52
0.51
0.62
0.50
CorWatt	PkgWatt
19.75	131.22
0.55	131.22
0.47
0.45
0.47
0.49
0.49
0.50
0.51
0.40
0.44
0.42
0.40
0.53
0.54
0.50
0.51
0.47
0.48
0.48
0.49
0.39
0.42
0.39
0.40
1.10
2.92
1.11
1.26
0.53
0.51
0.62
0.51
CorWatt	PkgWatt
19.57	131.18
0.56	131.18
0.47
0.45
0.46
0.49
0.50
0.48
0.49
0.38
0.43
0.39
0.38
0.51
0.53
0.49
0.50
0.44
0.48
0.47
0.50
0.39
0.42
0.38
0.40
1.10
2.96
1.11
1.22
0.54
0.53
0.63
0.52
CorWatt	PkgWatt
18.89	130.54
0.66	130.58
0.58
0.58
0.59
0.64
0.60
0.61
0.69
0.43
0.47
0.40
0.42
0.51
0.62
0.55
0.51
0.50
0.51
0.50
0.53
0.41
0.46
0.43
0.43
0.70
0.73
0.77
1.67
0.57
0.59
0.67
0.57
