CorWatt	PkgWatt
285.03	481.53
4.40	240.66
4.56
4.46
4.32
4.58
4.51
4.58
4.51
4.46
4.41
4.38
4.50
4.31
4.43
4.47
4.39
4.63
4.32
4.49
4.35
4.72
4.65
4.49
4.57
4.47
4.49
4.36
4.45
4.35
4.46
4.42
4.55
4.53	239.07
4.47
4.45
4.62
4.50
4.22
4.44
4.39
4.43
4.53
4.59
4.30
4.34
4.33
4.47
4.36
4.27
4.41
4.27
4.40
4.43
4.37
4.49
4.45
4.11
4.15
4.25
4.31
4.49
4.58
4.57
4.56
CorWatt	PkgWatt
327.20	586.00
4.45	239.02
4.36
4.45
4.50
4.50
4.49
4.41
4.53
4.42
4.37
4.33
4.45
4.38
4.44
4.48
4.44
4.54
4.29
4.40
4.38
4.56
4.46
4.38
4.53
4.48
4.49
4.32
4.38
4.40
4.45
4.46
4.50
4.53	239.89
4.50
4.39
4.29
4.52
4.35
4.44
4.49
4.47
4.40
4.36
4.28
4.52
4.42
4.51
4.30
4.28
4.42
4.34
4.53
4.53
4.31
4.55
4.44
4.39
4.38
4.34
4.45
4.64
4.48
4.38
4.67
CorWatt	PkgWatt
285.24	480.60
4.49	239.76
4.54
4.42
4.34
4.40
4.46
4.24
4.49
4.34
4.23
4.46
4.38
4.42
4.51
4.53
4.42
4.62
4.35
4.60
4.53
4.62
4.29
4.41
4.44
4.43
4.45
4.36
4.36
4.40
4.55
4.56
4.54
4.75	240.74
4.68
4.40
4.19
4.58
4.60
4.42
4.56
4.39
4.29
4.38
4.24
4.44
4.57
4.52
4.31
4.42
4.35
4.35
4.35
4.74
4.67
4.65
4.74
4.51
4.51
4.26
4.35
4.54
4.36
4.36
4.51
CorWatt	PkgWatt
286.74	481.32
4.53	240.61
4.58
4.61
4.53
4.36
4.43
4.38
4.57
4.26
4.22
4.42
4.26
4.44
4.35
4.53
4.47
4.61
4.37
4.70
4.67
4.71
4.38
4.44
4.42
4.56
4.51
4.35
4.51
4.57
4.60
4.50
4.67
4.72	241.07
4.67
4.44
4.51
4.49
4.54
4.57
4.55
4.50
4.28
4.45
4.35
4.44
4.51
4.57
4.37
4.17
4.44
4.47
4.47
4.50
4.57
4.53
4.55
4.47
4.50
4.35
4.34
4.64
4.41
4.48
4.62
CorWatt	PkgWatt
284.01	479.24
4.56	239.44
4.64
4.50
4.49
4.33
4.33
4.40
4.54
4.26
4.22
4.44
4.37
4.43
4.34
4.55
4.41
4.54
4.38
4.62
4.58
4.66
4.59
4.25
4.49
4.41
4.29
4.32
4.54
4.46
4.45
4.42
4.47
4.50	239.47
4.45
4.39
4.28
4.33
4.54
4.52
4.50
4.48
4.35
4.42
4.41
4.54
4.34
4.48
4.38
4.13
4.44
4.34
4.43
4.53
4.37
4.53
4.58
4.36
4.49
4.40
4.35
4.48
4.31
4.36
4.51
CorWatt	PkgWatt
283.74	478.71
4.56	239.27
4.62
4.43
4.47
4.44
4.24
4.32
4.59
4.23
4.42
4.32
4.52
4.48
4.43
4.48
4.46
4.42
4.37
4.67
4.53
4.41
4.50
4.35
4.52
4.29
4.29
4.55
4.47
4.61
4.59
4.41
4.53
4.46	239.31
4.35
4.35
4.43
4.41
4.55
4.40
4.43
4.45
4.56
4.23
4.33
4.58
4.57
4.54
4.33
4.21
4.46
4.26
4.47
4.53
4.33
4.54
4.52
4.40
4.35
4.37
4.42
4.21
4.51
4.36
4.26
