CorWatt	PkgWatt
15.78	128.75
0.56	128.75
0.49
0.52
0.48
0.57
0.52
0.54
0.56
0.46
0.45
0.39
0.41
0.57
0.60
0.59
0.60
0.46
0.47
0.47
0.49
0.42
0.40
0.46
0.50
0.39
0.42
0.39
0.39
0.56
0.55
0.55
0.54
CorWatt	PkgWatt
15.25	127.44
0.51	128.00
0.45
0.51
0.46
0.55
0.53
0.55
0.55
0.45
0.45
0.40
0.41
0.54
0.53
0.57
0.56
0.46
0.48
0.47
0.48
0.42
0.40
0.41
0.41
0.38
0.41
0.38
0.37
0.54
0.54
0.52
0.56
CorWatt	PkgWatt
69.13	163.63
0.96	186.94
2.25
2.33
2.29
2.36
2.37
2.37
2.32
2.35
2.35
2.35
2.28
2.47
2.46
3.99
2.51
2.34
2.33
2.15
2.19
2.31
2.30
2.09
2.05
2.27
2.25
2.03
2.11
2.44
2.45
2.42
2.23
