CorWatt	PkgWatt
15.12	127.45
0.55	127.46
0.49
0.51
0.45
0.53
0.50
0.51
0.50
0.41
0.44
0.40
0.37
0.52
0.50
0.49
0.55
0.47
0.49
0.47
0.48
0.44
0.40
0.42
0.41
0.36
0.37
0.55
0.36
0.54
0.50
0.59
0.54
CorWatt	PkgWatt
15.00	126.27
0.54	127.04
0.50
0.51
0.49
0.52
0.51
0.52
0.48
0.38
0.44
0.38
0.38
0.51
0.51
0.49
0.53
0.50
0.50
0.47
0.47
0.41
0.39
0.42
0.40
0.40
0.38
0.43
0.38
0.54
0.55
0.60
0.52
CorWatt	PkgWatt
17.72	130.31
0.57	129.54
0.50
0.54
0.53
0.62
0.58
0.63
0.61
0.53
0.53
0.55
0.51
0.67
0.62
0.67
0.69
0.60
0.53
0.52
0.54
0.52
0.46
0.49
0.48
0.44
0.42
0.48
0.41
0.59
0.59
0.66
0.59
CorWatt	PkgWatt
15.29	127.46
0.54	127.37
0.44
0.46
0.44
0.55
0.50
0.50
0.49
0.44
0.45
0.40
0.39
0.53
0.52
0.59
0.58
0.46
0.47
0.46
0.47
0.56
0.51
0.50
0.42
0.36
0.36
0.41
0.36
0.53
0.51
0.57
0.51
