CorWatt	PkgWatt
15.59	128.53
0.52	128.53
0.47
0.49
0.47
0.55
0.58
0.53
0.52
0.49
0.49
0.42
0.54
0.56
0.56
0.52
0.55
0.47
0.48
0.50
0.51
0.42
0.40
0.40
0.41
0.39
0.42
0.39
0.37
0.55
0.53
0.57
0.52
CorWatt	PkgWatt
14.91	126.77
0.49	127.52
0.50
0.46
0.44
0.52
0.55
0.53
0.50
0.50
0.49
0.42
0.40
0.52
0.53
0.52
0.53
0.44
0.46
0.50
0.51
0.39
0.39
0.38
0.41
0.37
0.38
0.37
0.36
0.53
0.53
0.53
0.50
CorWatt	PkgWatt
68.32	163.38
0.86	186.13
2.19
2.25
2.23
2.29
2.30
2.33
2.26
2.25
2.25
2.25
2.25
2.31
2.35
2.35
2.36
2.32
2.32
2.15
2.18
2.27
2.28
2.09
2.02
2.33
2.29
2.08
2.10
4.25
2.56
2.34
2.33
