CorWatt	PkgWatt
15.52	128.30
0.51	128.31
0.49
0.46
0.46
0.50
0.51
0.50
0.49
0.42
0.47
0.45
0.42
0.56
0.53
0.52
0.54
0.48
0.49
0.51
0.50
0.46
0.42
0.43
0.43
0.39
0.37
0.38
0.38
0.62
0.68
0.61
0.54
CorWatt	PkgWatt
15.13	127.23
0.49	127.88
0.46
0.51
0.47
0.50
0.50
0.51
0.49
0.40
0.48
0.40
0.41
0.53
0.54
0.50
0.53
0.48
0.48
0.52
0.49
0.41
0.42
0.40
0.45
0.37
0.38
0.38
0.38
0.59
0.53
0.66
0.53
CorWatt	PkgWatt
18.91	131.52
0.63	130.87
0.57
0.58
0.54
0.64
0.57
0.55
0.53
0.51
0.52
0.53
0.54
0.65
0.64
0.60
0.70
0.59
0.58
0.58
0.57
0.51
0.50
0.46
0.48
0.66
0.55
0.57
0.61
0.76
0.69
0.73
0.67
CorWatt	PkgWatt
15.63	128.46
0.51	128.41
0.47
0.52
0.48
0.53
0.51
0.53
0.50
0.41
0.45
0.41
0.40
0.52
0.53
0.53
0.57
0.46
0.48
0.49
0.48
0.40
0.41
0.40
0.40
0.44
0.41
0.45
0.43
0.67
0.62
0.61
0.59
