CorWatt	PkgWatt
14.92	127.00
0.52	126.99
0.48
0.45
0.44
0.50
0.51
0.50
0.48
0.40
0.46
0.41
0.49
0.52
0.53
0.58
0.55
0.52
0.48
0.45
0.47
0.40
0.39
0.40
0.39
0.36
0.37
0.41
0.40
0.51
0.52
0.50
0.53
CorWatt	PkgWatt
14.48	126.33
0.50	126.44
0.48
0.44
0.44
0.48
0.49
0.50
0.48
0.37
0.45
0.37
0.40
0.51
0.53
0.57
0.54
0.48
0.46
0.49
0.45
0.38
0.38
0.38
0.38
0.36
0.35
0.39
0.38
0.50
0.52
0.50
0.52
CorWatt	PkgWatt
63.14	176.05
0.95	176.00
1.94
1.96
1.96
2.03
2.02
2.02
1.99
1.93
1.94
1.90
1.90
2.05
2.02
2.07
2.05
2.08
1.96
1.83
1.84
1.92
1.90
1.78
1.80
1.91
1.93
3.11
2.00
2.17
2.10
2.04
2.02
CorWatt	PkgWatt
47.02	160.79
0.66	160.75
1.51
1.52
1.49
1.54
1.56
1.55
1.50
1.44
1.48
1.49
1.44
1.55
1.54
1.61
1.58
1.52
1.50
1.39
1.42
1.46
1.43
1.30
1.29
1.41
1.40
1.98
1.30
1.62
1.61
1.49
1.41
