CorWatt	PkgWatt
4.51	153.01
0.09	76.87
0.08
0.08
0.08
0.08
0.08
0.08
0.08
0.07
0.07
0.07
0.07
0.07
0.07
0.07
0.07
0.08
0.08
0.08
0.08
0.09
0.17
0.09
0.08
0.08
0.08
0.08
0.08
0.07
0.07
0.07
0.07
0.06	76.20
0.06
0.06
0.06
0.07
0.07
0.06
0.07
0.06
0.06
0.06
0.06
0.06
0.06
0.06
0.06
0.06
0.06
0.06
0.06
0.07
0.07
0.07
0.07
0.06
0.06
0.06
0.06
0.06
0.06
0.06
0.06
CorWatt	PkgWatt
4.35	152.07
0.08	76.01
0.08
0.08
0.08
0.08
0.08
0.08
0.08
0.06
0.06
0.06
0.06
0.06
0.07
0.06
0.07
0.08
0.08
0.08
0.08
0.09
0.08
0.08
0.08
0.07
0.07
0.07
0.07
0.06
0.06
0.06
0.06
0.06	75.92
0.07
0.06
0.06
0.09
0.08
0.07
0.07
0.06
0.06
0.06
0.06
0.08
0.06
0.06
0.06
0.10
0.06
0.06
0.06
0.07
0.07
0.08
0.07
0.06
0.06
0.06
0.06
0.06
0.05
0.06
0.06
CorWatt	PkgWatt
98.26	291.67
0.48	140.45
1.48
1.56
1.53
1.54
1.57
1.45
1.45
1.49
1.46
1.46
1.47
1.49
1.48
1.37
1.38
1.50
1.48
1.49
1.47
1.53
1.53
1.44
1.45
1.49
1.48
1.49
1.47
1.46
1.48
1.37
1.37
1.60	151.39
1.58
1.58
1.54
1.66
1.72
1.64
1.55
3.49
1.59
1.58
1.65
1.60
1.56
1.46
1.50
1.55
1.54
1.56
1.55
1.58
1.59
1.51
1.49
1.57
1.55
1.63
1.57
1.62
1.57
1.49
1.48
CorWatt	PkgWatt
126.85	340.96
0.30	166.67
2.00
2.12
2.08
2.01
2.03
1.88
1.87
2.01
1.97
1.95
1.97
2.02
2.03
1.81
1.84
2.01
2.00
2.01
1.98
2.02
2.01
1.85
1.85
2.00
1.98
1.99
1.96
1.94
1.97
1.80
1.80
2.09	174.48
2.04
2.02
2.01
2.10
2.07
1.92
1.88
3.20
2.09
2.06
2.09
2.08
2.06
1.93
1.91
2.04
2.02
2.04
2.05
2.07
2.10
1.92
1.93
2.06
2.03
2.08
2.07
2.08
2.08
1.90
1.86
