CorWatt	PkgWatt
15.98	129.10
0.54	129.10
0.51
0.54
0.47
0.54
0.58
0.55
0.55
0.49
0.47
0.44
0.58
0.53
0.61
0.54
0.58
0.49
0.51
0.52
0.49
0.45
0.43
0.43
0.42
0.37
0.41
0.40
0.38
0.55
0.53
0.53
0.53
CorWatt	PkgWatt
15.75	128.14
0.51	128.61
0.54
0.52
0.46
0.52
0.55
0.52
0.55
0.46
0.45
0.39
0.49
0.58
0.64
0.59
0.60
0.49
0.53
0.49
0.48
0.46
0.42
0.42
0.40
0.38
0.42
0.38
0.39
0.53
0.51
0.54
0.52
CorWatt	PkgWatt
70.71	167.42
1.36	188.44
2.28
2.33
2.33
2.43
2.40
2.39
2.33
3.62
2.49
2.42
2.35
2.52
2.48
2.50
2.55
2.38
2.37
2.17
2.21
2.32
2.33
2.13
2.06
2.32
2.30
2.09
2.10
2.50
2.48
2.27
2.29
