CorWatt	PkgWatt
15.87	128.23
0.54	127.97
0.54
0.56
0.51
0.54
0.53
0.57
0.54
0.40
0.45
0.48
0.41
0.55
0.52
0.54
0.58
0.48
0.49
0.50
0.52
0.43
0.40
0.45
0.45
0.41
0.40
0.41
0.37
0.56
0.56
0.59
0.58
CorWatt	PkgWatt
14.81	127.21
0.52	127.20
0.48
0.50
0.48
0.50
0.51
0.55
0.52
0.39
0.47
0.40
0.39
0.51
0.50
0.50
0.58
0.46
0.50
0.46
0.49
0.40
0.38
0.39
0.42
0.37
0.35
0.36
0.36
0.51
0.53
0.51
0.49
CorWatt	PkgWatt
21.76	133.22
0.73	133.24
0.61
2.27
0.58
0.67
0.65
0.82
0.69
0.56
0.61
0.58
0.57
0.69
0.65
0.64
0.76
0.64
0.63
0.71
0.67
0.55
0.53
0.58
0.56
0.56
0.47
0.47
0.49
0.97
0.62
0.64
0.59
CorWatt	PkgWatt
16.96	128.90
0.57	128.89
0.46
0.57
0.48
0.77
0.74
1.07
0.95
0.41
0.48
0.40
0.41
0.57
0.52
0.55
0.61
0.46
0.51
0.57
0.52
0.41
0.39
0.39
0.42
0.45
0.40
0.40
0.41
0.52
0.51
0.52
0.50
CorWatt	PkgWatt
16.70	128.51
0.58	128.50
0.47
0.55
0.50
0.77
0.73
1.20
0.87
0.40
0.47
0.42
0.43
0.53
0.51
0.53
0.58
0.45
0.51
0.51
0.50
0.40
0.40
0.40
0.42
0.38
0.38
0.37
0.38
0.53
0.51
0.52
0.51
CorWatt	PkgWatt
16.52	128.45
0.55	128.45
0.45
0.48
0.55
0.79
0.73
1.08
1.01
0.37
0.45
0.40
0.39
0.51
0.53
0.53
0.58
0.45
0.50
0.50
0.49
0.38
0.42
0.39
0.41
0.36
0.40
0.41
0.36
0.52
0.51
0.52
0.50
CorWatt	PkgWatt
16.59	128.70
0.58	128.68
0.43
0.46
0.55
0.76
0.73
1.32
0.75
0.42
0.46
0.41
0.40
0.53
0.55
0.54
0.58
0.44
0.50
0.53
0.52
0.39
0.38
0.39
0.41
0.39
0.37
0.40
0.37
0.52
0.50
0.51
0.51
CorWatt	PkgWatt
16.54	128.61
0.58	128.61
0.43
0.44
0.56
0.72
0.69
0.92
1.45
0.38
0.44
0.38
0.41
0.50
0.50
0.50
0.57
0.45
0.50
0.52
0.48
0.38
0.42
0.38
0.43
0.37
0.39
0.36
0.35
0.51
0.51
0.50
0.49
CorWatt	PkgWatt
17.50	130.08
1.03	130.08
0.45
0.45
0.55
0.53
0.51
0.52
2.79
0.38
0.43
0.38
0.39
0.51
0.51
0.50
0.54
0.45
0.50
0.51
0.49
0.40
0.39
0.39
0.42
0.36
0.36
0.37
0.35
0.52
0.50
0.51
0.50
CorWatt	PkgWatt
17.37	130.22
3.20	130.22
0.50
0.46
0.54
0.53
0.49
0.51
0.49
0.39
0.43
0.37
0.41
0.51
0.50
0.51
0.53
0.46
0.51
0.50
0.48
0.39
0.39
0.41
0.43
0.35
0.36
0.36
0.35
0.51
0.50
0.50
0.49
CorWatt	PkgWatt
18.07	130.41
3.20	130.42
0.50
0.50
0.58
0.55
0.50
0.53
0.51
0.38
0.43
0.46
0.38
0.54
0.54
0.53
0.56
0.49
0.52
0.50
0.51
0.40
0.40
0.39
0.41
0.39
0.42
0.37
0.39
0.56
0.53
0.54
0.57
CorWatt	PkgWatt
17.35	130.02
3.20	130.01
0.51
0.48
0.53
0.53
0.49
0.51
0.49
0.37
0.44
0.39
0.40
0.51
0.50
0.51
0.53
0.44
0.50
0.50
0.47
0.39
0.40
0.40
0.41
0.36
0.38
0.35
0.35
0.51
0.50
0.51
0.49
CorWatt	PkgWatt
17.58	130.27
3.20	130.27
0.50
0.47
0.54
0.54
0.50
0.51
0.50
0.39
0.44
0.39
0.39
0.51
0.50
0.50
0.54
0.46
0.52
0.53
0.49
0.39
0.42
0.39
0.42
0.36
0.38
0.37
0.39
0.52
0.50
0.51
0.51
CorWatt	PkgWatt
17.40	129.99
3.20	129.99
0.51
0.48
0.55
0.53
0.49
0.51
0.49
0.39
0.43
0.38
0.39
0.51
0.50
0.50
0.53
0.46
0.49
0.52
0.47
0.38
0.39
0.39
0.41
0.35
0.41
0.36
0.35
0.51
0.50
0.50
0.50
CorWatt	PkgWatt
17.45	130.10
3.20	130.11
0.50
0.48
0.54
0.53
0.49
0.52
0.52
0.38
0.43
0.38
0.39
0.50
0.50
0.49
0.53
0.45
0.49
0.51
0.47
0.42
0.38
0.41
0.42
0.35
0.39
0.37
0.36
0.52
0.51
0.51
0.50
CorWatt	PkgWatt
17.28	130.07
3.20	130.07
0.50
0.46
0.54
0.52
0.49
0.51
0.53
0.39
0.43
0.38
0.38
0.50
0.50
0.49
0.53
0.45
0.49
0.50
0.46
0.38
0.39
0.39
0.41
0.35
0.38
0.35
0.36
0.52
0.50
0.51
0.50
CorWatt	PkgWatt
17.52	130.37
3.21	130.37
0.50
0.48
0.54
0.49
0.50
0.52
0.54
0.39
0.44
0.38
0.41
0.51
0.50
0.50
0.53
0.45
0.50
0.51
0.48
0.40
0.39
0.39
0.41
0.38
0.38
0.37
0.36
0.52
0.52
0.51
0.51
CorWatt	PkgWatt
17.38	130.22
3.21	130.22
0.50
0.46
0.53
0.48
0.49
0.51
0.53
0.38
0.45
0.40
0.41
0.50
0.51
0.50
0.53
0.44
0.49
0.49
0.46
0.38
0.41
0.39
0.41
0.36
0.39
0.38
0.39
0.51
0.50
0.51
0.49
CorWatt	PkgWatt
17.63	130.42
3.20	130.41
0.50
0.46
0.54
0.49
0.49
0.54
0.56
0.39
0.44
0.40
0.38
0.51
0.52
0.51
0.54
0.44
0.49
0.50
0.48
0.41
0.42
0.40
0.43
0.37
0.41
0.37
0.42
0.52
0.50
0.51
0.50
CorWatt	PkgWatt
17.27	130.04
3.00	130.04
0.51
0.47
0.54
0.50
0.50
0.51
0.52
0.39
0.43
0.38
0.38
0.53
0.51
0.50
0.54
0.48
0.49
0.49
0.47
0.38
0.39
0.38
0.41
0.36
0.43
0.35
0.39
0.51
0.50
0.50
0.50
CorWatt	PkgWatt
18.87	131.37
0.67	131.39
0.55
0.55
0.59
0.57
0.57
0.58
0.61
0.47
0.52
0.50
0.45
0.62
0.60
0.60
0.65
0.54
1.09
0.55
0.55
0.63
0.62
1.00
0.72
0.46
0.46
0.46
0.42
0.58
0.56
0.56
0.57
CorWatt	PkgWatt
16.94	129.02
0.55	129.01
0.48
0.45
0.44
0.49
0.50
0.50
0.49
0.38
0.43
0.38
0.39
0.55
0.50
0.50
0.57
0.46
0.59
0.46
0.48
0.75
0.74
0.89
1.36
0.37
0.40
0.38
0.36
0.54
0.53
0.52
0.51
CorWatt	PkgWatt
16.95	129.05
0.55	129.05
0.47
0.46
0.43
0.51
0.49
0.49
0.50
0.38
0.44
0.40
0.40
0.55
0.50
0.50
0.56
0.47
0.60
0.48
0.50
0.76
0.75
0.78
1.45
0.35
0.40
0.39
0.36
0.51
0.50
0.51
0.50
CorWatt	PkgWatt
17.17	129.15
0.56	129.15
0.49
0.46
0.44
0.49
0.50
0.49
0.50
0.42
0.44
0.38
0.40
0.55
0.51
0.53
0.58
0.48
0.58
0.47
0.48
0.76
0.76
0.79
1.44
0.39
0.40
0.38
0.39
0.52
0.52
0.53
0.52
CorWatt	PkgWatt
16.90	129.01
0.55	129.01
0.47
0.45
0.44
0.49
0.49
0.50
0.51
0.38
0.44
0.39
0.38
0.54
0.51
0.50
0.57
0.46
0.58
0.47
0.48
0.76
0.75
0.78
1.44
0.37
0.41
0.37
0.36
0.52
0.50
0.52
0.52
CorWatt	PkgWatt
16.84	128.83
0.56	128.83
0.52
0.47
0.46
0.49
0.49
0.48
0.48
0.37
0.44
0.39
0.39
0.54
0.50
0.49
0.56
0.47
0.59
0.46
0.47
0.75
0.75
0.95
1.28
0.35
0.39
0.35
0.36
0.52
0.50
0.51
0.50
CorWatt	PkgWatt
18.23	130.04
0.56	130.04
0.48
0.45
0.43
0.49
0.49
0.49
0.49
0.38
0.45
0.38
0.38
0.55
0.50
0.50
0.56
0.46
0.59
0.49
0.50
0.99
0.98
1.98
1.18
0.36
0.40
0.36
0.35
0.51
0.50
0.51
0.51
CorWatt	PkgWatt
19.84	131.81
0.57	131.81
0.49
0.46
0.44
0.49
0.51
0.49
0.48
0.38
0.44
0.38
0.39
0.54
0.50
0.50
0.56
0.47
0.58
0.46
0.48
1.24
1.24
3.04
1.24
0.35
0.38
0.35
0.35
0.51
0.51
0.50
0.49
CorWatt	PkgWatt
20.04	131.67
0.56	131.67
0.49
0.45
0.44
0.50
0.51
0.49
0.50
0.38
0.44
0.39
0.39
0.54
0.51
0.52
0.56
0.48
0.58
0.48
0.49
1.24
1.24
3.02
1.24
0.37
0.39
0.39
0.37
0.52
0.51
0.52
0.51
CorWatt	PkgWatt
19.98	131.72
0.57	131.72
0.47
0.45
0.43
0.49
0.49
0.49
0.49
0.40
0.43
0.39
0.40
0.54
0.50
0.52
0.58
0.47
0.58
0.46
0.50
1.24
1.24
3.02
1.24
0.38
0.41
0.39
0.38
0.51
0.50
0.51
0.49
CorWatt	PkgWatt
20.11	131.72
0.58	131.73
0.50
0.45
0.46
0.49
0.49
0.49
0.49
0.38
0.43
0.43
0.38
0.54
0.50
0.50
0.56
0.48
0.59
0.46
0.50
1.24
1.24
1.59
2.68
0.39
0.39
0.38
0.36
0.54
0.53
0.55
0.53
CorWatt	PkgWatt
19.80	131.64
0.57	131.63
0.46
0.45
0.43
0.51
0.50
0.49
0.50
0.38
0.44
0.38
0.38
0.54
0.50
0.50
0.57
0.50
0.59
0.47
0.47
1.24
1.24
3.01
1.24
0.35
0.36
0.36
0.35
0.51
0.50
0.51
0.49
CorWatt	PkgWatt
20.10	131.87
0.56	131.87
0.44
0.47
0.45
0.50
0.55
0.49
0.50
0.38
0.45
0.42
0.40
0.54
0.51
0.52
0.59
0.49
0.58
0.46
0.49
1.24
1.24
1.69
2.59
0.36
0.37
0.37
0.35
0.54
0.51
0.53
0.51
CorWatt	PkgWatt
19.96	131.67
0.56	131.67
0.46
0.45
0.46
0.49
0.55
0.49
0.48
0.39
0.45
0.39
0.41
0.55
0.51
0.51
0.57
0.49
0.58
0.46
0.48
1.24
1.24
1.88
2.39
0.35
0.37
0.36
0.36
0.52
0.50
0.51
0.50
CorWatt	PkgWatt
19.92	131.84
0.57	131.84
0.45
0.48
0.44
0.51
0.54
0.49
0.50
0.38
0.45
0.39
0.39
0.54
0.50
0.51
0.59
0.48
0.59
0.46
0.48
1.24
1.24
3.01
1.25
0.35
0.36
0.37
0.35
0.52
0.51
0.51
0.50
CorWatt	PkgWatt
19.91	131.65
0.57	131.65
0.45
0.47
0.43
0.51
0.54
0.49
0.50
0.37
0.43
0.38
0.38
0.54
0.51
0.50
0.56
0.48
0.59
0.46
0.47
1.24
1.24
3.04
1.24
0.40
0.37
0.37
0.36
0.52
0.50
0.51
0.51
CorWatt	PkgWatt
20.29	131.94
0.59	131.94
0.44
0.48
0.45
0.52
0.54
0.49
0.50
0.41
0.47
0.42
0.40
0.54
0.57
0.55
0.61
0.48
0.57
0.47
0.49
1.24
1.24
3.04
1.24
0.36
0.37
0.38
0.37
0.52
0.50
0.51
0.51
CorWatt	PkgWatt
19.50	131.29
1.06	131.30
0.53
0.52
0.51
0.58
0.55
0.54
0.54
0.43
0.49
0.43
0.44
0.58
0.61
0.58
0.64
0.55
0.64
0.55
0.53
0.88
0.87
1.47
1.22
0.38
0.39
0.43
0.39
0.55
0.54
0.54
0.53
CorWatt	PkgWatt
16.20	128.31
0.63	128.31
0.48
0.45
0.44
0.74
0.72
0.72
1.23
0.39
0.44
0.38
0.39
0.55
0.51
0.50
0.57
0.47
0.46
0.46
0.48
0.43
0.40
0.47
0.41
0.35
0.36
0.37
0.35
0.52
0.50
0.51
0.51
CorWatt	PkgWatt
16.13	128.12
0.61	128.12
0.48
0.44
0.44
1.17
0.73
0.73
0.75
0.40
0.44
0.37
0.40
0.54
0.50
0.49
0.58
0.47
0.46
0.46
0.46
0.42
0.38
0.48
0.41
0.35
0.38
0.38
0.38
0.51
0.50
0.51
0.49
CorWatt	PkgWatt
16.60	128.44
0.62	128.45
0.47
0.45
0.48
0.89
0.75
0.75
1.03
0.39
0.44
0.45
0.38
0.54
0.51
0.50
0.58
0.47
0.46
0.46
0.48
0.43
0.39
0.45
0.41
0.42
0.41
0.38
0.37
0.55
0.55
0.56
0.56
CorWatt	PkgWatt
16.04	128.15
0.62	128.14
0.50
0.47
0.43
1.15
0.73
0.73
0.75
0.38
0.43
0.38
0.39
0.54
0.50
0.50
0.58
0.44
0.46
0.46
0.46
0.42
0.40
0.46
0.39
0.38
0.38
0.36
0.35
0.51
0.50
0.51
0.50
CorWatt	PkgWatt
16.45	128.80
0.61	128.81
0.49
0.44
0.44
1.55
0.70
0.70
0.73
0.38
0.43
0.39
0.38
0.55
0.51
0.49
0.58
0.48
0.47
0.47
0.49
0.43
0.41
0.45
0.39
0.35
0.38
0.36
0.35
0.51
0.50
0.50
0.50
CorWatt	PkgWatt
18.77	133.25
0.61	133.24
0.48
0.51
0.46
4.42
0.51
0.50
0.52
0.38
0.44
0.38
0.40
0.54
0.51
0.51
0.58
0.46
0.46
0.46
0.49
0.42
0.39
0.43
0.40
0.35
0.38
0.38
0.35
0.52
0.51
0.51
0.50
CorWatt	PkgWatt
18.92	133.49
0.61	133.49
0.45
0.52
0.47
4.43
0.52
0.52
0.54
0.39
0.43
0.39
0.40
0.53
0.51
0.50
0.58
0.46
0.47
0.46
0.48
0.45
0.39
0.41
0.41
0.35
0.40
0.39
0.37
0.52
0.53
0.52
0.51
CorWatt	PkgWatt
18.47	133.24
0.60	133.24
0.44
0.49
0.44
4.42
0.50
0.49
0.52
0.38
0.44
0.38
0.38
0.53
0.51
0.49
0.57
0.45
0.46
0.46
0.47
0.42
0.38
0.39
0.39
0.35
0.38
0.36
0.36
0.52
0.50
0.50
0.49
CorWatt	PkgWatt
18.63	133.21
0.61	133.21
0.47
0.50
0.44
4.42
0.50
0.50
0.52
0.38
0.43
0.38
0.41
0.53
0.51
0.50
0.57
0.44
0.46
0.45
0.48
0.43
0.39
0.39
0.39
0.35
0.41
0.37
0.35
0.51
0.52
0.50
0.50
CorWatt	PkgWatt
18.57	133.21
0.60	133.21
0.44
0.49
0.44
4.42
0.50
0.49
0.51
0.39
0.45
0.39
0.40
0.54
0.51
0.50
0.59
0.44
0.46
0.45
0.46
0.42
0.38
0.39
0.40
0.40
0.38
0.36
0.35
0.51
0.50
0.50
0.50
CorWatt	PkgWatt
18.96	133.48
0.59	133.48
0.45
0.50
0.45
4.41
0.52
0.54
0.55
0.38
0.44
0.39
0.38
0.55
0.54
0.50
0.60
0.45
0.48
0.46
0.49
0.44
0.45
0.41
0.42
0.36
0.38
0.37
0.36
0.52
0.51
0.52
0.52
CorWatt	PkgWatt
18.66	133.48
0.61	133.48
0.46
0.51
0.46
4.41
0.50
0.49
0.51
0.38
0.44
0.38
0.38
0.56
0.52
0.50
0.59
0.48
0.46
0.45
0.47
0.42
0.38
0.39
0.40
0.35
0.40
0.36
0.35
0.52
0.51
0.52
0.49
CorWatt	PkgWatt
18.65	133.25
0.60	133.24
0.45
0.49
0.44
4.42
0.51
0.50
0.52
0.39
0.43
0.43
0.38
0.55
0.51
0.50
0.55
0.46
0.47
0.45
0.50
0.43
0.38
0.39
0.40
0.35
0.39
0.36
0.36
0.52
0.50
0.51
0.51
CorWatt	PkgWatt
18.73	133.35
0.60	133.36
0.47
0.49
0.44
4.42
0.51
0.51
0.52
0.38
0.43
0.39
0.38
0.55
0.51
0.50
0.55
0.46
0.47
0.45
0.48
0.42
0.38
0.39
0.40
0.42
0.39
0.38
0.36
0.53
0.52
0.52
0.52
CorWatt	PkgWatt
18.90	133.54
0.60	133.54
0.47
0.50
0.45
4.43
0.51
0.50
0.53
0.39
0.45
0.38
0.38
0.55
0.52
0.51
0.54
0.47
0.49
0.47
0.50
0.43
0.39
0.39
0.40
0.36
0.44
0.41
0.38
0.52
0.51
0.52
0.52
CorWatt	PkgWatt
18.79	133.54
0.60	133.54
0.48
0.49
0.45
4.42
0.52
0.49
0.52
0.39
0.43
0.37
0.39
0.55
0.51
0.51
0.54
0.46
0.46
0.46
0.48
0.42
0.42
0.40
0.41
0.43
0.39
0.38
0.35
0.51
0.50
0.53
0.52
CorWatt	PkgWatt
18.58	133.33
0.60	133.33
0.48
0.46
0.45
4.42
0.51
0.50
0.53
0.38
0.44
0.38
0.38
0.56
0.51
0.50
0.55
0.47
0.46
0.45
0.48
0.42
0.39
0.38
0.39
0.35
0.39
0.36
0.35
0.52
0.50
0.51
0.51
CorWatt	PkgWatt
18.39	130.52
0.87	130.53
0.58
0.57
0.56
1.06
0.75
0.63
0.66
0.45
0.51
0.45
0.47
0.60
0.58
0.57
0.61
0.54
0.55
0.52
0.53
0.51
0.78
0.51
0.48
0.41
0.45
0.44
0.47
0.58
0.56
0.57
0.56
CorWatt	PkgWatt
16.43	128.73
0.61	128.71
0.51
0.46
0.45
0.96
1.09
0.73
0.73
0.39
0.45
0.39
0.39
0.54
0.52
0.50
0.56
0.47
0.48
0.49
0.51
0.44
0.39
0.43
0.40
0.36
0.41
0.38
0.36
0.52
0.51
0.52
0.51
CorWatt	PkgWatt
16.22	128.33
0.60	128.33
0.53
0.46
0.44
0.80
1.24
0.72
0.72
0.38
0.45
0.39
0.40
0.57
0.51
0.50
0.55
0.47
0.46
0.45
0.48
0.42
0.39
0.38
0.40
0.36
0.41
0.37
0.35
0.51
0.50
0.51
0.49
CorWatt	PkgWatt
16.28	128.44
0.59	128.44
0.56
0.45
0.44
0.80
1.23
0.72
0.72
0.38
0.44
0.39
0.39
0.56
0.53
0.52
0.55
0.47
0.46
0.46
0.48
0.42
0.38
0.39
0.39
0.37
0.40
0.39
0.37
0.52
0.50
0.51
0.50
CorWatt	PkgWatt
16.26	128.46
0.59	128.46
0.53
0.45
0.44
0.79
1.23
0.72
0.73
0.38
0.44
0.40
0.40
0.56
0.51
0.52
0.57
0.48
0.46
0.45
0.49
0.43
0.39
0.38
0.39
0.35
0.41
0.39
0.37
0.51
0.50
0.51
0.50
CorWatt	PkgWatt
17.08	129.18
0.61	129.19
0.57
0.50
0.47
0.76
1.70
0.70
0.70
0.40
0.43
0.44
0.38
0.56
0.52
0.52
0.56
0.49
0.47
0.46
0.49
0.45
0.39
0.40
0.41
0.38
0.39
0.40
0.38
0.55
0.53
0.55
0.53
CorWatt	PkgWatt
17.79	130.29
0.59	130.28
0.53
0.45
0.44
0.67
3.20
0.62
0.62
0.38
0.43
0.38
0.38
0.56
0.51
0.50
0.58
0.49
0.46
0.48
0.47
0.42
0.38
0.38
0.39
0.35
0.36
0.38
0.35
0.52
0.50
0.51
0.50
CorWatt	PkgWatt
17.94	130.32
0.60	130.32
0.54
0.47
0.45
0.68
3.18
0.62
0.62
0.40
0.44
0.42
0.39
0.56
0.52
0.52
0.56
0.48
0.46
0.46
0.48
0.42
0.39
0.38
0.39
0.35
0.36
0.36
0.35
0.53
0.51
0.53
0.51
CorWatt	PkgWatt
17.91	130.49
0.59	130.49
0.56
0.45
0.46
0.68
3.18
0.62
0.61
0.39
0.46
0.40
0.41
0.56
0.52
0.50
0.56
0.47
0.46
0.46
0.48
0.43
0.38
0.40
0.39
0.35
0.39
0.36
0.35
0.51
0.50
0.51
0.50
CorWatt	PkgWatt
18.23	130.51
0.60	130.51
0.54
0.49
0.46
0.71
3.18
0.64
0.64
0.39
0.45
0.41
0.39
0.58
0.52
0.53
0.57
0.50
0.48
0.47
0.49
0.43
0.39
0.39
0.40
0.37
0.38
0.37
0.37
0.53
0.51
0.53
0.52
CorWatt	PkgWatt
17.84	130.27
0.60	130.26
0.55
0.48
0.44
0.69
3.20
0.62
0.62
0.39
0.44
0.39
0.38
0.55
0.52
0.50
0.55
0.48
0.46
0.46
0.48
0.41
0.38
0.38
0.39
0.35
0.38
0.37
0.36
0.52
0.50
0.50
0.50
CorWatt	PkgWatt
18.00	130.36
0.61	130.37
0.54
0.47
0.46
3.17
0.69
0.62
0.63
0.40
0.47
0.40
0.40
0.58
0.54
0.53
0.57
0.47
0.46
0.47
0.48
0.42
0.38
0.38
0.38
0.35
0.36
0.37
0.37
0.52
0.51
0.51
0.50
CorWatt	PkgWatt
17.80	130.35
0.60	130.34
0.56
0.45
0.45
0.71
3.18
0.62
0.62
0.38
0.44
0.39
0.39
0.56
0.51
0.50
0.56
0.47
0.46
0.48
0.47
0.41
0.38
0.38
0.41
0.35
0.36
0.36
0.35
0.51
0.50
0.51
0.50
CorWatt	PkgWatt
17.92	130.41
0.59	130.40
0.54
0.46
0.44
0.69
3.17
0.63
0.63
0.38
0.45
0.39
0.38
0.58
0.51
0.50
0.56
0.47
0.47
0.47
0.49
0.42
0.39
0.39
0.39
0.36
0.38
0.37
0.36
0.52
0.51
0.52
0.51
CorWatt	PkgWatt
17.88	130.37
0.59	130.37
0.53
0.46
0.46
1.49
2.44
0.61
0.61
0.40
0.45
0.38
0.40
0.56
0.50
0.50
0.57
0.46
0.46
0.45
0.47
0.43
0.38
0.39
0.41
0.35
0.38
0.37
0.35
0.51
0.50
0.51
0.50
CorWatt	PkgWatt
18.43	130.65
0.60	130.66
0.57
0.47
0.50
2.65
1.22
0.64
0.64
0.42
0.44
0.46
0.38
0.56
0.50
0.50
0.57
0.46
0.47
0.47
0.49
0.43
0.38
0.38
0.39
0.42
0.41
0.39
0.40
0.55
0.53
0.55
0.58
CorWatt	PkgWatt
17.84	130.44
0.59	130.43
0.57
0.47
0.44
2.78
1.12
0.62
0.62
0.39
0.44
0.38
0.39
0.55
0.50
0.50
0.57
0.44
0.46
0.45
0.46
0.43
0.40
0.39
0.39
0.35
0.40
0.37
0.35
0.51
0.50
0.51
0.50
CorWatt	PkgWatt
17.59	129.85
0.62	129.86
0.56
0.53
0.51
2.26
0.68
0.57
0.58
0.42
0.45
0.39
0.38
0.55
0.52
0.52
0.59
0.49
0.49
0.48
0.50
0.44
0.39
0.38
0.40
0.37
0.39
0.37
0.64
0.54
0.52
0.53
0.53
CorWatt	PkgWatt
18.09	130.09
0.57	130.10
0.57
0.58
0.51
0.60
0.56
0.57
0.54
0.45
0.50
0.44
0.46
0.57
0.57
0.56
0.62
0.49
0.50
0.50
0.51
0.47
0.43
0.43
0.45
0.69
0.47
0.42
0.47
0.75
0.78
0.95
1.09
CorWatt	PkgWatt
16.76	128.74
0.51	128.73
0.50
0.52
0.47
0.57
0.52
0.51
0.52
0.39
0.45
0.39
0.40
0.52
0.53
0.51
0.57
0.47
0.47
0.47
0.48
0.45
0.39
0.41
0.42
0.47
0.41
0.39
0.38
0.77
0.80
0.98
1.14
CorWatt	PkgWatt
16.32	128.48
0.50	128.48
0.49
0.49
0.44
0.56
0.52
0.48
0.48
0.39
0.44
0.38
0.38
0.51
0.50
0.51
0.58
0.46
0.46
0.46
0.49
0.41
0.38
0.38
0.39
0.47
0.38
0.36
0.36
0.76
0.79
0.77
1.33
CorWatt	PkgWatt
16.51	128.45
0.52	128.45
0.52
0.48
0.44
0.50
0.51
0.49
0.49
0.38
0.45
0.39
0.42
0.53
0.52
0.50
0.58
0.45
0.48
0.47
0.49
0.42
0.38
0.38
0.40
0.47
0.39
0.37
0.36
0.76
0.80
1.05
1.09
CorWatt	PkgWatt
16.36	128.48
0.50	128.48
0.49
0.49
0.44
0.49
0.51
0.48
0.48
0.38
0.44
0.41
0.39
0.56
0.51
0.50
0.57
0.45
0.46
0.46
0.47
0.43
0.38
0.38
0.39
0.47
0.45
0.37
0.35
0.75
0.74
1.26
0.92
CorWatt	PkgWatt
17.78	130.52
0.53	130.53
0.50
0.52
0.43
0.49
0.51
0.52
0.51
0.40
0.44
0.40
0.38
0.57
0.54
0.50
0.59
0.45
0.45
0.46
0.48
0.44
0.42
0.40
0.41
0.46
0.40
0.37
0.36
0.57
0.56
3.10
0.60
CorWatt	PkgWatt
17.90	130.94
0.53	130.94
0.51
0.52
0.46
0.48
0.50
0.48
0.48
0.38
0.44
0.39
0.39
0.58
0.53
0.50
0.60
0.48
0.45
0.45
0.46
0.41
0.38
0.38
0.40
0.47
0.41
0.37
0.36
0.53
0.52
3.49
0.54
CorWatt	PkgWatt
18.07	131.05
0.53	131.05
0.49
0.50
0.44
0.49
0.50
0.50
0.49
0.39
0.44
0.44
0.39
0.56
0.53
0.52
0.57
0.47
0.49
0.46
0.50
0.42
0.38
0.40
0.39
0.47
0.41
0.39
0.38
0.54
0.53
3.49
0.55
CorWatt	PkgWatt
17.88	131.06
0.52	131.06
0.51
0.48
0.44
0.48
0.50
0.48
0.48
0.40
0.44
0.40
0.39
0.56
0.52
0.50
0.56
0.46
0.46
0.45
0.47
0.41
0.38
0.38
0.39
0.49
0.41
0.39
0.40
0.55
0.54
3.49
0.56
CorWatt	PkgWatt
17.88	130.87
0.52	130.88
0.51
0.47
0.43
0.49
0.50
0.48
0.49
0.38
0.45
0.39
0.38
0.56
0.52
0.50
0.56
0.46
0.48
0.48
0.49
0.42
0.38
0.38
0.40
0.49
0.42
0.39
0.37
0.55
0.53
3.49
0.55
CorWatt	PkgWatt
18.01	130.95
0.52	130.96
0.51
0.48
0.43
0.48
0.51
0.48
0.48
0.41
0.45
0.39
0.40
0.58
0.52
0.52
0.56
0.46
0.46
0.46
0.48
0.42
0.40
0.39
0.39
0.49
0.46
0.40
0.37
0.53
0.53
3.49
0.56
CorWatt	PkgWatt
18.02	130.93
0.54	130.93
0.50
0.47
0.44
0.51
0.51
0.49
0.49
0.40
0.44
0.39
0.39
0.57
0.53
0.51
0.56
0.48
0.48
0.46
0.49
0.42
0.38
0.38
0.40
0.46
0.46
0.38
0.37
0.54
0.54
3.49
0.56
CorWatt	PkgWatt
17.91	131.01
0.54	131.02
0.51
0.48
0.46
0.48
0.50
0.50
0.48
0.39
0.44
0.39
0.39
0.57
0.52
0.50
0.59
0.47
0.46
0.46
0.47
0.41
0.38
0.38
0.39
0.48
0.44
0.37
0.37
0.54
0.53
3.49
0.55
CorWatt	PkgWatt
17.88	130.83
0.52	130.82
0.54
0.45
0.43
0.51
0.50
0.49
0.49
0.39
0.44
0.39
0.38
0.56
0.52
0.50
0.56
0.46
0.46
0.48
0.50
0.42
0.38
0.38
0.38
0.48
0.42
0.37
0.37
0.53
0.52
3.49
0.56
CorWatt	PkgWatt
17.76	130.88
0.52	130.88
0.52
0.47
0.43
0.49
0.50
0.49
0.49
0.39
0.44
0.39
0.39
0.56
0.52
0.50
0.56
0.46
0.46
0.45
0.47
0.42
0.38
0.38
0.38
0.48
0.40
0.37
0.36
0.53
0.52
3.49
0.54
CorWatt	PkgWatt
18.01	130.94
0.52	130.95
0.51
0.48
0.44
0.50
0.51
0.49
0.49
0.40
0.44
0.39
0.40
0.56
0.54
0.54
0.56
0.47
0.46
0.47
0.48
0.42
0.38
0.38
0.39
0.48
0.41
0.41
0.39
0.54
0.53
3.49
0.55
CorWatt	PkgWatt
18.02	131.19
0.54	131.19
0.50
0.51
0.46
0.48
0.51
0.48
0.49
0.39
0.45
0.41
0.40
0.56
0.52
0.52
0.57
0.47
0.46
0.45
0.48
0.42
0.38
0.38
0.38
0.47
0.42
0.43
0.39
0.54
0.53
3.49
0.55
CorWatt	PkgWatt
18.88	130.88
0.59	130.89
0.59
0.52
0.55
0.57
0.55
0.56
0.55
0.45
0.48
0.48
0.46
0.61
0.60
0.57
0.62
1.06
0.54
0.51
0.54
0.59
0.76
0.59
0.56
0.53
0.47
0.51
0.44
0.62
0.61
1.18
0.63
CorWatt	PkgWatt
16.93	128.96
0.51	128.94
0.48
0.44
0.50
0.49
0.52
0.49
0.50
0.38
0.44
0.38
0.39
0.52
0.51
0.50
0.56
0.59
0.47
0.48
0.50
0.75
0.79
1.45
0.74
0.36
0.37
0.42
0.35
0.52
0.51
0.53
0.50
CorWatt	PkgWatt
17.18	129.38
0.52	129.37
0.48
0.47
0.51
0.50
0.51
0.49
0.49
0.40
0.46
0.40
0.40
0.58
0.54
0.52
0.56
0.58
0.47
0.46
0.50
0.76
1.45
0.77
0.75
0.37
0.37
0.40
0.35
0.54
0.52
0.55
0.52
CorWatt	PkgWatt
16.94	128.96
0.51	128.96
0.47
0.47
0.53
0.48
0.51
0.48
0.48
0.39
0.46
0.41
0.40
0.56
0.51
0.50
0.56
0.57
0.46
0.46
0.51
0.76
1.15
1.10
0.74
0.36
0.36
0.37
0.35
0.51
0.51
0.50
0.50
CorWatt	PkgWatt
16.86	128.97
0.51	128.97
0.46
0.52
0.50
0.51
0.50
0.48
0.49
0.37
0.45
0.40
0.38
0.56
0.51
0.50
0.55
0.56
0.46
0.46
0.50
0.76
0.79
1.44
0.74
0.36
0.36
0.37
0.35
0.52
0.50
0.50
0.51
CorWatt	PkgWatt
17.02	129.02
0.50	129.02
0.46
0.52
0.51
0.51
0.51
0.50
0.50
0.38
0.44
0.39
0.39
0.56
0.51
0.50
0.55
0.59
0.47
0.46
0.51
0.75
0.78
1.44
0.74
0.36
0.38
0.41
0.36
0.52
0.51
0.50
0.51
CorWatt	PkgWatt
18.11	130.07
0.56	130.08
0.52
0.50
0.53
0.53
0.52
0.49
0.49
0.44
0.48
0.44
0.45
0.57
0.55
0.53
0.57
0.61
0.51
0.52
0.52
0.83
0.86
1.67
0.82
0.40
0.37
0.41
0.38
0.52
0.51
0.51
0.51
CorWatt	PkgWatt
19.92	131.80
0.53	131.79
0.50
0.49
0.47
0.49
0.51
0.49
0.48
0.37
0.44
0.38
0.39
0.58
0.51
0.50
0.55
0.57
0.47
0.47
0.49
1.24
2.02
2.28
1.24
0.35
0.36
0.37
0.36
0.52
0.50
0.50
0.49
CorWatt	PkgWatt
19.98	131.80
0.52	131.80
0.51
0.50
0.44
0.51
0.52
0.49
0.49
0.38
0.44
0.40
0.38
0.57
0.51
0.50
0.55
0.58
0.47
0.46
0.50
1.24
1.24
3.04
1.24
0.36
0.36
0.36
0.35
0.52
0.52
0.50
0.51
CorWatt	PkgWatt
19.98	131.91
0.50	131.91
0.50
0.48
0.45
0.49
0.51
0.49
0.49
0.40
0.44
0.39
0.41
0.57
0.51
0.50
0.59
0.56
0.47
0.46
0.49
1.24
1.24
3.04
1.24
0.35
0.39
0.37
0.36
0.52
0.51
0.51
0.51
CorWatt	PkgWatt
20.47	132.43
0.53	132.43
0.54
0.51
0.48
0.51
0.51
0.51
0.51
0.39
0.44
0.44
0.38
0.55
0.55
0.52
0.57
0.57
0.49
0.46
0.49
1.24
1.24
3.05
1.24
0.39
0.42
0.39
0.37
0.55
0.54
0.55
0.56
CorWatt	PkgWatt
19.96	131.94
0.53	131.94
0.55
0.48
0.44
0.49
0.50
0.49
0.49
0.38
0.43
0.39
0.39
0.56
0.51
0.50
0.57
0.57
0.47
0.46
0.47
1.24
1.28
3.02
1.24
0.35
0.38
0.39
0.35
0.52
0.52
0.50
0.51
CorWatt	PkgWatt
19.96	132.06
0.53	132.06
0.54
0.45
0.46
0.51
0.51
0.49
0.49
0.38
0.43
0.39
0.38
0.55
0.51
0.50
0.56
0.58
0.49
0.47
0.49
1.24
3.05
1.24
1.24
0.35
0.38
0.36
0.35
0.51
0.51
0.50
0.51
CorWatt	PkgWatt
19.91	131.96
0.53	131.96
0.55
0.48
0.45
0.50
0.50
0.51
0.49
0.39
0.43
0.37
0.39
0.53
0.50
0.50
0.58
0.56
0.47
0.46
0.48
1.24
2.03
2.24
1.24
0.35
0.37
0.36
0.36
0.51
0.51
0.50
0.50
CorWatt	PkgWatt
20.16	132.39
0.55	132.40
0.54
0.48
0.46
0.51
0.51
0.51
0.50
0.38
0.44
0.38
0.40
0.54
0.52
0.51
0.57
0.56
0.47
0.46
0.49
1.24
2.22
2.07
1.24
0.36
0.39
0.39
0.37
0.53
0.54
0.52
0.52
CorWatt	PkgWatt
19.96	132.00
0.53	131.99
0.54
0.46
0.45
0.50
0.50
0.49
0.48
0.39
0.44
0.38
0.39
0.54
0.50
0.50
0.57
0.58
0.48
0.46
0.48
1.24
2.17
1.24
2.11
0.36
0.40
0.37
0.37
0.52
0.51
0.51
0.51
CorWatt	PkgWatt
20.03	132.17
0.54	132.18
0.56
0.46
0.44
0.50
0.50
0.49
0.49
0.39
0.47
0.40
0.40
0.54
0.52
0.50
0.57
0.57
0.48
0.46
0.48
1.24
2.68
1.24
1.60
0.36
0.38
0.36
0.35
0.51
0.52
0.50
0.51
CorWatt	PkgWatt
18.66	130.84
0.51	130.84
0.54
0.45
0.44
0.49
0.50
0.49
0.48
0.38
0.45
0.37
0.38
0.52
0.51
0.50
0.57
0.55
0.47
0.46
0.47
1.04
2.07
1.06
1.42
0.36
0.38
0.39
0.35
0.51
0.51
0.50
0.51
CorWatt	PkgWatt
20.84	135.58
0.59	135.60
0.59
0.55
0.51
0.58
0.57
0.59
0.59
0.46
0.50
0.46
0.45
0.59
0.61
0.58
0.62
0.58
0.54
0.52
0.57
0.50
0.50
0.55
0.48
0.47
0.82
3.07
0.49
0.60
0.59
0.57
1.15
CorWatt	PkgWatt
20.32	137.98
0.53	137.96
0.54
0.47
0.45
0.48
0.50
0.48
0.48
0.38
0.43
0.39
0.38
0.55
0.52
0.49
0.54
0.47
0.49
0.46
0.49
0.42
0.39
0.46
0.40
0.37
0.42
5.77
0.41
0.52
0.52
0.50
0.61
CorWatt	PkgWatt
20.32	138.11
0.52	138.11
0.51
0.45
0.44
0.50
0.51
0.50
0.50
0.38
0.43
0.43
0.37
0.53
0.50
0.49
0.51
0.46
0.50
0.45
0.52
0.43
0.40
0.48
0.41
0.37
0.42
5.78
0.41
0.53
0.51
0.50
0.61
CorWatt	PkgWatt
20.63	138.18
0.54	138.17
0.58
0.46
0.46
0.49
0.52
0.49
0.51
0.39
0.45
0.41
0.40
0.55
0.51
0.51
0.52
0.46
0.48
0.46
0.49
0.42
0.39
0.47
0.43
0.41
0.43
5.77
0.43
0.55
0.53
0.52
0.61
CorWatt	PkgWatt
20.43	138.08
0.51	138.08
0.53
0.46
0.45
0.50
0.51
0.49
0.50
0.38
0.44
0.38
0.38
0.53
0.51
0.49
0.52
0.47
0.49
0.48
0.51
0.42
0.40
0.46
0.44
0.39
0.44
5.76
0.40
0.54
0.51
0.52
0.62
CorWatt	PkgWatt
20.34	138.04
0.52	138.04
0.53
0.45
0.44
0.49
0.52
0.48
0.48
0.39
0.44
0.38
0.38
0.53
0.50
0.50
0.50
0.45
0.47
0.46
0.49
0.42
0.40
0.47
0.45
0.39
0.46
5.78
0.38
0.53
0.52
0.52
0.63
CorWatt	PkgWatt
20.74	138.45
0.54	138.45
0.55
0.47
0.45
0.51
0.52
0.50
0.51
0.41
0.46
0.40
0.39
0.55
0.52
0.51
0.52
0.47
0.51
0.48
0.51
0.42
0.40
0.44
0.43
0.39
0.43
5.77
0.39
0.56
0.53
0.53
0.63
CorWatt	PkgWatt
20.71	138.33
0.55	138.33
0.57
0.49
0.47
0.51
0.52
0.50
0.50
0.38
0.44
0.40
0.40
0.55
0.52
0.52
0.52
0.49
0.49
0.47
0.51
0.42
0.40
0.43
0.44
0.38
0.42
5.77
0.39
0.55
0.53
0.54
0.62
CorWatt	PkgWatt
20.52	138.14
0.52	138.14
0.56
0.48
0.45
0.53
0.52
0.51
0.51
0.38
0.43
0.38
0.38
0.53
0.51
0.50
0.51
0.47
0.48
0.48
0.54
0.43
0.41
0.43
0.44
0.37
0.43
5.78
0.38
0.54
0.52
0.52
0.60
CorWatt	PkgWatt
20.13	138.11
0.52	138.10
0.53
0.46
0.45
0.49
0.51
0.49
0.48
0.38
0.43
0.38
0.38
0.52
0.50
0.49
0.51
0.45
0.47
0.45
0.48
0.41
0.39
0.42
0.44
0.37
0.43
5.78
0.37
0.53
0.51
0.51
0.61
CorWatt	PkgWatt
20.24	138.07
0.53	138.08
0.54
0.45
0.44
0.50
0.51
0.49
0.49
0.37
0.43
0.37
0.38
0.53
0.51
0.52
0.51
0.45
0.47
0.46
0.49
0.43
0.40
0.42
0.44
0.38
0.40
5.78
0.39
0.53
0.52
0.51
0.60
CorWatt	PkgWatt
20.43	138.13
0.52	138.14
0.53
0.45
0.46
0.49
0.50
0.49
0.50
0.38
0.44
0.41
0.42
0.52
0.50
0.52
0.53
0.45
0.49
0.45
0.51
0.42
0.39
0.43
0.44
0.39
0.43
5.78
0.39
0.54
0.53
0.52
0.63
CorWatt	PkgWatt
20.63	138.58
0.54	138.58
0.53
0.46
0.47
0.50
0.51
0.50
0.51
0.39
0.44
0.42
0.39
0.51
0.50
0.50
0.53
0.47
0.49
0.47
0.51
0.45
0.40
0.43
0.46
0.39
0.42
5.78
0.38
0.55
0.54
0.56
0.63
CorWatt	PkgWatt
20.57	138.26
0.53	138.27
0.53
0.46
0.45
0.50
0.52
0.50
0.52
0.38
0.45
0.39
0.40
0.52
0.51
0.51
0.56
0.49
0.47
0.49
0.50
0.43
0.40
0.44
0.45
0.38
0.41
5.79
0.38
0.54
0.53
0.52
0.61
CorWatt	PkgWatt
20.71	138.48
0.54	138.48
0.52
0.56
0.46
0.51
0.50
0.49
0.50
0.40
0.47
0.39
0.41
0.54
0.53
0.52
0.54
0.47
0.47
0.46
0.51
0.44
0.44
0.41
0.41
0.37
0.44
5.78
0.37
0.56
0.53
0.54
0.62
CorWatt	PkgWatt
20.36	138.43
0.53	138.42
0.52
0.54
0.46
0.50
0.50
0.49
0.48
0.38
0.46
0.40
0.40
0.51
0.50
0.50
0.53
0.46
0.47
0.45
0.50
0.44
0.43
0.39
0.40
0.37
0.44
5.79
0.37
0.53
0.52
0.52
0.62
CorWatt	PkgWatt
20.50	138.46
0.53	138.46
0.53
0.56
0.44
0.52
0.51
0.49
0.50
0.38
0.44
0.38
0.39
0.51
0.51
0.52
0.53
0.46
0.48
0.46
0.52
0.43
0.43
0.40
0.40
0.37
0.41
5.79
0.38
0.53
0.53
0.52
0.61
CorWatt	PkgWatt
19.60	133.96
0.59	133.98
0.60
0.62
0.55
0.57
0.56
0.54
0.57
0.45
0.49
0.44
0.45
0.57
0.58
0.57
0.60
0.54
1.04
0.53
0.57
0.48
0.48
0.69
0.47
0.41
0.50
2.28
0.42
0.61
0.58
0.60
0.66
CorWatt	PkgWatt
18.10	131.41
0.57	131.39
0.52
0.48
0.51
0.52
0.52
0.50
0.50
0.41
0.46
0.42
0.40
0.53
0.55
0.53
0.55
0.46
0.60
0.47
0.52
0.46
0.45
3.14
0.46
0.36
0.38
0.38
0.38
0.53
0.53
0.52
0.52
CorWatt	PkgWatt
17.72	130.85
0.53	130.85
0.51
0.46
0.52
0.50
0.51
0.50
0.49
0.39
0.45
0.38
0.40
0.52
0.52
0.50
0.53
0.46
0.61
0.48
0.50
0.45
0.42
3.08
0.47
0.36
0.37
0.38
0.38
0.53
0.53
0.52
0.50
CorWatt	PkgWatt
17.89	131.17
0.53	131.17
0.53
0.46
0.49
0.53
0.52
0.50
0.51
0.40
0.45
0.38
0.39
0.52
0.52
0.50
0.54
0.46
0.59
0.48
0.52
0.46
0.44
3.07
0.46
0.37
0.40
0.39
0.37
0.53
0.52
0.53
0.53
CorWatt	PkgWatt
17.65	130.79
0.54	130.79
0.52
0.45
0.49
0.50
0.51
0.49
0.48
0.39
0.44
0.39
0.41
0.53
0.51
0.50
0.54
0.46
0.59
0.46
0.49
0.44
0.42
3.08
0.46
0.36
0.39
0.37
0.37
0.52
0.51
0.51
0.51
CorWatt	PkgWatt
18.32	131.34
0.54	131.35
0.52
0.51
0.54
0.52
0.51
0.51
0.51
0.41
0.43
0.45
0.39
0.54
0.56
0.54
0.56
0.47
0.64
0.46
0.52
0.45
0.45
3.08
0.45
0.40
0.42
0.37
0.38
0.55
0.55
0.56
0.56
CorWatt	PkgWatt
17.79	130.92
0.54	130.91
0.53
0.50
0.49
0.50
0.50
0.49
0.49
0.40
0.44
0.38
0.41
0.51
0.53
0.51
0.52
0.49
0.60
0.46
0.47
0.45
0.44
3.07
0.45
0.38
0.38
0.38
0.39
0.54
0.52
0.52
0.52
CorWatt	PkgWatt
17.80	130.83
0.54	130.82
0.52
0.49
0.51
0.51
0.51
0.50
0.50
0.39
0.44
0.38
0.41
0.51
0.53
0.50
0.52
0.50
0.60
0.48
0.49
0.46
0.43
3.07
0.45
0.37
0.38
0.37
0.37
0.53
0.51
0.52
0.52
CorWatt	PkgWatt
17.65	130.82
0.55	130.82
0.53
0.51
0.51
0.50
0.50
0.50
0.48
0.39
0.44
0.38
0.39
0.51
0.53
0.50
0.52
0.48
0.60
0.46
0.48
0.45
0.42
3.08
0.44
0.36
0.37
0.36
0.37
0.51
0.51
0.51
0.51
CorWatt	PkgWatt
17.86	130.85
0.54	130.85
0.52
0.49
0.50
0.51
0.51
0.51
0.52
0.38
0.44
0.39
0.40
0.51
0.53
0.50
0.52
0.48
0.59
0.46
0.49
0.47
0.45
3.07
0.46
0.39
0.40
0.40
0.38
0.52
0.52
0.52
0.51
CorWatt	PkgWatt
17.63	130.71
0.54	130.69
0.52
0.48
0.50
0.50
0.50
0.50
0.50
0.39
0.44
0.38
0.40
0.51
0.53
0.50
0.52
0.49
0.58
0.46
0.48
0.45
0.42
3.07
0.45
0.36
0.37
0.37
0.37
0.52
0.51
0.51
0.51
CorWatt	PkgWatt
17.93	130.86
0.55	130.87
0.54
0.49
0.50
0.51
0.51
0.51
0.50
0.40
0.49
0.40
0.42
0.52
0.53
0.51
0.53
0.50
0.58
0.47
0.49
0.46
0.43
3.07
0.46
0.37
0.38
0.38
0.36
0.52
0.54
0.51
0.52
CorWatt	PkgWatt
17.58	130.65
0.53	130.65
0.51
0.48
0.49
0.49
0.51
0.49
0.48
0.38
0.45
0.39
0.40
0.51
0.53
0.50
0.52
0.48
0.59
0.46
0.47
0.44
0.42
1.63
1.93
0.38
0.37
0.37
0.35
0.51
0.52
0.50
0.50
CorWatt	PkgWatt
17.84	130.88
0.54	130.89
0.52
0.49
0.50
0.51
0.52
0.52
0.51
0.38
0.44
0.39
0.38
0.51
0.55
0.50
0.54
0.48
0.58
0.46
0.49
0.47
0.46
0.51
3.09
0.36
0.37
0.37
0.35
0.51
0.51
0.50
0.51
CorWatt	PkgWatt
17.76	130.65
0.55	130.65
0.53
0.51
0.51
0.50
0.50
0.49
0.48
0.39
0.44
0.39
0.39
0.53
0.56
0.51
0.54
0.48
0.59
0.46
0.47
0.44
0.42
0.48
3.07
0.39
0.38
0.37
0.36
0.51
0.51
0.50
0.50
CorWatt	PkgWatt
17.86	130.78
0.52	130.78
0.51
0.49
0.49
0.51
0.53
0.51
0.50
0.39
0.43
0.44
0.39
0.51
0.54
0.51
0.54
0.48
0.61
0.46
0.50
0.45
0.42
0.48
3.07
0.37
0.37
0.38
0.36
0.53
0.51
0.51
0.51
CorWatt	PkgWatt
17.63	130.62
0.52	130.62
0.54
0.48
0.49
0.49
0.50
0.49
0.48
0.39
0.43
0.39
0.39
0.50
0.54
0.51
0.51
0.48
0.59
0.46
0.48
0.44
0.41
0.47
3.07
0.38
0.37
0.38
0.36
0.53
0.53
0.50
0.51
CorWatt	PkgWatt
17.54	130.40
0.52	130.39
0.51
0.49
0.49
0.50
0.50
0.48
0.49
0.38
0.44
0.37
0.39
0.51
0.54
0.51
0.52
0.47
0.60
0.47
0.50
0.45
0.43
0.46
2.94
0.39
0.40
0.37
0.37
0.52
0.51
0.51
0.50
CorWatt	PkgWatt
18.67	130.61
0.60	130.63
0.58
0.57
0.52
0.58
0.57
0.57
0.57
0.50
0.54
0.47
0.49
0.59
0.60
0.61
0.59
0.54
0.58
0.53
0.55
0.49
0.47
0.53
0.48
1.00
0.46
0.43
0.42
0.70
0.71
1.06
0.78
CorWatt	PkgWatt
16.79	128.80
0.51	128.79
0.52
0.49
0.44
0.51
0.52
0.49
0.51
0.40
0.47
0.39
0.39
0.51
0.55
0.52
0.52
0.46
0.47
0.46
0.48
0.43
0.40
0.45
0.40
0.51
0.40
0.40
0.37
0.80
0.79
1.05
1.19
CorWatt	PkgWatt
16.68	128.92
0.52	128.92
0.54
0.50
0.46
0.49
0.51
0.48
0.50
0.39
0.48
0.38
0.40
0.51
0.54
0.51
0.52
0.47
0.46
0.47
0.48
0.42
0.38
0.45
0.40
0.51
0.37
0.37
0.37
0.79
0.79
1.42
0.79
CorWatt	PkgWatt
16.94	128.95
0.51	128.95
0.55
0.54
0.45
0.52
0.52
0.50
0.50
0.39
0.47
0.39
0.40
0.51
0.55
0.52
0.53
0.47
0.50
0.49
0.52
0.44
0.39
0.45
0.40
0.48
0.40
0.38
0.36
0.80
0.79
1.44
0.80
CorWatt	PkgWatt
16.47	128.64
0.49	128.64
0.51
0.53
0.44
0.48
0.51
0.48
0.48
0.39
0.44
0.37
0.40
0.51
0.53
0.51
0.52
0.45
0.46
0.45
0.47
0.43
0.38
0.44
0.40
0.48
0.37
0.37
0.37
0.79
0.78
1.44
0.79
CorWatt	PkgWatt
17.59	129.69
0.51	129.69
0.53
0.55
0.45
0.50
0.51
0.49
0.50
0.39
0.44
0.38
0.39
0.51
0.56
0.53
0.53
0.47
0.49
0.46
0.48
0.43
0.39
0.41
0.39
0.48
0.38
0.39
0.39
0.92
0.90
1.93
0.91
CorWatt	PkgWatt
19.87	131.55
0.52	131.55
0.51
0.56
0.47
0.48
0.50
0.48
0.51
0.39
0.44
0.41
0.44
0.51
0.52
0.54
0.53
0.44
0.46
0.45
0.48
0.42
0.38
0.38
0.39
0.51
0.42
0.38
0.40
1.22
1.21
1.36
3.14
CorWatt	PkgWatt
20.00	131.71
0.53	131.71
0.51
0.54
0.44
0.50
0.50
0.49
0.50
0.40
0.45
0.43
0.41
0.52
0.52
0.53
0.52
0.45
0.46
0.45
0.47
0.44
0.38
0.39
0.41
0.49
0.40
0.38
0.37
1.28
1.26
3.29
1.26
CorWatt	PkgWatt
19.90	131.79
0.51	131.79
0.53
0.53
0.43
0.48
0.50
0.49
0.51
0.39
0.44
0.39
0.40
0.52
0.52
0.53
0.52
0.46
0.46
0.48
0.46
0.42
0.38
0.38
0.39
0.50
0.38
0.38
0.37
1.28
1.26
3.32
1.26
CorWatt	PkgWatt
20.07	131.94
0.52	131.94
0.54
0.53
0.45
0.49
0.50
0.49
0.50
0.42
0.47
0.40
0.41
0.54
0.55
0.57
0.55
0.45
0.46
0.46
0.48
0.43
0.39
0.40
0.39
0.49
0.39
0.39
0.38
1.98
1.23
2.41
1.42
CorWatt	PkgWatt
19.99	131.82
0.50	131.82
0.55
0.50
0.45
0.49
0.50
0.48
0.48
0.40
0.48
0.42
0.44
0.53
0.52
0.53
0.53
0.44
0.46
0.45
0.48
0.43
0.38
0.38
0.39
0.49
0.40
0.38
0.37
3.34
1.27
1.28
1.26
CorWatt	PkgWatt
19.97	131.81
0.52	131.81
0.57
0.53
0.44
0.50
0.50
0.48
0.50
0.38
0.45
0.39
0.40
0.52
0.52
0.55
0.53
0.44
0.45
0.45
0.48
0.42
0.38
0.39
0.38
0.51
0.40
0.38
0.38
1.29
1.26
3.29
1.26
CorWatt	PkgWatt
19.90	131.91
0.51	131.91
0.54
0.53
0.43
0.50
0.49
0.49
0.50
0.40
0.44
0.39
0.40
0.52
0.52
0.54
0.53
0.45
0.46
0.45
0.47
0.42
0.38
0.38
0.38
0.49
0.41
0.37
0.38
1.28
1.26
3.31
1.26
CorWatt	PkgWatt
20.19	131.80
0.54	131.81
0.56
0.53
0.46
0.50
0.51
0.49
0.50
0.42
0.47
0.42
0.42
0.54
0.55
0.56
0.54
0.47
0.47
0.48
0.48
0.43
0.39
0.39
0.39
0.48
0.40
0.38
0.39
2.10
2.40
1.30
1.24
CorWatt	PkgWatt
19.85	131.69
0.51	131.68
0.54
0.50
0.46
0.48
0.50
0.48
0.48
0.38
0.45
0.39
0.40
0.52
0.52
0.54
0.52
0.44
0.48
0.47
0.48
0.42
0.38
0.39
0.40
0.48
0.39
0.38
0.37
3.33
1.25
1.26
1.24
CorWatt	PkgWatt
19.79	131.59
0.52	131.58
0.55
0.51
0.44
0.49
0.52
0.48
0.49
0.39
0.44
0.38
0.40
0.51
0.51
0.54
0.52
0.44
0.45
0.45
0.47
0.43
0.38
0.39
0.39
0.48
0.39
0.37
0.37
1.80
2.76
1.27
1.26
CorWatt	PkgWatt
19.77	131.54
0.51	131.55
0.54
0.51
0.44
0.48
0.50
0.48
0.51
0.39
0.45
0.39
0.40
0.52
0.53
0.51
0.52
0.44
0.46
0.45
0.46
0.42
0.38
0.40
0.40
0.48
0.40
0.37
0.37
1.27
3.28
1.26
1.25
CorWatt	PkgWatt
20.04	131.05
0.59	131.40
0.59
0.58
0.55
0.58
0.56
0.54
0.62
0.48
0.50
0.50
0.47
0.55
0.59
0.58
0.58
0.53
0.55
0.57
0.62
0.54
0.51
0.49
0.50
0.57
0.49
0.45
0.49
1.37
1.52
1.00
0.97
