CorWatt	PkgWatt
28.37	199.43
0.32	101.25
0.21
0.20
0.65
0.26
0.21
0.21
3.20
0.21
0.17
0.16
0.30
0.20
0.21
0.20
3.24
0.21
0.20
0.19
1.29
0.19
0.27
0.18
0.18
0.19
0.20
0.19
1.64
0.18
0.18
0.18
1.44
0.30	98.33
0.20
0.21
0.34
0.21
0.43
0.28
0.35
0.33
0.41
0.18
0.21
0.29
2.39
0.30
0.30
0.35
0.43
0.19
0.21
0.44
0.23
0.23
0.70
0.20
0.20
0.28
0.46
0.19
0.18
0.18
0.37
CorWatt	PkgWatt
25.78	184.41
0.22	94.13
0.19
0.19
0.29
0.21
0.21
0.20
1.92
0.21
0.17
0.16
0.16
0.15
0.15
0.15
0.20
0.19
0.20
0.19
1.10
0.24
2.00
0.22
1.34
2.33
0.20
0.20
0.22
0.18
0.21
0.18
1.41
0.22	90.17
0.21
0.38
0.59
0.19
0.41
0.21
0.34
0.17
0.17
0.28
0.23
0.20
0.22
0.21
0.30
0.22
0.19
0.18
0.46
0.20
0.18
0.20
0.26
2.21
0.28
0.28
0.30
0.19
0.19
0.21
0.71
CorWatt	PkgWatt
32.77	202.59
0.40	96.01
0.63
0.37
0.32
0.38
0.34
0.48
0.28
0.40
0.30
0.23
0.27
0.32
0.42
0.29
0.36
0.39
0.39
0.27
0.28
0.25
0.36
0.46
0.38
0.18
0.37
0.30
0.88
0.59
0.29
0.18
0.60
0.26	106.70
0.35
0.78
0.36
0.34
0.35
0.28
0.66
0.27
0.23
0.35
2.61
0.24
0.28
0.34
0.84
0.46
0.54
0.47
1.21
0.26
0.32
0.25
2.78
0.24
0.28
2.11
0.21
0.41
0.70
0.28
1.79
CorWatt	PkgWatt
28.81	210.13
0.33	102.85
0.21
0.19
0.44
0.18
0.17
0.32
0.19
0.19
0.46
0.81
0.20
0.39
0.27
0.16
0.18
0.20
0.21
0.39
0.93
0.22
0.22
0.52
1.63
0.18
0.22
0.23
0.17
0.17
0.17
0.83
0.18
0.24	107.23
0.20
0.37
0.47
0.22
0.41
0.22
1.63
0.21
0.21
0.21
1.92
0.19
0.32
0.19
0.58
0.26
0.21
0.21
2.30
1.68
0.23
0.22
0.43
0.46
0.20
0.20
0.36
2.41
0.29
0.29
0.30
CorWatt	PkgWatt
29.00	217.46
0.27	105.51
0.19
0.19
0.19
1.97
0.21
0.21
1.28
0.16
0.22
0.17
0.16
0.15
0.16
0.18
0.15
0.21
0.19
0.18
0.17
0.20
0.17
0.18
0.19
0.17
0.22
0.17
0.17
0.20
0.20
3.08
0.20
0.38	111.83
0.24
0.23
1.00
0.19
0.39
0.19
0.30
0.18
0.19
0.18
0.51
0.19
0.19
0.20
2.22
1.42
0.20
0.20
0.25
1.76
1.63
0.23
0.23
0.34
0.19
0.19
0.48
2.44
0.29
0.29
0.29
CorWatt	PkgWatt
26.66	216.36
0.31	109.73
0.21
0.24
1.32
0.21
0.20
0.20
2.00
0.17
0.62
0.18
0.16
0.19
0.19
0.19
2.64
0.17
0.22
0.19
0.18
0.19
0.18
0.17
0.19
0.17
0.22
0.18
0.17
3.57
0.18
0.19
0.18
0.16	106.69
0.16
0.17
0.17
0.16
0.17
0.16
0.18
0.15
0.15
0.15
0.15
0.16
0.16
0.15
0.20
0.26
0.17
0.16
0.17
0.22
0.22
0.22
2.90
0.21
0.21
0.21
3.08
0.21
0.16
0.16
0.15
CorWatt	PkgWatt
33.36	218.18
0.31	104.48
0.26
0.24
0.25
0.21
0.20
0.21
0.20
0.20
0.20
0.40
0.20
0.19
0.19
0.19
0.38
0.20
0.22
0.20
0.20
0.23
0.21
0.21
0.21
0.23
0.25
0.22
0.23
5.75
0.24
0.22
0.22
1.03	113.78
0.25
0.22
2.37
0.27
0.26
1.44
0.27
0.23
0.22
0.20
3.47
1.28
0.19
0.22
0.43
0.21
0.26
0.20
1.78
0.35
0.62
0.21
0.24
0.24
0.22
0.19
0.42
0.25
2.61
0.19
0.20
CorWatt	PkgWatt
30.79	201.86
0.24	96.02
0.18
0.18
0.17
0.17
0.16
0.21
0.18
0.17
0.17
0.15
0.15
0.15
0.15
0.16
0.15
0.17
0.17
0.16
0.17
0.19
0.17
0.17
0.24
0.17
0.21
0.17
0.17
5.76
0.21
0.21
0.21
0.21	105.74
2.88
0.21
0.20
0.19
0.19
0.19
0.97
0.17
0.18
0.18
1.85
0.16
0.16
0.16
0.93
0.21
0.21
0.21
3.50
0.20
0.20
0.20
1.90
0.20
1.89
0.19
0.67
0.62
0.17
0.16
0.17
CorWatt	PkgWatt
34.76	206.10
0.31	96.27
0.19
0.19
0.18
0.18
0.16
0.17
0.22
0.18
0.17
0.15
0.16
0.15
0.14
0.14
0.16
0.17
0.17
0.18
0.17
0.18
0.17
0.16
0.18
0.16
0.25
0.17
0.17
5.74
0.20
0.21
0.20
0.22	109.88
0.84
0.50
0.51
2.40
0.30
0.30
0.37
0.20
0.23
3.14
0.21
2.39
0.21
0.20
0.32
0.21
1.12
0.21
0.62
2.06
0.23
0.23
0.57
1.30
0.35
1.36
0.22
0.20
1.30
0.90
0.23
CorWatt	PkgWatt
33.66	209.81
0.34	98.66
0.18
0.19
0.18
0.17
0.17
0.16
0.18
0.16
0.15
0.16
0.15
0.15
0.15
0.15
0.17
0.17
0.18
0.19
0.17
0.19
0.17
0.18
0.17
0.17
0.24
0.17
0.21
5.77
0.21
0.22
0.21
0.22	111.12
1.88
0.21
0.41
0.27
1.03
0.70
0.24
0.21
0.21
0.32
1.24
0.21
0.20
0.20
2.18
0.21
0.22
2.42
0.78
0.93
0.46
0.74
0.28
0.22
0.22
0.22
2.58
0.71
0.29
0.30
1.94
CorWatt	PkgWatt
32.57	197.89
0.28	96.07
0.18
0.18
0.18
0.17
0.17
0.17
0.50
0.16
0.16
0.15
0.16
0.15
0.15
0.14
0.14
0.17
0.17
0.16
0.16
0.18
0.17
0.17
0.17
0.18
0.30
0.99
0.18
5.82
0.20
0.20
0.20
0.22	101.86
0.45
0.21
2.02
0.22
0.69
0.43
0.42
0.20
0.20
0.20
3.45
0.47
0.20
0.20
1.06
1.41
0.21
1.10
0.22
0.25
0.22
0.23
0.62
0.23
0.27
0.38
1.07
2.31
0.31
0.29
0.36
CorWatt	PkgWatt
34.33	223.41
0.40	112.44
0.20
0.66
0.22
0.19
0.17
0.17
0.20
0.18
0.19
1.28
0.32
0.19
0.23
0.20
1.90
0.19
0.20
0.26
0.63
1.42
0.21
0.20
0.21
0.19
0.25
0.19
0.91
5.86
0.21
0.21
0.20
2.05	111.01
0.23
0.23
0.50
0.22
0.49
0.50
0.24
0.55
0.30
0.19
0.82
0.21
0.20
0.68
1.82
0.24
0.42
0.27
0.45
0.24
0.21
0.21
0.49
0.19
0.24
0.57
0.26
1.56
0.31
0.29
1.08
CorWatt	PkgWatt
36.13	226.27
0.38	112.31
0.36
1.25
1.12
0.22
0.24
0.23
0.20
0.31
0.24
0.18
0.20
0.24
0.43
0.22
2.06
0.21
0.77
0.28
0.27
0.21
0.27
0.22
0.20
0.19
0.43
0.22
0.20
5.88
0.21
0.21
0.20
0.22	113.83
0.21
0.45
0.64
0.21
0.24
0.91
0.23
2.06
0.20
0.20
0.72
0.19
0.19
0.21
1.31
0.22
3.10
0.21
0.22
0.22
0.22
0.36
0.56
0.19
0.31
0.93
0.32
0.52
0.28
0.29
2.11
