CorWatt	PkgWatt
15.24	127.62
0.56	127.65
0.46
0.51
0.46
0.54
0.54
0.51
0.51
0.43
0.46
0.41
0.53
0.61
0.54
0.53
0.54
0.46
0.50
0.47
0.47
0.40
0.39
0.38
0.39
0.37
0.37
0.40
0.38
0.56
0.53
0.53
0.51
CorWatt	PkgWatt
14.88	127.35
0.51	127.40
0.45
0.50
0.44
0.51
0.57
0.49
0.51
0.43
0.45
0.38
0.43
0.61
0.53
0.50
0.51
0.50
0.52
0.50
0.48
0.39
0.38
0.39
0.39
0.37
0.35
0.37
0.37
0.52
0.50
0.53
0.50
CorWatt	PkgWatt
22.16	134.17
0.75	134.12
0.65
0.76
0.69
0.80
0.74
0.65
0.63
0.57
0.61
0.50
0.60
0.69
0.64
0.65
0.72
0.60
2.69
0.67
0.66
0.58
0.56
0.54
0.51
0.51
0.48
0.48
0.55
0.73
0.63
0.68
0.62
CorWatt	PkgWatt
16.34	128.49
0.55	128.48
0.51
0.51
0.47
0.52
0.49
0.50
0.50
0.39
0.44
0.37
0.40
0.57
0.52
0.50
0.51
0.46
0.60
0.50
0.47
0.64
1.04
0.72
0.68
0.36
0.35
0.36
0.37
0.54
0.50
0.51
0.49
CorWatt	PkgWatt
16.33	128.62
0.57	128.62
0.47
0.46
0.44
0.54
0.50
0.48
0.49
0.39
0.45
0.37
0.39
0.57
0.50
0.49
0.52
0.47
0.58
0.50
0.49
0.65
0.87
1.00
0.64
0.35
0.35
0.37
0.38
0.54
0.50
0.50
0.50
CorWatt	PkgWatt
17.45	129.27
0.56	129.33
0.51
0.52
0.48
0.56
0.56
0.56
0.56
0.45
0.49
0.42
0.43
0.59
0.55
0.54
0.55
0.51
0.60
0.53
0.51
0.86
1.00
0.67
0.65
0.40
0.39
0.40
0.39
0.59
0.54
0.56
0.53
CorWatt	PkgWatt
16.33	128.61
0.53	128.55
0.47
0.47
0.49
0.49
0.50
0.50
0.50
0.40
0.44
0.38
0.41
0.51
0.52
0.50
0.53
0.46
0.58
0.50
0.48
1.19
0.63
0.65
0.63
0.35
0.37
0.38
0.39
0.56
0.50
0.51
0.51
CorWatt	PkgWatt
16.44	128.54
0.54	128.54
0.47
0.48
0.47
0.49
0.49
0.49
0.51
0.41
0.44
0.39
0.38
0.50
0.51
0.51
0.56
0.49
0.58
0.50
0.46
1.34
0.61
0.62
0.61
0.35
0.40
0.40
0.39
0.53
0.50
0.51
0.51
CorWatt	PkgWatt
17.82	130.65
0.55	130.65
0.48
0.51
0.48
0.49
0.50
0.48
0.48
0.40
0.44
0.38
0.43
0.50
0.50
0.51
0.52
0.46
0.57
0.51
0.49
3.18
0.41
0.43
0.41
0.38
0.37
0.42
0.40
0.52
0.52
0.55
0.54
CorWatt	PkgWatt
17.53	130.66
0.54	130.65
0.46
0.49
0.45
0.49
0.49
0.49
0.49
0.41
0.48
0.38
0.39
0.50
0.51
0.49
0.52
0.46
0.58
0.50
0.47
3.18
0.39
0.43
0.40
0.36
0.37
0.37
0.36
0.53
0.53
0.51
0.53
CorWatt	PkgWatt
17.49	130.57
0.54	130.57
0.47
0.47
0.44
0.50
0.51
0.51
0.50
0.38
0.44
0.39
0.41
0.50
0.52
0.51
0.51
0.46
0.58
0.50
0.47
3.18
0.40
0.42
0.41
0.36
0.35
0.36
0.36
0.52
0.50
0.51
0.52
CorWatt	PkgWatt
17.45	130.43
0.55	130.43
0.46
0.48
0.43
0.48
0.49
0.48
0.49
0.41
0.45
0.38
0.39
0.53
0.52
0.51
0.51
0.47
0.57
0.49
0.48
3.18
0.39
0.42
0.41
0.35
0.35
0.36
0.36
0.52
0.51
0.51
0.51
CorWatt	PkgWatt
17.35	130.53
0.53	130.53
0.47
0.47
0.43
0.48
0.48
0.48
0.48
0.40
0.44
0.39
0.40
0.50
0.52
0.49
0.51
0.47
0.57
0.49
0.47
3.18
0.39
0.42
0.40
0.35
0.35
0.38
0.36
0.52
0.50
0.51
0.52
CorWatt	PkgWatt
17.39	130.45
0.54	130.45
0.46
0.50
0.45
0.48
0.48
0.50
0.50
0.40
0.43
0.37
0.40
0.50
0.51
0.49
0.50
0.45
0.57
0.49
0.47
3.18
0.39
0.42
0.40
0.36
0.35
0.41
0.36
0.52
0.50
0.51
0.51
CorWatt	PkgWatt
17.55	130.51
0.54	130.50
0.47
0.49
0.46
0.49
0.51
0.49
0.49
0.39
0.44
0.37
0.39
0.50
0.53
0.51
0.53
0.46
0.56
0.49
0.47
3.18
0.40
0.42
0.40
0.35
0.35
0.39
0.37
0.52
0.51
0.57
0.52
CorWatt	PkgWatt
17.46	130.48
0.55	130.49
0.46
0.50
0.43
0.48
0.50
0.48
0.49
0.41
0.46
0.38
0.40
0.52
0.55
0.49
0.51
0.45
0.56
0.49
0.47
3.18
0.39
0.42
0.40
0.35
0.35
0.38
0.35
0.51
0.50
0.52
0.54
CorWatt	PkgWatt
17.29	130.41
0.56	130.40
0.45
0.50
0.44
0.49
0.48
0.48
0.48
0.38
0.43
0.37
0.39
0.50
0.50
0.51
0.50
0.45
0.59
0.49
0.47
3.18
0.39
0.42
0.40
0.35
0.35
0.36
0.36
0.51
0.50
0.51
0.52
CorWatt	PkgWatt
17.41	130.51
0.55	130.51
0.44
0.47
0.44
0.48
0.49
0.49
0.49
0.39
0.45
0.39
0.39
0.50
0.52
0.49
0.51
0.47
0.57
0.48
0.47
3.18
0.41
0.44
0.42
0.37
0.35
0.37
0.35
0.51
0.50
0.51
0.51
CorWatt	PkgWatt
17.44	130.55
0.55	130.54
0.46
0.46
0.45
0.49
0.49
0.49
0.49
0.40
0.46
0.37
0.40
0.50
0.51
0.49
0.51
0.46
0.57
0.49
0.48
3.18
0.40
0.45
0.40
0.36
0.35
0.36
0.37
0.52
0.50
0.51
0.52
CorWatt	PkgWatt
17.65	130.70
0.54	130.71
0.50
0.47
0.48
0.50
0.48
0.50
0.49
0.39
0.49
0.40
0.38
0.50
0.52
0.49
0.52
0.46
0.56
0.49
0.47
3.18
0.39
0.42
0.40
0.37
0.38
0.41
0.37
0.55
0.52
0.54
0.54
CorWatt	PkgWatt
18.25	130.14
0.59	130.15
0.54
0.50
0.52
0.53
0.54
0.53
0.55
0.45
0.51
0.44
0.46
0.56
0.57
0.57
0.57
0.54
0.59
0.57
0.52
0.57
0.48
0.49
0.48
0.58
0.60
0.90
0.59
0.59
0.57
0.61
1.12
CorWatt	PkgWatt
16.78	128.91
0.54	128.89
0.45
0.47
0.43
0.49
0.49
0.49
0.50
0.40
0.45
0.37
0.40
0.51
0.51
0.51
0.52
0.46
0.48
0.50
0.49
0.41
0.39
0.39
0.38
0.71
0.72
1.23
0.91
0.52
0.50
0.52
0.62
CorWatt	PkgWatt
16.79	128.98
0.56	128.98
0.44
0.47
0.46
0.49
0.49
0.49
0.49
0.39
0.44
0.37
0.41
0.50
0.51
0.49
0.51
0.47
0.46
0.50
0.46
0.40
0.39
0.39
0.39
0.71
0.72
0.88
1.29
0.52
0.51
0.52
0.63
CorWatt	PkgWatt
16.73	128.86
0.54	128.87
0.44
0.47
0.43
0.48
0.50
0.48
0.50
0.40
0.44
0.37
0.39
0.52
0.51
0.49
0.51
0.45
0.48
0.50
0.46
0.40
0.39
0.39
0.41
0.71
0.72
0.76
1.39
0.54
0.52
0.52
0.63
CorWatt	PkgWatt
16.58	128.74
0.55	128.74
0.44
0.46
0.45
0.48
0.49
0.49
0.49
0.38
0.44
0.37
0.39
0.52
0.50
0.49
0.51
0.44
0.45
0.49
0.46
0.39
0.38
0.39
0.39
0.71
0.72
1.13
1.01
0.52
0.50
0.51
0.63
CorWatt	PkgWatt
16.60	128.69
0.53	128.69
0.43
0.44
0.43
0.48
0.48
0.48
0.49
0.42
0.43
0.37
0.42
0.50
0.51
0.49
0.52
0.44
0.46
0.48
0.46
0.40
0.40
0.39
0.40
0.71
0.73
0.99
1.16
0.52
0.50
0.53
0.62
CorWatt	PkgWatt
17.94	129.92
0.56	129.92
0.44
0.45
0.44
0.53
0.50
0.52
0.52
0.39
0.43
0.38
0.40
0.51
0.51
0.49
0.51
0.45
0.46
0.49
0.46
0.40
0.39
0.42
0.40
0.90
0.91
1.04
1.86
0.53
0.51
0.53
0.63
CorWatt	PkgWatt
19.88	131.42
0.54	131.41
0.46
0.50
0.44
0.48
0.49
0.48
0.50
0.39
0.43
0.38
0.40
0.52
0.52
0.51
0.51
0.46
0.48
0.49
0.46
0.42
0.39
0.39
0.41
1.21
1.21
1.21
3.00
0.64
0.51
0.52
0.54
CorWatt	PkgWatt
19.70	131.28
0.53	131.28
0.44
0.47
0.44
0.48
0.49
0.48
0.49
0.39
0.45
0.37
0.40
0.50
0.51
0.50
0.51
0.45
0.46
0.49
0.47
0.40
0.39
0.39
0.39
1.21
1.21
1.99
2.20
0.65
0.51
0.52
0.54
CorWatt	PkgWatt
20.03	131.73
0.54	131.73
0.45
0.46
0.45
0.49
0.49
0.49
0.52
0.40
0.46
0.40
0.40
0.52
0.53
0.51
0.53
0.46
0.46
0.49
0.48
0.42
0.40
0.40
0.39
1.21
2.09
2.09
1.21
0.67
0.53
0.53
0.54
CorWatt	PkgWatt
19.87	131.41
0.55	131.39
0.44
0.47
0.44
0.49
0.50
0.49
0.50
0.41
0.44
0.38
0.40
0.51
0.51
0.50
0.52
0.45
0.47
0.49
0.47
0.40
0.40
0.39
0.39
1.21
1.32
2.89
1.21
0.63
0.51
0.54
0.55
CorWatt	PkgWatt
19.75	131.41
0.53	131.41
0.43
0.47
0.43
0.49
0.50
0.48
0.50
0.39
0.43
0.38
0.40
0.50
0.51
0.50
0.51
0.46
0.47
0.51
0.47
0.40
0.38
0.39
0.38
1.21
2.98
1.22
1.21
0.64
0.51
0.52
0.53
CorWatt	PkgWatt
19.87	131.51
0.54	131.52
0.44
0.46
0.44
0.49
0.49
0.49
0.49
0.38
0.45
0.39
0.41
0.52
0.52
0.51
0.51
0.45
0.48
0.51
0.46
0.39
0.40
0.39
0.38
1.21
2.97
1.22
1.21
0.65
0.53
0.53
0.55
CorWatt	PkgWatt
19.79	131.51
0.56	131.50
0.47
0.48
0.45
0.49
0.50
0.49
0.49
0.41
0.46
0.38
0.39
0.50
0.51
0.49
0.52
0.46
0.46
0.48
0.46
0.40
0.38
0.39
0.39
1.21
2.97
1.22
1.21
0.64
0.51
0.52
0.53
CorWatt	PkgWatt
19.93	131.48
0.54	131.48
0.45
0.47
0.44
0.51
0.50
0.49
0.51
0.39
0.47
0.38
0.39
0.53
0.52
0.50
0.52
0.47
0.46
0.51
0.49
0.39
0.38
0.39
0.39
1.21
2.97
1.21
1.21
0.64
0.51
0.52
0.53
CorWatt	PkgWatt
19.73	131.36
0.51	131.36
0.46
0.48
0.43
0.48
0.49
0.50
0.51
0.40
0.45
0.38
0.39
0.50
0.52
0.50
0.51
0.46
0.45
0.49
0.46
0.40
0.38
0.39
0.38
1.21
2.66
1.53
1.21
0.64
0.51
0.54
0.52
CorWatt	PkgWatt
19.70	131.33
0.54	131.33
0.44
0.47
0.43
0.48
0.49
0.48
0.49
0.39
0.43
0.37
0.39
0.51
0.52
0.50
0.51
0.45
0.45
0.50
0.47
0.39
0.38
0.39
0.39
1.21
2.94
1.25
1.21
0.66
0.51
0.52
0.53
CorWatt	PkgWatt
19.34	131.22
0.56	131.21
0.53
0.50
0.52
0.51
0.53
0.50
0.87
0.44
0.45
0.42
0.43
0.54
0.54
0.53
0.55
0.53
0.51
0.51
0.51
0.41
0.41
0.42
0.42
0.90
0.92
1.97
0.93
0.72
0.60
0.58
0.58
CorWatt	PkgWatt
17.38	129.34
0.76	129.36
0.51
0.51
0.49
0.72
1.18
0.71
0.72
0.44
0.49
0.42
0.44
0.52
0.53
0.51
0.53
0.50
0.51
0.52
0.53
0.45
0.44
0.45
0.44
0.42
0.43
0.45
0.47
0.57
0.59
0.56
0.58
CorWatt	PkgWatt
16.21	128.41
0.61	128.40
0.47
0.46
0.45
0.74
0.86
1.04
0.74
0.39
0.45
0.38
0.40
0.51
0.52
0.50
0.51
0.46
0.47
0.51
0.48
0.41
0.39
0.40
0.40
0.37
0.38
0.37
0.43
0.54
0.55
0.52
0.54
CorWatt	PkgWatt
16.07	128.39
0.60	128.39
0.46
0.46
0.45
0.74
1.01
0.93
0.73
0.39
0.44
0.39
0.42
0.50
0.51
0.50
0.52
0.44
0.46
0.49
0.46
0.40
0.38
0.39
0.38
0.35
0.39
0.37
0.42
0.52
0.54
0.51
0.52
CorWatt	PkgWatt
16.01	128.19
0.59	128.19
0.46
0.45
0.44
0.73
0.97
0.92
0.73
0.41
0.45
0.39
0.38
0.52
0.53
0.51
0.51
0.46
0.46
0.49
0.48
0.42
0.38
0.39
0.40
0.35
0.35
0.37
0.42
0.52
0.53
0.52
0.51
CorWatt	PkgWatt
16.05	128.28
0.61	128.27
0.46
0.46
0.45
0.73
0.87
1.00
0.72
0.41
0.45
0.39
0.42
0.50
0.52
0.51
0.53
0.45
0.46
0.49
0.46
0.40
0.39
0.39
0.39
0.36
0.36
0.37
0.42
0.52
0.53
0.51
0.52
CorWatt	PkgWatt
18.55	133.25
0.59	133.25
0.44
0.48
0.46
0.49
4.46
0.54
0.51
0.40
0.46
0.37
0.40
0.50
0.51
0.49
0.51
0.45
0.46
0.49
0.46
0.40
0.38
0.39
0.39
0.36
0.37
0.36
0.37
0.51
0.53
0.51
0.51
CorWatt	PkgWatt
18.66	133.29
0.60	133.29
0.47
0.47
0.48
0.50
4.46
0.53
0.49
0.38
0.44
0.38
0.39
0.50
0.52
0.52
0.55
0.45
0.46
0.49
0.46
0.39
0.38
0.39
0.39
0.35
0.41
0.37
0.37
0.54
0.52
0.50
0.52
CorWatt	PkgWatt
18.63	133.35
0.59	133.35
0.48
0.47
0.44
0.50
4.46
0.53
0.49
0.41
0.47
0.39
0.41
0.52
0.57
0.49
0.51
0.44
0.46
0.49
0.46
0.40
0.38
0.39
0.39
0.35
0.35
0.37
0.35
0.52
0.52
0.51
0.54
CorWatt	PkgWatt
18.74	133.51
0.59	133.51
0.50
0.48
0.46
0.50
4.47
0.53
0.50
0.39
0.45
0.38
0.39
0.50
0.51
0.50
0.52
0.45
0.49
0.49
0.47
0.40
0.39
0.39
0.40
0.35
0.41
0.37
0.36
0.53
0.52
0.51
0.54
CorWatt	PkgWatt
18.52	133.26
0.60	133.26
0.46
0.46
0.45
0.50
4.47
0.53
0.50
0.39
0.45
0.37
0.38
0.50
0.52
0.49
0.51
0.46
0.46
0.48
0.46
0.40
0.40
0.39
0.41
0.35
0.35
0.36
0.35
0.51
0.51
0.54
0.52
CorWatt	PkgWatt
18.55	133.25
0.59	133.25
0.45
0.46
0.45
0.51
4.47
0.52
0.49
0.38
0.47
0.38
0.40
0.50
0.50
0.50
0.51
0.47
0.46
0.49
0.47
0.39
0.39
0.39
0.39
0.37
0.38
0.37
0.36
0.52
0.50
0.50
0.53
CorWatt	PkgWatt
18.91	133.62
0.58	133.63
0.52
0.48
0.48
0.52
4.47
0.55
0.50
0.39
0.44
0.40
0.39
0.51
0.51
0.50
0.52
0.46
0.46
0.48
0.47
0.40
0.38
0.39
0.39
0.40
0.36
0.42
0.38
0.55
0.51
0.55
0.54
CorWatt	PkgWatt
18.78	133.62
0.59	133.62
0.50
0.46
0.45
0.50
4.46
0.53
0.50
0.39
0.43
0.38
0.39
0.50
0.52
0.51
0.52
0.47
0.46
0.49
0.47
0.42
0.41
0.40
0.41
0.36
0.42
0.39
0.37
0.53
0.50
0.51
0.53
CorWatt	PkgWatt
18.55	133.40
0.60	133.40
0.47
0.47
0.45
0.50
4.46
0.53
0.49
0.38
0.44
0.38
0.39
0.50
0.52
0.50
0.51
0.48
0.48
0.49
0.48
0.40
0.39
0.39
0.39
0.35
0.35
0.37
0.35
0.52
0.50
0.51
0.52
CorWatt	PkgWatt
18.56	133.41
0.60	133.41
0.45
0.48
0.47
0.50
4.47
0.53
0.49
0.39
0.43
0.38
0.39
0.50
0.51
0.50
0.51
0.46
0.46
0.50
0.47
0.39
0.38
0.39
0.39
0.35
0.40
0.38
0.35
0.52
0.50
0.51
0.52
CorWatt	PkgWatt
18.80	133.77
0.60	133.77
0.45
0.48
0.44
0.50
4.46
0.54
0.51
0.40
0.49
0.39
0.39
0.51
0.52
0.50
0.51
0.47
0.47
0.48
0.47
0.41
0.40
0.39
0.41
0.36
0.39
0.36
0.35
0.53
0.51
0.55
0.54
CorWatt	PkgWatt
18.78	133.46
0.59	133.46
0.46
0.49
0.47
0.51
4.46
0.54
0.49
0.38
0.46
0.38
0.39
0.50
0.52
0.52
0.53
0.47
0.47
0.49
0.47
0.40
0.39
0.40
0.40
0.37
0.40
0.38
0.37
0.53
0.50
0.51
0.53
CorWatt	PkgWatt
18.07	130.62
0.82	130.63
0.54
0.53
0.52
0.63
1.27
0.63
0.82
0.47
0.52
0.48
0.49
0.57
0.57
0.56
0.90
0.51
0.52
0.53
0.51
0.46
0.46
0.45
0.47
0.40
0.41
0.41
0.40
0.56
0.54
0.56
0.56
CorWatt	PkgWatt
16.28	128.58
0.61	128.57
0.47
0.48
0.45
1.03
0.74
0.75
1.00
0.39
0.46
0.38
0.40
0.51
0.52
0.50
0.53
0.47
0.47
0.49
0.47
0.40
0.38
0.42
0.39
0.36
0.39
0.38
0.37
0.51
0.51
0.51
0.54
CorWatt	PkgWatt
16.13	128.47
0.60	128.46
0.45
0.49
0.46
0.75
0.73
0.72
1.21
0.40
0.45
0.37
0.39
0.52
0.53
0.52
0.52
0.49
0.49
0.49
0.47
0.41
0.40
0.40
0.42
0.35
0.35
0.37
0.35
0.51
0.51
0.51
0.50
CorWatt	PkgWatt
16.27	128.47
0.60	128.47
0.46
0.47
0.44
0.75
0.74
0.73
1.20
0.39
0.49
0.38
0.42
0.51
0.52
0.50
0.53
0.50
0.48
0.49
0.48
0.40
0.39
0.39
0.40
0.38
0.42
0.37
0.38
0.52
0.52
0.52
0.50
CorWatt	PkgWatt
16.07	128.42
0.62	128.42
0.45
0.45
0.44
0.74
0.73
0.72
1.19
0.40
0.44
0.38
0.39
0.50
0.51
0.50
0.51
0.48
0.46
0.49
0.49
0.42
0.40
0.39
0.39
0.38
0.36
0.40
0.38
0.54
0.52
0.53
0.51
CorWatt	PkgWatt
16.48	128.82
0.60	128.81
0.46
0.47
0.46
0.97
0.73
0.71
1.25
0.40
0.46
0.38
0.42
0.51
0.52
0.51
0.52
0.49
0.47
0.51
0.47
0.40
0.39
0.40
0.39
0.36
0.37
0.38
0.37
0.53
0.54
0.52
0.51
CorWatt	PkgWatt
17.67	130.30
0.60	130.30
0.46
0.46
0.44
0.65
0.62
0.61
3.19
0.40
0.44
0.37
0.40
0.50
0.51
0.50
0.51
0.49
0.48
0.51
0.46
0.40
0.38
0.39
0.39
0.37
0.35
0.36
0.36
0.51
0.52
0.51
0.51
CorWatt	PkgWatt
17.90	130.37
0.61	130.38
0.45
0.47
0.45
2.60
0.63
0.62
1.25
0.41
0.45
0.38
0.40
0.52
0.53
0.52
0.52
0.47
0.46
0.49
0.47
0.40
0.41
0.40
0.40
0.37
0.39
0.39
0.38
0.52
0.52
0.51
0.53
CorWatt	PkgWatt
17.64	130.34
0.62	130.34
0.47
0.48
0.45
3.18
0.62
0.62
0.66
0.39
0.44
0.37
0.39
0.50
0.51
0.50
0.51
0.49
0.46
0.48
0.46
0.40
0.38
0.39
0.39
0.36
0.36
0.36
0.35
0.51
0.51
0.51
0.50
CorWatt	PkgWatt
17.73	130.31
0.60	130.31
0.44
0.48
0.44
3.18
0.64
0.62
0.66
0.38
0.46
0.39
0.39
0.51
0.51
0.50
0.52
0.49
0.47
0.50
0.48
0.39
0.38
0.39
0.39
0.35
0.37
0.37
0.37
0.51
0.51
0.52
0.50
CorWatt	PkgWatt
17.63	130.17
0.59	130.16
0.46
0.45
0.44
2.35
0.63
0.64
1.56
0.40
0.44
0.37
0.39
0.50
0.52
0.50
0.51
0.48
0.46
0.49
0.46
0.40
0.38
0.39
0.39
0.35
0.35
0.36
0.35
0.51
0.51
0.51
0.49
CorWatt	PkgWatt
17.83	130.39
0.59	130.39
0.46
0.48
0.45
3.19
0.63
0.62
0.67
0.40
0.45
0.38
0.39
0.50
0.52
0.50
0.53
0.48
0.46
0.49
0.47
0.40
0.39
0.39
0.40
0.36
0.38
0.39
0.39
0.54
0.52
0.51
0.51
CorWatt	PkgWatt
17.72	130.44
0.53	130.45
0.55
0.45
0.45
3.18
0.62
0.62
0.67
0.41
0.44
0.39
0.39
0.50
0.51
0.51
0.51
0.47
0.46
0.50
0.46
0.40
0.38
0.40
0.38
0.36
0.36
0.39
0.36
0.52
0.53
0.51
0.51
CorWatt	PkgWatt
17.97	130.48
0.55	130.49
0.56
0.49
0.46
0.66
0.62
0.61
3.17
0.40
0.47
0.39
0.41
0.51
0.51
0.50
0.51
0.46
0.47
0.49
0.48
0.40
0.40
0.41
0.39
0.38
0.37
0.39
0.38
0.51
0.53
0.51
0.53
CorWatt	PkgWatt
17.64	130.39
0.52	130.38
0.55
0.45
0.44
0.64
0.62
0.61
3.19
0.40
0.43
0.37
0.39
0.50
0.53
0.50
0.52
0.45
0.46
0.48
0.46
0.40
0.38
0.39
0.39
0.36
0.37
0.37
0.35
0.53
0.54
0.51
0.53
CorWatt	PkgWatt
18.02	130.81
0.55	130.81
0.55
0.48
0.47
2.81
0.66
0.65
1.08
0.40
0.44
0.40
0.40
0.50
0.53
0.52
0.52
0.46
0.48
0.48
0.47
0.42
0.42
0.40
0.39
0.36
0.36
0.37
0.37
0.52
0.53
0.51
0.53
CorWatt	PkgWatt
17.78	130.53
0.53	130.53
0.58
0.46
0.44
3.17
0.62
0.62
0.67
0.40
0.46
0.39
0.38
0.52
0.53
0.51
0.52
0.46
0.46
0.48
0.48
0.41
0.38
0.39
0.40
0.35
0.35
0.36
0.36
0.52
0.54
0.50
0.51
CorWatt	PkgWatt
17.63	130.28
0.54	130.28
0.60
0.51
0.49
2.50
0.60
0.62
0.63
0.41
0.47
0.40
0.45
0.51
0.53
0.52
0.56
0.47
0.52
0.48
0.47
0.40
0.39
0.40
0.42
0.39
0.39
0.41
0.36
0.55
0.56
0.55
0.56
CorWatt	PkgWatt
18.14	130.68
0.58	130.69
0.53
0.53
0.77
0.73
1.17
0.77
0.76
0.46
0.50
0.45
0.47
0.57
0.58
0.57
0.85
0.51
0.52
0.54
0.52
0.47
0.44
0.46
0.46
0.41
0.41
0.42
0.41
0.58
0.57
0.55
0.56
CorWatt	PkgWatt
16.55	129.05
0.56	129.04
0.48
0.48
0.55
0.74
0.76
1.16
0.89
0.39
0.46
0.41
0.42
0.51
0.55
0.54
0.55
0.46
0.47
0.50
0.47
0.40
0.39
0.40
0.40
0.37
0.40
0.37
0.37
0.52
0.54
0.53
0.53
CorWatt	PkgWatt
16.13	128.56
0.53	128.56
0.44
0.46
0.54
0.73
0.75
0.73
1.28
0.41
0.45
0.39
0.41
0.51
0.55
0.50
0.51
0.45
0.47
0.50
0.46
0.40
0.38
0.39
0.39
0.35
0.35
0.38
0.35
0.51
0.53
0.51
0.53
CorWatt	PkgWatt
16.20	128.73
0.55	128.72
0.46
0.47
0.53
0.74
0.75
1.32
0.79
0.38
0.44
0.40
0.41
0.50
0.51
0.50
0.52
0.45
0.47
0.50
0.46
0.39
0.38
0.39
0.39
0.35
0.35
0.36
0.37
0.52
0.55
0.51
0.52
CorWatt	PkgWatt
16.09	128.47
0.51	128.47
0.45
0.45
0.54
0.73
0.74
1.32
0.74
0.39
0.44
0.38
0.40
0.50
0.52
0.50
0.51
0.47
0.46
0.49
0.46
0.40
0.40
0.39
0.41
0.35
0.35
0.36
0.35
0.51
0.52
0.51
0.52
CorWatt	PkgWatt
17.43	130.25
0.55	130.25
0.45
0.47
0.55
0.55
0.57
0.64
2.89
0.39
0.47
0.39
0.40
0.50
0.51
0.50
0.53
0.48
0.47
0.49
0.48
0.40
0.39
0.39
0.40
0.37
0.35
0.36
0.37
0.54
0.51
0.51
0.53
CorWatt	PkgWatt
17.69	130.53
0.54	130.54
0.48
0.48
0.56
0.52
0.53
0.51
3.38
0.38
0.43
0.39
0.39
0.50
0.52
0.50
0.51
0.46
0.46
0.48
0.46
0.40
0.38
0.39
0.38
0.37
0.41
0.38
0.37
0.53
0.50
0.53
0.54
CorWatt	PkgWatt
17.84	130.81
0.54	130.80
0.47
0.48
0.57
0.52
0.54
0.50
3.37
0.40
0.43
0.39
0.40
0.51
0.52
0.51
0.52
0.47
0.47
0.50
0.48
0.41
0.41
0.40
0.41
0.36
0.41
0.37
0.36
0.53
0.51
0.56
0.54
CorWatt	PkgWatt
17.49	130.40
0.51	130.40
0.49
0.48
0.54
0.50
0.53
0.49
3.37
0.40
0.42
0.38
0.39
0.50
0.51
0.50
0.51
0.48
0.47
0.49
0.48
0.40
0.39
0.39
0.38
0.35
0.35
0.36
0.35
0.51
0.51
0.52
0.53
CorWatt	PkgWatt
17.65	130.45
0.54	130.45
0.48
0.50
0.55
0.51
0.54
0.50
3.38
0.40
0.44
0.39
0.40
0.50
0.51
0.50
0.52
0.46
0.46
0.49
0.47
0.40
0.39
0.40
0.40
0.35
0.35
0.36
0.36
0.52
0.50
0.51
0.53
CorWatt	PkgWatt
17.57	130.48
0.53	130.48
0.47
0.47
0.53
0.50
0.53
0.50
3.38
0.40
0.44
0.38
0.39
0.50
0.52
0.51
0.52
0.47
0.46
0.48
0.46
0.40
0.39
0.39
0.41
0.36
0.37
0.36
0.35
0.54
0.52
0.52
0.53
CorWatt	PkgWatt
17.47	130.43
0.53	130.43
0.50
0.49
0.54
0.51
0.52
0.49
3.37
0.38
0.43
0.38
0.39
0.50
0.52
0.50
0.51
0.46
0.46
0.49
0.46
0.39
0.38
0.39
0.39
0.35
0.35
0.36
0.37
0.52
0.50
0.51
0.53
CorWatt	PkgWatt
17.46	130.39
0.52	130.39
0.48
0.45
0.55
0.50
0.52
0.49
3.38
0.39
0.43
0.38
0.41
0.50
0.52
0.51
0.52
0.46
0.46
0.49
0.46
0.40
0.40
0.39
0.41
0.35
0.37
0.36
0.35
0.51
0.50
0.51
0.52
CorWatt	PkgWatt
17.75	130.65
0.54	130.65
0.47
0.46
0.54
0.53
0.53
0.53
3.38
0.39
0.43
0.39
0.40
0.51
0.52
0.50
0.52
0.47
0.47
0.49
0.47
0.40
0.39
0.41
0.40
0.36
0.38
0.37
0.37
0.53
0.51
0.55
0.54
CorWatt	PkgWatt
17.62	130.54
0.53	130.55
0.44
0.51
0.55
0.50
0.52
0.49
3.38
0.38
0.43
0.38
0.39
0.51
0.53
0.52
0.52
0.48
0.50
0.49
0.47
0.41
0.40
0.39
0.43
0.35
0.35
0.36
0.36
0.51
0.51
0.52
0.50
CorWatt	PkgWatt
17.52	130.46
0.52	130.46
0.44
0.48
0.56
0.51
0.52
0.49
3.38
0.38
0.48
0.39
0.40
0.50
0.51
0.50
0.52
0.47
0.47
0.48
0.47
0.40
0.38
0.39
0.39
0.37
0.35
0.36
0.36
0.53
0.51
0.51
0.50
CorWatt	PkgWatt
17.58	130.43
0.52	130.43
0.44
0.47
0.56
0.50
0.52
0.49
3.38
0.41
0.43
0.39
0.38
0.50
0.52
0.50
0.52
0.48
0.46
0.48
0.48
0.41
0.40
0.40
0.39
0.37
0.35
0.39
0.38
0.54
0.51
0.51
0.50
CorWatt	PkgWatt
18.75	131.03
0.61	131.04
0.53
0.57
0.64
0.61
0.62
0.57
1.44
0.67
0.52
0.49
0.49
0.61
0.62
0.61
1.11
0.54
0.51
0.55
0.53
0.46
0.46
0.46
0.46
0.44
0.42
0.44
0.45
0.61
0.57
0.58
0.57
CorWatt	PkgWatt
17.04	129.14
0.50	129.12
0.46
0.45
0.48
0.51
0.50
0.50
0.53
0.51
0.44
0.42
0.40
1.56
0.87
0.86
0.92
0.50
0.48
0.51
0.47
0.40
0.39
0.39
0.39
0.38
0.40
0.38
0.38
0.52
0.52
0.53
0.52
CorWatt	PkgWatt
16.80	128.87
0.51	128.87
0.45
0.45
0.48
0.49
0.49
0.49
0.51
0.49
0.44
0.39
0.40
1.55
0.88
0.86
0.91
0.48
0.46
0.49
0.47
0.39
0.40
0.39
0.39
0.36
0.37
0.37
0.37
0.52
0.52
0.53
0.51
CorWatt	PkgWatt
16.72	128.86
0.52	128.86
0.47
0.48
0.48
0.48
0.49
0.48
0.50
0.50
0.43
0.39
0.40
1.54
0.87
0.85
0.90
0.47
0.47
0.49
0.47
0.40
0.38
0.39
0.40
0.36
0.35
0.36
0.35
0.52
0.52
0.51
0.50
CorWatt	PkgWatt
16.93	129.22
0.51	129.22
0.46
0.51
0.45
0.51
0.50
0.49
0.50
0.50
0.46
0.39
0.41
1.53
0.87
0.85
0.92
0.51
0.46
0.50
0.50
0.40
0.39
0.39
0.39
0.36
0.36
0.37
0.39
0.52
0.52
0.51
0.51
CorWatt	PkgWatt
16.67	128.85
0.50	128.85
0.47
0.48
0.44
0.48
0.50
0.50
0.51
0.49
0.44
0.39
0.41
0.89
0.89
0.85
1.54
0.47
0.47
0.48
0.46
0.40
0.38
0.39
0.39
0.35
0.35
0.36
0.35
0.52
0.51
0.51
0.49
CorWatt	PkgWatt
17.10	129.22
0.49	129.22
0.46
0.50
0.44
0.49
0.49
0.48
0.49
0.50
0.44
0.38
0.39
0.94
0.94
0.92
1.76
0.48
0.45
0.49
0.46
0.39
0.38
0.39
0.39
0.35
0.37
0.38
0.38
0.54
0.52
0.51
0.50
CorWatt	PkgWatt
19.89	131.54
0.53	131.54
0.44
0.48
0.44
0.48
0.49
0.49
0.51
0.51
0.44
0.41
0.40
2.51
1.37
1.36
2.03
0.47
0.46
0.49
0.46
0.40
0.38
0.39
0.38
0.37
0.37
0.38
0.37
0.52
0.53
0.52
0.50
CorWatt	PkgWatt
20.94	132.37
0.55	132.38
0.51
0.54
0.48
0.53
0.50
0.52
0.53
0.53
0.52
0.44
0.44
1.36
2.32
1.36
2.22
0.50
0.50
0.52
0.54
0.41
0.44
0.41
0.40
0.40
0.41
0.42
0.42
0.55
0.57
0.55
0.55
CorWatt	PkgWatt
19.88	131.56
0.53	131.54
0.44
0.49
0.43
0.48
0.49
0.48
0.49
0.50
0.44
0.40
0.40
1.37
3.15
1.36
1.38
0.46
0.46
0.50
0.47
0.40
0.38
0.39
0.39
0.37
0.38
0.37
0.36
0.54
0.55
0.52
0.52
CorWatt	PkgWatt
19.93	131.57
0.53	131.57
0.46
0.48
0.44
0.52
0.51
0.50
0.50
0.50
0.44
0.42
0.41
1.36
3.16
1.36
1.38
0.45
0.46
0.48
0.47
0.39
0.38
0.39
0.38
0.36
0.36
0.36
0.36
0.53
0.54
0.52
0.51
CorWatt	PkgWatt
19.97	131.68
0.52	131.68
0.47
0.50
0.45
0.49
0.49
0.48
0.49
0.51
0.46
0.40
0.40
1.37
3.18
1.36
1.38
0.47
0.46
0.48
0.48
0.41
0.38
0.39
0.40
0.36
0.37
0.37
0.36
0.53
0.54
0.53
0.50
CorWatt	PkgWatt
19.98	131.65
0.52	131.66
0.46
0.48
0.45
0.50
0.50
0.50
0.50
0.49
0.44
0.41
0.43
1.36
2.09
1.36
2.44
0.45
0.47
0.49
0.48
0.39
0.38
0.39
0.39
0.36
0.36
0.37
0.37
0.53
0.54
0.53
0.51
CorWatt	PkgWatt
19.83	131.51
0.53	131.51
0.44
0.50
0.45
0.48
0.49
0.49
0.50
0.50
0.44
0.39
0.41
1.37
3.16
1.36
1.38
0.44
0.46
0.50
0.46
0.40
0.38
0.39
0.39
0.36
0.36
0.36
0.36
0.52
0.53
0.52
0.51
CorWatt	PkgWatt
19.96	131.77
0.55	131.77
0.47
0.53
0.45
0.49
0.50
0.49
0.48
0.51
0.45
0.39
0.41
1.37
2.10
1.36
2.44
0.44
0.46
0.48
0.46
0.41
0.38
0.39
0.39
0.36
0.38
0.36
0.37
0.52
0.53
0.52
0.51
CorWatt	PkgWatt
19.89	131.56
0.53	131.56
0.45
0.51
0.44
0.48
0.49
0.48
0.49
0.51
0.47
0.41
0.41
1.36
2.60
1.36
1.94
0.45
0.45
0.48
0.46
0.40
0.38
0.40
0.39
0.36
0.36
0.39
0.36
0.52
0.53
0.52
0.52
CorWatt	PkgWatt
20.03	131.57
0.54	131.56
0.47
0.51
0.44
0.50
0.50
0.49
0.49
0.49
0.45
0.39
0.40
1.37
1.85
1.36
2.71
0.45
0.46
0.50
0.47
0.40
0.38
0.39
0.41
0.37
0.37
0.38
0.39
0.53
0.55
0.53
0.52
CorWatt	PkgWatt
19.15	130.99
0.52	131.00
0.44
0.49
0.44
0.48
0.49
0.48
0.49
0.50
0.45
0.39
0.41
1.25
1.81
1.24
2.26
0.47
0.46
0.49
0.48
0.40
0.40
0.39
0.40
0.36
0.39
0.37
0.36
0.52
0.51
0.53
0.50
CorWatt	PkgWatt
19.82	134.54
0.57	134.56
0.50
0.56
0.53
0.53
0.54
0.56
0.53
0.53
0.55
0.49
0.48
0.62
0.61
0.57
0.64
1.08
0.53
0.54
0.55
0.50
0.48
2.89
0.49
0.42
0.40
0.42
0.42
0.60
0.56
0.56
0.57
CorWatt	PkgWatt
20.16	139.03
0.52	139.02
0.45
0.50
0.46
0.50
0.50
0.51
0.48
0.40
0.44
0.40
0.40
0.52
0.52
0.50
0.58
0.57
0.46
0.48
0.46
0.40
0.40
5.73
0.43
0.37
0.37
0.39
0.37
0.53
0.51
0.53
0.51
CorWatt	PkgWatt
20.22	138.99
0.53	138.99
0.45
0.49
0.43
0.49
0.49
0.51
0.48
0.39
0.44
0.40
0.40
0.54
0.54
0.51
0.57
0.55
0.46
0.50
0.46
0.43
0.42
5.73
0.45
0.36
0.39
0.38
0.37
0.52
0.52
0.53
0.52
CorWatt	PkgWatt
20.19	138.69
0.53	138.69
0.45
0.52
0.47
0.49
0.50
0.52
0.49
0.39
3.97
0.40
0.40
0.53
0.53
0.54
0.55
0.59
0.49
0.49
0.49
0.41
0.41
2.08
0.44
0.36
0.36
0.36
0.36
0.52
0.52
0.51
0.51
CorWatt	PkgWatt
20.35	137.96
0.56	137.96
0.44
0.53
0.47
0.50
0.52
0.51
0.49
0.39
0.56
0.39
0.40
0.51
0.53
0.53
0.54
5.81
0.50
0.51
0.48
0.40
0.41
0.39
0.44
0.36
0.37
0.36
0.35
0.51
0.53
0.56
0.50
CorWatt	PkgWatt
20.19	137.88
0.54	137.88
0.44
0.50
0.44
0.49
0.50
0.49
0.49
0.39
0.44
0.38
0.40
0.52
0.52
0.50
0.56
5.92
0.50
0.51
0.48
0.40
0.40
0.39
0.44
0.36
0.37
0.36
0.35
0.53
0.53
0.52
0.52
CorWatt	PkgWatt
20.27	138.02
0.55	138.02
0.46
0.51
0.46
0.49
0.50
0.50
0.50
0.41
0.44
0.40
0.39
0.51
0.53
0.50
0.55
5.92
0.50
0.51
0.48
0.41
0.40
0.40
0.43
0.37
0.37
0.37
0.37
0.52
0.51
0.51
0.52
CorWatt	PkgWatt
20.08	137.88
0.53	137.88
0.45
0.49
0.44
0.49
0.50
0.49
0.49
0.40
0.43
0.39
0.42
0.50
0.52
0.51
0.52
5.93
0.50
0.51
0.48
0.40
0.42
0.39
0.44
0.36
0.36
0.36
0.35
0.51
0.50
0.51
0.50
CorWatt	PkgWatt
20.47	138.06
0.53	138.06
0.47
0.50
0.44
0.53
0.51
0.53
0.52
0.39
0.46
0.39
0.41
0.52
0.53
0.54
0.54
5.93
0.52
0.51
0.48
0.41
0.40
0.40
0.43
0.36
0.42
0.37
0.37
0.52
0.52
0.51
0.51
CorWatt	PkgWatt
20.28	137.97
0.55	137.97
0.45
0.53
0.45
0.49
0.50
0.49
0.51
0.39
0.43
0.38
0.38
0.53
0.53
0.53
0.51
5.93
0.51
0.50
0.48
0.42
0.41
0.39
0.46
0.36
0.40
0.36
0.36
0.51
0.52
0.51
0.51
CorWatt	PkgWatt
20.35	138.20
0.54	138.21
0.45
0.51
0.45
0.50
0.50
0.51
0.50
0.39
0.47
0.39
0.41
0.53
0.53
0.50
0.53
5.93
0.49
0.50
0.50
0.40
0.40
0.40
0.43
0.38
0.37
0.37
0.36
0.52
0.52
0.55
0.52
CorWatt	PkgWatt
20.28	138.05
0.54	138.05
0.45
0.50
0.44
0.49
0.50
0.50
0.50
0.42
0.43
0.39
0.38
0.51
0.52
0.50
0.51
5.93
0.48
0.51
0.50
0.42
0.41
0.39
0.43
0.38
0.38
0.41
0.39
0.54
0.52
0.52
0.51
CorWatt	PkgWatt
20.20	138.02
0.54	138.02
0.45
0.49
0.44
0.51
0.51
0.50
0.50
0.39
0.43
0.39
0.40
0.51
0.53
0.50
0.53
5.93
0.48
0.52
0.48
0.41
0.40
0.39
0.43
0.36
0.36
0.36
0.37
0.52
0.52
0.53
0.51
CorWatt	PkgWatt
20.39	138.23
0.54	138.23
0.46
0.49
0.45
0.50
0.51
0.50
0.50
0.39
0.43
0.42
0.39
0.51
0.52
0.55
0.52
5.93
0.49
0.53
0.48
0.41
0.40
0.40
0.45
0.39
0.38
0.38
0.39
0.52
0.54
0.52
0.53
CorWatt	PkgWatt
20.48	138.33
0.54	138.33
0.46
0.49
0.44
0.50
0.50
0.50
0.49
0.39
0.44
0.40
0.40
0.53
0.55
0.56
0.53
5.93
0.48
0.53
0.48
0.41
0.42
0.40
0.44
0.38
0.42
0.38
0.37
0.53
0.54
0.53
0.52
CorWatt	PkgWatt
20.29	138.06
0.56	138.06
0.46
0.52
0.45
0.53
0.50
0.49
0.49
0.39
0.45
0.39
0.41
0.50
0.52
0.53
0.52
5.93
0.48
0.51
0.48
0.41
0.40
0.39
0.43
0.37
0.38
0.37
0.36
0.52
0.53
0.52
0.51
CorWatt	PkgWatt
20.29	138.13
0.55	138.13
0.45
0.49
0.44
0.52
0.51
0.50
0.49
0.39
0.43
0.40
0.39
0.51
0.51
0.50
0.54
5.93
0.49
0.53
0.49
0.41
0.39
0.39
0.43
0.36
0.36
0.36
0.39
0.53
0.54
0.55
0.51
CorWatt	PkgWatt
19.86	134.67
0.76	134.69
0.53
0.57
0.51
0.59
0.58
0.59
0.90
0.45
0.50
0.46
0.46
0.57
0.56
0.57
0.60
2.96
0.57
0.58
0.55
0.47
0.47
0.48
0.49
0.44
0.42
0.42
0.45
0.60
0.61
0.58
0.57
CorWatt	PkgWatt
18.05	131.07
0.63	131.06
0.47
0.50
0.46
0.56
0.54
0.54
3.22
0.40
0.44
0.40
0.42
0.54
0.53
0.54
0.54
0.49
0.48
0.51
0.50
0.41
0.40
0.40
0.41
0.38
0.40
0.41
0.41
0.55
0.54
0.53
0.52
CorWatt	PkgWatt
17.59	130.68
0.60	130.68
0.45
0.51
0.45
0.54
0.52
0.51
3.18
0.40
0.44
0.40
0.39
0.52
0.52
0.52
0.51
0.49
0.48
0.51
0.47
0.40
0.39
0.39
0.41
0.37
0.37
0.38
0.38
0.52
0.53
0.52
0.51
CorWatt	PkgWatt
17.87	130.98
0.60	130.99
0.47
0.52
0.49
0.56
0.53
0.52
3.16
0.40
0.48
0.40
0.42
0.51
0.51
0.52
0.52
0.48
0.49
0.50
0.49
0.41
0.41
0.41
0.41
0.38
0.39
0.39
0.39
0.52
0.55
0.53
0.54
CorWatt	PkgWatt
17.43	130.62
0.59	130.61
0.44
0.49
0.45
0.54
0.52
0.53
3.16
0.39
0.43
0.38
0.38
0.50
0.52
0.50
0.51
0.45
0.48
0.48
0.47
0.40
0.39
0.39
0.41
0.37
0.39
0.37
0.36
0.53
0.54
0.52
0.52
CorWatt	PkgWatt
17.81	130.78
0.59	130.78
0.46
0.48
0.47
0.56
0.54
0.54
3.17
0.41
0.44
0.42
0.41
0.51
0.53
0.55
0.53
0.48
0.49
0.49
0.48
0.42
0.41
0.39
0.41
0.37
0.37
0.38
0.37
0.53
0.55
0.53
0.52
CorWatt	PkgWatt
17.78	131.08
0.59	131.08
0.46
0.50
0.47
0.55
0.53
0.52
3.16
0.42
0.45
0.39
0.40
0.53
0.55
0.51
0.52
0.48
0.49
0.50
0.51
0.43
0.40
0.39
0.42
0.37
0.36
0.37
0.38
0.53
0.53
0.53
0.51
CorWatt	PkgWatt
17.53	130.61
0.59	130.61
0.44
0.51
0.46
0.69
0.52
0.53
3.02
0.39
0.44
0.41
0.40
0.52
0.54
0.53
0.53
0.47
0.48
0.49
0.48
0.40
0.40
0.38
0.41
0.36
0.36
0.37
0.36
0.52
0.52
0.52
0.51
CorWatt	PkgWatt
17.66	130.60
0.61	130.61
0.46
0.53
0.48
3.17
0.53
0.52
0.59
0.40
0.43
0.39
0.41
0.50
0.53
0.52
0.52
0.45
0.49
0.51
0.47
0.40
0.39
0.38
0.41
0.38
0.38
0.38
0.37
0.52
0.53
0.52
0.50
CorWatt	PkgWatt
17.95	130.86
0.62	130.86
0.46
0.54
0.48
3.15
0.53
0.53
0.57
0.41
0.45
0.40
0.43
0.55
0.57
0.54
0.55
0.48
0.49
0.50
0.49
0.40
0.40
0.39
0.41
0.37
0.38
0.40
0.37
0.52
0.53
0.52
0.52
CorWatt	PkgWatt
17.47	130.62
0.59	130.62
0.44
0.49
0.44
3.14
0.52
0.52
0.57
0.41
0.45
0.41
0.39
0.51
0.52
0.50
0.52
0.45
0.49
0.49
0.47
0.40
0.39
0.38
0.40
0.36
0.36
0.40
0.35
0.52
0.53
0.53
0.52
CorWatt	PkgWatt
17.49	130.50
0.61	130.50
0.49
0.47
0.45
3.14
0.52
0.51
0.56
0.40
0.43
0.39
0.38
0.50
0.51
0.52
0.53
0.46
0.48
0.51
0.48
0.40
0.39
0.39
0.41
0.36
0.36
0.37
0.36
0.51
0.54
0.52
0.51
CorWatt	PkgWatt
17.39	130.51
0.60	130.50
0.48
0.46
0.46
3.14
0.53
0.51
0.57
0.39
0.45
0.39
0.39
0.50
0.54
0.50
0.52
0.45
0.49
0.49
0.47
0.40
0.41
0.39
0.42
0.36
0.36
0.36
0.35
0.51
0.50
0.51
0.50
CorWatt	PkgWatt
17.92	130.84
0.61	130.85
0.51
0.48
0.50
3.17
0.52
0.52
0.57
0.40
0.49
0.41
0.40
0.51
0.53
0.56
0.53
0.49
0.50
0.50
0.48
0.42
0.39
0.39
0.41
0.37
0.37
0.38
0.37
0.54
0.52
0.54
0.52
CorWatt	PkgWatt
17.51	130.63
0.60	130.63
0.49
0.47
0.47
3.14
0.53
0.54
0.57
0.39
0.43
0.39
0.38
0.50
0.52
0.50
0.52
0.45
0.50
0.49
0.47
0.40
0.39
0.38
0.40
0.38
0.38
0.39
0.37
0.52
0.50
0.53
0.52
CorWatt	PkgWatt
17.46	130.51
0.61	130.51
0.49
0.46
0.45
3.14
0.52
0.51
0.57
0.40
0.43
0.38
0.38
0.50
0.51
0.50
0.52
0.46
0.49
0.50
0.48
0.41
0.41
0.38
0.42
0.36
0.36
0.38
0.37
0.52
0.51
0.52
0.52
CorWatt	PkgWatt
17.48	130.46
0.60	130.45
0.48
0.51
0.47
3.14
0.52
0.52
0.57
0.39
0.43
0.38
0.38
0.50
0.52
0.50
0.53
0.47
0.51
0.48
0.49
0.40
0.40
0.38
0.40
0.36
0.36
0.39
0.36
0.51
0.50
0.52
0.51
CorWatt	PkgWatt
17.71	130.84
0.61	130.86
0.46
0.54
0.50
3.14
0.55
0.53
0.57
0.40
0.45
0.39
0.39
0.51
0.53
0.51
0.53
0.47
0.49
0.49
0.49
0.40
0.41
0.39
0.43
0.37
0.38
0.37
0.37
0.52
0.51
0.52
0.52
CorWatt	PkgWatt
18.35	130.65
0.63	130.66
0.54
0.58
0.55
0.65
0.58
0.57
0.62
0.70
0.52
0.46
0.48
0.87
0.70
0.69
1.22
0.51
0.54
0.54
0.53
0.48
0.45
0.44
0.48
0.42
0.44
0.44
0.42
0.59
0.58
0.59
0.57
CorWatt	PkgWatt
16.57	128.98
0.53	128.97
0.44
0.52
0.46
0.52
0.50
0.50
0.56
0.51
0.45
0.40
0.41
1.36
0.80
0.78
0.81
0.46
0.49
0.50
0.47
0.39
0.39
0.38
0.40
0.36
0.37
0.37
0.37
0.52
0.51
0.52
0.51
CorWatt	PkgWatt
16.46	128.85
0.51	128.85
0.44
0.50
0.44
0.49
0.50
0.50
0.55
0.51
0.44
0.40
0.42
1.38
0.80
0.77
0.81
0.45
0.50
0.49
0.47
0.40
0.41
0.38
0.43
0.36
0.36
0.37
0.35
0.52
0.50
0.52
0.50
CorWatt	PkgWatt
16.82	129.20
0.51	129.20
0.51
0.49
0.45
0.54
0.51
0.52
0.59
0.50
0.44
0.39
0.42
1.40
0.80
0.78
0.81
0.46
0.51
0.49
0.48
0.40
0.40
0.40
0.41
0.37
0.37
0.42
0.38
0.53
0.52
0.52
0.52
CorWatt	PkgWatt
16.57	128.96
0.51	128.96
0.47
0.49
0.46
0.49
0.50
0.48
0.56
0.51
0.44
0.40
0.39
1.41
0.80
0.80
0.81
0.45
0.50
0.48
0.48
0.42
0.41
0.38
0.44
0.36
0.36
0.37
0.36
0.52
0.52
0.51
0.50
CorWatt	PkgWatt
17.10	129.36
0.52	129.37
0.51
0.47
0.46
0.49
0.50
0.48
0.55
0.50
0.48
0.39
0.43
1.70
0.88
0.86
0.89
0.45
0.47
0.49
0.48
0.42
0.38
0.38
0.40
0.36
0.35
0.37
0.36
0.52
0.53
0.53
0.51
CorWatt	PkgWatt
19.62	131.69
0.54	131.69
0.48
0.45
0.44
0.49
0.50
0.48
0.50
0.52
0.44
0.40
0.39
3.23
1.21
1.19
1.21
0.45
0.46
0.50
0.49
0.41
0.40
0.38
0.40
0.38
0.37
0.40
0.39
0.55
0.52
0.52
0.51
CorWatt	PkgWatt
19.87	131.69
0.53	131.69
0.50
0.47
0.45
0.52
0.52
0.49
0.51
0.50
0.44
0.39
0.41
1.72
1.26
1.24
2.78
0.46
0.48
0.51
0.48
0.40
0.39
0.38
0.41
0.39
0.39
0.38
0.37
0.53
0.53
0.53
0.52
CorWatt	PkgWatt
19.83	131.72
0.54	131.72
0.49
0.46
0.44
0.51
0.50
0.49
0.50
0.50
0.44
0.42
0.42
1.26
1.27
1.24
3.23
0.46
0.49
0.52
0.47
0.40
0.38
0.38
0.42
0.40
0.36
0.38
0.39
0.53
0.52
0.52
0.52
CorWatt	PkgWatt
19.93	131.91
0.53	131.91
0.49
0.46
0.46
0.51
0.51
0.49
0.50
0.51
0.45
0.41
0.42
1.65
1.23
1.21
2.81
0.46
0.47
0.50
0.53
0.42
0.41
0.39
0.41
0.38
0.37
0.40
0.38
0.53
0.53
0.55
0.53
CorWatt	PkgWatt
19.73	131.69
0.54	131.69
0.49
0.47
0.47
0.49
0.50
0.48
0.49
0.51
0.44
0.40
0.39
1.25
1.26
1.24
3.23
0.45
0.47
0.48
0.48
0.42
0.39
0.40
0.41
0.37
0.36
0.38
0.36
0.52
0.53
0.54
0.51
CorWatt	PkgWatt
19.88	131.81
0.54	131.81
0.48
0.47
0.45
0.54
0.52
0.49
0.50
0.50
0.44
0.41
0.43
3.19
1.26
1.24
1.28
0.46
0.48
0.51
0.49
0.40
0.39
0.38
0.42
0.38
0.37
0.38
0.38
0.53
0.54
0.53
0.52
CorWatt	PkgWatt
19.61	131.64
0.53	131.64
0.49
0.45
0.44
0.49
0.50
0.50
0.51
0.51
0.44
0.39
0.39
3.20
1.25
1.24
1.26
0.45
0.48
0.48
0.48
0.41
0.38
0.38
0.41
0.36
0.38
0.37
0.36
0.52
0.52
0.52
0.51
CorWatt	PkgWatt
20.13	132.28
0.56	132.28
0.52
0.49
0.47
0.50
0.50
0.48
0.51
0.50
0.43
0.39
0.41
3.19
1.25
1.24
1.26
0.49
0.50
0.52
0.51
0.39
0.38
0.41
0.44
0.37
0.41
0.39
0.42
0.54
0.58
0.53
0.54
CorWatt	PkgWatt
19.59	131.68
0.53	131.67
0.49
0.45
0.45
0.49
0.50
0.48
0.50
0.52
0.44
0.40
0.39
3.22
1.23
1.21
1.23
0.48
0.47
0.48
0.47
0.40
0.38
0.38
0.41
0.37
0.38
0.39
0.38
0.52
0.51
0.52
0.51
CorWatt	PkgWatt
20.13	132.19
0.52	132.21
0.49
0.50
0.49
0.51
0.50
0.50
0.50
0.51
0.48
0.42
0.43
3.21
1.26
1.25
1.27
0.47
0.48
0.49
0.50
0.42
0.40
0.40
0.41
0.37
0.38
0.41
0.40
0.53
0.54
0.54
0.55
CorWatt	PkgWatt
19.61	131.73
0.53	131.72
0.44
0.50
0.47
0.49
0.50
0.48
0.49
0.50
0.43
0.39
0.39
3.21
1.26
1.25
1.27
0.45
0.47
0.48
0.47
0.40
0.38
0.38
0.40
0.36
0.38
0.37
0.36
0.53
0.54
0.53
0.52
CorWatt	PkgWatt
19.43	131.64
0.56	131.66
0.51
0.51
0.57
0.66
0.58
0.56
0.58
0.55
0.48
0.46
0.46
2.11
1.00
0.97
1.02
0.52
0.51
0.54
0.61
0.45
0.43
0.42
0.47
0.47
0.41
0.40
0.41
0.55
0.53
0.58
0.55
