CorWatt	PkgWatt
4.74	156.30
0.09	77.82
0.08
0.08
0.08
0.08
0.08
0.08
0.08
0.08
0.08
0.07
0.08
0.08
0.07
0.08
0.08
0.08
0.08
0.08
0.08
0.09
0.08
0.08
0.08
0.08
0.08
0.08
0.08
0.08
0.08
0.08
0.08
0.07	77.58
0.07
0.07
0.07
0.08
0.07
0.07
0.07
0.06
0.06
0.06
0.06
0.06
0.06
0.06
0.06
0.07
0.07
0.07
0.14
0.07
0.07
0.07
0.08
0.07
0.07
0.07
0.07
0.06
0.06
0.06
0.06
CorWatt	PkgWatt
5.17	153.57
0.09	76.74
0.09
0.09
0.09
0.08
0.08
0.08
0.08
0.08
0.08
0.08
0.08
0.08
0.08
0.08
0.08
0.08
0.08
0.08
0.08
0.09
0.08
0.08
0.08
0.08
0.08
0.08
0.08
0.08
0.08
0.08
0.08
0.09	76.72
0.08
0.08
0.09
0.08
0.08
0.08
0.14
0.07
0.07
0.07
0.08
0.07
0.07
0.06
0.06
0.08
0.08
0.08
0.12
0.08
0.08
0.08
0.08
0.09
0.08
0.07
0.08
0.07
0.06
0.06
0.07
CorWatt	PkgWatt
73.98	262.76
0.55	125.29
1.22
1.19
1.18
1.16
1.08
0.93
1.03
1.04
1.03
1.03
1.04
1.07
1.11
1.01
1.01
1.07
1.12
1.11
1.07
1.09
1.08
1.02
1.03
1.06
1.05
1.07
1.05
1.03
1.05
0.99
1.00
1.25	137.72
1.18
1.13
1.15
1.18
1.23
1.12
1.09
1.31
1.18
1.17
1.26
1.24
1.25
1.25
1.19
1.23
1.18
1.17
1.19
1.19
1.32
1.24
1.18
1.27
1.24
3.02
1.34
1.20
1.18
1.23
1.12
CorWatt	PkgWatt
158.13	379.23
0.39	184.56
2.60
2.62
2.58
2.59
2.59
2.42
2.41
2.47
2.44
2.41
2.45
2.49
2.46
2.27
2.27
2.50
2.49
2.50
2.47
2.44
2.46
2.27
2.28
2.47
2.44
2.45
2.41
2.40
2.43
2.23
2.22
2.58	194.68
2.54
2.51
2.50
2.57
2.55
2.36
2.35
2.63
2.61
2.57
2.64
2.63
2.60
2.42
2.41
2.55
2.50
2.55
2.57
2.62
2.60
2.40
2.41
2.63
2.59
3.96
2.59
2.58
2.57
2.36
2.29
