CorWatt	PkgWatt
4.21	150.60
0.08	75.56
0.08
0.08
0.08
0.08
0.08
0.16
0.08
0.06
0.06
0.06
0.06
0.06
0.06
0.06
0.06
0.08
0.08
0.08
0.08
0.09
0.08
0.07
0.07
0.07
0.07
0.07
0.07
0.06
0.07
0.06
0.06
0.06	75.14
0.06
0.07
0.06
0.06
0.06
0.06
0.06
0.06
0.06
0.06
0.06
0.06
0.05
0.05
0.05
0.06
0.06
0.06
0.06
0.06
0.06
0.06
0.06
0.06
0.06
0.06
0.06
0.06
0.05
0.05
0.06
CorWatt	PkgWatt
4.20	151.47
0.08	75.70
0.08
0.08
0.08
0.07
0.07
0.07
0.07
0.06
0.06
0.06
0.06
0.06
0.06
0.06
0.06
0.07
0.07
0.07
0.07
0.08
0.07
0.07
0.07
0.06
0.06
0.06
0.06
0.06
0.06
0.06
0.06
0.07	75.60
0.06
0.08
0.06
0.07
0.06
0.06
0.06
0.06
0.06
0.06
0.07
0.05
0.05
0.05
0.06
0.06
0.06
0.07
0.10
0.06
0.06
0.06
0.07
0.06
0.10
0.06
0.06
0.06
0.05
0.05
0.06
CorWatt	PkgWatt
13.25	176.15
0.37	92.29
0.23
0.34
0.33
0.30
0.25
0.31
0.34
0.22
0.21
0.27
0.41
0.31
0.37
0.19
0.27
0.59
0.29
0.33
0.32
0.25
0.45
0.43
0.35
0.39
0.26
0.22
0.26
0.21
0.17
0.44
0.40
0.11	84.10
0.10
0.10
0.09
0.09
0.09
0.09
0.08
0.08
0.11
0.08
0.09
0.10
0.08
0.08
0.09
0.09
0.08
0.12
0.11
0.10
0.10
0.09
0.11
0.10
0.16
0.13
0.09
0.15
0.10
0.12
0.10
CorWatt	PkgWatt
4.78	151.67
0.10	76.56
0.10
0.10
0.11
0.10
0.08
0.08
0.09
0.08
0.09
0.08
0.09
0.07
0.07
0.15
0.07
0.13
0.10
0.09
0.14
0.10
0.10
0.10
0.09
0.08
0.08
0.10
0.08
0.08
0.07
0.07
0.11
0.06	75.07
0.06
0.06
0.06
0.06
0.06
0.06
0.06
0.05
0.06
0.05
0.05
0.05
0.05
0.05
0.05
0.06
0.05
0.05
0.06
0.06
0.06
0.06
0.06
0.06
0.05
0.05
0.05
0.05
0.05
0.05
0.05
CorWatt	PkgWatt
4.50	151.18
0.10	76.15
0.09
0.14
0.12
0.09
0.09
0.08
0.08
0.07
0.09
0.07
0.07
0.07
0.08
0.07
0.08
0.13
0.09
0.08
0.08
0.10
0.09
0.08
0.08
0.07
0.07
0.07
0.09
0.08
0.08
0.08
0.08
0.06	74.97
0.06
0.06
0.06
0.06
0.06
0.05
0.06
0.05
0.06
0.05
0.05
0.05
0.05
0.05
0.05
0.06
0.05
0.05
0.06
0.06
0.06
0.06
0.06
0.06
0.05
0.05
0.05
0.05
0.05
0.05
0.05
CorWatt	PkgWatt
10.64	162.16
0.18	85.01
0.17
0.18
0.18
0.17
0.16
0.16
0.20
0.15
0.20
0.16
0.15
0.14
0.14
0.14
0.16
0.20
0.20
0.23
3.33
0.18
0.17
0.17
0.16
0.15
0.17
0.15
0.16
0.15
0.15
0.15
0.16
0.10	77.20
0.07
0.07
0.06
0.06
0.06
0.06
0.06
0.06
0.10
0.09
0.08
0.06
0.06
0.06
0.05
0.07
0.07
0.06
0.09
0.07
0.06
0.06
0.06
0.06
0.09
0.06
0.06
0.06
0.05
0.05
0.06
CorWatt	PkgWatt
12.74	163.60
0.19	88.29
0.18
0.17
0.16
0.17
0.15
0.15
0.22
0.14
0.14
0.15
0.15
0.15
0.14
0.13
0.18
0.20
0.20
0.21
5.86
0.17
0.16
0.16
0.16
0.14
0.14
0.15
0.16
0.14
0.14
0.14
0.15
0.06	75.27
0.06
0.06
0.06
0.06
0.06
0.06
0.06
0.06
0.06
0.06
0.06
0.06
0.06
0.06
0.06
0.06
0.06
0.06
0.06
0.06
0.06
0.06
0.06
0.06
0.06
0.06
0.06
0.06
0.06
0.06
0.06
CorWatt	PkgWatt
12.43	161.31
0.18	86.39
0.17
0.16
0.16
0.22
0.16
0.15
0.15
0.15
0.14
0.14
0.14
0.14
0.13
0.16
0.14
0.20
0.21
0.22
5.77
0.18
0.16
0.16
0.17
0.15
0.14
0.14
0.16
0.14
0.15
0.13
0.14
0.06	74.89
0.05
0.05
0.05
0.05
0.06
0.05
0.05
0.05
0.06
0.05
0.05
0.05
0.05
0.05
0.05
0.05
0.05
0.05
0.05
0.06
0.05
0.06
0.05
0.06
0.05
0.05
0.05
0.05
0.05
0.05
0.05
CorWatt	PkgWatt
12.44	161.38
0.18	86.45
0.16
0.16
0.16
0.16
0.17
0.15
0.15
0.15
0.14
0.14
0.19
0.14
0.13
0.13
0.15
0.20
0.20
0.21
5.74
0.17
0.17
0.15
0.16
0.15
0.16
0.15
0.16
0.14
0.14
0.14
0.20
0.07	75.03
0.06
0.06
0.06
0.06
0.06
0.05
0.05
0.05
0.06
0.05
0.05
0.05
0.05
0.05
0.05
0.06
0.05
0.05
0.06
0.06
0.06
0.06
0.06
0.06
0.05
0.05
0.05
0.05
0.05
0.05
0.06
CorWatt	PkgWatt
12.40	161.53
0.17	86.49
0.16
0.16
0.20
0.17
0.15
0.15
0.15
0.14
0.14
0.14
0.14
0.15
0.14
0.14
0.13
0.20
0.20
0.21
5.77
0.23
0.16
0.16
0.17
0.15
0.15
0.14
0.16
0.14
0.14
0.13
0.16
0.06	74.93
0.05
0.05
0.05
0.05
0.06
0.05
0.05
0.05
0.06
0.05
0.05
0.05
0.05
0.05
0.05
0.05
0.05
0.05
0.05
0.06
0.05
0.05
0.05
0.06
0.05
0.05
0.05
0.05
0.05
0.05
0.05
CorWatt	PkgWatt
12.64	161.82
0.17	86.53
0.16
0.17
0.17
0.16
0.15
0.15
0.16
0.15
0.14
0.14
0.14
0.14
0.13
0.13
0.19
0.20
0.20
0.21
5.77
0.18
0.17
0.16
0.18
0.15
0.15
0.15
0.17
0.15
0.14
0.14
0.20
0.06	75.29
0.06
0.06
0.06
0.06
0.06
0.06
0.06
0.06
0.06
0.06
0.06
0.06
0.06
0.06
0.06
0.06
0.06
0.06
0.06
0.06
0.06
0.06
0.06
0.06
0.06
0.06
0.06
0.06
0.06
0.06
0.06
CorWatt	PkgWatt
12.44	161.27
0.17	86.44
0.16
0.16
0.18
0.16
0.15
0.15
0.17
0.14
0.14
0.15
0.14
0.14
0.20
0.15
0.15
0.20
0.20
0.21
5.75
0.18
0.16
0.16
0.16
0.15
0.15
0.15
0.17
0.15
0.14
0.14
0.18
0.06	74.93
0.05
0.05
0.05
0.05
0.05
0.05
0.05
0.05
0.06
0.05
0.05
0.05
0.05
0.05
0.05
0.05
0.05
0.05
0.05
0.06
0.05
0.05
0.05
0.06
0.05
0.05
0.05
0.05
0.05
0.05
0.05
CorWatt	PkgWatt
14.02	167.53
0.23	89.79
0.19
0.18
0.19
0.24
0.16
0.21
0.19
0.16
0.17
0.18
0.18
0.18
0.15
0.17
0.22
0.20
0.22
0.22
5.76
0.21
0.18
0.23
0.23
0.20
0.19
0.17
0.18
0.19
0.17
0.15
0.33
0.10	77.79
0.07
0.07
0.06
0.08
0.06
0.06
0.06
0.06
0.08
0.06
0.06
0.07
0.07
0.08
0.07
0.09
0.06
0.06
0.09
0.07
0.06
0.06
0.07
0.08
0.06
0.06
0.06
0.07
0.06
0.06
0.06
