CorWatt	PkgWatt
176.13	354.36
2.74	183.44
2.75
2.75
2.71
2.89
2.79
2.79
2.78
2.72
2.69
2.69
2.70
2.68
2.81
2.74
2.70
2.93
2.83
2.88
2.84
3.03
3.14
3.13
3.01
2.77
2.76
2.72
2.72
2.77
2.74
2.87
2.73
3.05	186.65
2.73
2.99
3.07
2.88
2.73
2.97
2.96
2.87
2.77
2.99
2.67
2.83
2.75
2.94
2.85
2.82
2.76
2.81
2.65
3.00
2.99
2.87
3.11
2.88
2.77
2.78
3.05
2.82
2.79
2.91
2.90
CorWatt	PkgWatt
208.86	408.85
2.58	195.66
2.64
2.56
2.63
2.56
2.61
2.57
2.65
2.42
2.44
2.40
2.49
2.62
2.59
2.59
2.61
2.61
2.54
2.55
2.68
2.65
2.70
2.62
2.63
2.66
2.68
2.60
2.81
2.59
2.60
2.65
2.56
3.92	229.91
4.09
4.15
4.28
4.43
4.20
3.65
4.31
4.34
4.36
4.27
3.85
4.31
4.28
4.39
4.36
4.33
4.29
4.37
3.90
4.41
3.97
4.00
3.96
3.36
3.61
3.16
3.66
3.57
3.21
3.82
3.53
CorWatt	PkgWatt
238.88	502.57
2.93	211.40
2.86
2.88
2.86
2.81
2.91
2.83
2.95
2.64
2.67
2.57
2.69
2.92
2.95
2.88
2.89
2.79
2.82
2.73
2.85
2.90
2.87
2.95
2.78
2.78
2.81
2.85
2.91
2.78
2.76
2.78
2.79
4.54	240.28
4.37
3.73
4.22
4.45
4.60
3.73
4.54
4.49
4.46
4.46
4.55
4.49
4.57
4.52
4.51
4.49
4.32
4.47
3.87
4.55
4.51
4.54
4.51
4.07
3.09
3.25
4.13
3.88
3.93
3.75
3.94
CorWatt	PkgWatt
211.16	426.25
3.14	211.94
3.13
3.14
3.11
3.24
3.21
3.25
3.29
3.14
3.14
3.08
3.13
3.09
3.15
3.12
3.03
3.26
3.23
3.23
3.26
3.24
3.40
3.36
3.28
3.26
3.22
3.27
3.30
3.20
3.16
3.26
3.27
3.60	214.16
3.45
3.32
3.36
3.12
3.53
3.27
3.56
3.34
3.41
3.41
3.40
3.34
3.39
3.39
3.37
3.43
3.33
3.42
3.24
3.58
3.64
3.48
3.65
3.22
3.31
2.92
3.50
3.37
3.37
3.49
3.34
CorWatt	PkgWatt
209.89	416.20
3.55	215.24
3.63
3.62
3.60
3.49
3.43
3.33
3.42
3.39
3.49
3.32
3.46
3.33
3.48
3.54
3.42
3.49
3.47
3.55
3.36
3.64
3.63
3.53
3.52
3.57
3.57
3.51
3.54
3.42
3.40
3.51
3.51
3.24	200.93
3.12
3.20
3.23
3.04
3.08
3.15
3.18
2.97
3.10
3.06
3.02
2.81
2.89
2.93
2.92
3.01
3.03
2.95
3.03
3.21
3.28
3.21
3.26
3.05
3.03
2.94
2.97
3.02
3.21
3.04
3.01
CorWatt	PkgWatt
208.80	415.13
3.44	215.03
3.63
3.59
3.35
3.49
3.49
3.44
3.52
3.28
3.43
3.31
3.42
3.45
3.57
3.37
3.59
3.45
3.57
3.53
3.51
3.49
3.55
3.47
3.50
3.48
3.55
3.47
3.53
3.41
3.39
3.50
3.51
3.08	200.35
3.06
3.06
3.19
3.16
3.06
3.06
3.13
3.06
3.06
3.07
3.25
2.78
2.79
2.86
2.85
3.05
3.05
2.93
2.97
3.12
3.13
3.19
3.27
3.08
3.03
3.00
3.01
3.02
3.10
3.14
2.98
CorWatt	PkgWatt
219.13	439.32
3.66	229.62
3.69
3.69
3.50
3.65
3.58
3.63
3.62
3.42
3.49
3.51
3.51
3.63
3.57
3.54
3.56
3.65
3.64
3.64
3.56
3.68
3.75
3.72
3.71
3.65
3.64
3.61
3.58
3.56
3.52
3.61
3.61
3.33	209.54
3.26
3.51
3.37
3.22
3.22
3.39
3.35
3.06
3.13
3.08
3.14
2.85
2.99
3.02
3.02
3.25
3.23
3.31
3.27
3.32
3.35
3.39
3.42
3.27
3.33
3.30
3.17
3.22
3.38
3.26
3.30
CorWatt	PkgWatt
214.75	433.89
3.63	228.05
3.60
3.65
3.49
3.57
3.60
3.53
3.59
3.37
3.44
3.33
3.39
3.48
3.50
3.44
3.48
3.54
3.51
3.54
3.57
3.62
3.68
3.52
3.68
3.59
3.55
3.58
3.46
3.50
3.41
3.52
3.54
3.37	206.14
3.21
3.24
3.26
3.38
3.32
3.34
3.22
3.02
3.07
3.02
3.04
2.79
2.94
3.00
2.93
3.18
3.21
3.27
3.15
3.30
3.28
3.24
3.37
3.27
3.46
3.20
3.29
3.13
3.16
3.12
3.15
CorWatt	PkgWatt
216.57	441.31
3.53	231.87
3.54
3.62
3.59
3.68
3.63
3.63
3.57
3.54
3.48
3.34
3.47
3.63
3.49
3.51
3.54
3.50
3.54
3.54
3.59
3.57
3.71
3.65
3.69
3.54
3.64
3.62
3.53
3.58
3.48
3.52
3.62
3.42	209.41
3.25
3.32
3.35
3.26
3.26
3.45
3.29
3.05
3.17
3.03
3.03
2.91
2.95
3.02
2.90
3.21
3.25
3.40
3.24
3.28
3.30
3.38
3.31
3.16
3.28
3.07
3.13
3.17
3.25
3.17
3.20
CorWatt	PkgWatt
216.07	438.14
3.62	230.20
3.62
3.61
3.54
3.66
3.60
3.61
3.56
3.48
3.48
3.33
3.50
3.62
3.51
3.49
3.56
3.47
3.49
3.48
3.49
3.55
3.69
3.71
3.63
3.56
3.66
3.62
3.52
3.56
3.52
3.56
3.57
3.37	207.65
3.24
3.22
3.30
3.37
3.27
3.35
3.29
2.98
3.10
3.03
3.14
2.92
2.96
3.04
2.97
3.28
3.18
3.29
3.22
3.26
3.40
3.46
3.29
3.13
3.12
3.06
3.24
3.14
3.22
3.13
3.12
CorWatt	PkgWatt
220.47	447.17
3.58	231.93
3.67
3.61
3.50
3.61
3.59
3.67
3.59
3.34
3.42
3.29
3.50
3.58
3.46
3.45
3.51
3.58
3.59
3.42
3.61
3.55
3.76
3.78
3.74
3.54
3.62
3.62
3.40
3.58
3.36
3.42
3.70
3.40	215.24
3.32
3.44
3.38
3.32
3.44
3.42
3.47
3.17
3.35
3.16
3.33
3.25
3.31
3.30
3.22
3.32
3.33
3.29
3.31
3.40
3.47
3.43
3.41
3.44
3.41
3.17
3.41
3.27
3.28
3.32
3.24
CorWatt	PkgWatt
223.04	454.18
3.60	235.13
3.63
3.65
3.57
3.48
3.76
3.66
3.62
3.32
3.48
3.29
3.60
3.57
3.56
3.51
3.58
3.61
3.63
3.52
3.60
3.61
3.84
3.78
3.78
3.58
3.70
3.58
3.46
3.62
3.37
3.47
3.64
3.45	219.38
3.55
3.64
3.40
3.39
3.57
3.45
3.53
3.25
3.22
3.22
3.22
3.39
3.39
3.28
3.30
3.40
3.37
3.34
3.44
3.47
3.54
3.57
3.55
3.41
3.21
3.13
3.30
3.33
3.45
3.34
3.31
CorWatt	PkgWatt
223.73	456.12
3.56	236.49
3.67
3.65
3.54
3.48
3.79
3.63
3.63
3.31
3.48
3.39
3.59
3.55
3.55
3.53
3.59
3.58
3.67
3.60
3.53
3.67
3.83
3.77
3.80
3.57
3.66
3.58
3.49
3.62
3.64
3.66
3.70
3.53	219.30
3.36
3.34
3.48
3.51
3.55
3.53
3.53
3.35
3.29
3.41
3.37
3.48
3.18
3.22
3.30
3.34
3.33
3.31
3.42
3.50
3.52
3.49
3.45
3.50
3.26
3.13
3.28
3.31
3.41
3.30
3.33
CorWatt	PkgWatt
224.17	458.01
3.18	227.45
3.21
3.29
3.17
3.18
3.33
3.25
3.29
2.95
3.00
3.01
3.06
3.17
3.22
3.09
3.19
3.15
3.23
3.16
3.08
3.46
3.54
3.52
3.61
3.10
3.32
3.10
3.12
3.42
3.31
3.36
3.23
3.90	231.15
3.94
3.78
4.05
3.45
3.84
4.02
3.47
3.62
3.61
3.67
3.67
3.46
3.67
3.62
3.60
3.82
3.77
3.78
3.55
4.18
4.18
4.16
4.18
3.34
3.55
3.55
3.58
4.11
4.00
3.85
4.06
CorWatt	PkgWatt
161.98	409.15
2.46	206.55
2.50
2.48
2.43
2.50
2.47
2.50
2.48
2.37
2.40
2.37
2.40
2.40
2.43
2.42
2.41
2.47
2.48
2.52
2.48
2.49
2.52
2.51
2.50
2.42
2.44
2.51
2.75
2.41
2.41
2.47
2.41
2.48	202.37
2.43
2.55
2.55
2.51
2.40
2.51
2.48
2.59
2.66
2.54
2.65
2.58
2.70
2.65
2.53
2.44
2.38
2.46
2.38
2.77
2.68
2.85
2.74
2.54
2.72
2.70
2.65
2.79
2.92
2.66
2.66
CorWatt	PkgWatt
146.25	379.12
2.10	184.40
2.15
2.12
2.24
2.09
2.10
2.12
2.12
2.01
2.01
1.96
1.97
2.02
2.05
2.01
2.05
2.03
2.12
2.13
2.09
2.14
2.16
2.15
2.12
2.02
2.04
2.21
2.23
2.05
2.06
2.05
2.06
2.26	195.60
2.25
2.14
2.27
2.16
2.16
2.17
2.17
2.54
3.22
2.60
3.21
2.38
2.56
2.96
2.57
2.38
2.11
2.12
2.30
2.53
2.69
3.32
2.48
2.08
2.89
3.13
2.13
2.57
3.13
2.13
2.10
