CorWatt	PkgWatt
15.21	127.78
0.66	127.78
0.54
0.53
0.49
0.53
0.53
0.52
0.51
0.41
0.43
0.39
0.40
0.55
0.53
0.58
0.54
0.49
0.46
0.49
0.47
0.41
0.40
0.38
0.40
0.38
0.37
0.38
0.37
0.53
0.51
0.51
0.53
CorWatt	PkgWatt
15.09	126.87
0.55	127.41
0.50
0.52
0.52
0.51
0.55
0.52
0.50
0.40
0.45
0.37
0.39
0.57
0.57
0.59
0.56
0.49
0.46
0.49
0.47
0.39
0.41
0.39
0.40
0.37
0.37
0.37
0.35
0.52
0.50
0.50
0.51
CorWatt	PkgWatt
69.57	165.59
0.91	187.05
2.25
2.33
2.34
2.39
2.41
2.39
2.34
2.30
2.30
3.83
2.27
2.42
2.43
2.44
2.45
2.54
2.44
2.19
2.20
2.34
2.32
2.12
2.08
2.27
2.26
2.05
2.06
2.47
2.48
2.25
2.25
