CorWatt	PkgWatt
15.24	127.31
0.49	127.31
0.50
0.48
0.51
0.49
0.49
0.52
0.52
0.49
0.47
0.48
0.41
0.53
0.52
0.51
0.53
0.48
0.50
0.48
0.48
0.41
0.39
0.40
0.42
0.38
0.39
0.39
0.36
0.54
0.58
0.52
0.57
CorWatt	PkgWatt
14.76	126.64
0.49	126.79
0.49
0.47
0.51
0.50
0.49
0.49
0.48
0.39
0.47
0.39
0.38
0.53
0.52
0.51
0.51
0.47
0.46
0.51
0.49
0.42
0.39
0.42
0.41
0.39
0.39
0.37
0.35
0.53
0.51
0.51
0.53
CorWatt	PkgWatt
20.57	132.02
0.69	131.91
0.70
0.67
0.64
0.60
0.57
0.57
0.75
0.65
0.69
0.64
0.61
0.69
0.79
0.70
0.67
0.67
0.62
0.63
0.66
0.53
0.50
0.59
0.52
0.63
0.52
0.65
0.61
0.76
0.69
0.65
0.70
CorWatt	PkgWatt
15.87	127.64
0.53	127.61
0.50
0.53
0.53
0.51
0.49
0.51
0.48
0.40
0.49
0.51
0.44
0.55
0.50
0.53
0.52
0.50
0.51
0.51
0.56
0.41
0.43
0.43
0.46
0.42
0.38
0.38
0.47
0.58
0.60
0.64
0.55
CorWatt	PkgWatt
15.88	127.65
0.53	127.64
0.56
0.50
0.50
0.53
0.50
0.53
0.54
0.43
0.48
0.45
0.43
0.57
0.56
0.53
0.54
0.51
0.51
0.49
0.57
0.45
0.43
0.44
0.48
0.39
0.42
0.41
0.40
0.56
0.58
0.55
0.52
CorWatt	PkgWatt
16.82	128.45
0.57	128.48
0.56
0.54
0.57
0.56
0.51
0.49
0.49
0.48
0.55
0.47
0.49
0.58
0.56
0.55
0.56
0.56
0.58
0.55
0.55
0.54
0.50
0.49
0.46
0.42
0.40
0.41
0.44
0.65
0.61
0.58
0.55
CorWatt	PkgWatt
15.98	127.78
0.54	127.77
0.46
0.52
0.50
0.52
0.52
0.52
0.53
0.43
0.55
0.44
0.45
0.57
0.53
0.50
0.56
0.51
0.51
0.52
0.59
0.46
0.47
0.46
0.48
0.38
0.41
0.38
0.39
0.57
0.55
0.55
0.60
CorWatt	PkgWatt
15.35	127.32
0.51	127.31
0.44
0.53
0.53
0.52
0.51
0.51
0.47
0.41
0.48
0.49
0.46
0.55
0.59
0.56
0.58
0.50
0.47
0.48
0.48
0.42
0.42
0.42
0.41
0.40
0.38
0.39
0.39
0.56
0.51
0.50
0.49
CorWatt	PkgWatt
15.46	127.45
0.52	127.45
0.51
0.53
0.53
0.49
0.48
0.50
0.56
0.41
0.47
0.38
0.42
0.52
0.54
0.51
0.50
0.48
0.50
0.48
0.47
0.44
0.41
0.42
0.42
0.41
0.41
0.50
0.40
0.58
0.56
0.56
0.55
CorWatt	PkgWatt
15.73	127.60
0.54	127.60
0.51
0.47
0.59
0.56
0.56
0.54
0.56
0.43
0.53
0.44
0.48
0.56
0.60
0.54
0.57
0.46
0.50
0.49
0.50
0.42
0.38
0.40
0.44
0.39
0.36
0.39
0.39
0.54
0.53
0.52
0.54
CorWatt	PkgWatt
15.38	127.38
0.52	127.38
0.52
0.49
0.48
0.52
0.51
0.53
0.54
0.49
0.51
0.41
0.42
0.51
0.57
0.56
0.51
0.48
0.52
0.50
0.50
0.44
0.38
0.38
0.43
0.40
0.36
0.38
0.39
0.51
0.54
0.53
0.56
CorWatt	PkgWatt
15.10	127.17
0.52	127.16
0.52
0.50
0.50
0.53
0.49
0.60
0.52
0.39
0.49
0.39
0.42
0.52
0.50
0.50
0.50
0.45
0.46
0.48
0.46
0.45
0.39
0.39
0.41
0.39
0.38
0.38
0.39
0.55
0.54
0.54
0.54
CorWatt	PkgWatt
18.97	130.07
0.69	130.08
0.67
0.78
0.65
0.68
0.57
0.62
0.70
0.54
0.55
0.51
0.61
0.65
0.68
0.63
0.66
0.45
0.46
0.56
0.54
0.48
0.41
0.38
0.46
0.55
0.60
0.51
0.55
0.67
0.69
0.64
0.82
