CorWatt	PkgWatt
130.34	398.35
1.76	157.36
1.78
1.78
1.74
1.76
1.74
1.75
1.75
1.70
1.70
1.68
1.70
1.70
1.70
1.70
1.70
1.75
1.76
1.77
1.75
1.78
1.77
1.78
1.77
1.75
1.75
1.74
1.75
1.71
1.73
1.72
1.72
1.72	156.40
1.71
1.71
1.71
1.72
1.73
1.91
1.72
1.69
1.70
1.71
1.69
1.70
1.70
1.70
1.69
1.70
1.70
1.68
1.70
1.95
1.74
1.74
1.75
1.69
1.69
1.70
1.70
1.71
1.71
1.70
1.70
CorWatt	PkgWatt
111.11	315.51
1.78	157.79
1.78
1.78
1.74
1.76
1.74
1.75
1.76
1.70
1.71
1.68
1.71
1.70
1.71
1.71
1.70
1.75
1.76
1.78
1.76
1.78
1.77
1.78
1.77
1.75
1.76
1.74
1.76
1.71
1.73
1.72
1.73
1.73	157.18
1.72
1.72
1.72
1.73
1.73
2.00
1.72
1.69
1.71
1.71
1.70
1.70
1.71
1.70
1.69
1.70
1.70
1.69
1.70
1.89
1.74
1.75
1.75
1.70
1.69
1.70
1.70
1.71
1.72
1.71
1.70
CorWatt	PkgWatt
111.08	314.65
1.77	157.41
1.79
1.77
1.74
1.76
1.74
1.75
1.75
1.70
1.71
1.68
1.71
1.70
1.71
1.71
1.70
1.75
1.76
1.78
1.80
1.78
1.79
1.78
1.77
1.74
1.76
1.75
1.76
1.71
1.73
1.72
1.72
1.72	156.90
1.72
1.71
1.72
1.73
1.73
2.04
1.72
1.69
1.71
1.70
1.69
1.70
1.71
1.70
1.70
1.70
1.70
1.69
1.70
1.85
1.74
1.74
1.74
1.69
1.69
1.70
1.69
1.71
1.72
1.70
1.70
CorWatt	PkgWatt
111.15	315.72
1.77	158.27
1.78
1.78
1.75
1.77
1.74
1.75
1.76
1.70
1.71
1.69
1.71
1.70
1.72
1.71
1.71
1.76
1.76
1.78
1.76
1.78
1.78
1.78
1.78
1.75
1.76
1.75
1.76
1.72
1.73
1.73
1.73
1.73	157.49
1.72
1.72
1.73
1.73
1.73
2.03
1.83
1.70
1.71
1.71
1.70
1.71
1.71
1.71
1.70
1.70
1.70
1.69
1.70
1.74
1.75
1.75
1.75
1.70
1.69
1.70
1.70
1.71
1.72
1.71
1.71
CorWatt	PkgWatt
110.55	312.98
1.76	156.90
1.77
1.77
1.74
1.76
1.73
1.74
1.75
1.69
1.70
1.68
1.70
1.70
1.71
1.70
1.70
1.75
1.75
1.77
1.75
1.77
1.77
1.78
1.77
1.74
1.75
1.74
1.75
1.71
1.73
1.72
1.72
1.91	156.35
1.77
1.71
1.75
1.72
1.73
1.79
1.76
1.69
1.70
1.70
1.69
1.70
1.70
1.70
1.69
1.69
1.70
1.69
1.70
1.73
1.74
1.74
1.74
1.69
1.69
1.69
1.70
1.71
1.71
1.70
1.70
CorWatt	PkgWatt
111.34	316.63
1.77	158.41
1.78
1.78
1.75
1.76
1.74
1.76
1.76
1.70
1.71
1.68
1.71
1.71
1.72
1.71
1.71
1.76
1.76
1.79
1.76
1.78
1.78
1.79
1.78
1.75
1.76
1.75
1.76
1.72
1.73
1.72
1.73
1.95	157.84
1.93
1.72
1.72
1.73
1.73
1.74
1.73
1.70
1.72
1.71
1.70
1.71
1.72
1.71
1.69
1.70
1.70
1.69
1.70
1.74
1.74
1.75
1.75
1.71
1.70
1.70
1.71
1.71
1.72
1.71
1.70
CorWatt	PkgWatt
111.53	317.78
1.78	159.13
1.79
1.78
1.76
1.77
1.75
1.76
1.76
1.71
1.71
1.69
1.72
1.71
1.72
1.71
1.71
1.76
1.77
1.79
1.76
1.78
1.78
1.79
1.78
1.75
1.76
1.75
1.76
1.72
1.74
1.73
1.73
1.95	158.55
1.82
1.72
1.73
1.74
1.74
1.75
1.73
1.72
1.72
1.71
1.71
1.71
1.72
1.72
1.70
1.71
1.71
1.70
1.71
1.85
1.75
1.75
1.75
1.70
1.70
1.71
1.70
1.72
1.73
1.72
1.71
CorWatt	PkgWatt
108.58	307.51
1.77	157.73
1.78
1.77
1.75
1.76
1.74
1.75
1.76
1.70
1.71
1.69
1.71
1.70
1.71
1.70
1.70
1.75
1.76
1.78
1.76
1.77
1.78
1.78
1.78
1.74
1.76
1.74
1.76
1.72
1.73
1.72
1.72
1.84	157.07
1.72
1.72
1.72
1.73
1.73
1.74
1.72
1.70
1.71
1.70
1.69
1.79
1.71
1.71
1.69
1.70
1.70
1.69
1.70
1.94
1.74
1.74
1.75
1.69
1.69
1.70
1.70
1.71
1.72
1.71
1.70
CorWatt	PkgWatt
132.22	360.19
2.16	177.22
2.11
2.09
2.04
2.10
2.07
2.05
2.10
2.02
2.02
2.01
2.03
2.03
2.06
2.04
2.05
2.07
2.07
2.10
2.09
2.12
2.07
2.13
2.12
2.07
2.08
2.05
2.08
2.05
2.06
2.04
2.04
1.99	173.10
1.96
1.95
1.97
2.00
1.99
2.01
1.97
1.93
1.97
1.95
1.92
2.12
1.94
1.97
1.94
1.93
1.93
1.92
1.94
1.99
1.99
2.01
2.01
1.92
1.90
1.92
1.91
1.95
1.96
1.94
1.95
CorWatt	PkgWatt
127.95	342.65
2.22	184.38
2.23
2.20
2.14
2.22
2.17
2.14
2.21
2.13
2.14
2.13
2.14
2.14
2.17
2.16
2.16
2.18
2.19
2.21
2.20
2.23
2.17
2.24
2.23
2.18
2.19
2.16
2.19
2.17
2.17
2.15
2.15
2.28	178.85
2.05
2.05
2.05
2.10
2.07
2.10
2.05
2.02
2.05
2.03
2.00
2.07
2.02
2.05
1.99
2.01
2.00
1.99
2.02
2.06
2.05
2.09
2.10
1.98
1.97
2.00
1.99
2.02
2.04
2.00
2.01
CorWatt	PkgWatt
143.88	392.14
2.23	187.69
2.25
2.22
2.16
2.25
2.19
2.16
2.24
2.16
2.14
2.14
2.15
2.15
2.19
2.18
2.18
2.20
2.21
2.23
2.22
2.26
2.18
2.26
2.26
2.20
2.21
2.17
2.20
2.18
2.19
2.17
2.17
2.39	182.11
2.06
2.06
2.07
2.10
2.09
2.12
2.06
2.02
2.06
2.04
2.01
2.02
2.03
2.05
2.00
2.03
2.02
2.02
2.04
2.09
2.08
2.12
2.12
2.01
1.99
2.03
2.03
2.04
2.07
2.04
2.03
CorWatt	PkgWatt
135.66	365.65
2.22	185.48
2.25
2.22
2.15
2.24
2.18
2.16
2.23
2.15
2.13
2.14
2.16
2.14
2.19
2.16
2.17
2.18
2.19
2.22
2.20
2.25
2.18
2.25
2.26
2.20
2.20
2.16
2.19
2.16
2.18
2.15
2.16
2.36	180.18
2.06
2.02
2.05
2.08
2.07
2.10
2.04
1.99
2.04
2.01
1.99
2.00
2.00
2.04
1.98
2.04
2.02
2.01
2.02
2.09
2.08
2.11
2.11
2.02
2.00
2.05
2.04
2.06
2.09
2.05
2.04
CorWatt	PkgWatt
135.53	365.55
2.22	185.52
2.24
2.21
2.15
2.24
2.18
2.15
2.22
2.15
2.12
2.14
2.16
2.15
2.18
2.17
2.17
2.18
2.19
2.21
2.24
2.24
2.18
2.24
2.25
2.19
2.20
2.16
2.18
2.17
2.18
2.14
2.16
2.37	180.10
2.06
2.04
2.05
2.08
2.07
2.09
2.05
1.99
2.03
2.01
1.98
2.00
2.00
2.03
1.98
2.04
2.03
2.01
1.99
2.09
2.07
2.11
2.12
2.02
2.00
2.04
2.03
2.05
2.09
2.05
2.04
CorWatt	PkgWatt
135.21	363.29
2.21	184.32
2.23
2.21
2.14
2.23
2.17
2.15
2.22
2.14
2.12
2.13
2.15
2.14
2.17
2.16
2.16
2.17
2.19
2.21
2.19
2.24
2.17
2.25
2.25
2.19
2.19
2.15
2.18
2.15
2.19
2.14
2.15
2.33	178.97
2.05
2.03
2.04
2.07
2.06
2.08
2.03
1.99
2.03
2.01
1.98
1.99
2.00
2.03
1.99
2.03
2.02
2.01
1.98
2.08
2.07
2.10
2.11
2.02
2.03
2.04
2.03
2.05
2.08
2.05
2.05
CorWatt	PkgWatt
135.09	363.03
2.21	184.24
2.23
2.21
2.14
2.23
2.18
2.14
2.22
2.15
2.12
2.13
2.16
2.14
2.17
2.16
2.16
2.17
2.19
2.20
2.19
2.24
2.16
2.24
2.24
2.18
2.18
2.15
2.18
2.16
2.18
2.14
2.15
2.34	178.79
2.03
2.03
2.04
2.07
2.06
2.09
2.03
1.98
2.03
2.01
1.98
1.99
2.00
2.03
1.98
2.02
2.02
2.00
1.99
2.08
2.07
2.10
2.10
2.01
2.01
2.04
2.03
2.05
2.08
2.04
2.05
CorWatt	PkgWatt
135.04	363.15
2.22	184.37
2.24
2.21
2.15
2.21
2.18
2.14
2.22
2.15
2.12
2.13
2.15
2.14
2.17
2.16
2.15
2.17
2.18
2.20
2.19
2.24
2.17
2.23
2.24
2.19
2.19
2.14
2.18
2.15
2.18
2.14
2.15
2.35	178.80
2.03
2.03
2.03
2.07
2.06
2.09
2.03
2.00
2.04
2.01
1.98
2.00
2.01
2.05
1.99
2.03
2.01
2.00
1.98
2.08
2.06
2.10
2.09
2.02
2.00
2.02
2.02
2.04
2.07
2.03
2.04
CorWatt	PkgWatt
136.37	365.46
2.24	185.90
2.27
2.25
2.17
2.24
2.20
2.15
2.23
2.17
2.13
2.15
2.17
2.16
2.20
2.18
2.16
2.22
2.20
2.22
2.22
2.26
2.20
2.27
2.26
2.22
2.22
2.17
2.20
2.19
2.20
2.17
2.16
2.28	180.24
2.06
2.02
2.08
2.12
2.11
2.10
2.05
2.05
2.10
2.04
2.01
2.07
2.06
2.13
2.03
2.05
2.04
2.02
1.99
2.17
2.08
2.11
2.10
2.03
1.99
2.00
2.00
2.06
2.09
2.03
2.02
CorWatt	PkgWatt
23.75	194.53
0.51	100.77
0.43
0.49
0.50
0.53
0.41
0.50
0.43
0.55
0.48
0.37
0.36
0.47
0.43
0.32
0.36
0.55
0.59
0.39
0.41
0.64
0.45
0.58
0.49
0.47
0.45
0.43
0.43
0.43
0.48
0.65
0.40
0.37	93.58
0.30
0.32
0.33
0.27
0.27
0.27
0.27
0.27
0.27
0.26
0.25
0.24
0.26
0.25
0.33
0.27
0.27
0.26
0.27
0.28
0.28
0.30
0.28
0.26
0.27
0.26
0.26
0.25
0.24
0.24
0.24
CorWatt	PkgWatt
7.80	159.89
0.15	80.29
0.15
0.15
0.14
0.13
0.13
0.13
0.13
0.13
0.13
0.12
0.13
0.12
0.12
0.12
0.12
0.14
0.14
0.14
0.14
0.15
0.14
0.14
0.13
0.13
0.13
0.13
0.13
0.13
0.13
0.12
0.12
0.12	79.46
0.12
0.12
0.12
0.12
0.12
0.12
0.12
0.11
0.10
0.10
0.10
0.10
0.10
0.10
0.10
0.12
0.12
0.11
0.12
0.12
0.12
0.12
0.12
0.11
0.12
0.11
0.11
0.10
0.10
0.10
0.10
CorWatt	PkgWatt
106.13	275.15
1.88	153.98
1.87
1.89
1.91
1.85
1.84
1.90
1.87
1.81
1.77
1.79
1.95
1.73
1.72
1.88
1.73
1.82
1.98
1.89
1.99
1.94
2.00
1.91
1.86
1.78
1.78
1.97
1.75
1.74
1.85
1.78
1.78
1.79	152.41
1.83
1.76
1.78
1.87
1.78
1.81
1.77
1.80
1.83
1.78
1.74
1.73
1.77
1.78
1.79
1.79
1.80
1.77
1.77
1.82
1.82
1.83
1.85
1.81
1.83
1.81
1.81
1.80
1.87
1.82
1.80
