CorWatt	PkgWatt
147.78	344.73
2.01	142.16
2.08
2.06
1.98
2.02
1.89
2.03
2.04
1.98
2.00
2.01
1.98
1.98
2.02
2.04
1.99
2.04
2.03
2.06
2.06
2.08
2.07
2.09
2.05
2.03
2.04
2.07
2.03
1.93
2.00
2.02
1.96
2.06	142.73
1.99
2.01
1.97
1.76
1.93
1.85
1.92
1.79
1.92
1.95
1.96
1.86
2.00
1.79
1.94
2.29
2.20
2.28
2.26
2.17
2.15
2.26
2.04
2.00
2.08
2.12
2.12
2.33
2.05
2.06
2.06
CorWatt	PkgWatt
129.69	284.96
2.00	142.36
2.06
2.07
1.98
2.00
1.89
2.04
2.04
1.97
2.03
2.00
2.01
1.97
2.05
2.02
1.99
2.01
2.05
2.07
2.05
2.07
2.08
2.06
2.17
2.05
2.05
2.05
2.07
1.93
1.98
2.03
1.97
2.06	142.59
2.02
2.00
2.01
1.76
1.95
1.83
1.91
1.78
1.91
1.94
1.94
1.82
1.99
1.79
1.96
2.25
2.23
2.28
1.99
2.11
2.19
2.23
2.03
2.05
2.03
2.08
2.06
2.29
2.12
2.20
2.07
CorWatt	PkgWatt
131.84	296.31
2.00	148.54
2.07
2.09
2.01
2.01
1.97
2.03
2.06
2.01
2.02
2.13
2.00
2.17
2.41
2.07
2.08
2.12
2.14
2.24
2.05
2.05
2.10
2.10
2.11
2.00
2.10
2.08
2.08
1.94
2.01
1.99
2.01
2.06	147.81
2.04
2.01
1.98
1.77
1.98
1.91
1.91
1.77
1.90
1.93
1.95
1.82
1.95
1.79
2.02
2.21
2.24
2.28
1.98
2.09
2.21
2.27
2.02
2.45
2.13
2.13
2.20
2.17
2.10
2.24
2.08
CorWatt	PkgWatt
142.04	324.89
2.07	163.66
2.16
2.26
2.07
2.36
2.80
2.28
2.23
2.46
2.34
2.75
2.39
2.33
2.52
2.44
2.25
2.56
2.75
2.50
2.32
2.33
2.27
2.19
2.28
2.13
2.21
2.13
2.08
2.12
2.45
2.19
2.12
2.12	161.29
2.07
2.17
2.04
1.83
2.03
2.08
1.98
1.78
1.93
1.98
1.99
1.79
1.86
1.79
2.08
2.24
2.34
2.26
2.10
2.18
2.23
2.21
2.06
2.70
2.27
2.32
2.44
2.30
2.15
2.31
2.09
CorWatt	PkgWatt
141.10	303.90
2.02	153.01
2.10
2.03
2.14
2.36
2.50
2.24
2.35
2.44
2.40
2.58
2.49
2.15
2.44
2.35
2.25
2.56
2.55
2.62
2.35
2.28
2.30
2.22
2.26
2.27
2.21
2.10
2.06
2.13
2.42
2.27
2.17
2.10	150.79
2.09
2.06
2.03
1.82
1.98
1.80
1.99
1.77
1.93
1.97
1.97
1.78
1.87
1.84
2.15
2.28
2.29
2.32
2.24
2.21
2.22
2.34
2.06
2.40
2.28
2.28
2.30
2.27
2.26
2.34
2.19
CorWatt	PkgWatt
146.40	328.59
2.05	169.20
2.02
1.99
2.33
2.56
2.42
2.45
2.67
2.86
2.67
3.01
2.94
2.20
2.55
2.38
2.05
2.94
2.97
2.98
2.73
2.25
2.42
2.52
2.42
2.27
2.30
2.21
2.09
2.23
2.77
2.65
2.23
2.11	158.70
2.13
2.07
2.06
1.85
2.00
1.82
1.97
1.77
1.90
1.97
2.02
1.76
1.84
1.81
2.10
2.32
2.23
2.33
2.24
2.17
2.22
2.38
2.05
1.93
2.19
2.16
2.18
2.47
2.29
2.35
2.34
