CorWatt	PkgWatt
4.02	153.54
0.08	77.10
0.07
0.07
0.07
0.07
0.07
0.07
0.07
0.07
0.07
0.06
0.06
0.06
0.06
0.06
0.06
0.07
0.07
0.07
0.07
0.09
0.08
0.08
0.08
0.07
0.07
0.07
0.07
0.06
0.06
0.06
0.06
0.06	76.47
0.06
0.06
0.06
0.06
0.06
0.06
0.06
0.05
0.05
0.05
0.05
0.06
0.06
0.05
0.05
0.06
0.06
0.06
0.06
0.06
0.06
0.06
0.06
0.05
0.06
0.06
0.05
0.06
0.05
0.05
0.06
CorWatt	PkgWatt
4.45	152.05
0.08	76.19
0.08
0.08
0.08
0.08
0.08
0.08
0.07
0.07
0.07
0.06
0.07
0.07
0.07
0.07
0.14
0.08
0.08
0.08
0.08
0.09
0.08
0.08
0.08
0.07
0.08
0.07
0.07
0.06
0.06
0.06
0.06
0.06	75.81
0.07
0.06
0.06
0.08
0.08
0.06
0.06
0.06
0.07
0.06
0.06
0.06
0.05
0.05
0.06
0.08
0.06
0.07
0.07
0.07
0.07
0.06
0.06
0.06
0.06
0.06
0.06
0.10
0.06
0.06
0.06
CorWatt	PkgWatt
18.30	182.21
0.28	92.85
0.25
0.25
0.25
0.23
0.21
0.21
0.24
0.24
0.28
0.24
0.24
0.22
0.24
0.22
0.21
0.22
0.22
0.22
0.22
2.72
0.28
0.27
0.27
0.23
0.23
0.22
0.23
0.22
0.22
0.22
0.22
0.20	89.46
0.32
0.32
0.23
0.26
0.30
0.24
0.15
0.32
0.16
0.30
0.14
0.29
0.32
0.14
0.25
0.26
0.57
0.36
0.32
0.18
0.23
0.21
0.32
0.21
0.23
0.20
0.26
0.23
0.30
0.28
0.20
CorWatt	PkgWatt
7.88	157.33
0.16	82.30
0.16
0.15
0.16
0.15
0.15
0.15
0.15
0.14
0.14
0.14
0.14
0.13
0.13
0.13
0.13
0.15
0.15
0.15
0.15
0.81
0.18
0.18
0.18
0.14
0.15
0.15
0.15
0.22
0.22
0.22
0.58
0.06	75.04
0.06
0.06
0.06
0.06
0.06
0.06
0.06
0.05
0.05
0.05
0.05
0.05
0.05
0.05
0.05
0.06
0.06
0.05
0.06
0.06
0.06
0.06
0.06
0.05
0.05
0.05
0.05
0.05
0.05
0.05
0.05
CorWatt	PkgWatt
8.04	157.65
0.17	82.64
0.16
0.16
0.16
0.16
0.16
0.16
0.16
0.14
0.14
0.14
0.14
0.14
0.14
0.14
0.14
0.16
0.16
0.16
0.16
0.20
0.17
0.16
0.16
0.15
0.15
0.15
0.15
0.31
0.31
0.31
1.08
0.06	74.91
0.05
0.06
0.05
0.05
0.05
0.05
0.05
0.05
0.05
0.05
0.05
0.05
0.05
0.05
0.05
0.05
0.05
0.05
0.05
0.06
0.06
0.06
0.06
0.05
0.05
0.05
0.05
0.05
0.05
0.05
0.05
CorWatt	PkgWatt
9.73	162.71
0.20	84.61
0.19
0.19
0.19
0.16
0.16
0.16
0.16
0.14
0.15
0.15
0.15
0.14
0.14
0.14
0.14
0.16
0.16
0.16
0.16
0.22
0.20
0.17
0.17
0.15
0.15
0.15
0.15
0.31
0.31
0.31
1.10
0.10	78.34
0.10
0.10
0.10
0.10
0.10
0.10
0.10
0.10
0.10
0.10
0.09
0.10
0.10
0.09
0.09
0.12
0.11
0.11
0.11
0.11
0.10
0.11
0.10
0.09
0.10
0.10
0.09
0.09
0.10
0.10
0.10
CorWatt	PkgWatt
8.13	157.57
0.17	82.29
0.16
0.17
0.16
0.15
0.15
0.15
0.15
0.14
0.14
0.14
0.14
0.13
0.14
0.13
0.13
0.15
0.15
0.15
0.15
0.17
0.19
0.16
0.16
0.15
0.15
0.15
0.15
1.05
0.31
0.31
0.31
0.06	75.15
0.06
0.06
0.06
0.06
0.06
0.06
0.06
0.06
0.06
0.06
0.06
0.06
0.06
0.06
0.06
0.06
0.06
0.06
0.06
0.06
0.06
0.06
0.06
0.06
0.06
0.06
0.06
0.06
0.06
0.06
0.06
CorWatt	PkgWatt
8.00	157.67
0.17	82.72
0.16
0.17
0.16
0.16
0.15
0.16
0.15
0.14
0.14
0.14
0.14
0.14
0.14
0.14
0.14
0.15
0.15
0.15
0.15
0.18
0.19
0.16
0.16
0.15
0.15
0.15
0.15
0.54
0.31
0.31
0.85
0.05	74.84
0.05
0.05
0.05
0.05
0.05
0.05
0.05
0.05
0.05
0.05
0.05
0.05
0.05
0.05
0.05
0.06
0.06
0.05
0.05
0.06
0.05
0.05
0.05
0.05
0.05
0.05
0.05
0.05
0.05
0.05
0.05
CorWatt	PkgWatt
7.79	157.02
0.17	82.17
0.16
0.16
0.16
0.15
0.15
0.15
0.15
0.14
0.14
0.13
0.14
0.13
0.13
0.13
0.13
0.15
0.15
0.15
0.14
0.18
0.19
0.16
0.16
0.14
0.14
0.14
0.14
1.04
0.31
0.30
0.31
0.05	74.82
0.05
0.05
0.05
0.05
0.06
0.05
0.05
0.05
0.05
0.05
0.05
0.05
0.05
0.05
0.05
0.05
0.05
0.05
0.05
0.06
0.05
0.06
0.05
0.05
0.05
0.05
0.05
0.05
0.05
0.05
0.05
CorWatt	PkgWatt
8.71	158.25
0.16	83.58
0.16
0.16
0.15
0.15
0.15
0.15
0.15
0.13
0.13
0.13
0.14
0.13
0.13
0.13
0.13
0.15
0.15
0.15
0.14
0.17
0.18
0.16
0.16
0.14
0.14
0.14
0.14
2.19
0.26
0.26
0.26
0.05	74.76
0.05
0.05
0.05
0.05
0.05
0.05
0.05
0.05
0.05
0.05
0.05
0.05
0.05
0.05
0.05
0.05
0.05
0.05
0.05
0.05
0.05
0.05
0.05
0.05
0.05
0.05
0.05
0.05
0.05
0.05
0.05
CorWatt	PkgWatt
10.24	160.86
0.16	85.71
0.15
0.15
0.15
0.15
0.15
0.15
0.14
0.13
0.13
0.13
0.13
0.13
0.13
0.13
0.13
0.15
0.15
0.14
0.14
0.17
0.18
0.16
0.16
0.14
0.14
0.14
0.14
3.80
0.19
0.18
0.18
0.06	75.04
0.06
0.06
0.06
0.06
0.06
0.06
0.06
0.05
0.06
0.05
0.05
0.05
0.05
0.05
0.05
0.06
0.06
0.06
0.06
0.06
0.06
0.06
0.06
0.06
0.06
0.06
0.05
0.06
0.06
0.05
0.06
CorWatt	PkgWatt
10.37	175.78
0.16	99.18
0.16
0.15
0.15
0.15
0.14
0.15
0.14
0.14
0.13
0.13
0.13
0.13
0.13
0.13
0.20
0.15
0.14
0.15
0.15
0.17
0.18
0.16
0.16
0.14
0.14
0.15
0.14
3.87
0.19
0.18
0.18
0.06	76.73
0.06
0.06
0.06
0.06
0.06
0.06
0.05
0.05
0.05
0.05
0.05
0.05
0.05
0.06
0.05
0.06
0.05
0.05
0.05
0.05
0.06
0.06
0.06
0.06
0.05
0.05
0.06
0.05
0.06
0.05
0.05
CorWatt	PkgWatt
10.12	162.34
0.16	87.59
0.15
0.15
0.16
0.15
0.15
0.15
0.14
0.13
0.13
0.13
0.14
0.13
0.13
0.13
0.13
0.15
0.14
0.14
0.14
0.17
0.18
0.16
0.16
0.14
0.14
0.14
0.14
3.82
0.19
0.19
0.19
0.05	74.78
0.05
0.05
0.05
0.05
0.05
0.05
0.05
0.05
0.05
0.05
0.05
0.05
0.05
0.05
0.05
0.05
0.05
0.05
0.05
0.05
0.05
0.05
0.05
0.05
0.05
0.05
0.05
0.05
0.05
0.05
0.05
CorWatt	PkgWatt
10.13	178.22
0.16	103.29
0.15
0.15
0.15
0.15
0.14
0.15
0.14
0.13
0.13
0.13
0.13
0.13
0.13
0.13
0.13
0.14
0.14
0.14
0.14
0.17
0.18
0.16
0.15
0.14
0.14
0.14
0.14
3.90
0.19
0.18
0.18
0.05	74.80
0.05
0.05
0.05
0.05
0.05
0.05
0.05
0.05
0.05
0.05
0.05
0.05
0.05
0.05
0.05
0.05
0.05
0.05
0.05
0.05
0.05
0.05
0.05
0.05
0.05
0.05
0.05
0.05
0.05
0.05
0.05
CorWatt	PkgWatt
10.22	161.14
0.16	86.09
0.15
0.15
0.15
0.15
0.15
0.15
0.15
0.14
0.13
0.13
0.13
0.13
0.13
0.13
0.13
0.15
0.14
0.14
0.14
0.17
0.18
0.16
0.16
0.14
0.14
0.14
0.14
3.81
0.19
0.19
0.18
0.06	75.03
0.06
0.06
0.06
0.06
0.06
0.06
0.05
0.05
0.05
0.05
0.05
0.05
0.05
0.05
0.05
0.06
0.05
0.05
0.05
0.06
0.06
0.06
0.06
0.05
0.05
0.05
0.05
0.05
0.05
0.06
0.06
CorWatt	PkgWatt
10.05	160.31
0.16	85.72
0.15
0.15
0.15
0.15
0.15
0.15
0.14
0.14
0.13
0.13
0.13
0.13
0.13
0.13
0.13
0.14
0.14
0.14
0.14
0.17
0.18
0.16
0.16
0.14
0.14
0.14
0.14
3.81
0.19
0.19
0.19
0.05	74.67
0.05
0.05
0.05
0.05
0.05
0.05
0.05
0.05
0.05
0.05
0.05
0.05
0.05
0.05
0.05
0.05
0.05
0.05
0.05
0.05
0.05
0.05
0.05
0.05
0.05
0.05
0.05
0.05
0.05
0.05
0.05
CorWatt	PkgWatt
10.03	160.48
0.16	85.59
0.15
0.15
0.15
0.15
0.14
0.15
0.14
0.14
0.13
0.13
0.13
0.13
0.13
0.13
0.13
0.14
0.14
0.14
0.14
0.17
0.17
0.16
0.15
0.14
0.14
0.14
0.14
3.81
0.19
0.19
0.18
0.05	74.81
0.05
0.05
0.05
0.05
0.05
0.05
0.05
0.05
0.05
0.05
0.05
0.05
0.05
0.05
0.05
0.05
0.05
0.05
0.05
0.05
0.05
0.05
0.05
0.05
0.05
0.05
0.05
0.05
0.05
0.05
0.05
CorWatt	PkgWatt
10.08	161.50
0.16	86.80
0.15
0.16
0.15
0.15
0.15
0.15
0.14
0.14
0.13
0.13
0.13
0.13
0.13
0.13
0.13
0.14
0.14
0.14
0.14
0.17
0.18
0.16
0.16
0.14
0.14
0.14
0.14
3.82
0.19
0.19
0.19
0.05	74.73
0.05
0.05
0.05
0.05
0.05
0.05
0.05
0.05
0.05
0.05
0.05
0.05
0.05
0.05
0.05
0.05
0.05
0.05
0.05
0.05
0.05
0.05
0.05
0.05
0.05
0.05
0.05
0.05
0.05
0.05
0.05
CorWatt	PkgWatt
10.29	161.43
0.16	86.40
0.15
0.16
0.15
0.15
0.15
0.15
0.15
0.14
0.13
0.13
0.13
0.13
0.13
0.13
0.13
0.15
0.15
0.15
0.15
0.17
0.18
0.16
0.16
0.15
0.14
0.14
0.15
3.81
0.19
0.19
0.19
0.06	75.03
0.06
0.06
0.06
0.06
0.06
0.06
0.06
0.06
0.05
0.05
0.05
0.05
0.05
0.05
0.05
0.06
0.06
0.06
0.06
0.06
0.06
0.06
0.06
0.06
0.06
0.06
0.05
0.06
0.05
0.06
0.06
CorWatt	PkgWatt
10.23	160.69
0.16	85.69
0.15
0.15
0.15
0.15
0.14
0.15
0.14
0.14
0.13
0.13
0.13
0.13
0.13
0.13
0.13
0.15
0.14
0.14
0.15
0.17
0.17
0.16
0.16
0.14
0.14
0.14
0.14
3.81
0.19
0.19
0.19
0.06	75.05
0.06
0.05
0.05
0.06
0.06
0.05
0.05
0.05
0.05
0.05
0.05
0.05
0.05
0.05
0.05
0.06
0.05
0.05
0.05
0.06
0.06
0.06
0.06
0.06
0.05
0.05
0.09
0.06
0.05
0.06
0.07
CorWatt	PkgWatt
11.92	166.53
0.20	88.15
0.19
0.21
0.19
0.19
0.18
0.18
0.19
0.19
0.19
0.18
0.18
0.18
0.95
0.19
0.18
0.20
0.20
0.20
0.20
0.22
0.26
0.21
0.20
0.19
0.19
0.19
0.19
1.85
0.21
0.20
0.20
0.10	78.41
0.10
0.10
0.10
0.10
0.09
0.10
0.10
0.10
0.09
0.10
0.10
0.10
0.10
0.10
0.10
0.11
0.10
0.10
0.10
0.10
0.10
0.11
0.10
0.10
0.10
0.10
0.10
0.11
0.11
0.10
0.11
CorWatt	PkgWatt
8.48	157.90
0.17	83.02
0.16
0.17
0.16
0.16
0.16
0.16
0.16
0.15
0.14
0.14
0.14
0.15
0.17
0.15
0.22
0.16
0.16
0.16
0.16
0.18
0.16
0.16
0.16
1.29
0.34
0.34
0.34
0.15
0.15
0.15
0.14
0.06	74.86
0.05
0.05
0.05
0.06
0.06
0.05
0.06
0.05
0.05
0.05
0.05
0.05
0.05
0.05
0.05
0.05
0.05
0.05
0.05
0.06
0.06
0.06
0.06
0.05
0.05
0.05
0.05
0.05
0.05
0.06
0.05
CorWatt	PkgWatt
8.99	158.81
0.19	83.75
0.18
0.19
0.18
0.17
0.17
0.17
0.17
0.16
0.16
0.15
0.15
0.16
0.19
0.16
0.16
0.17
0.17
0.16
0.17
0.19
0.17
0.17
0.17
0.38
1.34
0.37
0.37
0.16
0.16
0.16
0.16
0.06	75.11
0.06
0.06
0.06
0.06
0.06
0.06
0.06
0.06
0.06
0.06
0.06
0.06
0.06
0.05
0.05
0.06
0.06
0.06
0.06
0.06
0.06
0.06
0.06
0.06
0.06
0.06
0.06
0.06
0.06
0.06
0.06
CorWatt	PkgWatt
8.66	158.38
0.18	83.56
0.17
0.18
0.17
0.17
0.17
0.17
0.17
0.15
0.15
0.15
0.15
0.16
0.18
0.16
0.16
0.16
0.16
0.16
0.16
0.18
0.17
0.17
0.17
0.38
1.33
0.37
0.37
0.16
0.15
0.15
0.15
0.05	74.71
0.05
0.05
0.05
0.05
0.05
0.05
0.05
0.05
0.05
0.05
0.05
0.05
0.05
0.05
0.05
0.05
0.05
0.05
0.05
0.05
0.05
0.05
0.05
0.05
0.05
0.05
0.05
0.05
0.05
0.05
0.05
CorWatt	PkgWatt
8.51	158.25
0.18	83.48
0.17
0.17
0.17
0.17
0.16
0.16
0.16
0.15
0.15
0.14
0.15
0.15
0.18
0.15
0.15
0.16
0.16
0.16
0.16
0.18
0.17
0.16
0.16
1.02
0.65
0.37
0.37
0.15
0.15
0.15
0.15
0.05	74.73
0.05
0.05
0.05
0.05
0.05
0.05
0.05
0.05
0.05
0.05
0.05
0.05
0.05
0.05
0.05
0.05
0.05
0.05
0.05
0.05
0.05
0.05
0.05
0.05
0.05
0.05
0.05
0.05
0.05
0.05
0.05
CorWatt	PkgWatt
8.57	158.06
0.18	83.39
0.17
0.18
0.17
0.16
0.16
0.16
0.16
0.15
0.15
0.14
0.15
0.16
0.18
0.15
0.15
0.16
0.16
0.16
0.16
0.18
0.17
0.16
0.16
1.31
0.37
0.37
0.37
0.15
0.15
0.15
0.15
0.06	74.82
0.05
0.05
0.05
0.05
0.05
0.05
0.05
0.05
0.05
0.05
0.05
0.05
0.05
0.05
0.05
0.05
0.05
0.05
0.05
0.05
0.05
0.05
0.05
0.05
0.05
0.05
0.05
0.05
0.05
0.05
0.05
CorWatt	PkgWatt
8.80	158.67
0.19	83.46
0.17
0.18
0.17
0.16
0.16
0.16
0.16
0.15
0.15
0.15
0.15
0.16
0.18
0.15
0.16
0.16
0.16
0.16
0.16
0.18
0.17
0.17
0.17
1.31
0.37
0.37
0.37
0.15
0.15
0.15
0.15
0.06	75.08
0.06
0.06
0.06
0.06
0.06
0.06
0.06
0.06
0.06
0.06
0.06
0.06
0.06
0.06
0.06
0.06
0.06
0.06
0.06
0.06
0.06
0.06
0.06
0.06
0.06
0.06
0.06
0.06
0.06
0.06
0.06
CorWatt	PkgWatt
8.55	158.16
0.19	83.39
0.17
0.18
0.17
0.16
0.16
0.16
0.16
0.15
0.15
0.15
0.15
0.15
0.18
0.15
0.15
0.16
0.16
0.16
0.16
0.18
0.17
0.17
0.17
1.31
0.37
0.37
0.37
0.15
0.15
0.15
0.15
0.06	74.79
0.05
0.05
0.05
0.05
0.05
0.05
0.05
0.05
0.05
0.05
0.05
0.05
0.05
0.05
0.05
0.05
0.05
0.05
0.05
0.05
0.05
0.05
0.05
0.05
0.05
0.05
0.05
0.05
0.05
0.05
0.05
CorWatt	PkgWatt
8.69	158.32
0.18	83.57
0.17
0.18
0.18
0.17
0.16
0.17
0.17
0.15
0.15
0.15
0.15
0.16
0.18
0.16
0.16
0.16
0.16
0.16
0.16
0.18
0.17
0.17
0.17
0.54
1.15
0.37
0.37
0.15
0.15
0.15
0.15
0.06	74.83
0.05
0.05
0.05
0.05
0.05
0.05
0.05
0.05
0.05
0.05
0.05
0.05
0.05
0.05
0.05
0.05
0.05
0.05
0.05
0.05
0.06
0.06
0.05
0.05
0.05
0.05
0.05
0.06
0.05
0.06
0.05
CorWatt	PkgWatt
8.67	158.43
0.19	83.61
0.17
0.17
0.18
0.17
0.16
0.17
0.17
0.15
0.15
0.15
0.15
0.16
0.18
0.16
0.16
0.16
0.16
0.16
0.16
0.18
0.17
0.17
0.17
0.38
1.33
0.37
0.37
0.15
0.15
0.15
0.15
0.05	74.73
0.05
0.05
0.05
0.05
0.05
0.05
0.05
0.05
0.05
0.05
0.05
0.05
0.05
0.05
0.05
0.05
0.05
0.05
0.05
0.05
0.05
0.05
0.05
0.05
0.05
0.05
0.05
0.05
0.05
0.05
0.05
CorWatt	PkgWatt
8.82	158.71
0.18	83.55
0.17
0.17
0.17
0.17
0.16
0.16
0.16
0.15
0.15
0.15
0.15
0.16
0.18
0.15
0.16
0.16
0.16
0.16
0.16
0.18
0.17
0.17
0.17
1.21
0.47
0.37
0.37
0.15
0.15
0.15
0.15
0.06	75.15
0.06
0.06
0.06
0.06
0.06
0.06
0.06
0.06
0.06
0.06
0.06
0.06
0.06
0.06
0.06
0.06
0.06
0.06
0.06
0.06
0.06
0.06
0.06
0.06
0.06
0.06
0.06
0.06
0.06
0.06
0.06
CorWatt	PkgWatt
8.74	158.32
0.18	83.45
0.17
0.17
0.17
0.16
0.16
0.16
0.16
0.15
0.15
0.14
0.15
0.16
0.18
0.15
0.23
0.16
0.16
0.16
0.16
0.18
0.17
0.17
0.16
1.31
0.37
0.37
0.37
0.15
0.15
0.15
0.15
0.06	74.99
0.06
0.06
0.06
0.06
0.06
0.06
0.06
0.05
0.05
0.05
0.05
0.05
0.05
0.05
0.05
0.05
0.05
0.06
0.05
0.06
0.06
0.06
0.06
0.05
0.05
0.05
0.05
0.06
0.06
0.06
0.06
CorWatt	PkgWatt
8.62	158.43
0.18	83.40
0.17
0.17
0.17
0.16
0.16
0.16
0.16
0.15
0.15
0.14
0.15
0.15
0.18
0.15
0.15
0.16
0.16
0.16
0.16
0.18
0.17
0.17
0.17
1.31
0.37
0.37
0.37
0.15
0.15
0.15
0.15
0.06	74.90
0.06
0.05
0.06
0.05
0.06
0.05
0.05
0.05
0.05
0.05
0.05
0.05
0.05
0.05
0.05
0.05
0.06
0.06
0.05
0.05
0.05
0.06
0.05
0.05
0.05
0.05
0.05
0.06
0.05
0.06
0.06
CorWatt	PkgWatt
8.46	158.04
0.18	83.41
0.17
0.17
0.17
0.16
0.16
0.16
0.16
0.15
0.15
0.14
0.15
0.15
0.18
0.15
0.16
0.16
0.16
0.16
0.16
0.18
0.17
0.17
0.17
1.31
0.37
0.37
0.37
0.15
0.15
0.15
0.14
0.05	74.63
0.05
0.05
0.05
0.05
0.05
0.05
0.05
0.05
0.05
0.05
0.05
0.05
0.05
0.05
0.05
0.05
0.05
0.05
0.05
0.05
0.05
0.05
0.05
0.05
0.05
0.05
0.05
0.05
0.05
0.05
0.05
CorWatt	PkgWatt
8.81	158.50
0.18	83.55
0.17
0.17
0.18
0.17
0.16
0.17
0.17
0.15
0.15
0.15
0.15
0.16
0.18
0.15
0.16
0.16
0.16
0.16
0.16
0.18
0.17
0.17
0.17
0.62
0.39
1.08
0.37
0.15
0.15
0.15
0.15
0.06	75.00
0.06
0.06
0.06
0.06
0.06
0.06
0.06
0.05
0.05
0.05
0.05
0.05
0.05
0.05
0.05
0.06
0.06
0.06
0.06
0.06
0.06
0.06
0.06
0.05
0.05
0.06
0.05
0.05
0.05
0.06
0.06
CorWatt	PkgWatt
8.68	158.24
0.19	83.53
0.17
0.17
0.18
0.16
0.16
0.16
0.16
0.15
0.15
0.15
0.15
0.15
0.18
0.15
0.15
0.16
0.16
0.16
0.16
0.18
0.17
0.16
0.16
0.62
0.40
1.19
0.40
0.15
0.15
0.15
0.15
0.05	74.67
0.05
0.05
0.05
0.05
0.05
0.05
0.05
0.05
0.05
0.05
0.05
0.05
0.05
0.05
0.05
0.05
0.05
0.05
0.05
0.05
0.05
0.05
0.05
0.05
0.05
0.05
0.05
0.05
0.05
0.05
0.05
CorWatt	PkgWatt
8.79	158.34
0.19	83.72
0.17
0.17
0.18
0.16
0.16
0.16
0.16
0.15
0.15
0.14
0.15
0.15
0.18
0.15
0.15
0.16
0.16
0.16
0.16
0.18
0.17
0.17
0.17
0.52
0.40
1.33
0.40
0.15
0.15
0.15
0.15
0.06	74.71
0.05
0.05
0.05
0.05
0.05
0.05
0.05
0.05
0.05
0.05
0.05
0.05
0.05
0.05
0.05
0.05
0.05
0.05
0.05
0.05
0.05
0.05
0.05
0.05
0.05
0.05
0.05
0.05
0.05
0.05
0.05
CorWatt	PkgWatt
8.73	158.41
0.19	83.58
0.17
0.17
0.17
0.16
0.16
0.16
0.16
0.15
0.14
0.14
0.15
0.15
0.18
0.15
0.15
0.16
0.16
0.16
0.16
0.18
0.17
0.16
0.16
1.35
0.40
0.50
0.40
0.15
0.15
0.15
0.15
0.06	74.73
0.05
0.05
0.05
0.05
0.05
0.05
0.05
0.05
0.05
0.05
0.05
0.05
0.05
0.05
0.05
0.05
0.05
0.05
0.05
0.05
0.05
0.05
0.05
0.05
0.05
0.05
0.05
0.05
0.05
0.05
0.05
CorWatt	PkgWatt
11.24	163.41
0.21	84.98
0.21
0.19
0.22
0.52
0.18
0.16
0.56
0.20
0.20
0.18
0.20
0.20
0.26
0.20
0.20
0.58
0.27
0.29
0.51
0.20
0.19
0.20
0.20
0.23
0.21
0.22
0.22
0.19
0.18
0.20
0.19
0.11	78.48
0.11
0.11
0.11
0.11
0.11
0.11
0.11
0.10
0.10
0.10
0.09
0.09
0.09
0.10
0.09
0.11
0.11
0.11
0.10
0.10
0.10
0.10
0.11
0.10
0.10
0.10
0.10
0.10
0.10
0.10
0.11
CorWatt	PkgWatt
8.73	158.08
0.18	83.50
0.17
0.17
0.17
0.20
0.17
0.17
0.17
0.15
0.15
0.15
0.15
0.14
0.14
0.14
0.14
1.47
0.41
0.41
0.41
0.18
0.17
0.16
0.16
0.16
0.16
0.16
0.16
0.15
0.15
0.15
0.15
0.05	74.66
0.05
0.05
0.05
0.05
0.05
0.05
0.05
0.05
0.05
0.05
0.05
0.05
0.05
0.05
0.05
0.05
0.05
0.05
0.05
0.05
0.05
0.05
0.05
0.05
0.05
0.05
0.05
0.05
0.05
0.05
0.05
CorWatt	PkgWatt
8.84	158.40
0.18	83.59
0.17
0.17
0.17
0.20
0.17
0.17
0.17
0.15
0.15
0.14
0.15
0.14
0.14
0.15
0.22
0.41
0.41
0.41
1.47
0.18
0.17
0.16
0.16
0.16
0.16
0.16
0.16
0.15
0.15
0.14
0.14
0.05	74.66
0.05
0.05
0.05
0.05
0.05
0.05
0.05
0.05
0.05
0.05
0.05
0.05
0.05
0.05
0.05
0.05
0.05
0.05
0.05
0.05
0.05
0.05
0.05
0.05
0.05
0.05
0.05
0.05
0.05
0.05
0.05
CorWatt	PkgWatt
8.70	158.13
0.17	83.45
0.17
0.17
0.17
0.20
0.17
0.17
0.17
0.15
0.15
0.14
0.15
0.14
0.14
0.14
0.14
0.41
0.41
0.41
1.47
0.18
0.16
0.16
0.16
0.16
0.15
0.16
0.15
0.15
0.14
0.14
0.14
0.05	74.72
0.05
0.05
0.05
0.05
0.05
0.05
0.05
0.05
0.05
0.05
0.05
0.05
0.05
0.05
0.05
0.05
0.05
0.05
0.05
0.05
0.05
0.05
0.05
0.05
0.05
0.05
0.05
0.05
0.05
0.05
0.05
CorWatt	PkgWatt
10.72	171.52
0.17	96.58
0.17
0.17
0.17
0.19
0.17
0.17
0.17
0.15
0.15
0.15
0.15
0.14
0.14
0.14
0.14
0.32
0.32
0.32
3.54
0.18
0.17
0.16
0.16
0.16
0.15
0.15
0.15
0.15
0.15
0.15
0.15
0.06	74.99
0.06
0.06
0.06
0.06
0.06
0.06
0.06
0.05
0.05
0.05
0.05
0.05
0.05
0.05
0.05
0.06
0.06
0.06
0.06
0.06
0.06
0.06
0.06
0.06
0.06
0.06
0.06
0.05
0.05
0.05
0.06
CorWatt	PkgWatt
12.17	184.89
0.17	110.09
0.16
0.16
0.16
0.18
0.16
0.17
0.16
0.14
0.14
0.14
0.14
0.14
0.14
0.14
0.14
0.21
0.21
0.21
5.64
0.17
0.16
0.16
0.16
0.15
0.15
0.15
0.15
0.14
0.14
0.14
0.14
0.05	74.74
0.05
0.05
0.05
0.05
0.05
0.05
0.05
0.05
0.05
0.05
0.05
0.05
0.05
0.05
0.05
0.05
0.05
0.05
0.05
0.05
0.05
0.05
0.05
0.05
0.05
0.05
0.05
0.05
0.05
0.05
0.05
CorWatt	PkgWatt
12.21	184.71
0.17	110.14
0.16
0.16
0.16
0.19
0.16
0.17
0.16
0.14
0.14
0.14
0.14
0.14
0.14
0.14
0.14
0.21
0.21
0.22
5.64
0.18
0.16
0.16
0.16
0.15
0.15
0.15
0.15
0.14
0.14
0.14
0.14
0.05	74.68
0.05
0.05
0.05
0.05
0.05
0.05
0.05
0.05
0.05
0.05
0.05
0.05
0.05
0.05
0.05
0.05
0.05
0.05
0.05
0.05
0.05
0.05
0.05
0.05
0.05
0.05
0.05
0.05
0.05
0.05
0.05
CorWatt	PkgWatt
12.17	184.94
0.17	110.16
0.16
0.16
0.16
0.19
0.16
0.17
0.16
0.14
0.14
0.14
0.14
0.14
0.14
0.14
0.14
0.21
0.21
0.22
5.66
0.18
0.16
0.16
0.16
0.15
0.15
0.15
0.15
0.14
0.14
0.14
0.14
0.05	74.65
0.05
0.05
0.05
0.05
0.05
0.05
0.05
0.05
0.05
0.05
0.05
0.05
0.05
0.05
0.05
0.05
0.05
0.05
0.05
0.05
0.05
0.05
0.05
0.05
0.05
0.05
0.05
0.05
0.05
0.05
0.05
CorWatt	PkgWatt
12.47	185.11
0.17	110.29
0.17
0.17
0.17
0.19
0.17
0.17
0.17
0.14
0.15
0.14
0.14
0.14
0.14
0.14
0.14
0.21
0.21
0.22
5.65
0.18
0.17
0.16
0.16
0.16
0.15
0.15
0.15
0.15
0.15
0.15
0.15
0.06	74.98
0.06
0.06
0.06
0.06
0.06
0.06
0.06
0.05
0.05
0.05
0.05
0.05
0.05
0.05
0.05
0.06
0.06
0.06
0.06
0.06
0.06
0.06
0.06
0.06
0.06
0.05
0.05
0.06
0.05
0.05
0.06
CorWatt	PkgWatt
12.27	185.20
0.17	110.27
0.16
0.16
0.16
0.19
0.16
0.17
0.17
0.14
0.14
0.14
0.14
0.14
0.14
0.14
0.14
0.21
0.21
0.22
5.65
0.18
0.16
0.16
0.16
0.15
0.15
0.15
0.15
0.14
0.14
0.14
0.14
0.05	74.77
0.05
0.05
0.05
0.05
0.05
0.05
0.05
0.05
0.05
0.05
0.05
0.05
0.05
0.05
0.05
0.05
0.05
0.05
0.05
0.05
0.05
0.05
0.05
0.05
0.05
0.05
0.05
0.05
0.05
0.05
0.05
CorWatt	PkgWatt
12.28	185.00
0.17	110.25
0.16
0.17
0.16
0.19
0.17
0.17
0.17
0.14
0.14
0.14
0.14
0.14
0.14
0.14
0.14
0.21
0.21
0.22
5.65
0.18
0.17
0.16
0.16
0.15
0.15
0.15
0.15
0.14
0.14
0.14
0.14
0.05	74.74
0.05
0.05
0.05
0.05
0.05
0.05
0.05
0.05
0.05
0.05
0.05
0.05
0.05
0.05
0.05
0.05
0.05
0.05
0.05
0.05
0.05
0.05
0.05
0.05
0.05
0.05
0.05
0.05
0.05
0.05
0.05
CorWatt	PkgWatt
12.28	184.79
0.17	110.23
0.16
0.17
0.16
0.19
0.17
0.17
0.17
0.14
0.14
0.14
0.14
0.14
0.14
0.14
0.14
0.21
0.21
0.22
5.64
0.18
0.17
0.16
0.16
0.16
0.15
0.15
0.16
0.14
0.14
0.14
0.14
0.06	74.74
0.05
0.05
0.05
0.05
0.05
0.05
0.05
0.05
0.05
0.05
0.05
0.05
0.05
0.05
0.05
0.05
0.05
0.06
0.05
0.05
0.05
0.05
0.05
0.05
0.05
0.05
0.05
0.05
0.05
0.05
0.05
CorWatt	PkgWatt
12.53	185.58
0.17	110.40
0.17
0.17
0.16
0.19
0.17
0.17
0.17
0.14
0.15
0.14
0.14
0.14
0.14
0.14
0.21
0.21
0.21
0.22
5.65
0.18
0.17
0.16
0.16
0.16
0.16
0.15
0.16
0.15
0.14
0.14
0.14
0.06	75.03
0.06
0.06
0.06
0.06
0.06
0.06
0.06
0.05
0.05
0.05
0.05
0.05
0.05
0.05
0.05
0.06
0.06
0.06
0.06
0.06
0.06
0.06
0.06
0.05
0.05
0.05
0.05
0.05
0.05
0.05
0.06
CorWatt	PkgWatt
12.28	185.00
0.17	110.37
0.17
0.17
0.17
0.19
0.17
0.17
0.17
0.15
0.14
0.14
0.14
0.14
0.14
0.14
0.14
0.21
0.21
0.22
5.67
0.18
0.16
0.16
0.16
0.16
0.15
0.15
0.15
0.14
0.14
0.14
0.14
0.05	74.62
0.05
0.05
0.05
0.05
0.05
0.05
0.05
0.05
0.05
0.05
0.05
0.05
0.05
0.05
0.05
0.05
0.05
0.05
0.05
0.05
0.05
0.05
0.05
0.05
0.05
0.05
0.05
0.05
0.05
0.05
0.05
CorWatt	PkgWatt
12.32	184.86
0.17	110.29
0.17
0.17
0.16
0.19
0.17
0.17
0.17
0.15
0.15
0.14
0.14
0.14
0.14
0.14
0.14
0.21
0.21
0.22
5.64
0.18
0.17
0.16
0.16
0.16
0.15
0.15
0.15
0.15
0.14
0.14
0.14
0.06	74.73
0.05
0.05
0.05
0.05
0.05
0.05
0.05
0.05
0.05
0.05
0.05
0.05
0.05
0.05
0.05
0.05
0.05
0.05
0.05
0.05
0.05
0.05
0.05
0.05
0.05
0.05
0.05
0.05
0.05
0.05
0.05
CorWatt	PkgWatt
12.24	185.10
0.17	110.25
0.17
0.17
0.16
0.19
0.17
0.17
0.17
0.14
0.14
0.14
0.14
0.14
0.14
0.14
0.14
0.21
0.21
0.22
5.65
0.18
0.17
0.16
0.16
0.16
0.15
0.15
0.15
0.14
0.14
0.14
0.14
0.05	74.72
0.05
0.05
0.05
0.05
0.05
0.05
0.05
0.05
0.05
0.05
0.05
0.05
0.05
0.05
0.05
0.05
0.05
0.05
0.05
0.05
0.05
0.05
0.05
0.05
0.05
0.05
0.05
0.05
0.05
0.05
0.05
CorWatt	PkgWatt
12.52	185.44
0.18	110.38
0.17
0.17
0.16
0.19
0.17
0.17
0.17
0.15
0.15
0.14
0.15
0.14
0.14
0.14
0.14
0.21
0.21
0.22
5.66
0.18
0.17
0.17
0.16
0.16
0.15
0.16
0.15
0.15
0.15
0.15
0.14
0.06	75.05
0.06
0.06
0.06
0.06
0.06
0.06
0.06
0.05
0.05
0.05
0.05
0.05
0.05
0.05
0.05
0.06
0.06
0.06
0.06
0.06
0.06
0.06
0.06
0.06
0.06
0.05
0.05
0.06
0.06
0.06
0.06
CorWatt	PkgWatt
10.94	173.57
0.17	98.28
0.17
0.57
0.17
0.22
0.17
0.17
0.16
0.15
0.15
0.14
0.15
0.14
0.14
0.14
0.14
0.19
0.19
0.19
3.39
0.18
0.16
0.16
0.16
0.16
0.15
0.15
0.15
0.14
0.14
0.14
0.15
0.07	75.21
0.07
0.07
0.07
0.07
0.07
0.07
0.07
0.07
0.07
0.07
0.07
0.07
0.06
0.07
0.07
0.07
0.07
0.07
0.07
0.07
0.07
0.07
0.07
0.07
0.07
0.07
0.07
0.07
0.07
0.07
0.07
CorWatt	PkgWatt
9.93	166.43
0.11	80.71
0.10
0.10
0.10
0.12
0.12
0.12
0.12
0.12
0.12
0.11
0.12
0.08
0.08
0.09
0.09
0.12
0.11
0.12
0.12
0.13
0.12
0.12
0.12
0.11
0.10
0.12
0.12
0.09
0.08
0.11
0.10
0.14	85.85
0.14
0.14
0.15
0.15
0.15
0.15
0.14
0.13
0.13
0.13
0.12
0.12
0.12
0.12
0.12
0.15
0.52
0.16
0.15
0.15
0.14
0.14
0.14
0.29
0.61
1.01
0.29
0.14
0.13
0.13
0.14
CorWatt	PkgWatt
8.64	158.24
0.08	75.80
0.07
0.08
0.08
0.07
0.08
0.07
0.07
0.07
0.07
0.06
0.07
0.06
0.06
0.06
0.06
0.07
0.07
0.07
0.07
0.09
0.08
0.08
0.08
0.07
0.07
0.07
0.07
0.07
0.07
0.07
0.07
0.14	82.38
0.14
0.14
0.14
0.14
0.14
0.14
0.14
0.12
0.12
0.12
0.12
0.13
0.12
0.12
0.12
0.15
0.17
0.15
0.14
0.14
0.14
0.14
0.14
0.34
1.52
0.35
0.34
0.13
0.13
0.13
0.13
CorWatt	PkgWatt
9.31	166.00
0.10	79.92
0.10
0.10
0.09
0.09
0.08
0.09
0.09
0.09
0.08
0.08
0.08
0.07
0.08
0.07
0.07
0.09
0.08
0.08
0.08
0.10
0.09
0.08
0.08
0.09
0.08
0.08
0.08
0.08
0.07
0.08
0.08
0.16	86.16
0.16
0.15
0.15
0.14
0.14
0.14
0.15
0.14
0.14
0.14
0.13
0.13
0.13
0.13
0.13
0.15
0.18
0.16
0.15
0.15
0.15
0.16
0.15
0.35
0.71
1.17
0.35
0.14
0.14
0.13
0.13
CorWatt	PkgWatt
8.54	158.10
0.08	75.74
0.07
0.07
0.07
0.07
0.07
0.07
0.07
0.07
0.07
0.06
0.07
0.06
0.06
0.06
0.06
0.07
0.07
0.07
0.07
0.08
0.08
0.07
0.07
0.07
0.07
0.07
0.07
0.06
0.06
0.07
0.06
0.14	82.28
0.14
0.13
0.13
0.14
0.14
0.14
0.14
0.12
0.13
0.13
0.12
0.13
0.12
0.12
0.12
0.14
0.17
0.15
0.14
0.14
0.14
0.14
0.14
0.34
0.35
1.51
0.34
0.13
0.13
0.13
0.13
CorWatt	PkgWatt
8.71	158.17
0.08	75.82
0.08
0.07
0.07
0.07
0.08
0.07
0.07
0.07
0.07
0.06
0.06
0.06
0.06
0.06
0.13
0.07
0.07
0.07
0.07
0.08
0.08
0.08
0.08
0.07
0.07
0.07
0.07
0.06
0.06
0.07
0.06
0.14	82.37
0.14
0.14
0.14
0.14
0.14
0.14
0.14
0.13
0.13
0.13
0.13
0.13
0.12
0.12
0.12
0.15
0.17
0.15
0.15
0.14
0.14
0.14
0.14
0.34
0.89
0.99
0.34
0.13
0.13
0.13
0.13
CorWatt	PkgWatt
8.73	158.25
0.08	75.67
0.07
0.07
0.07
0.07
0.08
0.07
0.07
0.07
0.07
0.06
0.07
0.06
0.06
0.06
0.06
0.07
0.07
0.07
0.07
0.09
0.08
0.08
0.08
0.07
0.07
0.07
0.07
0.06
0.06
0.07
0.06
0.14	82.65
0.14
0.14
0.14
0.14
0.14
0.14
0.14
0.13
0.13
0.13
0.13
0.13
0.13
0.13
0.13
0.15
0.17
0.15
0.15
0.14
0.14
0.14
0.14
0.24
0.25
0.25
1.92
0.13
0.13
0.13
0.13
CorWatt	PkgWatt
8.84	158.68
0.08	76.06
0.08
0.08
0.08
0.08
0.08
0.08
0.08
0.07
0.07
0.07
0.07
0.07
0.07
0.07
0.07
0.08
0.08
0.08
0.08
0.09
0.08
0.08
0.08
0.08
0.08
0.08
0.08
0.07
0.07
0.07
0.07
0.14	82.51
0.14
0.14
0.14
0.14
0.14
0.14
0.14
0.13
0.13
0.13
0.13
0.13
0.13
0.13
0.13
0.15
0.17
0.15
0.15
0.14
0.14
0.14
0.14
0.22
0.23
0.23
1.94
0.13
0.13
0.13
0.13
CorWatt	PkgWatt
8.56	159.76
0.08	75.59
0.07
0.07
0.07
0.07
0.07
0.07
0.07
0.06
0.07
0.06
0.06
0.06
0.06
0.06
0.06
0.07
0.07
0.07
0.07
0.08
0.08
0.07
0.07
0.07
0.07
0.07
0.07
0.06
0.06
0.06
0.06
0.14	84.28
0.13
0.13
0.13
0.14
0.14
0.14
0.14
0.13
0.13
0.13
0.13
0.13
0.13
0.12
0.13
0.15
0.17
0.15
0.15
0.14
0.14
0.14
0.14
0.22
0.23
0.23
1.90
0.13
0.13
0.13
0.13
CorWatt	PkgWatt
8.57	160.11
0.08	75.70
0.07
0.07
0.07
0.07
0.07
0.07
0.07
0.06
0.07
0.06
0.06
0.06
0.06
0.06
0.06
0.07
0.07
0.07
0.07
0.08
0.08
0.08
0.08
0.07
0.07
0.07
0.07
0.06
0.06
0.06
0.06
0.13	84.29
0.13
0.13
0.13
0.14
0.14
0.14
0.14
0.12
0.12
0.12
0.12
0.13
0.12
0.12
0.13
0.15
0.17
0.15
0.15
0.14
0.14
0.14
0.14
0.22
0.23
0.23
1.90
0.13
0.13
0.13
0.13
CorWatt	PkgWatt
8.61	159.91
0.08	75.71
0.07
0.07
0.07
0.07
0.07
0.07
0.07
0.06
0.07
0.06
0.06
0.06
0.06
0.06
0.06
0.07
0.07
0.07
0.07
0.09
0.08
0.08
0.08
0.07
0.07
0.07
0.07
0.06
0.06
0.06
0.06
0.13	84.31
0.14
0.13
0.13
0.14
0.14
0.14
0.14
0.13
0.13
0.13
0.13
0.13
0.13
0.12
0.13
0.15
0.17
0.15
0.15
0.14
0.14
0.14
0.14
0.22
0.23
1.88
0.28
0.13
0.13
0.13
0.13
CorWatt	PkgWatt
8.84	160.53
0.09	76.03
0.08
0.08
0.08
0.08
0.08
0.08
0.08
0.07
0.07
0.07
0.07
0.07
0.07
0.07
0.07
0.08
0.08
0.08
0.08
0.09
0.08
0.08
0.08
0.08
0.08
0.08
0.08
0.07
0.07
0.07
0.07
0.14	84.39
0.14
0.14
0.14
0.14
0.14
0.14
0.14
0.13
0.13
0.13
0.13
0.13
0.13
0.13
0.13
0.15
0.18
0.15
0.15
0.14
0.14
0.14
0.14
0.23
0.23
1.89
0.23
0.13
0.13
0.13
0.13
CorWatt	PkgWatt
8.68	163.70
0.08	77.61
0.08
0.08
0.08
0.07
0.07
0.08
0.07
0.07
0.07
0.06
0.07
0.06
0.06
0.06
0.06
0.07
0.07
0.07
0.07
0.09
0.08
0.08
0.08
0.07
0.07
0.07
0.07
0.06
0.06
0.06
0.06
0.14	86.15
0.14
0.14
0.13
0.14
0.14
0.14
0.14
0.12
0.13
0.12
0.13
0.13
0.12
0.12
0.13
0.15
0.17
0.15
0.14
0.14
0.14
0.14
0.14
0.23
0.23
1.50
0.61
0.13
0.13
0.13
0.17
CorWatt	PkgWatt
8.70	159.99
0.08	75.70
0.08
0.08
0.08
0.07
0.07
0.07
0.07
0.07
0.07
0.06
0.06
0.06
0.06
0.06
0.06
0.07
0.07
0.07
0.07
0.09
0.08
0.08
0.08
0.07
0.07
0.07
0.07
0.06
0.06
0.06
0.06
0.14	84.32
0.15
0.15
0.14
0.14
0.14
0.14
0.14
0.13
0.13
0.13
0.13
0.13
0.13
0.13
0.13
0.15
0.17
0.15
0.15
0.14
0.14
0.14
0.14
0.23
0.23
0.23
1.91
0.13
0.13
0.13
0.13
CorWatt	PkgWatt
8.70	161.99
0.08	75.73
0.07
0.07
0.07
0.07
0.07
0.07
0.07
0.07
0.07
0.06
0.06
0.06
0.06
0.06
0.06
0.07
0.07
0.07
0.07
0.08
0.08
0.07
0.07
0.07
0.07
0.07
0.07
0.06
0.06
0.06
0.06
0.14	86.25
0.14
0.14
0.14
0.14
0.14
0.14
0.14
0.13
0.13
0.13
0.13
0.13
0.13
0.13
0.13
0.15
0.17
0.15
0.15
0.14
0.14
0.14
0.14
0.22
0.23
0.23
1.96
0.13
0.13
0.13
0.13
CorWatt	PkgWatt
8.97	160.60
0.09	76.15
0.08
0.08
0.08
0.08
0.08
0.08
0.08
0.07
0.07
0.07
0.07
0.07
0.07
0.07
0.14
0.08
0.08
0.08
0.08
0.09
0.08
0.08
0.08
0.08
0.08
0.08
0.08
0.07
0.07
0.07
0.07
0.14	84.39
0.14
0.14
0.14
0.14
0.14
0.14
0.14
0.13
0.13
0.13
0.13
0.13
0.13
0.13
0.13
0.15
0.15
0.17
0.15
0.14
0.14
0.14
0.14
0.23
0.23
0.23
1.92
0.13
0.13
0.13
0.13
CorWatt	PkgWatt
8.61	159.97
0.08	75.61
0.07
0.07
0.07
0.07
0.07
0.07
0.07
0.07
0.06
0.06
0.06
0.06
0.06
0.06
0.06
0.07
0.07
0.07
0.07
0.09
0.08
0.08
0.08
0.07
0.07
0.07
0.07
0.06
0.06
0.06
0.06
0.14	84.45
0.14
0.14
0.14
0.14
0.14
0.14
0.14
0.13
0.13
0.13
0.13
0.13
0.13
0.13
0.13
0.15
0.15
0.17
0.15
0.14
0.14
0.14
0.14
0.22
0.23
0.23
1.90
0.13
0.13
0.13
0.13
CorWatt	PkgWatt
8.62	160.08
0.08	75.66
0.07
0.07
0.07
0.07
0.07
0.07
0.07
0.07
0.07
0.06
0.06
0.06
0.06
0.06
0.06
0.07
0.07
0.07
0.07
0.08
0.08
0.07
0.08
0.07
0.07
0.07
0.07
0.06
0.06
0.06
0.06
0.14	84.33
0.14
0.14
0.14
0.14
0.14
0.14
0.14
0.13
0.13
0.13
0.13
0.13
0.13
0.13
0.13
0.15
0.15
0.17
0.15
0.14
0.14
0.14
0.14
0.22
0.23
0.45
1.68
0.13
0.13
0.13
0.13
CorWatt	PkgWatt
11.20	165.06
0.52	81.36
0.16
0.16
0.16
0.13
0.13
0.14
0.14
0.16
0.16
0.16
0.49
0.12
0.11
0.12
0.12
0.14
0.14
0.15
0.14
0.16
0.14
0.15
0.15
0.14
0.14
0.14
0.14
0.13
0.13
0.13
0.13
0.17	83.86
0.17
0.16
0.16
0.17
0.17
0.17
0.17
0.16
0.15
0.15
0.16
0.17
0.16
0.17
0.58
0.16
0.16
0.21
0.16
0.15
0.15
0.14
0.15
0.18
0.18
0.46
0.18
0.16
0.16
0.16
0.16
CorWatt	PkgWatt
8.37	158.29
0.20	82.90
0.17
0.17
0.18
0.16
0.16
0.16
0.16
0.31
0.32
0.31
1.08
0.14
0.14
0.14
0.14
0.16
0.16
0.16
0.16
0.18
0.17
0.16
0.16
0.15
0.15
0.15
0.15
0.15
0.15
0.15
0.15
0.06	75.24
0.06
0.06
0.06
0.06
0.06
0.06
0.06
0.06
0.06
0.06
0.06
0.06
0.06
0.06
0.06
0.06
0.06
0.06
0.06
0.06
0.06
0.06
0.06
0.06
0.06
0.06
0.06
0.06
0.06
0.06
0.06
CorWatt	PkgWatt
8.04	157.55
0.20	82.72
0.17
0.17
0.17
0.16
0.16
0.16
0.16
0.56
0.31
0.31
0.83
0.14
0.14
0.14
0.14
0.16
0.16
0.16
0.16
0.17
0.17
0.16
0.16
0.15
0.15
0.15
0.15
0.14
0.14
0.14
0.14
0.05	74.83
0.05
0.05
0.05
0.05
0.05
0.05
0.05
0.05
0.05
0.05
0.05
0.05
0.05
0.05
0.05
0.05
0.05
0.05
0.05
0.05
0.05
0.05
0.05
0.05
0.05
0.05
0.05
0.05
0.05
0.05
0.05
CorWatt	PkgWatt
8.06	157.36
0.20	82.66
0.17
0.17
0.17
0.16
0.16
0.16
0.16
1.09
0.32
0.31
0.31
0.14
0.14
0.14
0.14
0.16
0.16
0.16
0.16
0.18
0.17
0.16
0.16
0.15
0.15
0.15
0.15
0.15
0.14
0.14
0.14
0.05	74.78
0.05
0.05
0.05
0.05
0.05
0.05
0.05
0.05
0.05
0.05
0.05
0.05
0.05
0.05
0.05
0.05
0.05
0.05
0.05
0.05
0.05
0.05
0.05
0.05
0.05
0.05
0.05
0.05
0.05
0.05
0.05
CorWatt	PkgWatt
8.04	157.53
0.20	82.63
0.17
0.17
0.18
0.16
0.16
0.16
0.16
1.09
0.31
0.30
0.31
0.14
0.14
0.14
0.14
0.16
0.16
0.16
0.16
0.17
0.16
0.16
0.16
0.15
0.15
0.15
0.15
0.15
0.14
0.14
0.14
0.05	74.80
0.05
0.05
0.05
0.05
0.05
0.05
0.05
0.05
0.05
0.05
0.05
0.05
0.05
0.05
0.05
0.05
0.05
0.05
0.05
0.05
0.05
0.05
0.05
0.05
0.05
0.05
0.05
0.05
0.05
0.05
0.05
CorWatt	PkgWatt
8.52	158.18
0.20	82.86
0.17
0.17
0.18
0.16
0.16
0.16
0.16
1.10
0.32
0.31
0.32
0.15
0.15
0.14
0.14
0.16
0.16
0.16
0.16
0.18
0.17
0.16
0.16
0.15
0.15
0.15
0.15
0.15
0.15
0.15
0.15
0.10	75.37
0.07
0.06
0.06
0.06
0.06
0.06
0.07
0.06
0.06
0.06
0.06
0.06
0.06
0.06
0.06
0.07
0.06
0.07
0.06
0.06
0.06
0.06
0.06
0.06
0.06
0.06
0.06
0.06
0.06
0.06
0.06
CorWatt	PkgWatt
8.52	158.04
0.20	83.03
0.17
0.17
0.18
0.16
0.16
0.16
0.16
1.32
0.31
0.30
0.31
0.14
0.14
0.14
0.14
0.16
0.16
0.16
0.16
0.18
0.17
0.16
0.16
0.15
0.15
0.15
0.15
0.15
0.15
0.15
0.15
0.06	75.13
0.06
0.06
0.06
0.08
0.06
0.06
0.08
0.05
0.05
0.05
0.05
0.06
0.05
0.05
0.05
0.06
0.06
0.06
0.06
0.06
0.06
0.06
0.06
0.05
0.05
0.05
0.05
0.05
0.05
0.05
0.06
CorWatt	PkgWatt
10.58	161.08
0.19	86.12
0.16
0.16
0.17
0.16
0.15
0.16
0.16
4.01
0.21
0.20
0.20
0.14
0.14
0.13
0.21
0.15
0.15
0.15
0.15
0.17
0.16
0.15
0.15
0.15
0.14
0.14
0.14
0.14
0.14
0.14
0.14
0.05	74.80
0.05
0.05
0.05
0.05
0.05
0.05
0.05
0.05
0.05
0.05
0.05
0.05
0.05
0.05
0.05
0.05
0.05
0.05
0.05
0.05
0.05
0.05
0.05
0.05
0.05
0.05
0.05
0.05
0.05
0.05
0.05
CorWatt	PkgWatt
10.38	160.77
0.18	86.05
0.16
0.16
0.16
0.16
0.15
0.16
0.16
4.00
0.20
0.19
0.20
0.13
0.13
0.13
0.13
0.15
0.15
0.15
0.15
0.17
0.16
0.15
0.15
0.15
0.14
0.14
0.14
0.14
0.14
0.14
0.14
0.05	74.69
0.05
0.05
0.05
0.05
0.05
0.05
0.05
0.05
0.05
0.05
0.05
0.05
0.05
0.05
0.05
0.05
0.05
0.05
0.05
0.05
0.05
0.05
0.05
0.05
0.05
0.05
0.05
0.05
0.05
0.05
0.05
CorWatt	PkgWatt
10.74	161.22
0.19	86.13
0.17
0.17
0.19
0.16
0.16
0.16
0.16
4.00
0.20
0.20
0.20
0.14
0.14
0.13
0.14
0.15
0.15
0.15
0.15
0.17
0.16
0.16
0.15
0.15
0.15
0.15
0.15
0.15
0.14
0.14
0.14
0.06	75.16
0.06
0.06
0.06
0.06
0.06
0.06
0.06
0.06
0.06
0.06
0.06
0.06
0.06
0.06
0.06
0.06
0.06
0.06
0.06
0.06
0.06
0.06
0.06
0.06
0.06
0.06
0.06
0.06
0.06
0.06
0.06
CorWatt	PkgWatt
10.42	160.79
0.18	85.96
0.16
0.16
0.17
0.16
0.15
0.15
0.15
3.99
0.20
0.19
0.20
0.13
0.13
0.13
0.13
0.15
0.15
0.15
0.15
0.17
0.16
0.15
0.15
0.15
0.14
0.14
0.14
0.14
0.14
0.14
0.14
0.05	74.78
0.05
0.05
0.05
0.05
0.05
0.05
0.05
0.05
0.05
0.05
0.05
0.05
0.05
0.05
0.05
0.06
0.05
0.05
0.05
0.05
0.05
0.05
0.05
0.05
0.05
0.05
0.05
0.05
0.05
0.05
0.05
CorWatt	PkgWatt
10.43	160.85
0.19	86.03
0.16
0.16
0.17
0.15
0.15
0.15
0.15
3.99
0.20
0.19
0.20
0.13
0.13
0.13
0.13
0.15
0.15
0.15
0.15
0.17
0.16
0.15
0.15
0.14
0.14
0.14
0.14
0.14
0.14
0.14
0.14
0.05	74.83
0.05
0.05
0.05
0.05
0.05
0.05
0.05
0.05
0.05
0.05
0.05
0.05
0.05
0.05
0.05
0.06
0.05
0.05
0.05
0.05
0.05
0.05
0.05
0.05
0.05
0.05
0.05
0.05
0.05
0.05
0.05
CorWatt	PkgWatt
10.46	160.79
0.19	86.12
0.17
0.17
0.17
0.16
0.15
0.16
0.15
3.99
0.20
0.20
0.20
0.13
0.14
0.13
0.13
0.15
0.15
0.15
0.15
0.17
0.16
0.16
0.16
0.15
0.15
0.15
0.15
0.14
0.14
0.14
0.14
0.05	74.70
0.05
0.05
0.05
0.05
0.05
0.05
0.05
0.05
0.05
0.05
0.05
0.05
0.05
0.05
0.05
0.05
0.05
0.05
0.05
0.05
0.05
0.05
0.05
0.05
0.05
0.05
0.05
0.05
0.05
0.05
0.05
CorWatt	PkgWatt
10.61	161.14
0.18	86.04
0.17
0.16
0.17
0.16
0.15
0.16
0.16
4.00
0.20
0.19
0.20
0.14
0.14
0.13
0.13
0.15
0.15
0.15
0.15
0.17
0.16
0.15
0.15
0.15
0.15
0.14
0.15
0.14
0.14
0.14
0.14
0.06	75.05
0.06
0.06
0.06
0.06
0.06
0.06
0.06
0.05
0.05
0.05
0.05
0.05
0.05
0.05
0.05
0.06
0.06
0.06
0.06
0.06
0.06
0.06
0.06
0.05
0.05
0.05
0.05
0.05
0.05
0.05
0.06
CorWatt	PkgWatt
10.42	160.69
0.19	86.02
0.17
0.16
0.17
0.16
0.16
0.16
0.16
4.00
0.20
0.19
0.20
0.14
0.13
0.13
0.13
0.15
0.15
0.15
0.15
0.17
0.16
0.16
0.15
0.15
0.15
0.14
0.14
0.14
0.14
0.14
0.14
0.05	74.74
0.05
0.05
0.05
0.05
0.05
0.05
0.05
0.05
0.05
0.05
0.05
0.05
0.05
0.05
0.05
0.05
0.05
0.05
0.05
0.05
0.05
0.05
0.05
0.05
0.05
0.05
0.05
0.05
0.05
0.05
0.05
CorWatt	PkgWatt
10.43	162.69
0.19	87.89
0.16
0.16
0.17
0.16
0.16
0.16
0.15
4.01
0.20
0.19
0.20
0.13
0.13
0.13
0.13
0.15
0.15
0.15
0.15
0.17
0.16
0.16
0.15
0.15
0.14
0.14
0.14
0.14
0.14
0.14
0.14
0.05	74.72
0.05
0.05
0.05
0.05
0.05
0.05
0.05
0.05
0.05
0.05
0.05
0.05
0.05
0.05
0.05
0.05
0.05
0.05
0.05
0.05
0.05
0.05
0.05
0.05
0.05
0.05
0.05
0.05
0.05
0.05
0.05
CorWatt	PkgWatt
10.48	160.77
0.19	86.05
0.16
0.16
0.17
0.16
0.15
0.16
0.16
4.02
0.20
0.20
0.20
0.13
0.13
0.13
0.13
0.15
0.15
0.15
0.15
0.17
0.16
0.15
0.15
0.15
0.14
0.14
0.14
0.14
0.14
0.14
0.14
0.06	74.81
0.06
0.05
0.05
0.05
0.05
0.05
0.05
0.05
0.05
0.05
0.05
0.05
0.05
0.05
0.05
0.05
0.05
0.05
0.05
0.05
0.05
0.05
0.05
0.05
0.05
0.05
0.05
0.05
0.05
0.05
0.05
CorWatt	PkgWatt
9.21	158.82
0.21	83.69
0.15
0.15
0.15
0.14
0.14
0.14
0.14
2.89
0.18
0.17
0.17
0.12
0.12
0.12
0.19
0.13
0.14
0.13
0.14
0.15
0.14
0.14
0.14
0.13
0.13
0.13
0.13
0.18
0.13
0.13
0.13
0.06	75.10
0.06
0.06
0.06
0.06
0.06
0.06
0.06
0.06
0.06
0.06
0.06
0.06
0.05
0.06
0.05
0.06
0.06
0.06
0.06
0.06
0.06
0.06
0.06
0.06
0.06
0.06
0.06
0.06
0.06
0.06
0.06
CorWatt	PkgWatt
12.00	164.77
0.77	86.77
0.36
0.36
0.66
0.21
0.22
0.22
0.22
0.22
0.22
0.22
0.21
0.19
0.19
0.18
0.19
0.23
0.24
0.23
0.24
0.25
0.25
0.24
0.24
0.23
0.24
0.23
0.24
0.90
0.21
0.21
0.21
0.11	78.04
0.10
0.10
0.09
0.09
0.09
0.10
0.10
0.10
0.09
0.10
0.10
0.09
0.08
0.08
0.09
0.10
0.10
0.10
0.09
0.09
0.08
0.08
0.09
0.10
0.10
0.10
0.09
0.10
0.10
0.10
0.09
CorWatt	PkgWatt
8.63	159.98
0.61	83.38
0.38
0.38
1.10
0.17
0.16
0.17
0.16
0.15
0.15
0.15
0.15
0.15
0.15
0.15
0.15
0.16
0.16
0.16
0.16
0.18
0.17
0.17
0.17
0.16
0.16
0.16
0.16
0.18
0.16
0.16
0.16
0.06	76.60
0.05
0.05
0.05
0.05
0.05
0.05
0.05
0.05
0.05
0.05
0.05
0.05
0.05
0.05
0.05
0.05
0.05
0.05
0.05
0.05
0.06
0.05
0.05
0.05
0.05
0.05
0.05
0.05
0.05
0.05
0.05
CorWatt	PkgWatt
8.59	158.39
0.84	83.47
0.39
0.89
0.39
0.17
0.16
0.16
0.16
0.15
0.15
0.15
0.15
0.14
0.14
0.14
0.15
0.16
0.16
0.16
0.16
0.18
0.17
0.17
0.17
0.16
0.16
0.16
0.16
0.18
0.16
0.16
0.16
0.06	74.84
0.06
0.05
0.05
0.05
0.05
0.05
0.05
0.05
0.05
0.05
0.05
0.05
0.05
0.05
0.05
0.05
0.06
0.05
0.05
0.05
0.05
0.05
0.06
0.05
0.05
0.05
0.05
0.05
0.05
0.05
0.05
CorWatt	PkgWatt
8.83	158.65
0.39	83.50
0.38
1.34
0.39
0.17
0.16
0.17
0.16
0.15
0.15
0.14
0.15
0.14
0.14
0.14
0.15
0.16
0.16
0.16
0.16
0.18
0.17
0.17
0.17
0.16
0.16
0.16
0.16
0.19
0.16
0.16
0.16
0.06	75.14
0.06
0.06
0.06
0.06
0.06
0.06
0.06
0.06
0.06
0.06
0.06
0.06
0.06
0.06
0.06
0.06
0.06
0.06
0.06
0.06
0.06
0.06
0.06
0.06
0.06
0.06
0.06
0.06
0.06
0.06
0.06
CorWatt	PkgWatt
8.54	158.09
0.39	83.40
0.39
1.18
0.53
0.17
0.16
0.16
0.16
0.15
0.15
0.14
0.15
0.14
0.14
0.14
0.14
0.16
0.16
0.16
0.16
0.18
0.17
0.17
0.17
0.16
0.16
0.16
0.16
0.18
0.16
0.16
0.16
0.05	74.77
0.05
0.05
0.05
0.05
0.05
0.05
0.05
0.05
0.05
0.05
0.05
0.05
0.05
0.05
0.05
0.05
0.05
0.05
0.05
0.05
0.05
0.05
0.05
0.05
0.05
0.05
0.05
0.05
0.05
0.05
0.05
CorWatt	PkgWatt
8.56	158.31
0.39	83.48
0.38
1.34
0.38
0.17
0.16
0.17
0.16
0.15
0.15
0.14
0.15
0.14
0.14
0.14
0.14
0.16
0.16
0.16
0.16
0.18
0.17
0.17
0.17
0.16
0.16
0.16
0.16
0.18
0.16
0.16
0.16
0.05	74.79
0.05
0.05
0.05
0.05
0.05
0.05
0.05
0.05
0.05
0.05
0.05
0.05
0.05
0.05
0.05
0.05
0.05
0.05
0.05
0.05
0.05
0.05
0.05
0.05
0.05
0.05
0.05
0.05
0.05
0.05
0.05
CorWatt	PkgWatt
8.52	158.16
0.39	83.46
0.58
1.14
0.38
0.17
0.16
0.17
0.16
0.15
0.15
0.14
0.15
0.14
0.14
0.14
0.14
0.16
0.16
0.16
0.16
0.18
0.17
0.17
0.17
0.16
0.16
0.16
0.16
0.18
0.16
0.16
0.16
0.05	74.67
0.05
0.05
0.05
0.05
0.05
0.05
0.05
0.05
0.05
0.05
0.05
0.05
0.05
0.05
0.05
0.05
0.05
0.05
0.05
0.05
0.05
0.05
0.05
0.05
0.05
0.05
0.05
0.05
0.05
0.05
0.05
CorWatt	PkgWatt
8.75	158.41
0.39	83.49
1.35
0.38
0.39
0.17
0.16
0.17
0.16
0.15
0.15
0.15
0.15
0.14
0.14
0.14
0.15
0.16
0.16
0.16
0.16
0.18
0.17
0.17
0.17
0.16
0.16
0.16
0.16
0.18
0.16
0.16
0.16
0.06	75.01
0.06
0.06
0.06
0.06
0.06
0.06
0.06
0.06
0.06
0.05
0.05
0.06
0.05
0.05
0.05
0.06
0.06
0.06
0.06
0.06
0.06
0.06
0.06
0.05
0.05
0.05
0.05
0.05
0.05
0.05
0.06
CorWatt	PkgWatt
8.83	158.60
0.39	83.50
1.34
0.38
0.39
0.17
0.16
0.17
0.16
0.15
0.15
0.15
0.15
0.15
0.15
0.15
0.15
0.16
0.16
0.16
0.16
0.19
0.17
0.17
0.17
0.16
0.16
0.16
0.16
0.19
0.16
0.16
0.16
0.06	75.11
0.06
0.06
0.06
0.06
0.06
0.06
0.09
0.06
0.05
0.05
0.07
0.06
0.05
0.05
0.05
0.06
0.06
0.05
0.06
0.06
0.06
0.06
0.06
0.05
0.05
0.05
0.05
0.05
0.05
0.05
0.05
CorWatt	PkgWatt
8.79	158.53
0.39	83.56
1.34
0.39
0.39
0.17
0.16
0.17
0.16
0.15
0.15
0.14
0.15
0.15
0.14
0.15
0.22
0.16
0.16
0.16
0.16
0.18
0.17
0.17
0.17
0.16
0.16
0.16
0.16
0.18
0.16
0.16
0.16
0.06	74.93
0.06
0.06
0.05
0.06
0.06
0.06
0.06
0.07
0.06
0.05
0.06
0.05
0.05
0.05
0.05
0.06
0.06
0.06
0.05
0.06
0.06
0.06
0.06
0.05
0.05
0.05
0.05
0.05
0.05
0.05
0.06
CorWatt	PkgWatt
8.62	158.25
0.39	83.50
1.35
0.38
0.39
0.17
0.16
0.17
0.16
0.15
0.15
0.15
0.15
0.15
0.15
0.15
0.15
0.16
0.16
0.16
0.16
0.18
0.17
0.17
0.17
0.16
0.16
0.16
0.16
0.19
0.16
0.16
0.16
0.05	74.76
0.05
0.05
0.05
0.05
0.05
0.05
0.05
0.05
0.05
0.05
0.05
0.05
0.05
0.05
0.05
0.05
0.05
0.05
0.05
0.05
0.05
0.05
0.05
0.05
0.05
0.05
0.05
0.05
0.05
0.05
0.05
CorWatt	PkgWatt
8.81	158.64
0.39	83.37
1.04
0.65
0.38
0.17
0.16
0.17
0.16
0.15
0.15
0.15
0.15
0.15
0.15
0.14
0.15
0.16
0.16
0.16
0.16
0.18
0.17
0.17
0.17
0.16
0.16
0.16
0.16
0.19
0.16
0.16
0.16
0.07	75.23
0.06
0.06
0.06
0.06
0.06
0.06
0.06
0.06
0.06
0.06
0.06
0.06
0.06
0.06
0.06
0.06
0.06
0.06
0.06
0.06
0.06
0.06
0.06
0.06
0.06
0.06
0.06
0.06
0.06
0.06
0.06
CorWatt	PkgWatt
8.47	158.18
0.39	83.36
0.38
0.43
1.26
0.16
0.16
0.16
0.16
0.14
0.14
0.14
0.14
0.14
0.14
0.14
0.14
0.16
0.16
0.16
0.16
0.18
0.17
0.17
0.16
0.16
0.16
0.16
0.16
0.18
0.16
0.16
0.16
0.06	74.80
0.05
0.05
0.05
0.05
0.05
0.05
0.05
0.05
0.05
0.05
0.05
0.05
0.05
0.05
0.05
0.05
0.05
0.05
0.05
0.05
0.05
0.05
0.05
0.05
0.05
0.05
0.05
0.05
0.05
0.05
0.05
CorWatt	PkgWatt
8.62	158.14
0.39	83.44
0.87
0.38
0.85
0.17
0.16
0.17
0.16
0.15
0.15
0.15
0.15
0.14
0.14
0.14
0.14
0.16
0.16
0.16
0.16
0.19
0.17
0.17
0.17
0.16
0.16
0.16
0.16
0.19
0.16
0.16
0.16
0.06	74.80
0.05
0.05
0.05
0.05
0.05
0.05
0.05
0.05
0.05
0.05
0.05
0.05
0.05
0.05
0.05
0.05
0.05
0.05
0.05
0.05
0.05
0.06
0.05
0.05
0.05
0.05
0.05
0.05
0.05
0.05
0.05
CorWatt	PkgWatt
8.67	158.40
0.40	83.55
0.76
1.04
0.40
0.17
0.16
0.17
0.16
0.15
0.15
0.14
0.15
0.14
0.14
0.14
0.14
0.16
0.16
0.16
0.16
0.18
0.17
0.17
0.17
0.16
0.16
0.16
0.16
0.18
0.16
0.16
0.16
0.05	74.74
0.05
0.05
0.05
0.05
0.05
0.05
0.05
0.05
0.05
0.05
0.05
0.05
0.05
0.05
0.05
0.05
0.05
0.05
0.05
0.05
0.05
0.05
0.05
0.05
0.05
0.05
0.05
0.05
0.05
0.05
0.05
CorWatt	PkgWatt
9.02	158.75
0.43	83.79
0.79
1.10
0.42
0.17
0.16
0.17
0.17
0.15
0.15
0.15
0.15
0.15
0.14
0.14
0.15
0.16
0.16
0.16
0.16
0.19
0.17
0.17
0.17
0.16
0.16
0.16
0.16
0.18
0.16
0.16
0.16
0.06	75.06
0.06
0.06
0.06
0.06
0.06
0.06
0.06
0.06
0.06
0.06
0.06
0.06
0.06
0.06
0.06
0.06
0.06
0.06
0.06
0.06
0.06
0.06
0.06
0.06
0.06
0.06
0.06
0.06
0.06
0.06
0.06
CorWatt	PkgWatt
8.82	158.50
0.42	83.67
0.79
0.91
0.61
0.17
0.16
0.17
0.17
0.15
0.15
0.14
0.15
0.14
0.15
0.14
0.14
0.16
0.16
0.16
0.16
0.19
0.17
0.17
0.17
0.16
0.16
0.16
0.16
0.18
0.16
0.16
0.16
0.05	74.78
0.05
0.05
0.05
0.05
0.05
0.05
0.05
0.05
0.05
0.05
0.05
0.05
0.05
0.05
0.05
0.05
0.05
0.05
0.05
0.05
0.05
0.05
0.05
0.05
0.05
0.05
0.05
0.05
0.05
0.05
0.05
CorWatt	PkgWatt
11.28	163.38
0.28	85.12
0.57
0.28
0.30
0.16
0.17
0.17
0.17
0.18
0.18
0.18
0.19
0.20
0.21
0.20
0.20
0.21
0.22
0.22
0.22
0.24
0.22
0.22
0.22
0.22
0.22
0.99
0.22
0.25
0.42
0.19
0.18
0.11	78.28
0.10
0.10
0.10
0.11
0.11
0.10
0.10
0.09
0.10
0.10
0.09
0.10
0.09
0.10
0.09
0.11
0.10
0.10
0.10
0.10
0.09
0.10
0.10
0.10
0.10
0.10
0.10
0.09
0.10
0.10
0.10
CorWatt	PkgWatt
10.97	173.92
0.17	99.03
0.16
0.16
0.16
0.16
0.16
0.16
0.16
0.14
0.14
0.14
0.14
0.14
0.14
0.14
0.14
0.16
0.16
0.16
0.15
0.17
0.16
0.16
0.16
0.16
0.16
0.18
0.16
0.20
0.58
3.98
0.21
0.05	74.82
0.05
0.05
0.05
0.05
0.05
0.05
0.05
0.05
0.05
0.05
0.05
0.05
0.05
0.05
0.05
0.06
0.05
0.05
0.05
0.05
0.05
0.05
0.05
0.05
0.05
0.05
0.05
0.05
0.05
0.05
0.05
CorWatt	PkgWatt
13.51	187.61
0.17	112.56
0.16
0.16
0.16
0.16
0.16
0.16
0.16
0.14
0.14
0.14
0.14
0.14
0.14
0.14
0.21
0.15
0.15
0.15
0.15
0.17
0.16
0.16
0.16
0.16
0.16
0.17
0.16
0.19
0.20
6.72
0.20
0.06	75.08
0.06
0.06
0.06
0.06
0.06
0.06
0.06
0.06
0.06
0.06
0.06
0.06
0.05
0.05
0.05
0.06
0.06
0.06
0.06
0.06
0.06
0.06
0.06
0.06
0.06
0.06
0.06
0.06
0.06
0.05
0.06
CorWatt	PkgWatt
13.24	187.02
0.17	112.33
0.16
0.16
0.16
0.16
0.15
0.16
0.16
0.15
0.14
0.14
0.14
0.14
0.14
0.13
0.13
0.15
0.15
0.15
0.15
0.17
0.16
0.16
0.16
0.16
0.16
0.17
0.16
0.19
0.20
6.72
0.20
0.05	74.74
0.05
0.05
0.05
0.05
0.05
0.05
0.05
0.05
0.05
0.05
0.05
0.05
0.05
0.05
0.05
0.05
0.05
0.05
0.05
0.05
0.05
0.05
0.05
0.05
0.05
0.05
0.05
0.05
0.05
0.05
0.05
CorWatt	PkgWatt
13.20	187.12
0.17	112.30
0.16
0.16
0.16
0.16
0.16
0.16
0.15
0.14
0.14
0.14
0.14
0.13
0.14
0.13
0.13
0.15
0.15
0.15
0.15
0.17
0.16
0.16
0.15
0.16
0.16
0.17
0.16
0.19
0.20
6.71
0.20
0.05	74.72
0.05
0.05
0.05
0.05
0.05
0.05
0.05
0.05
0.05
0.05
0.05
0.05
0.05
0.05
0.05
0.05
0.05
0.05
0.05
0.05
0.05
0.05
0.05
0.05
0.05
0.05
0.05
0.05
0.05
0.05
0.05
CorWatt	PkgWatt
13.23	186.99
0.17	112.28
0.16
0.17
0.16
0.16
0.16
0.16
0.16
0.14
0.14
0.14
0.14
0.14
0.14
0.13
0.14
0.16
0.15
0.15
0.15
0.17
0.16
0.16
0.16
0.16
0.16
0.18
0.16
0.19
0.20
6.72
0.20
0.05	74.73
0.05
0.05
0.05
0.05
0.05
0.05
0.05
0.05
0.05
0.05
0.05
0.05
0.05
0.05
0.05
0.05
0.05
0.05
0.05
0.05
0.05
0.05
0.05
0.05
0.05
0.05
0.05
0.05
0.05
0.05
0.05
CorWatt	PkgWatt
13.45	187.37
0.17	112.33
0.16
0.16
0.16
0.16
0.16
0.16
0.16
0.15
0.14
0.14
0.14
0.14
0.14
0.14
0.14
0.16
0.16
0.15
0.15
0.17
0.16
0.16
0.15
0.16
0.16
0.18
0.16
0.19
0.20
6.70
0.20
0.06	75.07
0.06
0.06
0.06
0.06
0.06
0.06
0.06
0.06
0.06
0.06
0.06
0.06
0.06
0.05
0.06
0.06
0.06
0.06
0.06
0.06
0.06
0.06
0.06
0.06
0.06
0.06
0.06
0.06
0.06
0.06
0.06
CorWatt	PkgWatt
13.26	187.17
0.17	112.38
0.16
0.16
0.16
0.16
0.16
0.16
0.16
0.14
0.14
0.14
0.14
0.14
0.14
0.13
0.14
0.16
0.15
0.15
0.15
0.17
0.16
0.16
0.15
0.16
0.16
0.17
0.16
0.19
0.20
6.74
0.20
0.05	74.74
0.05
0.05
0.05
0.05
0.05
0.05
0.05
0.05
0.05
0.05
0.05
0.05
0.05
0.05
0.05
0.05
0.05
0.05
0.05
0.05
0.05
0.05
0.05
0.05
0.05
0.05
0.05
0.05
0.05
0.05
0.05
CorWatt	PkgWatt
13.35	187.14
0.17	112.38
0.16
0.16
0.17
0.16
0.16
0.16
0.16
0.14
0.14
0.14
0.14
0.14
0.14
0.14
0.14
0.16
0.16
0.15
0.15
0.18
0.16
0.16
0.16
0.16
0.16
0.18
0.16
0.19
0.20
6.71
0.20
0.06	74.86
0.05
0.05
0.05
0.05
0.05
0.05
0.05
0.05
0.05
0.05
0.05
0.05
0.05
0.05
0.05
0.05
0.05
0.05
0.05
0.05
0.05
0.05
0.05
0.05
0.05
0.05
0.05
0.06
0.05
0.05
0.06
CorWatt	PkgWatt
13.32	187.25
0.17	112.39
0.16
0.16
0.16
0.16
0.16
0.16
0.16
0.14
0.14
0.14
0.14
0.14
0.14
0.13
0.14
0.16
0.16
0.15
0.15
0.17
0.16
0.16
0.15
0.16
0.16
0.18
0.16
0.19
0.20
6.72
0.20
0.06	74.74
0.05
0.05
0.05
0.05
0.05
0.05
0.05
0.05
0.05
0.05
0.05
0.05
0.05
0.05
0.05
0.05
0.05
0.05
0.05
0.05
0.05
0.05
0.05
0.05
0.05
0.05
0.05
0.05
0.05
0.05
0.05
CorWatt	PkgWatt
13.44	187.48
0.17	112.44
0.16
0.16
0.16
0.16
0.16
0.16
0.16
0.14
0.14
0.14
0.14
0.14
0.14
0.14
0.14
0.16
0.16
0.16
0.16
0.17
0.16
0.16
0.16
0.16
0.16
0.18
0.16
0.19
0.20
6.72
0.20
0.06	75.09
0.06
0.06
0.05
0.06
0.06
0.06
0.06
0.06
0.05
0.05
0.05
0.05
0.05
0.05
0.05
0.06
0.06
0.06
0.06
0.06
0.06
0.06
0.06
0.05
0.05
0.05
0.05
0.05
0.05
0.05
0.06
CorWatt	PkgWatt
13.26	186.73
0.17	112.20
0.16
0.16
0.16
0.16
0.16
0.16
0.16
0.14
0.14
0.14
0.14
0.14
0.14
0.14
0.14
0.16
0.16
0.16
0.16
0.17
0.16
0.16
0.16
0.16
0.16
0.18
0.16
0.19
0.20
6.68
0.20
0.05	74.66
0.05
0.05
0.05
0.05
0.05
0.05
0.05
0.05
0.05
0.05
0.05
0.05
0.05
0.05
0.05
0.05
0.05
0.05
0.05
0.05
0.05
0.05
0.05
0.05
0.05
0.05
0.05
0.05
0.05
0.05
0.05
CorWatt	PkgWatt
13.45	187.53
0.17	112.48
0.16
0.16
0.16
0.16
0.16
0.16
0.16
0.14
0.15
0.14
0.14
0.14
0.14
0.14
0.21
0.16
0.16
0.16
0.16
0.17
0.16
0.16
0.16
0.16
0.16
0.18
0.16
0.19
0.20
6.71
0.20
0.06	74.94
0.05
0.05
0.05
0.05
0.05
0.05
0.05
0.06
0.05
0.05
0.05
0.05
0.05
0.05
0.05
0.05
0.05
0.06
0.05
0.05
0.05
0.05
0.05
0.05
0.05
0.05
0.05
0.05
0.05
0.05
0.05
CorWatt	PkgWatt
13.34	187.31
0.17	112.53
0.16
0.16
0.16
0.16
0.16
0.16
0.16
0.15
0.15
0.14
0.14
0.14
0.14
0.14
0.14
0.16
0.16
0.16
0.16
0.17
0.16
0.16
0.16
0.16
0.16
0.18
0.16
0.19
0.20
6.72
0.20
0.05	74.72
0.05
0.05
0.05
0.05
0.05
0.05
0.05
0.05
0.05
0.05
0.05
0.05
0.05
0.05
0.05
0.05
0.05
0.05
0.05
0.05
0.05
0.05
0.05
0.05
0.05
0.05
0.05
0.05
0.05
0.05
0.05
CorWatt	PkgWatt
13.52	187.45
0.17	112.53
0.16
0.16
0.17
0.16
0.16
0.16
0.16
0.15
0.15
0.14
0.14
0.14
0.14
0.14
0.14
0.16
0.16
0.16
0.16
0.18
0.16
0.16
0.16
0.16
0.16
0.18
0.16
0.19
0.20
6.73
0.20
0.06	75.02
0.06
0.06
0.06
0.06
0.06
0.06
0.06
0.06
0.05
0.05
0.05
0.06
0.05
0.05
0.05
0.06
0.06
0.06
0.06
0.06
0.06
0.06
0.06
0.06
0.06
0.06
0.06
0.05
0.05
0.05
0.06
CorWatt	PkgWatt
13.31	187.24
0.17	112.48
0.16
0.16
0.16
0.16
0.16
0.16
0.16
0.14
0.14
0.14
0.14
0.14
0.14
0.14
0.14
0.16
0.16
0.16
0.16
0.17
0.16
0.16
0.16
0.16
0.16
0.18
0.16
0.19
0.20
6.72
0.20
0.05	74.74
0.05
0.05
0.05
0.05
0.05
0.05
0.05
0.05
0.05
0.05
0.05
0.05
0.05
0.05
0.05
0.05
0.05
0.05
0.05
0.05
0.05
0.05
0.05
0.05
0.05
0.05
0.05
0.05
0.05
0.05
0.05
CorWatt	PkgWatt
13.27	187.10
0.17	112.27
0.16
0.16
0.16
0.16
0.16
0.16
0.16
0.14
0.14
0.14
0.14
0.14
0.14
0.14
0.14
0.16
0.16
0.16
0.16
0.17
0.16
0.16
0.16
0.16
0.16
0.18
0.16
0.19
0.20
6.70
0.20
0.05	74.76
0.05
0.05
0.05
0.05
0.05
0.05
0.05
0.05
0.05
0.05
0.05
0.05
0.05
0.05
0.05
0.05
0.05
0.05
0.05
0.05
0.05
0.05
0.05
0.05
0.05
0.05
0.05
0.05
0.05
0.05
0.05
CorWatt	PkgWatt
12.10	183.73
0.16	109.02
0.15
0.15
0.15
0.15
0.15
0.15
0.15
0.14
0.14
0.14
0.14
0.13
0.14
0.13
0.13
0.15
0.15
0.15
0.15
0.17
0.15
0.15
0.15
0.15
0.15
0.17
0.15
0.18
0.18
5.74
0.18
0.05	74.79
0.05
0.05
0.05
0.05
0.05
0.05
0.05
0.05
0.05
0.05
0.05
0.05
0.05
0.05
0.05
0.05
0.05
0.05
0.05
0.05
0.05
0.05
0.05
0.05
0.05
0.05
0.05
0.05
0.05
0.05
0.05
CorWatt	PkgWatt
12.13	166.88
0.23	88.43
0.23
0.21
0.23
0.21
0.21
0.20
0.22
0.23
0.22
0.21
0.21
0.20
0.20
0.22
0.20
0.23
0.22
0.22
0.22
1.01
0.23
0.23
0.23
0.22
0.21
0.26
0.21
0.23
1.21
0.24
0.24
0.10	78.51
0.11
0.11
0.10
0.11
0.10
0.10
0.11
0.10
0.10
0.10
0.10
0.10
0.10
0.10
0.10
0.11
0.11
0.11
0.11
0.10
0.10
0.10
0.11
0.11
0.11
0.11
0.11
0.10
0.10
0.10
0.10
CorWatt	PkgWatt
8.53	158.42
0.17	83.56
0.16
0.16
0.17
0.16
0.16
0.16
0.16
0.14
0.14
0.14
0.14
0.14
0.14
0.14
0.14
0.16
0.16
0.16
0.16
0.20
0.17
0.17
0.16
0.15
0.16
0.15
0.15
0.21
1.90
0.21
0.21
0.05	74.74
0.05
0.05
0.05
0.05
0.05
0.05
0.05
0.05
0.05
0.05
0.05
0.05
0.05
0.05
0.05
0.05
0.05
0.05
0.05
0.05
0.05
0.05
0.05
0.05
0.05
0.05
0.05
0.05
0.05
0.05
0.05
CorWatt	PkgWatt
8.57	158.22
0.17	83.59
0.16
0.16
0.17
0.16
0.16
0.16
0.16
0.14
0.15
0.14
0.14
0.14
0.14
0.14
0.14
0.16
0.16
0.16
0.16
0.20
0.17
0.17
0.17
0.15
0.15
0.15
0.15
0.21
1.87
0.22
0.21
0.05	74.75
0.05
0.05
0.05
0.05
0.05
0.05
0.05
0.05
0.05
0.05
0.05
0.05
0.05
0.05
0.05
0.05
0.05
0.05
0.05
0.05
0.05
0.05
0.05
0.05
0.05
0.05
0.05
0.05
0.05
0.05
0.05
CorWatt	PkgWatt
8.65	158.61
0.17	83.71
0.16
0.16
0.17
0.16
0.16
0.16
0.16
0.14
0.15
0.14
0.15
0.14
0.14
0.14
0.14
0.16
0.16
0.16
0.16
0.20
0.17
0.17
0.17
0.15
0.15
0.15
0.15
0.21
1.27
0.22
0.89
0.05	74.78
0.05
0.05
0.05
0.05
0.05
0.05
0.05
0.05
0.05
0.05
0.05
0.05
0.05
0.05
0.05
0.05
0.05
0.05
0.05
0.05
0.05
0.05
0.05
0.05
0.05
0.05
0.05
0.05
0.05
0.05
0.05
CorWatt	PkgWatt
8.70	158.67
0.17	83.65
0.16
0.16
0.17
0.16
0.16
0.16
0.16
0.14
0.15
0.14
0.14
0.14
0.14
0.14
0.22
0.16
0.16
0.16
0.16
0.20
0.17
0.17
0.17
0.15
0.15
0.15
0.15
0.21
0.21
0.22
1.87
0.06	75.03
0.06
0.06
0.05
0.06
0.06
0.05
0.06
0.05
0.05
0.05
0.05
0.06
0.05
0.05
0.05
0.06
0.06
0.05
0.06
0.06
0.06
0.06
0.06
0.05
0.05
0.05
0.05
0.05
0.05
0.05
0.06
CorWatt	PkgWatt
8.50	158.18
0.17	83.61
0.16
0.16
0.17
0.16
0.16
0.16
0.16
0.14
0.14
0.14
0.14
0.14
0.14
0.14
0.14
0.16
0.16
0.16
0.16
0.20
0.17
0.17
0.17
0.15
0.15
0.15
0.15
0.21
0.21
0.22
1.88
0.05	74.65
0.05
0.05
0.05
0.05
0.05
0.05
0.05
0.05
0.05
0.05
0.05
0.05
0.05
0.05
0.05
0.05
0.05
0.05
0.05
0.05
0.05
0.05
0.05
0.05
0.05
0.05
0.05
0.05
0.05
0.05
0.05
CorWatt	PkgWatt
8.51	158.38
0.17	83.49
0.16
0.16
0.17
0.16
0.16
0.16
0.16
0.14
0.14
0.14
0.14
0.14
0.14
0.14
0.14
0.16
0.16
0.16
0.16
0.20
0.17
0.17
0.16
0.15
0.15
0.15
0.15
0.21
0.21
0.21
1.90
0.05	74.79
0.05
0.05
0.05
0.05
0.05
0.05
0.05
0.05
0.05
0.05
0.05
0.05
0.05
0.05
0.05
0.05
0.05
0.05
0.05
0.05
0.05
0.05
0.05
0.05
0.05
0.05
0.05
0.05
0.05
0.05
0.05
CorWatt	PkgWatt
8.51	158.36
0.17	83.59
0.16
0.16
0.17
0.16
0.16
0.16
0.16
0.14
0.14
0.14
0.14
0.14
0.14
0.14
0.14
0.16
0.16
0.16
0.16
0.20
0.17
0.17
0.16
0.15
0.15
0.15
0.15
0.21
0.21
0.22
1.88
0.05	74.77
0.05
0.05
0.05
0.05
0.05
0.05
0.05
0.05
0.05
0.05
0.05
0.05
0.05
0.05
0.05
0.05
0.05
0.05
0.05
0.05
0.05
0.05
0.05
0.05
0.05
0.05
0.05
0.05
0.05
0.05
0.05
CorWatt	PkgWatt
8.60	158.45
0.17	83.55
0.16
0.16
0.17
0.16
0.16
0.16
0.16
0.14
0.14
0.14
0.14
0.14
0.14
0.14
0.14
0.16
0.16
0.16
0.16
0.20
0.17
0.17
0.17
0.15
0.15
0.15
0.15
0.21
0.21
0.21
1.86
0.06	74.99
0.06
0.06
0.05
0.05
0.06
0.05
0.06
0.05
0.06
0.05
0.05
0.06
0.05
0.05
0.05
0.05
0.05
0.06
0.05
0.06
0.06
0.06
0.06
0.05
0.05
0.05
0.05
0.05
0.05
0.05
0.06
CorWatt	PkgWatt
8.71	164.44
0.17	87.73
0.16
0.16
0.17
0.16
0.16
0.16
0.16
0.15
0.15
0.14
0.14
0.14
0.14
0.14
0.14
0.16
0.16
0.16
0.16
0.20
0.17
0.17
0.17
0.15
0.15
0.15
0.15
0.20
0.21
0.21
1.89
0.06	76.68
0.06
0.06
0.06
0.06
0.06
0.06
0.06
0.06
0.06
0.05
0.05
0.05
0.05
0.06
0.06
0.06
0.06
0.05
0.06
0.05
0.06
0.06
0.06
0.06
0.06
0.05
0.05
0.05
0.06
0.05
0.05
CorWatt	PkgWatt
8.81	159.85
0.17	84.92
0.16
0.16
0.17
0.16
0.16
0.16
0.16
0.14
0.15
0.14
0.15
0.14
0.14
0.14
0.14
0.16
0.16
0.16
0.16
0.20
0.17
0.17
0.17
0.15
0.15
0.15
0.15
0.21
0.21
1.99
0.21
0.06	75.01
0.06
0.06
0.06
0.06
0.06
0.06
0.06
0.06
0.09
0.05
0.05
0.06
0.05
0.05
0.05
0.06
0.05
0.05
0.06
0.06
0.06
0.06
0.06
0.05
0.05
0.05
0.05
0.05
0.05
0.05
0.06
CorWatt	PkgWatt
8.75	158.85
0.17	83.61
0.16
0.16
0.17
0.16
0.16
0.16
0.16
0.14
0.14
0.14
0.15
0.14
0.14
0.14
0.14
0.16
0.16
0.16
0.16
0.20
0.17
0.17
0.17
0.15
0.15
0.15
0.15
0.21
0.21
1.89
0.21
0.06	75.09
0.06
0.06
0.06
0.06
0.06
0.06
0.06
0.06
0.06
0.06
0.06
0.07
0.06
0.06
0.06
0.06
0.06
0.06
0.06
0.06
0.06
0.06
0.06
0.06
0.06
0.06
0.06
0.06
0.06
0.06
0.06
CorWatt	PkgWatt
9.14	162.74
0.19	85.63
0.17
0.17
0.19
0.17
0.17
0.17
0.17
0.15
0.16
0.15
0.15
0.15
0.15
0.14
0.16
0.17
0.16
0.16
0.18
0.22
0.18
0.17
0.17
0.15
0.15
0.16
0.16
0.21
0.21
1.86
0.21
0.06	77.21
0.06
0.06
0.06
0.06
0.07
0.06
0.07
0.06
0.06
0.06
0.06
0.08
0.10
0.07
0.07
0.06
0.06
0.06
0.06
0.06
0.06
0.06
0.06
0.06
0.06
0.06
0.06
0.06
0.06
0.06
0.06
CorWatt	PkgWatt
8.84	158.63
0.17	83.82
0.17
0.18
0.20
0.20
0.16
0.16
0.17
0.15
0.15
0.14
0.16
0.15
0.15
0.14
0.14
0.16
0.16
0.16
0.16
0.21
0.18
0.17
0.17
0.16
0.17
0.16
0.16
0.21
0.21
1.90
0.21
0.05	74.85
0.05
0.05
0.05
0.05
0.06
0.05
0.05
0.05
0.06
0.05
0.05
0.06
0.05
0.05
0.05
0.05
0.05
0.05
0.05
0.06
0.06
0.06
0.06
0.05
0.05
0.05
0.05
0.05
0.05
0.05
0.05
CorWatt	PkgWatt
8.64	158.58
0.17	83.64
0.16
0.17
0.16
0.16
0.16
0.16
0.16
0.14
0.14
0.14
0.14
0.14
0.14
0.14
0.21
0.16
0.16
0.16
0.16
0.20
0.17
0.16
0.17
0.15
0.15
0.15
0.15
0.20
0.21
1.91
0.21
0.05	74.85
0.05
0.05
0.05
0.05
0.05
0.05
0.05
0.05
0.05
0.05
0.05
0.06
0.05
0.05
0.05
0.05
0.05
0.05
0.05
0.05
0.05
0.05
0.05
0.05
0.05
0.05
0.05
0.05
0.05
0.05
0.05
CorWatt	PkgWatt
8.57	158.49
0.17	83.58
0.17
0.17
0.17
0.16
0.16
0.16
0.16
0.14
0.14
0.14
0.14
0.14
0.14
0.14
0.14
0.16
0.16
0.16
0.16
0.20
0.17
0.17
0.17
0.15
0.15
0.15
0.15
0.21
0.21
1.86
0.21
0.06	74.89
0.05
0.05
0.05
0.05
0.05
0.05
0.05
0.05
0.05
0.05
0.05
0.05
0.05
0.05
0.05
0.05
0.05
0.05
0.05
0.05
0.06
0.06
0.05
0.05
0.05
0.05
0.05
0.05
0.05
0.05
0.05
CorWatt	PkgWatt
8.64	158.38
0.17	83.57
0.17
0.17
0.17
0.16
0.16
0.16
0.16
0.14
0.15
0.14
0.14
0.14
0.14
0.14
0.14
0.16
0.16
0.16
0.16
0.20
0.17
0.17
0.17
0.15
0.15
0.15
0.15
0.21
0.21
1.87
0.21
0.06	74.90
0.06
0.05
0.05
0.05
0.06
0.05
0.05
0.05
0.05
0.05
0.05
0.06
0.05
0.05
0.05
0.06
0.06
0.06
0.06
0.06
0.06
0.06
0.06
0.05
0.05
0.05
0.05
0.05
0.05
0.05
0.06
CorWatt	PkgWatt
11.44	164.28
0.57	85.99
0.21
0.23
0.21
0.19
0.19
0.19
0.20
0.19
0.20
0.18
0.19
0.19
0.19
0.18
0.19
0.22
0.22
0.22
0.62
0.29
0.22
0.21
0.22
0.20
0.20
0.20
0.20
0.22
0.22
1.06
0.22
0.10	78.28
0.10
0.10
0.10
0.10
0.10
0.10
0.10
0.10
0.10
0.10
0.10
0.09
0.10
0.10
0.10
0.10
0.10
0.11
0.10
0.09
0.09
0.10
0.10
0.10
0.10
0.10
0.10
0.10
0.10
0.10
0.10
CorWatt	PkgWatt
8.21	157.84
0.20	82.86
0.17
0.17
0.17
0.16
0.16
0.16
0.16
0.31
0.31
0.30
1.17
0.14
0.14
0.14
0.14
0.16
0.15
0.16
0.15
0.17
0.16
0.16
0.16
0.15
0.15
0.15
0.16
0.14
0.14
0.14
0.14
0.06	74.87
0.05
0.05
0.05
0.05
0.06
0.05
0.05
0.05
0.06
0.05
0.05
0.05
0.05
0.05
0.05
0.06
0.06
0.06
0.05
0.06
0.06
0.06
0.06
0.05
0.05
0.05
0.05
0.05
0.05
0.05
0.05
CorWatt	PkgWatt
8.48	158.04
0.21	83.02
0.18
0.18
0.18
0.17
0.16
0.16
0.17
0.33
0.33
0.33
1.09
0.15
0.15
0.15
0.15
0.16
0.16
0.16
0.16
0.18
0.17
0.17
0.16
0.16
0.16
0.16
0.16
0.15
0.15
0.15
0.15
0.06	75.10
0.06
0.06
0.06
0.06
0.06
0.06
0.06
0.06
0.06
0.06
0.06
0.06
0.06
0.06
0.05
0.06
0.06
0.06
0.06
0.06
0.06
0.06
0.06
0.06
0.06
0.06
0.06
0.06
0.06
0.06
0.06
CorWatt	PkgWatt
8.49	158.29
0.21	83.02
0.18
0.18
0.18
0.16
0.16
0.16
0.16
0.33
0.33
0.32
1.09
0.14
0.14
0.14
0.14
0.16
0.16
0.16
0.16
0.18
0.17
0.16
0.16
0.16
0.16
0.15
0.16
0.15
0.15
0.15
0.15
0.06	75.20
0.06
0.06
0.06
0.06
0.06
0.06
0.06
0.06
0.06
0.06
0.06
0.09
0.06
0.06
0.06
0.06
0.06
0.06
0.06
0.06
0.06
0.06
0.06
0.06
0.06
0.06
0.06
0.06
0.06
0.06
0.06
CorWatt	PkgWatt
8.09	157.58
0.21	82.80
0.18
0.17
0.18
0.16
0.16
0.16
0.16
0.59
0.33
0.32
0.79
0.14
0.14
0.14
0.14
0.16
0.16
0.16
0.16
0.18
0.16
0.16
0.16
0.15
0.15
0.15
0.15
0.15
0.15
0.15
0.14
0.05	74.77
0.05
0.05
0.05
0.05
0.05
0.05
0.05
0.05
0.05
0.05
0.05
0.05
0.05
0.05
0.05
0.05
0.05
0.05
0.05
0.05
0.05
0.05
0.05
0.05
0.05
0.05
0.05
0.05
0.05
0.05
0.05
CorWatt	PkgWatt
8.24	157.54
0.21	82.86
0.18
0.18
0.18
0.16
0.16
0.16
0.16
1.01
0.33
0.32
0.33
0.14
0.14
0.14
0.14
0.16
0.16
0.16
0.16
0.18
0.17
0.16
0.17
0.15
0.15
0.15
0.16
0.15
0.15
0.15
0.15
0.06	74.86
0.06
0.05
0.05
0.05
0.06
0.05
0.06
0.05
0.05
0.05
0.05
0.05
0.05
0.05
0.05
0.06
0.08
0.06
0.05
0.05
0.05
0.06
0.05
0.05
0.05
0.05
0.05
0.05
0.05
0.05
0.06
CorWatt	PkgWatt
8.30	157.94
0.21	82.96
0.18
0.18
0.18
0.16
0.16
0.16
0.16
0.71
0.33
0.33
0.65
0.14
0.14
0.14
0.14
0.17
0.16
0.16
0.16
0.18
0.17
0.16
0.16
0.16
0.16
0.16
0.16
0.15
0.15
0.15
0.15
0.06	74.93
0.06
0.05
0.05
0.05
0.06
0.05
0.05
0.05
0.05
0.05
0.05
0.05
0.05
0.05
0.05
0.06
0.06
0.06
0.06
0.06
0.06
0.06
0.06
0.05
0.05
0.05
0.05
0.05
0.05
0.05
0.05
CorWatt	PkgWatt
8.47	158.23
0.21	83.07
0.18
0.18
0.18
0.16
0.16
0.16
0.16
0.52
0.89
0.32
0.34
0.15
0.15
0.15
0.22
0.16
0.16
0.16
0.16
0.18
0.17
0.16
0.16
0.16
0.16
0.16
0.16
0.15
0.15
0.15
0.15
0.06	75.08
0.06
0.06
0.06
0.06
0.06
0.06
0.06
0.06
0.06
0.06
0.06
0.06
0.06
0.05
0.05
0.06
0.06
0.06
0.06
0.06
0.06
0.06
0.06
0.06
0.06
0.06
0.05
0.06
0.05
0.05
0.06
CorWatt	PkgWatt
8.26	157.81
0.21	83.01
0.18
0.18
0.18
0.16
0.16
0.16
0.16
0.35
1.08
0.32
0.33
0.14
0.15
0.14
0.14
0.16
0.16
0.16
0.16
0.18
0.17
0.16
0.16
0.16
0.16
0.16
0.16
0.15
0.15
0.15
0.14
0.05	74.77
0.05
0.05
0.05
0.05
0.05
0.05
0.05
0.05
0.05
0.05
0.05
0.05
0.05
0.05
0.05
0.05
0.06
0.06
0.05
0.06
0.05
0.05
0.05
0.05
0.05
0.05
0.05
0.05
0.05
0.05
0.05
CorWatt	PkgWatt
8.16	157.56
0.21	82.83
0.18
0.18
0.18
0.16
0.16
0.16
0.16
1.01
0.33
0.32
0.33
0.14
0.14
0.14
0.14
0.16
0.16
0.16
0.16
0.18
0.16
0.16
0.16
0.15
0.15
0.15
0.15
0.15
0.15
0.15
0.15
0.06	74.84
0.05
0.05
0.05
0.05
0.06
0.05
0.05
0.05
0.05
0.05
0.05
0.05
0.05
0.05
0.05
0.05
0.05
0.05
0.05
0.05
0.05
0.05
0.05
0.05
0.05
0.05
0.05
0.05
0.05
0.05
0.05
CorWatt	PkgWatt
8.37	158.03
0.21	83.00
0.18
0.18
0.18
0.16
0.16
0.16
0.16
0.76
0.62
0.33
0.33
0.15
0.15
0.15
0.15
0.16
0.16
0.16
0.16
0.18
0.17
0.17
0.16
0.15
0.16
0.16
0.16
0.15
0.15
0.15
0.15
0.06	74.99
0.06
0.06
0.06
0.06
0.06
0.06
0.06
0.05
0.06
0.05
0.05
0.06
0.06
0.05
0.05
0.06
0.06
0.06
0.06
0.06
0.06
0.06
0.06
0.05
0.05
0.05
0.05
0.05
0.05
0.05
0.06
CorWatt	PkgWatt
8.22	157.86
0.21	82.80
0.18
0.18
0.18
0.16
0.16
0.16
0.16
0.71
0.68
0.32
0.33
0.14
0.14
0.14
0.14
0.16
0.16
0.16
0.16
0.18
0.16
0.16
0.16
0.15
0.15
0.15
0.15
0.15
0.15
0.15
0.14
0.06	75.00
0.06
0.05
0.05
0.05
0.06
0.05
0.06
0.05
0.06
0.05
0.05
0.06
0.05
0.05
0.05
0.06
0.05
0.06
0.05
0.06
0.06
0.06
0.06
0.05
0.05
0.05
0.05
0.05
0.05
0.05
0.06
CorWatt	PkgWatt
8.02	157.33
0.20	82.67
0.17
0.18
0.17
0.50
0.22
0.23
0.22
0.69
0.26
0.25
0.26
0.14
0.14
0.14
0.14
0.16
0.15
0.15
0.15
0.17
0.16
0.16
0.16
0.15
0.15
0.15
0.15
0.14
0.14
0.14
0.14
0.05	74.77
0.05
0.05
0.05
0.05
0.05
0.05
0.05
0.05
0.05
0.05
0.05
0.05
0.05
0.05
0.05
0.05
0.05
0.05
0.05
0.05
0.05
0.05
0.05
0.05
0.05
0.05
0.05
0.05
0.05
0.05
0.05
CorWatt	PkgWatt
8.12	157.52
0.20	82.63
0.17
0.18
0.17
0.50
0.96
0.35
0.35
0.15
0.15
0.14
0.15
0.14
0.14
0.14
0.14
0.15
0.15
0.15
0.15
0.17
0.16
0.16
0.16
0.15
0.15
0.15
0.15
0.14
0.14
0.14
0.14
0.05	74.77
0.05
0.05
0.05
0.05
0.05
0.05
0.05
0.05
0.06
0.05
0.05
0.05
0.05
0.05
0.05
0.05
0.06
0.05
0.05
0.05
0.05
0.06
0.05
0.05
0.05
0.05
0.05
0.05
0.05
0.05
0.05
CorWatt	PkgWatt
8.21	157.57
0.20	82.67
0.17
0.17
0.17
0.35
1.12
0.35
0.35
0.15
0.15
0.14
0.15
0.14
0.14
0.14
0.14
0.16
0.16
0.16
0.15
0.17
0.16
0.16
0.16
0.15
0.15
0.15
0.15
0.14
0.14
0.15
0.14
0.06	74.90
0.05
0.05
0.05
0.05
0.05
0.05
0.05
0.05
0.05
0.05
0.05
0.06
0.05
0.05
0.05
0.05
0.05
0.05
0.05
0.06
0.06
0.06
0.06
0.05
0.05
0.05
0.05
0.05
0.05
0.05
0.05
CorWatt	PkgWatt
8.16	157.41
0.20	82.59
0.17
0.17
0.17
0.35
0.35
1.12
0.35
0.14
0.14
0.14
0.14
0.13
0.13
0.13
0.13
0.15
0.15
0.15
0.15
0.17
0.16
0.16
0.16
0.15
0.15
0.15
0.15
0.14
0.14
0.14
0.14
0.06	74.92
0.06
0.05
0.05
0.06
0.06
0.06
0.06
0.05
0.06
0.05
0.05
0.06
0.05
0.05
0.05
0.06
0.06
0.06
0.06
0.06
0.06
0.06
0.06
0.05
0.05
0.05
0.05
0.05
0.05
0.05
0.06
CorWatt	PkgWatt
8.01	157.42
0.20	82.62
0.17
0.17
0.17
0.35
0.35
1.12
0.35
0.14
0.14
0.14
0.14
0.13
0.13
0.13
0.13
0.15
0.15
0.15
0.15
0.17
0.16
0.16
0.15
0.15
0.15
0.15
0.15
0.14
0.14
0.14
0.14
0.05	74.70
0.05
0.05
0.05
0.05
0.05
0.05
0.05
0.05
0.05
0.05
0.05
0.05
0.05
0.05
0.05
0.05
0.05
0.05
0.05
0.05
0.05
0.05
0.05
0.05
0.05
0.05
0.05
0.05
0.05
0.05
0.05
CorWatt	PkgWatt
8.13	157.43
0.21	82.55
0.17
0.17
0.17
0.34
0.34
1.10
0.35
0.14
0.14
0.14
0.15
0.14
0.14
0.14
0.21
0.15
0.15
0.15
0.15
0.17
0.16
0.16
0.15
0.14
0.15
0.14
0.15
0.14
0.14
0.14
0.14
0.06	74.90
0.05
0.05
0.05
0.05
0.06
0.05
0.06
0.05
0.05
0.05
0.05
0.05
0.05
0.05
0.05
0.06
0.05
0.05
0.05
0.05
0.05
0.06
0.05
0.05
0.05
0.05
0.05
0.05
0.05
0.05
0.06
