CorWatt	PkgWatt
4.51	153.10
0.09	76.99
0.08
0.08
0.08
0.08
0.08
0.08
0.08
0.07
0.07
0.07
0.07
0.07
0.07
0.07
0.07
0.08
0.08
0.08
0.08
0.10
0.09
0.17
0.09
0.08
0.08
0.08
0.08
0.07
0.07
0.07
0.07
0.07	76.16
0.07
0.07
0.07
0.07
0.07
0.07
0.07
0.06
0.06
0.06
0.06
0.06
0.06
0.05
0.06
0.07
0.07
0.06
0.06
0.07
0.07
0.07
0.07
0.06
0.06
0.06
0.06
0.06
0.06
0.06
0.06
CorWatt	PkgWatt
4.78	152.76
0.08	76.37
0.08
0.08
0.08
0.08
0.08
0.08
0.08
0.07
0.07
0.06
0.07
0.07
0.15
0.07
0.07
0.08
0.08
0.08
0.08
0.09
0.08
0.08
0.08
0.08
0.08
0.08
0.08
0.07
0.07
0.07
0.07
0.07	76.33
0.07
0.07
0.07
0.09
0.07
0.07
0.06
0.06
0.06
0.06
0.06
0.06
0.06
0.06
0.06
0.07
0.06
0.06
0.07
0.07
0.07
0.08
0.12
0.09
0.09
0.07
0.06
0.09
0.09
0.10
0.07
CorWatt	PkgWatt
102.29	293.24
0.52	141.58
1.59
1.66
1.62
1.59
1.61
1.51
1.51
1.56
1.52
1.51
1.54
1.56
1.55
1.44
1.45
1.57
1.57
1.57
1.57
1.57
1.58
1.49
1.48
1.57
1.55
1.56
1.55
1.53
1.54
1.44
1.44
1.66	151.70
1.66
1.62
1.60
1.67
1.65
1.55
1.64
1.64
1.64
1.61
1.64
1.71
1.65
1.54
1.55
1.65
1.64
3.49
1.65
1.67
1.66
1.56
1.63
1.69
1.64
1.64
1.64
1.69
1.64
1.54
1.51
CorWatt	PkgWatt
124.48	333.67
0.29	163.23
1.93
2.04
2.01
1.98
1.99
1.86
1.87
1.96
1.92
1.91
1.94
1.96
1.94
1.78
1.79
1.97
1.95
1.96
1.94
1.97
1.98
1.85
1.85
1.96
1.94
1.94
1.92
1.89
1.92
1.78
1.77
2.03	170.64
2.03
1.98
1.96
2.03
2.00
1.86
1.89
2.07
2.07
2.01
2.09
2.07
2.04
1.90
1.88
2.00
1.96
3.06
2.00
2.03
2.02
1.89
1.89
2.07
2.01
2.06
2.03
2.04
2.07
1.89
1.82
