CorWatt	PkgWatt
15.31	127.05
0.52	127.68
0.49
0.50
0.47
0.49
0.51
0.50
0.50
0.49
0.47
0.45
0.53
0.51
0.54
0.53
0.53
0.49
0.51
0.48
0.49
0.43
0.42
0.39
0.46
0.42
0.38
0.39
0.36
0.54
0.51
0.51
0.52
CorWatt	PkgWatt
15.19	128.17
0.53	127.62
0.50
0.48
0.45
0.49
0.50
0.51
0.49
0.49
0.47
0.45
0.40
0.51
0.55
0.57
0.53
0.46
0.53
0.48
0.48
0.42
0.42
0.41
0.41
0.38
0.38
0.40
0.36
0.53
0.51
0.52
0.53
CorWatt	PkgWatt
18.44	130.42
0.62	130.36
0.56
0.62
0.56
0.63
0.60
0.70
0.65
0.61
0.56
0.58
0.52
0.66
0.70
0.68
0.73
0.55
0.58
0.53
0.56
0.48
0.48
0.49
0.47
0.48
0.45
0.47
0.47
0.61
0.63
0.60
0.63
CorWatt	PkgWatt
15.51	127.69
0.49	127.60
0.46
0.48
0.45
0.52
0.52
0.55
0.59
0.48
0.46
0.41
0.50
0.52
0.55
0.63
0.55
0.46
0.48
0.47
0.48
0.44
0.41
0.42
0.45
0.38
0.43
0.38
0.40
0.53
0.55
0.52
0.55
