CorWatt	PkgWatt
294.07	527.83
3.63	222.77
3.78
3.89
3.74
4.49
4.16
3.66
4.10
3.74
3.80
3.69
4.13
3.68
3.86
3.90
3.84
3.97
3.90
3.87
3.76
3.93
4.04
3.98
4.51
3.78
3.90
4.48
3.97
3.87
4.75
3.85
3.84
3.69	237.15
4.78
4.42
4.90
5.13
5.19
4.26
5.71
4.44
3.74
4.50
5.25
4.48
3.57
4.03
3.99
4.47
4.18
5.01
4.74
3.56
4.85
3.95
4.21
3.75
3.71
4.15
4.75
4.29
4.09
4.50
4.51
CorWatt	PkgWatt
285.41	466.08
4.76	245.22
5.23
5.04
5.43
4.66
4.86
4.12
5.10
4.44
4.98
4.99
5.13
4.40
4.59
4.38
4.84
4.60
4.98
4.96
5.13
4.26
4.30
4.62
4.57
4.34
5.01
4.42
4.53
4.18
4.71
4.16
4.65
4.25	242.76
4.61
4.43
4.80
5.06
5.61
4.31
5.34
5.07
4.67
3.80
4.59
4.89
3.87
4.68
4.26
3.59
4.16
4.88
5.09
5.02
5.16
4.63
4.26
4.46
4.68
5.13
4.58
4.01
3.28
4.12
4.77
CorWatt	PkgWatt
308.37	511.41
4.67	245.48
5.46
5.19
5.61
3.61
4.75
4.29
5.12
4.60
4.34
5.08
5.33
4.75
3.81
4.97
4.17
5.36
5.25
4.63
5.48
4.38
4.62
4.81
4.05
5.16
4.76
5.25
4.32
4.16
3.93
3.89
5.16
5.30	243.12
4.08
4.79
3.86
3.18
3.49
4.05
3.75
5.35
4.51
4.29
4.18
5.77
5.47
4.72
5.15
3.84
4.70
3.47
5.00
5.78
4.26
5.49
5.07
5.09
5.05
4.38
4.80
4.03
3.69
4.35
5.10
CorWatt	PkgWatt
272.83	466.74
3.82	244.91
5.24
4.54
5.31
3.92
4.33
5.50
4.15
5.00
4.52
5.50
5.58
4.49
4.30
5.06
4.47
5.68
4.15
4.75
5.01
3.83
5.32
5.39
4.23
5.92
4.17
4.05
5.09
3.80
4.15
3.90
4.94
4.17	221.48
3.51
3.37
4.84
3.30
3.31
3.32
3.90
2.55
3.15
3.61
3.53
4.39
4.26
3.81
3.75
3.40
4.66
4.09
3.33
4.44
4.11
3.50
3.29
4.57
5.27
4.26
4.28
4.34
3.52
3.17
3.56
CorWatt	PkgWatt
253.15	448.73
4.23	237.58
4.63
4.41
4.19
4.32
3.50
4.84
4.09
4.03
4.16
4.88
5.46
3.94
4.44
4.77
3.68
5.40
3.88
4.46
4.84
3.75
3.77
5.29
4.20
5.48
4.93
3.89
4.98
4.09
4.16
4.51
4.13
2.52	211.43
3.26
3.45
3.75
3.34
3.22
3.39
3.29
2.10
2.30
2.33
2.27
3.44
4.13
3.61
4.77
3.02
4.85
3.87
3.62
3.04
3.48
3.55
3.23
4.66
4.33
4.90
4.24
4.00
3.49
3.16
3.34
CorWatt	PkgWatt
243.96	440.38
4.01	233.57
4.56
4.41
3.93
4.09
4.56
4.43
4.24
3.76
4.25
4.21
4.05
4.57
4.78
4.25
3.62
4.00
3.80
3.92
3.89
4.35
3.68
4.81
4.78
4.46
4.07
4.06
5.04
5.16
4.50
4.62
4.18
2.40	206.76
2.47
2.48
2.10
3.49
3.78
3.30
3.37
3.17
2.71
2.75
3.26
2.90
4.03
3.87
4.36
2.95
3.80
4.46
3.30
3.20
3.22
3.28
3.36
3.66
3.25
3.91
3.97
3.42
3.29
3.52
3.89
CorWatt	PkgWatt
267.78	459.62
3.98	232.39
4.40
4.38
4.80
4.10
4.25
4.56
4.42
3.92
3.62
3.74
4.50
4.48
5.01
3.67
4.01
3.75
4.01
4.24
4.48
4.82
3.97
4.62
4.62
4.17
4.33
4.42
4.26
5.06
4.57
3.88
4.35
3.63	226.89
3.44
3.67
4.08
4.12
6.24
4.18
5.33
3.70
3.79
4.11
3.86
3.47
5.02
4.33
4.58
3.40
4.22
3.54
4.85
4.13
3.90
4.03
3.77
3.63
3.54
3.29
3.33
4.54
3.99
3.91
4.62
