CorWatt	PkgWatt
4.68	151.66
0.09	76.24
0.09
0.09
0.09
0.09
0.09
0.09
0.09
0.08
0.08
0.07
0.08
0.07
0.07
0.07
0.07
0.08
0.08
0.09
0.08
0.10
0.09
0.09
0.09
0.09
0.09
0.08
0.08
0.08
0.08
0.08
0.08
0.07	75.48
0.07
0.07
0.07
0.07
0.07
0.07
0.06
0.06
0.06
0.06
0.06
0.06
0.06
0.06
0.06
0.07
0.06
0.06
0.06
0.07
0.07
0.07
0.07
0.06
0.06
0.06
0.06
0.06
0.06
0.06
0.06
CorWatt	PkgWatt
4.32	151.04
0.09	76.00
0.08
0.08
0.08
0.08
0.12
0.08
0.08
0.08
0.08
0.07
0.07
0.07
0.07
0.08
0.07
0.08
0.08
0.09
0.09
0.09
0.09
0.08
0.08
0.09
0.08
0.08
0.08
0.07
0.07
0.07
0.13
0.06	75.01
0.06
0.06
0.06
0.06
0.06
0.06
0.05
0.05
0.05
0.05
0.05
0.05
0.05
0.05
0.05
0.06
0.05
0.05
0.05
0.06
0.06
0.06
0.06
0.05
0.05
0.05
0.05
0.05
0.05
0.05
0.05
CorWatt	PkgWatt
35.71	209.27
0.59	105.72
0.30
0.54
0.58
0.61
0.47
0.63
0.45
0.84
0.56
0.55
0.51
0.62
0.60
0.47
0.45
0.71
0.69
0.45
0.46
0.45
0.64
0.48
0.62
0.56
0.61
0.53
0.48
0.49
0.52
0.56
0.57
0.51	103.77
0.51
0.51
0.49
0.48
0.54
0.52
0.48
0.47
0.50
0.47
0.54
0.47
0.49
0.53
0.54
0.48
0.54
0.52
0.52
0.51
0.49
0.50
0.56
0.49
0.52
0.48
0.47
0.61
1.05
1.76
0.51
CorWatt	PkgWatt
159.51	375.92
0.38	182.38
2.67
2.69
2.61
2.51
2.54
2.35
2.36
2.49
2.44
2.44
2.46
2.49
2.52
2.26
2.27
2.53
2.51
2.53
2.50
2.47
2.49
2.31
2.32
2.49
2.45
2.48
2.44
2.46
2.49
2.29
2.27
2.60	193.44
2.57
2.56
2.55
2.61
2.57
2.40
2.38
2.65
2.63
2.60
2.63
2.67
2.63
2.44
2.44
2.57
2.53
2.56
2.57
2.60
2.61
2.43
2.42
2.62
2.59
2.63
2.61
2.65
2.64
3.69
2.35
