CorWatt	PkgWatt
15.55	127.62
0.55	127.62
0.51
0.48
0.45
0.58
0.54
0.52
0.53
0.46
0.48
0.41
0.46
0.54
0.56
0.52
0.57
0.49
0.50
0.48
0.51
0.42
0.41
0.43
0.45
0.42
0.39
0.41
0.37
0.53
0.52
0.52
0.52
CorWatt	PkgWatt
15.30	126.95
0.53	127.50
0.49
0.50
0.48
0.54
0.50
0.48
0.49
0.42
0.43
0.40
0.38
0.57
0.57
0.56
0.60
0.49
0.52
0.46
0.51
0.41
0.41
0.41
0.40
0.36
0.37
0.43
0.35
0.56
0.57
0.57
0.58
CorWatt	PkgWatt
17.69	130.27
0.61	129.75
0.59
0.59
0.57
0.69
0.57
0.60
0.59
0.45
0.49
0.44
0.55
0.67
0.67
0.59
0.59
0.62
0.58
0.52
0.56
0.45
0.44
0.46
0.50
0.42
0.50
0.45
0.42
0.58
0.66
0.62
0.60
CorWatt	PkgWatt
14.70	127.07
0.51	127.03
0.44
0.47
0.49
0.54
0.50
0.50
0.49
0.43
0.43
0.37
0.38
0.53
0.51
0.50
0.54
0.47
0.46
0.44
0.49
0.38
0.40
0.41
0.40
0.37
0.40
0.40
0.38
0.52
0.51
0.52
0.49
CorWatt	PkgWatt
24.93	133.96
0.82	122.27
0.72
0.74
0.75
0.77
0.77
0.77
0.77
0.67
0.72
0.64
0.65
0.76
0.76
0.75
0.90
0.77
0.71
0.72
0.80
0.65
0.66
0.64
0.64
0.60
0.60
0.74
0.72
0.83
0.82
0.87
1.08
