CorWatt	PkgWatt
354.53	573.66
4.15	205.72
4.34
3.60
3.40
3.52
4.35
3.24
5.25
3.36
2.90
2.47
2.70
3.78
4.69
2.63
4.80
3.37
3.24
4.97
3.31
6.06
4.22
5.09
3.91
3.46
5.86
7.69
5.02
2.83
3.68
3.39
4.15
1.98	245.28
5.57
4.63
4.77
5.55
5.60
5.66
5.61
5.52
5.55
5.59
5.56
5.63
5.68
5.61
5.62
5.50
5.53
5.50
5.47
5.58
5.60
5.61
5.60
5.29
5.50
5.56
5.55
5.60
5.65
5.63
5.61
CorWatt	PkgWatt
294.11	451.33
4.32	206.05
4.27
3.54
2.62
3.65
4.14
3.84
5.14
3.54
2.71
2.42
2.70
3.87
4.65
2.53
5.10
3.06
3.39
4.90
3.48
5.70
4.33
4.41
3.33
4.30
6.34
5.56
5.14
3.14
3.22
3.19
4.04
1.91	245.42
5.48
3.96
4.35
5.45
5.51
5.53
5.50
5.44
5.45
5.48
5.46
5.51
5.58
5.52
5.52
5.38
5.43
5.36
5.43
5.50
5.50
5.51
5.47
3.97
5.39
5.47
5.46
5.49
5.55
5.52
5.49
CorWatt	PkgWatt
278.46	440.40
2.41	202.23
4.81
3.01
2.54
3.07
4.07
4.57
3.54
3.19
2.26
2.35
2.54
3.44
5.57
2.74
4.32
3.62
2.64
3.94
3.43
6.16
4.49
3.78
3.33
5.46
5.73
5.40
5.43
3.88
2.74
2.80
3.77
1.89	238.21
6.81
2.09
4.59
4.95
5.10
6.83
5.06
4.88
3.03
4.84
3.09
5.09
5.02
5.05
6.83
4.92
6.71
5.06
3.64
4.98
5.00
5.17
6.79
2.80
3.43
6.73
6.78
5.04
5.12
5.05
5.09
CorWatt	PkgWatt
238.63	417.23
2.91	200.27
4.10
3.31
2.22
2.08
2.61
4.17
3.48
3.07
2.70
2.38
2.24
3.85
3.91
2.75
3.38
4.30
3.40
2.48
2.84
4.43
3.42
5.02
3.38
4.03
4.35
4.77
4.36
3.09
3.54
3.16
4.06
2.36	217.49
5.53
2.18
3.96
4.06
3.95
5.85
4.44
3.78
2.32
4.18
2.51
3.90
3.88
3.79
5.77
4.43
5.54
3.82
2.35
3.69
4.12
4.10
5.65
2.49
2.52
5.49
5.88
4.25
4.25
4.32
3.65
CorWatt	PkgWatt
91.35	253.43
1.72	133.14
1.61
1.63
1.58
1.63
1.62
1.51
1.64
1.42
1.65
1.55
1.55
1.49
1.67
1.47
1.64
1.74
1.57
1.57
1.62
1.49
1.54
1.47
2.05
1.74
1.56
1.48
1.73
1.61
1.65
1.46
1.64
1.23	119.89
1.23
1.22
1.31
1.16
1.23
1.27
1.35
1.30
1.20
1.21
1.30
1.18
1.20
1.29
1.34
1.29
1.28
1.19
1.19
1.17
1.26
1.33
1.27
1.28
1.32
1.18
1.19
1.22
1.30
1.31
1.17
CorWatt	PkgWatt
346.14	490.85
5.39	245.43
5.49
5.46
5.30
5.43
5.42
5.41
5.46
5.33
5.39
5.28
5.37
5.37
5.41
5.38
5.36
5.41
5.46
5.48
5.42
5.44
5.49
5.53
5.44
5.44
5.42
5.40
5.49
5.38
5.45
5.45
5.42
5.42	245.39
5.43
5.44
5.42
5.42
5.41
5.42
5.45
5.40
5.39
5.42
5.38
5.41
5.45
5.41
5.40
5.32
5.35
5.34
5.36
5.44
5.25
5.45
5.42
5.35
5.36
5.31
5.38
5.43
5.46
5.46
5.40
CorWatt	PkgWatt
331.07	481.21
5.07	235.61
4.96
4.99
4.81
5.10
5.23
5.04
5.33
5.03
4.99
4.76
4.82
4.91
5.01
4.90
4.87
4.91
5.11
5.01
5.00
5.12
5.02
5.04
5.14
5.28
4.89
5.00
5.00
4.91
4.97
5.08
4.93
5.37	245.62
5.40
5.37
5.37
5.35
5.37
5.39
5.38
5.32
5.34
5.33
5.31
5.36
5.39
5.36
5.33
5.26
5.28
5.27
5.30
5.38
5.22
5.38
5.35
5.28
5.29
5.33
5.33
5.34
5.37
5.38
5.34
CorWatt	PkgWatt
292.68	448.74
3.53	203.25
3.16
3.35
2.85
5.11
6.00
6.13
6.03
4.33
4.83
3.83
3.15
2.82
4.56
3.40
2.65
3.72
3.98
3.45
4.70
3.91
2.78
3.22
3.60
5.37
2.74
3.72
3.49
2.82
3.69
3.47
2.78
5.32	245.39
5.31
5.37
5.32
5.31
5.32
5.37
5.31
5.25
5.30
5.29
5.30
5.31
5.34
5.32
5.30
5.23
5.25
5.23
5.21
5.32
5.21
5.33
5.31
5.25
5.25
5.29
5.27
5.33
5.32
5.33
5.29
CorWatt	PkgWatt
294.81	443.75
2.92	198.33
3.00
3.14
3.28
5.22
6.17
6.27
6.18
4.79
4.66
3.78
2.91
3.91
3.20
3.71
2.57
3.76
3.75
3.40
4.87
2.80
2.75
3.55
3.68
4.84
3.26
3.57
3.46
2.84
3.61
3.32
2.64
5.09	245.38
5.47
5.50
5.25
5.42
5.44
5.50
5.45
5.40
5.42
5.42
5.40
5.43
5.45
5.45
5.45
5.35
5.37
5.36
5.37
5.43
5.38
5.45
5.42
5.35
5.37
5.42
5.43
5.45
5.47
5.46
5.41
CorWatt	PkgWatt
292.05	438.14
2.65	193.32
2.67
2.84
3.17
4.90
6.14
6.23
6.15
4.93
4.71
3.63
2.80
3.44
3.22
4.03
2.48
3.69
3.60
3.43
4.93
2.65
2.64
3.41
3.46
4.32
3.86
3.41
3.39
2.90
3.39
3.10
2.50
4.29	243.36
5.47
5.51
3.61
5.46
5.49
5.54
5.47
5.44
5.45
5.53
5.55
5.59
5.59
5.59
5.60
5.44
5.50
5.51
5.52
5.41
5.54
5.50
5.47
5.36
5.41
5.45
5.44
5.51
5.51
5.52
5.48
