CorWatt	PkgWatt
15.53	128.52
0.54	128.51
0.45
0.49
0.48
0.51
0.52
0.51
0.51
0.42
0.45
0.44
0.49
0.55
0.53
0.53
0.54
0.49
0.50
0.51
0.56
0.44
0.43
0.43
0.43
0.43
0.41
0.44
0.38
0.54
0.53
0.54
0.53
CorWatt	PkgWatt
15.19	127.85
0.54	128.03
0.45
0.49
0.49
0.53
0.52
0.50
0.50
0.41
0.46
0.40
0.39
0.52
0.54
0.51
0.53
0.47
0.51
0.49
0.54
0.44
0.42
0.42
0.43
0.43
0.40
0.41
0.37
0.53
0.52
0.53
0.53
CorWatt	PkgWatt
73.37	189.11
2.15	188.94
3.05
2.41
2.36
2.42
2.40
2.39
2.32
2.28
2.30
2.32
2.25
2.61
2.40
2.41
2.44
2.27
2.29
2.15
2.14
2.24
2.23
2.03
1.97
2.21
2.19
1.99
1.99
2.39
2.38
2.17
2.15
