CorWatt	PkgWatt
15.24	127.94
0.54	127.93
0.46
0.49
0.46
0.52
0.52
0.52
0.49
0.47
0.46
0.46
0.45
0.56
0.54
0.54
0.58
0.46
0.47
0.46
0.50
0.41
0.44
0.40
0.41
0.40
0.37
0.37
0.35
0.56
0.54
0.52
0.52
CorWatt	PkgWatt
14.77	127.47
0.52	127.50
0.47
0.47
0.46
0.50
0.51
0.53
0.51
0.47
0.45
0.40
0.41
0.54
0.54
0.51
0.53
0.44
0.45
0.45
0.47
0.39
0.42
0.38
0.39
0.37
0.36
0.37
0.35
0.54
0.51
0.52
0.51
CorWatt	PkgWatt
65.98	179.95
0.95	180.01
2.07
2.11
2.12
2.20
2.18
2.39
3.62
2.05
2.05
2.03
1.98
2.17
2.15
2.11
2.14
2.04
2.02
1.88
1.97
2.01
2.03
1.88
1.81
2.00
1.96
1.83
1.85
2.22
2.21
2.01
1.95
