CorWatt	PkgWatt
15.38	128.02
0.52	128.03
0.51
0.50
0.46
0.53
0.54
0.51
0.52
0.47
0.47
0.40
0.44
0.53
0.54
0.51
0.52
0.45
0.48
0.47
0.49
0.41
0.40
0.43
0.41
0.39
0.43
0.39
0.38
0.66
0.54
0.54
0.55
CorWatt	PkgWatt
14.85	127.62
0.55	127.59
0.51
0.46
0.44
0.52
0.53
0.50
0.49
0.44
0.45
0.39
0.40
0.51
0.55
0.50
0.54
0.44
0.46
0.46
0.50
0.39
0.39
0.42
0.40
0.36
0.42
0.37
0.37
0.53
0.51
0.52
0.53
CorWatt	PkgWatt
68.49	182.92
0.90	183.01
2.16
2.14
2.12
3.70
2.25
2.27
2.20
2.23
2.13
2.09
2.10
2.24
2.31
2.27
2.26
2.16
2.13
1.98
2.04
2.08
2.12
1.96
1.87
2.09
2.06
1.86
1.92
2.29
2.24
2.07
2.26
