CorWatt	PkgWatt
15.24	127.17
0.52	127.17
0.46
0.47
0.43
0.51
0.51
0.60
0.56
0.41
0.47
0.42
0.47
0.51
0.52
0.50
0.51
0.47
0.47
0.48
0.50
0.42
0.40
0.40
0.44
0.37
0.38
0.40
0.48
0.55
0.54
0.54
0.53
CorWatt	PkgWatt
14.79	126.98
0.52	127.03
0.43
0.45
0.43
0.49
0.50
0.56
0.53
0.39
0.45
0.38
0.45
0.51
0.51
0.49
0.51
0.45
0.46
0.48
0.48
0.38
0.39
0.38
0.47
0.35
0.36
0.40
0.40
0.57
0.58
0.54
0.51
CorWatt	PkgWatt
18.34	129.84
0.67	129.82
0.58
0.53
0.50
0.58
0.54
0.57
0.58
0.57
0.65
0.63
0.62
0.62
0.64
0.59
0.61
0.55
0.63
0.63
0.56
0.59
0.48
0.48
0.57
0.44
0.46
0.47
0.48
0.61
0.67
0.65
0.59
CorWatt	PkgWatt
16.15	128.37
0.54	128.30
0.44
0.52
0.50
0.54
0.50
0.54
0.53
0.39
0.44
0.53
0.47
0.58
0.56
0.55
0.52
0.50
0.55
0.48
0.48
0.57
0.52
0.45
0.54
0.37
0.39
0.38
0.39
0.67
0.57
0.55
0.58
