CorWatt	PkgWatt
14.60	126.91
0.49	126.89
0.45
0.47
0.44
0.52
0.53
0.48
0.47
0.37
0.43
0.37
0.37
0.52
0.50
0.50
0.51
0.48
0.45
0.45
0.47
0.40
0.43
0.40
0.38
0.40
0.39
0.40
0.40
0.53
0.57
0.52
0.53
CorWatt	PkgWatt
14.40	126.00
0.50	126.61
0.44
0.48
0.45
0.51
0.53
0.48
0.47
0.37
0.42
0.36
0.36
0.51
0.52
0.48
0.50
0.44
0.45
0.44
0.45
0.39
0.47
0.44
0.38
0.40
0.36
0.38
0.36
0.52
0.57
0.51
0.53
CorWatt	PkgWatt
17.19	129.52
0.53	128.94
0.56
0.54
0.48
0.55
0.54
0.49
0.57
0.54
0.52
0.46
0.50
0.61
0.60
0.55
0.55
0.55
0.51
0.53
0.49
0.48
0.51
0.48
0.58
0.45
0.57
0.44
0.45
0.58
0.70
0.64
0.57
CorWatt	PkgWatt
15.23	127.15
0.52	127.12
0.49
0.46
0.47
0.51
0.53
0.51
0.48
0.42
0.44
0.43
0.39
0.53
0.52
0.49
0.51
0.47
0.52
0.50
0.54
0.40
0.45
0.41
0.40
0.40
0.39
0.39
0.41
0.58
0.61
0.52
0.52
CorWatt	PkgWatt
14.45	126.59
0.49	126.58
0.43
0.47
0.44
0.51
0.54
0.48
0.47
0.38
0.42
0.37
0.37
0.52
0.50
0.48
0.51
0.46
0.48
0.48
0.46
0.38
0.44
0.38
0.39
0.37
0.36
0.39
0.36
0.56
0.55
0.51
0.52
CorWatt	PkgWatt
15.16	127.23
0.49	127.25
0.44
0.47
0.43
0.51
0.52
0.48
0.47
0.46
0.49
0.42
0.41
0.56
0.54
0.52
0.54
0.54
0.52
0.47
0.45
0.43
0.43
0.43
0.46
0.39
0.42
0.40
0.35
0.53
0.53
0.55
0.52
CorWatt	PkgWatt
14.45	126.53
0.49	126.51
0.42
0.46
0.44
0.51
0.54
0.50
0.49
0.39
0.45
0.39
0.39
0.53
0.51
0.49
0.53
0.45
0.47
0.44
0.45
0.38
0.43
0.39
0.40
0.35
0.36
0.37
0.35
0.51
0.51
0.51
0.53
CorWatt	PkgWatt
14.99	126.98
0.51	126.98
0.48
0.50
0.45
0.54
0.59
0.51
0.51
0.39
0.44
0.38
0.39
0.53
0.53
0.50
0.51
0.46
0.48
0.46
0.46
0.39
0.43
0.41
0.41
0.40
0.38
0.40
0.37
0.54
0.54
0.53
0.56
CorWatt	PkgWatt
14.19	126.53
0.48	126.53
0.45
0.45
0.43
0.51
0.53
0.48
0.47
0.37
0.43
0.36
0.37
0.53
0.50
0.48
0.51
0.46
0.46
0.44
0.45
0.38
0.42
0.38
0.39
0.36
0.35
0.37
0.35
0.52
0.50
0.50
0.52
CorWatt	PkgWatt
14.38	126.56
0.48	126.56
0.45
0.48
0.43
0.53
0.55
0.49
0.49
0.41
0.43
0.37
0.39
0.53
0.50
0.49
0.51
0.44
0.47
0.44
0.45
0.38
0.43
0.39
0.39
0.35
0.35
0.36
0.35
0.54
0.50
0.50
0.52
CorWatt	PkgWatt
14.19	126.40
0.48	126.40
0.43
0.44
0.44
0.52
0.54
0.49
0.48
0.38
0.43
0.36
0.37
0.50
0.50
0.48
0.51
0.46
0.47
0.44
0.45
0.38
0.43
0.38
0.40
0.35
0.35
0.37
0.35
0.51
0.49
0.50
0.51
CorWatt	PkgWatt
14.51	126.77
0.49	126.78
0.47
0.45
0.45
0.54
0.54
0.49
0.49
0.40
0.43
0.38
0.37
0.52
0.50
0.49
0.51
0.47
0.49
0.45
0.46
0.43
0.41
0.40
0.42
0.35
0.35
0.37
0.35
0.52
0.50
0.50
0.52
CorWatt	PkgWatt
15.09	126.96
0.51	126.98
0.46
0.51
0.46
0.56
0.57
0.52
0.52
0.42
0.45
0.40
0.40
0.54
0.55
0.50
0.54
0.49
0.47
0.47
0.45
0.38
0.42
0.39
0.46
0.38
0.39
0.40
0.38
0.53
0.53
0.50
0.52
CorWatt	PkgWatt
14.46	126.59
0.48	126.58
0.49
0.45
0.44
0.51
0.51
0.53
0.47
0.39
0.44
0.43
0.37
0.52
0.51
0.49
0.51
0.45
0.47
0.46
0.47
0.38
0.41
0.39
0.41
0.35
0.35
0.36
0.36
0.52
0.53
0.50
0.54
CorWatt	PkgWatt
14.26	126.63
0.49	126.63
0.45
0.44
0.45
0.51
0.48
0.52
0.47
0.40
0.43
0.37
0.37
0.50
0.50
0.49
0.52
0.44
0.46
0.44
0.45
0.38
0.39
0.40
0.40
0.35
0.36
0.38
0.36
0.53
0.50
0.51
0.52
CorWatt	PkgWatt
14.53	126.63
0.50	126.63
0.43
0.45
0.44
0.53
0.49
0.53
0.49
0.40
0.43
0.38
0.37
0.51
0.50
0.49
0.51
0.48
0.48
0.48
0.46
0.39
0.41
0.43
0.41
0.36
0.35
0.38
0.35
0.52
0.53
0.51
0.53
CorWatt	PkgWatt
14.49	126.61
0.48	126.60
0.44
0.44
0.43
0.51
0.48
0.52
0.49
0.37
0.42
0.37
0.38
0.50
0.50
0.48
0.52
0.48
0.48
0.45
0.49
0.42
0.40
0.41
0.44
0.36
0.36
0.39
0.35
0.52
0.51
0.54
0.55
CorWatt	PkgWatt
14.75	126.81
0.49	126.82
0.45
0.47
0.43
0.52
0.52
0.53
0.47
0.39
0.44
0.36
0.39
0.52
0.51
0.48
0.51
0.50
0.50
0.45
0.47
0.41
0.41
0.41
0.41
0.35
0.36
0.42
0.37
0.57
0.58
0.52
0.54
CorWatt	PkgWatt
14.43	126.71
0.49	126.71
0.43
0.47
0.44
0.52
0.55
0.50
0.48
0.38
0.43
0.37
0.38
0.52
0.50
0.48
0.52
0.46
0.51
0.46
0.45
0.38
0.39
0.39
0.39
0.37
0.36
0.37
0.36
0.55
0.51
0.50
0.53
CorWatt	PkgWatt
14.54	126.68
0.48	126.67
0.45
0.48
0.44
0.52
0.54
0.51
0.48
0.39
0.42
0.37
0.37
0.52
0.50
0.49
0.50
0.50
0.50
0.45
0.46
0.38
0.40
0.39
0.40
0.35
0.37
0.37
0.35
0.54
0.57
0.51
0.54
CorWatt	PkgWatt
14.16	126.37
0.48	126.37
0.43
0.44
0.44
0.51
0.54
0.48
0.47
0.37
0.42
0.36
0.37
0.50
0.50
0.48
0.51
0.46
0.47
0.44
0.45
0.38
0.38
0.39
0.38
0.35
0.35
0.37
0.36
0.56
0.50
0.50
0.53
CorWatt	PkgWatt
14.16	126.49
0.48	126.49
0.43
0.45
0.43
0.51
0.52
0.48
0.47
0.37
0.42
0.36
0.36
0.50
0.50
0.49
0.50
0.45
0.47
0.44
0.45
0.38
0.39
0.38
0.38
0.36
0.36
0.36
0.35
0.53
0.52
0.51
0.54
CorWatt	PkgWatt
14.51	126.58
0.49	126.59
0.46
0.47
0.45
0.51
0.54
0.52
0.47
0.39
0.43
0.38
0.37
0.50
0.52
0.50
0.52
0.44
0.49
0.44
0.47
0.38
0.38
0.39
0.38
0.37
0.36
0.38
0.38
0.54
0.55
0.50
0.55
CorWatt	PkgWatt
18.00	129.12
0.58	129.01
0.60
0.59
0.58
0.63
0.60
0.62
0.59
0.46
0.49
0.46
0.47
0.59
0.59
0.58
0.59
0.58
0.55
0.62
0.55
0.47
0.55
0.52
0.49
0.53
0.60
0.46
0.46
0.63
0.64
0.60
0.69
