CorWatt	PkgWatt
4.62	154.56
0.09	77.43
0.08
0.08
0.09
0.08
0.08
0.08
0.08
0.07
0.07
0.07
0.07
0.07
0.07
0.07
0.07
0.08
0.08
0.08
0.08
0.09
0.08
0.08
0.08
0.08
0.08
0.08
0.08
0.07
0.07
0.07
0.07
0.08	77.27
0.07
0.07
0.07
0.07
0.07
0.07
0.07
0.06
0.06
0.06
0.06
0.06
0.06
0.06
0.06
0.07
0.07
0.07
0.07
0.07
0.07
0.08
0.07
0.07
0.07
0.07
0.07
0.06
0.07
0.06
0.06
CorWatt	PkgWatt
4.65	152.13
0.09	76.33
0.09
0.09
0.08
0.08
0.08
0.08
0.08
0.07
0.07
0.07
0.07
0.07
0.07
0.07
0.07
0.08
0.08
0.08
0.08
0.09
0.08
0.08
0.08
0.08
0.08
0.08
0.08
0.07
0.07
0.07
0.07
0.07	75.91
0.06
0.07
0.08
0.08
0.07
0.07
0.07
0.06
0.06
0.06
0.10
0.06
0.06
0.06
0.06
0.07
0.07
0.11
0.07
0.07
0.07
0.07
0.07
0.06
0.07
0.07
0.06
0.07
0.06
0.06
0.06
