CorWatt	PkgWatt
4.11	150.76
0.09	75.66
0.08
0.08
0.08
0.08
0.08
0.08
0.08
0.07
0.06
0.07
0.07
0.06
0.07
0.06
0.07
0.08
0.08
0.08
0.08
0.09
0.08
0.08
0.07
0.07
0.07
0.07
0.07
0.07
0.06
0.06
0.06
0.06	75.06
0.06
0.06
0.06
0.06
0.06
0.05
0.05
0.05
0.06
0.05
0.05
0.05
0.05
0.05
0.05
0.06
0.05
0.05
0.06
0.06
0.06
0.06
0.06
0.05
0.05
0.05
0.05
0.05
0.05
0.05
0.06
CorWatt	PkgWatt
4.49	151.16
0.10	76.06
0.09
0.08
0.08
0.09
0.09
0.09
0.08
0.07
0.07
0.08
0.08
0.07
0.08
0.07
0.07
0.09
0.08
0.08
0.12
0.09
0.08
0.08
0.08
0.08
0.08
0.11
0.08
0.07
0.07
0.07
0.07
0.06	75.14
0.06
0.06
0.06
0.06
0.06
0.06
0.06
0.06
0.06
0.06
0.06
0.06
0.06
0.06
0.06
0.06
0.06
0.06
0.06
0.06
0.06
0.06
0.06
0.06
0.06
0.06
0.06
0.06
0.06
0.06
0.06
CorWatt	PkgWatt
13.54	179.10
0.21	86.54
0.15
0.18
0.12
0.13
0.12
0.12
0.19
0.11
0.10
0.11
0.10
0.09
0.09
0.11
0.10
0.13
0.17
0.11
0.12
0.14
0.11
0.11
0.10
0.12
0.11
0.16
0.15
0.10
0.10
0.19
0.10
0.24	92.75
0.54
0.36
0.15
0.27
0.32
0.23
0.51
0.27
0.27
0.18
0.29
0.59
0.26
0.27
0.34
0.24
0.31
0.19
0.29
0.28
0.27
0.25
0.37
0.23
0.31
0.16
0.45
0.31
0.26
0.21
0.24
CorWatt	PkgWatt
4.64	151.50
0.08	75.51
0.09
0.08
0.08
0.08
0.08
0.08
0.08
0.06
0.06
0.06
0.06
0.06
0.06
0.06
0.06
0.08
0.08
0.08
0.07
0.08
0.07
0.07
0.07
0.07
0.07
0.07
0.07
0.06
0.06
0.06
0.06
0.07	75.85
0.07
0.09
0.08
0.07
0.07
0.07
0.13
0.07
0.06
0.06
0.07
0.06
0.08
0.07
0.08
0.08
0.08
0.07
0.08
0.07
0.07
0.08
0.11
0.09
0.06
0.06
0.06
0.08
0.07
0.06
0.06
CorWatt	PkgWatt
4.56	154.79
0.08	77.29
0.08
0.08
0.08
0.08
0.07
0.08
0.08
0.06
0.06
0.06
0.06
0.06
0.06
0.06
0.06
0.08
0.08
0.08
0.08
0.08
0.07
0.07
0.07
0.07
0.07
0.07
0.07
0.06
0.06
0.06
0.06
0.07	77.51
0.08
0.09
0.08
0.08
0.07
0.07
0.06
0.07
0.06
0.06
0.13
0.06
0.06
0.07
0.06
0.07
0.07
0.07
0.06
0.07
0.06
0.06
0.08
0.08
0.07
0.07
0.11
0.07
0.06
0.06
0.08
CorWatt	PkgWatt
9.29	160.89
0.09	77.46
0.08
0.09
0.08
0.08
0.08
0.08
0.08
0.07
0.07
0.07
0.07
0.07
0.06
0.06
0.06
0.08
0.08
0.08
0.08
0.09
0.08
0.08
0.08
0.07
0.07
0.07
0.07
0.07
0.07
0.07
0.07
0.13	83.37
0.13
0.14
3.32
0.11
0.10
0.10
0.12
0.12
0.11
0.11
0.15
0.10
0.10
0.12
0.10
0.10
0.12
0.10
0.11
0.11
0.11
0.11
0.12
0.11
0.11
0.10
0.11
0.17
0.11
0.10
0.11
CorWatt	PkgWatt
14.27	171.69
0.13	80.41
0.11
0.14
0.12
0.08
0.08
0.08
0.08
0.07
0.07
0.07
0.07
0.07
0.07
0.07
0.06
0.08
0.08
0.08
0.08
0.09
0.08
0.08
0.08
0.13
0.13
0.13
0.13
0.07
0.07
0.07
0.07
0.22	91.49
0.22
0.23
5.78
0.18
0.18
0.17
0.24
0.18
0.19
0.18
0.17
0.20
0.19
0.19
0.19
0.17
0.16
0.20
0.18
0.20
0.15
0.18
0.17
0.18
0.17
0.17
0.18
0.19
0.18
0.16
0.16
CorWatt	PkgWatt
12.78	165.58
0.09	77.52
0.09
0.08
0.09
0.08
0.08
0.08
0.08
0.07
0.07
0.07
0.07
0.07
0.06
0.06
0.06
0.08
0.08
0.08
0.08
0.09
0.08
0.08
0.08
0.08
0.07
0.07
0.07
0.07
0.07
0.07
0.07
0.18	87.86
0.18
0.19
5.80
0.15
0.15
0.15
0.18
0.13
0.13
0.13
0.14
0.13
0.13
0.13
0.15
0.14
0.14
0.13
0.15
0.21
0.15
0.15
0.15
0.14
0.13
0.15
0.15
0.13
0.13
0.13
0.15
CorWatt	PkgWatt
12.76	166.98
0.09	77.34
0.11
0.08
0.08
0.08
0.08
0.08
0.08
0.06
0.06
0.06
0.06
0.06
0.06
0.06
0.06
0.08
0.08
0.08
0.08
0.09
0.07
0.08
0.07
0.07
0.07
0.07
0.07
0.06
0.06
0.06
0.06
0.18	89.70
0.18
0.19
5.82
0.15
0.15
0.15
0.16
0.13
0.13
0.13
0.15
0.14
0.14
0.13
0.14
0.15
0.14
0.13
0.18
0.15
0.15
0.15
0.21
0.13
0.14
0.15
0.14
0.16
0.13
0.13
0.14
CorWatt	PkgWatt
13.03	162.46
0.10	76.18
0.09
0.09
0.09
0.08
0.08
0.08
0.08
0.07
0.07
0.07
0.07
0.07
0.07
0.14
0.07
0.08
0.08
0.08
0.08
0.09
0.08
0.08
0.08
0.08
0.08
0.07
0.08
0.07
0.07
0.07
0.07
0.19	86.23
0.19
0.19
5.78
0.15
0.15
0.14
0.15
0.14
0.14
0.13
0.21
0.14
0.13
0.13
0.15
0.15
0.14
0.14
0.18
0.15
0.15
0.15
0.16
0.14
0.13
0.15
0.14
0.14
0.14
0.13
0.14
CorWatt	PkgWatt
12.64	165.32
0.08	77.35
0.08
0.08
0.08
0.07
0.08
0.08
0.08
0.06
0.06
0.06
0.06
0.06
0.06
0.06
0.06
0.08
0.08
0.08
0.08
0.08
0.07
0.07
0.07
0.07
0.07
0.07
0.07
0.06
0.06
0.06
0.06
0.18	87.96
0.19
0.19
5.84
0.21
0.15
0.15
0.14
0.13
0.13
0.14
0.14
0.13
0.13
0.13
0.15
0.15
0.14
0.13
0.18
0.15
0.14
0.14
0.16
0.13
0.14
0.14
0.13
0.14
0.14
0.13
0.13
CorWatt	PkgWatt
12.67	165.15
0.09	77.29
0.09
0.08
0.08
0.08
0.08
0.08
0.08
0.06
0.06
0.06
0.06
0.06
0.06
0.06
0.06
0.08
0.08
0.08
0.08
0.09
0.07
0.07
0.07
0.07
0.07
0.07
0.07
0.06
0.06
0.06
0.06
0.18	87.90
0.18
0.19
5.79
0.15
0.15
0.14
0.16
0.13
0.13
0.13
0.14
0.14
0.13
0.13
0.18
0.16
0.14
0.13
0.14
0.15
0.14
0.14
0.16
0.14
0.13
0.14
0.14
0.20
0.15
0.14
0.14
CorWatt	PkgWatt
14.07	170.59
0.12	80.11
0.14
0.11
0.10
0.09
0.12
0.09
0.09
0.08
0.09
0.08
0.09
0.09
0.09
0.08
0.09
0.10
0.10
0.09
0.10
0.10
0.10
0.10
0.09
0.10
0.08
0.08
0.09
0.08
0.08
0.09
0.08
0.19	90.47
0.19
0.21
5.82
0.18
0.15
0.15
0.20
0.16
0.16
0.18
0.18
0.22
0.16
0.19
0.14
0.17
0.15
0.16
0.15
0.20
0.16
0.15
0.21
0.19
0.15
0.16
0.14
0.15
0.14
0.14
0.18
