CorWatt	PkgWatt
15.63	127.44
0.58	127.44
0.52
0.49
0.49
0.56
0.53
0.51
0.50
0.42
0.47
0.49
0.43
0.52
0.51
0.57
0.53
0.49
0.54
0.53
0.47
0.40
0.44
0.44
0.41
0.40
0.42
0.38
0.38
0.55
0.55
0.58
0.53
CorWatt	PkgWatt
14.82	126.65
0.51	126.74
0.45
0.47
0.53
0.51
0.51
0.48
0.50
0.39
0.45
0.37
0.41
0.53
0.53
0.52
0.51
0.49
0.50
0.52
0.45
0.38
0.42
0.38
0.39
0.39
0.39
0.40
0.38
0.51
0.53
0.53
0.54
CorWatt	PkgWatt
18.78	130.03
0.68	129.95
0.55
0.57
0.58
0.64
0.60
0.67
0.59
0.54
0.56
0.63
0.57
0.63
0.68
0.69
0.65
0.54
0.67
0.62
0.55
0.60
0.54
0.56
0.50
0.52
0.53
0.50
0.44
0.59
0.60
0.61
0.59
CorWatt	PkgWatt
14.85	126.86
0.51	126.84
0.45
0.46
0.45
0.49
0.50
0.54
0.49
0.41
0.45
0.48
0.41
0.50
0.55
0.53
0.50
0.46
0.49
0.51
0.46
0.46
0.40
0.38
0.43
0.37
0.40
0.36
0.35
0.51
0.51
0.51
0.50
CorWatt	PkgWatt
15.03	126.86
0.49	126.86
0.45
0.48
0.50
0.53
0.52
0.56
0.51
0.40
0.47
0.39
0.40
0.50
0.55
0.57
0.51
0.47
0.49
0.51
0.46
0.46
0.46
0.42
0.43
0.35
0.39
0.36
0.35
0.52
0.52
0.51
0.50
CorWatt	PkgWatt
14.70	126.67
0.48	126.67
0.45
0.46
0.47
0.48
0.50
0.55
0.47
0.41
0.46
0.39
0.44
0.50
0.54
0.54
0.51
0.46
0.47
0.51
0.46
0.42
0.42
0.40
0.46
0.36
0.37
0.36
0.35
0.51
0.54
0.51
0.49
CorWatt	PkgWatt
14.53	126.36
0.48	126.35
0.44
0.45
0.49
0.48
0.48
0.55
0.48
0.38
0.47
0.38
0.40
0.50
0.55
0.55
0.50
0.44
0.49
0.51
0.45
0.39
0.40
0.39
0.40
0.36
0.36
0.35
0.35
0.51
0.52
0.52
0.50
CorWatt	PkgWatt
16.44	127.99
0.51	127.98
0.54
0.48
0.48
0.52
0.56
0.64
0.52
0.49
0.50
0.52
0.46
0.56
0.66
0.69
0.55
0.52
0.59
0.55
0.50
0.43
0.42
0.42
0.45
0.39
0.40
0.48
0.39
0.55
0.54
0.58
0.56
