CorWatt	PkgWatt
14.98	127.20
0.52	127.20
0.44
0.47
0.50
0.52
0.50
0.49
0.48
0.39
0.45
0.50
0.43
0.53
0.54
0.58
0.55
0.50
0.48
0.45
0.47
0.39
0.39
0.38
0.39
0.41
0.36
0.40
0.37
0.56
0.52
0.51
0.51
CorWatt	PkgWatt
14.50	126.65
0.51	126.79
0.42
0.45
0.47
0.50
0.49
0.48
0.47
0.42
0.43
0.38
0.40
0.51
0.59
0.57
0.51
0.51
0.46
0.45
0.47
0.39
0.38
0.38
0.38
0.38
0.37
0.37
0.35
0.51
0.52
0.50
0.49
CorWatt	PkgWatt
62.54	176.16
0.92	176.15
1.92
1.99
1.99
2.04
2.03
2.00
1.96
1.91
1.94
1.91
3.30
2.03
2.04
2.09
2.12
1.96
1.95
1.97
1.82
1.86
1.83
1.68
1.73
2.02
1.88
1.85
1.75
2.09
2.09
1.93
1.93
CorWatt	PkgWatt
47.90	161.24
0.65	161.15
1.52
1.59
1.54
1.59
1.60
1.58
1.54
1.49
1.52
1.47
2.16
1.60
1.67
1.64
1.64
1.52
1.55
1.39
1.42
1.46
1.47
1.31
1.28
1.45
1.43
1.31
1.29
1.62
1.61
1.48
1.48
