CorWatt	PkgWatt
15.48	127.15
0.55	127.14
0.55
0.51
0.52
0.52
0.53
0.51
0.53
0.44
0.46
0.42
0.43
0.53
0.51
0.59
0.53
0.53
0.50
0.46
0.47
0.40
0.40
0.42
0.41
0.40
0.38
0.37
0.43
0.53
0.54
0.56
0.53
CorWatt	PkgWatt
15.05	126.50
0.51	126.70
0.51
0.46
0.50
0.50
0.53
0.54
0.53
0.41
0.47
0.39
0.43
0.51
0.56
0.52
0.57
0.48
0.49
0.46
0.46
0.39
0.41
0.38
0.38
0.36
0.37
0.40
0.37
0.52
0.54
0.56
0.54
CorWatt	PkgWatt
18.28	129.54
0.67	129.37
0.69
0.69
0.65
0.61
0.59
0.62
0.65
0.51
0.52
0.45
0.46
0.56
0.62
0.58
0.60
0.63
0.59
0.52
0.55
0.54
0.50
0.47
0.47
0.49
0.46
0.46
0.45
0.69
0.65
0.64
0.67
CorWatt	PkgWatt
14.90	126.68
0.51	126.64
0.51
0.53
0.53
0.52
0.49
0.51
0.49
0.47
0.44
0.40
0.37
0.50
0.50
0.50
0.52
0.48
0.49
0.45
0.46
0.38
0.40
0.39
0.42
0.35
0.35
0.35
0.35
0.54
0.59
0.57
0.56
CorWatt	PkgWatt
26.38	153.40
0.88	127.66
0.89
0.89
0.87
0.94
0.89
0.87
0.85
0.90
0.77
0.71
0.71
0.82
0.81
0.82
0.85
0.76
0.77
0.75
0.77
0.65
0.65
0.68
0.55
0.48
0.45
0.46
0.47
0.62
0.59
0.62
0.94
