CorWatt	PkgWatt
226.40	470.92
3.36	220.74
3.52
3.41
3.61
3.36
3.64
3.63
3.67
3.54
3.54
3.54
3.43
3.53
3.32
3.45
3.39
3.19
2.97
3.25
3.17
3.60
3.73
3.65
3.59
3.36
3.52
3.63
3.50
3.45
3.16
3.56
3.47
3.18	206.20
3.14
3.13
3.17
3.16
3.10
3.22
3.21
3.05
3.07
3.07
3.08
3.06
3.08
3.09
3.07
2.95
3.18
3.13
3.19
3.30
3.32
3.26
3.27
3.12
3.11
3.13
3.13
3.16
3.15
3.19
3.14
CorWatt	PkgWatt
209.76	424.83
3.31	219.70
3.54
3.45
3.43
3.41
3.65
3.39
3.58
3.29
3.67
3.42
3.35
3.41
3.38
3.36
3.50
3.06
3.35
3.38
3.16
3.61
3.74
3.68
3.60
3.37
3.49
3.52
3.53
3.45
3.15
3.32
3.38
3.16	205.10
3.14
3.11
3.15
3.17
3.03
3.20
3.17
3.02
3.02
3.09
3.04
3.01
3.04
3.07
3.06
3.00
3.16
3.11
3.10
3.29
3.29
3.21
3.25
3.11
3.07
3.11
3.08
3.14
3.12
3.15
3.15
CorWatt	PkgWatt
193.79	392.30
3.22	202.98
3.10
3.32
3.23
3.24
3.17
3.32
3.33
3.23
3.17
3.27
3.10
3.12
3.32
3.21
3.12
3.23
3.19
3.26
3.08
3.29
3.38
3.31
3.33
3.32
3.19
3.28
3.27
3.26
3.12
3.30
3.43
2.71	189.40
2.80
2.79
2.76
2.79
2.90
2.90
2.83
2.73
2.75
2.78
2.70
2.62
2.70
2.85
2.78
2.91
2.93
2.71
2.97
2.99
2.91
2.91
3.01
2.73
2.73
2.66
2.74
2.86
2.92
2.87
2.82
CorWatt	PkgWatt
173.83	331.65
3.08	172.81
2.80
3.18
2.85
2.79
2.79
3.03
3.04
2.93
2.85
3.09
2.84
2.86
3.00
2.99
2.86
3.05
2.73
2.77
2.61
2.85
3.03
3.01
3.07
2.91
2.95
2.95
3.04
2.95
2.93
2.94
3.17
2.35	158.70
2.48
2.46
2.51
2.45
2.48
2.45
2.37
2.46
2.48
2.44
2.38
2.38
2.46
2.59
2.52
2.55
2.51
2.38
2.48
2.76
2.65
2.61
2.70
2.40
2.42
2.41
2.43
2.56
2.60
2.57
2.55
CorWatt	PkgWatt
145.73	346.47
2.45	178.64
2.34
2.40
2.35
2.33
2.31
2.42
2.46
2.28
2.33
2.32
2.30
2.30
2.36
2.35
2.29
2.38
2.35
2.31
2.27
2.35
2.37
2.43
2.35
2.37
2.39
2.36
2.42
2.31
2.37
2.32
2.42
2.26	174.67
2.27
2.30
2.25
2.29
2.27
2.30
2.24
2.21
2.30
2.16
2.12
2.15
2.32
2.24
2.27
2.25
2.23
2.15
2.20
2.41
2.39
2.35
2.38
2.23
2.26
2.19
2.21
2.35
2.34
2.34
2.30
CorWatt	PkgWatt
123.04	329.36
2.02	170.63
2.03
2.02
1.99
2.01
1.98
1.99
2.01
1.93
1.94
1.92
1.94
1.94
1.95
1.91
1.94
1.99
2.00
2.02
2.02
2.02
2.05
2.04
2.02
1.98
2.00
1.98
2.00
1.96
1.99
1.98
2.06
1.94	168.95
1.94
1.94
1.94
1.99
1.95
1.95
1.94
1.90
1.92
1.91
1.91
1.92
1.94
1.92
1.92
2.00
1.99
1.96
1.94
1.98
1.98
1.98
1.99
1.93
1.90
1.90
1.91
1.98
1.93
1.92
1.92
CorWatt	PkgWatt
124.94	333.84
2.05	169.17
2.02
2.01
1.97
1.99
1.97
2.00
2.00
1.92
1.93
1.90
1.92
1.93
1.94
1.91
1.93
1.98
2.01
2.02
1.99
2.03
2.03
2.02
2.00
1.97
1.99
1.98
1.98
1.94
1.96
1.96
1.96
1.97	168.55
1.96
1.97
1.96
1.96
1.98
1.97
1.99
1.93
1.95
1.94
1.93
1.94
1.95
1.94
1.94
1.92
1.93
1.92
1.94
1.94
1.97
1.96
1.96
1.93
1.93
1.93
1.93
1.94
1.94
1.94
1.95
CorWatt	PkgWatt
124.70	329.96
2.12	169.78
2.03
2.04
1.99
2.01
2.00
2.01
2.01
1.94
1.95
1.93
1.93
1.94
1.95
1.93
1.95
2.01
2.02
2.04
2.02
2.03
2.04
2.03
2.04
2.00
2.00
1.99
2.00
1.95
1.97
1.99
1.96
1.97	169.11
2.00
2.04
1.99
2.01
1.98
1.97
1.96
1.95
1.97
1.95
1.94
1.95
1.96
1.96
1.96
1.94
2.00
1.93
1.94
2.00
1.99
2.01
2.00
1.95
1.94
1.95
1.95
2.03
1.96
1.99
1.97
CorWatt	PkgWatt
125.62	334.89
2.01	168.96
2.02
2.01
1.98
2.00
1.99
2.00
2.00
1.93
1.94
1.91
1.93
1.94
1.94
1.94
1.94
2.00
2.01
2.02
2.00
2.03
2.05
2.03
2.01
1.99
2.00
1.99
2.00
1.95
1.97
1.97
1.97
1.97	168.43
2.03
1.98
1.97
1.97
1.98
1.99
1.98
1.94
1.97
1.95
1.94
1.95
1.95
1.95
1.95
2.00
2.06
1.98
2.02
2.04
1.99
2.11
2.04
1.98
1.94
1.98
1.94
1.97
1.97
1.98
1.96
CorWatt	PkgWatt
146.72	375.77
2.38	176.24
2.32
2.40
2.38
2.08
2.06
2.08
2.18
2.02
2.15
2.21
2.01
2.01
2.02
2.13
2.02
2.08
2.09
2.19
2.24
2.19
2.38
2.26
2.42
2.06
2.07
2.06
2.07
2.02
2.04
2.04
2.04
2.22	187.61
2.34
2.30
2.61
2.32
2.42
2.21
2.24
2.33
2.37
2.26
2.16
2.53
2.59
2.38
2.42
2.22
2.27
2.34
2.35
2.63
2.26
2.72
2.56
2.11
2.19
2.21
2.26
2.47
2.11
2.28
2.48
CorWatt	PkgWatt
142.34	364.06
2.29	175.65
2.44
2.25
2.29
2.07
2.05
2.07
2.15
2.06
2.18
2.03
1.99
2.05
2.01
2.03
2.02
2.11
2.14
2.11
2.13
2.18
2.38
2.32
2.24
2.04
2.08
2.05
2.06
2.01
2.03
2.02
2.02
2.23	186.01
2.36
2.25
2.42
2.29
2.32
2.32
2.24
2.03
2.24
2.40
2.10
2.18
2.47
2.45
2.24
2.21
2.49
2.20
2.36
2.51
2.47
2.50
2.66
2.17
2.15
2.22
2.14
2.47
2.12
2.25
2.22
CorWatt	PkgWatt
128.05	343.15
2.02	169.31
2.04
2.02
1.98
2.00
1.98
2.00
2.00
1.93
1.94
1.91
1.94
1.94
1.94
1.95
1.93
2.00
2.02
2.03
2.00
2.03
2.07
2.04
2.01
1.98
2.00
1.99
1.99
1.95
1.97
1.97
1.96
1.98	169.51
1.99
1.97
1.97
2.07
2.00
2.00
1.99
1.95
1.97
1.98
1.95
1.99
1.96
1.96
1.95
1.94
1.94
1.94
1.95
1.99
2.03
2.03
2.05
1.94
1.95
1.95
1.94
1.96
1.95
1.96
1.93
CorWatt	PkgWatt
125.58	334.54
2.02	169.24
2.03
2.01
1.98
2.00
1.98
2.00
2.00
1.93
1.94
1.91
1.94
1.93
1.94
1.93
1.94
2.00
2.01
2.02
1.99
2.02
2.06
2.05
2.02
1.98
2.00
1.98
1.99
1.95
1.97
1.96
1.96
1.99	168.97
1.97
1.98
1.98
1.95
1.97
2.20
1.95
1.94
1.96
1.96
1.95
1.96
1.96
1.96
1.95
1.94
1.95
1.94
1.95
1.98
1.99
1.98
2.02
1.96
1.94
1.97
1.93
1.96
1.98
1.94
1.93
CorWatt	PkgWatt
125.26	333.23
2.00	168.81
2.02
2.01
1.98
2.00
1.98
2.00
1.99
1.93
1.94
1.91
1.92
1.93
1.94
1.92
1.94
2.00
2.00
2.02
2.00
2.02
2.04
2.03
2.01
1.99
1.99
1.98
1.99
1.94
1.97
1.97
1.96
2.19	168.39
1.97
1.99
1.99
1.99
1.98
1.98
1.97
1.94
1.95
1.94
1.94
1.95
1.96
1.94
1.94
1.93
1.94
1.92
1.96
1.99
1.99
1.98
1.98
1.93
1.94
1.95
1.94
1.96
1.95
1.95
1.92
CorWatt	PkgWatt
126.50	339.10
2.01	169.23
2.01
2.00
1.98
1.99
1.98
2.00
1.99
1.92
1.93
1.90
1.91
1.93
1.94
1.92
1.93
2.15
2.01
2.06
2.01
2.02
2.03
2.03
2.02
1.98
1.99
1.98
1.98
1.94
1.96
1.95
1.95
1.95	169.06
1.99
1.96
1.94
2.02
1.97
2.00
1.97
1.94
1.97
1.97
1.94
1.95
1.96
2.02
1.93
1.93
1.95
1.93
1.94
1.99
1.99
2.01
1.98
1.93
1.94
1.94
1.95
1.98
1.97
1.95
1.95
