CorWatt	PkgWatt
162.33	444.97
2.10	183.13
2.14
2.12
2.07
2.11
2.10
2.10
2.12
2.04
1.98
1.99
1.98
2.00
2.05
2.04
2.04
2.06
2.12
2.13
2.09
2.14
2.14
2.12
2.11
2.03
2.06
2.04
2.41
2.07
2.07
2.11
2.09
2.28	193.70
2.22
2.36
2.50
2.17
2.17
2.16
2.18
2.68
2.97
2.76
2.83
2.25
2.33
2.43
2.48
2.13
2.51
2.20
2.21
2.93
2.91
2.86
2.64
2.26
2.64
2.60
2.67
2.68
2.22
2.46
2.26
CorWatt	PkgWatt
154.37	403.31
2.29	201.51
2.33
2.29
2.25
2.31
2.29
2.31
2.31
2.22
2.20
2.19
2.21
2.24
2.28
2.25
2.23
2.27
2.28
2.28
2.25
2.33
2.34
2.31
2.29
2.27
2.28
2.25
2.68
2.31
2.27
2.38
2.62
2.38	201.60
2.38
2.45
2.38
2.43
2.47
2.42
2.40
2.39
2.42
2.41
2.41
2.39
2.58
2.67
2.38
2.39
2.40
2.39
2.39
2.68
2.72
3.27
3.09
2.56
2.51
2.41
2.85
2.69
2.40
2.44
2.55
CorWatt	PkgWatt
156.14	405.46
2.38	207.17
2.46
2.41
2.51
2.53
2.52
2.51
2.52
2.45
2.55
2.45
2.56
2.35
2.30
2.38
2.38
2.38
2.48
2.55
2.39
2.48
2.65
2.44
2.52
2.37
2.37
2.40
2.67
2.51
2.41
2.44
2.35
2.38	198.71
2.48
2.37
2.36
2.42
2.38
2.40
2.39
2.45
2.48
2.39
2.41
2.43
2.39
2.40
2.60
2.41
2.49
2.65
2.36
2.47
2.47
2.49
2.52
2.33
2.37
2.36
2.32
2.40
2.40
2.36
2.48
CorWatt	PkgWatt
156.21	405.97
2.32	207.63
2.36
2.31
2.60
2.72
2.43
2.76
2.47
2.55
2.43
2.35
2.46
2.35
2.36
2.33
2.27
2.63
2.54
2.80
2.59
2.37
2.40
2.39
2.36
2.52
2.52
2.32
2.38
2.54
2.40
2.58
2.48
2.34	198.04
2.39
2.33
2.41
2.41
2.43
2.65
2.38
2.52
2.45
2.66
2.43
2.57
2.38
2.40
2.41
2.35
2.36
2.42
2.39
2.42
2.40
2.45
2.37
2.54
2.32
2.28
2.30
2.36
2.36
2.37
2.37
CorWatt	PkgWatt
154.37	403.83
2.43	206.94
2.33
2.41
2.68
2.53
2.62
2.49
2.50
2.23
2.23
2.20
2.22
2.26
2.26
2.24
2.21
2.91
2.55
2.81
2.28
2.33
2.38
2.34
2.32
2.79
2.65
2.49
2.30
2.57
2.48
2.47
2.59
2.34	196.88
2.37
2.39
2.37
2.38
2.39
2.40
2.52
2.56
2.67
2.43
2.37
2.35
2.38
2.38
2.36
2.34
2.36
2.34
2.36
2.34
2.41
2.39
2.36
2.31
2.37
2.32
2.34
2.35
2.35
2.33
2.35
CorWatt	PkgWatt
154.94	404.15
2.35	209.28
2.47
2.48
2.66
2.67
2.87
2.83
2.64
2.70
2.38
2.61
2.48
2.28
2.29
2.31
2.29
2.60
2.49
3.14
2.66
2.38
2.40
2.38
2.34
2.47
2.50
2.32
2.35
2.47
2.45
2.52
2.71
2.29	195.00
2.33
2.35
2.33
2.34
2.33
2.36
2.35
2.31
2.31
2.38
2.39
2.33
2.33
2.37
2.28
2.36
2.34
2.28
2.34
2.34
2.37
2.35
2.37
2.28
2.27
2.28
2.26
2.28
2.30
2.31
2.38
CorWatt	PkgWatt
153.09	402.32
2.47	209.21
2.43
2.51
2.71
2.85
2.75
2.86
2.63
2.45
2.35
2.54
2.58
2.31
2.40
2.30
2.31
2.59
2.68
2.85
2.88
2.38
2.42
2.40
2.36
2.39
2.35
2.34
2.37
2.64
2.43
2.42
2.33
2.25	192.93
2.31
2.30
2.34
2.28
2.28
2.31
2.28
2.24
2.25
2.23
2.25
2.33
2.32
2.32
2.28
2.20
2.21
2.20
2.19
2.34
2.34
2.33
2.34
2.28
2.30
2.24
2.26
2.22
2.29
2.27
2.22
CorWatt	PkgWatt
154.52	403.98
2.60	211.23
2.60
2.79
2.64
2.75
2.78
2.88
2.40
2.61
2.54
2.27
3.12
2.30
2.29
2.30
2.33
3.33
2.87
2.86
2.37
2.39
2.44
2.54
2.76
2.36
2.35
2.34
2.33
2.53
2.30
2.60
2.42
2.26	192.76
2.26
2.28
2.29
2.31
2.32
2.33
2.29
2.25
2.25
2.28
2.25
2.25
2.28
2.26
2.27
2.22
2.23
2.23
2.23
2.34
2.30
2.30
2.34
2.23
2.24
2.24
2.23
2.20
2.30
2.25
2.22
CorWatt	PkgWatt
155.37	405.90
2.71	210.49
2.56
2.67
2.90
2.36
2.30
3.01
2.41
2.57
2.52
2.34
2.85
2.36
2.26
2.25
2.32
2.90
2.85
3.15
2.89
2.60
2.39
2.46
2.41
2.26
2.30
2.26
2.36
2.23
2.44
2.59
2.26
2.35	195.50
2.35
2.35
2.35
2.36
2.36
2.35
2.36
2.32
2.32
2.33
2.33
2.34
2.34
2.34
2.34
2.31
2.32
2.31
2.30
2.41
2.32
2.36
2.38
2.27
2.32
2.31
2.31
2.31
2.30
2.34
2.32
CorWatt	PkgWatt
165.06	414.39
2.62	212.35
2.74
2.39
2.62
2.43
2.35
3.15
2.78
2.74
2.70
2.36
2.71
2.47
2.35
2.39
2.61
2.95
2.82
3.18
3.13
2.51
2.44
2.62
2.56
2.44
2.56
2.36
2.41
2.44
2.37
2.49
2.40
2.53	201.86
2.56
2.53
2.45
2.63
2.63
2.69
2.50
2.54
2.69
2.56
2.60
2.62
2.66
2.46
2.58
2.50
2.51
2.59
2.57
2.56
2.52
2.53
2.50
2.59
2.46
2.56
2.51
2.51
2.61
2.59
2.57
CorWatt	PkgWatt
212.84	455.26
2.84	226.93
3.18
3.09
3.07
4.02
2.73
3.53
3.52
3.38
3.14
2.74
2.74
2.86
2.82
2.92
3.01
2.96
3.61
4.25
3.62
3.20
2.95
2.91
3.52
2.79
2.82
2.85
3.10
2.83
2.82
2.92
2.96
3.92	228.29
3.66
3.10
3.11
3.77
3.71
3.61
3.25
3.22
3.81
3.55
3.50
3.77
3.88
3.39
3.45
3.39
3.43
3.34
3.94
3.79
3.78
2.97
3.46
3.60
3.64
3.47
3.57
3.24
3.86
3.42
3.55
CorWatt	PkgWatt
217.61	458.84
3.22	231.90
3.36
3.28
3.21
4.08
2.96
3.61
3.58
3.62
3.78
3.08
3.12
3.11
3.19
3.09
3.10
3.42
3.80
4.20
3.25
3.19
3.20
3.25
3.61
3.07
3.11
3.10
3.30
3.16
3.10
3.04
3.25
3.94	226.83
3.65
3.11
3.04
3.77
3.38
3.38
3.49
3.23
3.56
3.50
3.47
3.72
3.78
3.26
3.34
3.28
3.56
3.06
3.94
3.89
3.71
3.09
3.45
3.56
3.55
3.27
3.51
3.28
3.53
3.46
3.42
CorWatt	PkgWatt
226.15	461.39
3.91	239.70
3.75
3.75
3.71
3.74
3.80
3.82
3.82
3.62
3.69
3.57
3.46
3.73
3.66
3.64
3.59
3.64
3.68
3.82
3.72
3.84
3.79
3.95
3.81
3.70
3.73
3.68
3.74
3.71
3.72
3.61
3.80
3.40	221.68
3.34
3.37
3.33
3.36
3.37
3.36
3.40
3.27
3.26
3.32
3.28
3.24
3.28
3.22
3.27
3.36
3.41
3.34
3.38
3.48
3.50
3.37
3.47
3.31
3.30
3.28
3.33
3.32
3.34
3.36
3.31
CorWatt	PkgWatt
224.76	458.88
3.78	237.22
3.67
3.72
3.75
3.70
3.87
3.78
3.69
3.63
3.63
3.54
3.39
3.69
3.49
3.73
3.59
3.65
3.82
3.79
3.72
3.89
3.66
3.83
3.77
3.68
3.65
3.61
3.55
3.81
3.64
3.69
3.65
3.39	221.63
3.36
3.35
3.34
3.35
3.30
3.37
3.40
3.26
3.26
3.25
3.28
3.21
3.26
3.26
3.24
3.47
3.31
3.23
3.42
3.49
3.54
3.35
3.52
3.28
3.28
3.28
3.29
3.33
3.34
3.34
3.32
CorWatt	PkgWatt
217.92	443.98
3.81	228.41
3.46
3.62
3.64
3.68
3.76
3.66
3.19
3.65
3.53
3.58
3.50
3.52
3.23
3.76
3.02
3.20
3.62
3.67
3.32
3.75
3.81
3.78
3.75
3.58
3.57
3.53
3.35
3.82
3.53
3.40
3.16
3.33	215.61
3.32
3.19
3.25
3.29
3.24
3.35
3.33
3.14
3.22
3.18
3.16
3.19
3.19
3.21
3.17
3.26
3.24
3.17
3.26
3.42
3.47
3.33
3.39
3.28
3.23
3.26
3.26
3.30
3.28
3.31
3.31
CorWatt	PkgWatt
211.58	427.10
3.32	220.16
3.69
3.55
3.53
3.32
3.58
3.59
3.01
3.42
3.32
3.65
3.47
3.30
3.17
3.55
3.35
3.05
3.44
3.62
3.12
3.68
3.81
3.70
3.65
3.30
3.62
3.53
3.33
3.67
3.19
3.70
3.20
3.22	206.92
3.19
3.14
3.14
3.19
3.10
3.25
3.22
3.05
3.08
3.09
3.09
3.10
3.12
3.10
3.07
3.07
3.12
3.10
3.19
3.33
3.38
3.18
3.25
3.18
3.12
3.16
3.18
3.19
3.15
3.22
3.19
CorWatt	PkgWatt
211.55	425.94
3.32	219.86
3.62
3.41
3.52
3.42
3.57
3.50
3.72
3.53
3.44
3.61
3.39
3.29
3.42
3.49
3.39
3.12
3.44
3.33
3.19
3.66
3.70
3.69
3.64
3.45
3.40
3.59
3.45
3.44
3.20
3.63
3.34
3.19	206.09
3.17
3.16
3.14
3.16
3.09
3.23
3.23
3.04
3.06
3.07
3.05
3.07
3.08
3.09
3.05
2.97
3.16
3.11
3.15
3.30
3.33
3.21
3.24
3.16
3.11
3.14
3.18
3.16
3.19
3.20
3.16
