CorWatt	PkgWatt
14.97	126.88
0.55	126.89
0.48
0.53
0.44
0.49
0.55
0.50
0.48
0.40
0.43
0.47
0.40
0.53
0.55
0.58
0.53
0.46
0.50
0.45
0.46
0.39
0.39
0.38
0.39
0.37
0.37
0.39
0.38
0.52
0.53
0.53
0.55
CorWatt	PkgWatt
14.68	126.47
0.49	126.52
0.46
0.52
0.44
0.48
0.53
0.48
0.47
0.41
0.47
0.39
0.41
0.52
0.51
0.58
0.54
0.44
0.48
0.45
0.46
0.41
0.38
0.39
0.41
0.37
0.36
0.38
0.35
0.51
0.53
0.53
0.54
CorWatt	PkgWatt
62.23	175.66
0.97	175.68
2.02
1.99
2.08
3.43
2.02
2.05
1.97
1.99
1.91
1.91
1.92
2.02
2.03
2.06
2.04
1.90
1.95
1.84
1.80
2.08
1.88
1.73
1.70
1.86
1.83
1.66
1.69
2.12
2.04
1.87
1.89
CorWatt	PkgWatt
47.71	161.78
0.62	161.74
1.50
1.54
1.54
2.31
1.66
1.62
1.56
1.47
1.50
1.46
1.44
1.59
1.66
1.64
1.61
1.53
1.52
1.41
1.41
1.46
1.46
1.31
1.31
1.45
1.43
1.31
1.28
1.61
1.59
1.45
1.46
