CorWatt	PkgWatt
4.57	153.04
0.08	76.67
0.08
0.08
0.08
0.08
0.08
0.08
0.08
0.07
0.07
0.07
0.07
0.07
0.07
0.07
0.07
0.08
0.08
0.08
0.08
0.09
0.08
0.08
0.08
0.08
0.08
0.08
0.08
0.07
0.07
0.07
0.07
0.07	76.43
0.07
0.07
0.07
0.07
0.07
0.07
0.07
0.06
0.06
0.06
0.06
0.06
0.06
0.06
0.06
0.08
0.07
0.08
0.07
0.07
0.07
0.07
0.07
0.07
0.07
0.07
0.06
0.06
0.06
0.06
0.06
CorWatt	PkgWatt
4.44	151.64
0.08	75.82
0.08
0.08
0.08
0.07
0.07
0.07
0.07
0.07
0.07
0.06
0.06
0.06
0.06
0.06
0.06
0.07
0.07
0.07
0.07
0.09
0.08
0.08
0.08
0.07
0.07
0.07
0.07
0.07
0.06
0.07
0.06
0.07	75.83
0.06
0.06
0.07
0.07
0.10
0.07
0.07
0.06
0.06
0.06
0.07
0.06
0.06
0.07
0.06
0.08
0.07
0.06
0.07
0.07
0.08
0.07
0.07
0.10
0.08
0.06
0.06
0.07
0.06
0.06
0.06
