CorWatt	PkgWatt
15.50	128.87
0.58	128.88
0.48
0.52
0.48
0.53
0.53
0.53
0.52
0.53
0.52
0.39
0.40
0.53
0.54
0.58
0.55
0.48
0.49
0.46
0.48
0.45
0.42
0.43
0.41
0.38
0.37
0.41
0.39
0.55
0.53
0.53
0.52
CorWatt	PkgWatt
15.02	127.38
0.52	127.94
0.45
0.50
0.48
0.53
0.54
0.51
0.50
0.39
0.48
0.38
0.40
0.52
0.52
0.58
0.53
0.45
0.48
0.47
0.47
0.43
0.47
0.46
0.40
0.37
0.37
0.41
0.37
0.52
0.50
0.51
0.51
CorWatt	PkgWatt
70.79	167.47
1.77	189.82
2.29
2.34
2.36
2.37
2.37
2.37
2.33
2.29
2.33
2.29
2.26
2.42
2.45
2.45
2.45
2.37
2.38
2.19
2.23
2.39
2.37
2.16
2.10
2.40
3.28
2.16
2.16
2.58
2.74
2.29
2.30
