CorWatt	PkgWatt
15.41	128.15
0.55	128.15
0.48
0.49
0.47
0.53
0.53
0.53
0.51
0.49
0.47
0.46
0.42
0.53
0.55
0.52
0.56
0.48
0.50
0.47
0.50
0.45
0.44
0.43
0.41
0.37
0.38
0.38
0.36
0.55
0.53
0.52
0.53
CorWatt	PkgWatt
14.83	127.55
0.52	127.53
0.47
0.46
0.47
0.50
0.58
0.50
0.49
0.48
0.44
0.39
0.40
0.53
0.55
0.50
0.54
0.44
0.51
0.45
0.51
0.40
0.42
0.38
0.39
0.35
0.37
0.37
0.36
0.52
0.52
0.51
0.50
CorWatt	PkgWatt
68.34	182.59
0.96	182.73
2.32
2.19
2.17
2.25
2.30
2.33
2.20
2.16
2.13
3.55
2.06
2.24
2.24
2.25
2.23
2.11
2.14
1.93
1.98
2.06
2.12
1.88
1.89
2.06
2.09
1.92
1.95
2.28
2.23
2.07
2.09
