CorWatt	PkgWatt
15.42	128.09
0.57	128.08
0.52
0.49
0.46
0.57
0.54
0.54
0.52
0.48
0.56
0.41
0.43
0.52
0.53
0.53
0.55
0.46
0.47
0.46
0.48
0.40
0.44
0.40
0.44
0.39
0.38
0.37
0.39
0.55
0.50
0.52
0.52
CorWatt	PkgWatt
15.13	127.49
0.53	127.84
0.52
0.47
0.50
0.56
0.55
0.52
0.51
0.48
0.47
0.41
0.41
0.52
0.53
0.53
0.53
0.45
0.46
0.46
0.48
0.43
0.43
0.39
0.43
0.36
0.37
0.37
0.38
0.53
0.53
0.53
0.50
CorWatt	PkgWatt
68.23	182.58
1.41	182.17
2.11
2.18
2.13
2.25
2.24
2.20
2.16
2.09
2.09
2.10
2.04
2.20
2.20
2.29
2.27
2.19
3.32
2.04
2.10
2.11
2.08
1.89
2.07
2.07
2.00
1.85
1.90
2.23
2.21
2.08
2.06
