CorWatt	PkgWatt
4.65	151.80
0.09	76.32
0.09
0.09
0.09
0.09
0.08
0.08
0.08
0.08
0.08
0.08
0.08
0.07
0.08
0.07
0.07
0.08
0.08
0.08
0.08
0.10
0.09
0.09
0.09
0.08
0.09
0.09
0.09
0.08
0.08
0.08
0.07
0.07	75.45
0.07
0.06
0.07
0.07
0.07
0.07
0.07
0.06
0.06
0.06
0.06
0.06
0.06
0.06
0.06
0.06
0.06
0.06
0.06
0.07
0.07
0.07
0.07
0.06
0.06
0.06
0.06
0.06
0.06
0.06
0.06
CorWatt	PkgWatt
4.50	151.08
0.09	76.18
0.08
0.09
0.08
0.08
0.08
0.08
0.13
0.08
0.08
0.08
0.08
0.07
0.07
0.07
0.08
0.08
0.08
0.10
0.10
0.09
0.08
0.08
0.10
0.09
0.08
0.08
0.09
0.11
0.08
0.08
0.07
0.06	75.11
0.06
0.06
0.06
0.06
0.06
0.06
0.05
0.05
0.05
0.05
0.05
0.05
0.05
0.05
0.05
0.06
0.05
0.05
0.05
0.07
0.07
0.07
0.07
0.05
0.05
0.05
0.05
0.05
0.05
0.05
0.06
