CorWatt	PkgWatt
15.42	127.92
0.53	127.90
0.49
0.53
0.46
0.50
0.52
0.53
0.52
0.46
0.45
0.43
0.39
0.55
0.54
0.52
0.55
0.53
0.55
0.62
0.50
0.42
0.43
0.41
0.41
0.37
0.37
0.38
0.37
0.54
0.51
0.52
0.52
CorWatt	PkgWatt
15.07	126.83
0.52	127.51
0.45
0.49
0.46
0.48
0.52
0.48
0.50
0.46
0.46
0.42
0.43
0.50
0.56
0.50
0.54
0.50
0.55
0.53
0.50
0.44
0.41
0.40
0.40
0.38
0.38
0.40
0.37
0.52
0.50
0.51
0.53
CorWatt	PkgWatt
18.04	130.70
0.64	130.04
0.56
0.60
0.63
0.68
0.65
0.61
0.61
0.57
0.52
0.57
0.49
0.57
0.57
0.57
0.59
0.59
0.65
0.58
0.58
0.48
0.43
0.49
0.45
0.46
0.45
0.46
0.46
0.61
0.59
0.59
0.69
CorWatt	PkgWatt
14.94	127.30
0.55	127.26
0.48
0.52
0.50
0.51
0.50
0.51
0.54
0.49
0.46
0.41
0.39
0.50
0.54
0.50
0.52
0.48
0.48
0.47
0.49
0.41
0.40
0.39
0.41
0.36
0.37
0.37
0.37
0.52
0.50
0.50
0.52
CorWatt	PkgWatt
19.68	133.16
0.64	132.31
0.62
0.64
0.62
0.66
0.66
0.67
0.66
0.55
0.57
0.54
0.53
0.68
0.66
0.64
0.66
0.63
0.62
0.60
0.65
0.53
0.53
0.54
0.54
0.51
0.51
0.51
0.50
0.70
0.69
0.69
0.87
