CorWatt	PkgWatt
131.91	342.97
2.37	172.52
2.26
2.04
2.14
2.02
2.01
2.03
2.07
2.00
2.11
1.94
1.97
1.96
1.96
1.96
1.96
2.02
2.03
2.11
2.02
2.12
2.44
2.35
2.11
2.00
2.02
2.01
2.02
1.97
1.99
1.99
1.98
2.11	177.63
2.36
2.24
2.01
2.06
2.10
2.21
2.09
1.98
2.27
2.00
2.15
2.07
2.19
2.25
2.09
2.07
2.27
2.02
2.18
2.11
2.39
2.26
2.29
2.11
1.98
2.11
2.13
2.15
2.31
2.08
2.03
CorWatt	PkgWatt
151.70	395.01
2.65	175.88
2.25
2.24
2.16
2.06
2.04
2.08
2.14
2.03
2.19
1.97
2.09
1.99
1.99
1.99
2.00
2.16
2.07
2.10
2.05
2.32
2.62
2.52
2.22
2.03
2.05
2.04
2.05
2.00
2.01
2.05
2.05
2.40	187.64
2.43
2.55
2.16
2.25
2.22
2.35
2.36
2.13
2.26
2.17
2.21
2.54
2.19
2.43
2.25
2.20
2.38
2.26
2.38
2.20
2.58
2.44
2.44
2.34
2.04
2.30
2.27
2.42
2.64
2.30
2.35
CorWatt	PkgWatt
135.64	346.87
2.34	173.51
2.19
2.19
2.15
2.04
2.02
2.04
2.08
1.98
2.01
1.94
2.05
1.97
1.98
1.97
1.97
2.04
2.07
2.09
2.03
2.28
2.25
2.22
2.24
2.02
2.03
2.02
2.02
1.98
2.01
2.08
1.99
2.45	182.66
2.31
2.40
2.31
2.51
2.41
2.59
2.50
2.04
2.13
2.14
2.04
2.39
2.31
2.09
2.26
2.09
2.24
2.22
2.21
2.22
2.30
2.15
2.28
2.25
2.03
2.05
2.08
2.10
2.28
2.15
2.22
CorWatt	PkgWatt
123.97	327.92
1.99	168.08
2.00
2.00
1.97
1.99
1.97
1.99
1.98
1.91
1.93
1.89
1.93
1.93
1.93
1.92
1.93
1.98
2.00
2.01
1.98
2.01
2.02
2.02
2.00
1.96
1.98
1.97
1.98
1.93
1.95
1.95
1.94
1.97	168.68
1.99
1.98
1.97
1.97
1.98
1.98
1.98
1.93
2.14
1.96
1.93
1.96
1.96
1.96
1.95
1.94
1.94
1.96
1.95
1.99
2.01
2.00
2.02
1.93
1.95
1.95
1.94
1.95
1.96
1.96
1.94
CorWatt	PkgWatt
126.28	339.12
2.02	168.46
1.99
2.00
1.97
1.99
1.97
1.99
1.98
1.91
1.93
1.90
1.93
1.93
1.93
1.92
1.93
1.98
1.99
2.01
1.98
2.02
2.02
2.02
2.00
1.97
1.98
1.97
1.98
1.93
1.95
1.95
1.95
1.96	168.53
1.97
1.96
1.96
1.97
1.98
1.98
1.98
1.94
1.98
1.98
1.94
1.96
1.96
1.94
1.96
1.94
1.94
1.93
1.94
2.01
1.97
1.96
2.03
1.96
1.94
1.94
1.94
1.95
1.96
1.96
1.95
CorWatt	PkgWatt
142.24	354.86
3.01	177.24
2.46
2.93
2.85
2.05
2.02
2.04
2.03
1.97
1.99
1.95
1.98
1.98
1.99
1.98
1.98
2.03
2.04
2.07
2.03
2.45
2.16
2.31
2.30
2.02
2.03
2.03
2.04
2.00
2.12
2.38
2.01
2.69	189.89
2.69
2.53
2.80
2.36
2.28
2.55
2.47
2.17
2.02
2.41
2.01
2.69
2.13
2.51
2.39
2.35
2.73
2.51
2.34
2.71
2.68
2.25
2.66
2.61
2.37
2.01
2.00
2.03
2.46
2.80
2.44
CorWatt	PkgWatt
151.62	377.76
2.72	177.54
2.31
2.93
2.72
2.07
2.05
2.07
2.06
1.99
2.01
1.97
2.00
2.12
2.01
2.01
2.01
2.05
2.07
2.09
2.05
2.35
2.34
2.28
2.24
2.04
2.06
2.05
2.07
2.02
2.28
2.13
2.09
2.43	195.95
2.57
2.67
2.57
2.47
2.27
2.10
2.34
2.31
2.29
2.25
2.04
2.79
2.37
2.55
2.43
2.54
2.97
2.67
2.86
2.62
2.75
2.49
2.61
2.69
2.59
2.41
2.57
2.66
2.66
2.55
2.45
CorWatt	PkgWatt
147.48	369.90
2.51	177.23
2.30
3.05
2.83
2.05
2.03
2.06
2.04
1.98
1.99
1.96
1.99
2.08
2.00
1.99
2.04
2.04
2.05
2.11
2.04
2.41
2.16
2.42
2.24
2.02
2.04
2.04
2.04
2.08
2.25
2.02
2.16
2.55	193.48
2.47
3.05
2.36
2.50
2.22
2.15
2.48
2.17
2.32
2.17
2.15
2.58
2.45
2.73
2.35
2.48
2.60
2.58
2.44
2.87
2.51
2.38
2.70
2.35
2.24
2.29
2.47
2.50
2.74
2.24
2.64
CorWatt	PkgWatt
152.98	390.44
2.65	177.39
2.68
2.96
2.46
2.06
2.03
2.05
2.04
1.98
1.99
1.96
1.99
2.07
2.04
1.99
2.02
2.04
2.05
2.07
2.04
2.19
2.33
2.44
2.20
2.03
2.04
2.04
2.04
2.12
2.17
2.04
2.18
2.76	193.88
2.23
2.90
2.55
2.57
2.25
2.23
2.44
2.19
2.33
2.21
2.19
2.50
2.72
2.61
2.28
2.38
2.78
2.46
2.56
2.37
2.67
2.77
2.69
2.31
2.28
2.18
2.56
2.48
2.46
2.58
2.52
CorWatt	PkgWatt
141.95	350.61
2.68	177.11
2.81
2.81
2.48
2.05
2.03
2.06
2.04
1.98
1.99
1.95
1.99
2.12
2.00
1.99
2.00
2.04
2.05
2.07
2.03
2.09
2.24
2.63
2.14
2.03
2.04
2.03
2.04
2.00
2.15
2.17
2.16
2.73	193.52
2.39
2.53
2.74
2.35
2.43
2.15
2.49
2.17
2.41
2.29
2.07
2.44
2.82
2.42
2.22
2.30
2.81
2.46
2.25
2.61
2.53
2.64
2.51
2.33
2.34
2.06
2.45
2.49
2.78
3.03
2.68
CorWatt	PkgWatt
153.26	384.40
2.59	178.02
2.59
2.78
2.58
2.08
2.05
2.08
2.06
2.00
2.02
1.98
2.01
2.13
2.02
2.01
2.02
2.06
2.08
2.09
2.06
2.11
2.32
2.56
2.14
2.06
2.07
2.05
2.06
2.03
2.16
2.13
2.17
2.86	197.78
2.57
2.67
2.67
2.36
2.41
2.22
2.48
2.29
2.39
2.09
2.04
2.38
2.77
2.49
2.27
2.27
2.72
2.32
2.46
2.63
2.59
2.48
2.46
2.26
2.34
2.25
2.38
3.21
3.37
3.91
3.52
CorWatt	PkgWatt
152.33	378.61
2.57	177.45
2.57
2.92
2.39
2.08
2.06
2.08
2.07
2.00
2.01
1.98
2.01
2.03
2.14
2.06
2.02
2.06
2.08
2.09
2.06
2.15
2.42
2.38
2.17
2.05
2.06
2.06
2.07
2.03
2.10
2.04
2.32
3.06	197.41
2.78
2.95
2.70
2.24
2.32
2.34
2.40
2.28
2.51
2.07
2.19
2.48
2.87
2.27
2.33
2.57
2.42
2.40
2.46
2.73
2.66
2.59
2.49
2.22
2.73
2.45
2.44
2.73
2.71
3.22
2.90
CorWatt	PkgWatt
152.42	385.32
2.64	177.37
2.69
2.68
2.59
2.06
2.03
2.06
2.05
1.98
2.00
1.96
2.00
2.04
2.05
2.00
2.04
2.05
2.06
2.08
2.04
2.44
2.44
2.17
2.18
2.04
2.05
2.04
2.05
2.01
2.03
2.03
2.40
2.74	194.38
2.51
2.70
2.36
2.37
2.56
2.40
2.25
2.17
2.42
2.18
2.33
2.83
2.97
2.29
2.45
2.45
2.26
2.63
2.21
2.80
2.98
2.61
2.57
2.39
2.44
2.23
2.70
2.54
2.32
2.35
2.31
CorWatt	PkgWatt
143.84	357.81
2.85	177.03
2.45
2.61
2.79
2.05
2.03
2.05
2.04
1.97
1.99
1.96
1.98
2.00
2.00
1.98
2.13
2.04
2.05
2.07
2.04
2.32
2.38
2.22
2.26
2.02
2.04
2.04
2.04
2.00
2.02
2.10
2.30
2.63	193.41
2.48
2.87
2.45
2.48
2.41
2.22
2.45
2.47
2.29
2.16
2.09
2.96
3.00
2.24
2.31
2.27
2.49
2.63
2.13
2.64
2.98
2.39
2.73
2.33
2.32
2.47
2.31
2.56
2.54
2.21
2.19
CorWatt	PkgWatt
146.53	367.42
2.59	176.87
2.44
2.64
2.95
2.05
2.03
2.05
2.05
1.98
2.00
1.96
1.99
2.00
2.00
1.99
2.13
2.04
2.05
2.07
2.04
2.22
2.51
2.18
2.20
2.03
2.04
2.04
2.05
2.01
2.03
2.15
2.28
2.32	194.40
2.51
2.95
2.43
2.46
2.27
2.10
2.36
2.37
2.31
2.39
2.12
2.63
2.98
2.76
2.31
2.37
2.58
2.53
2.05
2.62
2.62
2.74
2.74
2.28
2.23
2.44
2.41
2.62
2.57
2.78
2.55
CorWatt	PkgWatt
151.00	377.35
2.31	177.07
2.33
2.74
2.99
2.07
2.04
2.07
2.06
1.99
2.01
1.98
2.00
2.01
2.03
2.00
2.14
2.06
2.06
2.11
2.06
2.26
2.52
2.12
2.25
2.04
2.06
2.04
2.06
2.02
2.03
2.17
2.28
2.71	196.66
2.83
2.84
2.58
2.27
2.10
2.13
2.37
2.24
2.30
2.32
2.32
2.49
2.81
2.70
2.42
2.22
2.66
2.39
2.24
3.16
3.03
3.20
2.90
2.28
2.38
2.47
2.38
2.58
2.69
2.54
2.59
CorWatt	PkgWatt
147.52	361.17
2.43	183.64
2.67
2.88
2.65
2.12
2.11
2.12
2.11
2.06
2.07
2.03
2.06
2.12
2.08
2.11
2.12
2.12
2.14
2.24
2.23
2.54
3.22
3.07
2.59
2.11
2.12
2.12
2.11
2.09
2.11
2.23
2.33
2.46	195.26
2.61
2.58
2.60
2.39
2.25
2.25
2.42
2.25
2.32
2.29
2.35
2.52
2.78
2.66
2.43
2.48
2.52
2.49
2.51
2.75
2.69
2.58
2.57
2.34
2.41
2.40
2.40
2.56
2.47
2.69
2.43
CorWatt	PkgWatt
165.60	416.92
2.63	185.59
2.67
2.70
2.60
2.20
2.18
2.20
2.20
2.12
2.13
2.10
2.14
2.21
2.18
2.20
2.14
2.19
2.31
2.29
2.19
2.78
3.06
2.65
2.84
2.17
2.19
2.18
2.19
2.30
2.18
2.35
2.34
2.47	197.04
2.59
2.46
2.67
2.32
2.45
2.33
2.37
2.45
2.44
2.40
2.37
2.55
2.70
2.68
2.59
2.39
2.42
2.40
2.46
2.77
2.59
2.59
2.51
2.47
2.52
2.47
2.56
2.50
2.55
2.78
2.57
