CorWatt	PkgWatt
15.09	127.16
0.55	127.15
0.45
0.55
0.44
0.50
0.49
0.51
0.51
0.43
0.46
0.44
0.41
0.54
0.57
0.52
0.53
0.48
0.47
0.47
0.49
0.40
0.40
0.40
0.39
0.37
0.40
0.40
0.44
0.53
0.52
0.52
0.51
CorWatt	PkgWatt
14.68	126.74
0.53	126.76
0.45
0.50
0.49
0.48
0.49
0.51
0.50
0.40
0.43
0.40
0.37
0.53
0.58
0.52
0.53
0.47
0.49
0.45
0.46
0.38
0.40
0.43
0.38
0.35
0.37
0.37
0.37
0.53
0.52
0.52
0.49
CorWatt	PkgWatt
20.84	132.03
0.82	132.02
0.68
0.66
0.73
0.72
0.75
0.75
0.77
0.58
0.58
0.56
0.53
0.70
0.78
0.63
0.65
0.67
0.65
0.70
0.64
0.67
0.61
0.63
0.60
0.50
0.56
0.59
0.56
0.72
0.62
0.60
0.62
CorWatt	PkgWatt
16.04	127.71
0.62	127.70
0.53
0.51
0.55
0.50
0.52
0.53
0.54
0.46
0.52
0.44
0.52
0.57
0.60
0.55
0.59
0.49
0.52
0.52
0.51
0.43
0.42
0.43
0.43
0.38
0.39
0.47
0.41
0.52
0.51
0.51
0.55
CorWatt	PkgWatt
15.63	127.48
0.57	127.48
0.54
0.52
0.53
0.53
0.49
0.49
0.53
0.45
0.51
0.39
0.44
0.55
0.54
0.52
0.51
0.51
0.50
0.48
0.52
0.43
0.42
0.52
0.46
0.43
0.37
0.43
0.36
0.53
0.49
0.51
0.53
CorWatt	PkgWatt
16.16	127.81
0.58	127.83
0.54
0.61
0.57
0.55
0.55
0.53
0.58
0.45
0.47
0.39
0.39
0.61
0.64
0.62
0.62
0.49
0.50
0.51
0.46
0.40
0.46
0.45
0.43
0.35
0.41
0.46
0.43
0.56
0.50
0.55
0.52
CorWatt	PkgWatt
15.45	127.40
0.56	127.37
0.54
0.49
0.48
0.54
0.53
0.55
0.53
0.45
0.48
0.43
0.41
0.62
0.56
0.51
0.55
0.48
0.49
0.48
0.49
0.39
0.39
0.43
0.40
0.38
0.37
0.40
0.40
0.52
0.51
0.55
0.53
CorWatt	PkgWatt
15.48	127.26
0.60	127.27
0.55
0.50
0.54
0.51
0.60
0.53
0.57
0.44
0.44
0.37
0.41
0.52
0.58
0.51
0.52
0.47
0.50
0.44
0.47
0.41
0.38
0.39
0.38
0.42
0.39
0.46
0.41
0.55
0.52
0.55
0.55
CorWatt	PkgWatt
15.33	127.28
0.56	127.28
0.50
0.53
0.44
0.53
0.52
0.52
0.54
0.44
0.44
0.37
0.40
0.53
0.55
0.52
0.54
0.46
0.49
0.44
0.45
0.43
0.41
0.38
0.40
0.41
0.41
0.41
0.47
0.57
0.55
0.55
0.55
CorWatt	PkgWatt
15.48	127.28
0.56	127.27
0.52
0.56
0.50
0.54
0.62
0.54
0.55
0.47
0.45
0.38
0.41
0.54
0.53
0.50
0.54
0.46
0.51
0.49
0.50
0.39
0.38
0.44
0.42
0.40
0.37
0.43
0.42
0.51
0.50
0.54
0.50
CorWatt	PkgWatt
15.35	127.36
0.63	127.35
0.53
0.55
0.49
0.56
0.55
0.55
0.59
0.44
0.43
0.37
0.43
0.51
0.54
0.53
0.54
0.46
0.49
0.45
0.46
0.42
0.40
0.41
0.41
0.36
0.37
0.41
0.35
0.52
0.50
0.56
0.53
CorWatt	PkgWatt
15.40	127.24
0.51	127.26
0.54
0.58
0.48
0.53
0.62
0.55
0.57
0.46
0.42
0.36
0.37
0.53
0.55
0.50
0.50
0.49
0.48
0.44
0.46
0.41
0.41
0.48
0.41
0.37
0.40
0.43
0.40
0.51
0.51
0.55
0.53
CorWatt	PkgWatt
19.15	130.18
0.65	130.19
0.67
0.67
0.59
0.62
0.59
0.61
0.63
0.56
0.54
0.60
0.57
0.68
0.71
0.68
0.67
0.56
0.61
0.56
0.57
0.50
0.53
0.47
0.45
0.52
0.57
0.58
0.51
0.72
0.61
0.70
0.68
