CorWatt	PkgWatt
15.82	128.27
0.55	128.28
0.49
0.49
0.53
0.54
0.53
0.52
0.52
0.49
0.47
0.43
0.43
0.57
0.56
0.56
0.64
0.48
0.50
0.50
0.50
0.43
0.45
0.43
0.42
0.40
0.38
0.39
0.42
0.57
0.54
0.55
0.53
CorWatt	PkgWatt
14.82	127.29
0.51	127.46
0.46
0.46
0.49
0.51
0.51
0.50
0.54
0.47
0.45
0.45
0.38
0.50
0.54
0.52
0.52
0.45
0.51
0.47
0.48
0.41
0.42
0.38
0.39
0.37
0.36
0.37
0.37
0.52
0.52
0.51
0.50
CorWatt	PkgWatt
68.85	182.75
1.34	182.57
2.12
2.20
2.14
2.23
2.19
2.22
2.15
2.13
2.10
2.14
2.06
2.25
2.21
2.29
2.26
2.34
2.16
2.03
2.04
2.12
2.17
1.97
1.91
2.11
2.08
3.09
2.02
2.29
2.27
2.09
2.08
