CorWatt	PkgWatt
15.29	128.01
0.54	128.02
0.46
0.50
0.46
0.52
0.53
0.54
0.52
0.42
0.47
0.47
0.50
0.54
0.57
0.60
0.55
0.47
0.51
0.46
0.47
0.40
0.40
0.39
0.40
0.38
0.37
0.39
0.38
0.53
0.52
0.52
0.53
CorWatt	PkgWatt
15.07	126.77
0.53	127.47
0.47
0.48
0.45
0.54
0.53
0.50
0.51
0.42
0.47
0.44
0.41
0.52
0.58
0.58
0.60
0.47
0.51
0.46
0.47
0.41
0.40
0.39
0.39
0.39
0.36
0.38
0.36
0.52
0.53
0.51
0.51
CorWatt	PkgWatt
68.95	163.50
0.91	186.97
2.23
2.30
2.30
2.36
2.36
2.33
2.28
2.26
2.27
2.26
2.24
2.36
2.35
2.41
2.42
2.36
2.35
2.14
2.18
2.30
2.31
2.10
2.06
2.36
2.34
2.11
2.11
2.56
2.55
4.06
2.32
