CorWatt	PkgWatt
15.12	127.25
0.55	127.24
0.48
0.51
0.45
0.52
0.50
0.51
0.56
0.38
0.47
0.42
0.38
0.51
0.51
0.52
0.51
0.50
0.49
0.46
0.56
0.43
0.40
0.41
0.42
0.44
0.37
0.40
0.36
0.54
0.54
0.54
0.52
CorWatt	PkgWatt
14.68	126.51
0.50	126.66
0.47
0.48
0.49
0.50
0.50
0.53
0.53
0.39
0.46
0.41
0.37
0.50
0.52
0.50
0.52
0.52
0.48
0.45
0.46
0.41
0.40
0.40
0.39
0.42
0.36
0.37
0.35
0.51
0.50
0.50
0.51
CorWatt	PkgWatt
20.78	131.99
0.74	131.86
0.68
0.69
0.61
0.60
0.62
0.68
0.74
0.57
0.73
0.62
0.58
0.69
0.71
0.65
0.74
0.66
0.71
0.55
0.67
0.50
0.48
0.56
0.48
0.66
0.67
0.65
0.55
0.74
0.77
0.69
0.75
CorWatt	PkgWatt
16.25	127.81
0.53	127.79
0.54
0.52
0.50
0.58
0.56
0.55
0.66
0.49
0.50
0.46
0.43
0.58
0.55
0.55
0.56
0.50
0.50
0.49
0.55
0.40
0.39
0.44
0.41
0.47
0.41
0.41
0.39
0.57
0.60
0.57
0.59
CorWatt	PkgWatt
15.63	127.52
0.57	127.51
0.57
0.54
0.51
0.54
0.54
0.62
0.55
0.42
0.50
0.45
0.43
0.54
0.56
0.52
0.57
0.48
0.46
0.44
0.53
0.43
0.38
0.38
0.38
0.47
0.36
0.37
0.36
0.57
0.51
0.53
0.55
CorWatt	PkgWatt
16.41	128.01
0.58	128.03
0.52
0.52
0.49
0.50
0.54
0.54
0.54
0.49
0.53
0.50
0.51
0.56
0.56
0.63
0.62
0.51
0.51
0.50
0.56
0.44
0.41
0.43
0.41
0.51
0.45
0.45
0.44
0.56
0.57
0.50
0.52
CorWatt	PkgWatt
15.41	127.40
0.52	127.38
0.43
0.47
0.44
0.48
0.52
0.55
0.54
0.41
0.49
0.43
0.39
0.55
0.57
0.54
0.56
0.47
0.46
0.47
0.50
0.42
0.39
0.38
0.38
0.45
0.48
0.43
0.40
0.58
0.57
0.55
0.57
CorWatt	PkgWatt
15.57	127.33
0.50	127.32
0.44
0.47
0.50
0.50
0.54
0.56
0.49
0.44
0.51
0.46
0.44
0.57
0.55
0.61
0.57
0.46
0.49
0.45
0.52
0.44
0.41
0.42
0.40
0.45
0.39
0.38
0.36
0.54
0.56
0.59
0.56
CorWatt	PkgWatt
15.40	127.35
0.51	127.35
0.45
0.47
0.44
0.48
0.52
0.58
0.50
0.45
0.49
0.42
0.46
0.55
0.57
0.64
0.55
0.50
0.48
0.45
0.50
0.44
0.41
0.41
0.42
0.46
0.38
0.35
0.35
0.57
0.53
0.53
0.54
CorWatt	PkgWatt
15.65	127.38
0.53	127.38
0.43
0.46
0.49
0.51
0.53
0.57
0.48
0.40
0.47
0.40
0.46
0.54
0.57
0.54
0.54
0.53
0.50
0.47
0.46
0.44
0.42
0.43
0.41
0.49
0.42
0.43
0.39
0.63
0.62
0.54
0.55
CorWatt	PkgWatt
15.48	127.44
0.53	127.44
0.47
0.49
0.46
0.51
0.53
0.50
0.52
0.40
0.43
0.37
0.43
0.50
0.52
0.53
0.51
0.52
0.54
0.49
0.49
0.46
0.43
0.40
0.51
0.48
0.39
0.40
0.40
0.59
0.52
0.58
0.57
CorWatt	PkgWatt
15.72	127.41
0.54	127.40
0.50
0.48
0.45
0.49
0.54
0.53
0.50
0.44
0.48
0.41
0.46
0.52
0.55
0.53
0.54
0.53
0.51
0.48
0.46
0.50
0.42
0.43
0.45
0.47
0.41
0.40
0.46
0.58
0.57
0.55
0.53
CorWatt	PkgWatt
18.65	130.02
0.60	130.03
0.47
0.50
0.49
0.53
0.56
0.54
0.53
0.50
0.49
0.49
0.53
0.57
0.58
0.63
0.61
0.68
0.77
0.74
0.72
0.63
0.78
0.69
0.60
0.64
0.40
0.40
0.43
0.61
0.64
0.60
0.68
