CorWatt	PkgWatt
14.87	127.39
0.50	127.38
0.46
0.45
0.43
0.52
0.50
0.49
0.53
0.42
0.46
0.37
0.40
0.52
0.52
0.49
0.54
0.49
0.47
0.47
0.52
0.41
0.40
0.44
0.40
0.35
0.36
0.37
0.36
0.57
0.56
0.59
0.53
CorWatt	PkgWatt
14.95	126.65
0.50	127.23
0.47
0.47
0.44
0.50
0.52
0.49
0.54
0.41
0.43
0.37
0.41
0.51
0.54
0.51
0.54
0.47
0.47
0.47
0.51
0.40
0.43
0.41
0.39
0.39
0.40
0.38
0.36
0.58
0.58
0.56
0.54
CorWatt	PkgWatt
17.50	130.34
0.56	129.79
0.62
0.45
0.44
0.60
0.57
0.70
0.60
0.46
0.55
0.42
0.43
0.57
0.68
0.63
0.57
0.57
0.54
0.55
0.59
0.50
0.45
0.46
0.42
0.46
0.51
0.47
0.51
0.62
0.64
0.71
0.61
CorWatt	PkgWatt
15.91	128.10
0.53	127.99
0.45
0.46
0.46
0.57
0.53
0.51
0.53
0.45
0.45
0.52
0.40
0.52
0.53
0.51
0.53
0.49
0.48
0.52
0.50
0.51
0.51
0.50
0.55
0.44
0.48
0.43
0.37
0.55
0.57
0.53
0.53
