CorWatt	PkgWatt
15.20	127.25
0.57	127.23
0.46
0.49
0.45
0.50
0.51
0.55
0.49
0.42
0.44
0.41
0.41
0.54
0.65
0.54
0.55
0.51
0.50
0.49
0.47
0.43
0.46
0.43
0.40
0.40
0.36
0.37
0.36
0.51
0.52
0.51
0.52
CorWatt	PkgWatt
14.51	126.58
0.50	126.65
0.44
0.48
0.44
0.49
0.51
0.54
0.47
0.38
0.42
0.37
0.39
0.51
0.54
0.50
0.51
0.45
0.51
0.46
0.49
0.42
0.42
0.42
0.38
0.36
0.36
0.36
0.35
0.52
0.51
0.50
0.51
CorWatt	PkgWatt
23.68	134.65
0.79	134.70
0.67
0.69
0.79
0.69
0.69
2.73
0.84
0.62
0.62
0.55
0.57
0.78
0.69
0.66
0.63
0.65
0.69
0.72
0.69
0.63
0.69
0.69
0.68
0.63
0.57
0.57
0.62
0.69
0.68
0.77
0.69
CorWatt	PkgWatt
17.06	128.51
0.91	128.44
0.79
0.94
0.66
0.52
0.51
0.66
0.52
0.44
0.47
0.42
0.47
0.63
0.56
0.54
0.52
0.46
0.48
0.48
0.46
0.50
0.47
0.46
0.42
0.41
0.35
0.37
0.43
0.54
0.54
0.59
0.55
CorWatt	PkgWatt
17.36	128.71
0.78	128.69
0.93
1.02
0.81
0.50
0.50
0.63
0.52
0.41
0.52
0.41
0.45
0.58
0.55
0.54
0.62
0.50
0.50
0.50
0.51
0.42
0.41
0.47
0.43
0.45
0.37
0.38
0.36
0.60
0.58
0.55
0.57
CorWatt	PkgWatt
18.40	129.39
0.78	129.45
1.05
0.73
0.94
0.57
0.57
0.67
0.56
0.52
0.53
0.54
0.48
0.61
0.59
0.65
0.57
0.50
0.57
0.55
0.51
0.45
0.43
0.49
0.43
0.47
0.42
0.40
0.44
0.60
0.57
0.61
0.62
CorWatt	PkgWatt
16.77	128.33
0.74	128.29
0.90
1.06
0.73
0.49
0.50
0.62
0.48
0.40
0.43
0.37
0.42
0.56
0.53
0.51
0.52
0.48
0.48
0.49
0.46
0.45
0.41
0.45
0.44
0.40
0.40
0.37
0.43
0.55
0.52
0.59
0.56
CorWatt	PkgWatt
16.99	128.36
0.72	128.36
0.92
1.06
0.71
0.49
0.50
0.64
0.51
0.38
0.46
0.44
0.45
0.54
0.56
0.49
0.55
0.56
0.49
0.51
0.51
0.44
0.51
0.47
0.43
0.36
0.35
0.35
0.40
0.57
0.53
0.57
0.54
CorWatt	PkgWatt
18.15	130.41
0.56	130.39
0.46
3.18
0.47
0.52
0.54
0.62
0.54
0.41
0.46
0.40
0.46
0.53
0.51
0.52
0.54
0.47
0.46
0.48
0.46
0.44
0.39
0.44
0.42
0.41
0.40
0.40
0.42
0.56
0.52
0.61
0.56
CorWatt	PkgWatt
17.92	130.08
0.56	130.09
0.50
3.17
0.48
0.60
0.59
0.64
0.54
0.38
0.42
0.38
0.45
0.54
0.50
0.50
0.54
0.45
0.47
0.47
0.45
0.43
0.38
0.44
0.42
0.39
0.38
0.38
0.40
0.54
0.50
0.51
0.53
CorWatt	PkgWatt
17.96	130.23
0.54	130.24
0.50
3.18
0.45
0.54
0.49
0.63
0.52
0.41
0.47
0.42
0.40
0.64
0.56
0.54
0.54
0.46
0.48
0.44
0.48
0.44
0.41
0.45
0.44
0.37
0.35
0.36
0.40
0.51
0.53
0.50
0.51
CorWatt	PkgWatt
18.12	130.32
0.55	130.33
0.49
3.17
0.49
0.49
0.50
0.62
0.48
0.42
0.47
0.45
0.45
0.58
0.50
0.54
0.52
0.53
0.51
0.49
0.51
0.52
0.42
0.44
0.43
0.35
0.35
0.35
0.41
0.51
0.55
0.52
0.50
CorWatt	PkgWatt
20.74	132.53
0.65	132.50
0.53
2.83
0.60
0.54
0.56
0.74
0.56
0.49
0.58
0.57
0.52
0.70
0.60
0.73
0.61
0.50
0.60
0.53
0.53
0.53
0.45
0.50
0.49
0.50
0.44
0.41
0.52
0.78
0.69
0.69
0.75
