CorWatt	PkgWatt
4.58	153.44
0.08	76.87
0.08
0.08
0.08
0.08
0.08
0.08
0.08
0.07
0.07
0.06
0.07
0.06
0.07
0.06
0.07
0.07
0.07
0.07
0.08
0.09
0.08
0.08
0.08
0.07
0.07
0.08
0.07
0.07
0.07
0.07
0.07
0.08	76.62
0.08
0.16
0.08
0.07
0.07
0.08
0.07
0.06
0.06
0.06
0.06
0.06
0.06
0.06
0.06
0.07
0.07
0.06
0.07
0.07
0.07
0.07
0.07
0.06
0.07
0.06
0.06
0.06
0.06
0.06
0.06
CorWatt	PkgWatt
5.10	151.93
0.09	76.25
0.09
0.09
0.09
0.08
0.08
0.08
0.09
0.08
0.09
0.08
0.07
0.11
0.07
0.07
0.12
0.08
0.09
0.08
0.09
0.09
0.11
0.09
0.09
0.11
0.09
0.09
0.10
0.08
0.08
0.08
0.09
0.07	75.81
0.07
0.07
0.07
0.12
0.12
0.08
0.07
0.06
0.06
0.06
0.06
0.07
0.06
0.06
0.06
0.07
0.07
0.07
0.07
0.08
0.09
0.08
0.08
0.07
0.07
0.06
0.06
0.06
0.06
0.06
0.06
CorWatt	PkgWatt
101.41	297.93
0.49	142.23
1.51
1.59
1.56
1.55
1.56
1.47
1.47
1.64
1.62
1.60
1.65
1.55
1.59
1.43
1.43
1.54
1.53
1.54
1.53
1.53
1.53
1.44
1.44
1.54
1.54
1.54
1.51
1.50
1.53
1.42
1.43
1.61	155.32
1.63
1.62
1.59
1.64
1.69
1.57
1.53
1.68
1.64
1.65
1.64
1.69
1.84
1.52
1.54
1.58
1.56
1.58
1.62
1.63
1.71
1.57
1.57
1.63
1.69
1.64
1.62
1.68
3.32
1.54
1.54
CorWatt	PkgWatt
129.01	342.36
0.28	167.65
1.97
2.15
2.13
2.08
2.08
1.95
1.95
2.05
2.04
2.00
2.07
2.02
2.00
1.84
1.89
2.04
2.02
2.04
2.03
2.04
2.04
1.90
1.91
2.04
2.02
2.04
1.99
1.97
2.00
1.84
1.84
2.11	175.00
2.09
2.07
2.05
2.10
2.08
1.93
1.91
2.12
2.14
2.10
2.11
2.15
2.10
1.95
1.94
2.06
2.06
2.07
2.08
2.11
2.10
1.96
1.95
2.10
2.06
2.09
2.09
2.11
3.21
1.93
1.86
