CorWatt	PkgWatt
155.47	370.14
2.47	186.31
2.51
2.48
2.44
2.50
2.45
2.46
2.48
2.34
2.41
2.33
2.43
2.41
2.39
2.40
2.40
2.45
2.49
2.48
2.47
2.52
2.51
2.51
2.51
2.44
2.47
2.45
2.48
2.41
2.46
2.45
2.46
2.42	185.71
2.44
2.43
2.43
2.44
2.46
2.47
2.44
2.42
2.42
2.42
2.39
2.39
2.41
2.42
2.37
2.41
2.41
2.38
2.39
2.45
2.45
2.48
2.44
2.37
2.39
2.41
2.38
2.43
2.42
2.38
2.38
CorWatt	PkgWatt
157.46	378.76
2.44	186.12
2.51
2.47
2.43
2.48
2.44
2.48
2.47
2.36
2.38
2.38
2.43
2.39
2.41
2.40
2.42
2.44
2.48
2.50
2.46
2.51
2.53
2.52
2.47
2.43
2.50
2.45
2.48
2.40
2.47
2.41
2.43
2.43	185.44
2.46
2.44
2.45
2.44
2.47
2.47
2.46
2.38
2.39
2.39
2.38
2.38
2.42
2.40
2.37
2.38
2.42
2.41
2.41
2.46
2.42
2.46
2.47
2.38
2.41
2.38
2.44
2.42
2.43
2.42
2.41
CorWatt	PkgWatt
155.47	368.12
2.48	188.53
2.53
2.52
2.45
2.47
2.47
2.50
2.48
2.39
2.40
2.40
2.43
2.43
2.43
2.43
2.41
2.46
2.50
2.50
2.47
2.54
2.52
2.53
2.49
2.46
2.47
2.48
2.50
2.42
2.43
2.45
2.46
2.49	189.15
2.49
2.48
2.50
2.45
2.56
2.50
2.49
2.43
2.46
2.45
2.44
2.41
2.47
2.44
2.41
2.39
2.47
2.42
2.52
2.53
2.50
2.49
2.50
2.43
2.44
2.41
2.44
2.43
2.44
2.43
2.44
CorWatt	PkgWatt
155.99	372.10
2.46	185.63
2.46
2.50
2.44
2.47
2.47
2.46
2.49
2.36
2.41
2.39
2.42
2.39
2.39
2.42
2.40
2.45
2.46
2.47
2.46
2.51
2.51
2.51
2.48
2.45
2.46
2.45
2.46
2.42
2.45
2.43
2.42
2.45	185.34
2.48
2.42
2.47
2.42
2.46
2.47
2.47
2.40
2.41
2.41
2.40
2.42
2.41
2.38
2.41
2.34
2.38
2.40
2.40
2.44
2.45
2.50
2.48
2.39
2.38
2.41
2.43
2.42
2.40
2.38
2.41
CorWatt	PkgWatt
156.52	372.61
2.47	185.87
2.51
2.52
2.44
2.46
2.46
2.48
2.46
2.42
2.39
2.40
2.43
2.40
2.41
2.41
2.41
2.48
2.48
2.50
2.46
2.52
2.54
2.51
2.46
2.47
2.48
2.45
2.48
2.40
2.43
2.42
2.46
2.47	185.60
2.47
2.47
2.46
2.46
2.46
2.49
2.42
2.43
2.41
2.41
2.39
2.45
2.39
2.43
2.40
2.39
2.41
2.38
2.39
2.48
2.45
2.49
2.48
2.39
2.43
2.41
2.41
2.42
2.44
2.43
2.37
CorWatt	PkgWatt
153.83	365.96
2.48	185.08
2.50
2.47
2.43
2.46
2.45
2.49
2.45
2.40
2.40
2.34
2.38
2.38
2.42
2.39
2.41
2.46
2.46
2.52
2.45
2.50
2.52
2.50
2.45
2.43
2.46
2.43
2.44
2.41
2.40
2.41
2.45
2.43	184.66
2.43
2.44
2.43
2.43
2.43
2.44
2.40
2.38
2.39
2.38
2.38
2.43
2.40
2.38
2.39
2.39
2.39
2.37
2.38
2.44
2.44
2.45
2.45
2.39
2.41
2.39
2.37
2.39
2.40
2.37
2.40
CorWatt	PkgWatt
156.83	370.44
2.47	185.99
2.54
2.51
2.44
2.47
2.44
2.51
2.46
2.40
2.43
2.39
2.41
2.41
2.44
2.41
2.40
2.46
2.46
2.50
2.47
2.53
2.54
2.52
2.49
2.45
2.47
2.44
2.49
2.42
2.43
2.43
2.43
2.46	185.89
2.44
2.47
2.47
2.44
2.49
2.46
2.44
2.39
2.42
2.42
2.41
2.42
2.41
2.39
2.41
2.41
2.43
2.41
2.41
2.47
2.47
2.47
2.47
2.42
2.42
2.40
2.43
2.41
2.44
2.39
2.43
CorWatt	PkgWatt
157.53	374.60
2.48	186.44
2.48
2.49
2.44
2.45
2.43
2.48
2.47
2.43
2.45
2.39
2.39
2.42
2.42
2.41
2.42
2.46
2.47
2.53
2.47
2.54
2.54
2.52
2.49
2.48
2.46
2.49
2.49
2.43
2.47
2.45
2.48
2.45	185.73
2.48
2.46
2.47
2.42
2.45
2.50
2.45
2.38
2.41
2.44
2.40
2.44
2.41
2.41
2.43
2.41
2.39
2.42
2.40
2.44
2.50
2.47
2.49
2.40
2.38
2.41
2.44
2.40
2.46
2.42
2.40
