CorWatt	PkgWatt
15.00	127.08
0.52	127.07
0.50
0.47
0.45
0.53
0.54
0.51
0.50
0.44
0.45
0.43
0.43
0.55
0.56
0.55
0.61
0.45
0.48
0.47
0.46
0.43
0.38
0.38
0.39
0.36
0.37
0.36
0.35
0.53
0.50
0.55
0.50
CorWatt	PkgWatt
17.94	129.38
0.62	129.39
0.56
0.55
0.45
0.54
0.57
0.51
0.58
0.52
0.47
0.42
0.46
0.65
0.54
0.52
0.58
0.62
0.60
0.59
0.58
0.61
0.53
0.48
0.47
0.51
0.47
0.94
0.47
0.68
0.63
0.62
0.58
CorWatt	PkgWatt
63.92	177.30
2.64	177.40
2.02
2.03
1.99
2.05
2.07
2.11
2.05
2.00
2.02
2.07
2.00
2.08
2.08
2.10
2.15
1.97
1.99
1.81
1.82
1.94
1.91
1.76
1.72
1.89
1.85
1.76
1.92
2.10
2.14
1.94
1.95
CorWatt	PkgWatt
43.95	157.61
1.46	157.55
1.40
1.42
1.38
1.45
1.47
1.43
1.42
1.38
1.38
1.39
1.32
1.48
1.48
1.49
1.50
1.38
1.41
1.28
1.29
1.37
1.39
1.23
1.17
1.29
1.27
1.17
1.18
1.48
1.45
1.36
1.35
