CorWatt	PkgWatt
4.30	151.44
0.08	75.91
0.08
0.08
0.08
0.07
0.07
0.07
0.07
0.07
0.07
0.06
0.07
0.06
0.06
0.07
0.06
0.07
0.07
0.07
0.08
0.09
0.08
0.08
0.08
0.07
0.08
0.07
0.07
0.07
0.07
0.07
0.07
0.07	75.60
0.06
0.06
0.07
0.07
0.07
0.07
0.06
0.05
0.05
0.06
0.06
0.06
0.06
0.06
0.05
0.07
0.07
0.06
0.07
0.07
0.07
0.07
0.07
0.06
0.06
0.06
0.06
0.06
0.05
0.05
0.06
CorWatt	PkgWatt
4.79	151.90
0.09	76.28
0.08
0.08
0.09
0.08
0.08
0.08
0.08
0.07
0.07
0.07
0.07
0.07
0.07
0.07
0.07
0.08
0.08
0.08
0.08
0.09
0.08
0.08
0.08
0.08
0.08
0.08
0.08
0.07
0.07
0.07
0.07
0.07	76.18
0.07
0.10
0.07
0.08
0.07
0.07
0.07
0.06
0.06
0.06
0.07
0.06
0.06
0.07
0.06
0.09
0.07
0.07
0.08
0.08
0.08
0.13
0.08
0.07
0.08
0.07
0.06
0.07
0.07
0.06
0.06
