CorWatt	PkgWatt
233.02	466.03
3.34	214.98
3.50
3.64
3.58
3.57
3.54
3.40
3.66
3.27
3.40
3.27
3.31
3.38
3.60
3.39
3.34
3.48
3.39
3.52
3.51
3.56
3.63
3.78
3.56
3.57
3.48
3.61
3.57
3.57
3.34
3.63
3.63
3.53	211.37
3.37
3.25
3.48
3.24
3.42
3.27
3.32
3.16
3.38
3.33
3.34
3.23
3.12
3.33
3.29
3.23
3.37
3.37
3.37
3.45
3.39
3.54
3.40
3.38
3.32
3.14
3.28
3.34
3.27
3.29
3.23
CorWatt	PkgWatt
210.50	418.13
3.41	211.25
3.47
3.45
3.36
3.26
3.24
3.27
3.29
3.36
3.42
3.35
3.40
3.12
3.22
3.18
3.14
3.41
3.27
3.52
3.30
3.52
3.44
3.68
3.58
3.21
3.33
3.30
3.22
3.33
3.39
3.32
3.27
3.27	207.42
3.21
3.32
3.12
3.30
3.39
3.28
3.32
3.20
3.19
3.23
3.00
3.16
3.04
3.29
3.17
3.26
3.17
3.34
3.20
3.37
3.37
3.22
3.35
3.16
3.14
3.00
3.28
3.16
3.33
3.46
3.33
CorWatt	PkgWatt
195.77	404.94
2.38	183.55
2.31
2.38
2.31
2.54
2.53
2.51
2.59
2.23
2.36
2.18
2.33
2.22
2.27
2.24
2.26
2.24
2.35
2.31
2.31
2.31
2.31
2.47
2.34
2.30
2.32
2.24
2.29
2.47
2.40
2.38
2.44
3.18	221.80
3.05
3.99
3.19
4.07
3.84
3.73
3.97
3.97
3.95
3.98
3.88
4.01
4.05
4.01
3.99
4.00
3.86
3.93
3.91
3.61
3.94
2.35
3.17
3.87
4.04
3.80
4.09
3.67
3.79
3.83
4.04
CorWatt	PkgWatt
188.29	391.17
2.35	179.45
2.31
2.30
2.28
2.55
2.96
2.31
2.32
2.30
2.29
2.27
2.30
2.23
2.21
2.27
2.54
2.28
2.35
2.32
2.24
2.35
2.40
2.35
2.30
2.26
2.32
2.34
2.33
2.25
2.28
2.37
2.27
3.30	211.55
3.65
3.67
3.67
3.61
3.59
3.58
3.55
3.52
3.49
3.51
3.43
3.55
3.57
3.56
3.54
3.51
3.27
3.51
3.55
3.63
3.63
3.35
3.64
3.50
3.60
3.44
3.63
3.65
3.52
3.60
3.64
CorWatt	PkgWatt
181.11	381.13
2.52	183.17
2.58
2.57
2.53
2.71
2.95
2.58
2.42
2.50
2.45
2.43
2.43
2.43
2.60
2.41
2.89
2.42
2.49
2.49
2.42
2.54
2.51
2.62
2.56
2.47
2.56
2.48
2.53
2.48
2.48
2.47
2.51
3.17	197.35
3.17
3.20
3.19
3.15
3.13
3.18
3.06
3.04
3.01
3.07
2.97
3.07
3.09
3.10
3.08
3.08
2.86
3.08
3.14
3.23
3.26
3.22
3.24
3.08
3.14
3.01
3.17
3.19
3.15
3.19
3.19
CorWatt	PkgWatt
183.59	380.88
3.18	201.79
3.34
3.09
3.08
3.20
3.24
3.27
3.19
3.24
3.11
3.19
3.24
3.14
3.27
3.07
3.02
3.28
3.50
3.25
3.18
3.20
3.05
3.34
3.24
3.24
3.15
3.30
3.24
3.22
3.12
3.16
3.14
2.71	179.14
2.60
2.61
2.58
2.52
2.57
2.59
2.61
2.36
2.48
2.44
2.48
2.35
2.35
2.35
2.34
2.51
2.50
2.50
2.52
2.73
2.71
2.65
2.72
2.62
2.53
2.41
2.52
2.55
2.60
2.56
2.54
CorWatt	PkgWatt
181.39	378.10
3.00	197.50
3.26
3.17
3.05
3.10
3.13
3.01
3.14
2.99
3.08
3.03
3.05
3.14
3.06
2.81
2.98
3.06
3.08
3.18
3.14
3.11
3.05
3.12
3.15
3.08
3.11
3.22
3.10
3.16
3.10
3.10
3.06
2.56	180.65
2.64
2.58
2.65
2.71
2.67
2.63
2.78
2.38
2.52
2.48
2.52
2.40
2.30
2.32
2.35
2.57
2.64
2.50
2.68
2.68
2.70
2.71
2.78
2.59
2.54
2.42
2.53
2.62
2.77
2.65
2.68
CorWatt	PkgWatt
181.95	379.88
3.04	196.93
3.19
3.12
3.15
2.90
3.01
2.91
3.08
3.05
2.99
3.11
3.00
3.06
2.96
2.80
2.96
3.11
2.88
3.14
3.06
3.12
3.13
3.24
3.15
3.10
2.85
2.93
2.90
3.00
2.99
3.19
3.10
2.85	182.75
2.75
3.02
2.76
2.67
2.70
2.63
2.60
2.48
2.66
2.49
2.61
2.42
2.40
2.30
2.39
2.64
2.62
2.69
2.71
2.69
2.82
2.78
2.80
2.68
2.66
2.48
2.64
2.69
2.68
2.67
2.70
CorWatt	PkgWatt
178.61	379.36
3.02	200.75
3.12
3.37
3.03
3.04
3.02
2.94
2.97
2.96
2.96
3.02
2.88
2.99
2.91
2.91
2.98
2.97
3.01
3.10
2.99
3.22
3.22
3.26
3.10
3.03
2.92
2.95
3.00
2.96
3.05
3.05
2.98
2.57	178.52
2.53
2.71
2.71
2.63
2.55
2.60
2.45
2.34
2.54
2.33
2.42
2.43
2.40
2.37
2.49
2.38
2.49
2.48
2.65
2.74
2.77
2.65
2.82
2.60
2.56
2.43
2.52
2.60
2.50
2.69
2.68
CorWatt	PkgWatt
176.85	371.28
3.09	197.36
3.18
3.11
2.98
3.02
3.00
2.92
2.91
2.96
2.97
2.99
2.86
2.98
2.90
2.92
3.00
3.03
2.97
3.12
2.91
3.20
3.22
3.25
3.09
2.95
3.20
2.91
2.95
2.97
3.03
3.05
2.98
2.49	176.30
2.49
2.68
2.72
2.60
2.46
2.58
2.43
2.32
2.52
2.32
2.39
2.44
2.38
2.32
2.49
2.37
2.58
2.43
2.69
2.74
2.77
2.60
2.83
2.54
2.48
2.42
2.53
2.56
2.53
2.68
2.62
CorWatt	PkgWatt
166.63	339.02
3.19	183.51
3.31
3.21
3.01
3.08
3.17
3.02
3.05
3.06
3.11
3.07
2.97
3.05
2.96
2.92
3.02
3.14
3.05
3.21
2.99
3.31
3.44
3.37
3.13
3.04
3.14
2.95
2.99
3.00
3.21
3.17
3.04
2.42	153.37
2.75
2.64
2.89
2.41
2.51
1.88
1.46
2.02
2.13
1.78
1.80
1.53
1.56
1.57
1.52
1.57
1.55
1.39
1.34
2.74
2.79
2.74
2.73
2.08
2.04
1.95
2.17
1.81
2.00
2.42
2.31
CorWatt	PkgWatt
173.99	344.28
3.29	185.29
3.11
3.16
3.03
3.25
3.18
3.16
3.16
3.04
3.13
3.10
3.01
3.05
3.02
3.02
2.99
3.28
3.07
3.26
3.06
3.35
3.42
3.40
3.17
3.03
3.17
3.01
3.05
3.17
3.19
3.18
3.06
2.75	158.91
2.73
2.52
2.73
2.65
2.65
2.49
2.75
2.53
2.70
2.57
1.47
1.94
2.19
2.36
2.06
2.28
1.91
2.38
2.03
2.46
2.85
2.89
2.45
2.46
1.95
2.30
2.11
2.09
1.15
2.05
0.94
CorWatt	PkgWatt
183.31	345.17
2.97	177.23
2.95
2.97
2.93
3.15
3.01
3.03
2.96
2.91
2.96
2.99
2.91
2.90
2.92
2.93
2.90
3.19
2.97
3.10
2.95
3.21
3.30
3.25
3.06
2.92
2.93
3.01
2.96
3.00
3.01
3.02
2.96
2.82	167.95
2.70
2.80
2.76
2.84
2.73
2.88
2.88
2.77
2.76
2.82
2.83
2.44
2.45
2.48
2.55
2.83
2.69
2.76
2.95
2.76
2.67
2.88
2.71
2.79
2.80
2.30
2.47
2.66
2.50
2.89
2.92
CorWatt	PkgWatt
186.42	379.50
2.94	193.66
2.98
2.97
2.96
3.21
3.05
3.03
3.02
2.93
3.01
3.02
3.05
2.94
2.95
3.01
2.94
3.20
3.00
3.12
3.01
3.20
3.37
3.22
3.10
2.97
2.97
3.07
2.99
3.00
3.09
3.05
2.98
2.91	186.00
2.65
2.78
2.84
2.90
2.62
2.82
2.87
2.75
2.60
2.76
2.77
2.68
2.59
2.69
2.68
2.85
2.86
2.78
2.75
3.01
2.87
3.03
2.95
2.77
2.74
2.64
2.78
2.89
2.72
2.77
2.81
