CorWatt	PkgWatt
15.52	127.91
0.51	127.92
0.51
0.48
0.45
0.52
0.51
0.51
0.52
0.46
0.48
0.40
0.52
0.54
0.60
0.57
0.55
0.49
0.57
0.53
0.48
0.42
0.41
0.39
0.43
0.41
0.38
0.39
0.36
0.56
0.53
0.52
0.52
CorWatt	PkgWatt
15.27	127.11
0.50	127.65
0.48
0.47
0.47
0.50
0.50
0.49
0.50
0.42
0.48
0.40
0.42
0.59
0.60
0.54
0.53
0.55
0.57
0.55
0.50
0.41
0.41
0.39
0.42
0.40
0.36
0.37
0.38
0.55
0.51
0.51
0.52
CorWatt	PkgWatt
21.29	133.71
0.63	133.16
0.56
0.61
0.51
0.60
0.61
0.60
0.68
0.53
0.55
0.46
0.58
2.72
0.67
0.59
0.57
0.61
0.73
0.61
0.64
0.60
0.70
0.59
0.64
0.53
0.49
0.48
0.50
0.71
0.69
0.65
0.61
CorWatt	PkgWatt
16.38	128.65
0.49	128.62
0.47
0.45
0.44
0.50
0.51
0.49
0.49
1.07
0.67
0.61
0.63
0.63
0.58
0.50
0.51
0.46
0.46
0.46
0.49
0.42
0.39
0.40
0.39
0.38
0.44
0.46
0.46
0.57
0.53
0.53
0.51
CorWatt	PkgWatt
16.53	128.48
0.51	128.47
0.50
0.44
0.44
0.52
0.52
0.49
0.51
0.65
1.16
0.61
0.63
0.62
0.61
0.50
0.52
0.49
0.47
0.50
0.51
0.43
0.45
0.38
0.39
0.39
0.39
0.39
0.37
0.58
0.51
0.53
0.52
CorWatt	PkgWatt
17.13	129.12
0.53	129.15
0.48
0.44
0.43
0.53
0.53
0.53
0.53
0.67
1.19
0.64
0.67
0.65
0.60
0.55
0.54
0.50
0.49
0.49
0.52
0.42
0.45
0.44
0.41
0.40
0.43
0.49
0.40
0.59
0.53
0.58
0.50
CorWatt	PkgWatt
16.21	128.31
0.50	128.28
0.48
0.45
0.44
0.51
0.50
0.49
0.49
0.91
0.96
0.61
0.64
0.63
0.54
0.51
0.52
0.47
0.47
0.47
0.49
0.41
0.40
0.39
0.39
0.36
0.35
0.38
0.35
0.56
0.51
0.52
0.50
CorWatt	PkgWatt
16.37	128.55
0.51	128.55
0.51
0.45
0.44
0.50
0.50
0.48
0.49
0.67
0.64
1.35
0.61
0.62
0.51
0.50
0.51
0.47
0.46
0.47
0.49
0.42
0.41
0.38
0.38
0.37
0.38
0.37
0.36
0.55
0.50
0.52
0.53
CorWatt	PkgWatt
17.60	130.44
0.52	130.43
0.50
0.45
0.44
0.52
0.50
0.51
0.49
0.43
0.44
3.16
0.40
0.60
0.52
0.50
0.52
0.47
0.50
0.49
0.51
0.41
0.40
0.38
0.39
0.35
0.36
0.37
0.36
0.58
0.51
0.52
0.52
CorWatt	PkgWatt
17.29	130.23
0.51	130.23
0.47
0.44
0.44
0.49
0.49
0.48
0.49
0.40
0.44
3.16
0.41
0.62
0.54
0.50
0.51
0.46
0.46
0.45
0.49
0.39
0.39
0.38
0.39
0.35
0.35
0.37
0.35
0.56
0.50
0.52
0.49
CorWatt	PkgWatt
17.36	130.29
0.52	130.29
0.47
0.44
0.43
0.50
0.50
0.49
0.48
0.40
0.44
3.16
0.41
0.60
0.52
0.50
0.51
0.46
0.46
0.47
0.49
0.40
0.38
0.38
0.40
0.35
0.36
0.39
0.37
0.58
0.50
0.52
0.50
CorWatt	PkgWatt
17.74	130.70
0.53	130.70
0.48
0.47
0.46
0.50
0.50
0.50
0.50
0.42
0.45
3.16
0.45
0.61
0.51
0.50
0.52
0.48
0.48
0.48
0.52
0.39
0.39
0.39
0.40
0.37
0.38
0.42
0.37
0.55
0.53
0.55
0.52
CorWatt	PkgWatt
17.73	130.48
0.53	130.48
0.47
0.47
0.44
0.50
0.50
0.49
0.49
0.43
0.48
3.16
0.41
0.59
0.53
0.51
0.52
0.46
0.48
0.48
0.49
0.44
0.40
0.40
0.42
0.38
0.39
0.38
0.36
0.54
0.53
0.54
0.53
CorWatt	PkgWatt
17.32	130.24
0.51	130.24
0.46
0.44
0.43
0.51
0.51
0.51
0.50
0.41
0.43
3.16
0.42
0.60
0.50
0.50
0.51
0.45
0.45
0.45
0.49
0.39
0.38
0.38
0.40
0.35
0.40
0.37
0.35
0.52
0.50
0.53
0.52
CorWatt	PkgWatt
17.51	130.38
0.52	130.38
0.48
0.44
0.43
0.49
0.49
0.49
0.48
0.42
0.43
3.16
0.40
0.63
0.59
0.56
0.53
0.47
0.45
0.46
0.49
0.41
0.38
0.38
0.41
0.35
0.35
0.37
0.35
0.57
0.52
0.52
0.51
CorWatt	PkgWatt
17.31	130.19
0.53	130.19
0.48
0.44
0.43
0.49
0.49
0.48
0.48
0.42
0.46
3.16
0.42
0.61
0.53
0.50
0.53
0.45
0.45
0.45
0.49
0.38
0.38
0.38
0.42
0.35
0.35
0.37
0.35
0.52
0.50
0.52
0.49
CorWatt	PkgWatt
17.45	130.23
0.52	130.23
0.47
0.47
0.46
0.52
0.49
0.50
0.49
0.40
0.43
3.16
0.44
0.60
0.53
0.51
0.51
0.46
0.46
0.46
0.49
0.40
0.38
0.38
0.41
0.36
0.35
0.37
0.36
0.53
0.50
0.52
0.51
CorWatt	PkgWatt
17.48	130.34
0.52	130.34
0.49
0.47
0.44
0.51
0.52
0.50
0.51
0.40
0.43
3.16
0.41
0.62
0.52
0.50
0.52
0.45
0.47
0.47
0.49
0.41
0.39
0.38
0.41
0.37
0.38
0.38
0.35
0.53
0.50
0.52
0.50
CorWatt	PkgWatt
17.54	130.44
0.53	130.44
0.48
0.46
0.43
0.49
0.49
0.50
0.48
0.40
0.44
3.16
0.42
0.63
0.57
0.50
0.54
0.45
0.46
0.46
0.48
0.40
0.38
0.38
0.41
0.38
0.40
0.39
0.37
0.53
0.50
0.52
0.50
CorWatt	PkgWatt
17.34	130.27
0.54	130.26
0.47
0.46
0.43
0.49
0.49
0.48
0.48
0.39
0.43
3.16
0.40
0.61
0.51
0.50
0.51
0.44
0.45
0.45
0.51
0.39
0.38
0.39
0.40
0.36
0.37
0.36
0.38
0.54
0.51
0.52
0.54
CorWatt	PkgWatt
18.40	130.30
0.57	130.31
0.54
0.52
0.50
0.56
0.58
0.56
0.56
0.49
0.51
0.48
0.48
0.66
0.62
0.61
0.61
0.55
0.52
0.52
1.08
0.78
0.61
0.61
0.79
0.42
0.43
0.41
0.42
0.64
0.57
0.59
0.58
CorWatt	PkgWatt
16.87	129.02
0.51	129.00
0.47
0.46
0.46
0.50
0.51
0.49
0.49
0.40
0.45
0.39
0.40
0.51
0.51
0.51
0.51
0.49
0.47
0.48
0.58
1.42
0.74
0.75
0.75
0.36
0.38
0.37
0.38
0.59
0.51
0.51
0.50
CorWatt	PkgWatt
17.04	128.89
0.50	128.90
0.49
0.46
0.46
0.53
0.50
0.48
0.48
0.40
0.48
0.39
0.38
0.50
0.52
0.49
0.52
0.50
0.46
0.50
0.58
1.24
0.74
0.74
0.96
0.37
0.39
0.38
0.38
0.64
0.53
0.53
0.51
CorWatt	PkgWatt
16.53	128.65
0.48	128.65
0.47
0.48
0.43
0.50
0.49
0.48
0.48
0.39
0.43
0.37
0.39
0.50
0.50
0.49
0.51
0.48
0.46
0.48
0.58
1.42
0.74
0.75
0.75
0.35
0.36
0.35
0.35
0.59
0.50
0.50
0.50
CorWatt	PkgWatt
16.78	128.74
0.51	128.73
0.44
0.52
0.43
0.50
0.49
0.49
0.49
0.41
0.44
0.37
0.38
0.50
0.52
0.49
0.51
0.50
0.50
0.48
0.59
0.88
0.75
0.74
1.29
0.35
0.36
0.36
0.36
0.60
0.50
0.50
0.50
CorWatt	PkgWatt
16.61	128.83
0.51	128.83
0.44
0.52
0.45
0.49
0.49
0.49
0.48
0.40
0.44
0.37
0.39
0.50
0.50
0.48
0.50
0.48
0.46
0.47
0.57
0.77
0.73
0.75
1.40
0.35
0.36
0.35
0.36
0.60
0.50
0.50
0.52
CorWatt	PkgWatt
17.94	129.93
0.53	129.94
0.43
0.52
0.44
0.49
0.53
0.49
0.49
0.40
0.45
0.36
0.39
0.50
0.51
0.50
0.53
0.49
0.46
0.47
0.57
0.94
0.94
0.93
2.01
0.35
0.37
0.37
0.36
0.59
0.52
0.50
0.52
CorWatt	PkgWatt
19.63	131.82
0.51	131.81
0.43
0.50
0.43
0.49
0.49
0.50
0.51
0.40
0.43
0.37
0.39
0.50
0.51
0.49
0.51
0.48
0.47
0.48
0.57
1.24
1.23
1.23
3.01
0.35
0.36
0.36
0.35
0.57
0.50
0.50
0.49
CorWatt	PkgWatt
19.77	131.87
0.53	131.87
0.46
0.50
0.44
0.51
0.50
0.50
0.49
0.41
0.43
0.39
0.40
0.50
0.52
0.50
0.51
0.49
0.47
0.47
0.58
1.99
2.06
1.23
1.41
0.35
0.36
0.36
0.36
0.55
0.50
0.50
0.50
CorWatt	PkgWatt
19.54	131.77
0.52	131.77
0.43
0.49
0.43
0.49
0.49
0.49
0.48
0.40
0.43
0.37
0.40
0.50
0.51
0.48
0.50
0.48
0.46
0.46
0.57
3.00
1.24
1.23
1.24
0.35
0.36
0.37
0.35
0.54
0.50
0.50
0.49
CorWatt	PkgWatt
19.81	132.04
0.51	132.04
0.46
0.53
0.43
0.51
0.49
0.50
0.51
0.41
0.43
0.37
0.38
0.52
0.52
0.50
0.51
0.49
0.48
0.46
0.58
3.01
1.24
1.23
1.24
0.35
0.36
0.36
0.35
0.56
0.50
0.51
0.52
CorWatt	PkgWatt
19.75	131.79
0.52	131.78
0.44
0.51
0.47
0.49
0.49
0.49
0.50
0.39
0.43
0.37
0.40
0.52
0.52
0.52
0.51
0.50
0.46
0.46
0.57
3.00
1.24
1.23
1.24
0.35
0.36
0.35
0.36
0.54
0.50
0.52
0.52
CorWatt	PkgWatt
19.90	132.00
0.52	132.00
0.44
0.49
0.44
0.50
0.50
0.49
0.49
0.43
0.47
0.38
0.38
0.52
0.53
0.50
0.51
0.50
0.48
0.47
0.59
2.99
1.24
1.23
1.24
0.35
0.37
0.36
0.38
0.56
0.51
0.53
0.52
CorWatt	PkgWatt
19.81	131.77
0.51	131.77
0.43
0.50
0.43
0.49
0.50
0.49
0.48
0.44
0.44
0.40
0.39
0.50
0.50
0.48
0.51
0.50
0.46
0.46
0.58
2.99
1.24
1.23
1.24
0.35
0.40
0.39
0.40
0.55
0.51
0.52
0.50
CorWatt	PkgWatt
19.70	131.54
0.52	131.54
0.43
0.48
0.43
0.52
0.51
0.49
0.50
0.39
0.43
0.37
0.37
0.50
0.52
0.48
0.50
0.49
0.48
0.50
0.59
2.48
1.73
1.23
1.24
0.37
0.36
0.36
0.37
0.54
0.50
0.53
0.50
CorWatt	PkgWatt
19.70	131.53
0.52	131.53
0.43
0.49
0.43
0.50
0.49
0.49
0.48
0.40
0.43
0.37
0.38
0.50
0.51
0.50
0.51
0.48
0.46
0.46
0.58
2.30
1.76
1.41
1.24
0.37
0.38
0.37
0.37
0.55
0.50
0.54
0.50
CorWatt	PkgWatt
20.58	132.32
0.55	132.33
0.47
0.52
0.47
0.54
0.52
0.52
0.52
0.43
0.46
0.41
0.41
0.54
0.55
0.52
0.54
0.52
0.50
0.50
0.60
1.24
1.48
2.75
1.24
0.40
0.40
0.40
0.40
0.57
0.54
0.56
0.54
CorWatt	PkgWatt
19.01	130.89
0.57	130.87
0.49
0.55
0.47
0.84
0.53
0.52
0.51
0.43
0.45
0.39
0.41
0.53
0.53
0.53
0.54
0.54
0.52
0.49
0.50
0.94
1.96
1.00
0.93
0.38
0.41
0.40
0.44
0.59
0.53
0.55
0.54
CorWatt	PkgWatt
16.55	128.52
0.71	128.54
0.65
0.87
0.94
0.79
0.51
0.54
0.51
0.41
0.44
0.38
0.40
0.51
0.54
0.50
0.53
0.49
0.51
0.49
0.49
0.47
0.41
0.42
0.39
0.37
0.38
0.38
0.37
0.57
0.53
0.54
0.51
CorWatt	PkgWatt
15.79	127.76
0.73	127.76
0.67
0.74
1.07
0.60
0.49
0.49
0.48
0.40
0.43
0.36
0.39
0.51
0.51
0.48
0.50
0.47
0.45
0.45
0.45
0.44
0.39
0.39
0.38
0.35
0.36
0.36
0.35
0.56
0.50
0.52
0.50
CorWatt	PkgWatt
16.07	128.21
0.74	128.21
0.68
1.09
0.70
0.60
0.50
0.49
0.49
0.40
0.45
0.37
0.38
0.50
0.53
0.49
0.51
0.49
0.47
0.47
0.46
0.45
0.39
0.40
0.40
0.35
0.37
0.38
0.39
0.59
0.51
0.53
0.50
CorWatt	PkgWatt
16.03	128.03
0.76	128.03
0.68
1.07
0.72
0.63
0.50
0.50
0.48
0.40
0.44
0.39
0.42
0.50
0.50
0.48
0.51
0.49
0.46
0.47
0.47
0.41
0.38
0.38
0.40
0.35
0.37
0.38
0.37
0.54
0.52
0.54
0.51
CorWatt	PkgWatt
15.98	127.90
0.73	127.91
0.67
0.70
1.06
0.61
0.51
0.49
0.48
0.41
0.48
0.37
0.38
0.51
0.52
0.50
0.50
0.48
0.46
0.46
0.46
0.40
0.40
0.39
0.41
0.37
0.38
0.36
0.35
0.54
0.52
0.52
0.53
CorWatt	PkgWatt
18.35	132.99
0.54	132.99
0.44
0.48
4.33
0.61
0.51
0.52
0.50
0.39
0.44
0.37
0.39
0.50
0.50
0.48
0.50
0.47
0.46
0.45
0.46
0.38
0.38
0.39
0.40
0.35
0.37
0.35
0.39
0.52
0.50
0.52
0.49
CorWatt	PkgWatt
18.70	133.13
0.54	133.13
0.46
0.50
4.33
0.59
0.51
0.49
0.50
0.42
0.44
0.37
0.38
0.52
0.56
0.53
0.52
0.51
0.47
0.48
0.46
0.39
0.40
0.39
0.40
0.35
0.36
0.36
0.35
0.55
0.52
0.53
0.52
CorWatt	PkgWatt
18.42	132.93
0.55	132.93
0.46
0.47
4.33
0.58
0.50
0.49
0.49
0.40
0.46
0.39
0.40
0.51
0.52
0.49
0.51
0.48
0.46
0.45
0.46
0.38
0.38
0.38
0.41
0.35
0.36
0.35
0.38
0.52
0.50
0.52
0.49
CorWatt	PkgWatt
18.48	133.15
0.54	133.15
0.45
0.49
4.33
0.61
0.50
0.50
0.51
0.39
0.44
0.37
0.39
0.50
0.52
0.49
0.50
0.48
0.46
0.47
0.46
0.39
0.39
0.38
0.40
0.35
0.36
0.35
0.40
0.55
0.50
0.53
0.50
CorWatt	PkgWatt
18.36	132.92
0.55	132.91
0.44
0.49
4.33
0.61
0.52
0.49
0.50
0.39
0.43
0.37
0.38
0.50
0.51
0.49
0.51
0.47
0.46
0.45
0.46
0.38
0.39
0.38
0.40
0.35
0.36
0.36
0.35
0.52
0.50
0.52
0.49
CorWatt	PkgWatt
18.80	133.25
0.55	133.26
0.45
0.49
4.33
0.60
0.51
0.51
0.49
0.40
0.46
0.41
0.41
0.54
0.56
0.50
0.54
0.49
0.48
0.46
0.46
0.39
0.39
0.42
0.40
0.35
0.37
0.39
0.37
0.53
0.50
0.53
0.50
CorWatt	PkgWatt
18.47	133.13
0.55	133.13
0.47
0.52
4.33
0.59
0.50
0.49
0.49
0.40
0.44
0.37
0.38
0.50
0.50
0.49
0.50
0.49
0.46
0.46
0.49
0.38
0.39
0.38
0.40
0.35
0.36
0.35
0.39
0.53
0.50
0.52
0.49
CorWatt	PkgWatt
18.40	133.10
0.53	133.09
0.44
0.51
4.34
0.60
0.51
0.49
0.49
0.39
0.44
0.38
0.38
0.50
0.51
0.49
0.50
0.48
0.46
0.46
0.46
0.41
0.40
0.39
0.41
0.35
0.36
0.35
0.35
0.54
0.50
0.53
0.50
CorWatt	PkgWatt
18.41	133.04
0.53	133.04
0.45
0.52
4.33
0.58
0.50
0.49
0.49
0.39
0.44
0.38
0.39
0.50
0.51
0.49
0.50
0.48
0.46
0.45
0.46
0.39
0.39
0.38
0.42
0.35
0.36
0.35
0.41
0.54
0.50
0.50
0.49
CorWatt	PkgWatt
18.92	133.38
0.54	133.39
0.48
0.53
4.33
0.61
0.52
0.50
0.49
0.40
0.47
0.39
0.38
0.51
0.52
0.49
0.50
0.48
0.47
0.46
0.46
0.41
0.40
0.39
0.42
0.37
0.40
0.38
0.37
0.60
0.54
0.55
0.52
CorWatt	PkgWatt
18.39	132.97
0.52	132.97
0.46
0.53
4.34
0.60
0.50
0.49
0.49
0.39
0.43
0.37
0.38
0.50
0.50
0.49
0.50
0.47
0.46
0.45
0.46
0.40
0.40
0.41
0.41
0.35
0.36
0.35
0.35
0.54
0.50
0.50
0.49
CorWatt	PkgWatt
18.45	133.19
0.53	133.19
0.45
0.53
4.33
0.60
0.51
0.49
0.49
0.39
0.43
0.37
0.38
0.50
0.51
0.49
0.50
0.50
0.48
0.46
0.48
0.39
0.40
0.39
0.41
0.35
0.36
0.35
0.35
0.55
0.51
0.50
0.50
CorWatt	PkgWatt
17.93	130.21
0.58	130.23
0.53
0.56
1.06
0.63
0.58
0.56
0.57
0.46
0.81
0.44
0.65
0.65
0.89
0.64
0.65
0.53
0.50
0.50
0.49
0.44
0.44
0.43
0.46
0.39
0.41
0.40
0.45
0.59
0.55
0.55
0.56
CorWatt	PkgWatt
16.33	128.39
0.54	128.38
0.45
0.49
0.44
0.49
0.52
0.50
0.50
0.41
0.46
0.38
0.51
0.74
1.09
0.96
0.76
0.49
0.46
0.46
0.46
0.39
0.40
0.39
0.42
0.35
0.38
0.39
0.36
0.55
0.52
0.51
0.53
CorWatt	PkgWatt
15.88	128.18
0.51	128.18
0.43
0.44
0.43
0.49
0.50
0.48
0.48
0.42
0.45
0.37
0.50
0.74
1.24
0.76
0.76
0.48
0.46
0.45
0.45
0.38
0.38
0.38
0.40
0.35
0.36
0.36
0.36
0.55
0.50
0.50
0.49
CorWatt	PkgWatt
15.98	128.00
0.52	128.00
0.43
0.45
0.42
0.49
0.51
0.49
0.48
0.41
0.44
0.40
0.52
0.74
1.05
0.97
0.75
0.48
0.46
0.46
0.45
0.39
0.40
0.40
0.41
0.35
0.36
0.35
0.35
0.56
0.50
0.50
0.50
CorWatt	PkgWatt
15.81	127.96
0.52	127.96
0.43
0.44
0.43
0.48
0.50
0.49
0.49
0.39
0.44
0.37
0.50
0.74
0.80
1.21
0.75
0.48
0.45
0.45
0.45
0.38
0.38
0.38
0.41
0.35
0.36
0.36
0.35
0.54
0.50
0.50
0.49
CorWatt	PkgWatt
16.50	128.57
0.54	128.58
0.44
0.47
0.43
0.52
0.51
0.51
0.52
0.42
0.44
0.38
0.49
0.73
0.89
1.43
0.74
0.49
0.47
0.47
0.46
0.40
0.39
0.39
0.44
0.35
0.36
0.36
0.35
0.55
0.50
0.53
0.51
CorWatt	PkgWatt
17.75	130.21
0.55	130.21
0.44
0.47
0.47
0.48
0.50
0.48
0.50
0.40
0.43
0.38
0.51
0.63
3.21
0.70
0.65
0.49
0.46
0.45
0.45
0.40
0.41
0.38
0.41
0.35
0.36
0.37
0.37
0.54
0.50
0.52
0.50
CorWatt	PkgWatt
17.90	130.33
0.53	130.33
0.44
0.44
0.44
0.49
0.50
0.49
0.49
0.42
0.48
0.39
0.51
0.65
3.20
0.66
0.66
0.49
0.46
0.46
0.48
0.41
0.40
0.38
0.39
0.36
0.37
0.37
0.37
0.58
0.52
0.53
0.53
CorWatt	PkgWatt
17.57	130.08
0.53	130.08
0.43
0.44
0.42
0.48
0.49
0.48
0.48
0.40
0.43
0.38
0.51
0.63
3.20
0.69
0.66
0.48
0.45
0.45
0.45
0.38
0.38
0.39
0.38
0.35
0.38
0.39
0.37
0.55
0.50
0.52
0.49
CorWatt	PkgWatt
17.85	130.26
0.54	130.26
0.46
0.44
0.43
0.50
0.53
0.49
0.50
0.41
0.43
0.38
0.49
0.63
1.35
2.58
0.65
0.48
0.47
0.50
0.48
0.39
0.39
0.39
0.39
0.37
0.36
0.36
0.36
0.56
0.50
0.52
0.51
CorWatt	PkgWatt
17.60	129.98
0.51	129.98
0.47
0.45
0.42
0.48
0.50
0.48
0.48
0.39
0.44
0.37
0.50
0.64
0.70
3.17
0.65
0.47
0.45
0.45
0.46
0.39
0.40
0.40
0.38
0.36
0.37
0.36
0.36
0.54
0.50
0.53
0.52
CorWatt	PkgWatt
17.51	129.93
0.53	129.92
0.48
0.45
0.43
0.48
0.50
0.48
0.48
0.39
0.43
0.37
0.49
0.63
0.69
3.17
0.65
0.47
0.46
0.45
0.45
0.40
0.39
0.38
0.38
0.35
0.37
0.35
0.35
0.55
0.50
0.52
0.50
CorWatt	PkgWatt
17.50	129.91
0.52	129.92
0.47
0.44
0.42
0.48
0.50
0.48
0.48
0.39
0.43
0.37
0.49
0.63
0.68
3.19
0.64
0.48
0.45
0.45
0.45
0.38
0.38
0.38
0.39
0.35
0.38
0.36
0.36
0.55
0.50
0.51
0.49
CorWatt	PkgWatt
17.79	130.32
0.52	130.31
0.47
0.44
0.43
0.51
0.50
0.51
0.50
0.41
0.43
0.38
0.48
0.64
1.07
2.83
0.66
0.48
0.49
0.47
0.47
0.40
0.39
0.38
0.38
0.36
0.37
0.36
0.36
0.55
0.50
0.52
0.51
CorWatt	PkgWatt
17.48	129.97
0.51	129.97
0.46
0.44
0.42
0.48
0.50
0.49
0.48
0.40
0.43
0.37
0.49
0.64
3.19
0.67
0.66
0.48
0.46
0.44
0.45
0.38
0.38
0.38
0.38
0.35
0.37
0.37
0.37
0.55
0.50
0.51
0.49
CorWatt	PkgWatt
17.56	129.97
0.51	129.97
0.47
0.44
0.42
0.48
0.50
0.48
0.48
0.40
0.43
0.37
0.49
0.63
0.72
3.16
0.65
0.48
0.46
0.45
0.45
0.38
0.38
0.38
0.39
0.35
0.37
0.36
0.36
0.56
0.50
0.53
0.50
CorWatt	PkgWatt
17.79	130.12
0.53	130.13
0.49
0.46
0.43
0.48
0.50
0.50
0.48
0.41
0.45
0.40
0.53
0.64
0.68
3.17
0.65
0.48
0.47
0.45
0.47
0.38
0.38
0.38
0.40
0.35
0.38
0.37
0.36
0.53
0.53
0.55
0.52
CorWatt	PkgWatt
17.39	129.46
0.52	129.46
0.49
0.45
0.45
0.49
0.51
0.49
0.49
0.42
0.49
0.40
0.53
0.60
2.48
0.67
0.63
0.50
0.46
0.46
0.46
0.41
0.39
0.41
0.42
0.38
0.40
0.37
0.40
0.64
0.53
0.54
0.54
CorWatt	PkgWatt
18.10	130.04
0.56	130.05
0.50
0.52
0.50
0.57
0.59
0.56
0.55
0.46
0.49
0.44
0.48
0.57
0.63
0.57
0.57
0.55
0.50
0.49
0.51
0.44
0.44
0.45
0.46
0.89
0.60
0.59
0.81
1.07
0.57
0.59
0.57
CorWatt	PkgWatt
16.24	128.01
0.50	128.01
0.50
0.44
0.43
0.49
0.51
0.49
0.48
0.41
0.44
0.38
0.37
0.52
0.62
0.53
0.52
0.51
0.45
0.46
0.45
0.39
0.38
0.38
0.39
0.67
0.60
0.60
1.11
0.64
0.53
0.53
0.50
CorWatt	PkgWatt
16.08	128.01
0.52	128.01
0.49
0.44
0.42
0.48
0.50
0.49
0.49
0.41
0.47
0.38
0.40
0.51
0.57
0.50
0.51
0.48
0.45
0.44
0.45
0.38
0.38
0.38
0.41
0.61
0.60
0.60
1.16
0.64
0.50
0.53
0.49
CorWatt	PkgWatt
16.21	128.30
0.50	128.30
0.49
0.48
0.44
0.51
0.50
0.50
0.50
0.40
0.44
0.38
0.40
0.50
0.51
0.49
0.51
0.48
0.47
0.46
0.46
0.39
0.38
0.38
0.40
1.19
0.62
0.61
0.64
0.64
0.51
0.53
0.51
CorWatt	PkgWatt
15.97	127.97
0.49	127.96
0.47
0.46
0.42
0.50
0.51
0.49
0.49
0.39
0.43
0.38
0.38
0.51
0.52
0.49
0.52
0.47
0.46
0.44
0.45
0.38
0.38
0.38
0.39
1.20
0.61
0.61
0.61
0.63
0.51
0.53
0.49
CorWatt	PkgWatt
17.24	129.70
0.53	129.71
0.46
0.45
0.42
0.48
0.50
0.50
0.47
0.39
0.44
0.41
0.40
0.52
0.60
0.49
0.51
0.48
0.46
0.45
0.45
0.38
0.38
0.38
0.39
2.86
0.40
0.42
0.44
0.62
0.51
0.54
0.50
CorWatt	PkgWatt
17.31	129.97
0.53	129.97
0.47
0.46
0.42
0.48
0.49
0.48
0.47
0.39
0.43
0.37
0.38
0.50
0.52
0.49
0.52
0.47
0.45
0.44
0.47
0.38
0.38
0.38
0.39
3.23
0.37
0.37
0.38
0.62
0.51
0.55
0.51
CorWatt	PkgWatt
18.30	130.69
0.54	130.70
0.50
0.47
0.46
0.52
0.56
0.52
0.50
0.39
0.47
0.39
0.40
0.53
0.51
0.52
0.51
0.52
0.52
0.49
0.49
0.44
0.43
0.42
0.44
3.23
0.42
0.43
0.41
0.57
0.55
0.56
0.60
CorWatt	PkgWatt
17.23	129.97
0.52	129.96
0.50
0.44
0.42
0.48
0.49
0.48
0.47
0.38
0.43
0.37
0.39
0.50
0.50
0.48
0.50
0.47
0.46
0.45
0.46
0.38
0.38
0.38
0.40
3.23
0.38
0.39
0.38
0.52
0.50
0.50
0.60
CorWatt	PkgWatt
17.99	130.55
0.53	130.56
0.52
0.45
0.46
0.51
0.51
0.49
0.48
0.41
0.48
0.42
0.39
0.54
0.51
0.50
0.57
0.50
0.46
0.46
0.46
0.40
0.40
0.39
0.41
3.23
0.40
0.40
0.41
0.58
0.56
0.55
0.60
CorWatt	PkgWatt
17.40	129.98
0.52	129.99
0.48
0.46
0.43
0.49
0.50
0.48
0.47
0.38
0.43
0.38
0.40
0.51
0.50
0.49
0.53
0.47
0.45
0.45
0.46
0.40
0.40
0.40
0.41
3.24
0.37
0.38
0.38
0.53
0.50
0.51
0.60
CorWatt	PkgWatt
17.68	130.20
0.52	130.19
0.47
0.46
0.43
0.49
0.50
0.49
0.48
0.40
0.43
0.41
0.43
0.54
0.54
0.51
0.51
0.50
0.48
0.46
0.48
0.39
0.39
0.38
0.41
3.23
0.38
0.38
0.39
0.53
0.52
0.52
0.62
CorWatt	PkgWatt
17.63	130.24
0.52	130.27
0.49
0.46
0.44
0.50
0.49
0.49
0.47
0.42
0.43
0.44
0.43
0.56
0.50
0.49
0.51
0.50
0.46
0.45
0.46
0.38
0.39
0.38
0.41
3.24
0.37
0.41
0.39
0.53
0.50
0.50
0.63
CorWatt	PkgWatt
17.52	130.01
0.54	129.98
0.46
0.48
0.42
0.49
0.50
0.49
0.48
0.39
0.44
0.38
0.38
0.50
0.51
0.49
0.50
0.48
0.46
0.45
0.45
0.39
0.40
0.38
0.42
3.23
0.40
0.39
0.38
0.53
0.54
0.52
0.62
CorWatt	PkgWatt
17.19	129.97
0.52	129.96
0.47
0.45
0.42
0.49
0.48
0.48
0.47
0.38
0.42
0.38
0.37
0.50
0.50
0.48
0.50
0.47
0.45
0.45
0.45
0.38
0.38
0.38
0.41
3.23
0.37
0.38
0.37
0.52
0.51
0.51
0.60
CorWatt	PkgWatt
17.44	130.09
0.55	130.09
0.47
0.46
0.43
0.50
0.49
0.49
0.47
0.40
0.43
0.40
0.40
0.50
0.51
0.49
0.51
0.47
0.46
0.46
0.46
0.39
0.40
0.38
0.41
3.24
0.37
0.38
0.38
0.53
0.52
0.51
0.60
CorWatt	PkgWatt
17.23	129.96
0.52	129.95
0.42
0.44
0.43
0.49
0.49
0.50
0.48
0.39
0.42
0.38
0.37
0.49
0.51
0.48
0.50
0.47
0.45
0.45
0.45
0.38
0.39
0.38
0.42
3.23
0.37
0.38
0.38
0.52
0.51
0.54
0.60
CorWatt	PkgWatt
18.09	129.92
0.62	129.94
0.54
0.71
0.52
0.59
0.54
0.74
0.55
0.44
0.46
0.41
0.40
0.55
0.58
0.58
0.55
0.87
0.56
0.51
0.52
0.49
0.46
0.45
0.50
1.23
0.43
0.44
0.45
0.59
0.59
0.56
0.66
CorWatt	PkgWatt
16.82	128.71
0.82	128.70
0.82
1.48
0.82
0.49
0.50
0.61
0.51
0.39
0.45
0.38
0.40
0.51
0.57
0.51
0.51
0.46
0.50
0.45
0.46
0.40
0.41
0.40
0.42
0.36
0.38
0.39
0.36
0.53
0.50
0.50
0.53
CorWatt	PkgWatt
16.85	128.48
0.83	128.48
0.81
1.34
0.95
0.51
0.49
0.60
0.49
0.43
0.48
0.39
0.37
0.50
0.57
0.49
0.51
0.45
0.49
0.47
0.48
0.41
0.41
0.39
0.39
0.36
0.38
0.40
0.38
0.54
0.53
0.51
0.53
CorWatt	PkgWatt
16.65	128.31
0.84	128.30
0.78
1.46
0.80
0.52
0.49
0.60
0.49
0.39
0.45
0.38
0.40
0.51
0.56
0.49
0.52
0.46
0.50
0.46
0.46
0.39
0.39
0.39
0.39
0.37
0.37
0.39
0.36
0.53
0.50
0.51
0.50
CorWatt	PkgWatt
16.64	128.44
0.83	128.45
0.80
1.46
0.80
0.51
0.51
0.61
0.49
0.39
0.44
0.36
0.37
0.51
0.57
0.49
0.52
0.46
0.51
0.50
0.47
0.39
0.38
0.38
0.39
0.36
0.36
0.37
0.36
0.54
0.51
0.51
0.53
CorWatt	PkgWatt
16.49	128.29
0.83	128.29
0.79
1.45
0.79
0.50
0.49
0.60
0.48
0.39
0.43
0.36
0.38
0.49
0.57
0.50
0.51
0.45
0.48
0.45
0.45
0.38
0.40
0.40
0.38
0.37
0.36
0.40
0.37
0.52
0.49
0.53
0.51
CorWatt	PkgWatt
16.95	128.52
0.90	128.52
1.01
1.47
0.97
0.50
0.50
0.60
0.48
0.39
0.43
0.37
0.38
0.50
0.55
0.49
0.51
0.46
0.51
0.46
0.46
0.39
0.38
0.39
0.39
0.35
0.36
0.38
0.35
0.53
0.50
0.50
0.50
CorWatt	PkgWatt
19.34	130.68
1.28	130.68
2.23
1.29
2.08
0.49
0.49
0.60
0.48
0.38
0.43
0.36
0.37
0.49
0.51
0.48
0.50
0.45
0.49
0.45
0.47
0.38
0.38
0.38
0.39
0.35
0.36
0.38
0.35
0.54
0.50
0.50
0.52
CorWatt	PkgWatt
19.44	130.95
1.28	130.95
2.11
1.29
2.17
0.53
0.49
0.62
0.49
0.38
0.42
0.36
0.37
0.49
0.51
0.48
0.50
0.45
0.52
0.47
0.48
0.40
0.39
0.41
0.39
0.35
0.36
0.37
0.35
0.52
0.50
0.50
0.50
CorWatt	PkgWatt
19.35	130.66
1.28	130.65
1.69
1.29
2.59
0.49
0.49
0.60
0.48
0.37
0.43
0.36
0.37
0.51
0.51
0.48
0.50
0.45
0.49
0.45
0.46
0.38
0.38
0.38
0.40
0.36
0.37
0.38
0.36
0.53
0.50
0.50
0.49
CorWatt	PkgWatt
19.54	130.87
1.28	130.88
1.78
1.29
2.51
0.50
0.49
0.58
0.49
0.39
0.43
0.37
0.38
0.50
0.51
0.49
0.51
0.46
0.52
0.48
0.46
0.39
0.39
0.38
0.41
0.36
0.38
0.39
0.36
0.53
0.50
0.51
0.51
CorWatt	PkgWatt
19.61	130.95
1.28	130.95
2.76
1.29
1.54
0.50
0.50
0.60
0.49
0.37
0.44
0.38
0.42
0.49
0.50
0.48
0.51
0.47
0.51
0.45
0.48
0.39
0.39
0.39
0.41
0.36
0.37
0.39
0.37
0.52
0.52
0.52
0.51
CorWatt	PkgWatt
19.53	131.00
1.28	131.01
1.28
1.29
3.00
0.50
0.49
0.60
0.48
0.39
0.48
0.36
0.37
0.52
0.52
0.50
0.50
0.45
0.49
0.45
0.46
0.39
0.38
0.38
0.41
0.36
0.38
0.35
0.35
0.52
0.55
0.51
0.52
CorWatt	PkgWatt
19.37	130.69
1.28	130.69
1.28
1.29
3.00
0.52
0.51
0.61
0.48
0.38
0.43
0.36
0.38
0.50
0.50
0.48
0.50
0.45
0.51
0.44
0.47
0.38
0.38
0.38
0.40
0.36
0.36
0.36
0.35
0.51
0.50
0.51
0.52
CorWatt	PkgWatt
19.65	130.86
1.28	130.86
1.28
1.29
3.00
0.50
0.50
0.60
0.50
0.42
0.44
0.37
0.37
0.52
0.57
0.52
0.52
0.47
0.50
0.47
0.47
0.39
0.38
0.38
0.41
0.35
0.36
0.36
0.35
0.53
0.54
0.51
0.51
CorWatt	PkgWatt
19.39	130.81
1.29	130.80
3.01
1.29
1.30
0.50
0.49
0.60
0.48
0.41
0.46
0.38
0.39
0.49
0.51
0.48
0.51
0.45
0.49
0.44
0.46
0.38
0.38
0.38
0.41
0.35
0.36
0.35
0.35
0.51
0.50
0.50
0.49
CorWatt	PkgWatt
19.96	131.24
1.29	131.26
3.01
1.29
1.28
0.52
0.53
0.62
0.50
0.39
0.46
0.40
0.42
0.49
0.53
0.48
0.50
0.44
0.54
0.49
0.46
0.43
0.42
0.40
0.44
0.35
0.40
0.36
0.35
0.55
0.54
0.54
0.54
CorWatt	PkgWatt
18.61	130.01
1.16	130.00
2.46
1.16
1.28
0.51
0.51
0.59
0.52
0.38
0.43
0.37
0.39
0.50
0.53
0.50
0.52
0.45
0.51
0.45
0.46
0.38
0.38
0.38
0.40
0.35
0.36
0.36
0.35
0.51
0.50
0.50
0.49
CorWatt	PkgWatt
19.68	133.68
0.77	133.69
0.52
0.54
0.50
0.58
3.23
0.66
0.58
0.76
0.50
0.46
0.45
0.58
0.58
0.56
0.57
0.51
0.55
0.51
0.51
0.45
0.44
0.44
0.46
0.41
0.42
0.44
0.42
0.58
0.58
0.56
0.57
CorWatt	PkgWatt
19.90	137.24
0.59	137.23
0.49
0.52
0.43
0.51
5.97
0.53
0.50
0.37
0.42
0.37
0.39
0.50
0.50
0.49
0.50
0.45
0.50
0.44
0.47
0.38
0.38
0.38
0.40
0.35
0.36
0.35
0.35
0.51
0.50
0.50
0.52
CorWatt	PkgWatt
20.00	137.23
0.58	137.22
0.43
0.51
0.44
0.51
5.97
0.53
0.49
0.39
0.45
0.38
0.39
0.50
0.51
0.49
0.50
0.45
0.51
0.46
0.45
0.41
0.38
0.39
0.41
0.35
0.36
0.37
0.35
0.51
0.50
0.51
0.50
CorWatt	PkgWatt
19.84	137.23
0.58	137.23
0.44
0.51
0.44
0.51
5.98
0.54
0.49
0.37
0.43
0.36
0.38
0.50
0.50
0.49
0.52
0.45
0.48
0.45
0.45
0.38
0.38
0.38
0.40
0.35
0.37
0.37
0.35
0.51
0.50
0.50
0.49
CorWatt	PkgWatt
20.31	137.62
0.59	137.63
0.47
0.51
0.47
0.54
5.97
0.53
0.50
0.39
0.47
0.39
0.38
0.51
0.51
0.49
0.50
0.46
0.50
0.46
0.46
0.39
0.38
0.38
0.41
0.37
0.38
0.39
0.37
0.55
0.54
0.55
0.51
CorWatt	PkgWatt
20.11	137.38
0.58	137.37
0.46
0.51
0.46
0.51
5.96
0.54
0.50
0.40
0.44
0.37
0.38
0.51
0.51
0.49
0.51
0.45
0.49
0.46
0.47
0.41
0.41
0.40
0.41
0.35
0.37
0.37
0.35
0.52
0.51
0.51
0.50
CorWatt	PkgWatt
19.96	137.46
0.59	137.46
0.44
0.51
0.44
0.50
5.97
0.52
0.50
0.38
0.43
0.36
0.37
0.52
0.50
0.49
0.50
0.47
0.50
0.46
0.47
0.39
0.39
0.38
0.41
0.35
0.36
0.36
0.35
0.53
0.50
0.50
0.50
CorWatt	PkgWatt
19.87	137.50
0.59	137.50
0.45
0.47
0.47
0.50
5.97
0.53
0.49
0.39
0.43
0.36
0.37
0.50
0.50
0.48
0.50
0.45
0.48
0.45
0.46
0.38
0.38
0.38
0.42
0.35
0.36
0.36
0.39
0.51
0.50
0.50
0.50
CorWatt	PkgWatt
20.32	137.66
0.61	137.66
0.46
0.50
0.46
0.51
5.97
0.55
0.50
0.40
0.45
0.37
0.40
0.51
0.53
0.50
0.51
0.46
0.50
0.46
0.46
0.39
0.41
0.38
0.42
0.36
0.39
0.40
0.35
0.53
0.52
0.54
0.52
CorWatt	PkgWatt
19.82	137.29
0.59	137.28
0.45
0.47
0.44
0.50
5.97
0.53
0.50
0.39
0.43
0.37
0.39
0.50
0.51
0.49
0.50
0.45
0.48
0.45
0.45
0.38
0.38
0.38
0.40
0.35
0.36
0.37
0.36
0.52
0.50
0.50
0.49
CorWatt	PkgWatt
19.92	137.44
0.60	137.44
0.44
0.46
0.45
0.50
5.97
0.53
0.50
0.40
0.44
0.39
0.40
0.50
0.51
0.49
0.50
0.47
0.45
0.46
0.45
0.39
0.40
0.38
0.40
0.35
0.36
0.36
0.35
0.52
0.51
0.50
0.50
CorWatt	PkgWatt
19.89	137.34
0.59	137.34
0.44
0.45
0.44
0.51
5.97
0.54
0.51
0.38
0.43
0.36
0.39
0.50
0.50
0.49
0.50
0.47
0.45
0.45
0.45
0.38
0.40
0.38
0.42
0.35
0.36
0.37
0.35
0.53
0.51
0.50
0.50
CorWatt	PkgWatt
20.15	137.53
0.60	137.54
0.46
0.48
0.45
0.52
5.97
0.53
0.52
0.42
0.43
0.37
0.38
0.51
0.51
0.51
0.51
0.49
0.47
0.46
0.46
0.42
0.40
0.38
0.44
0.35
0.36
0.39
0.35
0.53
0.51
0.50
0.50
CorWatt	PkgWatt
20.11	137.39
0.60	137.40
0.44
0.47
0.48
0.50
5.97
0.54
0.50
0.38
0.43
0.37
0.38
0.50
0.52
0.52
0.51
0.49
0.48
0.45
0.46
0.40
0.42
0.38
0.42
0.35
0.36
0.39
0.40
0.51
0.50
0.50
0.49
CorWatt	PkgWatt
20.19	137.64
0.58	137.64
0.44
0.46
0.45
0.51
5.97
0.53
0.50
0.41
0.48
0.37
0.39
0.52
0.51
0.50
0.51
0.48
0.47
0.46
0.48
0.40
0.39
0.38
0.38
0.35
0.37
0.39
0.38
0.54
0.52
0.54
0.52
CorWatt	PkgWatt
20.15	137.49
0.58	137.49
0.44
0.50
0.45
0.50
5.97
0.53
0.50
0.41
0.49
0.39
0.38
0.54
0.51
0.49
0.53
0.48
0.47
0.45
0.46
0.40
0.38
0.38
0.38
0.37
0.36
0.41
0.35
0.51
0.51
0.50
0.49
CorWatt	PkgWatt
20.16	137.50
0.58	137.50
0.45
0.49
0.44
0.52
5.97
0.53
0.52
0.42
0.44
0.37
0.38
0.51
0.51
0.50
0.51
0.49
0.49
0.49
0.48
0.39
0.39
0.38
0.38
0.37
0.37
0.39
0.36
0.53
0.51
0.51
0.50
CorWatt	PkgWatt
19.57	133.65
0.65	133.67
0.52
0.57
0.52
0.55
2.75
0.58
0.56
0.46
0.50
0.44
0.47
0.60
0.58
0.59
0.60
0.59
0.55
0.54
0.51
0.94
0.47
0.48
0.45
0.44
0.41
0.44
0.45
0.58
0.58
0.59
0.59
CorWatt	PkgWatt
17.61	130.37
0.56	130.36
0.48
0.51
0.48
0.50
0.51
0.49
0.49
0.41
0.43
0.38
0.39
0.51
0.52
0.50
0.52
3.21
0.52
0.50
0.50
0.52
0.39
0.41
0.39
0.36
0.37
0.38
0.35
0.52
0.51
0.50
0.50
CorWatt	PkgWatt
17.30	130.09
0.51	130.08
0.44
0.49
0.44
0.51
0.51
0.49
0.48
0.39
0.44
0.37
0.38
0.50
0.50
0.49
0.51
3.14
0.51
0.48
0.48
0.51
0.38
0.40
0.39
0.35
0.36
0.39
0.37
0.54
0.53
0.51
0.51
CorWatt	PkgWatt
17.38	130.34
0.53	130.34
0.46
0.49
0.45
0.51
0.50
0.50
0.49
0.41
0.43
0.37
0.38
0.52
0.52
0.49
0.50
3.12
0.54
0.49
0.50
0.51
0.38
0.40
0.39
0.35
0.36
0.38
0.36
0.53
0.51
0.51
0.50
CorWatt	PkgWatt
17.19	129.88
0.52	129.88
0.44
0.48
0.43
0.50
0.49
0.48
0.48
0.39
0.43
0.37
0.39
0.51
0.51
0.49
0.50
3.12
0.49
0.48
0.48
0.50
0.38
0.40
0.38
0.36
0.38
0.39
0.36
0.54
0.51
0.50
0.49
CorWatt	PkgWatt
17.26	130.05
0.51	130.05
0.43
0.48
0.43
0.50
0.49
0.48
0.49
0.38
0.43
0.37
0.38
0.50
0.51
0.52
0.50
3.12
0.53
0.50
0.48
0.52
0.39
0.40
0.40
0.35
0.38
0.39
0.36
0.53
0.51
0.50
0.50
CorWatt	PkgWatt
17.67	130.41
0.54	130.41
0.46
0.51
0.47
0.49
0.52
0.51
0.48
0.39
0.44
0.38
0.41
0.50
0.50
0.49
0.51
0.59
3.15
0.48
0.50
0.52
0.41
0.44
0.44
0.36
0.37
0.37
0.36
0.52
0.54
0.51
0.51
CorWatt	PkgWatt
17.60	130.27
0.53	130.27
0.45
0.50
0.46
0.51
0.50
0.49
0.49
0.41
0.48
0.37
0.38
0.50
0.51
0.49
0.52
0.58
3.16
0.49
0.49
0.51
0.41
0.41
0.42
0.37
0.39
0.36
0.37
0.53
0.54
0.51
0.53
CorWatt	PkgWatt
17.44	130.37
0.53	130.37
0.44
0.49
0.44
0.51
0.52
0.50
0.48
0.39
0.43
0.36
0.39
0.50
0.50
0.49
0.50
0.58
3.18
0.47
0.49
0.52
0.39
0.40
0.43
0.36
0.36
0.36
0.40
0.51
0.51
0.51
0.50
CorWatt	PkgWatt
17.70	130.31
0.54	130.31
0.45
0.50
0.46
0.50
0.50
0.49
0.49
0.42
0.43
0.37
0.39
0.53
0.55
0.53
0.53
0.58
3.16
0.49
0.49
0.42
0.52
0.40
0.43
0.36
0.36
0.36
0.35
0.54
0.54
0.51
0.50
CorWatt	PkgWatt
17.46	130.23
0.55	130.22
0.46
0.50
0.44
0.49
0.50
0.49
0.48
0.42
0.46
0.39
0.40
0.50
0.51
0.49
0.51
0.59
3.16
0.47
0.49
0.39
0.51
0.39
0.44
0.35
0.36
0.35
0.35
0.51
0.51
0.50
0.50
CorWatt	PkgWatt
17.53	130.28
0.53	130.29
0.46
0.51
0.45
0.52
0.50
0.51
0.50
0.39
0.45
0.37
0.39
0.50
0.52
0.49
0.51
0.58
3.16
0.49
0.49
0.41
0.50
0.40
0.43
0.35
0.36
0.36
0.36
0.52
0.51
0.52
0.51
CorWatt	PkgWatt
17.45	130.26
0.54	130.27
0.45
0.48
0.44
0.51
0.51
0.49
0.50
0.38
0.44
0.36
0.39
0.51
0.52
0.49
0.52
0.57
3.17
0.48
0.49
0.39
0.51
0.39
0.43
0.35
0.36
0.36
0.35
0.54
0.51
0.52
0.49
CorWatt	PkgWatt
17.64	130.31
0.54	130.31
0.46
0.50
0.46
0.49
0.53
0.49
0.48
0.39
0.46
0.41
0.40
0.52
0.54
0.50
0.51
0.58
3.18
0.49
0.49
0.41
0.52
0.39
0.42
0.35
0.36
0.37
0.36
0.52
0.51
0.52
0.50
CorWatt	PkgWatt
17.42	130.13
0.55	130.12
0.46
0.51
0.46
0.49
0.50
0.49
0.50
0.39
0.43
0.37
0.38
0.50
0.50
0.49
0.51
0.58
3.16
0.48
0.51
0.39
0.50
0.39
0.44
0.35
0.36
0.35
0.36
0.52
0.51
0.51
0.49
CorWatt	PkgWatt
17.48	130.17
0.52	130.18
0.44
0.49
0.44
0.49
0.50
0.49
0.49
0.41
0.45
0.39
0.39
0.50
0.51
0.49
0.51
0.59
3.16
0.49
0.49
0.43
0.51
0.39
0.42
0.35
0.36
0.39
0.35
0.52
0.51
0.51
0.51
CorWatt	PkgWatt
17.29	130.22
0.52	130.22
0.44
0.46
0.49
0.49
0.49
0.48
0.48
0.38
0.43
0.37
0.38
0.51
0.50
0.48
0.51
0.57
3.16
0.48
0.49
0.39
0.51
0.39
0.42
0.35
0.36
0.40
0.35
0.51
0.50
0.50
0.49
CorWatt	PkgWatt
17.79	130.36
0.55	130.36
0.47
0.45
0.51
0.53
0.52
0.49
0.48
0.40
0.47
0.38
0.39
0.50
0.51
0.49
0.51
0.57
3.14
0.48
0.49
0.41
0.52
0.39
0.41
0.40
0.37
0.40
0.39
0.55
0.56
0.55
0.50
CorWatt	PkgWatt
17.93	129.69
0.58	129.70
0.50
0.52
0.51
0.57
0.53
0.54
0.53
0.45
0.49
0.44
0.44
0.56
0.56
0.57
0.57
0.60
0.57
0.51
0.50
0.46
0.52
0.48
0.47
0.43
0.43
0.44
0.98
0.72
0.71
0.70
1.06
CorWatt	PkgWatt
16.57	128.49
0.52	128.48
0.44
0.47
0.45
0.50
0.50
0.50
0.49
0.40
0.44
0.38
0.38
0.51
0.53
0.50
0.51
0.56
0.51
0.47
0.48
0.40
0.40
0.39
0.42
0.38
0.38
0.40
0.48
0.86
0.79
0.78
1.35
CorWatt	PkgWatt
16.13	127.96
0.52	127.95
0.44
0.46
0.44
0.48
0.48
0.49
0.47
0.40
0.43
0.37
0.38
0.50
0.50
0.48
0.50
0.54
0.46
0.45
0.47
0.38
0.39
0.38
0.38
0.37
0.36
0.39
0.47
1.40
0.78
0.77
0.77
CorWatt	PkgWatt
16.27	128.09
0.53	128.10
0.43
0.47
0.44
0.49
0.52
0.49
0.48
0.39
0.44
0.36
0.38
0.50
0.51
0.48
0.50
0.54
0.47
0.45
0.46
0.39
0.40
0.38
0.42
0.35
0.38
0.40
0.47
1.41
0.79
0.78
0.78
CorWatt	PkgWatt
16.14	127.94
0.53	127.93
0.44
0.46
0.42
0.48
0.48
0.49
0.47
0.39
0.43
0.37
0.38
0.50
0.50
0.49
0.50
0.53
0.45
0.44
0.45
0.38
0.38
0.38
0.39
0.37
0.36
0.38
0.47
0.89
0.78
0.77
1.36
CorWatt	PkgWatt
17.00	128.82
0.52	128.83
0.43
0.44
0.43
0.54
0.49
0.49
0.47
0.41
0.43
0.42
0.41
0.51
0.52
0.50
0.51
0.48
0.47
0.45
0.46
0.43
0.41
0.38
0.41
0.36
0.37
0.38
0.48
1.76
0.87
0.87
0.90
CorWatt	PkgWatt
19.24	130.77
0.54	130.77
0.42
0.44
0.42
0.49
0.48
0.50
0.49
0.40
0.43
0.38
0.39
0.51
0.50
0.50
0.51
0.48
0.46
0.44
0.45
0.38
0.39
0.38
0.40
0.36
0.36
0.40
0.47
1.22
1.20
1.20
3.25
CorWatt	PkgWatt
19.57	131.02
0.53	131.01
0.43
0.46
0.43
0.50
0.48
0.48
0.50
0.42
0.44
0.38
0.38
0.51
0.51
0.51
0.51
0.50
0.46
0.45
0.46
0.40
0.38
0.38
0.42
0.36
0.37
0.40
0.48
3.27
1.26
1.26
1.26
CorWatt	PkgWatt
19.70	131.26
0.55	131.26
0.43
0.45
0.46
0.48
0.49
0.48
0.48
0.40
0.44
0.38
0.40
0.51
0.53
0.55
0.53
0.49
0.46
0.44
0.45
0.40
0.41
0.38
0.42
0.37
0.39
0.38
0.48
3.29
1.26
1.27
1.26
CorWatt	PkgWatt
19.48	131.13
0.53	131.14
0.44
0.45
0.43
0.50
0.49
0.49
0.48
0.42
0.48
0.38
0.39
0.50
0.51
0.49
0.51
0.48
0.46
0.45
0.48
0.41
0.40
0.38
0.40
0.36
0.38
0.39
0.49
1.24
1.22
1.22
3.23
CorWatt	PkgWatt
19.24	130.85
0.53	130.85
0.42
0.45
0.44
0.48
0.48
0.48
0.47
0.40
0.43
0.37
0.38
0.50
0.50
0.49
0.51
0.48
0.45
0.44
0.45
0.38
0.38
0.38
0.39
0.36
0.37
0.36
0.47
1.26
1.24
1.25
3.23
CorWatt	PkgWatt
19.57	130.99
0.54	130.99
0.44
0.44
0.44
0.50
0.51
0.49
0.50
0.40
0.43
0.38
0.38
0.50
0.51
0.49
0.51
0.49
0.48
0.48
0.47
0.38
0.38
0.38
0.40
0.39
0.37
0.38
0.49
3.25
1.26
1.26
1.26
CorWatt	PkgWatt
19.60	131.24
0.54	131.24
0.43
0.44
0.43
0.49
0.49
0.49
0.48
0.41
0.44
0.38
0.39
0.50
0.54
0.51
0.52
0.49
0.45
0.44
0.45
0.38
0.40
0.39
0.40
0.40
0.37
0.38
0.49
3.28
1.26
1.27
1.27
CorWatt	PkgWatt
19.48	130.84
0.54	130.85
0.46
0.46
0.49
0.49
0.49
0.48
0.47
0.39
0.44
0.38
0.39
0.50
0.51
0.49
0.51
0.50
0.46
0.46
0.46
0.40
0.38
0.39
0.41
0.36
0.37
0.37
0.45
1.32
1.24
1.24
3.17
CorWatt	PkgWatt
19.30	130.76
0.54	130.76
0.43
0.44
0.43
0.51
0.48
0.49
0.47
0.39
0.43
0.38
0.39
0.50
0.51
0.49
0.51
0.49
0.47
0.46
0.45
0.38
0.38
0.38
0.40
0.37
0.37
0.38
0.47
2.15
1.22
1.22
2.33
CorWatt	PkgWatt
19.41	130.95
0.54	130.95
0.44
0.45
0.42
0.50
0.48
0.50
0.48
0.41
0.42
0.37
0.37
0.52
0.52
0.49
0.51
0.49
0.48
0.45
0.47
0.39
0.38
0.38
0.41
0.36
0.36
0.36
0.47
1.27
1.25
1.25
3.23
CorWatt	PkgWatt
19.51	131.00
0.55	130.99
0.43
0.44
0.42
0.50
0.48
0.48
0.47
0.39
0.43
0.38
0.39
0.52
0.52
0.51
0.51
0.49
0.45
0.45
0.45
0.38
0.38
0.38
0.40
0.37
0.39
0.39
0.49
2.92
1.26
1.26
1.63
CorWatt	PkgWatt
19.27	130.52
0.61	130.56
0.48
0.47
0.46
0.57
0.58
0.56
0.51
0.44
0.46
0.42
0.41
0.58
0.53
0.54
0.55
0.58
0.59
0.54
0.51
0.47
0.42
0.43
0.47
0.48
0.43
0.46
0.55
2.11
1.02
1.07
0.99
