CorWatt	PkgWatt
15.62	128.19
0.56	128.20
0.50
0.49
0.52
0.53
0.58
0.55
0.53
0.44
0.48
0.41
0.44
0.54
0.55
0.60
0.54
0.51
0.49
0.48
0.49
0.41
0.40
0.40
0.42
0.39
0.38
0.49
0.37
0.53
0.51
0.53
0.53
CorWatt	PkgWatt
14.97	127.56
0.52	127.62
0.50
0.52
0.47
0.50
0.53
0.51
0.50
0.42
0.47
0.38
0.40
0.53
0.53
0.58
0.52
0.49
0.46
0.46
0.48
0.40
0.40
0.38
0.43
0.37
0.36
0.40
0.35
0.53
0.51
0.53
0.50
CorWatt	PkgWatt
71.28	186.15
2.84	186.15
2.44
2.29
2.30
2.36
2.39
2.36
2.36
2.21
2.23
2.16
2.17
2.31
2.28
2.36
2.36
2.25
2.18
1.96
2.05
2.15
2.20
1.93
1.96
2.18
2.13
1.95
1.96
2.34
2.30
2.15
2.17
