CorWatt	PkgWatt
15.40	127.78
0.56	127.79
0.50
0.51
0.44
0.53
0.51
0.51
0.50
0.40
0.45
0.46
0.44
0.56
0.55
0.51
0.54
0.50
0.49
0.49
0.48
0.42
0.41
0.40
0.41
0.37
0.37
0.37
0.39
0.55
0.64
0.56
0.55
CorWatt	PkgWatt
14.84	126.42
0.53	127.14
0.49
0.53
0.43
0.50
0.51
0.49
0.49
0.39
0.43
0.42
0.40
0.56
0.51
0.52
0.57
0.47
0.52
0.48
0.47
0.40
0.42
0.39
0.43
0.36
0.35
0.37
0.36
0.53
0.50
0.52
0.53
CorWatt	PkgWatt
17.90	130.75
0.67	130.03
0.59
0.66
0.56
0.65
0.60
0.61
0.64
0.49
0.50
0.48
0.47
0.61
0.62
0.64
0.60
0.54
0.55
0.56
0.60
0.55
0.49
0.56
0.50
0.45
0.43
0.44
0.45
0.59
0.58
0.58
0.56
CorWatt	PkgWatt
15.39	127.78
0.61	127.68
0.51
0.55
0.50
0.54
0.55
0.53
0.53
0.41
0.45
0.43
0.39
0.52
0.52
0.53
0.52
0.46
0.50
0.50
0.48
0.45
0.41
0.46
0.44
0.37
0.37
0.38
0.37
0.53
0.52
0.52
0.55
