CorWatt	PkgWatt
15.74	128.13
0.51	128.14
0.49
0.50
0.49
0.58
0.55
0.57
0.54
0.48
0.50
0.42
0.51
0.57
0.55
0.54
0.55
0.47
0.49
0.46
0.48
0.41
0.43
0.41
0.42
0.40
0.45
0.42
0.40
0.55
0.52
0.54
0.53
CorWatt	PkgWatt
15.11	127.91
0.48	127.99
0.44
0.52
0.48
0.52
0.51
0.60
0.55
0.43
0.48
0.39
0.44
0.53
0.53
0.51
0.53
0.48
0.49
0.45
0.47
0.42
0.39
0.40
0.42
0.42
0.38
0.39
0.37
0.52
0.51
0.51
0.52
CorWatt	PkgWatt
20.87	132.72
0.70	132.68
0.67
0.70
0.69
0.79
0.70
0.76
0.73
0.65
0.81
0.64
0.61
0.74
0.66
0.62
0.73
0.60
0.62
0.60
0.62
0.61
0.66
0.53
0.65
0.51
0.54
0.53
0.60
0.64
0.65
0.64
0.69
CorWatt	PkgWatt
15.99	128.38
0.52	128.36
0.44
0.53
0.54
0.58
0.54
0.54
0.53
0.51
0.57
0.43
0.52
0.58
0.56
0.55
0.68
0.46
0.50
0.46
0.49
0.45
0.41
0.39
0.44
0.41
0.39
0.40
0.39
0.55
0.52
0.55
0.58
CorWatt	PkgWatt
16.16	128.62
0.54	128.60
0.49
0.51
0.53
0.62
0.56
0.54
0.56
0.50
0.55
0.48
0.49
0.59
0.55
0.55
0.64
0.50
0.48
0.46
0.51
0.45
0.41
0.41
0.46
0.46
0.40
0.38
0.38
0.57
0.51
0.52
0.56
CorWatt	PkgWatt
16.67	128.94
0.54	128.97
0.45
0.50
0.49
0.58
0.52
0.52
0.59
0.53
0.62
0.54
0.52
0.62
0.56
0.54
0.64
0.55
0.56
0.55
0.56
0.48
0.47
0.46
0.49
0.42
0.40
0.39
0.37
0.56
0.51
0.52
0.60
CorWatt	PkgWatt
15.96	128.61
0.52	128.60
0.48
0.50
0.49
0.56
0.54
0.49
0.58
0.42
0.49
0.42
0.49
0.56
0.56
0.57
0.54
0.49
0.57
0.52
0.52
0.45
0.47
0.46
0.46
0.38
0.42
0.40
0.39
0.57
0.53
0.56
0.55
CorWatt	PkgWatt
15.84	128.33
0.61	128.33
0.52
0.53
0.51
0.59
0.55
0.56
0.61
0.42
0.49
0.38
0.50
0.55
0.55
0.54
0.56
0.50
0.48
0.46
0.50
0.45
0.39
0.40
0.42
0.43
0.40
0.40
0.41
0.55
0.53
0.52
0.54
CorWatt	PkgWatt
16.08	128.60
0.53	128.60
0.48
0.51
0.49
0.61
0.53
0.59
0.58
0.44
0.48
0.40
0.47
0.55
0.55
0.53
0.57
0.50
0.52
0.51
0.52
0.42
0.41
0.42
0.45
0.38
0.52
0.42
0.42
0.58
0.56
0.59
0.58
CorWatt	PkgWatt
15.79	128.37
0.51	128.38
0.51
0.53
0.50
0.54
0.57
0.57
0.58
0.44
0.49
0.39
0.49
0.53
0.55
0.53
0.55
0.50
0.53
0.50
0.50
0.46
0.39
0.40
0.43
0.45
0.36
0.41
0.41
0.55
0.51
0.52
0.56
CorWatt	PkgWatt
15.67	128.35
0.51	128.34
0.46
0.47
0.49
0.52
0.52
0.56
0.54
0.40
0.58
0.46
0.49
0.56
0.60
0.57
0.57
0.49
0.50
0.52
0.51
0.43
0.39
0.39
0.45
0.41
0.39
0.37
0.40
0.55
0.50
0.51
0.55
CorWatt	PkgWatt
15.77	128.32
0.53	128.32
0.49
0.52
0.50
0.53
0.54
0.56
0.61
0.47
0.47
0.41
0.47
0.55
0.53
0.56
0.55
0.51
0.52
0.53
0.50
0.43
0.42
0.43
0.46
0.41
0.39
0.38
0.38
0.56
0.50
0.52
0.55
CorWatt	PkgWatt
20.09	132.11
0.68	132.12
0.62
0.70
0.73
0.73
0.67
0.78
0.69
0.58
0.64
0.58
0.70
0.68
0.64
0.77
0.66
0.54
0.66
0.55
0.53
0.63
0.51
0.56
0.51
0.50
0.50
0.50
0.52
0.71
0.63
0.69
0.69
