CorWatt	PkgWatt
15.20	127.40
0.51	127.40
0.46
0.48
0.45
0.56
0.51
0.53
0.54
0.48
0.45
0.42
0.42
0.54
0.58
0.53
0.52
0.46
0.48
0.46
0.53
0.43
0.41
0.39
0.40
0.37
0.38
0.39
0.40
0.52
0.52
0.55
0.53
CorWatt	PkgWatt
14.64	126.90
0.48	127.01
0.45
0.47
0.46
0.58
0.50
0.51
0.53
0.39
0.44
0.39
0.39
0.52
0.55
0.51
0.51
0.45
0.46
0.46
0.53
0.41
0.39
0.38
0.38
0.36
0.35
0.36
0.39
0.51
0.51
0.51
0.51
CorWatt	PkgWatt
20.99	132.22
0.73	132.15
0.56
0.53
0.55
0.65
0.70
0.69
0.64
0.59
0.61
0.59
0.70
0.65
0.78
0.65
0.70
0.67
0.66
0.65
0.69
0.56
0.55
0.53
0.64
0.60
0.59
0.65
0.59
0.88
0.75
0.84
0.82
CorWatt	PkgWatt
15.93	127.94
0.53	127.91
0.48
0.51
0.52
0.54
0.50
0.55
0.48
0.48
0.47
0.41
0.40
0.53
0.51
0.54
0.54
0.50
0.60
0.57
0.56
0.47
0.47
0.44
0.44
0.37
0.37
0.39
0.43
0.65
0.57
0.56
0.57
CorWatt	PkgWatt
15.62	127.48
0.58	127.48
0.47
0.48
0.53
0.57
0.55
0.56
0.49
0.45
0.47
0.37
0.39
0.54
0.53
0.51
0.56
0.48
0.48
0.47
0.55
0.47
0.42
0.42
0.41
0.38
0.39
0.37
0.38
0.62
0.58
0.58
0.56
CorWatt	PkgWatt
16.38	128.23
0.57	128.25
0.47
0.50
0.49
0.54
0.53
0.53
0.57
0.48
0.50
0.43
0.44
0.54
0.60
0.58
0.57
0.51
0.52
0.54
0.57
0.49
0.47
0.53
0.49
0.38
0.35
0.40
0.39
0.60
0.61
0.59
0.59
CorWatt	PkgWatt
15.96	127.92
0.58	127.90
0.47
0.45
0.45
0.53
0.50
0.51
0.49
0.46
0.46
0.42
0.43
0.54
0.56
0.52
0.55
0.50
0.49
0.49
0.53
0.50
0.43
0.42
0.42
0.45
0.42
0.45
0.45
0.60
0.58
0.69
0.60
CorWatt	PkgWatt
15.25	127.37
0.53	127.37
0.49
0.46
0.44
0.51
0.48
0.48
0.51
0.42
0.48
0.39
0.37
0.53
0.50
0.49
0.51
0.50
0.52
0.51
0.57
0.47
0.42
0.48
0.44
0.43
0.38
0.39
0.45
0.56
0.51
0.51
0.50
CorWatt	PkgWatt
15.40	127.59
0.51	127.58
0.52
0.48
0.46
0.55
0.52
0.52
0.53
0.42
0.47
0.37
0.38
0.54
0.51
0.52
0.51
0.49
0.49
0.45
0.55
0.46
0.43
0.40
0.42
0.38
0.47
0.40
0.41
0.58
0.56
0.56
0.55
CorWatt	PkgWatt
15.43	127.49
0.53	127.49
0.54
0.50
0.49
0.56
0.55
0.60
0.56
0.40
0.47
0.37
0.38
0.53
0.53
0.50
0.51
0.47
0.46
0.45
0.56
0.42
0.45
0.42
0.42
0.38
0.39
0.39
0.43
0.55
0.53
0.56
0.52
CorWatt	PkgWatt
15.57	127.50
0.53	127.50
0.52
0.52
0.49
0.54
0.53
0.51
0.56
0.43
0.47
0.38
0.38
0.54
0.51
0.50
0.52
0.47
0.49
0.46
0.56
0.43
0.45
0.41
0.41
0.42
0.40
0.44
0.46
0.52
0.58
0.60
0.55
CorWatt	PkgWatt
15.18	127.41
0.52	127.41
0.51
0.49
0.55
0.55
0.55
0.54
0.55
0.41
0.49
0.37
0.37
0.52
0.53
0.51
0.53
0.46
0.46
0.45
0.50
0.42
0.43
0.41
0.38
0.38
0.40
0.37
0.39
0.53
0.54
0.56
0.50
CorWatt	PkgWatt
18.57	129.83
0.73	129.91
0.57
0.64
0.55
0.74
0.69
0.79
0.72
0.48
0.54
0.57
0.52
0.61
0.58
0.56
0.56
0.59
0.59
0.59
0.62
0.52
0.50
0.47
0.42
0.48
0.50
0.46
0.50
0.63
0.61
0.63
0.60
