CorWatt	PkgWatt
15.30	127.34
0.53	127.34
0.46
0.50
0.45
0.49
0.50
0.50
0.52
0.41
0.54
0.39
0.47
0.53
0.53
0.54
0.52
0.45
0.49
0.47
0.48
0.41
0.42
0.40
0.39
0.42
0.40
0.46
0.40
0.60
0.54
0.54
0.54
CorWatt	PkgWatt
14.68	126.99
0.50	127.05
0.44
0.46
0.45
0.49
0.51
0.50
0.51
0.40
0.45
0.37
0.40
0.56
0.55
0.55
0.51
0.44
0.47
0.44
0.45
0.38
0.40
0.39
0.39
0.41
0.36
0.39
0.35
0.61
0.51
0.51
0.54
CorWatt	PkgWatt
20.65	131.92
0.77	131.90
0.58
0.60
0.68
0.60
0.63
0.60
0.77
0.56
0.64
0.55
0.60
0.67
0.71
0.63
0.64
0.58
0.68
0.60
0.63
0.66
0.61
0.57
0.57
0.62
0.59
0.64
0.51
0.89
0.84
0.76
0.68
CorWatt	PkgWatt
15.76	127.72
0.54	127.70
0.43
0.45
0.43
0.51
0.53
0.50
0.54
0.40
0.46
0.39
0.45
0.57
0.58
0.55
0.51
0.48
0.54
0.51
0.51
0.52
0.44
0.43
0.43
0.46
0.40
0.41
0.40
0.61
0.54
0.60
0.63
CorWatt	PkgWatt
16.87	128.48
0.66	128.49
0.49
0.47
0.45
0.49
0.62
0.59
0.51
0.47
0.53
0.46
0.48
0.52
0.55
0.61
0.60
0.56
0.55
0.48
0.49
0.49
0.44
0.47
0.52
0.44
0.44
0.49
0.45
0.65
0.69
0.61
0.59
CorWatt	PkgWatt
16.80	128.52
0.60	128.55
0.51
0.50
0.49
0.53
0.57
0.54
0.57
0.45
0.50
0.45
0.51
0.60
0.60
0.59
0.61
0.56
0.58
0.55
0.53
0.55
0.47
0.47
0.47
0.39
0.35
0.40
0.38
0.66
0.66
0.61
0.56
CorWatt	PkgWatt
15.75	127.78
0.54	127.74
0.45
0.50
0.49
0.53
0.56
0.53
0.54
0.45
0.48
0.41
0.46
0.62
0.57
0.54
0.56
0.51
0.49
0.49
0.50
0.42
0.45
0.44
0.41
0.44
0.38
0.36
0.36
0.62
0.59
0.54
0.52
CorWatt	PkgWatt
15.33	127.42
0.57	127.41
0.49
0.49
0.49
0.53
0.55
0.59
0.53
0.38
0.49
0.41
0.43
0.52
0.51
0.53
0.54
0.45
0.48
0.45
0.50
0.42
0.41
0.44
0.43
0.42
0.35
0.36
0.35
0.59
0.56
0.55
0.49
CorWatt	PkgWatt
15.92	127.74
0.55	127.74
0.49
0.51
0.48
0.56
0.55
0.57
0.52
0.45
0.47
0.42
0.44
0.55
0.51
0.50
0.58
0.51
0.54
0.54
0.54
0.56
0.44
0.43
0.43
0.44
0.40
0.37
0.39
0.62
0.51
0.52
0.55
CorWatt	PkgWatt
15.93	127.83
0.58	127.82
0.54
0.52
0.51
0.53
0.56
0.62
0.55
0.41
0.48
0.41
0.47
0.54
0.52
0.55
0.54
0.47
0.54
0.48
0.48
0.46
0.42
0.41
0.44
0.44
0.36
0.43
0.39
0.60
0.59
0.57
0.52
CorWatt	PkgWatt
15.37	127.34
0.60	127.34
0.54
0.51
0.46
0.55
0.55
0.51
0.55
0.43
0.48
0.40
0.49
0.50
0.50
0.51
0.54
0.44
0.50
0.47
0.48
0.42
0.40
0.39
0.46
0.42
0.37
0.37
0.36
0.58
0.56
0.53
0.50
CorWatt	PkgWatt
15.17	127.27
0.49	127.27
0.48
0.49
0.44
0.51
0.52
0.51
0.49
0.43
0.47
0.38
0.51
0.55
0.57
0.53
0.56
0.48
0.52
0.48
0.49
0.43
0.38
0.40
0.42
0.42
0.37
0.37
0.35
0.55
0.56
0.51
0.50
CorWatt	PkgWatt
18.63	129.73
0.60	129.78
0.64
0.57
0.63
0.53
0.58
0.61
0.53
0.47
0.52
0.51
0.54
0.59
0.64
0.66
0.63
0.61
0.59
0.61
0.65
0.69
0.63
0.52
0.58
0.52
0.48
0.51
0.47
0.64
0.60
0.68
0.59
