CorWatt	PkgWatt
4.86	151.87
0.08	75.50
0.08
0.08
0.08
0.07
0.07
0.08
0.08
0.06
0.06
0.06
0.06
0.06
0.06
0.06
0.06
0.07
0.07
0.07
0.07
0.09
0.08
0.08
0.08
0.07
0.07
0.07
0.07
0.06
0.06
0.06
0.06
0.08	76.43
0.08
0.08
0.08
0.08
0.08
0.08
0.08
0.08
0.07
0.07
0.07
0.07
0.07
0.07
0.07
0.08
0.08
0.08
0.16
0.09
0.08
0.08
0.08
0.09
0.08
0.09
0.08
0.08
0.07
0.08
0.07
CorWatt	PkgWatt
4.98	152.05
0.08	75.97
0.08
0.08
0.08
0.08
0.07
0.08
0.08
0.07
0.07
0.06
0.07
0.08
0.07
0.06
0.06
0.08
0.08
0.08
0.08
0.09
0.08
0.08
0.08
0.07
0.07
0.07
0.07
0.07
0.07
0.07
0.06
0.09	76.82
0.09
0.08
0.08
0.12
0.09
0.08
0.08
0.08
0.08
0.07
0.07
0.07
0.07
0.07
0.08
0.08
0.08
0.08
0.11
0.08
0.09
0.08
0.09
0.09
0.09
0.09
0.08
0.07
0.07
0.08
0.08
CorWatt	PkgWatt
14.76	182.15
0.17	88.07
0.20
0.17
0.16
0.17
0.13
0.14
0.19
0.18
0.18
0.23
0.19
0.15
0.12
0.11
0.13
0.26
0.28
0.29
0.26
0.21
0.15
0.13
0.17
0.22
0.12
0.12
0.13
0.12
0.17
0.13
0.14
0.17	93.35
0.22
0.19
0.19
0.23
0.17
0.23
0.32
2.36
0.21
0.22
0.18
0.19
0.16
0.17
0.18
0.25
0.28
0.20
0.20
0.27
0.29
0.23
0.23
0.28
0.32
0.26
0.21
0.21
0.21
0.21
0.18
