CorWatt	PkgWatt
294.90	559.83
4.12	229.11
4.07
4.06
4.05
3.99
3.93
4.15
4.03
4.01
3.90
3.71
4.05
3.95
3.93
4.08
4.07
4.19
4.06
4.04
4.11
4.22
3.90
4.15
4.01
3.75
4.08
4.09
3.97
3.93
4.07
3.95
4.04
4.05	228.16
3.94
4.10
3.96
4.04
4.16
4.08
4.08
4.03
4.08
3.94
3.87
4.10
4.08
3.99
4.04
3.85
3.75
3.81
3.76
3.86
4.04
4.06
3.89
3.81
3.92
3.77
3.90
3.91
4.08
3.83
4.01
CorWatt	PkgWatt
153.36	367.84
2.45	184.24
2.47
2.44
2.42
2.40
2.40
2.40
2.43
2.32
2.40
2.30
2.38
2.39
2.35
2.36
2.36
2.43
2.47
2.46
2.46
2.48
2.45
2.51
2.43
2.37
2.38
2.42
2.44
2.37
2.41
2.41
2.39
2.44	183.62
2.40
2.42
2.41
2.37
2.43
2.42
2.42
2.35
2.35
2.34
2.32
2.39
2.37
2.40
2.39
2.36
2.33
2.34
2.38
2.40
2.41
2.43
2.37
2.38
2.38
2.38
2.33
2.40
2.38
2.36
2.35
CorWatt	PkgWatt
154.64	370.73
2.44	185.67
2.47
2.46
2.41
2.45
2.42
2.44
2.40
2.37
2.52
2.31
2.39
2.40
2.36
2.41
2.41
2.47
2.44
2.50
2.46
2.50
2.49
2.49
2.46
2.42
2.46
2.44
2.49
2.41
2.43
2.38
2.39
2.42	184.86
2.42
2.45
2.44
2.39
2.47
2.44
2.44
2.39
2.36
2.34
2.36
2.42
2.37
2.38
2.39
2.36
2.35
2.36
2.38
2.41
2.47
2.43
2.42
2.34
2.39
2.41
2.38
2.38
2.42
2.35
2.35
CorWatt	PkgWatt
154.88	369.99
2.45	185.25
2.49
2.45
2.42
2.47
2.45
2.45
2.45
2.39
2.41
2.33
2.42
2.44
2.39
2.41
2.37
2.47
2.43
2.50
2.46
2.53
2.49
2.52
2.45
2.44
2.44
2.45
2.47
2.36
2.43
2.40
2.42
2.44	184.77
2.44
2.41
2.47
2.37
2.46
2.46
2.45
2.38
2.36
2.37
2.36
2.39
2.38
2.38
2.36
2.34
2.37
2.34
2.40
2.44
2.46
2.44
2.44
2.38
2.37
2.38
2.40
2.39
2.43
2.38
2.37
CorWatt	PkgWatt
192.54	404.27
3.05	202.75
3.12
2.96
3.07
3.10
3.00
3.05
3.07
3.02
2.92
2.87
3.04
3.08
3.00
3.05
2.96
3.06
3.00
3.03
3.09
3.18
3.04
3.09
3.03
3.10
3.12
3.09
3.07
3.08
3.07
2.98
3.07
3.09	201.43
3.01
3.01
2.99
3.04
3.03
2.94
3.00
3.02
2.92
2.95
2.87
2.99
2.86
2.86
2.89
2.94
2.95
2.87
2.91
2.99
3.04
3.10
3.00
2.94
2.95
2.96
2.94
3.03
2.96
3.04
2.96
