CorWatt	PkgWatt
15.17	126.84
0.52	126.85
0.48
0.50
0.48
0.50
0.55
0.50
0.51
0.43
0.44
0.46
0.49
0.53
0.52
0.50
0.52
0.47
0.47
0.46
0.48
0.44
0.40
0.41
0.42
0.39
0.41
0.40
0.36
0.52
0.51
0.60
0.52
CorWatt	PkgWatt
14.74	125.84
0.52	126.45
0.43
0.52
0.50
0.50
0.51
0.49
0.48
0.40
0.44
0.40
0.38
0.52
0.51
0.51
0.52
0.48
0.48
0.48
0.47
0.45
0.42
0.38
0.40
0.39
0.39
0.36
0.36
0.52
0.50
0.57
0.52
CorWatt	PkgWatt
17.54	129.35
0.60	128.73
0.55
0.57
0.57
0.58
0.61
0.63
0.55
0.57
0.57
0.60
0.61
0.63
0.69
0.62
0.65
0.57
0.55
0.52
0.52
0.48
0.41
0.39
0.46
0.44
0.48
0.42
0.37
0.56
0.53
0.62
0.57
CorWatt	PkgWatt
15.04	126.98
0.49	126.92
0.46
0.49
0.44
0.55
0.52
0.50
0.60
0.42
0.48
0.45
0.46
0.52
0.52
0.53
0.55
0.46
0.48
0.46
0.47
0.41
0.40
0.38
0.40
0.38
0.37
0.37
0.37
0.54
0.50
0.57
0.51
