CorWatt	PkgWatt
14.93	127.17
0.50	127.18
0.52
0.48
0.44
0.53
0.53
0.49
0.49
0.43
0.45
0.39
0.38
0.52
0.51
0.51
0.51
0.46
0.47
0.47
0.46
0.39
0.40
0.39
0.39
0.38
0.42
0.42
0.38
0.58
0.56
0.55
0.53
CorWatt	PkgWatt
14.63	126.35
0.48	126.91
0.49
0.45
0.43
0.51
0.50
0.50
0.53
0.37
0.44
0.37
0.39
0.52
0.51
0.49
0.52
0.46
0.45
0.46
0.45
0.38
0.40
0.38
0.38
0.40
0.39
0.43
0.37
0.56
0.55
0.54
0.57
CorWatt	PkgWatt
18.02	130.28
0.55	129.75
0.54
0.60
0.48
0.58
0.56
0.59
0.61
0.50
0.60
0.58
0.49
0.67
0.65
0.71
0.72
0.56
0.62
0.55
0.61
0.45
0.45
0.51
0.43
0.46
0.50
0.47
0.42
0.63
0.64
0.62
0.61
CorWatt	PkgWatt
14.71	127.00
0.50	126.97
0.47
0.50
0.44
0.53
0.51
0.49
0.48
0.40
0.47
0.39
0.38
0.51
0.51
0.51
0.52
0.48
0.48
0.51
0.55
0.38
0.39
0.38
0.38
0.36
0.35
0.38
0.37
0.53
0.50
0.53
0.54
CorWatt	PkgWatt
14.71	127.01
0.48	127.01
0.47
0.49
0.43
0.51
0.51
0.49
0.49
0.40
0.46
0.38
0.39
0.52
0.52
0.49
0.51
0.52
0.52
0.50
0.47
0.38
0.40
0.38
0.40
0.40
0.36
0.39
0.37
0.53
0.50
0.52
0.50
CorWatt	PkgWatt
15.38	127.47
0.51	127.52
0.49
0.49
0.42
0.51
0.50
0.53
0.49
0.44
0.50
0.43
0.41
0.57
0.55
0.55
0.56
0.50
0.49
0.51
0.50
0.38
0.39
0.42
0.41
0.40
0.40
0.43
0.41
0.58
0.54
0.55
0.54
CorWatt	PkgWatt
16.07	128.40
0.54	128.11
0.53
0.51
0.47
0.55
0.53
0.54
0.52
0.43
0.50
0.42
0.43
0.57
0.56
0.55
0.57
0.55
0.51
0.50
0.53
0.42
0.42
0.44
0.43
0.41
0.41
0.45
0.41
0.58
0.56
0.58
0.61
