CorWatt	PkgWatt
4.79	153.62
0.09	77.09
0.08
0.08
0.09
0.08
0.08
0.08
0.08
0.08
0.08
0.07
0.08
0.07
0.14
0.07
0.07
0.08
0.08
0.08
0.08
0.09
0.08
0.08
0.08
0.08
0.08
0.08
0.08
0.08
0.08
0.08
0.08
0.07	76.66
0.07
0.07
0.07
0.07
0.07
0.07
0.07
0.06
0.06
0.06
0.06
0.06
0.06
0.06
0.06
0.07
0.07
0.07
0.07
0.07
0.08
0.07
0.07
0.07
0.07
0.07
0.07
0.06
0.06
0.06
0.06
CorWatt	PkgWatt
4.56	151.24
0.08	75.48
0.08
0.07
0.08
0.07
0.07
0.07
0.07
0.07
0.07
0.06
0.07
0.06
0.06
0.06
0.06
0.07
0.07
0.07
0.07
0.08
0.08
0.08
0.08
0.07
0.08
0.07
0.07
0.07
0.07
0.07
0.07
0.07	75.65
0.07
0.08
0.07
0.07
0.07
0.07
0.09
0.06
0.06
0.06
0.06
0.06
0.07
0.06
0.06
0.09
0.08
0.07
0.07
0.12
0.07
0.08
0.07
0.11
0.08
0.06
0.07
0.07
0.06
0.06
0.06
