CorWatt	PkgWatt
4.35	154.21
0.08	77.26
0.08
0.08
0.08
0.07
0.07
0.07
0.07
0.07
0.07
0.07
0.07
0.07
0.06
0.06
0.06
0.08
0.07
0.07
0.07
0.09
0.08
0.08
0.08
0.07
0.07
0.07
0.07
0.07
0.06
0.07
0.06
0.07	76.98
0.06
0.07
0.07
0.07
0.07
0.07
0.06
0.06
0.06
0.06
0.06
0.06
0.06
0.06
0.05
0.07
0.07
0.06
0.07
0.07
0.07
0.07
0.07
0.06
0.07
0.06
0.07
0.06
0.06
0.06
0.06
CorWatt	PkgWatt
4.87	152.45
0.09	76.24
0.08
0.08
0.08
0.08
0.08
0.08
0.08
0.07
0.07
0.07
0.07
0.07
0.07
0.07
0.07
0.08
0.08
0.08
0.08
0.09
0.08
0.08
0.08
0.08
0.08
0.08
0.08
0.07
0.07
0.07
0.07
0.07	76.19
0.07
0.08
0.07
0.09
0.08
0.07
0.08
0.06
0.06
0.06
0.08
0.06
0.06
0.07
0.06
0.08
0.07
0.07
0.08
0.08
0.08
0.08
0.11
0.07
0.07
0.10
0.08
0.07
0.07
0.07
0.07
