CorWatt	PkgWatt
5.03	152.27
0.09	75.76
0.08
0.08
0.08
0.08
0.08
0.08
0.08
0.07
0.07
0.07
0.07
0.07
0.07
0.07
0.07
0.08
0.08
0.08
0.08
0.09
0.08
0.08
0.08
0.08
0.08
0.08
0.08
0.07
0.07
0.07
0.07
0.08	76.51
0.08
0.08
0.08
0.08
0.08
0.08
0.08
0.08
0.07
0.07
0.07
0.07
0.07
0.07
0.07
0.08
0.08
0.07
0.08
0.09
0.08
0.08
0.09
0.18
0.08
0.09
0.08
0.08
0.07
0.07
0.07
CorWatt	PkgWatt
4.89	152.52
0.08	75.73
0.07
0.08
0.08
0.07
0.07
0.07
0.07
0.06
0.06
0.06
0.06
0.06
0.06
0.06
0.06
0.07
0.07
0.07
0.07
0.09
0.08
0.08
0.08
0.07
0.07
0.07
0.07
0.06
0.06
0.06
0.06
0.09	76.73
0.08
0.08
0.08
0.09
0.09
0.08
0.08
0.12
0.08
0.07
0.07
0.08
0.07
0.07
0.07
0.08
0.08
0.07
0.08
0.09
0.08
0.08
0.09
0.09
0.08
0.09
0.12
0.07
0.07
0.08
0.08
CorWatt	PkgWatt
14.81	177.96
0.36	90.62
0.30
0.45
0.28
2.16
0.19
0.21
0.21
0.16
0.16
0.16
0.20
0.15
0.14
0.22
0.17
0.21
0.34
0.22
0.22
0.25
0.18
0.16
0.15
0.22
0.18
0.18
0.23
0.16
0.15
0.17
0.18
0.13	87.53
0.27
0.17
0.15
0.18
0.18
0.14
0.16
0.19
0.21
0.14
0.13
0.15
0.18
0.13
0.15
0.22
0.18
0.15
0.16
0.26
0.18
0.17
0.25
0.26
0.20
0.24
0.33
0.15
0.19
0.30
0.18
