CorWatt	PkgWatt
159.76	418.87
2.19	164.40
2.17
2.20
2.13
2.14
2.05
2.13
2.13
2.08
2.12
2.08
2.11
2.09
2.09
2.09
2.08
2.11
2.14
2.16
2.14
2.13
2.15
2.15
2.17
2.16
2.18
2.13
2.14
2.09
2.17
2.12
2.14
2.08	162.91
2.06
2.18
2.08
1.87
2.17
1.90
2.26
2.05
2.02
2.12
1.94
2.16
2.34
2.28
2.10
2.08
2.05
1.92
2.08
2.08
2.08
1.93
2.08
1.92
1.89
1.83
1.92
2.03
2.03
2.18
2.11
CorWatt	PkgWatt
114.08	297.51
1.95	158.09
1.93
1.93
1.90
1.92
1.90
1.92
1.92
1.86
1.94
1.85
1.88
1.87
1.88
1.88
1.88
1.90
1.93
1.94
1.91
1.93
1.94
1.94
1.94
1.91
1.92
1.90
1.91
1.87
1.88
1.88
1.89
1.82	156.74
1.81
1.84
1.83
1.84
1.83
1.83
1.83
1.85
1.81
1.84
1.84
1.83
2.18
1.84
1.84
1.80
1.82
1.82
1.82
1.91
1.87
1.87
1.88
1.81
1.85
1.82
1.82
1.84
1.85
1.88
1.83
CorWatt	PkgWatt
127.19	333.19
2.08	158.34
1.95
1.95
1.91
1.94
1.91
1.93
1.92
1.87
1.88
1.86
1.88
1.88
1.89
1.89
1.89
1.91
1.94
1.95
1.93
1.94
1.97
1.96
1.95
1.91
1.93
1.92
1.93
1.88
1.89
1.89
1.89
1.84	156.57
1.87
1.84
1.83
1.84
1.84
1.85
1.84
1.86
1.84
1.84
1.84
1.85
2.00
1.87
1.87
1.82
1.82
1.82
1.82
1.90
1.88
1.88
1.87
1.82
1.86
1.82
1.83
1.85
1.87
1.85
1.83
CorWatt	PkgWatt
120.69	314.80
1.93	158.00
1.95
1.95
1.92
1.93
1.92
1.93
1.93
1.87
1.89
1.87
1.89
1.89
1.90
1.89
1.90
1.92
1.94
1.95
1.93
1.94
1.96
1.96
1.96
1.92
1.94
1.92
1.93
1.89
1.90
1.90
1.90
1.86	156.72
1.86
1.86
1.85
1.86
1.86
1.86
1.85
1.89
1.85
1.85
1.84
1.85
1.86
1.87
1.85
1.98
1.82
1.82
1.82
1.88
1.89
1.89
1.86
1.81
1.84
1.80
1.80
1.83
1.84
1.84
1.82
CorWatt	PkgWatt
120.42	314.57
1.94	158.22
1.95
1.94
1.91
1.93
1.91
1.93
1.92
1.87
1.89
1.86
1.89
1.88
1.90
1.89
1.89
1.92
1.94
1.95
1.97
1.94
1.96
1.96
1.96
1.92
1.94
1.92
1.92
1.88
1.89
1.89
1.90
1.84	156.31
1.85
1.85
1.84
1.75
1.87
1.87
1.86
1.85
1.81
1.85
1.84
1.85
1.86
1.87
1.85
1.81
1.82
1.81
1.81
1.88
1.88
1.88
2.13
1.80
1.82
1.80
1.79
1.83
1.84
1.83
1.81
CorWatt	PkgWatt
120.69	314.91
1.87	156.34
1.88
1.88
1.83
1.88
1.86
1.87
1.87
1.79
1.81
1.80
1.81
1.82
1.83
1.82
1.83
1.87
1.88
1.90
1.86
1.88
1.89
1.89
1.90
1.86
1.87
1.86
1.86
1.84
1.85
1.85
1.86
1.90	158.68
1.90
1.93
1.93
1.87
1.90
1.92
1.92
1.92
1.90
1.92
1.91
1.91
1.91
1.93
1.93
1.76
1.91
1.91
1.90
1.94
1.94
1.95
2.19
1.86
1.90
1.91
1.90
1.89
1.92
1.93
1.91
CorWatt	PkgWatt
121.02	314.77
1.84	156.05
1.87
1.87
1.84
1.88
1.86
1.87
1.87
1.81
1.82
1.80
1.82
1.83
1.84
1.83
1.83
1.87
1.88
1.89
1.87
1.89
1.90
1.90
1.90
1.86
1.89
1.86
1.87
1.84
1.85
1.85
1.86
1.91	158.59
1.92
1.94
1.94
1.83
1.92
1.94
1.94
1.92
1.92
1.93
1.94
1.93
1.93
1.94
1.93
1.87
1.91
1.91
1.91
1.95
1.94
1.95
1.97
1.88
1.92
1.92
1.93
1.91
1.92
1.93
1.91
CorWatt	PkgWatt
143.70	336.92
2.03	160.49
2.01
2.10
2.06
2.01
1.99
2.00
2.00
1.93
1.95
1.93
1.95
1.96
1.97
1.96
1.96
2.00
2.02
2.03
2.00
2.02
2.04
2.04
2.04
2.00
2.02
2.00
2.00
1.97
1.98
1.98
1.99
2.57	176.23
2.48
2.52
2.52
2.58
2.39
2.49
2.47
2.48
2.46
2.40
2.49
2.46
2.53
2.53
2.51
2.43
2.42
2.50
2.60
2.61
2.62
2.70
2.48
2.24
2.37
2.45
2.35
2.43
2.55
2.57
2.46
