CorWatt	PkgWatt
15.05	127.12
0.53	127.12
0.45
0.54
0.43
0.61
0.51
0.49
0.47
0.42
0.45
0.38
0.41
0.51
0.51
0.57
0.51
0.49
0.54
0.47
0.50
0.41
0.41
0.40
0.41
0.36
0.36
0.39
0.37
0.54
0.52
0.53
0.54
CorWatt	PkgWatt
14.41	126.32
0.51	126.41
0.42
0.52
0.42
0.50
0.49
0.48
0.47
0.38
0.42
0.37
0.37
0.51
0.51
0.55
0.50
0.49
0.52
0.46
0.46
0.39
0.38
0.40
0.39
0.35
0.36
0.37
0.36
0.53
0.52
0.50
0.53
CorWatt	PkgWatt
61.88	174.60
0.98	174.61
1.94
2.01
3.31
1.98
1.97
2.00
1.98
1.92
1.87
1.85
1.88
2.06
2.01
2.05
2.02
1.96
1.96
2.03
1.83
1.88
1.86
1.77
1.77
1.84
1.80
1.73
1.70
2.05
2.07
1.87
1.93
CorWatt	PkgWatt
47.90	162.03
0.70	161.98
1.57
1.58
2.26
1.61
1.59
1.59
1.55
1.47
1.50
1.47
1.44
1.59
1.60
1.64
1.61
1.52
1.55
1.40
1.41
1.49
1.46
1.31
1.32
1.45
1.41
1.27
1.27
1.60
1.61
1.51
1.52
