CorWatt	PkgWatt
15.46	128.40
0.54	128.42
0.50
0.48
0.46
0.56
0.53
0.54
0.52
0.47
0.47
0.44
0.53
0.54
0.56
0.57
0.56
0.46
0.48
0.48
0.48
0.41
0.41
0.40
0.41
0.38
0.38
0.39
0.39
0.54
0.53
0.53
0.53
CorWatt	PkgWatt
14.89	127.73
0.53	127.87
0.49
0.49
0.45
0.52
0.51
0.51
0.52
0.46
0.48
0.41
0.39
0.53
0.56
0.54
0.55
0.45
0.46
0.46
0.47
0.43
0.39
0.38
0.41
0.36
0.36
0.37
0.37
0.52
0.50
0.51
0.50
CorWatt	PkgWatt
71.56	186.86
1.84	186.73
2.20
2.26
2.25
2.34
2.32
3.22
2.30
2.24
2.22
2.24
2.17
2.32
2.32
2.31
2.33
2.24
2.21
2.05
2.04
2.25
2.24
2.07
2.00
2.25
2.19
1.97
1.99
2.36
2.53
2.16
2.14
