CorWatt	PkgWatt
16.46	128.16
0.56	128.22
0.51
0.50
0.49
0.58
0.59
0.58
0.55
0.44
0.47
0.42
0.42
0.57
0.58
0.56
0.58
0.52
0.52
0.53
0.58
0.46
0.46
0.46
0.44
0.45
0.43
0.53
0.46
0.57
0.54
0.59
0.54
CorWatt	PkgWatt
14.79	127.02
0.51	127.08
0.45
0.48
0.45
0.53
0.56
0.49
0.50
0.41
0.43
0.37
0.37
0.50
0.51
0.51
0.53
0.48
0.47
0.49
0.50
0.41
0.43
0.41
0.40
0.37
0.35
0.44
0.39
0.53
0.51
0.52
0.49
CorWatt	PkgWatt
17.16	129.30
0.61	129.22
0.48
0.49
0.48
0.63
0.61
0.51
0.55
0.52
0.52
0.46
0.53
0.63
0.53
0.56
0.54
0.63
0.57
0.59
0.59
0.48
0.58
0.52
0.62
0.39
0.46
0.48
0.41
0.63
0.52
0.53
0.50
CorWatt	PkgWatt
15.71	127.77
0.51	127.65
0.51
0.49
0.46
0.58
0.55
0.52
0.58
0.40
0.46
0.40
0.40
0.53
0.53
0.52
0.56
0.56
0.48
0.52
0.53
0.41
0.41
0.50
0.55
0.38
0.38
0.41
0.38
0.55
0.57
0.56
0.54
