CorWatt	PkgWatt
341.87	555.71
4.01	196.70
2.74
3.28
2.92
4.85
5.37
6.91
6.12
3.51
3.90
3.22
4.13
2.92
3.16
2.82
3.64
3.88
3.87
3.36
4.90
2.88
3.53
3.47
2.77
3.68
3.35
3.52
4.77
3.99
3.24
2.89
2.58
4.43	245.46
5.52
5.51
4.29
5.48
5.52
5.55
5.47
5.44
5.46
5.47
5.48
5.48
5.55
5.48
5.50
5.39
5.44
5.41
5.44
5.40
5.49
5.49
5.48
5.41
5.41
5.44
5.48
5.51
5.51
5.52
5.48
CorWatt	PkgWatt
292.50	441.38
4.40	195.98
2.68
3.27
2.66
4.53
5.16
6.95
5.86
3.27
3.33
3.22
4.42
2.57
3.29
2.73
3.55
4.00
3.78
3.31
5.15
2.67
2.87
3.39
3.64
3.81
3.47
3.95
4.88
4.13
3.27
2.83
2.56
3.76	245.46
5.53
5.55
4.42
5.50
5.52
5.59
5.49
5.45
5.49
5.47
5.49
5.51
5.56
5.52
5.52
5.40
5.44
5.43
5.45
5.36
5.49
5.50
5.52
5.43
5.39
5.49
5.52
5.52
5.56
5.54
5.49
CorWatt	PkgWatt
293.40	442.58
4.85	197.26
3.17
3.44
2.58
5.20
6.12
6.05
4.96
3.98
3.97
3.23
3.93
2.75
2.86
2.52
3.64
5.65
3.33
2.98
4.89
3.20
2.61
3.30
3.38
3.36
3.52
3.81
4.87
3.82
2.78
3.20
2.65
2.94	245.28
4.64
5.59
4.24
5.57
5.61
5.63
5.56
5.51
5.55
5.56
5.53
5.59
5.63
5.59
5.58
5.46
5.50
5.49
5.51
5.54
5.51
5.50
5.56
5.48
5.45
5.54
5.56
5.58
5.60
5.60
5.58
CorWatt	PkgWatt
282.02	454.59
3.01	209.70
3.34
2.98
3.12
5.58
6.25
6.07
4.78
4.13
4.58
2.72
4.09
3.00
2.58
3.49
3.05
5.27
3.42
3.12
4.84
3.34
2.66
2.97
3.57
5.16
3.15
4.10
3.78
3.73
3.06
3.11
3.13
2.81	245.64
4.13
5.24
4.14
5.18
5.22
5.23
5.21
5.16
5.17
5.15
5.14
5.19
5.17
5.21
5.20
5.12
5.13
5.11
5.13
5.23
5.16
5.15
5.20
5.11
5.13
5.18
5.17
5.24
5.20
5.23
5.17
CorWatt	PkgWatt
280.31	438.82
2.32	192.93
3.68
2.33
2.35
7.29
5.57
6.08
5.73
4.19
3.52
2.23
2.53
2.21
2.20
2.99
2.20
5.16
2.83
2.48
5.32
2.65
2.32
2.80
2.87
6.38
2.67
4.28
3.31
3.98
2.63
2.26
3.09
3.98	245.27
6.25
6.50
4.33
4.76
4.62
4.60
4.55
4.60
6.43
4.50
6.43
4.62
2.66
4.59
6.47
6.31
4.55
4.56
4.53
6.47
6.43
6.46
4.53
6.31
6.37
4.53
6.41
4.56
4.62
6.50
4.52
CorWatt	PkgWatt
271.56	437.37
2.83	206.99
3.44
3.38
3.08
5.64
5.22
4.42
4.52
4.17
4.26
2.93
3.06
3.73
2.91
3.68
2.79
4.09
4.30
3.83
4.50
3.46
3.47
3.81
4.23
5.69
3.25
4.42
4.29
4.10
3.00
3.59
3.07
4.29	230.84
5.20
5.07
4.16
3.84
4.36
4.12
4.23
3.97
5.39
4.31
5.65
3.61
3.51
4.03
4.89
5.61
4.27
4.61
4.06
5.30
5.89
5.53
4.00
5.11
5.41
4.26
5.47
4.60
3.73
5.67
4.46
CorWatt	PkgWatt
143.63	307.07
2.79	158.44
2.32
2.28
2.22
2.35
2.39
2.41
2.42
2.31
2.21
2.33
2.40
2.40
2.25
2.26
2.32
2.35
2.38
2.30
2.43
2.43
2.41
2.34
2.28
2.43
2.32
2.42
2.44
2.36
2.31
2.46
2.26
2.18	148.36
2.10
2.04
2.14
2.06
2.19
2.20
2.08
2.02
2.20
2.07
2.17
2.10
2.21
2.13
2.07
2.07
2.17
2.04
2.12
2.06
2.12
2.19
2.21
1.96
2.07
2.19
2.19
2.06
2.12
2.19
2.23
CorWatt	PkgWatt
346.26	491.08
5.35	245.56
5.43
5.41
5.38
5.47
5.42
5.47
5.45
5.29
5.35
5.29
5.31
5.37
5.33
5.37
5.35
5.30
5.44
5.46
5.43
5.48
5.49
5.56
5.48
5.44
5.53
5.46
5.50
5.37
5.42
5.42
5.42
5.45	245.37
5.35
5.40
5.44
5.42
5.45
5.43
5.42
5.39
5.41
5.41
5.39
5.41
5.44
5.42
5.44
5.34
5.34
5.37
5.34
5.46
5.41
5.42
5.45
5.25
5.39
5.40
5.41
5.42
5.44
5.44
5.41
CorWatt	PkgWatt
321.85	472.74
4.64	227.11
4.72
4.69
4.55
4.68
4.88
4.71
4.78
4.49
4.60
4.41
4.44
4.50
4.55
4.78
5.32
4.66
4.65
4.70
4.57
5.05
5.00
5.14
4.85
4.76
4.62
4.69
4.62
4.74
4.68
4.62
4.67
5.29	245.54
5.41
5.32
5.41
5.35
5.39
5.39
5.37
5.32
5.33
5.34
5.32
5.36
5.39
5.34
5.38
5.29
5.29
5.28
5.26
5.37
5.36
5.32
5.39
5.26
5.31
5.35
5.38
5.38
5.36
5.39
5.36
CorWatt	PkgWatt
291.13	440.25
4.26	195.05
3.03
3.40
3.10
3.28
4.58
2.70
3.60
3.15
3.19
3.07
2.75
3.64
3.64
3.76
4.56
3.41
3.46
3.33
3.00
5.65
5.55
5.68
4.44
3.58
3.21
2.97
2.94
5.13
3.39
3.26
3.46
5.40	245.18
5.39
5.43
5.46
5.39
5.44
5.43
5.42
5.36
5.40
5.41
5.43
5.45
5.46
5.42
5.42
5.36
5.36
5.33
5.34
5.44
5.43
5.41
5.43
5.29
5.34
5.42
5.41
5.43
5.44
5.43
5.38
