CorWatt	PkgWatt
15.07	127.02
0.50	127.02
0.44
0.46
0.50
0.51
0.51
0.50
0.50
0.50
0.45
0.41
0.41
0.56
0.56
0.49
0.51
0.47
0.47
0.46
0.56
0.41
0.45
0.40
0.43
0.41
0.36
0.37
0.36
0.54
0.50
0.55
0.52
CorWatt	PkgWatt
14.47	126.52
0.48	126.69
0.42
0.44
0.47
0.48
0.48
0.53
0.48
0.46
0.43
0.39
0.38
0.51
0.55
0.49
0.53
0.50
0.46
0.44
0.47
0.39
0.42
0.40
0.42
0.36
0.35
0.36
0.35
0.53
0.49
0.54
0.49
CorWatt	PkgWatt
62.59	175.90
0.93	175.80
1.99
2.01
1.99
1.99
2.01
2.06
1.96
1.96
2.00
1.96
1.92
2.07
2.07
2.05
2.10
1.99
2.26
1.85
1.85
1.92
1.95
1.80
3.15
1.83
1.86
1.68
1.67
2.01
1.99
1.86
1.87
CorWatt	PkgWatt
47.71	161.56
0.65	161.51
1.49
1.57
1.54
1.58
1.58
1.61
1.56
1.50
1.50
1.46
1.45
1.60
1.61
1.66
1.65
1.53
1.51
1.38
1.42
1.47
1.48
1.32
2.00
1.43
1.42
1.30
1.29
1.63
1.60
1.46
1.47
