CorWatt	PkgWatt
15.52	127.63
0.51	127.64
0.46
0.50
0.52
0.52
0.53
0.52
0.53
0.44
0.45
0.42
0.41
0.52
0.63
0.49
0.55
0.51
0.54
0.53
0.50
0.43
0.46
0.43
0.39
0.38
0.43
0.39
0.38
0.54
0.55
0.55
0.54
CorWatt	PkgWatt
14.82	126.95
0.50	126.93
0.43
0.45
0.49
0.50
0.52
0.48
0.48
0.40
0.44
0.38
0.38
0.52
0.53
0.49
0.54
0.51
0.53
0.45
0.47
0.38
0.47
0.38
0.40
0.38
0.37
0.41
0.44
0.52
0.54
0.52
0.53
CorWatt	PkgWatt
18.24	129.68
0.62	129.73
0.61
0.58
0.53
0.65
0.71
0.72
0.70
0.49
0.54
0.51
0.48
0.56
0.58
0.60
0.58
0.55
0.67
0.54
0.53
0.49
0.51
0.47
0.49
0.48
0.47
0.52
0.45
0.64
0.63
0.68
0.66
CorWatt	PkgWatt
17.29	129.49
0.55	129.22
0.58
0.50
0.52
0.63
0.81
0.61
0.60
0.47
0.50
0.46
0.44
0.56
0.57
0.56
0.58
0.55
0.58
0.52
0.52
0.45
0.50
0.47
0.45
0.43
0.41
0.45
0.42
0.81
0.57
0.57
0.64
