CorWatt	PkgWatt
14.71	127.13
0.52	127.11
0.43
0.45
0.44
0.53
0.51
0.53
0.51
0.41
0.43
0.39
0.39
0.54
0.51
0.50
0.50
0.45
0.47
0.48
0.46
0.39
0.40
0.41
0.38
0.36
0.40
0.42
0.40
0.54
0.53
0.53
0.51
CorWatt	PkgWatt
14.51	125.77
0.51	126.98
0.45
0.46
0.44
0.52
0.49
0.50
0.50
0.39
0.43
0.37
0.38
0.53
0.50
0.49
0.52
0.47
0.47
0.45
0.47
0.39
0.39
0.38
0.38
0.37
0.38
0.39
0.45
0.53
0.52
0.54
0.54
CorWatt	PkgWatt
17.69	130.74
0.57	129.53
0.54
0.57
0.53
0.58
0.62
0.65
0.53
0.55
0.53
0.50
0.50
0.67
0.60
0.58
0.67
0.54
0.59
0.57
0.59
0.40
0.52
0.39
0.44
0.46
0.48
0.53
0.49
0.61
0.58
0.62
0.55
CorWatt	PkgWatt
14.68	127.12
0.50	127.09
0.49
0.48
0.45
0.53
0.51
0.50
0.51
0.41
0.43
0.38
0.38
0.52
0.54
0.50
0.52
0.45
0.46
0.46
0.47
0.39
0.39
0.38
0.38
0.36
0.38
0.39
0.37
0.57
0.54
0.56
0.52
CorWatt	PkgWatt
14.69	127.02
0.48	127.02
0.47
0.44
0.43
0.51
0.49
0.50
0.50
0.44
0.44
0.38
0.38
0.51
0.51
0.51
0.52
0.50
0.49
0.45
0.46
0.39
0.41
0.38
0.40
0.35
0.39
0.41
0.40
0.60
0.52
0.50
0.55
CorWatt	PkgWatt
14.36	126.75
0.48	126.74
0.48
0.45
0.42
0.51
0.49
0.51
0.50
0.39
0.43
0.37
0.37
0.51
0.53
0.50
0.51
0.46
0.45
0.45
0.45
0.38
0.39
0.38
0.39
0.35
0.39
0.39
0.37
0.53
0.50
0.50
0.51
CorWatt	PkgWatt
15.20	127.42
0.50	127.47
0.48
0.45
0.43
0.52
0.49
0.54
0.50
0.49
0.50
0.45
0.46
0.55
0.51
0.50
0.51
0.50
0.50
0.50
0.50
0.40
0.44
0.38
0.39
0.38
0.40
0.41
0.39
0.57
0.50
0.54
0.52
CorWatt	PkgWatt
14.81	127.09
0.50	127.05
0.50
0.49
0.44
0.52
0.49
0.53
0.50
0.41
0.47
0.43
0.39
0.52
0.53
0.49
0.53
0.46
0.47
0.45
0.48
0.39
0.40
0.38
0.39
0.38
0.37
0.42
0.41
0.54
0.52
0.50
0.52
CorWatt	PkgWatt
14.79	127.16
0.50	127.16
0.49
0.50
0.44
0.51
0.49
0.51
0.49
0.40
0.43
0.46
0.37
0.52
0.52
0.50
0.51
0.45
0.47
0.45
0.45
0.39
0.40
0.40
0.41
0.38
0.38
0.41
0.41
0.57
0.51
0.52
0.53
CorWatt	PkgWatt
14.31	126.78
0.49	126.78
0.44
0.51
0.45
0.52
0.50
0.50
0.49
0.37
0.43
0.37
0.37
0.51
0.50
0.49
0.52
0.45
0.45
0.45
0.45
0.38
0.39
0.38
0.38
0.35
0.35
0.40
0.38
0.53
0.50
0.50
0.51
CorWatt	PkgWatt
14.58	126.94
0.50	126.94
0.44
0.51
0.43
0.51
0.49
0.49
0.50
0.39
0.43
0.42
0.41
0.51
0.54
0.49
0.55
0.46
0.46
0.46
0.46
0.39
0.40
0.38
0.38
0.35
0.36
0.40
0.39
0.54
0.51
0.50
0.52
CorWatt	PkgWatt
14.33	126.74
0.48	126.73
0.44
0.49
0.43
0.51
0.48
0.49
0.49
0.39
0.45
0.39
0.38
0.53
0.50
0.50
0.52
0.46
0.45
0.45
0.46
0.38
0.39
0.39
0.39
0.35
0.35
0.40
0.37
0.52
0.50
0.50
0.50
CorWatt	PkgWatt
14.42	127.02
0.48	127.03
0.42
0.55
0.43
0.52
0.51
0.49
0.52
0.37
0.45
0.38
0.38
0.52
0.52
0.48
0.51
0.45
0.45
0.45
0.45
0.38
0.39
0.38
0.38
0.35
0.36
0.39
0.41
0.53
0.50
0.52
0.51
CorWatt	PkgWatt
14.35	126.73
0.48	126.73
0.44
0.56
0.44
0.52
0.50
0.50
0.52
0.37
0.43
0.36
0.37
0.50
0.50
0.48
0.52
0.45
0.45
0.45
0.45
0.38
0.38
0.38
0.38
0.35
0.35
0.40
0.37
0.53
0.53
0.50
0.51
CorWatt	PkgWatt
14.69	127.02
0.49	127.02
0.43
0.52
0.43
0.51
0.50
0.49
0.52
0.40
0.47
0.39
0.42
0.54
0.55
0.50
0.54
0.45
0.47
0.46
0.46
0.38
0.39
0.38
0.38
0.35
0.36
0.41
0.41
0.53
0.51
0.50
0.54
CorWatt	PkgWatt
14.35	126.94
0.49	126.94
0.45
0.50
0.46
0.53
0.49
0.48
0.50
0.37
0.43
0.37
0.38
0.51
0.51
0.48
0.52
0.46
0.45
0.45
0.45
0.38
0.38
0.39
0.38
0.37
0.35
0.41
0.37
0.53
0.50
0.50
0.51
CorWatt	PkgWatt
14.18	126.54
0.48	126.53
0.42
0.44
0.47
0.51
0.49
0.48
0.49
0.38
0.42
0.36
0.37
0.51
0.52
0.49
0.50
0.44
0.45
0.45
0.45
0.38
0.38
0.38
0.38
0.35
0.37
0.38
0.40
0.53
0.50
0.50
0.51
CorWatt	PkgWatt
14.33	126.72
0.49	126.73
0.42
0.45
0.47
0.51
0.49
0.49
0.49
0.39
0.47
0.36
0.38
0.52
0.51
0.49
0.52
0.45
0.45
0.45
0.45
0.38
0.38
0.38
0.40
0.35
0.36
0.36
0.38
0.53
0.51
0.51
0.52
CorWatt	PkgWatt
14.81	127.19
0.52	127.19
0.47
0.46
0.51
0.51
0.54
0.50
0.49
0.38
0.43
0.43
0.37
0.51
0.53
0.49
0.51
0.46
0.46
0.46
0.46
0.40
0.40
0.38
0.38
0.38
0.39
0.40
0.41
0.54
0.54
0.52
0.56
CorWatt	PkgWatt
14.44	126.76
0.48	126.75
0.44
0.53
0.48
0.51
0.50
0.49
0.48
0.38
0.42
0.37
0.37
0.51
0.50
0.49
0.51
0.45
0.46
0.46
0.46
0.38
0.41
0.38
0.40
0.37
0.38
0.37
0.37
0.52
0.54
0.51
0.52
CorWatt	PkgWatt
14.32	126.65
0.48	126.64
0.43
0.48
0.46
0.51
0.50
0.48
0.48
0.37
0.42
0.37
0.37
0.51
0.51
0.48
0.51
0.46
0.47
0.45
0.45
0.41
0.40
0.38
0.40
0.36
0.38
0.36
0.37
0.53
0.50
0.51
0.53
CorWatt	PkgWatt
14.25	126.58
0.48	126.58
0.43
0.46
0.47
0.51
0.51
0.51
0.50
0.37
0.42
0.37
0.37
0.51
0.50
0.48
0.52
0.44
0.45
0.45
0.45
0.38
0.39
0.38
0.39
0.37
0.38
0.36
0.36
0.52
0.50
0.50
0.51
CorWatt	PkgWatt
14.66	127.07
0.49	127.08
0.46
0.46
0.48
0.54
0.52
0.51
0.52
0.39
0.44
0.37
0.39
0.52
0.53
0.49
0.51
0.46
0.46
0.45
0.46
0.38
0.40
0.41
0.38
0.39
0.40
0.38
0.37
0.54
0.53
0.52
0.52
CorWatt	PkgWatt
14.21	126.61
0.48	126.60
0.43
0.45
0.47
0.54
0.50
0.49
0.48
0.37
0.42
0.36
0.37
0.51
0.51
0.48
0.50
0.45
0.45
0.45
0.45
0.38
0.38
0.38
0.38
0.37
0.38
0.37
0.37
0.52
0.52
0.50
0.51
CorWatt	PkgWatt
14.31	126.59
0.49	126.59
0.45
0.49
0.49
0.52
0.49
0.49
0.49
0.38
0.42
0.36
0.37
0.51
0.51
0.48
0.50
0.45
0.45
0.45
0.45
0.38
0.39
0.38
0.38
0.36
0.39
0.36
0.37
0.54
0.50
0.50
0.51
CorWatt	PkgWatt
14.46	126.75
0.48	126.75
0.44
0.53
0.48
0.51
0.50
0.49
0.49
0.40
0.43
0.37
0.39
0.51
0.51
0.49
0.51
0.46
0.46
0.45
0.46
0.38
0.39
0.38
0.38
0.36
0.39
0.37
0.36
0.55
0.52
0.51
0.52
CorWatt	PkgWatt
14.59	126.94
0.50	126.94
0.47
0.47
0.48
0.56
0.52
0.49
0.51
0.38
0.42
0.37
0.37
0.52
0.51
0.49
0.51
0.47
0.50
0.45
0.46
0.42
0.40
0.38
0.39
0.38
0.37
0.39
0.37
0.53
0.50
0.50
0.52
CorWatt	PkgWatt
15.30	127.14
0.50	127.08
0.46
0.47
0.51
0.55
0.52
0.51
0.52
0.43
0.45
0.40
0.40
0.53
0.54
0.52
0.58
0.48
0.49
0.48
0.49
0.42
0.42
0.41
0.41
0.40
0.39
0.46
0.39
0.55
0.53
0.54
0.55
