CorWatt	PkgWatt
15.01	126.97
0.50	126.97
0.46
0.54
0.46
0.49
0.49
0.49
0.50
0.43
0.45
0.39
0.40
0.53
0.52
0.56
0.53
0.46
0.46
0.48
0.46
0.48
0.42
0.39
0.44
0.39
0.35
0.37
0.35
0.56
0.60
0.54
0.53
CorWatt	PkgWatt
14.71	126.86
0.49	126.97
0.44
0.53
0.45
0.49
0.49
0.49
0.50
0.40
0.45
0.38
0.38
0.51
0.54
0.59
0.54
0.48
0.46
0.46
0.46
0.44
0.39
0.38
0.40
0.40
0.35
0.36
0.35
0.53
0.54
0.52
0.52
CorWatt	PkgWatt
24.14	135.36
0.74	135.30
0.67
0.72
2.58
0.71
0.74
0.69
0.72
0.63
0.72
0.60
0.66
0.71
0.75
0.69
0.80
0.73
0.68
0.83
0.80
0.64
0.60
0.60
0.71
0.62
0.65
0.55
0.52
0.78
0.80
0.76
0.74
CorWatt	PkgWatt
17.40	128.90
0.53	128.87
0.44
0.53
0.62
1.20
0.79
0.70
0.71
0.39
0.48
0.50
0.37
0.52
0.51
0.54
0.54
0.50
0.55
0.56
0.54
0.46
0.41
0.41
0.44
0.40
0.51
0.43
0.41
0.59
0.58
0.64
0.60
CorWatt	PkgWatt
17.26	128.71
0.51	128.70
0.47
0.58
0.57
1.17
0.90
0.74
0.74
0.38
0.48
0.45
0.42
0.55
0.57
0.52
0.52
0.52
0.51
0.55
0.58
0.44
0.52
0.45
0.44
0.40
0.39
0.41
0.38
0.52
0.55
0.51
0.54
CorWatt	PkgWatt
18.79	129.97
0.63	130.00
0.54
0.60
0.61
0.88
1.24
0.77
0.78
0.44
0.54
0.45
0.45
0.60
0.60
0.57
0.65
0.62
0.60
0.59
0.61
0.49
0.47
0.44
0.48
0.50
0.46
0.46
0.41
0.58
0.59
0.55
0.58
CorWatt	PkgWatt
17.33	128.80
0.54	128.78
0.45
0.55
0.59
0.91
0.90
1.09
0.73
0.37
0.49
0.39
0.41
0.54
0.56
0.52
0.57
0.51
0.52
0.48
0.50
0.49
0.42
0.41
0.42
0.43
0.39
0.42
0.46
0.55
0.60
0.56
0.56
CorWatt	PkgWatt
17.45	128.88
0.59	128.88
0.44
0.57
0.53
1.07
0.75
1.08
0.74
0.42
0.45
0.42
0.42
0.56
0.55
0.55
0.58
0.53
0.52
0.55
0.51
0.55
0.48
0.45
0.42
0.37
0.38
0.40
0.42
0.52
0.56
0.52
0.57
CorWatt	PkgWatt
17.89	130.20
0.56	130.19
0.43
0.51
0.45
3.18
0.56
0.52
0.49
0.43
0.48
0.42
0.44
0.56
0.62
0.56
0.57
0.45
0.47
0.46
0.50
0.46
0.41
0.41
0.43
0.37
0.35
0.38
0.37
0.52
0.53
0.51
0.51
CorWatt	PkgWatt
18.19	130.45
0.58	130.46
0.45
0.53
0.44
3.22
0.56
0.50
0.50
0.44
0.48
0.44
0.40
0.56
0.63
0.55
0.59
0.49
0.47
0.50
0.50
0.42
0.40
0.41
0.42
0.39
0.35
0.37
0.38
0.54
0.54
0.57
0.57
CorWatt	PkgWatt
18.01	130.35
0.58	130.34
0.46
0.55
0.48
3.22
0.55
0.49
0.49
0.44
0.47
0.43
0.43
0.55
0.54
0.54
0.64
0.45
0.46
0.48
0.49
0.46
0.38
0.38
0.42
0.40
0.35
0.36
0.35
0.57
0.54
0.53
0.55
CorWatt	PkgWatt
18.12	130.36
0.59	130.37
0.46
0.51
0.46
3.22
0.55
0.51
0.53
0.37
0.43
0.42
0.39
0.53
0.53
0.50
0.59
0.49
0.50
0.48
0.50
0.48
0.43
0.40
0.41
0.42
0.41
0.40
0.38
0.56
0.51
0.53
0.62
CorWatt	PkgWatt
20.82	132.51
0.71	132.50
0.55
0.55
0.60
2.90
0.63
0.54
0.50
0.50
0.55
0.46
0.44
0.62
0.65
0.60
0.68
0.61
0.60
0.60
0.63
0.58
0.55
0.49
0.49
0.63
0.56
0.50
0.54
0.66
0.67
0.59
0.63
