CorWatt	PkgWatt
159.34	381.67
2.50	192.03
2.49
2.51
2.47
2.49
2.48
2.50
2.46
2.43
2.44
2.37
2.43
2.45
2.42
2.44
2.40
2.49
2.48
2.54
2.50
2.54
2.55
2.54
2.54
3.69
2.49
2.47
2.49
2.43
2.46
2.46
2.45
2.46	192.02
2.44
2.49
2.49
2.45
2.49
2.51
2.49
2.43
2.42
2.42
2.46
2.44
2.44
2.44
2.45
2.41
2.44
2.40
2.42
2.50
2.51
2.46
2.48
3.70
2.43
2.44
2.40
2.41
2.45
2.40
2.42
CorWatt	PkgWatt
160.45	380.66
2.50	188.56
2.53
2.53
2.48
2.49
2.50
2.50
2.48
2.38
2.43
2.34
2.46
2.43
2.44
2.41
2.41
2.49
2.50
2.51
2.46
2.54
2.50
2.50
2.53
3.68
2.46
2.47
2.43
2.43
2.45
2.44
2.47
2.47	187.60
2.46
2.46
2.45
2.46
2.48
2.44
2.44
2.40
2.40
2.41
2.44
2.39
2.43
2.47
2.46
2.42
2.41
2.43
2.44
2.48
2.47
2.45
2.45
3.52
2.38
2.39
2.38
2.40
2.42
2.41
2.39
CorWatt	PkgWatt
163.65	408.05
2.55	188.80
2.47
2.48
2.42
2.45
2.42
2.45
2.47
2.34
2.41
2.36
2.38
2.36
2.42
2.36
2.40
2.45
2.48
2.53
2.47
2.51
2.51
2.52
2.45
2.42
2.49
2.46
2.46
2.42
2.46
2.40
2.38
2.42	188.42
2.45
2.45
2.44
2.45
2.43
2.43
2.42
2.37
2.39
2.41
2.37
2.39
2.43
2.41
2.36
2.38
2.39
2.35
2.40
2.44
2.42
2.42
2.44
2.39
2.39
2.37
2.39
2.41
2.40
2.41
2.40
CorWatt	PkgWatt
153.68	371.55
2.47	186.02
2.46
2.46
2.39
2.43
2.41
2.43
2.44
2.38
2.37
2.33
2.38
2.37
2.37
2.35
2.38
2.42
2.46
2.48
2.45
2.47
2.49
2.48
2.47
2.39
2.42
2.44
2.44
2.37
2.42
2.38
2.41
2.42	185.59
2.40
2.42
2.39
2.42
2.44
2.40
2.39
2.38
2.33
2.36
2.39
2.41
2.40
2.38
2.35
2.34
2.39
2.31
2.38
2.40
2.39
2.44
2.39
2.35
2.36
2.39
2.38
2.39
2.33
2.40
2.39
CorWatt	PkgWatt
155.21	370.46
2.45	185.82
2.50
2.43
2.45
2.47
2.42
2.42
2.47
2.40
2.39
2.38
2.36
2.43
2.37
2.39
2.37
2.45
2.44
2.49
2.50
2.48
2.52
2.57
2.46
2.45
2.50
2.42
2.46
2.40
2.40
2.45
2.41
2.42	184.70
2.42
2.46
2.39
2.43
2.42
2.47
2.42
2.37
2.38
2.40
2.34
2.40
2.43
2.39
2.40
2.42
2.42
2.37
2.41
2.43
2.44
2.48
2.40
2.35
2.38
2.39
2.46
2.42
2.39
2.41
2.39
