CorWatt	PkgWatt
214.89	424.80
3.69	192.00
3.65
3.69
3.18
2.93
3.24
3.29
3.52
3.21
3.23
3.21
3.32
3.27
3.17
3.31
3.33
3.24
3.06
3.27
3.35
3.43
3.37
3.45
3.44
3.45
3.37
3.43
3.31
3.71
3.68
3.44
3.25
2.28	164.85
2.62
2.25
2.59
2.30
2.24
2.59
2.61
2.92
2.53
2.26
2.26
2.89
2.61
2.86
2.74
2.58
2.69
2.51
2.68
2.25
2.21
2.22
2.23
2.49
2.51
2.21
2.66
2.50
2.28
2.43
2.75
CorWatt	PkgWatt
186.82	357.18
3.64	190.01
3.60
3.67
3.13
3.00
3.18
3.26
3.51
3.18
3.12
3.18
3.30
3.13
3.10
3.29
3.23
3.32
2.93
3.18
3.28
3.31
3.33
3.29
3.39
3.22
3.17
3.36
3.13
3.66
3.54
3.39
3.21
2.45	167.46
2.48
2.30
2.74
2.29
2.26
2.60
2.59
2.85
2.78
2.28
2.68
2.96
2.84
2.90
2.44
2.57
2.45
2.54
2.99
2.47
2.49
2.29
2.29
2.88
2.59
2.32
2.25
2.64
2.43
2.38
2.69
CorWatt	PkgWatt
156.92	350.09
2.78	182.00
3.01
2.93
2.66
2.42
2.47
2.52
2.73
2.60
2.57
2.73
2.74
2.65
2.55
2.48
2.54
2.79
2.46
2.57
2.71
2.68
2.69
2.58
2.77
2.80
2.55
2.71
2.54
2.96
2.86
2.72
2.59
2.13	168.03
2.30
2.16
2.13
2.04
2.07
2.43
2.19
2.46
2.52
2.22
2.14
2.37
2.40
2.39
2.28
2.08
2.14
2.19
2.27
2.22
2.29
2.19
2.08
2.17
2.18
2.28
2.32
2.33
2.35
2.07
2.18
CorWatt	PkgWatt
150.83	331.82
2.02	161.17
2.30
2.03
2.35
2.01
1.99
2.00
2.01
1.94
1.96
1.93
1.96
1.90
1.97
2.76
2.05
2.00
2.67
2.03
2.00
2.02
2.03
2.04
2.02
1.98
2.01
2.37
2.01
1.96
2.40
1.99
2.44
2.50	170.44
2.80
2.99
2.91
2.99
2.97
3.15
2.67
2.84
2.29
2.84
2.86
2.92
2.96
2.79
2.68
2.70
2.80
2.92
2.31
1.95
2.13
1.93
2.45
1.87
2.14
1.89
2.04
2.95
2.94
2.54
2.88
CorWatt	PkgWatt
165.31	342.13
3.52	164.35
2.09
2.67
3.54
2.49
2.02
2.03
2.03
1.95
1.96
1.94
1.97
2.17
3.38
2.73
2.94
2.40
2.84
2.05
2.04
2.05
2.06
2.22
2.04
2.03
2.05
3.58
2.04
2.03
1.97
2.01
2.74
2.70	177.75
2.57
3.04
2.64
3.24
3.03
3.41
2.95
3.15
2.33
3.18
3.16
3.23
3.13
2.93
2.97
2.80
3.01
3.34
2.55
2.05
2.77
2.03
2.55
1.95
2.54
1.99
1.99
3.34
3.03
2.94
3.16
CorWatt	PkgWatt
161.73	325.63
3.62	157.65
2.07
2.07
3.11
2.69
2.03
2.04
2.04
1.96
1.97
1.95
1.98
2.04
3.36
2.79
3.31
2.56
2.75
2.06
2.04
2.06
2.08
2.71
2.05
2.04
2.07
3.33
2.05
2.35
2.01
2.02
2.13
2.71	168.18
2.43
2.78
2.60
3.09
2.98
3.10
2.91
3.00
2.40
3.02
3.02
2.85
2.94
2.85
3.09
2.82
3.00
3.15
2.13
2.08
2.60
2.06
2.53
1.99
2.30
2.03
2.04
3.13
2.70
3.12
3.04
CorWatt	PkgWatt
177.76	357.70
3.32	180.17
2.57
2.64
3.13
2.98
2.74
2.69
2.73
2.60
2.80
2.63
2.59
2.72
3.18
2.86
3.05
2.93
3.05
2.73
2.69
2.76
2.73
2.98
2.72
2.69
2.71
3.14
2.71
2.80
2.67
2.70
2.96
2.72	177.33
2.59
2.74
2.71
2.82
2.91
2.89
2.87
2.80
2.65
2.72
2.83
2.73
2.80
2.76
2.85
2.66
2.96
2.80
2.65
2.44
2.82
2.49
2.94
2.45
2.57
2.50
2.48
2.94
2.75
2.93
2.73
CorWatt	PkgWatt
182.47	347.28
2.92	178.23
2.81
3.02
2.99
3.13
3.04
2.95
3.09
2.92
3.02
2.73
3.02
3.07
2.94
2.79
2.95
3.00
3.11
3.09
2.99
3.14
3.06
3.02
3.07
3.07
3.04
2.83
3.06
3.01
3.00
2.98
3.09
2.78	169.00
2.68
2.66
2.73
2.70
2.73
2.77
2.63
2.66
2.65
2.67
2.67
2.65
2.78
2.70
2.71
2.65
2.75
2.68
2.81
2.68
2.81
2.78
2.91
2.60
2.64
2.65
2.62
2.75
2.64
2.64
2.72
CorWatt	PkgWatt
184.99	368.91
2.96	190.80
2.87
3.02
2.91
3.19
3.14
3.03
3.17
2.92
3.06
2.81
3.02
3.23
3.02
2.82
2.96
3.00
3.19
3.18
3.05
3.16
3.13
3.14
3.15
3.11
3.10
2.88
3.08
3.06
3.07
3.05
3.18
2.84	178.14
2.73
2.68
2.83
2.70
2.80
2.83
2.69
2.66
2.71
2.67
2.71
2.66
2.77
2.68
2.64
2.68
2.77
2.81
2.79
2.78
2.79
2.86
2.90
2.68
2.64
2.54
2.68
2.76
2.71
2.68
2.69
CorWatt	PkgWatt
182.65	359.76
2.87	185.86
2.79
3.01
2.84
3.09
3.09
3.00
3.13
2.95
2.92
2.76
2.89
3.17
2.97
2.79
2.92
2.91
3.19
3.12
3.13
3.09
3.12
3.08
3.11
3.02
3.03
2.81
3.01
3.04
3.08
3.04
3.16
2.72	173.83
2.71
2.65
2.80
2.66
2.80
2.72
2.69
2.65
2.70
2.70
2.66
2.60
2.68
2.66
2.67
2.64
2.75
2.66
2.68
2.79
2.74
2.86
2.87
2.67
2.69
2.53
2.71
2.74
2.73
2.67
2.71
CorWatt	PkgWatt
181.89	360.16
2.76	185.32
2.81
2.97
2.83
3.13
3.07
3.03
3.12
2.87
2.93
2.74
2.89
3.09
2.95
2.79
2.92
2.97
3.12
3.15
3.09
3.06
3.08
3.05
3.16
3.02
3.07
2.79
2.98
3.05
3.06
3.02
3.17
2.65	174.85
2.73
2.70
2.81
2.72
2.74
2.68
2.68
2.65
2.69
2.60
2.68
2.61
2.66
2.63
2.65
2.62
2.71
2.64
2.66
2.73
2.77
2.96
2.75
2.73
2.64
2.58
2.68
2.79
2.70
2.65
2.66
CorWatt	PkgWatt
183.43	374.22
2.67	192.06
2.93
3.09
2.85
3.19
3.05
3.10
3.14
2.91
2.98
2.73
2.92
3.09
2.99
2.84
2.97
3.02
3.09
3.24
3.11
3.03
3.16
3.11
3.21
3.01
3.10
2.82
3.03
3.12
3.08
3.07
3.24
2.61	182.15
2.76
2.73
2.80
2.77
2.76
2.71
2.71
2.66
2.72
2.63
2.69
2.59
2.69
2.62
2.64
2.64
2.70
2.59
2.69
2.72
2.83
2.91
2.76
2.80
2.61
2.65
2.72
2.76
2.74
2.62
2.71
CorWatt	PkgWatt
183.51	373.02
2.82	192.02
3.10
3.11
2.82
3.20
3.02
3.11
3.14
2.94
3.01
2.70
2.89
3.03
2.97
2.82
2.93
3.01
3.08
3.25
3.08
3.04
3.17
3.11
3.21
3.01
3.08
2.81
3.02
3.10
3.11
3.04
3.23
2.65	181.04
2.76
2.71
2.79
2.75
2.71
2.61
2.72
2.65
2.72
2.64
2.65
2.59
2.68
2.63
2.66
2.67
2.79
2.72
2.68
2.71
2.77
2.81
2.75
2.76
2.57
2.71
2.78
2.79
2.65
2.72
2.75
CorWatt	PkgWatt
183.39	369.75
2.90	190.34
2.95
3.12
2.74
3.24
3.00
3.20
3.18
2.93
2.95
2.71
2.86
3.00
2.88
2.80
2.90
3.01
3.07
3.28
3.16
3.03
3.18
3.07
3.23
2.89
3.06
2.85
2.95
3.00
3.14
3.05
3.21
2.70	179.45
2.77
2.72
2.79
2.75
2.78
2.62
2.78
2.73
2.60
2.71
2.68
2.62
2.73
2.68
2.69
2.65
2.63
2.75
2.72
2.70
2.86
2.85
2.73
2.76
2.59
2.69
2.77
2.66
2.78
2.68
2.69
CorWatt	PkgWatt
179.98	349.26
2.74	180.17
2.77
2.89
2.70
3.22
3.00
3.16
3.07
2.90
2.87
2.66
2.91
2.81
2.89
2.71
2.78
2.93
3.05
3.25
3.08
3.07
3.15
3.02
3.20
2.86
2.94
2.88
2.86
2.96
3.11
3.02
3.15
2.61	169.04
2.68
2.67
2.72
2.71
2.68
2.60
2.67
2.71
2.51
2.64
2.78
2.54
2.62
2.67
2.64
2.65
2.53
2.62
2.66
2.64
2.78
2.80
2.75
2.68
2.58
2.55
2.73
2.64
2.81
2.87
2.61
CorWatt	PkgWatt
180.78	356.92
2.83	185.07
2.78
2.88
2.75
3.23
3.02
3.19
3.07
2.89
2.89
2.69
2.94
2.87
2.89
2.70
2.81
2.98
3.12
3.25
2.97
3.04
3.20
3.05
3.27
2.88
2.93
2.88
2.92
2.99
3.14
3.05
3.16
2.72	171.94
2.70
2.63
2.78
2.69
2.66
2.78
2.65
2.75
2.48
2.64
2.76
2.49
2.63
2.53
2.66
2.76
2.59
2.60
2.58
2.68
2.71
2.76
2.71
2.68
2.66
2.56
2.75
2.79
2.68
2.86
2.67
CorWatt	PkgWatt
158.60	341.44
2.54	175.37
2.56
2.56
2.50
2.66
2.75
2.68
2.64
2.54
2.55
2.51
2.58
2.46
2.57
2.57
2.50
2.64
2.67
2.76
2.62
2.71
2.68
2.73
2.78
2.60
2.60
2.58
2.62
2.68
2.74
2.69
2.71
2.23	166.17
2.38
2.24
2.30
2.39
2.35
2.42
2.28
2.47
2.13
2.41
2.38
2.22
2.41
2.29
2.36
2.23
2.25
2.20
2.24
2.45
2.52
2.39
2.42
2.33
2.44
2.53
2.41
2.25
2.22
2.32
2.24
CorWatt	PkgWatt
178.01	340.14
3.55	194.28
3.64
4.19
3.84
3.02
2.64
2.94
2.81
3.52
3.60
3.88
3.61
3.30
2.07
3.95
2.06
3.46
3.76
3.60
3.84
3.55
4.01
4.20
3.86
3.25
4.03
3.54
3.96
3.77
4.00
3.89
3.68
2.01	145.72
2.02
2.03
2.61
2.02
2.01
2.02
2.01
2.00
1.99
2.00
2.00
2.02
2.01
2.02
2.00
1.98
2.00
1.99
2.00
2.06
2.03
2.05
2.04
1.98
2.02
1.98
2.00
2.00
2.02
2.01
1.99
