CorWatt	PkgWatt
15.43	127.50
0.52	127.50
0.47
0.51
0.47
0.50
0.53
0.50
0.50
0.40
0.46
0.42
0.38
0.60
0.57
0.58
0.62
0.51
0.52
0.49
0.47
0.45
0.45
0.41
0.46
0.36
0.37
0.38
0.37
0.53
0.52
0.57
0.54
CorWatt	PkgWatt
14.70	126.82
0.50	126.87
0.46
0.47
0.44
0.49
0.49
0.51
0.48
0.38
0.43
0.37
0.39
0.59
0.57
0.53
0.51
0.45
0.47
0.46
0.50
0.42
0.43
0.39
0.44
0.35
0.35
0.38
0.35
0.53
0.50
0.56
0.52
CorWatt	PkgWatt
23.84	135.12
0.73	135.11
0.65
0.61
0.66
0.65
0.61
0.61
0.68
0.64
0.74
0.68
0.62
0.78
0.87
0.77
0.85
0.70
0.69
0.73
0.73
0.59
0.63
2.61
0.64
0.58
0.62
0.67
0.56
0.70
0.77
0.73
0.74
CorWatt	PkgWatt
16.95	128.81
0.51	128.79
0.43
0.44
0.51
0.52
0.51
0.49
0.50
0.39
0.50
0.38
0.38
0.63
0.60
0.60
0.54
0.67
0.69
1.17
0.76
0.41
0.43
0.52
0.42
0.40
0.40
0.43
0.41
0.62
0.55
0.59
0.53
CorWatt	PkgWatt
17.31	128.95
0.52	128.94
0.50
0.48
0.53
0.53
0.52
0.49
0.49
0.43
0.48
0.40
0.40
0.53
0.56
0.54
0.59
0.73
0.95
0.91
0.90
0.40
0.45
0.52
0.45
0.42
0.46
0.44
0.40
0.54
0.55
0.61
0.57
CorWatt	PkgWatt
18.53	130.18
0.62	130.23
0.70
0.55
0.61
0.56
0.53
0.55
0.57
0.46
0.51
0.46
0.39
0.62
0.66
0.61
0.61
0.70
1.07
0.77
0.72
0.47
0.52
0.58
0.48
0.45
0.46
0.47
0.46
0.58
0.55
0.65
0.60
CorWatt	PkgWatt
16.97	128.87
0.74	128.83
0.92
1.06
0.72
0.50
0.49
0.49
0.51
0.43
0.50
0.44
0.43
0.61
0.60
0.54
0.62
0.46
0.47
0.48
0.46
0.40
0.41
0.45
0.49
0.41
0.39
0.40
0.41
0.53
0.50
0.60
0.52
CorWatt	PkgWatt
17.01	128.94
0.72	128.94
0.72
0.93
1.05
0.51
0.49
0.50
0.51
0.42
0.48
0.42
0.41
0.54
0.57
0.54
0.52
0.50
0.51
0.53
0.50
0.40
0.40
0.40
0.55
0.46
0.40
0.40
0.37
0.57
0.51
0.62
0.56
CorWatt	PkgWatt
18.17	130.96
0.53	130.95
0.48
0.46
3.11
0.50
0.51
0.49
0.51
0.42
0.47
0.50
0.43
0.59
0.59
0.56
0.57
0.49
0.48
0.53
0.51
0.42
0.43
0.42
0.55
0.36
0.36
0.39
0.36
0.55
0.52
0.55
0.55
CorWatt	PkgWatt
18.16	130.93
0.55	130.93
0.45
0.47
3.13
0.52
0.50
0.49
0.51
0.44
0.49
0.41
0.43
0.56
0.57
0.66
0.57
0.45
0.46
0.51
0.49
0.42
0.41
0.42
0.52
0.35
0.37
0.42
0.40
0.56
0.53
0.57
0.53
CorWatt	PkgWatt
18.34	131.14
0.55	131.15
0.46
0.50
3.14
0.51
0.49
0.49
0.52
0.41
0.47
0.41
0.42
0.56
0.57
0.57
0.57
0.49
0.48
0.50
0.46
0.40
0.45
0.42
0.54
0.39
0.40
0.52
0.44
0.57
0.55
0.55
0.55
CorWatt	PkgWatt
18.23	130.93
0.55	130.93
0.45
0.50
3.13
0.52
0.53
0.52
0.52
0.43
0.48
0.42
0.41
0.58
0.60
0.62
0.57
0.47
0.46
0.50
0.48
0.41
0.40
0.42
0.55
0.36
0.35
0.42
0.40
0.57
0.53
0.53
0.55
CorWatt	PkgWatt
20.47	131.86
0.61	132.84
0.52
0.55
2.87
0.54
0.56
0.54
0.54
0.47
0.50
0.60
0.50
0.64
0.70
0.65
0.72
0.51
0.57
0.60
0.48
0.43
0.44
0.43
0.64
0.56
0.60
0.55
0.59
0.71
0.63
0.64
0.71
