CorWatt	PkgWatt
15.90	128.51
0.56	128.52
0.48
0.50
0.49
0.55
0.60
0.54
0.51
0.41
0.50
0.40
0.46
0.59
0.53
0.61
0.65
0.51
0.50
0.48
0.49
0.43
0.40
0.43
0.41
0.38
0.42
0.42
0.38
0.57
0.56
0.57
0.56
CorWatt	PkgWatt
14.91	127.58
0.52	127.69
0.46
0.51
0.50
0.50
0.51
0.53
0.50
0.41
0.45
0.43
0.43
0.54
0.52
0.58
0.54
0.49
0.47
0.46
0.48
0.39
0.39
0.39
0.39
0.37
0.36
0.38
0.36
0.52
0.52
0.51
0.51
CorWatt	PkgWatt
69.12	183.73
0.91	183.65
2.15
2.23
2.20
2.27
2.25
2.26
3.63
2.13
2.21
2.13
2.13
2.27
2.42
2.25
2.29
2.24
2.17
2.01
2.05
2.12
2.14
2.01
1.97
2.05
2.02
1.91
1.90
2.27
2.28
2.12
2.10
