CorWatt	PkgWatt
15.17	127.10
0.53	127.09
0.47
0.48
0.47
0.53
0.50
0.57
0.52
0.41
0.44
0.48
0.43
0.53
0.53
0.58
0.54
0.47
0.50
0.46
0.48
0.39
0.39
0.39
0.39
0.37
0.37
0.40
0.39
0.59
0.51
0.54
0.51
CorWatt	PkgWatt
14.79	126.73
0.52	126.72
0.44
0.46
0.42
0.48
0.48
0.53
0.47
0.42
0.45
0.41
0.38
0.50
0.56
0.56
0.51
0.45
0.50
0.46
0.46
0.42
0.38
0.38
0.42
0.38
0.40
0.37
0.35
0.58
0.51
0.57
0.56
CorWatt	PkgWatt
64.36	177.01
1.93	177.16
2.14
2.06
2.06
3.06
2.09
2.14
2.08
1.99
1.98
1.94
1.90
2.10
2.07
2.10
2.13
2.04
2.05
1.85
1.90
1.92
1.92
1.75
1.75
1.90
1.89
1.74
1.80
2.10
2.10
1.91
2.00
CorWatt	PkgWatt
42.63	156.56
1.46	156.52
1.38
1.37
1.36
1.41
1.45
1.44
1.38
1.37
1.35
1.30
1.28
1.41
1.44
1.47
1.43
1.37
1.37
1.23
1.23
1.29
1.29
1.17
1.13
1.25
1.23
1.16
1.13
1.44
1.44
1.31
1.31
