CorWatt	PkgWatt
4.91	153.43
0.11	77.20
0.10
0.09
0.09
0.09
0.09
0.09
0.09
0.08
0.07
0.08
0.07
0.07
0.08
0.08
0.08
0.09
0.09
0.09
0.09
0.10
0.09
0.09
0.09
0.08
0.08
0.08
0.08
0.08
0.17
0.09
0.10
0.07	76.22
0.07
0.07
0.07
0.07
0.07
0.06
0.07
0.06
0.06
0.07
0.06
0.06
0.06
0.06
0.06
0.06
0.06
0.06
0.06
0.07
0.07
0.07
0.07
0.07
0.07
0.06
0.06
0.06
0.06
0.06
0.06
CorWatt	PkgWatt
4.58	151.46
0.11	76.26
0.12
0.11
0.09
0.08
0.08
0.09
0.08
0.10
0.07
0.07
0.07
0.07
0.07
0.07
0.07
0.09
0.08
0.11
0.08
0.09
0.08
0.08
0.08
0.08
0.07
0.08
0.07
0.07
0.07
0.08
0.07
0.06	75.66
0.06
0.06
0.06
0.06
0.06
0.06
0.06
0.06
0.06
0.09
0.11
0.06
0.06
0.06
0.06
0.06
0.06
0.06
0.06
0.06
0.06
0.06
0.06
0.07
0.07
0.06
0.06
0.06
0.06
0.06
0.06
CorWatt	PkgWatt
7.80	162.32
0.28	81.00
0.25
0.20
0.20
0.10
0.10
0.10
0.09
0.09
0.08
0.08
0.09
0.08
0.08
0.08
0.08
0.10
0.10
0.12
0.10
0.11
0.10
0.10
0.10
0.10
0.09
0.09
0.13
0.15
0.14
0.16
0.19
0.16	80.95
0.11
0.10
0.10
0.11
0.11
0.10
0.15
0.22
0.23
0.15
0.15
0.13
0.11
0.12
0.13
0.10
0.12
0.09
0.15
0.11
0.11
0.12
0.12
0.11
0.12
0.10
0.09
0.10
0.09
0.09
0.13
CorWatt	PkgWatt
4.27	150.98
0.08	75.52
0.10
0.08
0.08
0.07
0.08
0.08
0.07
0.06
0.06
0.06
0.06
0.06
0.06
0.06
0.06
0.08
0.08
0.08
0.08
0.08
0.07
0.08
0.07
0.07
0.07
0.07
0.07
0.07
0.07
0.07
0.07
0.07	75.36
0.06
0.06
0.06
0.06
0.06
0.06
0.06
0.06
0.06
0.06
0.06
0.06
0.06
0.06
0.06
0.06
0.06
0.06
0.06
0.06
0.06
0.06
0.06
0.07
0.06
0.06
0.06
0.06
0.06
0.06
0.06
CorWatt	PkgWatt
4.70	151.67
0.10	76.03
0.10
0.10
0.09
0.08
0.08
0.08
0.08
0.07
0.07
0.07
0.07
0.07
0.07
0.07
0.07
0.08
0.09
0.08
0.08
0.09
0.08
0.09
0.08
0.08
0.08
0.07
0.07
0.07
0.08
0.08
0.08
0.08	75.66
0.07
0.07
0.07
0.07
0.07
0.07
0.07
0.06
0.06
0.06
0.06
0.06
0.06
0.06
0.06
0.07
0.07
0.06
0.06
0.07
0.07
0.07
0.07
0.07
0.07
0.07
0.07
0.06
0.06
0.06
0.07
CorWatt	PkgWatt
6.11	157.70
0.14	79.13
0.14
0.14
0.14
0.13
0.11
0.13
0.13
0.11
0.12
0.15
0.09
0.07
0.07
0.07
0.07
0.08
0.08
0.08
0.08
0.09
0.08
0.09
0.08
0.08
0.08
0.07
0.07
0.13
0.13
0.13
0.13
0.11	78.69
0.09
0.09
0.08
0.09
0.09
0.08
0.08
0.09
0.08
0.08
0.09
0.11
0.11
0.11
0.11
0.09
0.08
0.08
0.08
0.10
0.08
0.09
0.08
0.09
0.07
0.07
0.07
0.08
0.08
0.08
0.09
CorWatt	PkgWatt
4.21	150.98
0.08	75.48
0.09
0.08
0.08
0.08
0.08
0.08
0.08
0.06
0.06
0.06
0.06
0.06
0.06
0.06
0.06
0.08
0.08
0.08
0.08
0.08
0.07
0.07
0.07
0.07
0.07
0.07
0.07
0.06
0.06
0.06
0.06
0.07	75.30
0.06
0.06
0.06
0.06
0.06
0.06
0.06
0.06
0.06
0.06
0.06
0.06
0.06
0.06
0.06
0.06
0.06
0.06
0.06
0.06
0.06
0.06
0.06
0.07
0.06
0.06
0.06
0.06
0.06
0.06
0.06
