CorWatt	PkgWatt
5.99	158.14
0.12	79.29
0.11
0.11
0.11
0.10
0.10
0.10
0.10
0.09
0.09
0.10
0.09
0.09
0.09
0.09
0.09
0.10
0.10
0.10
0.10
0.11
0.10
0.10
0.10
0.10
0.10
0.10
0.10
0.09
0.09
0.09
0.09
0.09	78.91
0.09
0.09
0.09
0.09
0.09
0.09
0.09
0.09
0.10
0.09
0.09
0.08
0.08
0.08
0.08
0.09
0.09
0.09
0.09
0.09
0.09
0.09
0.09
0.09
0.09
0.09
0.09
0.09
0.09
0.09
0.09
CorWatt	PkgWatt
6.48	155.77
0.12	77.79
0.11
0.11
0.11
0.10
0.10
0.10
0.10
0.10
0.10
0.10
0.10
0.10
0.10
0.10
0.10
0.10
0.10
0.11
0.11
0.11
0.10
0.10
0.10
0.10
0.10
0.10
0.10
0.10
0.10
0.10
0.10
0.10	78.04
0.10
0.10
0.18
0.10
0.10
0.10
0.11
0.10
0.09
0.09
0.10
0.09
0.09
0.09
0.10
0.10
0.10
0.09
0.10
0.10
0.10
0.11
0.10
0.12
0.10
0.09
0.09
0.10
0.09
0.12
0.10
CorWatt	PkgWatt
15.39	180.63
0.20	85.93
0.15
0.15
0.15
0.17
0.14
0.14
0.15
0.13
0.14
0.13
0.14
0.21
0.13
0.13
0.13
0.14
0.17
0.15
0.14
0.16
0.14
0.14
0.14
0.13
0.13
0.13
0.13
0.16
0.19
0.14
0.13
0.38	94.64
0.23
0.21
0.27
0.34
0.24
0.22
0.28
0.33
0.25
0.25
0.25
0.24
0.19
0.26
0.25
0.25
0.22
0.26
0.29
0.29
0.27
2.23
0.38
0.29
0.29
0.32
0.34
0.26
0.25
0.26
0.29
