CorWatt	PkgWatt
150.08	324.62
2.18	158.67
5.31
2.20
2.24
2.10
2.10
2.11
2.10
3.62
2.06
2.18
2.22
2.09
2.00
2.02
2.17
1.90
2.27
5.47
2.21
3.90
2.05
2.04
3.64
2.16
2.01
2.16
2.02
2.04
2.01
2.10
2.02
1.70	145.07
1.86
1.82
1.73
1.72
1.81
1.77
5.44
1.63
1.70
1.73
1.87
1.83
1.87
1.76
1.87
5.24
1.64
1.63
1.70
1.85
1.95
2.42
1.86
1.68
1.72
1.65
1.65
1.93
1.70
1.62
1.80
CorWatt	PkgWatt
42.16	201.79
0.34	103.84
5.85
0.33
0.30
0.25
0.27
0.28
0.25
0.22
0.22
0.22
0.23
0.22
0.22
0.22
0.24
0.33
0.34
5.89
0.33
4.19
0.36
0.31
0.28
0.26
0.26
0.25
0.31
0.24
0.23
0.23
0.25
0.22	97.88
0.22
0.21
0.22
0.32
0.30
0.32
5.76
0.20
0.23
0.20
0.21
0.19
0.19
0.23
0.19
5.72
0.25
0.25
0.26
0.23
0.24
0.22
0.24
0.28
0.26
0.21
0.22
0.22
0.19
0.22
0.22
CorWatt	PkgWatt
40.47	201.73
0.35	103.01
5.85
0.52
0.29
0.26
0.31
0.39
0.31
0.38
0.22
0.22
0.39
0.21
0.41
0.21
0.38
0.30
0.42
5.88
0.31
0.44
0.25
0.25
0.42
0.37
0.36
0.37
0.56
0.23
0.22
0.40
0.40
0.22	98.68
0.21
0.22
0.22
0.29
0.31
0.28
5.76
0.23
0.21
0.22
0.21
0.20
0.20
0.28
0.21
5.72
0.25
0.24
0.26
0.24
0.25
0.22
0.25
0.37
0.24
0.21
0.20
0.22
0.21
0.20
0.22
CorWatt	PkgWatt
80.73	241.15
1.00	122.47
5.69
1.00
0.99
0.98
0.96
0.96
0.95
0.94
0.94
0.99
0.93
0.99
0.90
0.93
0.94
0.94
1.01
5.70
1.05
0.98
1.03
0.98
0.94
0.94
0.91
0.89
1.92
0.95
0.97
0.91
0.95
0.87	118.56
0.84
0.82
4.40
0.82
0.87
0.87
5.59
0.78
0.78
0.86
0.86
0.85
0.85
0.83
0.83
5.52
0.79
0.83
0.82
0.81
0.82
0.86
0.86
0.82
0.83
0.83
0.77
0.78
0.80
0.79
0.85
CorWatt	PkgWatt
189.84	343.88
2.99	177.24
5.06
3.02
2.97
2.80
3.00
3.05
3.04
2.91
2.93
3.16
2.92
3.23
2.88
2.97
2.87
2.72
3.15
3.21
3.85
3.02
3.27
2.81
2.81
2.95
2.73
2.71
5.21
2.98
3.18
2.78
3.02
2.73	166.63
2.76
2.62
5.26
2.46
2.74
2.58
5.10
2.34
2.44
2.82
2.81
2.74
2.78
2.65
2.67
5.07
2.32
2.57
2.34
2.39
2.48
2.58
2.62
2.50
2.35
2.60
2.33
2.36
2.60
2.39
2.61
CorWatt	PkgWatt
192.06	342.51
3.07	175.86
5.19
3.00
2.97
2.79
2.98
3.02
3.01
2.93
2.95
3.21
2.72
3.24
2.88
2.97
2.76
2.69
2.93
2.96
5.24
3.02
3.08
2.81
2.81
2.92
2.71
2.70
5.19
2.87
3.17
2.78
3.02
2.81	166.64
2.68
2.63
5.27
2.43
2.84
2.51
5.10
2.34
2.45
2.83
2.82
2.75
2.79
2.66
2.66
5.08
2.33
2.57
2.35
2.40
2.48
2.59
2.64
2.48
4.36
2.47
2.32
2.35
2.63
2.39
2.49
CorWatt	PkgWatt
192.31	347.90
3.17	179.35
5.23
3.16
2.62
2.82
3.02
3.06
3.05
2.98
2.99
3.23
2.76
3.27
2.92
3.03
2.79
2.72
2.97
2.99
5.24
2.90
3.06
2.84
2.84
3.02
2.81
3.02
5.05
2.79
3.21
2.82
3.02
2.64	168.47
2.68
2.61
5.22
2.41
2.81
2.50
5.01
2.34
2.45
2.81
2.73
2.74
2.64
2.53
2.48
5.03
2.31
2.53
2.33
2.38
2.46
2.57
2.61
2.47
5.02
2.45
2.32
2.34
2.61
2.39
2.45
CorWatt	PkgWatt
188.98	346.08
2.95	179.48
3.32
3.30
2.96
2.81
3.02
3.06
3.05
2.97
2.98
3.23
2.75
3.24
2.84
3.14
2.76
2.71
2.88
2.98
5.24
2.83
3.06
2.84
2.84
2.90
2.81
3.02
5.04
2.75
3.15
2.77
4.65
2.59	166.66
2.57
2.62
5.27
2.64
2.70
2.60
2.76
2.35
2.45
2.79
2.61
2.73
2.60
2.45
2.47
5.06
2.30
2.42
2.32
2.38
2.46
2.57
2.61
2.47
5.03
2.45
2.32
2.33
2.55
2.32
2.34
CorWatt	PkgWatt
185.59	336.54
2.98	175.30
2.59
3.26
3.25
2.78
2.97
3.02
3.00
2.94
2.96
3.19
2.73
3.21
2.73
3.10
2.73
2.69
2.72
2.97
5.24
2.79
3.02
2.81
2.81
2.87
2.76
2.97
5.19
2.71
3.10
2.73
5.06
2.55	161.18
2.44
2.66
5.16
2.54
2.61
2.58
2.69
2.36
2.46
2.80
2.62
2.73
2.60
2.45
2.47
2.97
2.26
2.33
2.27
2.38
2.46
2.57
2.61
2.47
5.18
2.53
2.42
2.32
2.61
2.25
2.34
CorWatt	PkgWatt
184.06	334.80
3.07	174.93
2.52
3.21
3.21
2.78
2.97
3.02
3.00
2.75
2.98
3.22
2.75
3.23
2.75
3.12
2.74
2.68
2.70
2.95
5.23
2.79
3.01
2.81
2.81
2.88
2.73
2.95
5.21
2.70
3.04
2.73
5.05
2.54	159.95
2.44
2.59
5.10
2.51
2.46
2.59
2.70
2.36
2.46
2.80
2.55
2.58
2.60
2.44
2.46
2.24
2.23
2.22
2.24
2.38
2.46
2.52
2.61
2.47
5.17
2.55
2.63
2.38
2.59
2.25
2.34
CorWatt	PkgWatt
189.68	340.70
2.99	177.43
2.84
3.05
3.01
2.80
3.00
3.03
3.03
2.77
3.01
3.26
2.78
3.22
2.75
3.12
2.74
2.72
2.74
2.99
5.24
2.81
3.04
2.83
2.81
3.21
4.52
2.98
5.32
2.76
2.88
2.75
5.05
2.57	163.19
2.46
2.68
5.10
2.54
2.43
2.62
2.73
2.38
2.48
2.81
2.47
2.63
2.61
2.46
2.48
2.26
2.25
2.23
2.25
2.41
2.48
2.43
2.64
2.57
5.17
2.57
2.61
5.05
2.60
2.28
2.38
CorWatt	PkgWatt
191.94	342.51
2.88	177.80
3.03
3.03
2.98
2.79
2.99
3.02
3.02
2.75
2.99
3.24
2.76
3.22
2.75
3.13
2.74
2.71
2.73
2.98
5.24
2.84
3.07
2.86
2.84
2.93
5.20
2.98
5.23
2.84
2.76
2.76
5.05
2.56	164.86
2.46
2.60
5.10
2.53
2.43
2.61
2.73
2.38
2.48
2.81
2.47
2.59
2.53
2.46
2.47
2.26
2.25
2.23
2.25
2.47
2.54
2.49
4.53
2.63
5.04
2.71
2.63
5.05
2.64
2.30
2.38
CorWatt	PkgWatt
192.80	343.67
2.80	177.86
3.12
3.12
3.08
2.80
3.00
3.03
3.03
2.77
3.00
3.26
2.77
3.21
2.74
3.12
2.74
2.72
2.74
2.98
5.23
2.84
3.07
2.86
2.84
3.01
5.23
2.99
5.24
2.67
2.70
2.70
5.03
2.56	165.70
2.46
2.66
5.10
2.54
2.43
2.62
2.73
2.38
2.48
2.81
2.47
2.59
2.43
2.45
2.46
2.26
2.25
2.24
2.26
2.53
2.58
2.55
5.16
2.60
5.11
2.61
2.63
5.05
2.64
2.29
2.38
CorWatt	PkgWatt
193.65	345.33
2.78	177.22
3.11
3.11
3.07
2.78
2.98
3.01
3.02
2.76
2.99
3.24
2.76
3.24
2.76
3.24
2.84
2.69
2.72
2.96
5.21
2.85
3.07
2.87
2.85
2.83
5.21
2.96
5.21
2.72
2.76
2.75
5.06
2.56	165.31
2.46
2.65
5.10
2.53
2.42
2.61
2.72
2.38
2.49
2.80
2.46
2.49
2.43
2.44
2.45
2.25
2.25
2.24
2.26
2.54
2.58
2.56
5.15
2.61
5.20
2.41
2.60
5.08
2.65
2.30
2.39
