CorWatt	PkgWatt
341.74	557.33
3.90	198.36
3.52
3.19
4.04
3.45
3.60
2.93
3.54
3.38
3.54
3.01
3.05
4.82
3.20
3.69
4.13
3.59
3.11
2.96
4.06
3.48
6.05
4.93
6.67
2.88
3.37
3.16
3.54
4.17
4.19
3.74
3.35
5.16	245.44
5.44
5.42
5.41
5.39
5.44
5.47
5.41
5.36
5.35
5.40
5.40
5.46
5.48
5.44
5.39
5.33
5.37
5.34
5.30
5.46
5.41
5.42
5.41
5.35
5.35
5.40
5.47
5.42
5.44
5.45
5.37
CorWatt	PkgWatt
290.51	439.41
3.40	194.18
3.72
2.67
4.42
2.59
3.34
3.20
3.37
2.62
3.61
3.38
2.99
4.25
3.19
4.65
4.04
3.56
3.59
2.78
3.42
3.81
5.83
4.76
6.83
2.70
3.32
3.05
3.56
3.99
4.19
3.75
3.02
4.04	245.22
5.30
5.41
5.48
5.47
5.50
5.53
5.46
5.42
5.41
5.46
5.46
5.49
5.51
5.50
5.46
5.38
5.43
5.38
5.41
5.49
5.46
5.47
5.45
5.39
5.38
5.43
5.46
5.48
5.50
5.49
5.41
CorWatt	PkgWatt
288.43	446.09
2.67	200.71
3.20
4.01
4.76
3.68
3.13
2.94
2.75
3.09
2.99
3.18
3.34
4.01
3.71
3.87
3.74
3.44
3.39
3.33
4.77
3.62
5.77
4.32
7.65
3.32
3.01
3.04
3.93
3.32
4.03
3.75
3.66
5.32	245.51
4.08
5.26
5.34
5.35
5.37
5.39
5.33
5.31
5.29
5.31
5.31
5.36
5.39
5.39
5.29
5.24
5.31
5.24
5.29
5.35
5.31
5.36
5.36
5.30
5.22
5.31
5.34
5.35
5.37
5.35
5.27
CorWatt	PkgWatt
284.70	441.68
2.90	196.09
2.99
4.10
4.16
2.86
3.45
3.43
3.30
3.06
2.68
2.70
2.70
3.13
4.28
3.84
3.84
3.72
3.17
2.70
4.07
3.46
5.70
3.77
7.75
4.01
2.61
2.89
3.78
3.20
3.57
4.06
3.73
5.36	245.47
4.06
4.77
5.38
5.36
5.38
5.43
5.35
5.33
5.34
5.34
5.28
5.37
5.39
5.38
5.31
5.29
5.31
5.22
5.27
5.36
5.37
5.35
5.36
5.28
5.33
5.29
5.36
5.37
5.39
5.38
5.29
CorWatt	PkgWatt
287.25	440.86
3.56	195.41
3.34
3.63
3.74
3.89
3.64
2.95
3.19
2.71
2.79
2.67
3.05
3.34
4.63
3.51
3.80
2.95
4.13
3.05
3.16
3.60
5.76
3.74
7.73
4.04
2.57
3.27
3.48
3.19
3.74
4.13
3.76
5.38	245.58
3.81
5.25
5.42
5.40
5.43
5.45
5.40
5.34
5.38
5.36
5.34
5.43
5.46
5.43
5.37
5.33
5.34
5.29
5.35
5.41
5.39
5.37
5.42
5.33
5.37
5.33
5.38
5.41
5.43
5.42
5.35
CorWatt	PkgWatt
279.89	440.91
3.23	196.68
2.62
3.66
4.68
3.31
3.41
2.58
3.37
2.49
2.98
3.47
2.83
3.44
4.77
3.05
3.78
3.11
3.08
3.04
2.65
3.91
6.16
4.17
7.77
3.36
2.57
3.20
3.21
3.19
3.22
3.77
3.81
5.23	245.15
3.50
5.27
5.24
5.25
5.29
5.33
5.29
5.23
5.23
5.22
5.24
5.30
5.33
5.32
5.32
5.23
5.23
5.19
5.16
5.27
5.25
5.28
5.29
5.20
5.21
5.21
5.24
5.28
5.27
5.34
5.30
