CorWatt	PkgWatt
14.88	127.15
0.52	127.16
0.47
0.51
0.44
0.51
0.50
0.48
0.49
0.42
0.45
0.38
0.38
0.51
0.52
0.58
0.53
0.51
0.51
0.50
0.48
0.43
0.43
0.41
0.42
0.35
0.38
0.37
0.35
0.51
0.52
0.52
0.50
CorWatt	PkgWatt
15.87	127.35
0.54	127.89
0.53
0.52
0.49
0.53
0.55
0.54
0.53
0.47
0.50
0.44
0.47
0.55
0.54
0.57
0.55
0.52
0.53
0.49
0.49
0.48
0.44
0.43
0.41
0.40
0.37
0.41
0.40
0.56
0.53
0.56
0.55
CorWatt	PkgWatt
17.31	129.85
0.62	129.33
0.54
0.70
0.57
0.65
0.64
0.57
0.60
0.54
0.57
0.49
0.53
0.53
0.54
0.53
0.67
0.60
0.51
0.51
0.50
0.45
0.43
0.40
0.53
0.40
0.39
0.47
0.46
0.61
0.55
0.67
0.52
CorWatt	PkgWatt
14.83	127.08
0.50	127.02
0.46
0.51
0.45
0.50
0.50
0.52
0.50
0.40
0.46
0.39
0.39
0.51
0.51
0.50
0.52
0.46
0.48
0.50
0.52
0.39
0.39
0.39
0.42
0.37
0.38
0.42
0.36
0.57
0.52
0.53
0.50
