CorWatt	PkgWatt
15.23	127.49
0.54	127.50
0.53
0.47
0.46
0.50
0.50
0.50
0.51
0.40
0.48
0.40
0.44
0.54
0.57
0.62
0.63
0.50
0.46
0.45
0.48
0.40
0.38
0.39
0.38
0.42
0.38
0.42
0.38
0.55
0.54
0.52
0.51
CorWatt	PkgWatt
14.87	127.27
0.52	127.25
0.47
0.46
0.47
0.50
0.51
0.49
0.49
0.43
0.44
0.38
0.42
0.53
0.51
0.58
0.53
0.48
0.47
0.45
0.48
0.39
0.42
0.38
0.42
0.39
0.36
0.38
0.36
0.56
0.55
0.52
0.50
CorWatt	PkgWatt
62.43	174.94
0.93	175.07
1.90
1.92
1.99
1.94
1.93
1.93
1.94
1.99
1.95
1.97
1.91
2.10
2.31
2.16
2.21
1.96
1.97
1.83
1.94
1.97
1.88
1.70
1.70
1.85
1.85
1.70
1.70
3.47
2.10
1.89
1.87
CorWatt	PkgWatt
49.83	164.54
0.72	164.50
1.56
1.62
1.59
1.64
1.63
1.63
1.59
1.52
1.57
1.55
1.51
1.66
1.64
1.73
1.68
1.65
1.58
1.45
1.49
1.53
1.53
1.38
1.35
1.54
1.51
1.39
1.38
2.44
1.68
1.55
1.52
