CorWatt	PkgWatt
15.53	128.05
0.52	128.05
0.45
0.49
0.48
0.51
0.54
0.50
0.50
0.41
0.46
0.45
0.45
0.53
0.63
0.52
0.58
0.52
0.54
0.49
0.47
0.39
0.45
0.40
0.41
0.39
0.41
0.41
0.40
0.55
0.57
0.57
0.53
CorWatt	PkgWatt
14.87	127.07
0.52	127.10
0.46
0.46
0.44
0.50
0.52
0.50
0.49
0.40
0.43
0.40
0.44
0.56
0.51
0.49
0.50
0.50
0.52
0.46
0.47
0.38
0.42
0.41
0.39
0.36
0.37
0.44
0.38
0.56
0.56
0.53
0.50
CorWatt	PkgWatt
18.86	130.88
0.64	130.89
0.57
0.56
0.57
0.64
0.67
0.62
0.66
0.49
0.56
0.61
0.53
0.65
0.69
0.62
0.64
0.56
0.62
0.58
0.62
0.43
0.59
0.48
0.46
0.50
0.55
0.60
0.59
0.65
0.68
0.62
0.64
CorWatt	PkgWatt
15.09	127.32
0.50	127.30
0.49
0.46
0.46
0.49
0.55
0.53
0.51
0.49
0.48
0.43
0.43
0.53
0.51
0.49
0.50
0.46
0.57
0.49
0.47
0.38
0.42
0.39
0.39
0.37
0.41
0.39
0.45
0.52
0.53
0.50
0.49
CorWatt	PkgWatt
15.14	127.27
0.48	127.22
0.47
0.45
0.45
0.58
0.50
0.56
0.53
0.43
0.44
0.46
0.42
0.51
0.51
0.50
0.53
0.50
0.54
0.48
0.47
0.39
0.47
0.41
0.39
0.36
0.43
0.37
0.37
0.53
0.55
0.51
0.53
