CorWatt	PkgWatt
4.36	151.74
0.09	76.35
0.08
0.08
0.08
0.08
0.08
0.08
0.08
0.07
0.08
0.07
0.07
0.07
0.07
0.07
0.07
0.08
0.08
0.08
0.08
0.10
0.08
0.08
0.09
0.08
0.08
0.08
0.08
0.07
0.08
0.08
0.07
0.06	75.53
0.06
0.06
0.06
0.07
0.07
0.06
0.06
0.05
0.05
0.05
0.05
0.05
0.05
0.05
0.05
0.06
0.06
0.05
0.06
0.07
0.07
0.07
0.07
0.05
0.06
0.05
0.05
0.05
0.05
0.05
0.06
CorWatt	PkgWatt
4.41	151.00
0.09	76.00
0.09
0.08
0.08
0.09
0.09
0.08
0.08
0.07
0.07
0.09
0.07
0.07
0.16
0.07
0.07
0.08
0.08
0.09
0.08
0.10
0.08
0.09
0.08
0.09
0.08
0.08
0.09
0.07
0.07
0.08
0.08
0.06	75.07
0.06
0.06
0.06
0.06
0.06
0.06
0.06
0.05
0.05
0.05
0.05
0.05
0.05
0.05
0.05
0.06
0.06
0.05
0.06
0.06
0.06
0.06
0.06
0.05
0.05
0.05
0.05
0.05
0.05
0.05
0.06
