CorWatt	PkgWatt
15.09	127.01
0.50	127.01
0.47
0.45
0.47
0.49
0.49
0.55
0.49
0.40
0.46
0.49
0.44
0.57
0.53
0.52
0.55
0.48
0.49
0.47
0.47
0.42
0.40
0.44
0.43
0.39
0.36
0.36
0.35
0.57
0.54
0.54
0.51
CorWatt	PkgWatt
14.44	126.51
0.51	126.61
0.48
0.45
0.44
0.48
0.48
0.54
0.47
0.39
0.48
0.41
0.40
0.51
0.51
0.50
0.51
0.44
0.47
0.45
0.45
0.40
0.40
0.40
0.40
0.35
0.35
0.36
0.35
0.54
0.52
0.51
0.51
CorWatt	PkgWatt
24.22	136.45
2.35	136.40
0.70
0.67
0.68
0.67
0.65
0.71
0.68
0.61
0.67
0.73
0.61
0.76
0.78
0.82
1.12
0.68
0.68
0.68
0.71
0.65
0.69
0.63
0.68
0.63
0.68
0.61
0.56
0.79
0.76
0.82
0.76
CorWatt	PkgWatt
17.76	129.40
0.66	129.38
0.57
0.54
0.50
0.91
0.75
1.08
0.70
0.46
0.45
0.43
0.44
0.54
0.60
0.57
0.58
0.48
0.50
0.48
0.55
0.48
0.53
0.46
0.47
0.43
0.47
0.43
0.43
0.59
0.56
0.59
0.51
CorWatt	PkgWatt
17.01	129.00
0.64	128.99
0.53
0.57
0.58
0.76
1.12
0.96
0.74
0.45
0.45
0.38
0.40
0.50
0.50
0.50
0.53
0.51
0.47
0.48
0.52
0.46
0.38
0.42
0.43
0.38
0.42
0.39
0.36
0.54
0.54
0.56
0.54
CorWatt	PkgWatt
18.33	130.01
0.65	130.05
0.55
0.56
0.55
0.77
0.88
1.01
1.00
0.49
0.50
0.48
0.44
0.55
0.54
0.57
0.58
0.53
0.53
0.44
0.51
0.49
0.45
0.47
0.47
0.43
0.47
0.47
0.47
0.63
0.59
0.60
0.65
CorWatt	PkgWatt
17.09	128.84
0.60	128.81
0.50
0.49
0.47
1.10
0.72
0.76
0.95
0.41
0.44
0.41
0.43
0.51
0.51
0.50
0.54
0.50
0.53
0.48
0.50
0.47
0.43
0.54
0.46
0.39
0.42
0.42
0.41
0.55
0.54
0.55
0.56
CorWatt	PkgWatt
16.99	128.74
0.59	128.73
0.51
0.46
0.46
1.28
0.72
0.77
0.80
0.46
0.43
0.42
0.39
0.52
0.50
0.55
0.55
0.50
0.47
0.45
0.47
0.45
0.43
0.45
0.44
0.38
0.46
0.41
0.39
0.59
0.59
0.55
0.55
CorWatt	PkgWatt
18.29	130.53
0.60	130.54
0.49
0.49
0.48
3.16
0.56
0.55
0.53
0.42
0.46
0.44
0.40
0.53
0.54
0.51
0.55
0.49
0.51
0.48
0.49
0.46
0.42
0.51
0.44
0.43
0.39
0.41
0.41
0.52
0.53
0.54
0.54
CorWatt	PkgWatt
18.19	130.38
0.62	130.38
0.48
0.50
0.47
3.21
0.54
0.55
0.56
0.42
0.47
0.40
0.38
0.54
0.52
0.52
0.53
0.47
0.51
0.50
0.52
0.45
0.44
0.53
0.43
0.41
0.38
0.36
0.41
0.55
0.53
0.50
0.49
CorWatt	PkgWatt
18.43	130.57
0.60	130.57
0.48
0.55
0.50
3.25
0.54
0.55
0.54
0.40
0.47
0.44
0.39
0.55
0.52
0.53
0.53
0.50
0.49
0.44
0.47
0.45
0.41
0.43
0.46
0.50
0.42
0.39
0.39
0.55
0.55
0.57
0.55
CorWatt	PkgWatt
18.26	130.27
0.61	130.26
0.46
0.54
0.50
3.25
0.52
0.54
0.50
0.42
0.49
0.45
0.40
0.54
0.54
0.52
0.54
0.49
0.50
0.48
0.51
0.42
0.39
0.44
0.42
0.39
0.43
0.43
0.36
0.57
0.54
0.52
0.56
CorWatt	PkgWatt
20.52	132.15
0.72	132.14
0.49
0.58
0.52
2.94
0.58
0.60
0.52
0.59
0.76
0.65
0.56
0.60
0.68
0.73
0.62
0.55
0.56
0.51
0.55
0.48
0.43
0.49
0.51
0.47
0.46
0.51
0.44
0.62
0.60
0.62
0.59
