CorWatt	PkgWatt
15.30	127.98
0.55	127.98
0.53
0.53
0.47
0.52
0.51
0.54
0.50
0.43
0.45
0.44
0.42
0.54
0.53
0.58
0.55
0.48
0.47
0.46
0.51
0.51
0.41
0.40
0.41
0.37
0.38
0.38
0.36
0.53
0.53
0.52
0.52
CorWatt	PkgWatt
14.86	127.67
0.52	127.65
0.48
0.48
0.46
0.55
0.52
0.50
0.50
0.39
0.44
0.44
0.41
0.51
0.52
0.56
0.53
0.47
0.46
0.46
0.51
0.42
0.40
0.38
0.40
0.37
0.37
0.38
0.36
0.52
0.51
0.51
0.51
CorWatt	PkgWatt
67.84	181.99
0.93	182.10
2.07
2.18
2.13
2.18
2.16
2.24
2.14
2.10
2.09
2.10
2.11
2.29
2.28
2.24
2.23
2.20
2.15
3.42
2.09
2.28
2.07
1.89
1.88
2.05
2.05
1.86
1.90
2.25
2.19
2.03
2.09
