CorWatt	PkgWatt
15.90	129.38
0.56	129.38
0.46
0.49
0.48
0.52
0.53
0.52
0.51
0.47
0.47
0.53
0.45
0.54
0.55
0.56
0.58
0.50
0.50
0.50
0.58
0.44
0.46
0.43
0.43
0.40
0.42
0.42
0.39
0.59
0.53
0.54
0.55
CorWatt	PkgWatt
15.25	128.17
0.55	128.72
0.46
0.47
0.44
0.52
0.52
0.50
0.50
0.41
0.46
0.46
0.40
0.52
0.53
0.53
0.55
0.49
0.50
0.50
0.56
0.42
0.42
0.44
0.41
0.37
0.42
0.40
0.39
0.58
0.52
0.52
0.53
CorWatt	PkgWatt
68.26	160.51
0.91	185.80
2.21
2.26
2.23
2.33
2.33
2.36
2.31
2.48
3.79
2.35
2.30
2.43
2.40
2.44
2.49
2.31
2.32
2.13
2.16
2.24
2.26
2.07
1.99
2.22
2.23
2.03
2.02
2.50
2.46
2.25
2.26
