CorWatt	PkgWatt
15.50	128.37
0.56	128.36
0.51
0.49
0.47
0.55
0.54
0.55
0.52
0.47
0.47
0.39
0.41
0.55
0.53
0.54
0.55
0.48
0.59
0.48
0.50
0.44
0.43
0.41
0.45
0.38
0.37
0.37
0.37
0.54
0.53
0.53
0.52
CorWatt	PkgWatt
15.16	127.28
0.56	127.79
0.52
0.47
0.46
0.55
0.52
0.51
0.51
0.46
0.46
0.39
0.39
0.52
0.53
0.55
0.55
0.47
0.48
0.48
0.50
0.43
0.47
0.43
0.45
0.38
0.37
0.38
0.35
0.52
0.51
0.52
0.51
CorWatt	PkgWatt
67.84	161.26
0.93	186.01
2.19
2.24
2.22
2.30
2.27
2.27
2.22
2.26
2.24
2.24
2.20
2.32
2.33
2.35
2.38
2.31
2.33
2.15
2.16
2.30
2.31
2.11
2.04
2.31
2.26
2.05
2.08
2.50
2.49
4.02
2.27
