CorWatt	PkgWatt
15.31	127.25
0.55	127.25
0.44
0.48
0.55
0.50
0.50
0.51
0.49
0.40
0.45
0.48
0.41
0.51
0.54
0.57
0.53
0.53
0.53
0.52
0.51
0.43
0.41
0.42
0.40
0.40
0.39
0.39
0.43
0.51
0.51
0.51
0.52
CorWatt	PkgWatt
14.43	126.52
0.51	126.52
0.42
0.46
0.47
0.48
0.52
0.48
0.47
0.37
0.43
0.37
0.37
0.49
0.56
0.57
0.51
0.49
0.47
0.46
0.47
0.40
0.40
0.39
0.41
0.38
0.35
0.37
0.36
0.50
0.49
0.51
0.52
CorWatt	PkgWatt
62.15	174.53
0.96	174.66
1.98
2.00
2.06
2.03
2.04
3.59
2.04
1.90
1.89
1.91
1.85
1.98
1.97
1.97
2.01
1.98
2.01
1.83
1.90
1.85
1.96
1.77
1.69
1.85
1.85
1.72
1.70
2.03
2.03
1.95
1.90
CorWatt	PkgWatt
49.68	163.45
0.64	163.38
1.56
1.64
1.64
1.67
1.69
2.40
1.64
1.53
1.56
1.54
1.53
1.66
1.71
1.71
1.68
1.60
1.57
1.43
1.45
1.52
1.53
1.39
1.34
1.47
1.45
1.35
1.35
1.68
1.66
1.55
1.52
