CorWatt	PkgWatt
15.34	127.48
0.52	127.47
0.45
0.53
0.47
0.51
0.51
0.51
0.53
0.44
0.44
0.45
0.39
0.51
0.53
0.52
0.55
0.50
0.53
0.50
0.61
0.43
0.45
0.43
0.44
0.37
0.37
0.39
0.36
0.53
0.51
0.52
0.53
CorWatt	PkgWatt
15.09	127.29
0.52	127.31
0.45
0.52
0.43
0.49
0.49
0.49
0.54
0.40
0.47
0.39
0.42
0.52
0.52
0.54
0.53
0.48
0.48
0.48
0.55
0.43
0.47
0.43
0.44
0.38
0.36
0.41
0.37
0.53
0.51
0.52
0.52
CorWatt	PkgWatt
18.48	129.72
0.57	129.73
0.53
0.66
0.51
0.58
0.52
0.50
0.57
0.51
0.61
0.58
0.51
0.61
0.61
0.59
0.63
0.54
0.65
0.56
0.61
0.51
0.58
0.50
0.56
0.54
0.51
0.53
0.49
0.75
0.69
0.70
0.64
CorWatt	PkgWatt
16.27	128.48
0.53	128.30
0.46
0.59
0.46
0.56
0.52
0.56
0.54
0.43
0.45
0.46
0.41
0.61
0.54
0.62
0.54
0.48
0.54
0.48
0.51
0.43
0.56
0.44
0.47
0.38
0.39
0.46
0.46
0.56
0.58
0.62
0.62
