CorWatt	PkgWatt
46.72	205.70
0.28	102.68
0.26
0.26
0.25
0.26
0.24
0.25
0.26
5.86
0.28
0.26
0.27
0.22
0.22
0.21
0.22
0.30
0.29
0.29
3.63
0.28
0.25
0.25
0.25
0.31
5.86
0.31
0.29
0.23
0.23
0.22
0.23
0.21	102.53
0.20
0.21
0.21
0.21
0.21
0.21
0.21
0.19
0.19
0.19
0.19
0.19
0.19
0.18
0.18
0.20
0.20
0.20
0.21
0.26
0.27
0.26
5.90
0.24
5.85
0.24
0.25
5.82
0.25
0.25
0.25
CorWatt	PkgWatt
38.46	195.88
0.29	98.28
0.27
0.27
0.27
0.25
0.24
0.32
0.29
5.83
0.27
0.33
0.27
0.21
0.21
0.21
0.22
0.24
0.25
0.25
0.24
0.26
0.27
0.25
0.25
0.30
5.86
0.30
0.29
0.24
0.23
0.23
0.25
0.20	96.85
0.20
0.20
0.21
0.21
0.21
0.22
0.20
0.19
0.19
0.19
0.18
0.19
0.18
0.18
0.18
0.20
0.20
0.20
0.21
0.26
0.26
0.26
5.90
0.21
1.00
0.22
0.22
5.83
0.25
0.25
0.25
CorWatt	PkgWatt
85.64	246.99
1.15	129.53
0.94
1.00
1.12
0.91
1.14
1.11
1.03
5.63
0.91
1.15
0.96
0.93
0.94
1.09
2.77
1.08
1.00
0.94
1.14
1.12
1.00
1.05
1.09
1.03
5.67
1.10
1.36
1.18
1.01
1.08
1.02
0.91	124.71
0.89
0.88
0.91
0.89
0.89
0.94
0.89
0.93
0.91
0.92
0.87
0.98
0.96
0.88
0.93
0.98
0.85
0.80
0.86
0.92
0.96
0.93
5.69
0.84
5.07
0.85
0.91
5.59
0.95
0.94
0.94
CorWatt	PkgWatt
194.43	357.26
2.97	178.31
3.02
3.22
2.94
2.82
3.31
3.35
2.82
2.99
2.95
2.91
2.94
4.02
2.78
2.77
5.19
3.00
2.96
2.97
3.18
2.78
3.01
3.28
3.01
2.93
5.07
3.24
2.98
3.00
2.89
2.80
2.87
2.56	165.15
2.55
2.43
2.56
2.54
2.50
2.74
2.42
2.59
2.61
2.56
2.45
2.41
2.58
2.45
2.62
2.27
2.39
2.24
2.26
2.54
2.79
2.62
5.29
2.33
5.24
2.31
2.54
5.15
2.45
2.44
2.49
CorWatt	PkgWatt
192.09	342.82
3.06	177.04
3.12
3.12
2.85
2.81
3.30
3.34
2.81
2.94
2.78
2.92
2.95
5.02
2.76
2.86
5.18
3.14
2.91
2.93
3.14
2.78
3.01
3.28
3.01
3.23
5.26
2.65
3.01
3.00
2.81
2.81
2.82
2.57	165.80
2.56
2.42
2.57
2.55
2.46
2.74
2.42
2.61
2.72
2.50
2.48
2.49
2.69
4.84
2.68
2.27
2.40
2.25
2.25
2.45
2.80
2.62
5.30
2.34
5.24
2.33
2.59
5.14
2.38
2.36
2.48
CorWatt	PkgWatt
194.37	348.73
3.14	179.15
3.15
3.15
2.79
2.82
3.33
3.36
2.83
2.95
2.75
2.93
2.96
4.98
2.78
2.72
5.19
3.14
2.92
2.93
3.14
2.80
3.02
3.29
3.03
3.26
5.26
2.63
3.05
3.03
2.82
2.83
2.84
2.58	169.62
2.57
2.43
2.58
2.56
2.47
2.74
2.43
2.52
2.77
2.50
2.48
2.50
2.71
5.06
2.69
2.28
2.40
2.25
4.44
2.46
2.78
2.63
5.30
2.35
5.25
2.33
2.55
4.64
2.39
2.41
2.49
CorWatt	PkgWatt
192.15	347.04
3.14	179.78
3.18
3.18
2.68
2.85
3.35
3.20
2.86
2.78
2.78
2.97
3.00
5.03
2.72
5.16
5.11
3.18
2.81
2.98
3.19
2.82
3.05
3.07
3.06
2.94
3.25
3.04
3.17
3.05
2.84
2.85
2.86
2.57	167.20
2.57
2.43
2.56
2.46
2.46
2.75
2.42
2.46
2.68
2.47
2.46
2.49
2.65
5.06
2.69
2.27
2.31
2.24
5.03
2.45
2.64
2.60
5.27
2.35
5.25
2.32
2.53
2.44
2.37
2.28
2.47
CorWatt	PkgWatt
188.76	343.39
3.16	178.91
3.21
3.20
2.70
2.85
3.16
3.12
2.86
2.75
2.77
2.95
2.99
5.14
2.77
5.15
5.07
3.18
2.73
2.97
3.18
2.80
3.04
3.05
3.04
3.11
2.88
3.06
3.12
3.04
2.83
2.86
2.85
2.57	164.48
2.56
2.44
2.44
2.38
2.46
2.75
2.43
2.53
2.70
2.49
2.47
2.52
2.52
5.07
2.67
2.27
2.26
2.24
5.02
2.56
2.50
2.57
2.95
2.35
5.25
2.32
2.51
2.34
2.37
2.25
2.47
CorWatt	PkgWatt
189.26	340.32
3.17	176.87
3.21
3.21
2.71
2.82
3.05
3.08
2.83
2.74
2.76
2.94
2.98
4.96
3.17
5.13
4.99
3.18
2.73
2.96
3.17
2.80
3.03
3.05
3.03
3.14
2.90
2.90
3.15
2.97
2.78
2.99
2.81
2.58	163.44
3.00
2.44
2.43
2.38
2.45
2.60
2.42
2.54
2.75
2.50
2.48
2.97
2.69
5.17
2.66
2.28
2.26
2.25
5.01
2.57
2.44
2.51
2.72
2.34
5.25
2.32
2.50
2.34
2.36
2.24
2.46
CorWatt	PkgWatt
194.68	345.66
3.17	179.21
3.22
3.21
2.71
2.84
3.08
3.11
2.86
2.75
2.78
2.97
3.00
7.13
2.93
5.05
5.03
3.20
2.75
2.98
3.21
2.82
3.06
3.08
3.06
3.15
2.92
2.92
3.17
2.99
2.81
2.90
2.83
2.67	166.48
5.19
2.53
2.52
2.40
2.47
2.62
2.44
2.57
2.75
2.52
2.50
2.92
2.88
5.16
2.70
2.30
2.27
2.26
5.02
2.69
2.46
2.51
2.74
2.35
5.27
2.35
2.55
2.36
2.38
2.25
2.41
CorWatt	PkgWatt
197.37	348.44
3.17	179.61
3.21
3.21
2.71
2.84
3.09
3.12
2.87
2.77
2.79
2.98
3.01
7.38
2.92
5.06
5.04
3.22
2.75
2.99
3.21
2.82
3.06
3.08
3.06
3.16
2.94
2.93
3.19
3.00
2.82
2.83
2.84
2.62	168.67
5.25
2.54
2.52
4.52
2.50
2.65
2.49
2.58
2.77
2.53
2.51
2.90
2.92
5.18
2.70
2.30
2.28
2.27
5.02
2.69
2.47
2.52
2.67
2.35
5.28
2.35
2.55
2.36
2.38
2.26
2.34
