CorWatt	PkgWatt
5.05	152.66
0.08	76.13
0.08
0.08
0.08
0.08
0.08
0.08
0.08
0.07
0.07
0.07
0.07
0.07
0.07
0.07
0.07
0.08
0.08
0.08
0.08
0.09
0.08
0.08
0.08
0.08
0.08
0.08
0.08
0.07
0.07
0.07
0.07
0.08	76.67
0.08
0.08
0.08
0.09
0.08
0.08
0.08
0.08
0.07
0.08
0.07
0.07
0.07
0.07
0.07
0.08
0.08
0.07
0.08
0.09
0.08
0.08
0.08
0.10
0.09
0.09
0.17
0.07
0.07
0.07
0.08
CorWatt	PkgWatt
5.19	152.51
0.09	76.12
0.09
0.08
0.10
0.08
0.08
0.08
0.10
0.07
0.07
0.08
0.08
0.07
0.07
0.07
0.09
0.08
0.08
0.08
0.10
0.09
0.09
0.08
0.08
0.10
0.08
0.08
0.09
0.08
0.07
0.08
0.16
0.08	76.27
0.08
0.08
0.08
0.08
0.08
0.08
0.08
0.08
0.07
0.07
0.07
0.07
0.07
0.07
0.07
0.08
0.07
0.07
0.07
0.08
0.08
0.08
0.08
0.09
0.08
0.10
0.08
0.07
0.07
0.07
0.07
CorWatt	PkgWatt
12.95	173.40
0.31	92.22
0.22
0.21
0.28
0.27
2.16
0.23
0.30
0.20
0.20
0.23
0.20
0.25
0.23
0.18
0.19
0.25
0.19
0.22
0.27
0.30
0.25
0.23
0.32
0.30
0.21
0.32
0.22
0.21
0.19
0.21
0.18
0.12	81.61
0.12
0.10
0.10
0.10
0.10
0.10
0.12
0.10
0.09
0.09
0.09
0.09
0.10
0.09
0.09
0.10
0.10
0.10
0.11
0.11
0.10
0.10
0.13
0.17
0.12
0.12
0.12
0.13
0.13
0.10
0.10
