CorWatt	PkgWatt
15.68	129.16
0.57	129.17
0.45
0.48
0.46
0.52
0.52
0.52
0.55
0.42
0.49
0.42
0.54
0.54
0.54
0.56
0.55
0.49
0.50
0.49
0.57
0.42
0.42
0.45
0.44
0.41
0.40
0.39
0.37
0.59
0.53
0.54
0.53
CorWatt	PkgWatt
15.34	128.53
0.54	128.69
0.45
0.49
0.46
0.51
0.53
0.53
0.53
0.41
0.51
0.41
0.44
0.53
0.53
0.52
0.53
0.50
0.49
0.50
0.55
0.42
0.42
0.43
0.42
0.40
0.39
0.38
0.37
0.57
0.52
0.55
0.54
CorWatt	PkgWatt
73.15	188.78
0.90	188.62
2.27
2.34
2.32
2.38
2.38
2.41
2.33
4.06
2.35
2.34
2.33
2.40
2.42
2.49
2.44
2.29
2.30
2.12
2.14
2.22
2.23
2.06
1.98
2.23
2.19
2.01
2.01
2.42
2.40
2.20
2.18
