CorWatt	PkgWatt
15.06	127.04
0.53	127.04
0.46
0.47
0.47
0.50
0.52
0.55
0.50
0.38
0.44
0.38
0.41
0.55
0.51
0.55
0.56
0.44
0.49
0.53
0.46
0.44
0.38
0.42
0.41
0.39
0.38
0.42
0.41
0.55
0.53
0.53
0.51
CorWatt	PkgWatt
15.17	127.08
0.54	127.07
0.44
0.48
0.47
0.49
0.52
0.55
0.48
0.41
0.44
0.45
0.40
0.58
0.53
0.50
0.53
0.47
0.49
0.47
0.48
0.45
0.41
0.43
0.40
0.39
0.38
0.39
0.40
0.54
0.56
0.55
0.56
CorWatt	PkgWatt
23.92	134.93
0.86	134.99
0.77
0.75
0.64
0.70
0.73
0.75
0.88
0.57
0.60
0.59
0.59
0.75
0.75
0.68
0.71
0.70
0.67
2.67
0.67
0.69
0.70
0.67
0.60
0.58
0.54
0.62
0.60
0.72
0.76
0.70
0.70
CorWatt	PkgWatt
17.30	128.72
0.52	128.70
0.51
0.48
0.50
0.49
0.55
0.55
0.55
0.45
0.50
0.51
0.48
0.59
0.58
0.53
0.55
0.47
0.50
0.59
0.47
0.69
0.64
0.76
0.95
0.39
0.40
0.41
0.42
0.56
0.55
0.53
0.59
CorWatt	PkgWatt
17.08	128.65
0.53	128.64
0.50
0.48
0.45
0.50
0.57
0.57
0.50
0.49
0.50
0.49
0.46
0.60
0.58
0.55
0.57
0.46
0.46
0.59
0.49
0.86
0.62
0.64
0.99
0.38
0.37
0.39
0.39
0.51
0.52
0.54
0.53
CorWatt	PkgWatt
17.01	128.64
0.55	128.63
0.55
0.54
0.49
0.53
0.57
0.60
0.51
0.41
0.51
0.44
0.45
0.57
0.55
0.53
0.62
0.46
0.47
0.59
0.46
1.01
0.62
0.64
0.83
0.37
0.35
0.36
0.39
0.50
0.52
0.50
0.53
CorWatt	PkgWatt
17.48	129.02
0.57	129.02
0.61
0.55
0.51
0.60
0.58
0.63
0.58
0.43
0.46
0.44
0.46
0.57
0.53
0.53
0.54
0.47
0.49
0.61
0.46
0.90
0.99
0.67
0.70
0.42
0.37
0.39
0.37
0.55
0.50
0.50
0.50
CorWatt	PkgWatt
17.53	128.87
0.57	128.87
0.57
0.53
0.53
0.54
0.53
0.56
0.51
0.39
0.49
0.42
0.44
0.56
0.58
0.55
0.54
0.53
0.55
0.62
0.56
0.98
0.73
0.68
0.97
0.36
0.36
0.38
0.40
0.51
0.50
0.53
0.56
CorWatt	PkgWatt
18.12	130.63
0.56	130.63
0.59
0.49
0.50
0.57
0.53
0.57
0.53
0.40
0.43
0.37
0.40
0.55
0.53
0.50
0.54
0.47
0.47
0.58
0.47
0.44
0.45
0.42
3.07
0.40
0.38
0.40
0.38
0.55
0.53
0.53
0.54
CorWatt	PkgWatt
18.14	130.54
0.55	130.54
0.46
0.50
0.53
0.50
0.52
0.54
0.47
0.38
0.43
0.40
0.43
0.55
0.54
0.52
0.51
0.46
0.46
0.58
0.49
0.43
0.46
0.41
3.13
0.41
0.39
0.41
0.42
0.54
0.62
0.56
0.53
CorWatt	PkgWatt
18.02	130.62
0.55	130.62
0.55
0.50
0.50
0.54
0.54
0.54
0.51
0.40
0.45
0.42
0.42
0.56
0.53
0.49
0.53
0.45
0.46
0.56
0.47
0.43
0.44
0.43
3.14
0.39
0.39
0.41
0.38
0.54
0.50
0.50
0.50
CorWatt	PkgWatt
18.49	130.71
0.53	130.71
0.49
0.51
0.51
0.51
0.50
0.52
0.51
0.40
0.45
0.46
0.40
0.56
0.55
0.55
0.56
0.49
0.48
0.56
0.48
0.44
0.46
0.43
3.13
0.41
0.43
0.39
0.47
0.57
0.59
0.56
0.57
CorWatt	PkgWatt
20.06	132.18
0.57	132.17
0.49
0.50
0.50
0.57
0.52
0.51
0.56
0.50
0.52
0.63
0.66
0.71
0.73
0.66
0.62
0.51
0.59
0.64
0.62
0.42
0.51
0.44
3.04
0.48
0.44
0.48
0.43
0.55
0.60
0.52
0.55
