CorWatt	PkgWatt
4.51	153.10
0.08	76.76
0.08
0.08
0.08
0.08
0.08
0.08
0.08
0.07
0.07
0.07
0.07
0.07
0.07
0.07
0.07
0.08
0.08
0.08
0.08
0.09
0.08
0.08
0.08
0.08
0.08
0.08
0.08
0.07
0.07
0.07
0.07
0.07	76.37
0.07
0.07
0.07
0.07
0.06
0.06
0.06
0.06
0.06
0.06
0.06
0.06
0.06
0.06
0.06
0.07
0.07
0.06
0.15
0.07
0.07
0.07
0.07
0.06
0.06
0.06
0.06
0.06
0.06
0.06
0.06
CorWatt	PkgWatt
4.32	151.11
0.08	75.77
0.08
0.08
0.08
0.08
0.08
0.08
0.08
0.07
0.07
0.06
0.06
0.06
0.07
0.06
0.10
0.08
0.08
0.08
0.08
0.09
0.08
0.08
0.08
0.09
0.08
0.08
0.08
0.08
0.07
0.07
0.08
0.08	75.28
0.07
0.07
0.07
0.06
0.06
0.06
0.06
0.05
0.05
0.05
0.05
0.05
0.05
0.05
0.05
0.06
0.06
0.06
0.06
0.07
0.07
0.07
0.07
0.05
0.05
0.05
0.05
0.05
0.05
0.05
0.05
CorWatt	PkgWatt
97.52	294.67
0.53	152.30
1.52
1.67
1.61
1.59
1.61
1.53
1.52
1.58
1.64
1.57
1.56
1.69
1.71
1.59
1.62
1.59
1.58
3.18
1.80
1.56
1.56
1.50
1.47
1.66
1.58
1.62
1.61
1.52
1.56
1.45
1.48
1.56	142.54
1.53
1.62
1.51
1.47
1.47
1.37
1.37
1.48
1.47
1.46
1.50
1.47
1.45
1.36
1.35
1.46
1.44
1.46
1.46
1.48
1.48
1.38
1.39
1.46
1.45
1.46
1.44
1.43
1.42
1.31
1.33
CorWatt	PkgWatt
126.70	337.03
0.31	172.79
1.98
2.21
2.17
2.13
2.17
2.02
2.05
2.11
2.07
2.06
2.08
2.10
2.09
1.96
1.97
2.14
2.10
3.18
2.09
2.06
2.07
1.93
1.93
2.10
2.07
2.08
2.07
2.04
2.06
1.90
1.94
2.03	164.86
2.01
1.98
1.96
2.00
1.99
1.82
1.80
1.99
1.98
1.96
1.98
1.99
1.98
1.81
1.81
1.97
1.94
1.97
1.97
1.99
1.99
1.81
1.82
1.97
1.95
1.95
1.94
1.91
1.90
1.72
1.68
