CorWatt	PkgWatt
4.44	153.90
0.09	77.12
0.08
0.09
0.08
0.08
0.08
0.08
0.08
0.07
0.07
0.06
0.06
0.06
0.06
0.06
0.06
0.08
0.08
0.13
0.08
0.08
0.08
0.08
0.07
0.07
0.07
0.07
0.07
0.07
0.07
0.07
0.07
0.07	76.78
0.06
0.07
0.06
0.07
0.06
0.06
0.06
0.06
0.06
0.06
0.06
0.06
0.06
0.06
0.06
0.06
0.07
0.07
0.06
0.07
0.07
0.06
0.07
0.07
0.06
0.06
0.06
0.06
0.06
0.07
0.06
CorWatt	PkgWatt
4.92	152.53
0.09	76.23
0.09
0.09
0.08
0.08
0.08
0.08
0.08
0.07
0.07
0.07
0.07
0.07
0.07
0.07
0.07
0.09
0.09
0.09
0.10
0.09
0.08
0.08
0.08
0.07
0.07
0.07
0.07
0.07
0.07
0.07
0.07
0.07	76.28
0.08
0.09
0.07
0.07
0.07
0.07
0.09
0.07
0.07
0.08
0.07
0.07
0.07
0.07
0.08
0.07
0.08
0.11
0.07
0.07
0.09
0.07
0.07
0.08
0.07
0.10
0.10
0.07
0.07
0.07
0.07
CorWatt	PkgWatt
12.05	174.59
0.14	83.40
0.11
0.11
0.10
0.09
0.09
0.09
0.09
0.08
0.07
0.07
0.07
0.07
0.07
0.07
0.07
0.09
0.09
0.10
0.10
0.10
0.09
0.09
0.09
0.08
0.08
0.08
0.08
0.08
0.08
0.08
0.08
0.41	91.30
0.28
0.16
0.26
0.57
0.33
0.25
0.28
0.20
0.32
0.21
0.30
0.35
0.29
0.29
0.24
0.27
0.37
0.25
0.27
0.23
0.27
0.29
0.21
0.25
0.14
0.39
0.41
0.24
0.35
0.20
0.35
CorWatt	PkgWatt
4.97	151.81
0.09	75.42
0.08
0.09
0.08
0.08
0.08
0.08
0.08
0.06
0.06
0.06
0.06
0.06
0.06
0.06
0.06
0.08
0.08
0.08
0.08
0.08
0.07
0.07
0.07
0.07
0.07
0.07
0.07
0.06
0.06
0.06
0.06
0.09	76.38
0.07
0.07
0.07
0.09
0.08
0.09
0.09
0.08
0.07
0.10
0.08
0.07
0.07
0.07
0.09
0.09
0.07
0.07
0.08
0.10
0.08
0.08
0.08
0.12
0.11
0.08
0.08
0.08
0.09
0.07
0.11
CorWatt	PkgWatt
4.99	154.40
0.09	76.01
0.08
0.09
0.08
0.08
0.08
0.08
0.08
0.06
0.06
0.06
0.06
0.06
0.06
0.06
0.06
0.08
0.08
0.08
0.08
0.08
0.07
0.07
0.07
0.07
0.07
0.07
0.07
0.06
0.06
0.06
0.06
0.09	78.29
0.08
0.08
0.08
0.08
0.09
0.07
0.07
0.08
0.08
0.09
0.08
0.08
0.08
0.07
0.09
0.14
0.08
0.08
0.08
0.09
0.08
0.08
0.09
0.09
0.08
0.10
0.07
0.09
0.08
0.12
0.08
CorWatt	PkgWatt
7.30	163.13
0.13	80.76
0.12
0.12
0.10
0.12
0.12
0.10
0.12
0.10
0.10
0.09
0.09
0.07
0.07
0.07
0.07
0.10
0.10
0.10
0.10
0.11
0.10
0.10
0.10
0.08
0.08
0.07
0.07
0.07
0.07
0.07
0.07
0.16	82.48
0.13
0.13
0.16
0.13
0.14
0.14
0.13
0.17
0.14
0.13
0.12
0.12
0.12
0.14
0.12
0.15
0.13
0.15
0.14
0.12
0.12
0.13
0.14
0.13
0.13
0.13
0.14
0.14
0.12
0.12
0.13
CorWatt	PkgWatt
4.96	155.52
0.08	77.24
0.08
0.09
0.08
0.08
0.08
0.08
0.08
0.06
0.06
0.06
0.06
0.06
0.06
0.06
0.06
0.08
0.08
0.08
0.08
0.08
0.07
0.07
0.07
0.07
0.07
0.07
0.07
0.06
0.06
0.06
0.06
0.09	78.23
0.08
0.08
0.07
0.08
0.09
0.08
0.09
0.08
0.08
0.07
0.14
0.07
0.07
0.08
0.09
0.09
0.08
0.08
0.08
0.10
0.08
0.08
0.08
0.09
0.08
0.08
0.12
0.08
0.08
0.07
0.09
CorWatt	PkgWatt
4.93	155.52
0.08	77.27
0.08
0.09
0.08
0.07
0.08
0.08
0.08
0.06
0.06
0.08
0.06
0.06
0.06
0.06
0.06
0.08
0.08
0.08
0.07
0.08
0.07
0.07
0.07
0.07
0.07
0.07
0.07
0.06
0.06
0.06
0.06
0.08	78.18
0.10
0.08
0.08
0.08
0.09
0.08
0.08
0.09
0.08
0.08
0.07
0.08
0.07
0.07
0.10
0.08
0.11
0.12
0.08
0.13
0.09
0.08
0.08
0.08
0.07
0.09
0.08
0.07
0.08
0.07
0.08
CorWatt	PkgWatt
5.03	155.62
0.09	77.52
0.08
0.09
0.08
0.08
0.08
0.08
0.08
0.07
0.07
0.11
0.07
0.06
0.06
0.06
0.06
0.08
0.08
0.08
0.08
0.09
0.08
0.07
0.07
0.07
0.07
0.07
0.07
0.06
0.06
0.06
0.06
0.08	78.12
0.08
0.08
0.09
0.10
0.08
0.08
0.08
0.07
0.08
0.07
0.07
0.08
0.07
0.07
0.12
0.09
0.07
0.10
0.08
0.08
0.09
0.08
0.08
0.07
0.07
0.12
0.10
0.07
0.07
0.07
0.09
CorWatt	PkgWatt
5.16	155.78
0.09	77.52
0.08
0.09
0.08
0.08
0.08
0.08
0.08
0.07
0.07
0.07
0.07
0.07
0.07
0.07
0.07
0.08
0.08
0.08
0.08
0.09
0.08
0.08
0.08
0.07
0.07
0.07
0.07
0.07
0.07
0.07
0.07
0.13	78.25
0.09
0.08
0.08
0.09
0.08
0.08
0.09
0.07
0.09
0.08
0.07
0.08
0.08
0.10
0.08
0.09
0.08
0.09
0.09
0.08
0.15
0.08
0.08
0.08
0.08
0.10
0.08
0.07
0.08
0.07
0.08
CorWatt	PkgWatt
5.07	155.54
0.09	77.33
0.08
0.09
0.08
0.08
0.08
0.08
0.08
0.06
0.07
0.07
0.06
0.06
0.06
0.06
0.06
0.08
0.08
0.08
0.09
0.08
0.07
0.07
0.07
0.07
0.07
0.07
0.07
0.06
0.06
0.06
0.07
0.10	78.22
0.08
0.08
0.08
0.08
0.08
0.07
0.08
0.08
0.08
0.12
0.10
0.08
0.08
0.10
0.08
0.08
0.08
0.10
0.08
0.08
0.10
0.08
0.08
0.08
0.08
0.09
0.08
0.08
0.09
0.08
0.12
CorWatt	PkgWatt
4.80	155.14
0.08	77.09
0.08
0.09
0.08
0.07
0.08
0.07
0.07
0.06
0.06
0.06
0.06
0.06
0.06
0.06
0.06
0.08
0.08
0.08
0.08
0.08
0.07
0.07
0.07
0.07
0.07
0.06
0.07
0.06
0.06
0.06
0.06
0.09	78.01
0.08
0.08
0.07
0.07
0.08
0.09
0.08
0.07
0.08
0.07
0.07
0.07
0.07
0.10
0.07
0.08
0.07
0.12
0.10
0.08
0.12
0.08
0.07
0.08
0.08
0.10
0.08
0.07
0.08
0.07
0.07
CorWatt	PkgWatt
6.45	157.61
0.11	78.48
0.10
0.14
0.10
0.10
0.09
0.09
0.10
0.09
0.08
0.08
0.09
0.09
0.08
0.08
0.09
0.09
0.10
0.09
0.10
0.13
0.09
0.09
0.09
0.09
0.09
0.08
0.08
0.08
0.10
0.09
0.08
0.15	79.19
0.16
0.11
0.10
0.11
0.10
0.10
0.10
0.11
0.09
0.09
0.08
0.08
0.08
0.19
0.11
0.10
0.10
0.11
0.10
0.12
0.09
0.12
0.13
0.11
0.11
0.11
0.09
0.12
0.10
0.09
0.10
