CorWatt	PkgWatt
15.90	129.73
0.56	129.75
0.51
0.51
0.51
0.54
0.56
0.57
0.55
0.47
0.46
0.51
0.44
0.54
0.58
0.55
0.56
0.51
0.49
0.49
0.49
0.43
0.44
0.40
0.41
0.40
0.39
0.40
0.39
0.60
0.55
0.55
0.55
CorWatt	PkgWatt
15.52	128.72
0.53	129.32
0.51
0.54
0.47
0.53
0.53
0.54
0.53
0.47
0.45
0.40
0.44
0.54
0.53
0.54
0.55
0.52
0.49
0.47
0.49
0.42
0.44
0.40
0.41
0.43
0.39
0.38
0.38
0.62
0.56
0.53
0.53
CorWatt	PkgWatt
69.91	166.87
0.91	188.62
2.25
2.33
2.29
2.35
2.37
2.36
2.33
2.28
2.29
2.27
2.26
2.45
2.47
2.49
2.47
2.36
2.35
2.16
2.18
2.32
2.30
2.08
2.06
2.37
2.38
2.17
3.85
2.55
2.53
2.37
2.33
