CorWatt	PkgWatt
15.23	127.10
0.58	127.09
0.48
0.47
0.45
0.54
0.53
0.52
0.51
0.45
0.53
0.44
0.44
0.52
0.57
0.54
0.52
0.48
0.48
0.45
0.56
0.39
0.41
0.40
0.39
0.37
0.38
0.36
0.37
0.53
0.50
0.53
0.51
CorWatt	PkgWatt
14.39	126.36
0.52	126.48
0.44
0.46
0.42
0.50
0.53
0.50
0.48
0.44
0.43
0.39
0.39
0.51
0.56
0.50
0.52
0.47
0.45
0.45
0.48
0.39
0.40
0.38
0.38
0.35
0.35
0.37
0.36
0.51
0.48
0.51
0.49
CorWatt	PkgWatt
61.96	175.53
1.04	175.52
2.26
2.00
2.02
2.07
2.18
2.07
2.03
1.89
1.83
1.80
1.85
2.03
1.98
2.02
2.04
1.95
1.91
1.80
1.84
1.82
1.84
1.67
1.69
1.85
3.19
1.70
1.74
2.06
2.03
1.88
1.88
CorWatt	PkgWatt
48.74	162.77
0.67	162.70
1.56
1.58
1.54
1.60
1.61
1.60
1.58
1.53
1.52
1.55
1.51
1.60
1.64
1.61
1.65
1.55
1.57
1.43
1.45
1.52
1.51
1.37
1.32
1.47
2.19
1.37
1.33
1.66
1.62
1.51
1.50
