CorWatt	PkgWatt
15.30	127.43
0.51	127.43
0.47
0.50
0.47
0.50
0.53
0.50
0.49
0.39
0.44
0.47
0.40
0.57
0.55
0.52
0.53
0.48
0.52
0.49
0.60
0.39
0.40
0.42
0.40
0.41
0.38
0.38
0.40
0.58
0.55
0.53
0.54
CorWatt	PkgWatt
14.66	127.12
0.49	127.10
0.45
0.48
0.42
0.49
0.48
0.49
0.48
0.38
0.43
0.37
0.39
0.57
0.52
0.52
0.53
0.48
0.50
0.47
0.55
0.40
0.40
0.41
0.40
0.36
0.36
0.37
0.40
0.53
0.50
0.52
0.52
CorWatt	PkgWatt
23.65	134.86
0.70	134.92
0.71
0.66
0.61
0.76
0.75
0.69
2.37
0.69
0.70
0.68
0.68
0.71
0.71
0.71
0.71
0.70
0.73
0.82
0.76
0.61
0.54
0.55
0.64
0.63
0.89
0.49
0.62
0.68
0.69
0.76
0.69
CorWatt	PkgWatt
17.80	129.47
0.75	129.44
1.16
0.81
0.68
0.53
0.52
0.53
0.64
0.44
0.46
0.47
0.48
0.58
0.58
0.54
0.60
0.56
0.54
0.50
0.63
0.47
0.51
0.49
0.47
0.40
0.41
0.44
0.40
0.57
0.55
0.57
0.53
CorWatt	PkgWatt
17.18	128.79
0.74	128.78
1.01
0.97
0.68
0.52
0.49
0.49
0.63
0.43
0.44
0.47
0.44
0.59
0.57
0.50
0.56
0.48
0.47
0.46
0.60
0.45
0.43
0.41
0.42
0.40
0.40
0.42
0.46
0.56
0.56
0.56
0.57
CorWatt	PkgWatt
17.85	129.59
0.98	129.61
0.85
0.92
0.70
0.57
0.55
0.54
0.65
0.50
0.53
0.49
0.60
0.57
0.53
0.51
0.58
0.49
0.52
0.50
0.55
0.44
0.38
0.44
0.43
0.43
0.39
0.40
0.47
0.60
0.55
0.60
0.59
CorWatt	PkgWatt
17.11	129.01
1.13	128.99
0.88
0.74
0.69
0.52
0.54
0.52
0.63
0.44
0.47
0.41
0.52
0.59
0.59
0.52
0.57
0.45
0.47
0.48
0.58
0.43
0.41
0.41
0.42
0.37
0.35
0.38
0.40
0.53
0.53
0.57
0.56
CorWatt	PkgWatt
17.16	128.93
0.96	128.93
1.07
0.73
0.67
0.55
0.50
0.50
0.61
0.46
0.48
0.45
0.45
0.57
0.58
0.63
0.57
0.49
0.49
0.51
0.56
0.40
0.38
0.44
0.42
0.40
0.37
0.36
0.40
0.57
0.51
0.52
0.55
CorWatt	PkgWatt
18.30	130.75
0.55	130.76
3.15
0.55
0.47
0.50
0.49
0.49
0.60
0.40
0.43
0.43
0.46
0.56
0.56
0.51
0.55
0.49
0.51
0.52
0.56
0.42
0.41
0.40
0.38
0.40
0.41
0.42
0.41
0.59
0.55
0.57
0.57
CorWatt	PkgWatt
18.15	130.56
0.53	130.56
3.15
0.49
0.44
0.52
0.53
0.52
0.62
0.41
0.42
0.45
0.43
0.56
0.53
0.52
0.54
0.58
0.51
0.49
0.52
0.44
0.43
0.47
0.42
0.35
0.35
0.40
0.35
0.57
0.54
0.53
0.53
CorWatt	PkgWatt
18.06	130.74
0.55	130.74
3.15
0.50
0.47
0.58
0.56
0.58
0.63
0.41
0.44
0.43
0.44
0.56
0.53
0.52
0.50
0.48
0.50
0.48
0.55
0.40
0.38
0.44
0.39
0.35
0.35
0.35
0.38
0.54
0.55
0.53
0.53
CorWatt	PkgWatt
18.21	130.64
0.55	130.64
3.15
0.51
0.45
0.62
0.54
0.53
0.54
0.39
0.44
0.43
0.44
0.54
0.56
0.51
0.51
0.49
0.51
0.54
0.60
0.45
0.41
0.47
0.45
0.37
0.35
0.40
0.38
0.56
0.51
0.51
0.50
CorWatt	PkgWatt
20.83	132.70
0.71	132.69
2.87
0.58
0.53
0.83
0.66
0.65
0.67
0.51
0.52
0.55
0.50
0.60
0.59
0.61
0.61
0.60
0.64
0.62
0.64
0.51
0.49
0.58
0.52
0.45
0.39
0.43
0.47
0.65
0.64
0.65
0.60
