CorWatt	PkgWatt
4.12	153.22
0.08	76.45
0.08
0.08
0.08
0.07
0.07
0.07
0.07
0.06
0.06
0.06
0.06
0.06
0.06
0.06
0.06
0.07
0.07
0.07
0.07
0.08
0.07
0.07
0.07
0.06
0.06
0.06
0.06
0.06
0.06
0.06
0.06
0.06	76.14
0.06
0.06
0.06
0.07
0.06
0.06
0.08
0.06
0.06
0.06
0.06
0.06
0.06
0.06
0.06
0.06
0.06
0.06
0.06
0.06
0.06
0.06
0.06
0.06
0.06
0.06
0.06
0.06
0.06
0.06
0.06
CorWatt	PkgWatt
4.35	151.99
0.08	75.97
0.08
0.08
0.08
0.07
0.07
0.08
0.07
0.06
0.06
0.06
0.06
0.06
0.06
0.06
0.06
0.08
0.09
0.08
0.08
0.09
0.07
0.07
0.07
0.07
0.07
0.07
0.07
0.06
0.06
0.06
0.06
0.06	75.84
0.06
0.06
0.08
0.06
0.06
0.06
0.07
0.07
0.06
0.06
0.09
0.07
0.06
0.06
0.06
0.07
0.06
0.06
0.07
0.08
0.06
0.06
0.07
0.06
0.07
0.06
0.06
0.06
0.06
0.06
0.12
CorWatt	PkgWatt
13.58	180.82
0.18	87.88
0.20
0.15
0.13
0.13
0.11
0.11
0.14
0.16
0.09
0.10
0.13
0.10
0.10
0.11
0.10
0.12
0.11
0.14
0.13
0.14
0.16
0.13
0.11
0.13
0.15
0.24
0.13
0.10
0.10
0.24
0.12
0.28	93.27
0.35
0.24
0.32
0.24
0.25
0.30
0.32
0.22
0.20
0.50
0.21
0.23
0.25
0.20
0.37
0.39
0.22
0.30
0.14
0.26
0.23
0.37
0.38
0.29
0.29
0.52
0.25
0.24
0.33
0.16
0.42
CorWatt	PkgWatt
5.08	154.09
0.11	78.25
0.12
0.09
0.09
0.10
0.09
0.09
0.09
0.08
0.08
0.14
0.08
0.08
0.07
0.07
0.08
0.09
0.09
0.10
0.09
0.10
0.09
0.08
0.08
0.08
0.08
0.10
0.08
0.08
0.08
0.09
0.08
0.08	75.70
0.07
0.07
0.07
0.07
0.07
0.07
0.07
0.06
0.06
0.06
0.06
0.07
0.06
0.06
0.06
0.07
0.06
0.06
0.06
0.08
0.08
0.07
0.07
0.09
0.08
0.06
0.06
0.09
0.07
0.06
0.06
CorWatt	PkgWatt
4.51	151.24
0.09	75.97
0.09
0.10
0.08
0.09
0.08
0.08
0.08
0.07
0.07
0.09
0.08
0.07
0.06
0.06
0.08
0.08
0.08
0.13
0.09
0.09
0.08
0.07
0.09
0.07
0.07
0.07
0.13
0.07
0.07
0.08
0.07
0.08	75.23
0.06
0.06
0.06
0.06
0.06
0.06
0.06
0.06
0.06
0.06
0.06
0.06
0.06
0.06
0.06
0.06
0.06
0.06
0.06
0.06
0.06
0.06
0.06
0.06
0.06
0.06
0.06
0.06
0.06
0.06
0.06
CorWatt	PkgWatt
11.55	166.09
0.14	81.27
0.15
0.13
0.13
0.10
0.16
0.14
0.12
0.13
0.11
0.10
0.09
0.12
0.11
0.11
0.12
0.09
0.13
0.10
0.10
0.11
0.10
0.12
0.11
0.13
0.13
0.13
0.15
0.08
0.08
0.09
0.09
0.15	84.98
0.14
0.16
0.15
0.14
0.14
0.14
0.14
0.13
0.13
0.13
0.14
0.13
0.14
0.13
0.13
0.14
0.14
0.14
0.15
0.15
0.15
0.15
0.15
0.16
0.15
0.15
0.15
3.37
0.16
0.15
0.16
CorWatt	PkgWatt
13.14	164.16
0.09	77.97
0.10
0.09
0.09
0.13
0.09
0.09
0.08
0.09
0.08
0.08
0.08
0.08
0.07
0.15
0.07
0.08
0.08
0.10
0.08
0.10
0.09
0.09
0.08
0.08
0.08
0.11
0.11
0.07
0.07
0.08
0.08
0.14	86.10
0.14
0.14
0.14
0.14
0.14
0.14
0.14
0.13
0.13
0.13
0.13
0.13
0.13
0.13
0.13
0.14
0.14
0.14
0.14
0.15
0.15
0.15
0.15
0.14
0.14
0.14
0.14
5.87
0.18
0.18
0.18
CorWatt	PkgWatt
13.20	164.49
0.10	78.16
0.13
0.13
0.09
0.10
0.09
0.09
0.10
0.08
0.08
0.09
0.08
0.07
0.09
0.07
0.08
0.09
0.13
0.10
0.10
0.10
0.09
0.09
0.10
0.09
0.08
0.09
0.08
0.08
0.07
0.08
0.08
0.14	86.20
0.14
0.14
0.14
0.14
0.14
0.14
0.14
0.13
0.13
0.13
0.13
0.13
0.13
0.13
0.13
0.14
0.14
0.14
0.14
0.14
0.15
0.15
0.14
0.14
0.14
0.14
0.14
5.92
0.18
0.18
0.18
CorWatt	PkgWatt
13.00	163.94
0.10	77.89
0.12
0.13
0.09
0.09
0.08
0.09
0.10
0.07
0.07
0.08
0.07
0.07
0.07
0.07
0.09
0.09
0.09
0.09
0.11
0.10
0.08
0.08
0.10
0.09
0.08
0.08
0.07
0.07
0.08
0.07
0.07
0.15	86.07
0.14
0.14
0.14
0.14
0.14
0.14
0.14
0.13
0.13
0.13
0.13
0.13
0.13
0.13
0.13
0.14
0.14
0.14
0.14
0.14
0.14
0.15
0.14
0.14
0.14
0.14
0.14
5.90
0.18
0.18
0.18
CorWatt	PkgWatt
13.14	162.47
0.10	76.40
0.11
0.09
0.09
0.09
0.09
0.09
0.10
0.07
0.07
0.09
0.07
0.08
0.08
0.07
0.09
0.09
0.13
0.12
0.09
0.10
0.10
0.08
0.08
0.08
0.08
0.09
0.08
0.08
0.11
0.08
0.09
0.14	86.13
0.14
0.14
0.14
0.14
0.14
0.14
0.14
0.13
0.13
0.13
0.13
0.13
0.13
0.13
0.13
0.14
0.14
0.14
0.14
0.14
0.14
0.15
0.14
0.14
0.14
0.14
0.14
5.90
0.18
0.18
0.18
CorWatt	PkgWatt
13.00	162.32
0.09	76.13
0.10
0.09
0.09
0.09
0.15
0.09
0.09
0.07
0.07
0.08
0.07
0.08
0.07
0.07
0.08
0.09
0.08
0.11
0.09
0.12
0.10
0.08
0.08
0.08
0.07
0.09
0.08
0.07
0.07
0.08
0.08
0.15	86.12
0.14
0.14
0.14
0.14
0.14
0.14
0.14
0.13
0.13
0.13
0.12
0.13
0.13
0.13
0.12
0.14
0.14
0.14
0.14
0.14
0.14
0.15
0.14
0.13
0.14
0.14
0.14
5.90
0.18
0.18
0.18
CorWatt	PkgWatt
13.03	162.23
0.10	76.20
0.10
0.09
0.09
0.09
0.09
0.09
0.09
0.07
0.08
0.11
0.08
0.07
0.08
0.07
0.08
0.09
0.11
0.09
0.09
0.11
0.09
0.08
0.08
0.09
0.08
0.08
0.08
0.11
0.08
0.11
0.08
0.14	86.02
0.14
0.14
0.14
0.14
0.14
0.14
0.14
0.13
0.13
0.13
0.13
0.13
0.13
0.13
0.13
0.14
0.14
0.14
0.14
0.14
0.14
0.15
0.14
0.14
0.14
0.14
0.14
5.86
0.18
0.18
0.18
CorWatt	PkgWatt
14.47	165.78
0.13	79.71
0.16
0.13
0.12
0.12
0.11
0.13
0.11
0.12
0.15
0.14
0.12
0.13
0.17
0.11
0.09
0.21
0.11
0.12
0.11
0.16
0.12
0.12
0.12
0.15
0.10
0.12
0.13
0.11
0.10
0.21
0.13
0.15	86.19
0.14
0.15
0.14
0.14
0.14
0.14
0.14
0.13
0.13
0.13
0.13
0.13
0.13
0.13
0.13
0.14
0.14
0.14
0.14
0.14
0.14
0.15
0.14
0.14
0.14
0.14
0.14
5.90
0.18
0.18
0.18
