CorWatt	PkgWatt
14.94	127.04
0.52	127.04
0.54
0.50
0.50
0.53
0.50
0.51
0.50
0.40
0.46
0.39
0.42
0.51
0.51
0.50
0.52
0.47
0.47
0.54
0.47
0.39
0.40
0.40
0.39
0.36
0.39
0.37
0.36
0.56
0.52
0.51
0.51
CorWatt	PkgWatt
14.91	126.79
0.52	127.12
0.53
0.46
0.47
0.52
0.52
0.57
0.50
0.42
0.47
0.37
0.40
0.50
0.52
0.50
0.53
0.45
0.49
0.52
0.45
0.38
0.40
0.38
0.38
0.37
0.37
0.40
0.37
0.58
0.53
0.53
0.53
CorWatt	PkgWatt
18.27	129.98
0.62	129.65
0.61
0.65
0.56
0.66
0.78
0.61
0.65
0.57
0.56
0.55
0.61
0.58
0.61
0.62
0.60
0.57
0.56
0.67
0.55
0.55
0.51
0.51
0.49
0.40
0.42
0.44
0.44
0.58
0.61
0.57
0.54
CorWatt	PkgWatt
15.56	127.41
0.50	127.35
0.44
0.56
0.46
0.50
0.65
0.52
0.52
0.41
0.50
0.47
0.54
0.52
0.56
0.50
0.53
0.50
0.55
0.57
0.52
0.41
0.40
0.40
0.40
0.37
0.38
0.37
0.37
0.55
0.52
0.54
0.54
