CorWatt	PkgWatt
15.04	127.07
0.51	127.07
0.50
0.46
0.43
0.50
0.49
0.49
0.49
0.39
0.44
0.47
0.38
0.50
0.52
0.50
0.52
0.53
0.59
0.49
0.48
0.43
0.40
0.40
0.41
0.40
0.38
0.41
0.37
0.56
0.52
0.54
0.52
CorWatt	PkgWatt
14.58	126.64
0.50	126.63
0.50
0.44
0.44
0.49
0.50
0.49
0.47
0.38
0.43
0.39
0.38
0.49
0.51
0.50
0.51
0.49
0.53
0.46
0.49
0.40
0.39
0.42
0.39
0.37
0.41
0.40
0.36
0.54
0.50
0.50
0.51
CorWatt	PkgWatt
23.92	134.87
0.78	134.92
0.72
0.62
0.60
0.68
0.62
0.56
0.75
0.55
0.57
0.52
0.65
0.71
0.69
0.72
0.74
0.76
0.69
0.67
0.74
0.67
0.63
0.69
0.67
2.58
0.84
0.72
0.62
0.84
0.76
0.79
0.77
CorWatt	PkgWatt
17.24	128.84
0.55	128.81
0.50
0.47
0.48
0.56
0.49
0.49
0.52
0.39
0.47
0.41
0.40
0.52
0.54
0.56
0.54
0.47
0.58
0.45
0.50
0.43
0.42
0.42
0.49
0.52
0.48
0.40
0.47
0.98
0.82
0.79
1.12
CorWatt	PkgWatt
17.52	128.77
0.53	128.78
0.49
0.48
0.48
0.57
0.53
0.49
0.47
0.42
0.48
0.48
0.43
0.63
0.56
0.53
0.54
0.55
0.58
0.48
0.47
0.46
0.41
0.43
0.46
0.42
0.53
0.45
0.44
0.86
1.16
0.78
0.92
CorWatt	PkgWatt
17.89	129.16
0.63	129.17
0.54
0.50
0.47
0.56
0.55
0.55
0.55
0.44
0.47
0.42
0.45
0.57
0.61
0.59
0.59
0.50
0.53
0.48
0.50
0.48
0.41
0.44
0.46
0.51
0.52
0.46
0.42
0.81
1.17
0.75
0.97
CorWatt	PkgWatt
17.08	128.57
0.62	128.55
0.50
0.50
0.47
0.57
0.51
0.56
0.54
0.38
0.44
0.43
0.41
0.54
0.59
0.54
0.58
0.48
0.52
0.45
0.47
0.43
0.42
0.41
0.41
0.50
0.36
0.41
0.39
0.77
1.13
0.76
1.01
CorWatt	PkgWatt
17.02	128.46
0.50	128.46
0.51
0.50
0.45
0.57
0.51
0.48
0.47
0.45
0.49
0.45
0.45
0.61
0.58
0.54
0.52
0.47
0.53
0.45
0.46
0.43
0.41
0.41
0.43
0.50
0.39
0.42
0.40
0.77
1.00
0.74
1.13
CorWatt	PkgWatt
18.18	130.47
0.53	130.46
0.49
0.46
0.45
0.57
0.52
0.48
0.48
0.44
0.52
0.46
0.43
0.54
0.55
0.54
0.56
0.49
0.53
0.48
0.49
0.42
0.40
0.44
0.42
0.50
0.35
0.38
0.38
0.58
0.51
0.50
3.29
CorWatt	PkgWatt
18.19	130.57
0.55	130.58
0.47
0.45
0.46
0.62
0.53
0.53
0.52
0.42
0.50
0.42
0.41
0.54
0.52
0.55
0.56
0.45
0.52
0.50
0.48
0.42
0.39
0.41
0.42
0.51
0.40
0.39
0.40
0.55
0.51
0.51
3.29
CorWatt	PkgWatt
18.87	130.89
0.56	130.90
0.48
0.48
0.48
0.58
0.55
0.53
0.54
0.40
0.47
0.45
0.46
0.58
0.58
0.54
0.57
0.49
0.54
0.49
0.49
0.46
0.43
0.44
0.45
0.52
0.46
0.45
0.48
0.57
0.52
0.52
3.29
CorWatt	PkgWatt
18.56	130.78
0.60	130.78
0.55
0.54
0.53
0.59
0.56
0.53
0.48
0.41
0.44
0.45
0.37
0.53
0.53
0.50
0.53
0.53
0.51
0.50
0.54
0.49
0.46
0.47
0.43
0.39
0.49
0.36
0.38
0.57
0.52
0.50
3.29
CorWatt	PkgWatt
20.64	132.31
0.68	132.29
0.63
0.57
0.61
0.67
0.59
0.58
0.54
0.45
0.48
0.43
0.38
0.59
0.56
0.57
0.57
0.70
0.64
0.61
0.64
0.59
0.62
0.63
0.58
0.47
0.59
0.46
0.46
0.63
0.57
0.58
2.95
