CorWatt	PkgWatt
15.20	126.90
0.52	126.89
0.50
0.49
0.43
0.54
0.51
0.49
0.48
0.50
0.47
0.41
0.41
0.51
0.51
0.56
0.52
0.51
0.48
0.49
0.47
0.41
0.41
0.41
0.41
0.39
0.38
0.39
0.39
0.56
0.57
0.55
0.51
CorWatt	PkgWatt
14.35	126.28
0.51	126.35
0.47
0.44
0.42
0.51
0.52
0.47
0.49
0.38
0.43
0.39
0.37
0.49
0.51
0.56
0.50
0.48
0.45
0.44
0.45
0.38
0.38
0.38
0.39
0.36
0.38
0.36
0.38
0.55
0.51
0.52
0.51
CorWatt	PkgWatt
62.10	174.97
0.96	174.98
1.93
1.97
1.99
2.00
2.06
2.04
2.00
1.89
1.86
1.83
1.84
1.96
1.94
1.98
1.98
2.06
1.94
3.16
1.83
1.93
1.90
1.76
1.70
1.91
1.85
1.77
1.79
2.09
2.16
1.93
2.09
CorWatt	PkgWatt
48.78	162.87
0.66	162.84
1.58
1.62
1.58
1.62
1.62
1.61
1.57
1.50
1.51
1.52
1.52
1.60
1.60
1.69
1.61
1.57
1.57
2.15
1.48
1.49
1.49
1.35
1.32
1.47
1.48
1.34
1.35
1.65
1.63
1.50
1.53
