CorWatt	PkgWatt
15.37	128.21
0.56	128.22
0.56
0.50
0.51
0.53
0.53
0.52
0.51
0.42
0.46
0.42
0.42
0.53
0.54
0.60
0.55
0.50
0.47
0.50
0.47
0.40
0.43
0.39
0.40
0.37
0.41
0.38
0.37
0.53
0.51
0.52
0.58
CorWatt	PkgWatt
14.91	127.53
0.55	127.60
0.45
0.46
0.47
0.53
0.51
0.52
0.49
0.42
0.44
0.42
0.39
0.53
0.55
0.59
0.53
0.49
0.47
0.47
0.47
0.41
0.42
0.38
0.40
0.36
0.40
0.37
0.36
0.52
0.50
0.51
0.54
CorWatt	PkgWatt
70.41	185.32
0.90	185.29
2.18
2.20
2.17
2.25
2.26
2.25
2.20
2.24
2.22
2.19
2.15
2.27
2.26
2.27
2.32
2.23
2.24
2.07
2.10
2.16
2.18
1.98
1.94
2.20
2.21
2.07
2.01
2.35
4.04
2.16
2.15
