CorWatt	PkgWatt
4.41	151.88
0.09	76.26
0.08
0.08
0.08
0.08
0.08
0.08
0.08
0.07
0.08
0.07
0.07
0.07
0.07
0.07
0.07
0.08
0.08
0.08
0.08
0.09
0.08
0.08
0.08
0.08
0.08
0.08
0.08
0.07
0.07
0.08
0.08
0.06	75.77
0.06
0.06
0.06
0.07
0.07
0.07
0.06
0.05
0.05
0.05
0.05
0.05
0.05
0.05
0.05
0.07
0.06
0.06
0.06
0.07
0.07
0.07
0.07
0.06
0.06
0.06
0.06
0.06
0.05
0.05
0.06
CorWatt	PkgWatt
4.43	151.14
0.08	75.98
0.09
0.08
0.08
0.08
0.08
0.08
0.09
0.08
0.07
0.06
0.08
0.08
0.07
0.07
0.08
0.08
0.08
0.08
0.09
0.09
0.08
0.08
0.09
0.08
0.09
0.09
0.08
0.07
0.07
0.16
0.07
0.06	75.05
0.06
0.06
0.06
0.07
0.06
0.06
0.05
0.05
0.05
0.05
0.05
0.05
0.05
0.05
0.05
0.06
0.06
0.05
0.06
0.07
0.07
0.07
0.07
0.05
0.05
0.05
0.05
0.05
0.05
0.05
0.06
