CorWatt	PkgWatt
4.51	152.40
0.09	76.36
0.09
0.08
0.08
0.08
0.08
0.08
0.08
0.07
0.07
0.07
0.07
0.07
0.07
0.07
0.07
0.08
0.08
0.08
0.08
0.09
0.08
0.08
0.08
0.07
0.07
0.07
0.07
0.07
0.07
0.07
0.06
0.06	76.12
0.06
0.06
0.06
0.07
0.07
0.07
0.06
0.06
0.06
0.06
0.06
0.06
0.06
0.06
0.06
0.06
0.06
0.06
0.06
0.07
0.07
0.07
0.07
0.07
0.06
0.06
0.06
0.06
0.06
0.15
0.07
CorWatt	PkgWatt
4.58	152.30
0.10	76.40
0.14
0.09
0.09
0.08
0.08
0.08
0.10
0.09
0.07
0.07
0.08
0.10
0.07
0.07
0.09
0.09
0.08
0.08
0.09
0.09
0.09
0.08
0.08
0.08
0.07
0.08
0.08
0.07
0.08
0.07
0.07
0.06	75.91
0.06
0.06
0.06
0.06
0.06
0.06
0.06
0.06
0.06
0.06
0.06
0.06
0.06
0.06
0.06
0.06
0.06
0.06
0.06
0.06
0.06
0.06
0.06
0.07
0.09
0.06
0.06
0.06
0.06
0.06
0.06
CorWatt	PkgWatt
7.45	161.10
0.17	80.70
0.11
0.11
0.12
0.23
0.24
0.23
0.25
0.15
0.10
0.09
0.10
0.12
0.08
0.08
0.11
0.11
0.10
0.10
0.09
0.10
0.09
0.10
0.09
0.09
0.08
0.09
0.09
0.08
0.08
0.10
0.08
0.10	80.50
0.09
0.10
0.15
0.23
0.15
0.15
0.16
0.09
0.09
0.08
0.15
0.10
0.10
0.08
0.13
0.12
0.09
0.08
0.09
0.11
0.18
0.12
0.11
0.15
0.13
0.09
0.09
0.10
0.08
0.09
0.10
CorWatt	PkgWatt
4.70	151.90
0.10	75.86
0.09
0.09
0.09
0.08
0.08
0.08
0.08
0.07
0.07
0.07
0.07
0.07
0.07
0.07
0.07
0.09
0.10
0.08
0.08
0.09
0.08
0.08
0.08
0.07
0.08
0.07
0.07
0.07
0.07
0.08
0.07
0.07	75.84
0.07
0.07
0.07
0.07
0.07
0.07
0.07
0.07
0.07
0.07
0.07
0.07
0.07
0.06
0.06
0.07
0.07
0.07
0.07
0.07
0.07
0.07
0.07
0.08
0.07
0.07
0.07
0.06
0.06
0.06
0.06
CorWatt	PkgWatt
5.11	152.25
0.10	76.36
0.10
0.10
0.10
0.09
0.09
0.09
0.09
0.08
0.08
0.08
0.08
0.07
0.07
0.07
0.07
0.10
0.10
0.13
0.09
0.10
0.09
0.09
0.09
0.08
0.08
0.08
0.08
0.08
0.08
0.09
0.08
0.08	75.76
0.07
0.07
0.07
0.07
0.07
0.07
0.08
0.07
0.08
0.07
0.08
0.07
0.07
0.07
0.07
0.07
0.07
0.07
0.07
0.07
0.07
0.07
0.07
0.08
0.07
0.07
0.07
0.07
0.07
0.07
0.08
