CorWatt	PkgWatt
14.82	126.97
0.50	126.97
0.47
0.46
0.46
0.49
0.54
0.50
0.52
0.41
0.43
0.39
0.39
0.53
0.52
0.49
0.52
0.47
0.47
0.48
0.52
0.41
0.42
0.41
0.44
0.36
0.35
0.37
0.38
0.58
0.50
0.52
0.51
CorWatt	PkgWatt
15.94	127.39
0.54	128.00
0.44
0.51
0.48
0.53
0.57
0.53
0.55
0.47
0.48
0.47
0.42
0.56
0.61
0.56
0.58
0.49
0.52
0.47
0.53
0.41
0.42
0.42
0.44
0.44
0.42
0.41
0.45
0.61
0.55
0.56
0.55
CorWatt	PkgWatt
17.55	129.86
0.55	129.29
0.49
0.49
0.58
0.60
0.64
0.49
0.56
0.52
0.47
0.38
0.56
0.62
0.63
0.68
0.67
0.49
0.54
0.57
0.50
0.44
0.46
0.45
0.54
0.46
0.53
0.46
0.44
0.67
0.62
0.70
0.69
CorWatt	PkgWatt
16.35	128.61
0.51	128.42
0.52
0.55
0.52
0.53
0.60
0.53
0.57
0.48
0.47
0.41
0.42
0.55
0.55
0.54
0.55
0.56
0.51
0.49
0.50
0.43
0.51
0.46
0.49
0.39
0.40
0.40
0.40
0.59
0.73
0.55
0.63
