CorWatt	PkgWatt
15.26	127.87
0.56	127.87
0.46
0.54
0.50
0.53
0.54
0.51
0.52
0.55
0.44
0.41
0.42
0.52
0.53
0.53
0.55
0.46
0.47
0.46
0.47
0.41
0.39
0.40
0.43
0.38
0.40
0.39
0.37
0.54
0.53
0.53
0.53
CorWatt	PkgWatt
15.01	127.54
0.55	127.75
0.47
0.51
0.51
0.53
0.56
0.51
0.49
0.49
0.44
0.43
0.41
0.52
0.53
0.51
0.54
0.45
0.47
0.46
0.47
0.40
0.39
0.40
0.42
0.37
0.38
0.38
0.36
0.53
0.51
0.52
0.51
CorWatt	PkgWatt
61.84	175.13
0.98	174.98
1.92
1.94
1.96
2.00
2.02
1.97
1.93
1.91
1.87
1.90
1.88
2.01
2.00
1.98
3.57
1.96
1.95
1.80
1.85
1.92
1.87
1.72
1.76
1.89
1.86
1.78
1.78
2.02
2.05
1.93
1.88
CorWatt	PkgWatt
51.74	166.43
0.71	166.37
1.68
1.69
1.72
1.72
1.72
1.70
1.67
1.63
1.63
1.60
1.59
1.75
1.73
1.73
2.54
1.63
1.63
1.49
1.51
1.57
1.58
1.43
1.42
1.61
1.56
1.41
1.43
1.75
1.73
1.60
1.57
