CorWatt	PkgWatt
4.58	151.53
0.08	76.10
0.08
0.09
0.08
0.08
0.08
0.08
0.08
0.07
0.07
0.07
0.07
0.07
0.07
0.07
0.07
0.08
0.08
0.08
0.08
0.10
0.08
0.08
0.09
0.08
0.08
0.08
0.08
0.07
0.07
0.07
0.07
0.07	75.57
0.06
0.06
0.06
0.07
0.07
0.07
0.06
0.06
0.06
0.06
0.06
0.06
0.06
0.06
0.06
0.07
0.07
0.06
0.15
0.07
0.07
0.07
0.07
0.06
0.06
0.06
0.06
0.06
0.06
0.06
0.06
CorWatt	PkgWatt
4.87	152.04
0.10	76.62
0.09
0.09
0.10
0.10
0.09
0.08
0.08
0.07
0.11
0.08
0.11
0.11
0.16
0.07
0.11
0.11
0.09
0.09
0.09
0.11
0.09
0.09
0.09
0.10
0.11
0.11
0.09
0.09
0.09
0.08
0.08
0.06	75.26
0.06
0.06
0.06
0.06
0.06
0.06
0.06
0.05
0.05
0.05
0.05
0.05
0.05
0.05
0.05
0.06
0.07
0.06
0.06
0.07
0.07
0.07
0.07
0.05
0.05
0.05
0.05
0.05
0.05
0.05
0.05
CorWatt	PkgWatt
105.29	304.41
0.57	158.50
1.70
3.62
1.75
1.74
1.74
1.62
1.61
1.68
1.67
1.65
1.73
1.72
1.73
1.59
1.67
1.83
1.84
1.84
1.91
1.73
1.79
1.59
1.62
1.73
1.70
1.69
1.69
1.69
1.68
1.58
1.65
1.61	146.02
1.60
1.59
1.60
1.62
1.60
1.49
1.48
1.60
1.58
1.58
1.60
1.60
1.59
1.47
1.48
1.59
1.55
1.59
1.59
1.61
1.62
1.50
1.50
1.59
1.57
1.59
1.58
1.58
1.56
1.45
1.41
