CorWatt	PkgWatt
15.17	127.18
0.54	127.19
0.46
0.47
0.45
0.62
0.53
0.52
0.48
0.42
0.44
0.40
0.40
0.51
0.51
0.51
0.55
0.46
0.53
0.46
0.46
0.39
0.43
0.40
0.38
0.38
0.37
0.42
0.39
0.62
0.58
0.56
0.53
CorWatt	PkgWatt
14.83	126.80
0.51	126.87
0.46
0.48
0.44
0.53
0.54
0.50
0.50
0.41
0.45
0.40
0.40
0.50
0.50
0.50
0.54
0.46
0.51
0.45
0.47
0.38
0.43
0.38
0.38
0.35
0.36
0.41
0.41
0.58
0.52
0.51
0.56
CorWatt	PkgWatt
18.35	129.79
0.65	129.74
0.58
0.56
0.54
0.69
0.62
0.62
0.58
0.49
0.53
0.48
0.43
0.59
0.56
0.56
0.60
0.61
0.68
0.60
0.66
0.48
0.62
0.54
0.55
0.50
0.44
0.54
0.53
0.62
0.62
0.69
0.59
CorWatt	PkgWatt
15.46	127.48
0.51	127.44
0.47
0.46
0.44
0.58
0.52
0.49
0.48
0.45
0.46
0.40
0.38
0.51
0.51
0.51
0.54
0.47
0.52
0.52
0.53
0.47
0.53
0.45
0.57
0.38
0.36
0.41
0.36
0.54
0.51
0.57
0.54
