CorWatt	PkgWatt
15.54	128.38
0.53	128.38
0.48
0.49
0.45
0.50
0.51
0.50
0.49
0.41
0.45
0.43
0.40
0.53
0.54
0.52
0.55
0.51
0.55
0.52
0.51
0.47
0.42
0.41
0.42
0.40
0.39
0.39
0.39
0.63
0.65
0.57
0.53
CorWatt	PkgWatt
15.15	127.36
0.51	128.05
0.49
0.50
0.45
0.52
0.53
0.51
0.49
0.39
0.44
0.40
0.39
0.52
0.54
0.51
0.53
0.48
0.51
0.52
0.50
0.46
0.42
0.41
0.40
0.38
0.38
0.38
0.39
0.64
0.53
0.53
0.55
CorWatt	PkgWatt
18.41	131.51
0.59	130.81
0.54
0.62
0.53
0.61
0.58
0.57
0.60
0.54
0.58
0.61
0.64
0.72
0.69
0.73
0.72
0.56
0.58
0.54
0.58
0.49
0.43
0.46
0.52
0.43
0.44
0.47
0.46
0.68
0.63
0.62
0.61
CorWatt	PkgWatt
18.32	132.60
0.56	131.01
0.55
0.56
0.55
0.60
0.61
0.59
0.59
0.49
0.55
0.54
0.50
0.64
0.66
0.63
0.64
0.57
0.58
0.57
0.62
0.50
0.50
0.53
0.51
0.48
0.49
0.49
0.49
0.65
0.63
0.65
0.67
