CorWatt	PkgWatt
15.34	127.54
0.51	127.54
0.44
0.48
0.46
0.49
0.51
0.52
0.54
0.44
0.56
0.40
0.45
0.53
0.52
0.52
0.54
0.47
0.50
0.47
0.49
0.41
0.46
0.47
0.42
0.39
0.37
0.44
0.37
0.55
0.53
0.53
0.54
CorWatt	PkgWatt
14.58	126.70
0.47	126.78
0.43
0.46
0.44
0.49
0.49
0.53
0.49
0.37
0.47
0.37
0.39
0.55
0.51
0.54
0.53
0.46
0.46
0.45
0.46
0.39
0.42
0.45
0.40
0.37
0.37
0.40
0.37
0.54
0.52
0.53
0.49
CorWatt	PkgWatt
20.69	132.07
0.66	132.03
0.71
0.62
0.67
0.64
0.65
0.74
0.72
0.63
0.66
0.62
0.63
0.71
0.67
0.73
0.77
0.74
0.63
0.60
0.62
0.61
0.63
0.62
0.57
0.50
0.58
0.51
0.51
0.71
0.66
0.69
0.68
CorWatt	PkgWatt
16.04	127.87
0.53	127.84
0.56
0.52
0.48
0.53
0.53
0.55
0.60
0.40
0.49
0.42
0.44
0.60
0.56
0.62
0.58
0.49
0.46
0.46
0.46
0.43
0.49
0.48
0.47
0.41
0.40
0.41
0.40
0.58
0.57
0.57
0.56
CorWatt	PkgWatt
15.60	127.44
0.54	127.44
0.55
0.52
0.47
0.52
0.49
0.49
0.48
0.41
0.48
0.45
0.41
0.53
0.57
0.56
0.56
0.49
0.48
0.45
0.46
0.44
0.40
0.46
0.43
0.43
0.41
0.39
0.40
0.56
0.66
0.56
0.54
CorWatt	PkgWatt
16.30	128.07
0.55	128.10
0.53
0.49
0.51
0.55
0.48
0.50
0.57
0.55
0.58
0.49
0.49
0.57
0.59
0.61
0.59
0.54
0.55
0.45
0.46
0.42
0.45
0.48
0.42
0.40
0.42
0.42
0.36
0.61
0.59
0.53
0.56
CorWatt	PkgWatt
15.37	127.12
0.49	127.10
0.51
0.51
0.47
0.52
0.49
0.50
0.50
0.42
0.50
0.45
0.43
0.54
0.60
0.60
0.55
0.52
0.46
0.45
0.45
0.43
0.43
0.48
0.44
0.41
0.35
0.37
0.35
0.56
0.53
0.52
0.52
CorWatt	PkgWatt
15.95	127.76
0.50	127.75
0.56
0.45
0.47
0.54
0.54
0.54
0.53
0.45
0.51
0.44
0.42
0.55
0.54
0.58
0.59
0.51
0.54
0.54
0.52
0.53
0.47
0.50
0.45
0.42
0.38
0.41
0.37
0.51
0.54
0.50
0.53
CorWatt	PkgWatt
15.58	127.44
0.50	127.45
0.48
0.51
0.47
0.52
0.52
0.54
0.52
0.47
0.51
0.46
0.43
0.52
0.64
0.59
0.57
0.49
0.55
0.52
0.49
0.39
0.40
0.47
0.40
0.41
0.36
0.38
0.38
0.51
0.50
0.53
0.52
CorWatt	PkgWatt
15.77	127.66
0.55	127.67
0.49
0.55
0.52
0.53
0.49
0.60
0.54
0.43
0.48
0.45
0.41
0.51
0.55
0.55
0.55
0.50
0.55
0.49
0.52
0.38
0.40
0.47
0.42
0.41
0.38
0.44
0.41
0.52
0.59
0.54
0.54
CorWatt	PkgWatt
15.41	127.22
0.49	127.22
0.43
0.53
0.47
0.49
0.51
0.51
0.50
0.44
0.50
0.40
0.42
0.54
0.51
0.54
0.52
0.48
0.49
0.50
0.48
0.38
0.38
0.47
0.43
0.47
0.44
0.41
0.39
0.57
0.60
0.56
0.56
CorWatt	PkgWatt
15.44	127.41
0.49	127.40
0.44
0.51
0.51
0.53
0.52
0.54
0.51
0.43
0.47
0.42
0.39
0.53
0.55
0.55
0.57
0.49
0.48
0.45
0.47
0.38
0.38
0.46
0.42
0.41
0.41
0.45
0.39
0.56
0.54
0.61
0.56
CorWatt	PkgWatt
19.15	130.35
0.56	130.37
0.48
0.56
0.50
0.63
0.74
0.64
0.77
0.69
0.74
0.64
0.58
0.72
0.80
0.69
0.75
0.64
0.52
0.52
0.52
0.55
0.56
0.60
0.57
0.51
0.46
0.45
0.41
0.65
0.57
0.55
0.59
