CorWatt	PkgWatt
15.36	127.67
0.51	127.67
0.45
0.47
0.48
0.50
0.54
0.55
0.49
0.42
0.44
0.39
0.41
0.52
0.53
0.53
0.64
0.48
0.50
0.52
0.55
0.43
0.45
0.41
0.43
0.38
0.38
0.38
0.37
0.55
0.55
0.57
0.54
CorWatt	PkgWatt
14.85	126.58
0.49	127.06
0.44
0.47
0.44
0.50
0.49
0.53
0.48
0.38
0.44
0.38
0.39
0.53
0.53
0.52
0.52
0.45
0.48
0.48
0.55
0.40
0.44
0.41
0.44
0.38
0.35
0.38
0.35
0.54
0.53
0.59
0.56
CorWatt	PkgWatt
71.73	185.87
0.91	185.22
2.24
2.33
2.31
2.33
2.38
2.35
2.28
2.25
2.23
2.22
2.24
2.37
4.08
2.37
2.40
2.24
2.24
2.09
2.11
2.20
2.20
2.00
1.98
2.17
2.13
1.96
1.97
2.38
2.33
2.15
2.13
