CorWatt	PkgWatt
4.48	154.32
0.09	77.32
0.08
0.08
0.08
0.08
0.08
0.08
0.08
0.07
0.07
0.07
0.07
0.07
0.07
0.06
0.06
0.08
0.08
0.08
0.08
0.09
0.08
0.08
0.08
0.08
0.08
0.08
0.08
0.07
0.07
0.07
0.07
0.07	77.11
0.07
0.07
0.07
0.07
0.07
0.07
0.07
0.06
0.06
0.06
0.06
0.06
0.06
0.06
0.06
0.07
0.07
0.06
0.07
0.07
0.07
0.07
0.07
0.06
0.07
0.07
0.07
0.07
0.06
0.06
0.06
CorWatt	PkgWatt
4.58	151.91
0.08	75.88
0.08
0.08
0.08
0.07
0.07
0.07
0.07
0.07
0.07
0.06
0.06
0.06
0.07
0.06
0.06
0.07
0.07
0.07
0.07
0.09
0.08
0.08
0.08
0.07
0.07
0.07
0.07
0.07
0.07
0.07
0.06
0.08	76.05
0.07
0.07
0.08
0.07
0.07
0.07
0.07
0.07
0.06
0.06
0.06
0.06
0.06
0.06
0.07
0.08
0.07
0.07
0.07
0.08
0.08
0.11
0.09
0.07
0.07
0.07
0.08
0.10
0.07
0.06
0.06
