CorWatt	PkgWatt
15.07	127.00
0.52	127.01
0.44
0.52
0.47
0.57
0.50
0.52
0.49
0.40
0.46
0.37
0.41
0.50
0.53
0.52
0.51
0.51
0.48
0.45
0.48
0.42
0.43
0.44
0.44
0.40
0.38
0.37
0.41
0.53
0.53
0.53
0.55
CorWatt	PkgWatt
14.55	126.62
0.49	126.60
0.44
0.47
0.42
0.54
0.49
0.48
0.48
0.39
0.48
0.40
0.43
0.52
0.51
0.50
0.52
0.47
0.45
0.44
0.45
0.39
0.39
0.38
0.40
0.38
0.36
0.37
0.40
0.53
0.53
0.52
0.51
CorWatt	PkgWatt
24.39	135.16
2.08	135.23
0.65
0.68
0.72
0.84
0.78
1.23
0.67
0.66
0.72
0.64
0.67
0.78
0.71
0.74
0.75
0.69
0.82
0.74
0.71
0.65
0.58
0.58
0.65
0.64
0.59
0.66
0.58
0.79
0.82
0.78
0.79
CorWatt	PkgWatt
17.06	128.64
0.61	128.61
0.46
0.47
0.49
1.13
0.92
0.73
0.73
0.44
0.50
0.51
0.51
0.60
0.58
0.53
0.59
0.49
0.46
0.46
0.50
0.42
0.41
0.40
0.44
0.39
0.40
0.36
0.35
0.55
0.52
0.55
0.55
CorWatt	PkgWatt
16.96	128.33
0.61	128.32
0.56
0.49
0.48
0.94
0.79
1.14
0.76
0.42
0.49
0.40
0.39
0.52
0.55
0.50
0.52
0.51
0.50
0.50
0.51
0.41
0.41
0.39
0.46
0.42
0.40
0.39
0.37
0.52
0.49
0.50
0.58
CorWatt	PkgWatt
18.18	129.25
0.68	129.29
0.61
0.56
0.60
0.78
0.99
0.95
0.73
0.44
0.51
0.51
0.43
0.62
0.59
0.56
0.59
0.65
0.56
0.49
0.54
0.48
0.47
0.40
0.49
0.42
0.43
0.47
0.40
0.56
0.53
0.53
0.59
CorWatt	PkgWatt
17.24	128.63
0.81	128.59
1.05
0.73
0.93
0.60
0.58
0.63
0.53
0.41
0.48
0.44
0.42
0.54
0.53
0.52
0.52
0.47
0.50
0.48
0.50
0.43
0.42
0.49
0.46
0.39
0.40
0.40
0.38
0.55
0.52
0.51
0.60
CorWatt	PkgWatt
16.69	128.34
0.81	128.33
1.19
0.81
0.69
0.58
0.54
0.60
0.53
0.43
0.46
0.38
0.39
0.53
0.54
0.51
0.51
0.44
0.48
0.44
0.50
0.41
0.41
0.42
0.43
0.40
0.39
0.41
0.39
0.54
0.49
0.50
0.53
CorWatt	PkgWatt
18.39	130.50
0.61	130.50
0.48
3.14
0.46
0.55
0.54
0.54
0.52
0.42
0.48
0.39
0.43
0.51
0.56
0.54
0.51
0.49
0.52
0.50
0.52
0.43
0.42
0.42
0.44
0.41
0.51
0.42
0.40
0.57
0.53
0.55
0.59
CorWatt	PkgWatt
17.99	130.25
0.58	130.24
0.45
3.17
0.43
0.56
0.49
0.51
0.51
0.40
0.43
0.43
0.40
0.53
0.51
0.49
0.50
0.56
0.50
0.48
0.49
0.44
0.42
0.46
0.48
0.38
0.40
0.41
0.35
0.57
0.55
0.55
0.56
CorWatt	PkgWatt
18.28	130.55
0.61	130.55
0.49
3.17
0.49
0.59
0.49
0.51
0.55
0.43
0.43
0.38
0.41
0.54
0.54
0.50
0.50
0.46
0.49
0.46
0.53
0.44
0.42
0.45
0.46
0.41
0.43
0.43
0.42
0.62
0.55
0.57
0.54
CorWatt	PkgWatt
17.92	130.21
0.60	130.21
0.45
3.17
0.44
0.62
0.58
0.56
0.53
0.40
0.43
0.38
0.42
0.55
0.53
0.48
0.50
0.48
0.47
0.45
0.49
0.45
0.41
0.42
0.44
0.41
0.41
0.41
0.40
0.51
0.53
0.50
0.50
CorWatt	PkgWatt
20.38	132.18
0.67	132.19
0.50
2.89
0.47
0.61
0.56
0.56
0.54
0.46
0.50
0.49
0.50
0.55
0.58
0.55
0.57
0.72
0.60
0.59
0.67
0.59
0.57
0.51
0.53
0.42
0.46
0.52
0.43
0.76
0.68
0.65
0.68
