CorWatt	PkgWatt
155.94	368.11
2.45	185.35
2.49
2.49
2.43
2.48
2.44
2.47
2.47
2.37
2.43
2.37
2.41
2.42
2.41
2.41
2.42
2.47
2.48
2.53
2.45
2.52
2.53
2.53
2.49
2.43
2.49
2.44
2.45
2.42
2.43
2.44
2.42
2.47	184.93
2.43
2.42
2.45
2.47
2.43
2.46
2.45
2.39
2.45
2.44
2.39
2.43
2.44
2.45
2.42
2.41
2.45
2.37
2.39
2.47
2.43
2.46
2.45
2.41
2.38
2.41
2.39
2.43
2.42
2.42
2.43
CorWatt	PkgWatt
157.16	380.77
2.43	184.91
2.49
2.47
2.40
2.45
2.46
2.46
2.43
2.36
2.37
2.37
2.39
2.38
2.43
2.40
2.38
2.46
2.52
2.48
2.42
2.48
2.47
2.48
2.47
2.42
2.45
2.47
2.46
2.37
2.43
2.40
2.41
2.42	184.68
2.43
2.42
2.42
2.40
2.42
2.43
2.43
2.39
2.35
2.37
2.39
2.41
2.35
2.41
2.36
2.39
2.39
2.36
2.39
2.43
2.43
2.42
2.45
2.37
2.34
2.37
2.35
2.39
2.39
2.40
2.40
CorWatt	PkgWatt
155.39	365.44
2.52	189.92
2.48
2.53
2.50
2.51
2.50
2.53
2.51
2.42
2.46
2.42
2.50
2.46
2.51
2.44
2.46
2.48
2.50
2.53
2.52
2.54
2.57
2.56
2.53
2.56
2.49
2.55
2.56
2.48
2.52
2.46
2.47
2.46	187.28
2.48
2.45
2.48
2.43
2.42
2.45
2.48
2.40
2.44
2.44
2.44
2.43
2.45
2.44
2.38
2.39
2.42
2.39
2.40
2.49
2.43
2.46
2.49
2.42
2.40
2.44
2.39
2.42
2.43
2.42
2.43
CorWatt	PkgWatt
155.36	370.69
2.46	184.22
2.48
2.46
2.42
2.45
2.41
2.45
2.46
2.36
2.40
2.34
2.40
2.40
2.40
2.43
2.40
2.43
2.44
2.47
2.43
2.49
2.51
2.51
2.45
2.43
2.46
2.44
2.47
2.40
2.42
2.42
2.40
2.41	183.94
2.42
2.43
2.44
2.41
2.41
2.41
2.42
2.39
2.41
2.40
2.39
2.38
2.39
2.38
2.37
2.40
2.40
2.38
2.38
2.44
2.43
2.45
2.44
2.37
2.36
2.39
2.39
2.38
2.40
2.38
2.40
CorWatt	PkgWatt
154.85	366.43
2.47	183.85
2.46
2.45
2.44
2.48
2.44
2.44
2.47
2.35
2.38
2.34
2.42
2.40
2.40
2.37
2.35
2.43
2.45
2.46
2.44
2.50
2.50
2.51
2.44
2.41
2.43
2.40
2.44
2.39
2.43
2.43
2.38
2.44	183.94
2.40
2.43
2.42
2.45
2.43
2.46
2.42
2.38
2.40
2.39
2.36
2.37
2.41
2.38
2.38
2.36
2.39
2.37
2.39
2.42
2.44
2.47
2.49
2.39
2.40
2.35
2.39
2.39
2.43
2.40
2.41
