CorWatt	PkgWatt
15.06	127.20
0.51	127.20
0.48
0.51
0.43
0.55
0.52
0.50
0.50
0.39
0.44
0.42
0.40
0.52
0.51
0.51
0.54
0.47
0.50
0.48
0.46
0.41
0.41
0.41
0.43
0.37
0.37
0.41
0.35
0.53
0.66
0.52
0.53
CorWatt	PkgWatt
15.06	126.45
0.51	127.05
0.48
0.55
0.45
0.54
0.53
0.51
0.51
0.40
0.46
0.41
0.46
0.51
0.51
0.50
0.53
0.48
0.47
0.48
0.47
0.41
0.41
0.45
0.40
0.38
0.39
0.41
0.39
0.53
0.55
0.52
0.52
CorWatt	PkgWatt
17.72	129.97
0.68	129.37
0.60
0.62
0.64
0.64
0.69
0.61
0.59
0.47
0.49
0.48
0.51
0.63
0.64
0.65
0.74
0.54
0.53
0.48
0.46
0.53
0.44
0.47
0.45
0.43
0.44
0.48
0.45
0.57
0.60
0.53
0.57
CorWatt	PkgWatt
15.41	127.50
0.56	127.41
0.58
0.56
0.46
0.56
0.58
0.62
0.62
0.47
0.46
0.42
0.40
0.52
0.52
0.50
0.52
0.46
0.47
0.46
0.47
0.40
0.40
0.40
0.40
0.37
0.37
0.38
0.37
0.53
0.54
0.52
0.52
