CorWatt	PkgWatt
15.58	128.32
0.55	128.33
0.50
0.50
0.50
0.56
0.56
0.52
0.52
0.42
0.45
0.41
0.46
0.54
0.56
0.59
0.54
0.47
0.49
0.50
0.47
0.45
0.42
0.39
0.40
0.50
0.38
0.43
0.37
0.55
0.52
0.53
0.54
CorWatt	PkgWatt
14.89	127.46
0.51	127.60
0.51
0.47
0.46
0.53
0.51
0.49
0.51
0.40
0.46
0.38
0.41
0.51
0.54
0.59
0.52
0.44
0.46
0.51
0.47
0.44
0.40
0.40
0.40
0.39
0.37
0.37
0.35
0.54
0.50
0.52
0.55
CorWatt	PkgWatt
70.76	185.69
2.08	185.59
2.91
2.44
2.29
2.40
2.36
2.36
2.26
2.25
2.21
2.21
2.18
2.35
2.34
2.44
2.35
2.18
2.17
2.03
2.03
2.17
2.18
1.95
1.88
2.17
2.06
1.86
1.91
2.35
2.24
2.06
2.08
