CorWatt	PkgWatt
15.32	127.16
0.57	127.17
0.50
0.53
0.50
0.53
0.54
0.51
0.58
0.39
0.47
0.43
0.41
0.56
0.57
0.54
0.55
0.45
0.48
0.48
0.47
0.44
0.39
0.39
0.39
0.39
0.38
0.38
0.40
0.52
0.52
0.53
0.51
CorWatt	PkgWatt
14.68	126.78
0.54	126.89
0.51
0.47
0.46
0.54
0.50
0.53
0.59
0.38
0.46
0.37
0.38
0.51
0.52
0.55
0.50
0.45
0.45
0.47
0.48
0.42
0.38
0.42
0.38
0.35
0.35
0.36
0.35
0.50
0.50
0.52
0.52
CorWatt	PkgWatt
21.60	133.01
0.68	132.91
0.67
0.62
0.58
0.65
0.67
0.68
0.67
0.52
0.64
0.56
0.60
0.72
0.77
0.66
0.74
0.57
0.65
0.65
0.59
2.49
0.48
0.53
0.54
0.52
0.47
0.49
0.51
0.63
0.69
0.69
0.64
CorWatt	PkgWatt
16.49	128.21
0.52	128.19
0.50
0.47
0.44
0.49
0.49
0.49
0.55
0.38
0.47
0.38
0.42
0.61
0.59
0.52
0.57
0.68
1.05
0.89
0.70
0.51
0.38
0.41
0.43
0.35
0.35
0.35
0.35
0.55
0.54
0.55
0.50
CorWatt	PkgWatt
16.66	128.20
0.55	128.19
0.52
0.53
0.47
0.49
0.49
0.53
0.56
0.38
0.51
0.39
0.40
0.59
0.56
0.50
0.56
0.68
0.71
1.24
0.72
0.49
0.38
0.38
0.41
0.41
0.37
0.36
0.36
0.55
0.53
0.54
0.52
CorWatt	PkgWatt
16.26	128.09
0.52	128.09
0.50
0.49
0.43
0.50
0.48
0.52
0.54
0.37
0.45
0.36
0.39
0.59
0.53
0.54
0.54
0.68
0.69
1.26
0.71
0.49
0.40
0.38
0.41
0.38
0.35
0.36
0.35
0.52
0.52
0.51
0.50
CorWatt	PkgWatt
16.26	127.92
0.51	127.91
0.51
0.49
0.43
0.49
0.49
0.49
0.55
0.39
0.45
0.38
0.39
0.56
0.51
0.51
0.54
0.68
0.94
1.09
0.72
0.49
0.39
0.39
0.41
0.35
0.36
0.37
0.36
0.51
0.51
0.50
0.50
CorWatt	PkgWatt
16.32	128.18
0.53	128.19
0.50
0.48
0.44
0.48
0.48
0.49
0.53
0.37
0.43
0.37
0.38
0.58
0.51
0.50
0.56
0.64
1.62
0.71
0.67
0.49
0.38
0.38
0.41
0.35
0.35
0.35
0.35
0.50
0.50
0.50
0.49
CorWatt	PkgWatt
17.61	130.14
0.54	130.15
0.50
0.49
0.46
0.49
0.50
0.52
0.55
0.37
0.44
0.36
0.38
0.55
0.52
0.52
0.55
0.45
3.26
0.46
0.50
0.50
0.39
0.41
0.43
0.35
0.37
0.37
0.36
0.50
0.52
0.50
0.50
CorWatt	PkgWatt
17.62	130.35
0.54	130.35
0.53
0.48
0.44
0.50
0.50
0.50
0.50
0.39
0.44
0.38
0.37
0.55
0.51
0.51
0.55
0.47
3.26
0.48
0.50
0.50
0.42
0.39
0.43
0.36
0.36
0.37
0.36
0.51
0.51
0.51
0.51
CorWatt	PkgWatt
17.69	130.27
0.56	130.27
0.52
0.48
0.43
0.49
0.50
0.49
0.52
0.39
0.45
0.39
0.42
0.55
0.53
0.50
0.54
0.46
3.27
0.47
0.50
0.50
0.40
0.39
0.42
0.41
0.36
0.37
0.36
0.51
0.50
0.50
0.50
CorWatt	PkgWatt
17.28	129.99
0.54	129.98
0.51
0.47
0.42
0.48
0.48
0.48
0.48
0.37
0.44
0.36
0.37
0.54
0.50
0.50
0.53
0.45
3.26
0.47
0.50
0.50
0.39
0.38
0.41
0.37
0.35
0.35
0.35
0.50
0.51
0.50
0.49
CorWatt	PkgWatt
17.56	130.35
0.55	130.37
0.51
0.49
0.43
0.49
0.51
0.50
0.51
0.37
0.44
0.38
0.37
0.57
0.52
0.50
0.55
0.46
3.26
0.47
0.49
0.51
0.43
0.40
0.46
0.35
0.35
0.36
0.35
0.50
0.50
0.50
0.50
CorWatt	PkgWatt
17.42	130.41
0.54	130.40
0.51
0.46
0.46
0.48
0.49
0.48
0.50
0.38
0.44
0.36
0.37
0.57
0.51
0.52
0.57
0.45
3.26
0.46
0.50
0.51
0.39
0.39
0.43
0.35
0.35
0.35
0.35
0.50
0.49
0.50
0.50
CorWatt	PkgWatt
17.56	130.38
0.54	130.38
0.52
0.45
0.44
0.49
0.50
0.49
0.50
0.39
0.49
0.37
0.39
0.54
0.50
0.50
0.54
0.46
3.27
0.49
0.52
0.48
0.40
0.41
0.44
0.35
0.36
0.36
0.37
0.51
0.50
0.51
0.51
CorWatt	PkgWatt
17.36	130.27
0.53	130.27
0.51
0.44
0.43
0.48
0.49
0.48
0.48
0.36
0.44
0.36
0.36
0.56
0.52
0.50
0.53
0.45
3.26
0.46
0.50
0.50
0.39
0.38
0.42
0.36
0.37
0.37
0.37
0.52
0.50
0.52
0.51
CorWatt	PkgWatt
17.50	130.33
0.54	130.33
0.52
0.45
0.43
0.50
0.51
0.48
0.51
0.37
0.45
0.36
0.37
0.55
0.50
0.50
0.54
0.46
3.26
0.48
0.52
0.49
0.39
0.38
0.42
0.42
0.36
0.36
0.35
0.51
0.51
0.51
0.50
CorWatt	PkgWatt
17.54	130.48
0.54	130.48
0.51
0.45
0.44
0.49
0.49
0.48
0.49
0.40
0.44
0.38
0.38
0.57
0.55
0.52
0.54
0.48
3.26
0.47
0.50
0.49
0.40
0.38
0.42
0.35
0.36
0.37
0.36
0.50
0.49
0.52
0.52
CorWatt	PkgWatt
17.44	130.30
0.55	130.30
0.51
0.45
0.44
0.49
0.50
0.49
0.49
0.38
0.44
0.37
0.38
0.54
0.51
0.54
0.55
0.47
3.27
0.47
0.50
0.49
0.39
0.39
0.42
0.35
0.35
0.36
0.35
0.51
0.50
0.50
0.50
CorWatt	PkgWatt
17.21	129.94
0.55	129.94
0.51
0.46
0.49
0.49
0.49
0.48
0.49
0.38
0.44
0.37
0.37
0.55
0.51
0.51
0.57
0.46
3.05
0.47
0.49
0.50
0.40
0.38
0.42
0.35
0.35
0.35
0.35
0.50
0.49
0.50
0.50
CorWatt	PkgWatt
18.33	130.02
0.76	130.04
0.55
0.56
0.52
0.71
0.98
0.94
0.71
0.41
0.49
0.41
0.42
0.57
0.58
0.56
0.61
0.52
0.57
0.52
0.58
0.51
0.47
0.45
0.49
0.46
0.49
0.46
0.43
0.57
0.57
0.56
0.90
CorWatt	PkgWatt
16.59	128.24
0.58	128.22
0.45
0.50
0.46
0.83
0.97
1.47
0.83
0.37
0.45
0.36
0.37
0.52
0.50
0.50
0.54
0.44
0.48
0.44
0.46
0.39
0.38
0.38
0.41
0.35
0.41
0.36
0.35
0.51
0.50
0.52
0.50
CorWatt	PkgWatt
16.89	128.31
0.59	128.32
0.47
0.51
0.47
0.84
0.89
1.55
0.84
0.40
0.48
0.37
0.37
0.56
0.52
0.52
0.54
0.45
0.49
0.46
0.47
0.38
0.40
0.39
0.42
0.40
0.37
0.38
0.35
0.51
0.51
0.52
0.50
CorWatt	PkgWatt
16.80	128.48
0.59	128.49
0.45
0.54
0.48
0.83
1.54
0.88
0.83
0.39
0.44
0.37
0.39
0.56
0.50
0.52
0.54
0.44
0.48
0.44
0.48
0.38
0.38
0.39
0.41
0.36
0.38
0.36
0.37
0.51
0.52
0.53
0.52
CorWatt	PkgWatt
16.72	128.38
0.59	128.38
0.45
0.53
0.48
0.83
1.03
1.37
0.83
0.37
0.48
0.36
0.36
0.55
0.50
0.50
0.53
0.45
0.48
0.44
0.46
0.40
0.38
0.40
0.43
0.35
0.37
0.38
0.35
0.51
0.51
0.52
0.50
CorWatt	PkgWatt
16.61	128.15
0.59	128.15
0.44
0.52
0.48
0.84
0.99
1.44
0.83
0.38
0.43
0.36
0.36
0.56
0.50
0.50
0.54
0.47
0.47
0.46
0.46
0.39
0.38
0.40
0.42
0.35
0.35
0.35
0.35
0.50
0.50
0.51
0.50
CorWatt	PkgWatt
18.32	129.66
0.59	129.66
0.46
0.58
0.45
1.09
1.10
2.32
1.08
0.39
0.44
0.38
0.39
0.56
0.54
0.54
0.57
0.45
0.48
0.45
0.46
0.39
0.38
0.38
0.41
0.36
0.35
0.35
0.35
0.51
0.50
0.50
0.50
CorWatt	PkgWatt
19.71	131.09
0.59	131.09
0.47
0.57
0.44
1.33
1.35
3.14
1.33
0.38
0.47
0.39
0.38
0.55
0.51
0.50
0.54
0.45
0.46
0.46
0.47
0.40
0.38
0.38
0.41
0.35
0.35
0.35
0.35
0.50
0.49
0.50
0.49
CorWatt	PkgWatt
19.67	131.02
0.60	131.02
0.47
0.58
0.44
1.34
1.35
3.13
1.33
0.38
0.43
0.36
0.38
0.56
0.50
0.50
0.54
0.44
0.46
0.45
0.46
0.38
0.39
0.38
0.41
0.37
0.35
0.35
0.35
0.50
0.49
0.50
0.50
CorWatt	PkgWatt
20.06	131.37
0.62	131.37
0.49
0.57
0.48
1.33
2.41
2.06
1.33
0.38
0.45
0.38
0.37
0.56
0.52
0.51
0.54
0.48
0.49
0.48
0.49
0.39
0.40
0.39
0.43
0.38
0.36
0.37
0.38
0.51
0.50
0.50
0.51
CorWatt	PkgWatt
20.14	131.44
0.56	131.44
0.53
0.58
0.47
1.33
1.35
3.14
1.33
0.38
0.44
0.41
0.40
0.59
0.55
0.52
0.56
0.46
0.49
0.47
0.48
0.39
0.39
0.38
0.41
0.38
0.36
0.36
0.39
0.51
0.50
0.50
0.50
CorWatt	PkgWatt
19.69	130.93
0.53	130.92
0.55
0.54
0.50
1.34
3.13
1.34
1.33
0.37
0.43
0.36
0.37
0.55
0.50
0.50
0.53
0.44
0.45
0.47
0.48
0.39
0.38
0.38
0.41
0.35
0.35
0.36
0.36
0.50
0.49
0.50
0.49
CorWatt	PkgWatt
19.65	130.92
0.53	130.92
0.55
0.54
0.48
1.34
3.13
1.34
1.33
0.39
0.44
0.37
0.37
0.56
0.50
0.50
0.53
0.44
0.46
0.46
0.46
0.38
0.38
0.38
0.42
0.35
0.35
0.35
0.35
0.50
0.49
0.50
0.50
CorWatt	PkgWatt
19.64	130.89
0.52	130.89
0.56
0.51
0.48
1.34
3.13
1.34
1.34
0.38
0.44
0.38
0.38
0.55
0.50
0.50
0.53
0.44
0.45
0.45
0.47
0.39
0.38
0.39
0.42
0.35
0.35
0.35
0.35
0.50
0.49
0.50
0.51
CorWatt	PkgWatt
20.11	131.54
0.54	131.54
0.56
0.57
0.51
1.34
3.13
1.35
1.34
0.38
0.48
0.38
0.38
0.55
0.51
0.50
0.54
0.45
0.47
0.45
0.46
0.39
0.38
0.38
0.41
0.41
0.37
0.36
0.37
0.55
0.53
0.53
0.52
CorWatt	PkgWatt
19.76	131.15
0.52	131.15
0.57
0.55
0.49
1.33
3.15
1.34
1.33
0.37
0.44
0.36
0.36
0.55
0.52
0.50
0.54
0.44
0.45
0.45
0.47
0.42
0.40
0.38
0.41
0.35
0.35
0.37
0.35
0.50
0.49
0.50
0.50
CorWatt	PkgWatt
19.68	130.88
0.53	130.88
0.55
0.53
0.49
1.34
1.92
1.34
2.55
0.36
0.44
0.36
0.36
0.55
0.50
0.50
0.54
0.45
0.49
0.46
0.49
0.38
0.38
0.38
0.41
0.35
0.35
0.35
0.35
0.50
0.49
0.50
0.50
CorWatt	PkgWatt
19.66	131.05
0.61	131.06
0.65
0.61
0.57
0.96
1.86
0.99
0.97
0.48
0.50
0.43
0.43
0.62
0.57
0.58
0.62
0.51
0.51
0.52
1.00
0.46
0.48
0.46
0.49
0.40
0.40
0.43
0.39
0.55
0.54
0.55
0.55
CorWatt	PkgWatt
16.45	128.31
0.52	128.30
0.46
0.53
0.51
0.50
0.57
0.53
0.54
0.40
0.45
0.38
0.39
0.51
0.51
0.52
0.53
0.49
0.48
0.46
0.61
0.86
0.61
0.62
0.91
0.36
0.37
0.38
0.38
0.51
0.54
0.51
0.51
CorWatt	PkgWatt
16.18	128.05
0.51	128.05
0.46
0.52
0.47
0.49
0.55
0.49
0.48
0.38
0.44
0.38
0.38
0.53
0.52
0.51
0.51
0.49
0.47
0.47
0.61
0.91
0.64
0.63
0.83
0.38
0.36
0.36
0.36
0.51
0.51
0.52
0.50
CorWatt	PkgWatt
16.11	127.83
0.52	127.83
0.47
0.55
0.46
0.48
0.56
0.50
0.50
0.41
0.45
0.39
0.39
0.50
0.51
0.50
0.52
0.49
0.49
0.44
0.58
0.91
0.62
0.62
0.82
0.38
0.35
0.35
0.35
0.51
0.50
0.50
0.50
CorWatt	PkgWatt
15.84	127.88
0.50	127.87
0.45
0.56
0.43
0.48
0.54
0.48
0.47
0.37
0.43
0.37
0.37
0.50
0.50
0.50
0.51
0.49
0.49
0.45
0.57
0.68
0.62
0.62
1.04
0.35
0.35
0.35
0.35
0.50
0.49
0.50
0.51
CorWatt	PkgWatt
16.48	128.56
0.52	128.57
0.47
0.58
0.44
0.50
0.51
0.51
0.52
0.39
0.43
0.40
0.37
0.51
0.51
0.50
0.53
0.50
0.50
0.47
0.56
0.66
0.62
0.60
1.42
0.35
0.35
0.36
0.36
0.52
0.50
0.50
0.50
CorWatt	PkgWatt
18.58	133.43
0.56	133.43
0.43
0.55
0.48
0.49
0.49
0.48
0.50
0.39
0.43
0.38
0.37
0.51
0.50
0.51
0.51
0.49
0.51
0.46
0.56
0.45
0.39
0.39
4.30
0.36
0.35
0.35
0.35
0.50
0.50
0.53
0.52
CorWatt	PkgWatt
18.49	133.38
0.53	133.37
0.43
0.52
0.45
0.49
0.49
0.49
0.49
0.37
0.48
0.37
0.37
0.49
0.50
0.50
0.50
0.51
0.50
0.47
0.58
0.42
0.40
0.41
4.30
0.35
0.35
0.35
0.35
0.51
0.49
0.51
0.50
CorWatt	PkgWatt
18.46	133.43
0.54	133.43
0.43
0.52
0.44
0.48
0.49
0.48
0.47
0.37
0.43
0.37
0.37
0.49
0.50
0.50
0.50
0.50
0.49
0.46
0.57
0.43
0.39
0.39
4.31
0.36
0.36
0.37
0.36
0.52
0.50
0.53
0.51
CorWatt	PkgWatt
18.72	133.55
0.53	133.55
0.43
0.53
0.45
0.50
0.51
0.49
0.51
0.37
0.43
0.38
0.38
0.50
0.51
0.50
0.55
0.51
0.53
0.48
0.58
0.42
0.40
0.40
4.31
0.40
0.37
0.36
0.36
0.51
0.50
0.51
0.50
CorWatt	PkgWatt
18.57	133.40
0.54	133.41
0.43
0.51
0.50
0.48
0.49
0.48
0.47
0.39
0.42
0.37
0.38
0.50
0.50
0.51
0.50
0.51
0.50
0.47
0.57
0.43
0.41
0.39
4.30
0.35
0.36
0.38
0.36
0.51
0.50
0.53
0.52
CorWatt	PkgWatt
18.41	133.41
0.53	133.40
0.43
0.52
0.50
0.49
0.49
0.49
0.49
0.37
0.44
0.37
0.38
0.49
0.50
0.50
0.50
0.50
0.51
0.46
0.57
0.42
0.39
0.39
4.30
0.35
0.35
0.35
0.35
0.51
0.51
0.50
0.50
CorWatt	PkgWatt
18.46	133.41
0.55	133.41
0.44
0.52
0.51
0.49
0.49
0.48
0.48
0.38
0.43
0.37
0.37
0.50
0.51
0.50
0.50
0.49
0.50
0.47
0.57
0.42
0.39
0.39
4.31
0.35
0.35
0.35
0.35
0.51
0.50
0.51
0.50
CorWatt	PkgWatt
18.78	133.62
0.52	133.62
0.46
0.53
0.51
0.49
0.50
0.50
0.50
0.39
0.43
0.38
0.37
0.50
0.50
0.52
0.52
0.51
0.52
0.49
0.59
0.43
0.42
0.40
4.30
0.37
0.37
0.36
0.36
0.52
0.51
0.51
0.51
CorWatt	PkgWatt
18.41	133.42
0.53	133.42
0.43
0.48
0.54
0.49
0.49
0.49
0.48
0.37
0.43
0.37
0.37
0.50
0.50
0.50
0.50
0.51
0.50
0.46
0.56
0.43
0.39
0.39
4.31
0.35
0.35
0.35
0.35
0.51
0.50
0.50
0.50
CorWatt	PkgWatt
18.62	133.72
0.52	133.72
0.44
0.49
0.53
0.49
0.49
0.50
0.50
0.37
0.43
0.37
0.37
0.50
0.50
0.51
0.56
0.50
0.51
0.47
0.57
0.42
0.39
0.39
4.31
0.39
0.36
0.37
0.35
0.51
0.50
0.52
0.50
CorWatt	PkgWatt
18.77	133.67
0.53	133.67
0.47
0.46
0.54
0.49
0.49
0.49
0.49
0.39
0.43
0.38
0.39
0.52
0.50
0.52
0.52
0.49
0.53
0.47
0.59
0.42
0.39
0.39
4.31
0.36
0.38
0.36
0.37
0.52
0.53
0.53
0.52
CorWatt	PkgWatt
18.76	133.64
0.52	133.65
0.46
0.46
0.55
0.49
0.49
0.49
0.50
0.38
0.48
0.38
0.38
0.50
0.50
0.50
0.52
0.50
0.52
0.46
0.57
0.43
0.40
0.41
4.31
0.36
0.38
0.37
0.37
0.52
0.53
0.53
0.50
CorWatt	PkgWatt
18.07	130.15
0.60	130.16
0.57
0.53
0.80
0.63
0.92
0.64
0.64
0.44
0.49
0.44
0.45
0.58
0.90
0.60
0.58
0.55
0.56
0.55
0.59
0.49
0.46
0.44
0.70
0.42
0.41
0.42
0.41
0.56
0.58
0.57
0.56
CorWatt	PkgWatt
16.19	128.28
0.55	128.27
0.50
0.46
0.60
0.72
1.25
0.73
0.72
0.38
0.45
0.39
0.39
0.52
0.54
0.54
0.55
0.46
0.50
0.45
0.47
0.38
0.38
0.38
0.45
0.35
0.35
0.36
0.35
0.53
0.51
0.50
0.50
CorWatt	PkgWatt
16.13	128.07
0.54	128.06
0.47
0.46
0.59
0.72
0.86
1.18
0.71
0.37
0.47
0.40
0.39
0.51
0.51
0.50
0.53
0.50
0.49
0.47
0.47
0.39
0.38
0.38
0.42
0.35
0.35
0.35
0.35
0.51
0.52
0.50
0.51
CorWatt	PkgWatt
16.30	128.12
0.55	128.11
0.49
0.47
0.59
0.72
0.85
1.19
0.73
0.40
0.44
0.38
0.39
0.53
0.53
0.51
0.51
0.50
0.51
0.45
0.47
0.38
0.38
0.38
0.42
0.39
0.36
0.36
0.36
0.52
0.51
0.52
0.50
CorWatt	PkgWatt
16.11	128.16
0.56	128.16
0.49
0.45
0.61
0.72
1.22
0.74
0.71
0.39
0.43
0.38
0.38
0.52
0.52
0.50
0.50
0.52
0.49
0.48
0.48
0.39
0.38
0.38
0.40
0.36
0.36
0.37
0.36
0.51
0.51
0.51
0.51
CorWatt	PkgWatt
16.87	128.66
0.55	128.66
0.46
0.45
0.61
0.70
0.91
1.52
0.70
0.43
0.44
0.41
0.43
0.54
0.55
0.53
0.52
0.51
0.51
0.48
0.47
0.39
0.41
0.41
0.42
0.38
0.36
0.36
0.37
0.52
0.51
0.51
0.52
CorWatt	PkgWatt
17.64	129.92
0.56	129.92
0.48
0.44
0.60
0.60
0.67
3.19
0.60
0.38
0.43
0.37
0.38
0.50
0.51
0.50
0.50
0.50
0.50
0.47
0.48
0.39
0.38
0.38
0.41
0.35
0.35
0.35
0.35
0.51
0.50
0.50
0.50
CorWatt	PkgWatt
18.17	130.14
0.59	130.15
0.48
0.49
0.60
0.62
0.68
3.17
0.62
0.38
0.44
0.39
0.39
0.54
0.54
0.50
0.55
0.51
0.52
0.49
0.47
0.40
0.41
0.42
0.43
0.37
0.38
0.38
0.38
0.51
0.51
0.51
0.50
CorWatt	PkgWatt
17.63	129.93
0.61	129.92
0.46
0.45
0.52
0.61
0.68
3.17
0.61
0.39
0.44
0.38
0.38
0.51
0.51
0.50
0.54
0.49
0.49
0.46
0.46
0.39
0.38
0.38
0.41
0.35
0.35
0.36
0.35
0.51
0.50
0.51
0.50
CorWatt	PkgWatt
17.92	130.16
0.60	130.17
0.46
0.48
0.56
0.62
0.68
3.17
0.61
0.38
0.50
0.40
0.38
0.50
0.50
0.50
0.52
0.49
0.49
0.45
0.46
0.38
0.38
0.38
0.41
0.39
0.36
0.37
0.35
0.56
0.54
0.55
0.50
CorWatt	PkgWatt
17.61	129.81
0.59	129.81
0.48
0.47
0.54
0.61
2.12
1.74
0.60
0.38
0.43
0.38
0.37
0.50
0.50
0.50
0.53
0.49
0.48
0.45
0.46
0.41
0.40
0.38
0.41
0.35
0.35
0.35
0.35
0.51
0.50
0.51
0.50
CorWatt	PkgWatt
17.73	130.09
0.60	130.09
0.46
0.47
0.53
0.62
0.68
3.17
0.61
0.38
0.44
0.38
0.37
0.50
0.50
0.50
0.52
0.50
0.51
0.47
0.49
0.39
0.40
0.39
0.41
0.35
0.35
0.36
0.35
0.51
0.51
0.51
0.50
CorWatt	PkgWatt
17.63	129.93
0.59	129.93
0.49
0.48
0.54
0.62
0.68
3.16
0.61
0.37
0.42
0.37
0.37
0.51
0.50
0.51
0.53
0.51
0.49
0.47
0.47
0.39
0.38
0.38
0.41
0.35
0.35
0.35
0.35
0.51
0.50
0.51
0.50
CorWatt	PkgWatt
17.81	129.95
0.61	129.95
0.45
0.46
0.55
0.61
1.73
2.16
0.63
0.38
0.43
0.37
0.38
0.52
0.50
0.52
0.54
0.49
0.49
0.45
0.46
0.38
0.38
0.40
0.41
0.35
0.37
0.37
0.36
0.51
0.51
0.53
0.50
CorWatt	PkgWatt
17.49	129.77
0.58	129.76
0.46
0.45
0.53
0.61
0.67
3.18
0.61
0.37
0.42
0.37
0.37
0.50
0.51
0.50
0.52
0.50
0.49
0.47
0.46
0.39
0.38
0.38
0.41
0.35
0.35
0.35
0.35
0.51
0.50
0.50
0.49
CorWatt	PkgWatt
17.90	130.10
0.61	130.10
0.48
0.45
0.53
0.62
1.67
2.23
0.63
0.41
0.45
0.40
0.40
0.50
0.50
0.51
0.53
0.50
0.49
0.45
0.47
0.38
0.40
0.39
0.41
0.37
0.35
0.37
0.36
0.51
0.53
0.51
0.51
CorWatt	PkgWatt
17.49	129.73
0.59	129.72
0.45
0.44
0.52
0.61
3.17
0.65
0.61
0.37
0.42
0.38
0.37
0.50
0.50
0.50
0.51
0.51
0.49
0.46
0.46
0.39
0.38
0.38
0.41
0.35
0.35
0.35
0.35
0.51
0.50
0.50
0.50
CorWatt	PkgWatt
17.23	129.21
0.63	129.23
0.50
0.47
0.53
0.57
1.87
0.99
0.60
0.39
0.42
0.66
0.38
0.56
0.54
0.53
0.57
0.53
0.50
0.45
0.46
0.39
0.42
0.40
0.45
0.35
0.35
0.35
0.35
0.51
0.50
0.53
0.50
CorWatt	PkgWatt
17.61	129.31
0.58	129.31
0.48
0.49
0.54
0.54
0.60
0.55
0.55
0.69
0.48
0.46
0.43
0.91
0.75
0.74
1.14
0.49
0.52
0.51
0.51
0.46
0.43
0.43
0.47
0.40
0.40
0.41
0.40
0.56
0.56
0.56
0.55
CorWatt	PkgWatt
16.47	128.15
0.50	128.14
0.49
0.46
0.49
0.49
0.55
0.52
0.49
0.48
0.48
0.38
0.39
1.28
0.79
0.77
0.86
0.45
0.49
0.47
0.49
0.38
0.38
0.40
0.44
0.37
0.36
0.37
0.36
0.53
0.52
0.52
0.52
CorWatt	PkgWatt
16.07	128.01
0.51	128.00
0.47
0.44
0.49
0.48
0.54
0.48
0.47
0.49
0.44
0.37
0.37
1.33
0.79
0.77
0.79
0.44
0.46
0.46
0.47
0.39
0.38
0.38
0.41
0.35
0.35
0.36
0.35
0.51
0.51
0.51
0.50
CorWatt	PkgWatt
16.20	127.93
0.49	127.94
0.46
0.45
0.50
0.50
0.50
0.50
0.50
0.49
0.43
0.37
0.39
1.35
0.79
0.77
0.78
0.44
0.48
0.46
0.48
0.38
0.38
0.38
0.40
0.44
0.36
0.36
0.35
0.51
0.50
0.51
0.50
CorWatt	PkgWatt
16.16	128.01
0.51	128.01
0.48
0.44
0.49
0.48
0.48
0.48
0.47
0.50
0.43
0.39
0.38
1.34
0.78
0.77
0.78
0.46
0.46
0.46
0.46
0.39
0.40
0.39
0.43
0.35
0.36
0.38
0.35
0.51
0.51
0.52
0.52
CorWatt	PkgWatt
17.43	129.78
0.55	129.78
0.50
0.45
0.50
0.49
0.49
0.50
0.49
0.48
0.43
0.38
0.39
3.08
0.60
0.58
0.62
0.44
0.47
0.44
0.46
0.38
0.38
0.39
0.43
0.36
0.36
0.37
0.36
0.51
0.51
0.51
0.50
CorWatt	PkgWatt
17.38	129.96
0.54	129.96
0.46
0.45
0.49
0.48
0.48
0.48
0.47
0.47
0.43
0.38
0.38
3.41
0.56
0.55
0.57
0.44
0.46
0.46
0.46
0.39
0.38
0.38
0.40
0.35
0.35
0.36
0.35
0.51
0.50
0.51
0.50
CorWatt	PkgWatt
17.73	130.14
0.55	130.14
1.06
0.46
0.49
0.49
0.50
0.51
0.48
0.50
0.43
0.39
0.39
2.79
0.56
0.55
0.57
0.45
0.48
0.47
0.50
0.39
0.40
0.39
0.42
0.37
0.37
0.36
0.36
0.53
0.52
0.51
0.51
CorWatt	PkgWatt
17.25	129.99
0.53	129.98
0.46
0.45
0.48
0.48
0.48
0.48
0.47
3.26
0.43
0.38
0.38
0.53
0.55
0.54
0.56
0.44
0.45
0.45
0.46
0.39
0.38
0.38
0.40
0.35
0.35
0.36
0.35
0.51
0.50
0.51
0.50
CorWatt	PkgWatt
17.57	130.13
0.54	130.13
0.45
0.45
0.50
0.49
0.49
0.49
0.48
3.26
0.45
0.40
0.39
0.54
0.56
0.54
0.57
0.44
0.47
0.46
0.47
0.38
0.39
0.39
0.41
0.41
0.37
0.37
0.36
0.53
0.50
0.52
0.50
CorWatt	PkgWatt
17.56	130.18
0.56	130.18
0.46
0.46
0.51
0.49
0.48
0.48
0.47
3.26
0.43
0.39
0.40
0.51
0.55
0.55
0.56
0.44
0.48
0.45
0.49
0.39
0.38
0.38
0.41
0.37
0.38
0.36
0.37
0.51
0.52
0.53
0.53
CorWatt	PkgWatt
17.45	129.84
0.55	129.84
0.44
0.44
0.49
0.49
0.49
0.49
0.48
3.26
0.48
0.39
0.39
0.52
0.55
0.53
0.57
0.44
0.46
0.44
0.46
0.39
0.38
0.39
0.41
0.36
0.37
0.38
0.35
0.52
0.52
0.52
0.50
CorWatt	PkgWatt
17.29	130.08
0.54	130.07
0.44
0.44
0.49
0.49
0.50
0.48
0.47
3.26
0.43
0.39
0.38
0.50
0.55
0.53
0.55
0.46
0.47
0.47
0.47
0.39
0.38
0.38
0.40
0.35
0.35
0.35
0.35
0.51
0.51
0.51
0.50
CorWatt	PkgWatt
17.59	130.02
0.54	130.03
0.44
0.47
0.52
0.49
0.50
0.50
0.48
3.26
0.46
0.42
0.42
0.53
0.59
0.57
0.60
0.44
0.46
0.45
0.47
0.38
0.38
0.38
0.41
0.36
0.35
0.36
0.35
0.52
0.50
0.50
0.50
CorWatt	PkgWatt
17.34	129.80
0.54	129.80
0.47
0.46
0.49
0.48
0.48
0.48
0.47
3.26
0.47
0.41
0.41
0.51
0.56
0.53
0.57
0.44
0.45
0.46
0.46
0.39
0.38
0.38
0.41
0.35
0.35
0.36
0.35
0.51
0.49
0.50
0.50
CorWatt	PkgWatt
17.31	129.84
0.54	129.84
0.46
0.46
0.49
0.48
0.48
0.49
0.49
3.26
0.44
0.39
0.39
0.51
0.55
0.53
0.55
0.44
0.47
0.44
0.46
0.38
0.38
0.38
0.41
0.41
0.35
0.35
0.35
0.51
0.49
0.50
0.50
CorWatt	PkgWatt
17.35	130.02
0.55	130.02
0.47
0.44
0.51
0.48
0.48
0.49
0.47
3.26
0.44
0.39
0.38
0.52
0.56
0.53
0.60
0.44
0.46
0.46
0.46
0.38
0.38
0.38
0.40
0.35
0.35
0.36
0.35
0.52
0.50
0.50
0.50
CorWatt	PkgWatt
18.47	130.16
0.59	130.16
0.69
0.49
0.84
0.66
0.65
0.89
0.67
1.08
0.50
0.46
0.45
0.61
0.63
0.62
0.65
0.53
0.54
0.52
0.53
0.46
0.45
0.44
0.50
0.43
0.42
0.44
0.43
0.59
0.55
0.56
0.56
CorWatt	PkgWatt
16.80	128.50
0.54	128.50
0.56
0.44
0.46
0.88
0.84
1.52
0.90
0.41
0.44
0.38
0.39
0.51
0.50
0.56
0.55
0.44
0.46
0.47
0.49
0.40
0.39
0.38
0.41
0.35
0.35
0.36
0.35
0.51
0.51
0.52
0.52
CorWatt	PkgWatt
16.61	128.34
0.52	128.34
0.55
0.44
0.43
0.88
0.84
1.54
0.83
0.40
0.46
0.39
0.39
0.51
0.50
0.53
0.59
0.44
0.46
0.45
0.46
0.39
0.39
0.38
0.43
0.35
0.35
0.36
0.35
0.51
0.50
0.50
0.50
CorWatt	PkgWatt
16.60	128.45
0.53	128.45
0.55
0.45
0.43
0.88
0.83
0.87
1.54
0.40
0.44
0.37
0.37
0.51
0.50
0.55
0.57
0.44
0.46
0.45
0.46
0.39
0.38
0.39
0.41
0.35
0.35
0.36
0.35
0.51
0.50
0.52
0.50
CorWatt	PkgWatt
17.02	128.64
0.53	128.64
0.57
0.49
0.46
0.89
0.84
0.93
1.50
0.40
0.47
0.40
0.38
0.51
0.51
0.53
0.57
0.44
0.47
0.45
0.47
0.39
0.39
0.38
0.41
0.40
0.38
0.37
0.36
0.56
0.54
0.53
0.50
CorWatt	PkgWatt
16.63	128.33
0.50	128.32
0.58
0.47
0.43
0.88
0.84
0.86
1.53
0.40
0.47
0.39
0.37
0.50
0.50
0.53
0.59
0.44
0.46
0.46
0.46
0.40
0.39
0.38
0.40
0.35
0.35
0.35
0.36
0.52
0.50
0.51
0.50
CorWatt	PkgWatt
17.07	128.74
0.50	128.74
0.57
0.46
0.43
0.95
0.92
1.80
0.93
0.40
0.43
0.37
0.36
0.51
0.50
0.54
0.58
0.45
0.48
0.46
0.49
0.38
0.38
0.38
0.41
0.35
0.35
0.35
0.35
0.51
0.50
0.50
0.50
CorWatt	PkgWatt
19.71	131.15
0.54	131.15
0.59
0.47
0.44
1.34
1.34
2.11
2.37
0.40
0.44
0.37
0.36
0.51
0.50
0.54
0.57
0.44
0.46
0.48
0.47
0.39
0.39
0.38
0.41
0.35
0.35
0.35
0.35
0.50
0.50
0.51
0.51
CorWatt	PkgWatt
19.92	131.18
0.53	131.18
0.57
0.47
0.47
1.34
1.35
3.14
1.34
0.41
0.44
0.38
0.39
0.51
0.52
0.54
0.58
0.45
0.48
0.45
0.47
0.39
0.39
0.41
0.41
0.36
0.38
0.38
0.37
0.51
0.52
0.52
0.50
CorWatt	PkgWatt
19.58	131.07
0.51	131.07
0.58
0.45
0.44
1.34
1.35
3.14
1.34
0.38
0.43
0.37
0.37
0.50
0.51
0.53
0.57
0.44
0.46
0.47
0.46
0.39
0.38
0.38
0.41
0.35
0.35
0.36
0.35
0.50
0.49
0.50
0.49
CorWatt	PkgWatt
19.69	131.13
0.54	131.13
0.57
0.45
0.43
1.34
1.35
3.15
1.33
0.41
0.44
0.39
0.39
0.49
0.50
0.53
0.58
0.44
0.46
0.44
0.47
0.38
0.38
0.38
0.41
0.39
0.35
0.35
0.35
0.50
0.50
0.50
0.50
CorWatt	PkgWatt
19.67	131.27
0.51	131.27
0.56
0.45
0.43
1.97
1.35
1.93
1.93
0.40
0.43
0.38
0.37
0.50
0.50
0.53
0.59
0.44
0.45
0.45
0.46
0.39
0.41
0.40
0.42
0.35
0.35
0.35
0.35
0.51
0.49
0.51
0.50
CorWatt	PkgWatt
19.84	131.37
0.53	131.37
0.58
0.45
0.43
1.34
1.34
1.34
3.13
0.40
0.43
0.39
0.37
0.52
0.50
0.53
0.60
0.45
0.46
0.46
0.48
0.42
0.42
0.39
0.44
0.35
0.35
0.36
0.35
0.51
0.50
0.50
0.50
CorWatt	PkgWatt
19.80	131.22
0.53	131.22
0.55
0.47
0.47
1.34
1.34
1.34
3.13
0.41
0.44
0.38
0.39
0.52
0.51
0.55
0.56
0.44
0.48
0.46
0.46
0.41
0.38
0.38
0.42
0.35
0.35
0.40
0.35
0.50
0.49
0.51
0.49
CorWatt	PkgWatt
19.82	131.36
0.55	131.35
0.55
0.45
0.43
1.34
1.35
1.34
3.13
0.40
0.47
0.38
0.37
0.50
0.51
0.53
0.56
0.46
0.46
0.47
0.48
0.38
0.38
0.40
0.43
0.37
0.36
0.37
0.36
0.52
0.50
0.51
0.52
CorWatt	PkgWatt
19.63	131.12
0.52	131.12
0.57
0.45
0.43
1.34
1.34
1.33
3.13
0.39
0.43
0.38
0.36
0.51
0.52
0.55
0.57
0.45
0.46
0.45
0.46
0.39
0.38
0.38
0.41
0.35
0.35
0.36
0.35
0.50
0.51
0.50
0.50
CorWatt	PkgWatt
19.84	131.12
0.54	131.12
0.55
0.46
0.45
1.34
1.34
1.34
3.14
0.40
0.44
0.38
0.38
0.50
0.51
0.54
0.57
0.46
0.48
0.47
0.49
0.39
0.39
0.39
0.42
0.40
0.37
0.36
0.36
0.52
0.50
0.51
0.50
CorWatt	PkgWatt
18.54	130.06
0.53	130.05
0.55
0.45
0.43
2.53
1.13
1.14
1.15
0.41
0.43
0.37
0.38
0.50
0.51
0.55
0.56
0.46
0.46
0.47
0.46
0.39
0.40
0.38
0.41
0.35
0.36
0.37
0.35
0.50
0.49
0.53
0.52
CorWatt	PkgWatt
20.24	134.64
0.63	134.66
0.58
0.55
0.53
0.55
0.53
0.59
0.62
0.47
0.49
0.44
0.45
0.58
0.57
0.57
0.61
0.49
0.52
0.49
0.51
0.46
0.50
0.48
0.48
0.42
3.42
0.45
0.43
0.57
0.56
0.56
1.13
CorWatt	PkgWatt
19.88	136.99
0.55	136.98
0.44
0.44
0.42
0.48
0.48
0.48
0.58
0.39
0.42
0.37
0.37
0.49
0.51
0.50
0.52
0.44
0.45
0.46
0.46
0.39
0.43
0.41
0.41
0.35
5.75
0.39
0.35
0.51
0.50
0.51
0.61
CorWatt	PkgWatt
20.12	137.18
0.54	137.19
0.45
0.47
0.43
0.49
0.50
0.52
0.58
0.41
0.43
0.37
0.37
0.49
0.50
0.50
0.53
0.44
0.49
0.46
0.49
0.38
0.43
0.41
0.41
0.38
5.74
0.39
0.36
0.52
0.51
0.51
0.59
CorWatt	PkgWatt
20.06	138.06
0.53	138.06
0.44
0.46
0.43
0.49
0.50
0.49
0.56
0.40
0.43
0.37
0.38
0.51
0.52
0.52
0.52
0.45
0.46
0.46
0.47
0.40
0.45
2.82
0.42
0.81
2.83
0.41
0.37
0.53
0.51
0.51
0.61
CorWatt	PkgWatt
19.81	136.94
0.53	136.94
0.43
0.44
0.42
0.48
0.48
0.51
0.54
0.40
0.42
0.37
0.36
0.48
0.50
0.50
0.53
0.44
0.47
0.46
0.46
0.38
0.43
0.42
0.41
5.63
0.38
0.39
0.36
0.52
0.51
0.52
0.61
CorWatt	PkgWatt
20.59	137.51
0.61	137.52
0.49
0.47
0.47
0.51
0.48
0.48
0.53
0.41
0.46
0.40
0.41
0.53
0.53
0.51
0.56
0.46
0.49
0.50
0.50
0.40
0.44
0.43
0.42
5.62
0.40
0.41
0.37
0.55
0.56
0.55
0.61
CorWatt	PkgWatt
20.02	137.24
0.56	137.23
0.44
0.45
0.43
0.49
0.49
0.51
0.54
0.37
0.47
0.37
0.38
0.49
0.50
0.50
0.53
0.44
0.47
0.46
0.47
0.39
0.43
0.42
0.41
5.62
0.39
0.41
0.37
0.53
0.64
0.53
0.51
CorWatt	PkgWatt
19.83	136.91
0.54	136.91
0.43
0.44
0.43
0.52
0.50
0.48
0.54
0.38
0.42
0.37
0.36
0.49
0.50
0.51
0.52
0.46
0.47
0.48
0.46
0.39
0.43
0.41
0.40
5.62
0.36
0.39
0.36
0.52
0.62
0.52
0.50
CorWatt	PkgWatt
20.03	137.08
0.55	137.08
0.43
0.45
0.44
0.49
0.52
0.51
0.55
0.37
0.45
0.39
0.39
0.51
0.53
0.53
0.60
0.44
0.46
0.46
0.46
0.38
0.43
0.42
0.41
5.62
0.36
0.39
0.36
0.52
0.62
0.50
0.50
CorWatt	PkgWatt
19.86	137.08
0.55	137.08
0.47
0.46
0.42
0.48
0.48
0.49
0.55
0.37
0.45
0.41
0.38
0.49
0.51
0.50
0.54
0.44
0.45
0.47
0.46
0.39
0.43
0.41
0.40
5.62
0.36
0.39
0.36
0.52
0.60
0.50
0.50
CorWatt	PkgWatt
19.96	137.33
0.54	137.32
0.48
0.46
0.44
0.49
0.49
0.49
0.54
0.39
0.43
0.38
0.37
0.49
0.51
0.50
0.54
0.44
0.47
0.46
0.47
0.39
0.43
0.42
0.41
5.64
0.37
0.41
0.37
0.52
0.61
0.51
0.51
CorWatt	PkgWatt
19.94	137.25
0.53	137.25
0.52
0.44
0.44
0.48
0.48
0.50
0.53
0.36
0.42
0.38
0.38
0.52
0.53
0.50
0.55
0.44
0.46
0.48
0.47
0.39
0.43
0.41
0.42
5.66
0.36
0.38
0.36
0.52
0.61
0.50
0.50
CorWatt	PkgWatt
19.96	137.17
0.53	137.17
0.47
0.45
0.44
0.48
0.49
0.49
0.54
0.39
0.44
0.41
0.39
0.51
0.54
0.52
0.53
0.44
0.46
0.46
0.46
0.38
0.43
0.41
0.41
5.63
0.36
0.39
0.38
0.52
0.62
0.50
0.50
CorWatt	PkgWatt
19.92	137.24
0.55	137.23
0.48
0.44
0.45
0.48
0.49
0.48
0.55
0.38
0.43
0.37
0.37
0.49
0.50
0.50
0.53
0.46
0.46
0.48
0.49
0.40
0.44
0.42
0.41
5.62
0.36
0.39
0.36
0.52
0.61
0.50
0.51
CorWatt	PkgWatt
20.67	138.00
0.54	138.02
0.49
0.48
0.46
0.51
0.51
0.55
0.57
0.40
0.44
0.42
0.42
0.51
0.50
0.56
0.61
0.45
0.48
0.49
0.49
0.42
0.41
0.41
0.46
5.63
0.39
0.41
0.37
0.59
0.63
0.51
0.55
CorWatt	PkgWatt
19.87	137.23
0.52	137.23
0.47
0.44
0.43
0.48
0.48
0.51
0.54
0.41
0.43
0.37
0.37
0.49
0.50
0.51
0.57
0.44
0.46
0.47
0.48
0.40
0.38
0.38
0.41
5.63
0.36
0.41
0.37
0.52
0.62
0.50
0.50
CorWatt	PkgWatt
20.30	137.48
0.54	137.49
0.48
0.49
0.46
0.51
0.48
0.55
0.55
0.40
0.47
0.40
0.38
0.49
0.50
0.50
0.56
0.45
0.46
0.48
0.48
0.42
0.38
0.41
0.44
5.62
0.38
0.39
0.38
0.55
0.64
0.53
0.51
CorWatt	PkgWatt
19.43	133.33
0.60	133.33
0.54
0.53
0.49
0.55
0.54
0.59
0.60
0.48
0.49
0.44
0.44
0.59
0.59
0.59
0.66
0.50
0.50
0.51
0.52
0.50
0.49
0.47
0.50
2.44
0.44
0.46
0.43
0.61
0.68
1.09
0.58
CorWatt	PkgWatt
17.84	130.69
0.54	130.68
0.43
0.47
0.44
0.50
0.50
0.56
0.57
0.40
0.44
0.38
0.39
0.51
0.52
0.51
0.54
0.46
0.50
0.49
0.50
0.40
0.39
0.40
0.45
3.12
0.40
0.42
0.40
0.53
0.53
0.63
0.54
CorWatt	PkgWatt
17.47	130.12
0.55	130.12
0.46
0.46
0.45
0.48
0.49
0.52
0.58
0.39
0.43
0.37
0.38
0.50
0.51
0.50
0.54
0.45
0.45
0.47
0.48
0.39
0.38
0.38
0.41
3.06
0.38
0.42
0.39
0.53
0.52
0.64
0.51
CorWatt	PkgWatt
17.60	130.41
0.55	130.41
0.43
0.47
0.47
0.48
0.49
0.55
0.59
0.42
0.44
0.37
0.38
0.50
0.51
0.50
0.55
0.45
0.47
0.45
0.47
0.38
0.38
0.40
0.41
3.03
0.40
0.45
0.41
0.54
0.53
0.63
0.51
CorWatt	PkgWatt
17.41	130.14
0.55	130.13
0.45
0.45
0.43
0.48
0.49
0.52
0.57
0.40
0.43
0.37
0.38
0.50
0.52
0.50
0.54
0.45
0.45
0.48
0.47
0.39
0.38
0.38
0.43
3.04
0.38
0.42
0.38
0.52
0.51
0.64
0.51
CorWatt	PkgWatt
17.58	130.21
0.55	130.21
0.45
0.45
0.44
0.49
0.49
0.53
0.59
0.43
0.46
0.40
0.40
0.50
0.53
0.50
0.54
0.45
0.47
0.46
0.47
0.39
0.38
0.38
0.42
3.03
0.40
0.42
0.39
0.52
0.51
0.62
0.51
CorWatt	PkgWatt
17.63	130.33
0.53	130.33
0.44
0.45
0.45
0.50
0.51
0.54
0.57
0.40
0.44
0.38
0.39
0.51
0.52
0.51
0.54
0.46
0.47
0.47
0.48
0.40
0.40
0.40
0.43
3.02
0.41
0.42
0.39
0.53
0.52
0.64
0.52
CorWatt	PkgWatt
17.50	130.46
0.54	130.46
0.43
0.44
0.44
0.49
0.51
0.52
0.60
0.41
0.43
0.39
0.38
0.52
0.51
0.50
0.57
0.45
0.46
0.46
0.46
0.40
0.40
0.38
0.43
3.02
0.40
0.41
0.38
0.52
0.51
0.63
0.51
CorWatt	PkgWatt
17.48	130.12
0.52	130.12
0.43
0.46
0.47
0.48
0.49
0.52
0.59
0.41
0.44
0.38
0.38
0.52
0.51
0.51
0.54
0.44
0.48
0.46
0.46
0.41
0.38
0.38
0.41
3.04
0.40
0.42
0.39
0.52
0.51
0.64
0.50
CorWatt	PkgWatt
17.62	130.31
0.55	130.31
0.43
0.44
0.43
0.49
0.49
0.52
0.57
0.41
0.48
0.38
0.40
0.50
0.52
0.50
0.53
0.47
0.47
0.47
0.46
0.39
0.38
0.40
0.42
3.02
0.42
0.43
0.40
0.54
0.52
0.65
0.53
CorWatt	PkgWatt
17.35	130.12
0.55	130.11
0.43
0.44
0.43
0.48
0.49
0.51
0.57
0.40
0.45
0.38
0.39
0.52
0.51
0.50
0.53
0.44
0.45
0.46
0.46
0.40
0.38
0.38
0.41
3.02
0.39
0.42
0.38
0.52
0.51
0.63
0.51
CorWatt	PkgWatt
17.45	130.31
0.52	130.31
0.43
0.44
0.43
0.50
0.50
0.52
0.60
0.39
0.44
0.37
0.39
0.50
0.52
0.50
0.52
0.45
0.48
0.47
0.48
0.38
0.38
0.38
0.41
3.02
0.44
0.42
0.39
0.52
0.52
0.63
0.50
CorWatt	PkgWatt
17.47	130.31
0.53	130.30
0.44
0.44
0.42
0.48
0.48
0.51
0.57
0.43
0.43
0.37
0.38
0.52
0.50
0.55
0.53
0.46
0.45
0.48
0.47
0.39
0.40
0.38
0.41
3.03
0.41
0.43
0.39
0.52
0.51
0.63
0.53
CorWatt	PkgWatt
17.48	130.04
0.54	130.04
0.45
0.46
0.46
0.49
0.49
0.52
0.58
0.41
0.43
0.37
0.38
0.50
0.51
0.50
0.54
0.45
0.48
0.48
0.47
0.38
0.38
0.38
0.41
3.03
0.41
0.42
0.39
0.52
0.51
0.62
0.51
CorWatt	PkgWatt
17.28	130.11
0.52	130.11
0.46
0.44
0.43
0.48
0.48
0.51
0.58
0.40
0.43
0.37
0.38
0.50
0.51
0.50
0.52
0.44
0.45
0.48
0.47
0.39
0.38
0.38
0.41
3.02
0.40
0.41
0.38
0.52
0.51
0.63
0.50
CorWatt	PkgWatt
17.46	130.18
0.52	130.19
0.49
0.46
0.43
0.48
0.49
0.52
0.58
0.41
0.44
0.37
0.38
0.51
0.51
0.50
0.53
0.44
0.48
0.46
0.50
0.38
0.39
0.38
0.41
3.02
0.40
0.41
0.38
0.52
0.52
0.64
0.52
CorWatt	PkgWatt
17.36	130.20
0.51	130.19
0.47
0.44
0.43
0.48
0.49
0.52
0.57
0.40
0.43
0.37
0.38
0.50
0.51
0.52
0.52
0.44
0.45
0.46
0.46
0.39
0.38
0.38
0.43
3.02
0.45
0.42
0.38
0.52
0.51
0.63
0.50
CorWatt	PkgWatt
17.30	129.94
0.51	129.95
0.48
0.45
0.43
0.49
0.49
0.53
0.58
0.42
0.43
0.37
0.38
0.51
0.53
0.51
0.54
0.46
0.48
0.47
0.47
0.39
0.38
0.38
0.42
2.79
0.42
0.43
0.40
0.53
0.51
0.64
0.51
CorWatt	PkgWatt
18.65	130.38
0.59	130.40
0.55
0.54
0.51
0.56
0.54
0.58
0.59
0.47
0.51
0.46
0.45
0.58
0.59
0.60
0.62
0.49
0.53
0.51
0.54
0.50
0.48
0.49
0.53
0.62
0.57
0.59
0.97
0.63
0.65
1.20
0.62
CorWatt	PkgWatt
16.39	128.54
0.51	128.52
0.47
0.44
0.43
0.48
0.49
0.53
0.49
0.38
0.48
0.38
0.38
0.50
0.50
0.50
0.54
0.44
0.46
0.45
0.49
0.38
0.38
0.38
0.46
1.24
0.65
0.64
0.66
0.53
0.60
0.65
0.51
CorWatt	PkgWatt
16.45	128.43
0.51	128.43
0.49
0.44
0.43
0.50
0.51
0.52
0.48
0.40
0.44
0.39
0.38
0.50
0.50
0.50
0.54
0.46
0.49
0.48
0.47
0.39
0.38
0.38
0.46
0.69
0.64
0.63
1.25
0.53
0.57
0.62
0.50
CorWatt	PkgWatt
16.63	128.52
0.52	128.53
0.49
0.46
0.44
0.49
0.50
0.54
0.51
0.38
0.47
0.40
0.40
0.53
0.53
0.53
0.57
0.44
0.47
0.46
0.47
0.38
0.38
0.38
0.46
0.67
0.65
0.63
1.27
0.54
0.58
0.61
0.51
CorWatt	PkgWatt
16.47	128.47
0.51	128.47
0.49
0.47
0.43
0.49
0.48
0.52
0.53
0.39
0.46
0.41
0.39
0.51
0.51
0.50
0.54
0.44
0.46
0.48
0.46
0.39
0.38
0.38
0.41
0.68
0.66
0.63
1.28
0.52
0.58
0.61
0.51
CorWatt	PkgWatt
17.31	129.37
0.53	129.37
0.50
0.46
0.43
0.49
0.49
0.52
0.54
0.40
0.44
0.38
0.38
0.50
0.52
0.50
0.56
0.44
0.46
0.45
0.47
0.38
0.38
0.38
0.41
0.95
0.77
0.75
1.64
0.52
0.57
0.62
0.50
CorWatt	PkgWatt
19.82	131.32
0.57	131.32
0.54
0.44
0.48
0.48
0.48
0.52
0.54
0.38
0.46
0.43
0.38
0.53
0.54
0.50
0.55
0.48
0.50
0.51
0.50
0.39
0.38
0.38
0.41
1.06
1.05
1.05
3.09
0.52
0.58
0.61
0.51
CorWatt	PkgWatt
19.79	131.18
0.53	131.17
0.48
0.46
0.45
0.49
0.50
0.52
0.53
0.41
0.46
0.43
0.40
0.52
0.54
0.52
0.54
0.45
0.47
0.46
0.48
0.38
0.38
0.38
0.41
3.08
1.09
1.09
1.10
0.52
0.57
0.62
0.51
CorWatt	PkgWatt
19.62	131.13
0.53	131.13
0.51
0.45
0.45
0.48
0.48
0.51
0.52
0.38
0.45
0.39
0.40
0.51
0.51
0.50
0.54
0.44
0.46
0.48
0.48
0.39
0.38
0.38
0.41
3.08
1.09
1.09
1.09
0.52
0.57
0.62
0.51
CorWatt	PkgWatt
19.71	131.25
0.51	131.25
0.48
0.45
0.45
0.49
0.49
0.52
0.53
0.39
0.47
0.40
0.41
0.51
0.52
0.51
0.57
0.46
0.48
0.47
0.47
0.40
0.39
0.39
0.44
2.03
1.05
1.06
2.10
0.53
0.58
0.63
0.52
CorWatt	PkgWatt
19.54	131.10
0.51	131.09
0.48
0.45
0.42
0.48
0.48
0.51
0.52
0.41
0.43
0.38
0.38
0.51
0.51
0.51
0.55
0.44
0.47
0.46
0.46
0.39
0.38
0.39
0.41
3.06
1.09
1.10
1.10
0.52
0.60
0.62
0.51
CorWatt	PkgWatt
19.86	131.30
0.54	131.31
0.47
0.49
0.46
0.51
0.49
0.54
0.53
0.40
0.48
0.40
0.38
0.50
0.51
0.50
0.53
0.44
0.47
0.46
0.47
0.39
0.39
0.39
0.41
1.27
1.09
1.09
2.91
0.57
0.60
0.66
0.52
CorWatt	PkgWatt
19.56	131.15
0.51	131.15
0.49
0.46
0.42
0.48
0.48
0.51
0.53
0.40
0.44
0.38
0.38
0.51
0.51
0.50
0.53
0.44
0.46
0.46
0.47
0.40
0.39
0.38
0.42
3.07
1.09
1.10
1.10
0.52
0.58
0.63
0.51
CorWatt	PkgWatt
19.52	131.19
0.53	131.18
0.46
0.45
0.42
0.48
0.48
0.52
0.53
0.40
0.44
0.38
0.38
0.50
0.51
0.50
0.53
0.44
0.49
0.47
0.48
0.38
0.39
0.40
0.41
3.08
1.07
1.08
1.08
0.52
0.57
0.63
0.51
CorWatt	PkgWatt
19.53	131.11
0.57	131.10
0.45
0.46
0.44
0.48
0.48
0.52
0.52
0.40
0.43
0.38
0.38
0.52
0.50
0.51
0.53
0.44
0.46
0.47
0.46
0.40
0.38
0.38
0.43
3.08
1.07
1.08
1.07
0.52
0.59
0.61
0.51
CorWatt	PkgWatt
19.74	131.27
0.56	131.28
0.44
0.46
0.46
0.49
0.49
0.55
0.54
0.41
0.43
0.38
0.39
0.52
0.51
0.50
0.55
0.45
0.47
0.46
0.46
0.38
0.38
0.41
0.42
1.11
1.09
1.10
3.07
0.53
0.60
0.63
0.52
CorWatt	PkgWatt
19.55	131.11
0.56	131.11
0.46
0.47
0.42
0.48
0.48
0.52
0.54
0.39
0.44
0.38
0.38
0.50
0.51
0.50
0.54
0.44
0.45
0.46
0.46
0.40
0.38
0.38
0.41
3.06
1.09
1.10
1.10
0.52
0.59
0.62
0.51
CorWatt	PkgWatt
19.06	129.52
0.58	130.44
0.47
0.49
0.47
0.49
0.49
0.57
0.56
0.55
0.58
0.49
0.55
0.62
0.62
0.59
0.64
0.50
0.54
0.49
0.52
0.46
0.45
0.46
0.48
1.70
0.75
0.74
0.79
0.60
0.64
0.68
0.58
