CorWatt	PkgWatt
134.52	227.81
1.71	132.67
1.80
1.80
1.70
1.88
1.85
1.83
1.86
1.85
1.82
1.91
1.95
1.97
2.03
1.95
1.99
2.06
2.16
2.07
2.14
2.21
2.34
2.22
2.20
2.29
2.33
2.23
2.34
2.27
2.29
2.41
2.45
2.60	164.31
2.47
2.67
2.71
2.56
2.74
2.69
2.81
2.70
2.66
2.80
2.77
3.20
2.72
2.79
2.72
2.83
2.88
2.82
2.97
2.92
2.92
3.07
3.04
3.00
3.00
3.05
2.92
3.04
2.98
3.09
3.05
CorWatt	PkgWatt
427.64	671.98
5.29	245.37
5.35
5.35
5.25
5.39
5.37
5.39
5.42
5.25
5.31
5.26
5.33
5.34
5.32
5.32
5.32
5.39
5.39
5.44
5.36
5.38
5.44
5.46
5.45
5.40
5.45
5.42
5.43
5.37
5.38
5.46
5.41
5.39	245.57
5.43
5.38
5.37
5.37
5.36
5.41
5.32
5.32
5.34
5.35
5.34
5.39
5.41
5.38
5.37
5.25
5.31
5.27
5.32
5.39
5.37
5.36
5.37
5.30
5.27
5.35
5.31
5.38
5.39
5.38
5.33
CorWatt	PkgWatt
314.16	483.69
4.63	238.57
5.13
4.45
4.62
4.65
4.71
4.92
4.54
4.69
4.77
4.59
4.46
5.30
4.94
4.78
5.12
4.47
4.57
4.78
4.59
4.51
4.91
4.65
4.79
4.59
5.03
5.05
4.83
4.81
5.76
4.52
4.82
5.30	245.22
4.79
4.77
5.04
5.15
4.97
5.30
4.89
4.93
5.14
5.18
5.13
5.12
5.16
5.01
4.64
5.07
5.05
4.95
5.06
5.27
4.68
4.81
5.20
5.07
5.27
5.21
4.61
5.16
5.03
5.04
5.19
CorWatt	PkgWatt
315.99	465.87
4.42	220.03
4.44
4.17
4.41
4.30
4.50
4.71
4.19
4.70
4.62
4.35
4.03
5.28
4.47
4.22
4.93
4.21
4.40
4.56
4.39
4.34
4.64
4.18
4.49
4.71
4.34
4.60
4.29
4.78
5.50
4.05
4.68
5.73	245.58
4.75
4.69
5.27
5.80
5.15
6.07
5.13
4.88
5.68
5.68
5.50
5.90
5.53
4.90
5.22
5.32
5.35
5.18
5.74
5.54
4.32
4.88
5.65
5.22
5.88
5.38
5.43
5.62
5.47
5.22
5.88
CorWatt	PkgWatt
278.22	383.05
4.22	221.53
5.07
4.23
4.32
4.21
4.33
5.24
4.21
4.54
4.90
4.21
4.46
4.56
4.98
4.35
4.65
4.29
4.74
4.37
4.50
4.33
4.68
5.21
4.27
4.60
4.14
4.82
5.23
5.25
4.36
4.18
4.81
5.46	245.24
4.67
4.82
5.22
5.97
4.99
5.42
5.18
4.73
6.05
5.46
5.70
5.74
5.48
4.79
5.42
5.30
5.29
5.23
5.61
5.38
4.55
5.61
5.13
5.22
5.93
5.53
5.86
5.83
5.54
5.20
5.94
