CorWatt	PkgWatt
15.00	127.63
0.51	126.92
0.46
0.49
0.45
0.52
0.50
0.58
0.50
0.42
0.48
0.42
0.44
0.55
0.54
0.52
0.57
0.48
0.48
0.45
0.48
0.42
0.38
0.38
0.39
0.42
0.36
0.37
0.35
0.52
0.51
0.51
0.51
CorWatt	PkgWatt
15.00	127.02
0.56	127.03
0.48
0.46
0.46
0.51
0.55
0.55
0.51
0.40
0.52
0.38
0.42
0.54
0.57
0.51
0.57
0.47
0.48
0.47
0.48
0.42
0.40
0.38
0.40
0.39
0.36
0.37
0.36
0.51
0.51
0.51
0.51
CorWatt	PkgWatt
23.53	134.54
0.71	134.58
0.66
0.68
0.61
0.64
0.62
0.75
0.63
0.58
0.67
0.56
0.62
0.65
0.66
0.69
0.73
0.61
0.71
0.60
0.69
0.65
0.70
0.58
0.57
2.45
0.76
0.69
0.96
0.82
0.76
0.72
0.78
CorWatt	PkgWatt
17.45	128.83
0.59	128.81
0.49
0.50
0.51
0.54
0.56
0.57
0.60
0.42
0.51
0.48
0.49
0.55
0.56
0.52
0.56
0.49
0.53
0.50
0.46
0.41
0.42
0.39
0.42
0.52
0.45
0.49
0.41
1.21
0.75
0.75
0.83
CorWatt	PkgWatt
17.29	128.73
0.55	128.73
0.54
0.49
0.44
0.52
0.55
0.58
0.51
0.51
0.49
0.46
0.43
0.58
0.56
0.51
0.58
0.51
0.50
0.51
0.50
0.47
0.40
0.38
0.39
0.48
0.42
0.43
0.39
1.31
0.76
0.76
0.79
CorWatt	PkgWatt
18.17	129.29
0.57	129.31
0.58
0.54
0.49
0.53
0.57
0.59
0.53
0.44
0.49
0.42
0.49
0.51
0.52
0.52
0.56
0.51
0.51
0.56
0.58
0.54
0.49
0.47
0.47
0.54
0.50
0.46
0.49
1.04
0.77
0.78
1.13
CorWatt	PkgWatt
17.13	128.65
0.53	128.61
0.54
0.49
0.47
0.49
0.54
0.55
0.48
0.50
0.48
0.41
0.41
0.55
0.53
0.55
0.58
0.49
0.49
0.47
0.50
0.45
0.43
0.39
0.40
0.44
0.48
0.43
0.43
1.00
0.73
0.78
1.13
CorWatt	PkgWatt
17.32	128.77
0.51	128.76
0.51
0.50
0.48
0.49
0.54
0.57
0.50
0.40
0.43
0.47
0.42
0.50
0.56
0.51
0.55
0.52
0.51
0.45
0.58
0.47
0.44
0.44
0.44
0.42
0.52
0.40
0.43
0.82
0.80
1.34
0.81
CorWatt	PkgWatt
18.31	130.43
0.54	130.44
0.51
0.51
0.47
0.48
0.52
0.52
0.47
0.41
0.47
0.42
0.40
0.52
0.51
0.54
0.57
0.49
0.52
0.49
0.51
0.53
0.44
0.44
0.43
0.41
0.49
0.42
0.38
0.61
0.54
3.19
0.57
CorWatt	PkgWatt
18.55	130.74
0.55	130.74
0.50
0.55
0.51
0.52
0.55
0.53
0.53
0.44
0.49
0.42
0.44
0.52
0.55
0.51
0.56
0.51
0.49
0.46
0.48
0.40
0.41
0.44
0.41
0.42
0.55
0.42
0.41
0.56
0.53
3.33
0.56
CorWatt	PkgWatt
18.37	130.80
0.58	130.80
0.52
0.52
0.51
0.53
0.54
0.53
0.57
0.41
0.47
0.42
0.40
0.53
0.52
0.50
0.57
0.45
0.47
0.44
0.50
0.42
0.40
0.44
0.42
0.41
0.51
0.44
0.40
0.56
0.51
3.33
0.55
CorWatt	PkgWatt
18.91	131.02
0.59	131.02
0.52
0.60
0.51
0.56
0.56
0.57
0.54
0.46
0.48
0.43
0.44
0.54
0.53
0.55
0.57
0.51
0.50
0.46
0.47
0.45
0.42
0.47
0.42
1.34
0.51
0.44
0.42
0.57
0.55
2.39
0.56
CorWatt	PkgWatt
20.54	132.22
0.70	132.22
0.55
0.60
0.52
0.67
0.66
0.67
0.66
0.51
0.53
0.47
0.56
0.63
0.57
0.66
0.69
0.61
0.53
0.48
0.48
0.50
0.50
0.53
0.49
2.83
0.55
0.53
0.40
0.60
0.57
0.62
0.65
