CorWatt	PkgWatt
145.82	350.20
1.99	142.03
2.04
2.06
2.01
2.03
1.92
2.02
2.05
1.95
2.00
2.00
1.98
1.98
1.99
2.03
2.04
2.01
2.06
2.06
2.05
2.04
2.08
2.09
2.07
2.02
2.04
2.06
2.05
1.92
1.99
2.00
1.97
1.85	136.02
1.84
1.85
1.84
1.77
1.87
1.85
1.86
1.73
1.73
1.81
1.76
1.77
1.76
1.78
1.89
1.83
1.84
1.79
1.81
1.84
1.93
1.89
1.97
1.83
1.74
1.80
1.81
1.87
1.86
1.77
1.71
CorWatt	PkgWatt
125.19	298.14
2.04	148.40
2.09
2.08
2.00
2.10
1.92
2.04
2.03
1.98
2.09
1.92
2.01
2.05
2.00
1.99
2.00
2.04
2.04
2.08
2.07
2.10
2.15
2.08
2.02
2.07
2.05
2.12
2.02
2.01
2.07
1.99
2.01
1.89	149.80
1.89
1.89
1.92
1.82
1.92
1.89
1.89
1.91
1.83
1.89
1.82
1.88
1.77
1.87
1.87
1.86
1.86
1.82
1.79
1.91
1.91
1.91
1.95
1.86
1.86
1.87
1.87
1.91
1.88
1.85
1.87
CorWatt	PkgWatt
127.00	312.10
2.07	155.52
2.13
2.07
2.05
2.14
1.96
2.07
2.03
2.01
2.00
1.97
2.06
2.01
2.04
2.13
2.04
2.08
2.05
2.10
2.06
2.09
2.17
2.11
2.06
2.03
2.10
2.13
2.08
2.03
2.03
2.04
2.04
1.90	156.55
1.92
1.91
1.92
1.88
1.96
1.93
1.91
1.98
1.90
1.90
1.84
1.93
1.81
1.88
1.92
1.87
1.86
1.84
1.81
2.03
1.93
1.95
1.94
1.90
1.89
1.90
1.93
1.94
1.90
1.90
1.92
CorWatt	PkgWatt
102.54	288.27
1.73	146.08
1.79
1.68
1.75
1.86
1.68
1.86
1.76
1.74
1.70
1.68
1.64
1.65
1.63
1.64
1.72
1.70
1.76
1.66
1.62
1.67
1.74
1.74
1.67
1.63
1.68
1.68
1.68
1.62
1.66
1.70
1.63
1.53	142.65
1.53
1.49
1.50
1.50
1.49
1.63
1.58
1.49
1.52
1.50
1.46
1.42
1.54
1.47
1.49
1.49
1.48
1.48
1.45
1.61
1.54
1.51
1.52
1.48
1.49
1.57
1.53
1.49
1.47
1.50
1.52
CorWatt	PkgWatt
7.61	158.74
0.14	79.63
0.14
0.14
0.14
0.13
0.13
0.13
0.13
0.12
0.12
0.12
0.12
0.13
0.13
0.12
0.12
0.13
0.14
0.13
0.13
0.14
0.13
0.13
0.13
0.13
0.12
0.12
0.13
0.13
0.12
0.12
0.12
0.11	78.99
0.11
0.11
0.11
0.11
0.11
0.11
0.11
0.10
0.10
0.10
0.10
0.10
0.11
0.10
0.10
0.12
0.12
0.12
0.12
0.12
0.12
0.12
0.12
0.11
0.11
0.11
0.11
0.10
0.10
0.10
0.10
CorWatt	PkgWatt
7.61	158.79
0.14	79.29
0.13
0.13
0.13
0.12
0.12
0.12
0.12
0.12
0.12
0.12
0.12
0.11
0.12
0.11
0.11
0.13
0.13
0.13
0.13
0.13
0.12
0.12
0.12
0.13
0.12
0.12
0.12
0.12
0.12
0.12
0.11
0.12	79.45
0.12
0.12
0.12
0.12
0.12
0.12
0.12
0.11
0.11
0.11
0.13
0.11
0.11
0.11
0.11
0.12
0.12
0.12
0.12
0.14
0.13
0.12
0.12
0.12
0.12
0.12
0.12
0.11
0.11
0.11
0.11
CorWatt	PkgWatt
61.31	244.89
0.70	105.70
0.25
0.23
0.22
0.40
0.34
0.48
0.30
0.33
0.31
0.89
0.20
0.73
0.19
0.19
0.19
0.23
1.07
0.89
0.87
0.26
0.22
1.02
0.22
0.96
0.22
0.21
0.97
0.20
0.45
0.43
0.19
1.71	139.16
2.16
1.99
2.22
1.01
0.27
0.24
0.24
2.10
1.57
1.30
1.25
2.15
2.13
2.14
1.86
1.26
1.38
1.04
0.69
1.08
1.67
0.73
0.67
1.79
1.08
1.84
1.84
1.85
1.74
2.17
1.75
