CorWatt	PkgWatt
16.57	166.95
0.91	90.24
0.85
0.22
0.21
0.24
0.23
0.18
0.17
0.34
0.33
0.16
0.17
0.77
0.83
0.23
0.18
0.17
0.17
0.18
0.17
0.19
0.17
0.18
0.17
1.19
1.18
0.20
0.20
1.64
1.54
0.31
0.21
0.11	76.56
0.09
0.09
0.09
0.08
0.08
0.08
0.08
0.08
0.10
0.08
0.08
0.07
0.07
0.08
0.07
0.08
0.08
0.08
0.08
0.09
0.09
0.08
0.08
0.09
0.08
0.10
0.08
0.08
0.08
0.08
0.08
CorWatt	PkgWatt
16.07	165.92
0.67	89.67
0.59
0.21
0.20
1.70
1.68
0.22
0.21
0.42
0.41
0.16
0.16
1.07
0.80
0.18
0.18
0.24
0.26
0.21
0.17
1.02
1.00
0.21
0.21
0.16
0.16
0.16
0.16
0.19
0.19
0.15
0.21
0.11	76.29
0.08
0.08
0.08
0.08
0.08
0.08
0.08
0.08
0.09
0.08
0.08
0.07
0.07
0.07
0.07
0.08
0.08
0.07
0.08
0.08
0.08
0.08
0.08
0.08
0.08
0.09
0.08
0.07
0.07
0.07
0.07
CorWatt	PkgWatt
29.34	199.05
0.36	102.81
0.30
0.25
0.31
0.34
0.38
0.27
0.30
0.26
0.28
0.26
0.34
2.17
1.35
1.06
0.36
1.25
1.23
0.29
0.27
0.48
0.49
0.25
0.26
1.14
0.68
0.25
0.78
0.30
0.29
0.24
0.30
0.33	96.41
0.38
0.47
0.29
0.26
0.43
0.29
0.23
2.31
0.75
0.24
0.23
0.19
0.31
0.33
0.19
0.35
0.30
0.25
0.26
0.38
0.36
0.37
0.31
0.25
0.34
0.30
0.34
0.22
0.41
0.22
0.38
CorWatt	PkgWatt
20.37	178.54
1.20	92.37
1.12
0.27
0.23
0.83
0.81
0.19
0.19
0.53
0.53
0.17
0.17
0.17
0.17
0.15
0.16
0.24
0.24
0.17
0.17
0.97
0.97
0.21
0.20
1.35
1.05
0.51
0.21
0.27
0.27
0.16
0.16
0.16	85.93
0.20
0.16
0.16
0.16
0.15
0.16
0.16
0.91
0.21
0.18
0.18
0.19
0.19
0.51
0.19
0.15
0.15
0.15
0.15
0.15
0.15
0.15
0.15
0.15
0.15
0.17
0.15
0.14
0.14
0.14
0.14
CorWatt	PkgWatt
20.48	173.45
0.87	90.34
0.79
0.24
0.21
0.22
0.21
0.17
0.17
0.46
0.46
0.16
0.17
0.16
0.15
0.15
0.15
1.99
2.00
0.25
0.24
0.82
0.79
0.20
0.19
0.64
0.79
0.33
0.19
0.23
0.22
0.15
0.15
0.16	82.96
0.22
0.17
0.17
0.15
0.15
0.15
0.15
0.19
0.18
0.15
0.15
0.31
0.31
0.76
0.74
0.15
0.15
0.15
0.16
0.16
0.16
0.16
0.16
0.16
0.16
0.17
0.15
0.14
0.15
0.14
0.15
CorWatt	PkgWatt
21.36	181.57
1.15	95.47
0.72
0.52
0.30
2.27
1.45
2.06
0.31
0.18
0.18
0.17
0.17
0.83
0.71
0.55
0.37
0.21
0.18
0.17
0.16
0.22
0.20
0.20
0.20
0.20
0.19
0.18
0.18
0.19
0.19
0.19
0.19
0.18	86.33
0.20
0.18
0.19
0.16
0.16
0.16
0.16
0.19
0.20
0.19
0.16
0.26
0.27
0.26
0.83
0.16
0.16
0.17
0.17
0.17
0.16
0.16
0.16
0.16
0.17
0.18
0.17
0.15
0.17
0.17
0.16
CorWatt	PkgWatt
18.51	169.19
0.33	92.12
0.23
0.19
0.19
1.33
1.32
0.22
0.22
0.39
0.37
0.16
0.16
0.74
0.73
1.08
0.44
2.01
2.02
0.25
0.24
0.51
0.49
0.18
0.18
0.18
0.18
0.16
0.16
0.27
0.27
0.16
0.16
0.10	77.19
0.10
0.13
0.10
0.09
0.09
0.09
0.09
0.10
0.11
0.12
0.09
0.08
0.08
0.08
0.08
0.09
0.09
0.09
0.09
0.10
0.10
0.09
0.09
0.09
0.10
0.11
0.09
0.08
0.08
0.08
0.09
CorWatt	PkgWatt
18.85	169.60
0.90	92.11
0.81
0.25
0.22
0.48
0.47
0.18
0.18
0.68
0.67
0.18
0.18
0.32
0.32
1.12
0.40
1.38
1.36
0.22
0.22
1.17
1.15
0.24
0.21
0.16
0.16
0.16
0.16
0.67
0.68
0.18
0.18
0.11	77.53
0.11
0.14
0.11
0.10
0.10
0.10
0.10
0.10
0.12
0.12
0.10
0.09
0.09
0.09
0.09
0.10
0.10
0.10
0.10
0.10
0.10
0.10
0.10
0.10
0.10
0.12
0.10
0.09
0.09
0.09
0.10
CorWatt	PkgWatt
18.56	169.05
0.32	92.04
0.19
0.19
0.19
0.26
0.25
0.17
0.17
1.61
1.58
0.27
0.22
0.49
0.48
1.19
0.35
0.19
0.18
0.17
0.17
0.98
0.98
0.21
0.20
0.16
0.16
0.16
0.16
1.73
1.64
0.31
0.22
0.10	77.15
0.10
0.13
0.10
0.09
0.09
0.09
0.09
0.09
0.12
0.12
0.09
0.08
0.08
0.08
0.08
0.09
0.09
0.09
0.09
0.10
0.10
0.09
0.09
0.10
0.10
0.11
0.09
0.08
0.08
0.08
0.09
CorWatt	PkgWatt
18.79	177.89
0.36	96.45
0.26
0.19
0.19
0.29
0.28
0.17
0.17
1.10
1.11
0.19
0.19
0.29
0.29
0.64
1.28
2.23
1.92
0.57
0.25
0.99
0.94
0.21
0.20
0.25
0.24
0.16
0.17
0.17
0.15
0.15
0.15
0.10	81.27
0.10
0.13
0.10
0.09
0.09
0.09
0.09
0.09
0.11
0.11
0.09
0.08
0.08
0.08
0.08
0.09
0.09
0.09
0.09
0.09
0.09
0.09
0.09
0.09
0.09
0.11
0.09
0.08
0.08
0.08
0.09
CorWatt	PkgWatt
20.01	207.66
0.42	112.30
0.33
0.20
0.19
0.19
0.18
0.17
0.16
1.71
1.71
0.21
0.21
0.20
0.20
0.20
3.11
0.71
0.73
0.19
0.18
0.32
0.29
0.18
0.17
1.81
1.23
0.82
0.23
0.27
0.25
0.16
0.16
0.10	95.16
0.10
0.12
0.10
0.09
0.09
0.09
0.09
0.09
0.11
0.11
0.09
0.08
0.08
0.08
0.08
0.09
0.09
0.08
0.09
0.09
0.09
0.09
0.09
0.09
0.09
0.11
0.09
0.08
0.08
0.08
0.09
CorWatt	PkgWatt
21.05	209.72
0.60	107.26
0.78
0.51
0.21
0.27
0.27
0.17
0.17
0.18
0.18
0.15
0.15
0.20
0.20
0.20
3.10
1.06
1.06
0.21
0.20
0.19
0.17
0.17
0.17
0.22
0.21
0.16
0.17
0.16
0.15
0.15
0.15
1.66	102.60
0.22
1.65
0.20
0.13
0.13
0.13
0.12
0.13
0.15
0.14
0.13
0.11
0.11
0.11
0.11
1.01
1.00
0.16
0.16
0.13
0.13
0.13
0.13
0.13
0.13
0.15
0.13
0.12
0.12
0.12
0.12
CorWatt	PkgWatt
19.89	207.53
1.14	112.22
3.86
2.51
0.95
0.19
0.16
0.17
0.16
0.52
0.53
0.17
0.17
0.20
0.20
0.19
3.12
0.17
0.16
0.17
0.16
0.20
0.17
0.17
0.17
0.16
0.16
0.16
0.16
0.16
0.15
0.15
0.15
0.10	95.39
0.12
0.10
0.10
0.09
0.09
0.09
0.09
0.10
0.12
0.11
0.09
0.09
0.08
0.08
0.08
0.09
0.09
0.09
0.09
0.10
0.10
0.09
0.09
0.10
0.10
0.12
0.10
0.09
0.08
0.08
0.09
CorWatt	PkgWatt
20.31	209.86
0.36	107.75
0.28
0.20
0.22
1.93
2.04
0.28
0.24
1.20
0.56
0.86
0.20
0.16
0.16
0.16
0.31
0.18
0.16
0.18
0.17
1.04
0.73
0.21
0.21
0.18
0.16
0.16
0.18
0.19
0.16
0.15
0.16
0.16	101.74
0.19
0.16
0.16
0.15
0.15
0.16
0.16
0.19
2.11
0.22
0.21
0.13
0.13
0.13
0.13
0.15
0.15
0.14
0.15
0.15
0.15
0.15
0.15
0.15
0.15
0.17
0.15
0.14
0.14
0.14
0.15
CorWatt	PkgWatt
9.70	196.62
0.10	94.79
0.10
0.10
0.09
0.09
0.09
0.09
0.09
0.08
0.08
0.09
0.08
0.08
0.08
0.07
0.07
0.09
0.09
0.09
0.09
0.10
0.10
0.09
0.09
0.09
0.08
0.09
0.09
0.08
0.08
0.08
0.08
0.15	101.84
0.16
0.15
0.15
0.14
0.14
0.14
0.14
0.18
2.34
0.21
0.19
0.14
0.13
0.13
0.13
0.15
0.14
0.14
0.15
0.15
0.15
0.15
0.15
0.14
0.15
0.15
0.14
0.13
0.13
0.13
0.14
CorWatt	PkgWatt
9.85	196.57
0.10	94.53
0.10
0.10
0.09
0.09
0.09
0.09
0.09
0.08
0.08
0.08
0.08
0.08
0.08
0.08
0.08
0.09
0.09
0.09
0.09
0.10
0.10
0.09
0.09
0.08
0.08
0.08
0.08
0.08
0.08
0.08
0.08
0.15	102.07
0.16
0.15
0.15
0.15
0.15
0.15
0.15
0.19
2.45
0.21
0.20
0.14
0.13
0.13
0.13
0.15
0.15
0.14
0.15
0.15
0.16
0.15
0.15
0.15
0.15
0.15
0.15
0.14
0.13
0.13
0.13
CorWatt	PkgWatt
9.77	196.45
0.09	94.34
0.09
0.09
0.09
0.08
0.08
0.08
0.08
0.08
0.08
0.08
0.08
0.07
0.07
0.07
0.07
0.08
0.08
0.08
0.08
0.10
0.10
0.09
0.09
0.08
0.08
0.08
0.08
0.08
0.07
0.08
0.07
0.15	102.09
0.16
0.15
0.15
0.15
0.14
0.14
0.14
0.19
2.50
0.22
0.20
0.14
0.13
0.13
0.13
0.15
0.14
0.14
0.15
0.15
0.15
0.15
0.15
0.14
0.15
0.15
0.15
0.13
0.13
0.13
0.13
CorWatt	PkgWatt
9.83	196.80
0.10	94.46
0.10
0.09
0.09
0.08
0.08
0.08
0.08
0.08
0.08
0.08
0.08
0.07
0.07
0.07
0.07
0.08
0.08
0.08
0.08
0.10
0.10
0.09
0.09
0.08
0.08
0.08
0.08
0.08
0.08
0.08
0.08
0.16	102.30
0.16
0.15
0.15
0.14
0.14
0.14
0.14
0.20
2.53
0.22
0.21
0.14
0.13
0.13
0.13
0.14
0.14
0.14
0.15
0.15
0.15
0.15
0.15
0.14
0.15
0.15
0.14
0.13
0.13
0.13
0.13
CorWatt	PkgWatt
10.02	197.10
0.10	94.79
0.10
0.10
0.09
0.09
0.08
0.08
0.08
0.08
0.09
0.15
0.08
0.07
0.07
0.07
0.07
0.09
0.09
0.09
0.09
0.10
0.10
0.09
0.09
0.08
0.08
0.08
0.08
0.08
0.08
0.08
0.08
0.15	102.43
0.16
0.15
0.15
0.15
0.14
0.14
0.14
0.20
2.56
0.22
0.21
0.13
0.13
0.13
0.13
0.15
0.14
0.14
0.15
0.15
0.16
0.15
0.15
0.15
0.15
0.15
0.15
0.14
0.14
0.13
0.14
CorWatt	PkgWatt
10.05	197.11
0.10	94.54
0.10
0.10
0.09
0.09
0.09
0.09
0.09
0.08
0.09
0.08
0.08
0.08
0.08
0.07
0.07
0.09
0.09
0.09
0.09
0.10
0.10
0.09
0.09
0.09
0.09
0.08
0.08
0.08
0.08
0.08
0.08
0.15	102.45
0.16
0.15
0.16
0.15
0.15
0.15
0.15
0.20
2.58
0.22
0.20
0.13
0.13
0.13
0.13
0.15
0.15
0.15
0.15
0.15
0.16
0.15
0.15
0.15
0.15
0.15
0.15
0.14
0.14
0.14
0.14
CorWatt	PkgWatt
11.24	187.85
0.12	89.99
0.11
0.12
0.11
0.12
0.12
0.12
0.12
0.12
0.13
0.11
0.12
0.10
0.10
0.10
0.10
0.12
0.12
0.13
0.13
0.13
0.13
0.13
0.13
0.12
0.11
0.12
0.12
0.10
0.10
0.11
0.11
0.19	97.77
0.59
0.19
0.19
0.17
0.17
0.17
0.17
0.19
1.53
0.27
0.21
0.15
0.14
0.15
0.16
0.18
0.17
0.18
0.18
0.19
0.19
0.18
0.19
0.18
0.18
0.19
0.18
0.18
0.17
0.17
0.18
CorWatt	PkgWatt
9.23	161.60
0.18	84.38
0.19
0.18
0.17
0.54
0.17
0.17
0.17
0.15
0.16
0.14
0.15
0.30
0.30
0.29
1.14
0.16
0.15
0.16
0.15
0.17
0.18
0.17
0.16
0.15
0.15
0.15
0.15
0.14
0.14
0.14
0.14
0.08	77.40
0.07
0.07
0.07
0.07
0.07
0.07
0.07
0.07
0.07
0.07
0.08
0.06
0.06
0.06
0.06
0.08
0.08
0.08
0.08
0.09
0.09
0.08
0.09
0.08
0.08
0.08
0.08
0.07
0.07
0.07
0.08
CorWatt	PkgWatt
9.12	159.26
0.20	83.43
0.19
0.19
0.17
0.20
0.17
0.17
0.17
0.15
0.16
0.15
0.15
0.35
0.35
0.35
1.26
0.16
0.16
0.16
0.16
0.18
0.18
0.18
0.17
0.16
0.16
0.15
0.16
0.15
0.15
0.15
0.15
0.07	75.74
0.07
0.07
0.07
0.07
0.07
0.07
0.07
0.07
0.07
0.06
0.07
0.06
0.06
0.06
0.06
0.07
0.07
0.07
0.07
0.07
0.07
0.07
0.07
0.07
0.07
0.08
0.07
0.06
0.06
0.06
0.06
CorWatt	PkgWatt
10.18	160.42
0.24	84.15
0.20
0.21
0.21
0.22
0.20
0.20
0.18
0.16
0.19
0.16
0.16
0.75
0.36
0.35
0.92
0.22
0.17
0.17
0.23
0.20
0.19
0.18
0.18
0.18
0.18
0.16
0.23
0.16
0.16
0.17
0.17
0.09	76.32
0.08
0.08
0.08
0.08
0.08
0.09
0.09
0.07
0.08
0.08
0.08
0.07
0.07
0.07
0.07
0.08
0.08
0.08
0.08
0.08
0.08
0.08
0.08
0.08
0.08
0.09
0.08
0.07
0.07
0.07
0.07
CorWatt	PkgWatt
14.19	181.44
0.33	98.00
0.27
0.33
0.34
0.31
0.49
0.27
0.24
0.21
0.23
0.33
0.27
0.58
0.46
0.85
0.69
0.32
0.31
0.24
0.34
0.33
0.22
0.30
0.29
0.41
0.50
0.38
0.26
0.51
0.28
0.23
0.22
0.11	83.46
0.10
0.09
0.09
0.08
0.08
0.08
0.08
0.08
0.08
0.08
0.09
0.08
0.07
0.07
0.07
0.10
0.09
0.09
0.20
0.09
0.09
0.09
0.09
0.09
0.09
0.10
0.11
0.08
0.08
0.08
0.08
CorWatt	PkgWatt
10.49	163.59
0.27	87.14
0.21
0.21
0.23
0.24
0.21
0.20
0.27
0.17
0.17
0.19
0.27
1.14
0.36
0.53
0.38
0.19
0.19
0.19
0.18
0.20
0.21
0.18
0.18
0.24
0.22
0.18
0.19
0.21
0.17
0.18
0.23
0.09	76.47
0.07
0.07
0.07
0.07
0.07
0.07
0.07
0.07
0.07
0.07
0.08
0.06
0.06
0.06
0.06
0.07
0.07
0.07
0.08
0.08
0.08
0.07
0.08
0.07
0.07
0.08
0.07
0.07
0.06
0.07
0.07
CorWatt	PkgWatt
17.65	171.96
0.36	93.26
0.31
0.33
0.25
0.29
0.27
0.21
0.20
0.45
0.45
0.19
0.29
0.76
0.40
0.99
0.38
0.88
0.34
0.79
0.26
0.42
0.39
0.20
0.20
1.05
0.36
1.07
0.26
0.93
0.88
0.30
0.30
0.10	78.60
0.09
0.09
0.09
0.09
0.11
0.09
0.09
0.10
0.09
0.09
0.11
0.09
0.08
0.08
0.09
0.08
0.08
0.09
0.08
0.09
0.09
0.09
0.10
0.09
0.09
0.11
0.08
0.08
0.08
0.08
0.08
CorWatt	PkgWatt
18.70	169.17
0.52	92.58
0.40
0.22
0.20
1.41
1.19
0.45
0.23
1.22
0.79
0.67
0.19
0.86
0.36
0.88
0.36
1.57
1.56
0.23
0.22
0.23
0.21
0.18
0.17
0.33
0.34
0.18
0.18
0.17
0.16
0.16
0.16
0.09	76.55
0.08
0.08
0.08
0.08
0.08
0.08
0.08
0.08
0.08
0.08
0.10
0.08
0.08
0.07
0.07
0.08
0.08
0.08
0.09
0.09
0.09
0.09
0.09
0.09
0.09
0.10
0.08
0.08
0.08
0.08
0.08
CorWatt	PkgWatt
18.55	168.77
1.06	92.51
0.71
0.51
0.22
0.20
0.19
0.18
0.21
1.31
1.36
0.28
0.20
0.93
0.82
1.28
0.37
0.22
0.25
0.25
0.18
0.20
0.17
0.17
0.17
1.61
1.65
0.22
0.22
0.30
0.30
0.17
0.16
0.08	76.26
0.08
0.08
0.08
0.08
0.08
0.08
0.08
0.08
0.08
0.08
0.10
0.07
0.07
0.07
0.07
0.08
0.07
0.07
0.08
0.08
0.08
0.08
0.08
0.08
0.08
0.09
0.08
0.07
0.07
0.07
0.08
CorWatt	PkgWatt
18.63	168.93
0.84	92.51
0.75
0.23
0.21
0.37
0.37
0.18
0.22
0.94
0.64
0.48
0.21
1.22
0.36
0.51
0.36
0.79
0.83
0.21
0.19
0.68
2.12
1.67
0.29
0.18
0.17
0.19
0.17
0.21
0.16
0.16
0.16
0.08	76.42
0.08
0.08
0.08
0.08
0.08
0.08
0.08
0.08
0.08
0.08
0.10
0.07
0.07
0.07
0.07
0.08
0.08
0.08
0.08
0.09
0.09
0.08
0.08
0.08
0.09
0.10
0.08
0.07
0.07
0.07
0.08
CorWatt	PkgWatt
18.66	169.13
0.54	92.64
0.45
0.21
0.20
0.22
0.22
0.18
0.22
0.89
0.92
0.18
0.18
0.76
0.36
0.94
0.36
0.95
0.29
0.91
0.20
1.03
1.02
0.20
0.19
0.17
0.17
0.17
0.17
1.64
0.83
1.05
0.21
0.09	76.54
0.08
0.09
0.08
0.08
0.08
0.08
0.08
0.08
0.08
0.08
0.11
0.08
0.07
0.07
0.07
0.08
0.08
0.08
0.08
0.09
0.09
0.08
0.08
0.09
0.09
0.11
0.08
0.08
0.08
0.08
0.09
CorWatt	PkgWatt
18.93	169.41
0.29	92.61
0.20
0.20
0.19
0.20
0.18
0.18
0.22
0.16
0.16
0.16
0.20
0.37
0.36
1.38
0.36
1.41
0.62
1.03
0.21
3.10
2.37
0.96
0.25
0.17
0.17
0.18
0.21
0.16
0.17
0.16
0.16
0.09	76.76
0.09
0.09
0.09
0.09
0.09
0.08
0.09
0.09
0.09
0.09
0.11
0.08
0.08
0.08
0.08
0.09
0.08
0.08
0.09
0.09
0.09
0.09
0.09
0.09
0.09
0.11
0.09
0.08
0.08
0.08
0.08
CorWatt	PkgWatt
18.65	168.88
0.28	92.54
0.20
0.19
0.19
0.18
0.18
0.18
0.22
0.17
0.16
0.16
0.16
0.36
0.36
1.38
0.36
2.90
1.30
1.93
0.29
0.22
0.19
0.18
0.17
0.58
0.60
0.19
0.18
1.09
1.11
0.19
0.19
0.09	76.50
0.08
0.08
0.09
0.08
0.08
0.08
0.08
0.08
0.08
0.08
0.10
0.07
0.07
0.08
0.07
0.08
0.08
0.08
0.08
0.09
0.09
0.08
0.08
0.08
0.09
0.10
0.08
0.08
0.08
0.07
0.08
CorWatt	PkgWatt
18.78	169.25
1.31	92.52
1.23
0.26
0.22
0.37
0.37
0.27
0.28
0.17
0.17
0.20
0.16
0.99
0.99
1.33
0.42
0.39
0.39
0.18
0.18
0.62
0.35
0.47
0.19
1.53
0.90
0.85
0.22
0.38
0.38
0.17
0.17
0.09	76.60
0.08
0.08
0.08
0.08
0.08
0.08
0.08
0.08
0.08
0.08
0.10
0.07
0.07
0.07
0.07
0.08
0.08
0.08
0.08
0.09
0.09
0.09
0.09
0.09
0.09
0.11
0.08
0.08
0.08
0.08
0.08
CorWatt	PkgWatt
18.61	169.01
1.02	92.50
0.92
0.24
0.21
0.77
0.78
0.20
0.24
0.20
0.16
0.16
0.17
0.36
0.36
0.37
1.32
0.18
0.17
0.17
0.17
2.51
1.44
1.33
0.24
0.63
0.41
0.42
0.18
0.17
0.16
0.16
0.16
0.09	76.46
0.08
0.08
0.08
0.08
0.08
0.08
0.08
0.08
0.08
0.08
0.10
0.09
0.07
0.07
0.07
0.08
0.08
0.08
0.08
0.09
0.09
0.08
0.08
0.08
0.09
0.10
0.08
0.07
0.07
0.07
0.08
CorWatt	PkgWatt
18.80	169.23
2.20	92.72
2.06
0.34
0.25
0.52
0.87
0.22
0.96
0.20
0.17
0.16
0.17
0.37
0.38
1.33
0.45
0.19
0.17
0.17
0.17
0.22
0.21
0.18
0.17
0.99
0.99
0.20
0.20
0.58
0.58
0.17
0.17
0.09	76.79
0.09
0.09
0.09
0.09
0.09
0.09
0.09
0.09
0.09
0.09
0.11
0.08
0.08
0.08
0.08
0.09
0.09
0.08
0.09
0.09
0.09
0.09
0.09
0.09
0.09
0.11
0.09
0.08
0.08
0.08
0.08
CorWatt	PkgWatt
18.53	169.14
1.41	92.49
1.30
0.27
0.22
0.61
0.28
0.22
0.52
0.20
0.16
0.16
0.16
0.85
0.85
0.40
1.50
0.17
0.17
0.17
0.17
0.19
0.17
0.17
0.17
1.36
1.07
0.22
0.20
1.11
1.12
0.19
0.19
0.08	76.35
0.08
0.08
0.08
0.08
0.08
0.08
0.08
0.08
0.08
0.08
0.10
0.07
0.07
0.07
0.07
0.08
0.08
0.08
0.08
0.08
0.08
0.08
0.08
0.08
0.08
0.10
0.08
0.07
0.07
0.07
0.08
CorWatt	PkgWatt
18.36	168.55
0.64	92.44
1.55
0.70
0.23
0.40
0.38
0.19
0.22
0.21
0.17
0.17
0.17
0.88
0.89
0.97
0.95
0.63
0.63
0.19
0.19
1.62
1.60
0.22
0.22
0.76
0.19
0.19
0.19
0.16
0.16
0.16
0.16
0.08	76.25
0.08
0.08
0.08
0.08
0.08
0.07
0.07
0.08
0.07
0.07
0.09
0.07
0.07
0.07
0.07
0.08
0.07
0.07
0.07
0.08
0.08
0.08
0.08
0.08
0.08
0.09
0.08
0.07
0.07
0.07
0.07
CorWatt	PkgWatt
21.73	186.73
0.42	97.18
0.33
0.24
0.22
0.28
0.64
0.29
0.33
0.24
0.22
0.29
0.22
0.82
0.83
0.26
0.40
1.10
0.81
0.27
0.25
0.24
0.22
0.23
0.23
0.22
0.21
0.22
0.22
1.19
0.82
0.64
0.23
0.17	89.61
0.17
0.15
0.15
0.81
0.82
0.18
0.18
0.40
0.40
0.15
0.17
1.04
1.03
0.17
0.17
0.15
0.15
0.14
0.15
0.14
0.15
0.15
0.16
0.15
0.15
0.17
0.15
0.15
0.14
0.15
0.17
CorWatt	PkgWatt
20.81	204.73
0.30	99.23
0.19
0.19
0.19
0.40
1.37
0.54
0.41
0.15
0.15
0.15
0.16
0.15
0.15
0.15
0.15
0.16
0.16
0.17
0.16
0.18
0.17
0.17
0.17
0.16
0.16
0.16
0.16
0.20
0.16
0.16
0.16
0.16	105.27
0.15
0.15
0.15
1.32
1.20
0.31
0.20
0.54
0.53
0.16
0.18
0.15
0.14
0.13
0.13
0.53
0.41
0.16
0.16
0.51
1.76
1.48
0.22
0.74
0.73
0.20
0.17
0.15
0.15
0.15
0.19
CorWatt	PkgWatt
19.49	187.03
1.52	97.27
1.52
0.37
0.25
0.41
0.97
0.96
0.41
0.17
0.17
0.15
0.15
0.23
0.22
0.15
0.15
0.93
0.92
0.20
0.19
0.19
0.17
0.17
0.17
0.44
0.45
0.17
0.18
0.23
0.19
0.16
0.16
0.11	89.82
0.11
0.11
0.11
0.74
0.74
0.14
0.14
0.11
0.11
0.11
0.13
0.10
0.10
0.10
0.10
0.13
0.11
0.11
0.11
0.12
0.12
0.11
0.11
0.99
1.04
0.21
0.15
0.11
0.11
0.11
0.14
CorWatt	PkgWatt
20.12	182.41
1.36	92.98
1.51
0.53
0.25
0.41
0.95
0.98
0.41
0.17
0.16
0.15
0.20
0.16
0.15
0.15
0.16
0.47
0.47
0.18
0.18
0.19
0.17
0.17
0.17
0.26
0.26
0.17
0.17
0.20
0.16
0.16
0.16
1.35	89.50
1.34
0.17
0.17
0.26
0.26
0.13
0.13
0.12
0.12
0.12
0.14
0.17
0.17
0.11
0.11
0.24
0.23
0.13
0.13
0.13
0.13
0.13
0.13
0.47
0.47
0.16
0.14
0.62
0.33
0.14
0.47
CorWatt	PkgWatt
22.01	186.50
0.57	96.14
0.45
0.21
0.20
0.33
3.19
0.34
0.34
0.15
0.15
0.15
0.16
0.15
0.15
0.14
0.16
0.16
0.16
0.16
0.16
0.18
0.17
0.17
0.16
0.16
0.16
0.16
0.16
0.19
0.16
0.16
0.16
1.94	90.25
1.34
0.75
0.22
0.21
0.19
0.15
0.15
1.00
1.00
0.17
0.19
0.38
0.36
0.14
0.14
0.78
0.76
0.17
0.17
0.15
0.15
0.15
0.15
0.39
0.40
0.18
0.15
0.15
0.14
0.14
0.19
CorWatt	PkgWatt
24.46	202.86
0.30	110.52
0.20
0.19
0.19
0.21
5.79
0.22
0.21
0.15
0.15
0.15
0.15
0.16
0.15
0.15
0.15
0.16
0.16
0.16
0.16
0.18
0.17
0.17
0.17
0.16
0.16
0.16
0.16
0.18
0.16
0.16
0.16
1.15	92.43
0.58
0.75
0.19
0.47
0.47
0.16
0.16
0.63
0.61
0.16
0.19
0.19
0.19
0.14
0.14
0.80
0.80
0.17
0.17
0.31
0.30
0.16
0.16
1.20
1.15
0.27
0.19
0.55
0.56
0.16
0.20
CorWatt	PkgWatt
24.45	212.94
0.49	111.02
0.39
0.20
0.19
0.21
5.75
0.22
0.22
0.16
0.15
0.15
0.15
0.16
0.15
0.15
0.15
0.16
0.16
0.16
0.16
0.18
0.16
0.16
0.16
0.16
0.16
0.15
0.16
0.18
0.16
0.16
0.16
1.18	101.84
1.17
0.19
0.19
1.63
0.83
1.01
0.21
0.28
0.26
0.15
0.17
0.77
0.77
0.16
0.16
0.22
0.21
0.15
0.15
0.15
0.15
0.15
0.15
0.26
0.25
0.17
0.15
0.64
0.40
0.40
0.20
CorWatt	PkgWatt
24.35	210.63
0.29	110.34
0.19
0.19
0.18
0.21
5.75
0.21
0.21
0.15
0.15
0.14
0.15
0.15
0.15
0.14
0.14
0.16
0.16
0.16
0.16
0.18
0.16
0.16
0.16
0.15
0.15
0.15
0.15
0.18
0.15
0.15
0.15
0.83	100.27
0.83
0.17
0.18
2.53
2.50
0.27
0.26
0.16
0.15
0.14
0.17
0.33
0.32
0.14
0.14
0.72
0.72
0.17
0.17
0.37
0.37
0.16
0.16
0.15
0.15
0.18
0.15
0.24
0.23
0.15
0.18
CorWatt	PkgWatt
24.27	209.73
0.28	110.44
0.19
0.19
0.18
0.21
5.76
0.21
0.21
0.15
0.15
0.14
0.15
0.15
0.15
0.14
0.14
0.16
0.16
0.16
0.16
0.18
0.16
0.16
0.16
0.15
0.16
0.15
0.16
0.18
0.15
0.15
0.16
0.45	99.30
0.45
0.16
0.16
0.17
0.16
0.15
0.15
0.26
0.26
0.14
0.16
0.99
0.98
0.17
0.17
1.49
1.51
0.20
0.20
0.50
0.50
0.17
0.17
0.36
0.35
0.18
0.16
1.06
0.28
0.96
0.22
CorWatt	PkgWatt
24.44	206.79
0.28	110.54
0.19
0.19
0.19
0.22
5.79
0.22
0.21
0.15
0.15
0.15
0.15
0.15
0.15
0.15
0.15
0.17
0.17
0.17
0.16
0.18
0.17
0.17
0.17
0.16
0.16
0.15
0.16
0.18
0.16
0.16
0.16
1.23	96.21
1.23
0.19
0.19
0.15
0.15
0.15
0.15
0.15
0.15
0.14
0.17
0.27
0.25
0.14
0.14
1.41
0.60
1.00
0.20
0.23
0.22
0.16
0.16
0.79
0.79
0.20
0.17
1.07
1.08
0.18
0.22
CorWatt	PkgWatt
24.53	207.94
0.28	110.61
0.19
0.19
0.19
0.21
5.76
0.22
0.21
0.15
0.15
0.22
0.15
0.15
0.15
0.14
0.14
0.16
0.16
0.17
0.16
0.18
0.17
0.16
0.16
0.16
0.16
0.15
0.16
0.18
0.16
0.16
0.16
0.24	97.39
0.23
0.15
0.15
0.23
0.22
0.15
0.15
1.37
1.38
0.19
0.21
0.41
0.41
0.15
0.15
0.52
0.53
0.16
0.16
0.32
0.32
0.16
0.16
1.02
0.23
1.00
0.19
1.22
0.34
1.08
0.23
CorWatt	PkgWatt
24.40	213.28
0.28	110.34
0.19
0.19
0.18
0.21
5.74
0.21
0.21
0.15
0.15
0.15
0.15
0.15
0.15
0.14
0.14
0.16
0.16
0.16
0.16
0.17
0.16
0.16
0.16
0.15
0.15
0.15
0.16
0.18
0.16
0.16
0.16
0.41	103.09
0.40
0.16
0.16
0.19
0.18
0.15
0.15
0.55
0.55
0.16
0.18
0.66
0.67
0.16
0.16
0.69
0.68
0.17
0.17
1.38
0.30
1.29
0.20
0.15
0.15
0.17
0.15
1.32
1.32
0.19
0.23
CorWatt	PkgWatt
14.90	188.80
0.21	111.30
0.19
0.19
0.18
0.26
5.76
0.21
0.24
0.19
0.17
0.17
0.16
0.17
0.15
0.15
0.20
0.21
0.17
0.18
0.20
0.18
0.19
0.20
0.17
0.21
0.17
0.16
0.19
0.19
0.18
0.18
0.18
0.09	77.36
0.08
0.08
0.08
0.08
0.08
0.08
0.08
0.08
0.08
0.08
0.09
0.08
0.08
0.08
0.08
0.08
0.08
0.08
0.08
0.09
0.09
0.09
0.09
0.08
0.08
0.09
0.08
0.54
0.25
0.10
0.12
CorWatt	PkgWatt
13.23	186.40
0.17	110.18
0.17
0.16
0.16
0.21
5.77
0.21
0.21
0.15
0.15
0.14
0.15
0.14
0.14
0.14
0.14
0.16
0.16
0.16
0.17
0.17
0.16
0.16
0.16
0.16
0.15
0.15
0.16
0.15
0.15
0.17
0.15
0.08	76.30
0.08
0.08
0.08
0.08
0.08
0.07
0.07
0.07
0.07
0.07
0.08
0.07
0.07
0.07
0.07
0.08
0.08
0.07
0.07
0.08
0.08
0.08
0.08
0.08
0.08
0.08
0.07
0.07
0.08
0.07
0.08
CorWatt	PkgWatt
12.88	186.03
0.17	110.12
0.16
0.16
0.16
0.21
5.74
0.21
0.20
0.14
0.14
0.14
0.14
0.14
0.14
0.14
0.14
0.16
0.16
0.16
0.17
0.17
0.16
0.16
0.16
0.16
0.15
0.15
0.15
0.15
0.15
0.17
0.15
0.07	75.81
0.07
0.07
0.07
0.07
0.07
0.07
0.07
0.07
0.06
0.06
0.07
0.06
0.06
0.06
0.06
0.07
0.07
0.07
0.07
0.08
0.08
0.08
0.08
0.07
0.07
0.07
0.07
0.07
0.07
0.07
0.08
CorWatt	PkgWatt
12.83	185.85
0.17	110.02
0.16
0.16
0.16
0.21
5.74
0.21
0.20
0.14
0.14
0.14
0.14
0.14
0.14
0.14
0.14
0.16
0.16
0.16
0.17
0.17
0.16
0.16
0.15
0.16
0.15
0.15
0.15
0.15
0.15
0.17
0.15
0.07	75.84
0.07
0.07
0.07
0.07
0.07
0.07
0.06
0.06
0.06
0.06
0.07
0.06
0.06
0.06
0.06
0.07
0.07
0.07
0.07
0.08
0.08
0.07
0.07
0.07
0.07
0.07
0.07
0.07
0.07
0.07
0.07
CorWatt	PkgWatt
12.87	185.76
0.17	110.08
0.16
0.16
0.16
0.21
5.74
0.21
0.20
0.14
0.14
0.14
0.14
0.14
0.14
0.14
0.14
0.16
0.16
0.16
0.17
0.17
0.16
0.16
0.16
0.16
0.15
0.15
0.15
0.15
0.15
0.17
0.15
0.07	75.79
0.07
0.07
0.07
0.07
0.07
0.07
0.07
0.06
0.06
0.06
0.07
0.06
0.06
0.06
0.06
0.07
0.07
0.07
0.07
0.08
0.08
0.07
0.07
0.07
0.07
0.08
0.07
0.07
0.07
0.07
0.08
CorWatt	PkgWatt
11.15	177.31
0.16	101.09
0.15
0.16
0.15
0.18
4.15
0.18
0.18
0.13
0.13
0.13
0.14
0.13
0.13
0.13
0.13
0.15
0.14
0.15
0.16
0.16
0.15
0.14
0.14
0.14
0.14
0.14
0.21
0.14
0.14
0.20
0.14
0.07	76.12
0.07
0.07
0.07
0.07
0.07
0.07
0.07
0.07
0.07
0.07
0.08
0.07
0.07
0.07
0.07
0.07
0.07
0.07
0.07
0.08
0.08
0.08
0.08
0.07
0.08
0.08
0.07
0.07
0.08
0.07
0.08
CorWatt	PkgWatt
13.73	167.28
0.40	88.30
0.41
0.68
0.97
0.24
0.25
0.27
0.27
0.24
0.25
0.25
0.25
0.23
0.23
0.23
0.23
0.25
0.26
0.27
0.27
0.27
0.27
0.27
0.27
0.63
0.27
0.27
0.62
0.22
0.21
0.21
0.22
0.12	79.12
0.11
0.11
0.11
0.10
0.11
0.11
0.11
0.11
0.11
0.11
0.12
0.10
0.10
0.10
0.10
0.11
0.12
0.11
0.11
0.11
0.11
0.11
0.11
0.11
0.12
0.12
0.11
0.12
0.12
0.11
0.12
CorWatt	PkgWatt
9.64	160.29
0.40	84.31
0.39
0.67
1.30
0.17
0.17
0.17
0.17
0.15
0.15
0.15
0.15
0.15
0.15
0.15
0.15
0.17
0.17
0.17
0.17
0.19
0.17
0.17
0.17
0.20
0.17
0.17
0.17
0.18
0.16
0.16
0.16
0.07	75.87
0.07
0.07
0.07
0.07
0.07
0.07
0.07
0.07
0.07
0.07
0.08
0.06
0.06
0.06
0.06
0.07
0.07
0.07
0.07
0.08
0.08
0.08
0.08
0.07
0.07
0.08
0.07
0.07
0.08
0.07
0.08
CorWatt	PkgWatt
9.76	160.22
0.40	84.37
0.39
1.55
0.43
0.17
0.17
0.17
0.17
0.16
0.16
0.22
0.16
0.15
0.15
0.15
0.15
0.17
0.17
0.17
0.17
0.19
0.17
0.17
0.17
0.20
0.17
0.17
0.17
0.18
0.16
0.16
0.16
0.07	75.95
0.07
0.07
0.07
0.07
0.07
0.07
0.07
0.07
0.07
0.07
0.08
0.06
0.06
0.06
0.06
0.07
0.07
0.07
0.07
0.08
0.08
0.08
0.08
0.07
0.07
0.08
0.07
0.07
0.08
0.07
0.08
CorWatt	PkgWatt
10.16	160.86
0.40	84.52
0.40
1.58
0.40
0.18
0.17
0.18
0.18
0.16
0.16
0.16
0.16
0.16
0.16
0.15
0.19
0.19
0.18
0.18
0.20
0.19
0.18
0.18
0.17
0.20
0.17
0.17
0.17
0.18
0.16
0.17
0.17
0.08	76.31
0.08
0.08
0.08
0.08
0.08
0.08
0.08
0.07
0.07
0.07
0.08
0.07
0.07
0.07
0.07
0.08
0.08
0.07
0.08
0.09
0.08
0.08
0.08
0.08
0.08
0.09
0.08
0.09
0.09
0.08
0.08
CorWatt	PkgWatt
14.31	182.39
0.44	95.42
0.41
1.27
0.76
0.23
0.21
0.19
0.23
0.21
0.17
0.16
0.16
0.39
0.40
0.18
0.17
0.22
0.20
0.20
0.23
0.31
0.21
0.20
0.20
0.26
0.19
0.18
0.21
0.26
0.22
0.19
0.25
0.16	87.05
0.15
0.14
0.25
0.17
0.18
0.17
0.15
0.18
0.13
0.14
0.19
0.14
0.12
0.15
0.13
0.21
0.18
0.15
0.23
0.19
0.15
0.13
0.17
0.12
0.13
0.19
0.14
0.23
0.14
0.13
0.17
CorWatt	PkgWatt
13.05	171.46
0.69	91.02
0.37
1.41
0.50
0.31
0.24
0.21
0.19
0.31
0.23
0.20
0.20
0.28
0.38
0.27
0.25
0.29
0.29
0.22
0.27
0.22
0.27
0.23
0.20
0.29
0.30
0.25
0.27
0.28
0.32
0.20
0.23
0.09	80.45
0.09
0.09
0.09
0.08
0.08
0.08
0.09
0.08
0.08
0.08
0.09
0.08
0.07
0.07
0.07
0.09
0.12
0.08
0.12
0.10
0.10
0.09
0.16
0.09
0.09
0.09
0.08
0.11
0.09
0.08
0.08
CorWatt	PkgWatt
15.33	172.74
1.76	92.47
0.41
0.43
0.28
0.34
0.45
0.26
0.20
0.21
0.31
0.18
0.17
0.24
0.26
1.29
1.31
0.30
0.28
0.22
0.25
0.22
0.22
0.23
0.20
0.27
0.22
0.22
0.23
0.20
0.19
0.22
0.21
0.11	80.25
0.10
0.10
0.10
0.10
0.11
0.10
0.10
0.09
0.09
0.09
0.11
0.09
0.09
0.09
0.09
0.11
0.10
0.09
0.11
0.10
0.11
0.10
0.10
0.10
0.10
0.11
0.10
0.41
0.11
0.11
0.12
CorWatt	PkgWatt
20.91	209.96
0.28	108.53
0.20
0.20
0.20
2.32
2.44
0.28
0.27
0.16
0.15
0.15
0.15
1.49
1.51
0.21
0.20
0.19
0.17
0.17
0.17
0.39
0.39
0.18
0.18
0.42
0.45
0.23
0.18
0.16
0.16
0.16
0.15
0.15	101.38
0.16
0.15
0.16
0.15
0.15
0.15
0.15
0.15
0.15
0.15
0.17
0.14
0.14
0.14
0.14
0.15
0.15
0.15
0.15
0.16
0.16
0.16
0.16
0.16
0.16
0.17
0.15
1.98
0.23
0.23
0.23
CorWatt	PkgWatt
20.75	209.89
0.38	108.46
0.31
0.20
0.20
1.82
1.68
0.48
0.25
0.27
0.25
0.16
0.16
0.41
0.42
0.16
0.16
0.17
0.17
0.18
0.17
1.94
1.99
0.25
0.24
0.25
0.21
0.17
0.18
0.16
0.15
0.15
0.16
0.15	101.39
0.16
0.15
0.15
0.15
0.15
0.15
0.15
0.15
0.15
0.15
0.18
0.14
0.14
0.14
0.14
0.16
0.15
0.15
0.15
0.16
0.16
0.16
0.16
0.15
0.16
0.18
0.15
1.92
0.23
0.23
0.24
CorWatt	PkgWatt
20.75	207.12
1.37	102.76
2.40
0.34
0.50
0.18
0.18
0.18
0.18
0.16
0.16
0.16
0.16
0.16
0.16
0.16
0.16
0.18
0.17
0.18
0.17
0.20
0.18
0.18
0.18
0.19
0.21
0.18
0.22
0.17
0.16
0.16
0.17
0.14	104.29
0.15
0.14
0.14
0.90
0.90
0.17
0.17
0.14
0.14
0.14
0.16
0.18
0.18
0.13
0.13
0.14
0.14
0.14
0.14
1.82
1.88
0.22
0.21
0.14
0.15
0.17
0.14
0.60
0.71
0.53
0.17
CorWatt	PkgWatt
18.66	169.54
1.51	92.84
1.94
0.51
0.52
0.28
0.70
0.21
0.20
0.27
0.26
0.16
0.17
1.86
1.52
0.58
0.23
1.22
1.21
0.22
0.21
0.20
0.18
0.18
0.17
0.19
0.22
0.18
0.22
0.16
0.16
0.16
0.16
0.09	76.69
0.09
0.08
0.09
0.08
0.08
0.08
0.08
0.08
0.08
0.08
0.11
0.08
0.07
0.07
0.07
0.09
0.08
0.08
0.08
0.09
0.09
0.09
0.09
0.09
0.09
0.11
0.09
0.08
0.08
0.08
0.08
CorWatt	PkgWatt
19.81	171.44
0.31	90.39
0.20
0.20
0.20
0.27
1.94
0.27
0.27
0.16
0.16
0.16
0.16
2.81
2.09
1.00
0.26
0.17
0.17
0.17
0.17
0.26
0.25
0.18
0.18
0.18
0.22
0.18
0.22
0.17
0.16
0.16
0.16
1.17	81.02
1.17
0.15
0.15
0.11
0.11
0.11
0.11
0.23
0.23
0.11
0.13
0.10
0.10
0.10
0.10
0.11
0.11
0.11
0.11
0.27
0.28
0.12
0.12
0.13
0.13
0.14
0.11
0.10
0.10
0.10
0.11
CorWatt	PkgWatt
20.95	190.36
0.30	92.66
0.19
0.20
0.19
0.26
1.92
0.26
0.26
0.15
0.15
0.23
0.15
0.15
0.15
0.15
0.15
0.17
0.17
0.17
0.17
0.19
0.17
0.17
0.17
0.20
0.18
0.17
0.21
0.16
0.15
0.15
0.15
0.29	97.70
0.29
0.15
0.16
0.77
0.75
0.17
0.17
1.19
1.19
0.18
0.21
0.14
0.13
0.13
0.13
0.15
0.15
0.15
0.15
0.35
0.34
0.16
0.16
0.96
0.94
0.22
0.18
1.47
1.50
0.19
0.21
CorWatt	PkgWatt
20.68	201.40
0.97	100.21
0.90
0.28
0.22
0.26
1.93
0.26
0.26
0.15
0.15
0.15
0.15
0.16
0.15
0.15
0.15
0.17
0.17
0.17
0.17
0.18
0.17
0.17
0.17
0.21
0.17
0.17
0.21
0.16
0.15
0.15
0.15
1.25	101.21
1.26
0.19
0.19
0.14
0.14
0.14
0.14
0.16
0.16
0.14
0.17
0.17
0.17
0.13
0.16
0.14
0.14
0.14
0.16
1.34
0.49
1.09
0.20
0.34
0.33
0.18
0.15
0.95
0.95
0.16
0.17
CorWatt	PkgWatt
20.35	181.96
0.89	91.39
1.03
0.45
0.23
0.26
0.36
1.98
0.26
0.30
0.30
0.16
0.16
0.15
0.15
0.15
0.15
0.18
0.17
0.17
0.17
0.19
0.17
0.17
0.17
0.21
0.17
0.17
0.21
0.16
0.15
0.15
0.15
1.46	90.53
0.65
0.98
0.18
0.13
0.13
0.13
0.13
0.24
0.25
0.13
0.15
0.12
0.12
0.12
0.12
0.13
0.13
0.13
0.13
1.05
1.08
0.18
0.18
0.84
0.84
0.18
0.16
0.13
0.12
0.12
0.13
CorWatt	PkgWatt
21.27	205.96
0.32	100.93
0.19
0.20
0.19
0.26
0.34
1.92
0.26
0.16
0.16
0.15
0.16
0.16
0.16
0.15
0.19
0.17
0.17
0.17
0.18
0.19
0.17
0.17
0.17
0.21
0.17
0.18
0.21
0.16
0.16
0.16
0.16
0.18	105.05
0.16
0.16
0.16
0.21
0.20
0.15
0.15
2.04
2.05
0.22
0.25
0.94
0.93
0.17
0.17
0.16
0.15
0.15
0.16
1.20
0.45
1.00
0.21
0.20
0.20
0.18
0.16
0.41
0.40
0.16
0.16
CorWatt	PkgWatt
20.49	195.35
1.11	98.30
1.03
0.25
0.22
0.26
0.33
1.92
0.26
0.15
0.15
0.15
0.15
0.15
0.15
0.15
0.15
0.18
0.17
0.17
0.18
0.18
0.17
0.17
0.17
0.21
0.17
0.18
0.21
0.16
0.15
0.16
0.15
0.26	97.09
0.30
0.18
0.15
1.15
0.23
1.09
0.17
0.56
0.54
0.15
0.17
0.25
0.24
0.13
0.12
0.49
0.49
0.15
0.15
0.22
0.21
0.14
0.14
1.14
1.13
0.20
0.17
0.26
0.24
0.13
0.14
CorWatt	PkgWatt
22.19	183.34
1.16	96.77
1.13
0.31
0.27
0.28
0.35
1.17
0.68
1.77
1.57
0.30
0.27
0.83
0.44
0.21
0.21
0.27
0.25
0.24
0.28
0.26
0.23
0.24
0.27
0.26
0.23
0.24
0.31
0.21
0.57
0.22
0.24
0.15	86.72
0.14
0.15
0.15
0.15
0.15
0.15
0.14
1.22
1.11
0.21
0.21
0.17
0.17
0.13
0.13
0.16
0.16
0.14
0.15
0.14
0.15
0.15
0.15
0.15
0.15
0.17
0.15
0.14
0.14
0.14
0.15
CorWatt	PkgWatt
20.12	187.14
0.31	91.02
0.20
0.20
0.20
0.17
0.17
0.17
0.17
0.97
0.50
0.32
0.33
0.15
0.15
0.15
0.15
0.18
0.19
0.18
0.17
0.20
0.18
0.18
0.18
0.18
0.22
0.17
0.17
0.17
0.20
0.17
0.17
1.15	95.94
1.13
0.20
0.19
1.34
1.03
0.19
0.18
0.27
0.28
0.15
0.17
0.15
0.14
0.14
0.14
0.95
0.94
0.18
0.18
1.00
0.96
0.26
0.20
0.20
0.20
0.17
0.15
0.16
0.15
0.14
0.15
CorWatt	PkgWatt
19.33	181.21
0.56	95.21
0.46
0.23
0.21
0.38
0.39
0.19
0.19
0.33
0.50
0.97
0.32
1.16
0.96
0.42
0.20
0.18
0.19
0.18
0.18
0.20
0.18
0.18
0.18
0.22
1.17
1.11
0.22
0.59
0.63
0.19
0.19
0.11	86.04
0.11
0.11
0.11
0.11
0.11
0.11
0.11
0.11
0.11
0.11
0.14
0.10
0.10
0.10
0.10
0.15
0.15
0.11
0.12
1.00
0.16
1.02
0.16
0.37
0.35
0.15
0.13
0.12
0.12
0.10
0.11
CorWatt	PkgWatt
20.58	194.14
0.31	94.34
0.20
0.20
0.20
0.17
0.17
0.17
0.17
0.32
1.17
0.32
0.32
0.26
0.25
0.16
0.16
0.17
0.17
0.17
0.17
0.19
0.17
0.17
0.17
0.16
0.17
0.16
0.16
0.17
0.20
0.16
0.17
1.55	99.84
1.54
0.22
0.22
1.19
1.17
0.19
0.19
0.43
0.43
0.16
0.18
1.00
1.01
0.18
0.18
0.55
0.53
0.16
0.17
0.15
0.16
0.16
0.16
0.20
0.16
0.18
0.15
0.16
0.21
0.18
0.15
CorWatt	PkgWatt
20.58	193.65
0.31	92.78
0.20
0.20
0.19
0.17
0.17
0.17
0.17
0.32
1.02
0.48
0.32
0.16
0.16
0.17
0.16
0.17
0.17
0.17
0.17
0.19
0.17
0.17
0.17
0.16
0.16
0.17
0.16
0.17
0.20
0.17
0.16
1.06	100.77
1.05
0.20
0.20
0.18
0.15
0.15
0.15
0.29
0.28
0.15
0.18
1.69
1.85
1.00
0.40
1.08
1.07
0.19
0.19
0.16
0.16
0.16
0.16
0.20
0.16
0.18
0.16
0.17
0.16
0.14
0.15
CorWatt	PkgWatt
20.54	196.32
0.30	95.14
0.20
0.20
0.19
0.17
0.17
0.17
0.17
0.32
0.98
0.58
0.32
0.15
0.15
0.15
0.15
0.17
0.17
0.17
0.17
0.18
0.17
0.17
0.17
0.16
0.16
0.16
0.16
0.17
0.20
0.16
0.16
0.63	101.44
0.62
0.17
0.18
0.15
0.15
0.15
0.15
0.56
0.40
0.32
0.18
0.33
0.32
0.15
0.14
0.59
0.58
0.16
0.17
1.32
1.91
0.81
0.24
0.20
0.16
0.18
0.16
0.96
0.98
0.18
0.19
CorWatt	PkgWatt
20.61	202.66
0.31	97.13
0.20
0.20
0.19
0.17
0.17
0.17
0.17
0.32
0.92
0.60
0.33
0.15
0.15
0.15
0.15
0.17
0.17
0.17
0.17
0.19
0.18
0.17
0.17
0.16
0.16
0.16
0.17
0.17
0.20
0.16
0.16
0.17	105.30
0.15
0.15
0.16
1.00
0.99
0.19
0.19
0.49
0.48
0.16
0.19
0.14
0.14
0.14
0.14
0.16
0.15
0.15
0.15
1.16
1.18
0.20
0.20
0.66
0.63
0.22
0.18
1.58
1.17
0.58
0.21
CorWatt	PkgWatt
22.77	204.07
0.28	100.72
0.19
0.20
0.19
0.17
0.17
0.17
0.16
0.22
0.23
3.81
0.22
0.15
0.15
0.15
0.15
0.17
0.17
0.17
0.17
0.19
0.17
0.17
0.17
0.16
0.16
0.16
0.16
0.16
0.18
0.16
0.16
0.19	103.71
0.18
0.15
0.15
2.14
1.32
1.05
0.24
0.15
0.15
0.15
0.18
1.23
1.23
0.20
0.19
0.22
0.22
0.15
0.15
0.54
0.53
0.18
0.18
0.30
0.29
0.21
0.16
0.58
0.58
0.16
0.17
CorWatt	PkgWatt
22.97	195.83
0.29	98.00
0.20
0.19
0.19
0.17
0.17
0.17
0.17
0.21
0.21
4.08
0.21
0.16
0.16
0.15
0.16
0.17
0.17
0.17
0.17
0.19
0.17
0.17
0.17
0.16
0.16
0.16
0.16
0.16
0.18
0.16
0.16
0.39	97.78
0.38
0.16
0.17
1.51
1.49
0.21
0.21
0.15
0.15
0.15
0.17
0.14
0.14
0.14
0.13
0.47
0.46
0.17
0.16
0.28
0.28
0.16
0.16
1.57
0.65
1.15
0.25
0.79
0.80
0.17
0.17
CorWatt	PkgWatt
22.87	203.95
0.29	99.35
0.19
0.19
0.19
0.17
0.16
0.16
0.16
0.21
0.21
4.10
0.21
0.15
0.15
0.15
0.15
0.17
0.17
0.17
0.16
0.18
0.17
0.17
0.17
0.16
0.16
0.16
0.16
0.16
0.18
0.16
0.16
0.18	104.25
0.17
0.15
0.15
1.44
1.44
0.21
0.20
0.15
0.15
0.15
0.17
0.24
0.24
0.14
0.14
0.16
0.15
0.15
0.16
0.73
0.75
0.19
0.18
1.17
1.16
0.20
0.25
1.21
1.20
0.19
0.20
CorWatt	PkgWatt
22.90	197.16
0.29	96.51
0.19
0.19
0.19
0.17
0.17
0.17
0.17
0.21
0.21
4.08
0.21
0.15
0.15
0.15
0.15
0.17
0.17
0.17
0.17
0.19
0.17
0.17
0.17
0.16
0.16
0.16
0.16
0.16
0.18
0.16
0.16
0.24	100.65
0.24
0.15
0.16
1.15
0.62
0.73
0.19
0.39
0.39
0.16
0.18
0.14
0.14
0.14
0.14
0.87
0.86
0.18
0.18
1.85
1.13
1.01
0.24
0.41
0.41
0.17
0.21
0.22
0.21
0.14
0.15
CorWatt	PkgWatt
22.91	200.69
0.29	99.13
0.19
0.19
0.19
0.17
0.17
0.17
0.17
0.21
0.21
4.09
0.21
0.15
0.15
0.15
0.15
0.17
0.17
0.17
0.17
0.18
0.17
0.17
0.17
0.16
0.16
0.17
0.16
0.16
0.18
0.16
0.16
0.71	101.71
0.70
0.18
0.18
0.85
0.30
0.71
0.18
0.45
0.45
0.16
0.18
0.14
0.14
0.14
0.14
0.16
0.15
0.15
0.15
1.51
1.56
0.22
0.22
0.57
0.57
0.18
0.22
0.88
0.90
0.18
0.19
CorWatt	PkgWatt
22.89	197.21
0.29	97.24
0.20
0.19
0.19
0.17
0.17
0.17
0.17
0.21
0.21
4.09
0.21
0.15
0.15
0.15
0.15
0.17
0.17
0.17
0.16
0.19
0.17
0.17
0.17
0.16
0.16
0.16
0.16
0.16
0.18
0.16
0.16
0.52	99.84
0.50
0.17
0.17
0.32
0.30
0.16
0.16
0.23
0.36
0.27
0.17
0.16
0.15
0.14
0.14
0.27
0.27
0.15
0.15
0.83
0.35
0.70
0.19
1.68
1.67
0.23
0.27
1.18
1.17
0.19
0.19
CorWatt	PkgWatt
17.01	187.66
0.23	97.04
0.18
0.18
0.18
0.17
0.17
0.18
0.17
0.21
0.21
4.06
0.21
0.15
0.15
0.15
0.15
0.18
0.18
0.17
0.16
0.18
0.17
0.17
0.17
0.16
0.16
0.16
0.16
0.16
0.19
0.16
0.19
0.13	90.63
0.12
0.14
0.14
0.48
0.80
0.18
0.14
0.24
0.23
0.12
0.14
0.18
0.18
0.21
0.12
0.14
0.13
0.12
0.16
0.99
0.18
0.99
0.20
0.14
0.13
0.14
0.17
0.12
0.12
0.16
0.12
CorWatt	PkgWatt
11.75	163.40
0.17	86.62
0.16
0.16
0.16
0.16
0.16
0.16
0.16
0.22
0.22
3.97
0.22
0.15
0.14
0.14
0.14
0.16
0.16
0.16
0.16
0.17
0.17
0.16
0.16
0.15
0.15
0.15
0.15
0.16
0.17
0.15
0.15
0.09	76.73
0.09
0.09
0.09
0.09
0.09
0.10
0.09
0.08
0.08
0.08
0.08
0.07
0.07
0.07
0.07
0.10
0.09
0.08
0.09
0.09
0.09
0.09
0.09
0.09
0.08
0.09
0.09
0.08
0.08
0.08
0.08
CorWatt	PkgWatt
11.57	162.86
0.18	86.54
0.16
0.16
0.16
0.16
0.16
0.16
0.16
0.22
0.29
3.98
0.22
0.14
0.14
0.14
0.14
0.16
0.16
0.16
0.16
0.17
0.16
0.16
0.16
0.15
0.15
0.15
0.15
0.15
0.17
0.15
0.15
0.08	76.41
0.08
0.08
0.08
0.08
0.08
0.09
0.08
0.07
0.07
0.07
0.08
0.07
0.07
0.07
0.07
0.09
0.09
0.08
0.08
0.08
0.08
0.08
0.08
0.08
0.08
0.08
0.08
0.07
0.07
0.07
0.07
CorWatt	PkgWatt
11.44	162.76
0.17	86.41
0.16
0.16
0.16
0.16
0.16
0.16
0.16
0.21
0.21
3.97
0.21
0.14
0.14
0.14
0.14
0.16
0.16
0.16
0.16
0.18
0.16
0.16
0.16
0.15
0.15
0.15
0.15
0.15
0.17
0.15
0.15
0.08	76.28
0.08
0.08
0.08
0.08
0.08
0.09
0.08
0.07
0.07
0.07
0.08
0.07
0.07
0.07
0.07
0.08
0.09
0.08
0.08
0.08
0.08
0.08
0.08
0.08
0.08
0.09
0.08
0.07
0.07
0.07
0.07
CorWatt	PkgWatt
10.56	161.39
0.16	85.03
0.15
0.15
0.15
0.15
0.15
0.15
0.15
0.19
0.19
3.45
0.19
0.13
0.13
0.13
0.13
0.15
0.15
0.15
0.15
0.16
0.15
0.15
0.15
0.14
0.14
0.14
0.14
0.14
0.16
0.14
0.14
0.08	76.39
0.08
0.08
0.08
0.08
0.08
0.09
0.08
0.07
0.07
0.07
0.08
0.07
0.07
0.07
0.07
0.08
0.08
0.08
0.08
0.08
0.08
0.08
0.08
0.08
0.08
0.09
0.08
0.07
0.07
0.07
0.07
CorWatt	PkgWatt
12.20	165.59
0.21	85.76
0.19
0.20
0.19
0.22
0.21
0.59
0.22
0.20
0.20
0.20
0.20
0.27
0.27
0.27
0.85
0.21
0.20
0.21
0.21
0.23
0.21
0.22
0.62
0.20
0.19
0.21
0.21
0.18
0.23
0.20
0.20
0.12	79.92
0.13
0.13
0.13
0.13
0.13
0.14
0.13
0.12
0.12
0.12
0.13
0.11
0.10
0.11
0.11
0.14
0.13
0.13
0.14
0.12
0.13
0.13
0.13
0.13
0.13
0.14
0.13
0.12
0.11
0.12
0.12
CorWatt	PkgWatt
9.45	159.94
0.18	83.46
0.17
0.17
0.17
0.18
0.17
0.20
0.18
0.15
0.15
0.15
0.15
0.35
0.35
0.35
1.27
0.16
0.16
0.17
0.16
0.18
0.17
0.17
0.17
0.16
0.16
0.16
0.16
0.15
0.15
0.15
0.15
0.08	76.39
0.08
0.08
0.08
0.08
0.08
0.09
0.08
0.07
0.07
0.07
0.08
0.07
0.07
0.07
0.07
0.09
0.08
0.09
0.09
0.09
0.08
0.08
0.08
0.08
0.08
0.09
0.09
0.07
0.07
0.07
0.07
CorWatt	PkgWatt
9.41	159.88
0.18	83.39
0.17
0.17
0.17
0.18
0.17
0.20
0.18
0.14
0.15
0.15
0.14
0.35
0.35
0.35
1.28
0.16
0.16
0.16
0.16
0.18
0.17
0.17
0.17
0.15
0.16
0.16
0.16
0.15
0.15
0.15
0.15
0.08	76.45
0.08
0.08
0.08
0.08
0.08
0.09
0.08
0.07
0.07
0.07
0.08
0.07
0.07
0.07
0.07
0.09
0.08
0.09
0.09
0.08
0.08
0.08
0.08
0.08
0.08
0.09
0.09
0.07
0.07
0.07
0.07
CorWatt	PkgWatt
9.43	159.70
0.18	83.43
0.17
0.17
0.17
0.18
0.17
0.20
0.18
0.15
0.15
0.15
0.15
1.13
0.35
0.35
0.51
0.16
0.16
0.16
0.16
0.18
0.17
0.17
0.17
0.16
0.16
0.16
0.16
0.15
0.15
0.15
0.15
0.08	76.38
0.08
0.08
0.08
0.08
0.08
0.09
0.08
0.07
0.07
0.07
0.08
0.07
0.07
0.07
0.07
0.09
0.08
0.09
0.09
0.08
0.08
0.08
0.08
0.08
0.08
0.09
0.09
0.07
0.07
0.07
0.07
CorWatt	PkgWatt
9.90	160.56
0.19	83.76
0.18
0.18
0.17
0.18
0.18
0.21
0.19
0.15
0.15
0.15
0.15
1.28
0.36
0.35
0.36
0.17
0.17
0.17
0.17
0.19
0.17
0.17
0.21
0.17
0.16
0.19
0.18
0.15
0.15
0.15
0.16
0.09	76.76
0.08
0.08
0.09
0.09
0.09
0.10
0.09
0.08
0.08
0.08
0.09
0.07
0.07
0.07
0.07
0.10
0.09
0.10
0.10
0.09
0.09
0.09
0.09
0.09
0.09
0.10
0.09
0.08
0.08
0.08
0.08
CorWatt	PkgWatt
12.15	173.59
0.20	89.60
0.18
0.19
0.17
0.18
0.18
0.22
0.18
0.15
0.15
0.15
0.15
1.28
0.36
0.35
0.39
0.18
0.18
0.18
0.16
0.18
0.17
0.17
0.16
0.16
0.16
0.16
0.16
0.16
0.16
0.16
0.19
0.18	83.95
0.12
0.16
0.17
0.15
0.13
0.16
0.16
0.15
0.13
0.11
0.18
0.22
0.15
0.15
0.11
0.18
0.13
0.13
0.20
0.20
0.16
0.15
0.24
0.16
0.14
0.20
0.18
0.14
0.12
0.11
0.15
CorWatt	PkgWatt
15.83	188.64
0.24	94.48
0.19
0.21
0.19
0.19
0.18
0.23
0.20
0.15
0.15
0.15
0.16
0.84
0.51
0.33
0.58
0.18
0.17
0.18
0.21
0.23
0.19
0.18
0.18
0.17
0.17
0.21
0.17
0.16
0.19
0.17
0.18
0.19	94.33
0.18
0.33
0.24
0.26
0.21
0.26
0.22
0.45
0.37
0.24
0.33
0.26
0.22
0.27
0.21
0.36
0.21
0.23
0.18
0.31
0.21
0.19
0.32
0.22
0.22
0.28
0.28
0.58
0.20
0.17
0.20
CorWatt	PkgWatt
12.59	169.12
0.22	86.64
0.18
0.18
0.18
0.18
0.18
0.22
0.18
0.15
0.23
0.15
0.15
0.35
0.49
0.35
1.18
0.17
0.17
0.19
0.18
0.20
0.17
0.17
0.17
0.16
0.17
0.16
0.17
0.17
0.17
0.17
0.16
0.15	82.51
0.13
0.15
0.14
0.27
0.23
0.12
0.38
0.12
0.30
0.14
0.13
0.11
0.12
0.23
0.17
0.15
0.14
0.12
0.14
0.15
0.13
0.20
0.14
0.18
0.14
0.14
0.20
0.14
0.16
0.12
0.11
CorWatt	PkgWatt
21.48	191.52
0.32	91.99
0.20
0.20
0.20
0.21
0.19
0.20
0.19
0.16
0.17
0.16
0.16
0.36
0.87
0.36
0.87
0.18
0.18
0.18
0.18
0.20
0.18
0.18
0.18
0.17
0.17
0.18
0.18
0.17
0.16
0.16
0.17
1.51	99.48
1.49
0.20
0.19
0.77
0.18
0.18
0.74
0.19
0.18
0.16
0.19
1.11
1.13
0.20
0.19
0.29
0.47
0.33
0.17
0.17
0.17
0.17
0.17
1.09
1.09
0.23
0.22
0.17
0.18
0.17
0.17
CorWatt	PkgWatt
20.71	185.40
0.31	89.62
0.20
0.19
0.19
0.21
0.18
0.18
0.18
0.15
0.15
0.15
0.15
0.36
1.34
0.35
0.37
0.17
0.17
0.17
0.17
0.19
0.17
0.17
0.17
0.16
0.16
0.16
0.16
0.16
0.16
0.15
0.16
0.32	95.56
0.30
0.16
0.16
0.28
0.27
0.15
0.15
0.41
0.40
0.15
0.18
0.57
0.57
0.15
0.15
0.38
2.01
1.89
0.23
0.22
0.21
0.16
0.16
0.56
0.55
0.20
0.19
0.94
0.94
0.17
0.17
CorWatt	PkgWatt
20.80	192.93
0.31	93.63
0.20
0.20
0.19
0.21
0.18
0.18
0.18
0.15
0.15
0.15
0.15
0.36
0.37
0.35
1.34
0.17
0.17
0.17
0.17
0.19
0.17
0.17
0.17
0.16
0.16
0.16
0.16
0.16
0.16
0.16
0.16
1.69	99.29
1.68
0.20
0.20
1.12
1.11
0.18
0.18
0.35
0.36
0.15
0.17
0.14
0.15
0.14
0.14
0.19
0.16
0.15
0.15
1.30
1.31
0.23
0.20
0.26
0.42
0.35
0.20
0.14
0.14
0.14
0.14
CorWatt	PkgWatt
20.66	191.16
0.31	92.53
0.20
0.19
0.19
0.21
0.18
0.18
0.18
0.15
0.15
0.15
0.15
0.36
1.36
0.35
0.36
0.17
0.17
0.17
0.17
0.19
0.17
0.17
0.17
0.16
0.16
0.16
0.16
0.16
0.15
0.15
0.16
0.17	98.70
0.15
0.15
0.15
1.78
0.91
1.05
0.20
0.77
0.76
0.16
0.19
0.70
0.68
0.16
0.16
0.58
0.57
0.16
0.16
0.16
0.16
0.15
0.15
0.19
1.06
0.27
1.00
0.14
0.14
0.14
0.15
CorWatt	PkgWatt
21.01	173.93
0.31	84.15
0.23
0.20
0.20
0.22
0.18
0.19
0.18
0.16
0.16
0.15
0.16
0.36
0.36
0.36
1.35
0.17
0.17
0.17
0.17
0.19
0.18
0.18
0.17
0.16
0.16
0.16
0.17
0.16
0.16
0.16
0.20
0.50	89.80
0.49
0.16
0.16
0.17
0.16
0.15
0.15
2.11
1.97
0.36
0.24
0.21
0.20
0.15
0.14
1.06
0.24
1.02
0.19
0.21
0.19
0.16
0.16
0.97
0.97
0.19
0.23
0.15
0.15
0.15
0.15
CorWatt	PkgWatt
21.04	194.45
0.31	93.97
0.21
0.22
0.20
0.24
0.21
0.21
0.35
0.15
0.15
0.15
0.15
0.33
1.17
0.32
0.35
0.17
0.17
0.17
0.17
0.19
0.17
0.17
0.17
0.16
0.16
0.16
0.16
0.17
0.16
0.16
0.16
1.29	100.66
1.28
0.18
0.19
0.56
0.55
0.17
0.17
0.39
0.38
0.16
0.18
1.23
1.24
0.18
0.18
0.16
0.15
0.15
0.15
0.98
0.98
0.18
0.18
0.22
0.21
0.20
0.18
0.60
0.60
0.16
0.17
CorWatt	PkgWatt
20.54	181.72
0.29	87.64
0.19
0.19
0.19
0.84
0.37
0.41
0.87
0.15
0.15
0.15
0.15
0.15
0.15
0.15
0.15
0.16
0.16
0.16
0.16
0.19
0.17
0.17
0.16
0.15
0.15
0.15
0.15
0.15
0.15
0.15
0.15
0.38	94.06
0.37
0.16
0.16
0.15
0.15
0.15
0.15
1.36
1.36
0.19
0.21
1.10
1.10
0.18
0.17
0.43
0.42
0.16
0.16
0.21
0.21
0.16
0.16
1.59
1.58
0.24
0.22
0.14
0.14
0.14
0.15
CorWatt	PkgWatt
20.59	183.97
0.30	89.00
0.19
0.19
0.19
1.10
0.40
0.44
0.77
0.15
0.15
0.15
0.15
0.15
0.15
0.15
0.15
0.16
0.16
0.17
0.16
0.19
0.17
0.17
0.16
0.15
0.15
0.15
0.15
0.15
0.15
0.15
0.15
0.89	94.81
0.89
0.17
0.17
0.33
0.32
0.16
0.15
0.42
0.49
0.22
0.18
0.45
0.45
0.16
0.15
1.50
2.47
0.22
1.16
0.26
0.25
0.16
0.16
0.25
0.22
0.20
0.18
0.16
0.19
0.16
0.15
CorWatt	PkgWatt
20.95	182.79
0.30	88.62
0.20
0.19
0.19
0.44
0.40
0.45
1.45
0.15
0.22
0.15
0.15
0.15
0.15
0.15
0.15
0.17
0.17
0.17
0.17
0.19
0.17
0.17
0.17
0.16
0.16
0.16
0.16
0.16
0.15
0.15
0.15
1.18	94.26
0.20
1.12
0.19
0.27
1.10
1.03
0.18
0.94
0.94
0.18
0.20
0.34
0.34
0.15
0.15
1.24
1.24
0.19
0.19
0.21
0.22
0.16
0.16
0.16
0.17
0.20
0.18
0.14
0.15
0.15
0.15
CorWatt	PkgWatt
23.06	193.25
0.30	93.26
0.21
0.22
0.20
0.37
0.32
0.40
0.74
0.21
0.21
0.20
0.22
0.18
0.17
0.19
0.20
0.22
0.22
0.22
0.22
0.23
0.21
0.22
0.23
0.21
0.21
0.21
1.00
0.17
0.17
0.18
0.18
0.94	99.92
0.92
0.22
0.22
0.37
1.34
1.20
0.24
0.56
0.56
0.20
0.22
1.04
1.02
0.20
0.20
0.20
0.20
0.19
0.20
0.19
0.20
0.20
0.20
1.17
1.17
0.26
0.24
0.19
0.18
0.19
0.20
CorWatt	PkgWatt
22.44	204.42
0.29	102.76
0.19
0.19
0.19
0.17
0.17
0.17
0.16
0.15
0.15
0.15
0.15
0.15
0.15
0.15
0.15
0.17
0.16
0.16
0.16
0.18
0.17
0.17
0.17
0.17
0.17
0.16
0.19
0.21
0.21
3.57
0.21
0.94	101.95
0.93
0.18
0.18
1.74
1.71
0.21
0.21
0.15
0.15
0.15
0.18
1.22
1.43
0.39
0.18
0.16
0.15
0.15
0.15
0.67
0.65
0.17
0.17
0.16
0.16
0.19
0.19
0.14
0.14
0.14
0.15
CorWatt	PkgWatt
25.14	207.85
0.28	112.68
0.19
0.19
0.19
0.17
0.17
0.17
0.17
0.15
0.15
0.15
0.15
0.15
0.15
0.15
0.15
0.17
0.17
0.17
0.17
0.19
0.17
0.17
0.17
0.17
0.17
0.17
0.19
0.21
0.21
6.56
0.21
1.92	94.79
1.07
1.01
0.21
0.60
0.59
0.17
0.17
0.22
0.47
0.39
0.17
0.41
0.41
0.16
0.15
0.15
0.15
0.15
0.15
0.17
0.16
0.16
0.16
1.52
1.22
0.23
0.21
0.14
0.14
0.14
0.15
CorWatt	PkgWatt
25.49	206.04
0.29	112.75
0.20
0.20
0.19
0.17
0.17
0.17
0.17
0.16
0.15
0.15
0.15
0.15
0.15
0.15
0.15
0.17
0.17
0.17
0.17
0.19
0.17
0.17
0.17
0.17
0.17
0.17
0.19
0.21
0.21
6.57
0.21
1.91	93.30
0.76
1.33
0.21
0.43
0.42
0.17
0.16
0.89
0.90
0.18
0.20
0.46
0.46
0.16
0.15
0.42
0.41
0.16
0.16
0.16
0.16
0.16
0.16
0.94
0.94
0.21
0.20
0.14
0.14
0.14
0.15
CorWatt	PkgWatt
25.48	206.13
0.29	112.49
0.19
0.19
0.19
0.17
0.17
0.17
0.17
0.15
0.15
0.15
0.15
0.15
0.15
0.15
0.15
0.17
0.17
0.17
0.17
0.18
0.17
0.17
0.17
0.17
0.17
0.17
0.19
0.21
0.21
6.60
0.21
1.29	93.65
0.76
0.70
0.19
0.42
0.42
0.16
0.16
1.25
0.68
0.76
0.21
0.63
0.62
0.17
0.16
0.41
0.40
0.16
0.16
0.16
0.16
0.16
0.16
1.03
1.04
0.22
0.20
0.18
0.18
0.15
0.15
CorWatt	PkgWatt
25.72	209.72
0.29	112.77
0.19
0.20
0.19
0.17
0.17
0.17
0.17
0.15
0.15
0.15
0.15
0.15
0.15
0.15
0.15
0.17
0.17
0.17
0.17
0.19
0.17
0.17
0.17
0.17
0.17
0.17
0.19
0.21
0.21
6.67
0.21
1.29	96.94
1.27
0.19
0.19
0.27
0.27
0.16
0.16
1.51
1.52
0.21
0.24
0.90
0.91
0.17
0.19
0.19
0.19
0.15
0.16
0.76
0.75
0.18
0.18
0.33
0.31
0.20
0.19
0.15
0.14
0.15
0.15
CorWatt	PkgWatt
25.71	208.63
0.29	112.88
0.19
0.20
0.19
0.17
0.17
0.17
0.17
0.15
0.15
0.15
0.15
0.15
0.15
0.15
0.15
0.17
0.17
0.17
0.17
0.18
0.17
0.17
0.17
0.17
0.17
0.17
0.19
0.21
0.21
6.70
0.21
1.55	95.74
1.54
0.19
0.19
0.26
0.26
0.16
0.16
1.34
1.36
0.20
0.23
1.49
1.48
0.21
0.20
0.27
0.27
0.15
0.16
0.16
0.16
0.16
0.16
0.16
0.16
0.19
0.18
0.15
0.15
0.15
0.16
CorWatt	PkgWatt
25.81	204.85
0.29	112.77
0.19
0.20
0.19
0.17
0.17
0.17
0.17
0.15
0.15
0.15
0.15
0.15
0.15
0.15
0.15
0.17
0.17
0.17
0.17
0.19
0.17
0.17
0.17
0.17
0.17
0.17
0.19
0.21
0.21
6.74
0.22
1.84	92.23
1.82
0.21
0.21
0.76
0.77
0.18
0.18
1.18
0.53
0.83
0.22
0.50
0.50
0.16
0.16
0.54
0.53
0.17
0.17
0.16
0.16
0.16
0.16
0.16
0.16
0.19
0.19
0.25
0.25
0.15
0.15
CorWatt	PkgWatt
25.81	216.94
0.29	113.16
0.19
0.20
0.19
0.17
0.17
0.17
0.17
0.15
0.15
0.15
0.15
0.15
0.15
0.15
0.15
0.17
0.17
0.18
0.17
0.19
0.17
0.17
0.17
0.17
0.17
0.17
0.20
0.21
0.21
6.75
0.21
0.44	103.65
0.42
0.16
0.16
1.91
1.12
1.00
0.22
0.30
0.30
0.15
0.17
0.46
0.44
0.16
0.15
0.43
0.43
0.16
0.16
0.50
0.49
0.17
0.17
0.16
0.16
0.19
0.18
1.20
1.21
0.19
0.19
CorWatt	PkgWatt
25.76	216.02
0.30	113.15
0.19
0.20
0.19
0.17
0.17
0.17
0.17
0.16
0.23
0.15
0.15
0.15
0.15
0.15
0.15
0.17
0.17
0.17
0.17
0.19
0.17
0.17
0.17
0.17
0.17
0.17
0.19
0.21
0.21
6.76
0.22
0.26	102.91
0.24
0.15
0.16
0.15
0.15
0.15
0.15
0.89
0.88
0.18
0.20
0.15
0.14
0.15
0.14
0.66
0.66
0.17
0.17
0.42
0.41
0.17
0.17
0.16
0.16
0.17
0.19
2.65
2.64
0.25
0.25
CorWatt	PkgWatt
25.85	212.09
0.29	113.17
0.19
0.20
0.19
0.17
0.17
0.17
0.17
0.16
0.16
0.16
0.16
0.15
0.15
0.15
0.15
0.17
0.17
0.17
0.17
0.19
0.17
0.17
0.17
0.17
0.17
0.17
0.19
0.21
0.21
6.78
0.22
0.54	98.98
0.52
0.16
0.17
0.17
0.16
0.15
0.15
1.11
1.11
0.19
0.22
0.14
0.14
0.15
0.14
0.33
0.31
0.16
0.16
0.73
0.72
0.18
0.18
0.35
0.34
0.19
0.20
2.04
2.02
0.23
0.23
CorWatt	PkgWatt
25.72	208.72
0.29	113.16
0.19
0.20
0.19
0.17
0.17
0.17
0.17
0.16
0.15
0.15
0.15
0.15
0.15
0.15
0.15
0.17
0.17
0.17
0.17
0.19
0.17
0.17
0.17
0.17
0.17
0.17
0.19
0.21
0.21
6.78
0.21
1.23	95.47
1.22
0.18
0.19
0.19
0.19
0.15
0.15
0.18
0.18
0.15
0.17
0.32
0.32
0.15
0.15
0.72
1.77
1.32
0.23
0.18
0.17
0.16
0.16
0.19
0.19
0.17
0.19
1.24
0.45
1.00
0.19
CorWatt	PkgWatt
25.70	213.02
0.29	112.96
0.20
0.20
0.19
0.17
0.17
0.17
0.17
0.16
0.15
0.15
0.15
0.15
0.15
0.15
0.15
0.17
0.17
0.17
0.17
0.19
0.17
0.17
0.17
0.17
0.17
0.17
0.20
0.21
0.21
6.74
0.22
0.17	100.07
0.15
0.15
0.15
0.32
1.00
0.86
0.19
0.31
0.17
0.29
0.18
0.31
0.30
0.15
0.14
0.23
0.22
0.15
0.16
0.48
0.49
0.17
0.17
1.70
1.69
0.24
0.23
1.17
1.17
0.19
0.19
CorWatt	PkgWatt
25.61	211.47
0.29	113.11
0.19
0.20
0.19
0.17
0.17
0.17
0.17
0.16
0.15
0.15
0.15
0.15
0.15
0.15
0.15
0.17
0.17
0.17
0.17
0.19
0.17
0.17
0.17
0.17
0.17
0.17
0.19
0.21
0.21
6.76
0.21
0.83	98.38
0.83
0.17
0.17
1.08
0.71
0.54
0.18
0.19
0.18
0.15
0.17
0.14
0.14
0.15
0.14
1.34
0.22
1.35
0.21
1.07
1.06
0.19
0.18
0.40
0.39
0.19
0.18
0.26
0.26
0.15
0.15
CorWatt	PkgWatt
19.63	197.47
0.23	113.08
0.19
0.19
0.18
0.17
0.17
0.17
0.17
0.15
0.15
0.15
0.15
0.15
0.15
0.15
0.15
0.17
0.17
0.17
0.17
0.18
0.17
0.17
0.17
0.17
0.17
0.17
0.19
0.21
0.21
6.76
0.21
1.80	84.48
0.19
1.45
0.20
0.15
0.14
0.14
0.14
0.13
0.12
0.12
0.14
0.11
0.14
0.22
0.13
0.14
0.14
0.12
0.17
0.15
0.14
0.13
0.14
0.15
0.13
0.15
0.14
0.12
0.12
0.13
0.14
CorWatt	PkgWatt
14.64	189.75
0.18	112.93
0.17
0.17
0.17
0.17
0.16
0.16
0.16
0.15
0.15
0.15
0.15
0.15
0.15
0.14
0.15
0.16
0.16
0.16
0.16
0.18
0.17
0.17
0.17
0.17
0.16
0.16
0.18
0.20
0.20
6.79
0.21
0.09	76.74
0.09
0.09
0.09
0.09
0.09
0.09
0.09
0.08
0.08
0.08
0.08
0.07
0.07
0.08
0.07
0.09
0.10
0.09
0.09
0.09
0.09
0.09
0.09
0.08
0.09
0.09
0.09
0.08
0.08
0.08
0.08
CorWatt	PkgWatt
14.43	189.24
0.18	112.64
0.17
0.17
0.16
0.16
0.16
0.16
0.16
0.15
0.15
0.14
0.14
0.14
0.14
0.14
0.14
0.16
0.16
0.16
0.16
0.18
0.17
0.16
0.16
0.16
0.16
0.16
0.18
0.20
0.20
6.77
0.20
0.09	76.57
0.09
0.08
0.09
0.09
0.08
0.08
0.08
0.07
0.07
0.07
0.08
0.07
0.07
0.07
0.07
0.09
0.09
0.08
0.09
0.09
0.09
0.09
0.09
0.08
0.08
0.09
0.09
0.07
0.07
0.07
0.07
CorWatt	PkgWatt
14.47	189.16
0.21	112.68
0.17
0.17
0.17
0.16
0.17
0.16
0.16
0.15
0.15
0.15
0.15
0.14
0.15
0.14
0.15
0.16
0.16
0.16
0.16
0.18
0.16
0.16
0.16
0.16
0.16
0.16
0.18
0.20
0.20
6.75
0.21
0.09	76.55
0.09
0.08
0.09
0.08
0.08
0.08
0.08
0.07
0.07
0.07
0.08
0.07
0.07
0.07
0.07
0.09
0.09
0.08
0.09
0.09
0.09
0.09
0.09
0.08
0.08
0.09
0.09
0.07
0.07
0.07
0.07
CorWatt	PkgWatt
12.38	171.38
0.22	91.32
0.22
0.22
0.22
0.19
0.56
0.20
0.20
0.20
0.21
0.20
0.20
0.22
0.22
0.23
0.96
0.20
0.20
0.21
0.21
0.22
0.21
0.61
0.21
0.20
0.20
0.20
0.25
0.20
0.20
0.22
0.21
0.13	80.10
0.14
0.14
0.14
0.13
0.13
0.13
0.13
0.11
0.12
0.12
0.13
0.12
0.12
0.12
0.12
0.14
0.15
0.13
0.14
0.13
0.13
0.13
0.13
0.13
0.14
0.14
0.15
0.12
0.12
0.13
0.13
CorWatt	PkgWatt
10.57	163.57
0.19	86.60
0.18
0.18
0.18
0.18
0.20
0.19
0.18
0.16
0.24
0.18
0.16
0.22
0.23
0.23
1.99
0.17
0.17
0.21
0.17
0.21
0.19
0.18
0.17
0.17
0.16
0.16
0.20
0.17
0.16
0.16
0.19
0.09	76.99
0.10
0.09
0.10
0.09
0.09
0.09
0.09
0.08
0.08
0.08
0.09
0.08
0.08
0.08
0.08
0.10
0.11
0.09
0.09
0.09
0.09
0.09
0.09
0.09
0.09
0.09
0.10
0.08
0.08
0.08
0.08
CorWatt	PkgWatt
9.81	160.77
0.18	84.19
0.17
0.17
0.17
0.18
0.20
0.18
0.18
0.16
0.16
0.17
0.16
0.22
0.22
0.22
1.83
0.17
0.17
0.17
0.16
0.18
0.17
0.17
0.17
0.16
0.16
0.16
0.16
0.16
0.16
0.16
0.16
0.09	76.61
0.09
0.08
0.09
0.09
0.09
0.08
0.08
0.08
0.08
0.07
0.08
0.07
0.07
0.07
0.07
0.09
0.10
0.08
0.09
0.09
0.09
0.09
0.09
0.08
0.08
0.08
0.09
0.08
0.07
0.07
0.08
CorWatt	PkgWatt
9.74	160.78
0.18	84.11
0.17
0.17
0.17
0.18
0.20
0.17
0.17
0.16
0.16
0.17
0.15
0.21
0.21
0.21
1.93
0.16
0.16
0.16
0.16
0.18
0.17
0.17
0.17
0.16
0.16
0.16
0.16
0.15
0.15
0.15
0.15
0.08	76.54
0.09
0.08
0.08
0.08
0.08
0.08
0.08
0.07
0.08
0.07
0.08
0.07
0.07
0.07
0.07
0.09
0.09
0.08
0.09
0.09
0.09
0.09
0.09
0.08
0.08
0.08
0.09
0.07
0.07
0.07
0.08
CorWatt	PkgWatt
9.68	160.62
0.20	84.13
0.17
0.17
0.17
0.18
0.19
0.18
0.17
0.15
0.16
0.17
0.15
0.21
0.21
0.21
1.84
0.17
0.16
0.17
0.16
0.18
0.17
0.17
0.17
0.16
0.16
0.16
0.16
0.15
0.15
0.15
0.15
0.09	76.52
0.09
0.08
0.08
0.09
0.08
0.08
0.08
0.07
0.07
0.07
0.08
0.07
0.07
0.07
0.07
0.09
0.09
0.08
0.08
0.09
0.09
0.08
0.09
0.08
0.08
0.08
0.09
0.07
0.07
0.07
0.07
CorWatt	PkgWatt
9.84	160.95
0.18	84.16
0.18
0.17
0.17
0.18
0.20
0.18
0.18
0.16
0.16
0.17
0.16
0.22
0.21
0.21
1.82
0.17
0.16
0.17
0.16
0.18
0.17
0.17
0.17
0.16
0.16
0.16
0.16
0.16
0.15
0.16
0.15
0.09	76.83
0.10
0.09
0.09
0.09
0.09
0.09
0.08
0.08
0.08
0.08
0.09
0.08
0.07
0.08
0.07
0.09
0.10
0.09
0.09
0.09
0.09
0.09
0.09
0.08
0.09
0.08
0.09
0.08
0.08
0.08
0.08
CorWatt	PkgWatt
12.95	175.70
0.25	90.83
0.21
0.22
0.21
0.19
0.24
0.26
0.19
0.16
0.16
0.22
0.17
0.41
0.23
0.22
1.70
0.24
0.19
0.29
0.21
0.26
0.21
0.22
0.19
0.18
0.24
0.18
0.17
0.17
0.19
0.18
0.21
0.13	84.91
0.15
0.13
0.25
0.15
0.12
0.10
0.14
0.17
0.12
0.10
0.17
0.12
0.17
0.14
0.16
0.14
0.16
0.15
0.12
0.19
0.14
0.16
0.19
0.14
0.12
0.10
0.16
0.13
0.10
0.11
0.13
CorWatt	PkgWatt
15.34	186.79
0.29	94.98
0.25
0.29
0.26
0.23
0.24
0.28
0.23
0.19
0.18
0.25
0.22
0.52
0.22
0.22
1.49
0.22
0.20
0.18
0.28
0.27
0.21
0.20
0.21
0.21
0.21
0.18
0.18
0.19
0.25
0.20
0.23
0.16	91.84
0.21
0.16
0.24
0.17
0.17
0.14
0.14
0.32
0.31
0.25
0.17
0.18
0.16
0.34
0.25
0.20
0.18
0.16
0.45
0.19
0.16
0.19
0.19
0.19
0.19
0.17
0.21
0.18
0.16
0.18
0.17
CorWatt	PkgWatt
9.72	160.46
0.19	84.39
0.18
0.19
0.18
0.20
0.20
0.19
0.20
0.16
0.16
0.19
0.16
1.81
0.22
0.21
0.22
0.17
0.18
0.17
0.17
0.26
0.17
0.17
0.17
0.17
0.16
0.16
0.16
0.17
0.16
0.15
0.15
0.07	76.07
0.07
0.07
0.08
0.08
0.08
0.07
0.07
0.07
0.08
0.08
0.08
0.06
0.07
0.06
0.06
0.08
0.07
0.07
0.07
0.08
0.08
0.08
0.08
0.07
0.07
0.08
0.07
0.07
0.07
0.07
0.07
CorWatt	PkgWatt
19.25	177.59
1.82	97.03
0.47
0.29
1.87
0.53
0.57
0.26
0.29
0.71
0.79
0.24
0.20
1.76
0.24
0.23
0.33
0.21
0.23
0.21
0.25
0.99
0.98
0.22
0.21
0.50
0.51
0.27
0.28
0.27
0.19
0.19
0.20
0.09	80.58
0.09
0.09
0.10
0.09
0.09
0.09
0.09
0.09
0.11
0.11
0.11
0.08
0.08
0.08
0.08
0.09
0.09
0.09
0.09
0.10
0.10
0.10
0.10
0.09
0.09
0.11
0.09
0.08
0.08
0.08
0.09
CorWatt	PkgWatt
18.64	169.60
1.67	93.10
1.63
0.27
0.24
1.97
0.27
2.01
0.24
0.17
0.17
0.19
0.16
1.95
0.22
0.22
0.22
0.27
0.27
0.18
0.17
0.94
0.93
0.20
0.20
0.18
0.18
0.16
0.17
0.16
0.16
0.16
0.16
0.08	76.41
0.08
0.08
0.08
0.08
0.08
0.08
0.08
0.08
0.08
0.08
0.09
0.07
0.07
0.07
0.07
0.08
0.08
0.08
0.08
0.09
0.09
0.09
0.09
0.08
0.08
0.09
0.08
0.07
0.07
0.07
0.08
CorWatt	PkgWatt
18.92	169.82
2.18	93.23
1.31
1.13
0.27
0.20
0.21
0.19
0.18
0.61
0.71
0.22
0.18
1.93
0.38
0.27
0.24
0.47
0.48
0.19
0.19
0.95
0.94
0.20
0.20
0.54
0.55
0.18
0.18
0.31
0.31
0.17
0.17
0.08	76.61
0.09
0.08
0.09
0.09
0.08
0.08
0.08
0.09
0.09
0.08
0.10
0.07
0.07
0.07
0.07
0.08
0.08
0.08
0.08
0.09
0.09
0.09
0.09
0.08
0.08
0.10
0.08
0.08
0.08
0.08
0.08
CorWatt	PkgWatt
18.80	169.75
1.73	93.13
1.67
0.29
0.25
0.73
0.75
0.21
0.20
0.42
0.43
0.21
0.17
1.84
0.22
0.22
0.22
0.60
0.61
0.19
0.19
0.69
0.68
0.20
0.19
0.41
0.39
0.18
0.18
0.84
0.84
0.19
0.18
0.09	76.63
0.09
0.08
0.08
0.09
0.08
0.08
0.08
0.08
0.08
0.08
0.10
0.07
0.07
0.07
0.07
0.08
0.08
0.08
0.08
0.09
0.09
0.10
0.09
0.09
0.08
0.10
0.08
0.08
0.08
0.08
0.09
CorWatt	PkgWatt
18.77	169.72
1.54	93.12
1.49
0.29
0.24
0.93
0.93
0.24
0.21
0.18
0.19
0.18
0.17
1.85
0.22
0.22
0.23
1.54
1.56
0.23
0.23
0.19
0.18
0.18
0.17
0.17
0.17
0.17
0.17
0.86
0.87
0.18
0.19
0.09	76.61
0.09
0.08
0.08
0.09
0.08
0.08
0.08
0.08
0.08
0.08
0.09
0.07
0.07
0.07
0.07
0.08
0.08
0.08
0.08
0.09
0.09
0.09
0.09
0.08
0.08
0.10
0.08
0.07
0.07
0.07
0.08
CorWatt	PkgWatt
18.67	169.54
0.70	93.06
0.60
0.22
0.21
2.00
0.98
1.33
0.25
0.17
0.17
0.19
0.17
1.84
0.22
0.22
0.22
0.71
0.70
0.20
0.19
1.49
1.42
0.30
0.22
0.17
0.17
0.17
0.17
0.18
0.18
0.17
0.16
0.08	76.45
0.08
0.08
0.08
0.08
0.08
0.08
0.08
0.08
0.08
0.08
0.09
0.07
0.07
0.07
0.07
0.08
0.08
0.08
0.08
0.09
0.09
0.09
0.09
0.08
0.08
0.10
0.08
0.08
0.07
0.07
0.08
CorWatt	PkgWatt
18.57	169.37
0.30	92.92
0.20
0.20
0.19
1.90
2.15
0.63
0.39
0.40
1.14
0.96
0.20
1.86
0.22
0.22
0.22
0.18
0.17
0.17
0.17
1.20
1.19
0.22
0.21
0.16
0.16
0.16
0.16
0.17
0.16
0.16
0.16
0.08	76.51
0.08
0.08
0.08
0.08
0.08
0.08
0.08
0.08
0.08
0.08
0.10
0.07
0.07
0.07
0.07
0.08
0.08
0.08
0.08
0.09
0.09
0.09
0.09
0.08
0.08
0.10
0.08
0.07
0.07
0.07
0.08
CorWatt	PkgWatt
18.51	169.19
1.83	92.94
1.78
0.29
0.25
1.47
1.48
0.23
0.25
0.17
0.17
0.20
0.17
0.85
0.85
0.24
1.84
0.18
0.17
0.17
0.17
0.63
0.61
0.19
0.19
0.16
0.16
0.16
0.16
0.32
0.31
0.17
0.16
0.08	76.40
0.08
0.08
0.08
0.08
0.08
0.08
0.08
0.08
0.08
0.08
0.09
0.07
0.07
0.07
0.07
0.08
0.08
0.08
0.08
0.09
0.09
0.09
0.09
0.08
0.08
0.09
0.08
0.07
0.07
0.07
0.08
CorWatt	PkgWatt
22.11	172.75
0.38	94.87
0.26
0.26
0.26
1.58
1.17
0.27
0.33
0.24
0.25
0.66
0.25
0.44
0.29
0.28
1.18
1.58
1.60
0.31
0.30
1.21
1.22
0.30
0.30
0.71
0.70
0.27
0.27
0.32
0.30
0.22
0.22
0.13	78.90
0.12
0.13
0.13
0.13
0.13
0.13
0.12
0.12
0.12
0.12
0.13
0.11
0.11
0.11
0.11
0.13
0.12
0.13
0.12
0.23
0.13
0.13
0.24
0.13
0.13
0.14
0.12
0.12
0.12
0.12
0.12
CorWatt	PkgWatt
20.49	195.21
0.54	95.40
0.43
0.21
0.20
0.18
0.17
0.17
0.17
0.19
0.17
0.59
0.18
0.15
0.15
0.15
0.16
0.32
0.32
0.33
1.13
0.19
0.17
0.17
0.17
0.16
0.16
0.16
0.16
0.16
0.16
0.16
0.16
1.65	98.60
1.70
0.21
0.21
1.38
1.14
0.42
0.19
0.24
0.23
0.15
0.17
0.14
0.14
0.13
0.13
0.23
0.23
0.15
0.15
1.01
1.02
0.18
0.19
0.15
0.15
0.17
0.15
0.14
0.14
0.14
0.14
CorWatt	PkgWatt
20.23	172.78
0.70	84.85
0.61
0.23
0.21
0.18
0.18
0.18
0.18
0.17
0.17
0.23
0.17
0.16
0.16
0.15
0.16
0.56
0.36
0.37
1.01
0.19
0.18
0.18
0.18
0.17
0.17
0.17
0.17
0.16
0.16
0.16
0.16
1.29	87.91
1.76
0.82
0.21
1.00
1.01
0.17
0.17
0.16
0.15
0.14
0.16
0.18
0.13
0.13
0.13
1.11
1.07
0.18
0.18
0.15
0.15
0.15
0.16
0.21
0.21
0.17
0.15
0.13
0.13
0.13
0.14
CorWatt	PkgWatt
20.14	173.11
0.30	83.98
0.20
0.20
0.20
0.18
0.18
0.18
0.18
0.17
0.17
0.23
0.17
0.15
0.15
0.15
0.15
1.21
0.36
0.37
0.36
0.19
0.18
0.17
0.18
0.16
0.16
0.16
0.17
0.16
0.16
0.16
0.16
0.49	89.00
1.45
0.89
0.20
1.00
0.24
0.95
0.18
0.14
0.14
0.14
0.16
0.26
0.25
0.14
0.14
1.28
1.28
0.19
0.19
0.15
0.15
0.15
0.16
0.80
0.80
0.19
0.17
0.14
0.14
0.14
0.15
CorWatt	PkgWatt
20.89	188.39
0.31	90.49
0.20
0.20
0.20
0.18
0.18
0.18
0.18
0.18
0.25
0.23
0.17
0.16
0.16
0.15
0.16
1.21
0.37
0.37
0.37
0.19
0.18
0.18
0.18
0.17
0.17
0.17
0.17
0.16
0.16
0.16
0.17
1.26	97.93
1.33
1.77
0.25
0.16
0.15
0.15
0.15
0.46
0.46
0.16
0.18
0.50
0.49
0.15
0.15
0.26
0.25
0.16
0.16
1.02
1.00
0.20
0.21
0.16
0.16
0.18
0.16
0.69
0.69
0.17
0.18
CorWatt	PkgWatt
20.68	189.76
0.31	92.17
0.20
0.20
0.20
0.18
0.18
0.18
0.18
0.17
0.17
0.23
0.17
0.16
0.15
0.15
0.15
0.62
0.37
0.37
0.94
0.19
0.18
0.17
0.17
0.17
0.17
0.17
0.17
0.16
0.16
0.17
0.16
1.07	97.84
0.23
1.03
0.19
0.90
0.89
0.19
0.19
0.16
0.15
0.15
0.17
1.15
1.15
0.19
0.18
0.96
0.96
0.19
0.19
0.34
0.34
0.16
0.17
0.26
0.25
0.19
0.16
0.46
0.45
0.16
0.17
CorWatt	PkgWatt
20.55	180.75
0.30	87.52
0.20
0.20
0.19
0.18
0.17
0.18
0.18
0.17
0.17
0.23
0.17
0.15
0.15
0.15
0.15
0.78
0.36
0.37
0.78
0.19
0.18
0.17
0.17
0.16
0.16
0.16
0.16
0.16
0.16
0.16
0.16
1.23	93.14
1.17
0.27
0.20
1.07
1.07
0.19
0.19
0.26
0.95
0.86
0.20
0.17
0.15
0.14
0.14
1.16
1.13
0.20
0.20
0.19
0.18
0.16
0.16
0.19
0.17
0.18
0.15
0.34
0.34
0.15
0.15
CorWatt	PkgWatt
20.90	205.65
0.30	99.27
0.20
0.20
0.20
0.18
0.18
0.18
0.18
0.17
0.17
0.21
0.20
0.16
0.15
0.15
0.15
1.21
0.36
0.37
0.36
0.19
0.18
0.18
0.17
0.18
0.19
0.17
0.18
0.17
0.16
0.17
0.16
0.19	106.15
0.15
0.15
0.16
1.16
1.15
0.19
0.19
0.16
0.16
0.15
0.18
0.15
0.14
0.14
0.14
0.27
0.27
0.16
0.16
0.16
0.16
0.16
0.16
0.16
0.16
0.19
0.16
3.09
1.97
1.41
0.31
CorWatt	PkgWatt
20.88	188.10
0.31	90.35
0.20
0.20
0.20
0.18
0.18
0.18
0.18
0.17
0.17
0.18
0.23
0.16
0.16
0.15
0.15
1.22
0.37
0.37
0.37
0.19
0.18
0.18
0.18
0.17
0.17
0.17
0.17
0.16
0.16
0.17
0.16
1.85	97.94
1.91
0.23
0.23
0.16
0.16
0.15
0.15
0.77
0.77
0.18
0.21
0.31
0.31
0.15
0.15
0.35
0.33
0.16
0.16
0.16
0.16
0.16
0.17
0.16
0.16
0.18
0.16
1.52
0.58
1.16
0.22
CorWatt	PkgWatt
20.77	197.82
0.30	94.91
0.20
0.20
0.20
0.18
0.17
0.18
0.18
0.17
0.17
0.17
0.23
0.15
0.15
0.15
0.15
1.20
0.37
0.37
0.36
0.19
0.18
0.17
0.17
0.16
0.16
0.16
0.16
0.16
0.16
0.16
0.16
0.97	102.75
0.99
0.19
0.19
0.16
0.15
0.15
0.15
0.16
0.15
0.15
0.18
1.74
0.75
1.21
0.22
0.17
0.17
0.15
0.15
0.23
1.09
1.07
0.22
0.87
0.88
0.22
0.18
0.15
0.14
0.14
0.15
CorWatt	PkgWatt
20.67	196.41
0.30	94.04
0.20
0.20
0.20
0.18
0.18
0.18
0.18
0.17
0.17
0.17
0.23
0.15
0.15
0.15
0.15
0.79
0.36
0.36
0.76
0.19
0.18
0.17
0.18
0.16
0.16
0.16
0.16
0.16
0.16
0.16
0.16
0.24	102.34
0.24
0.16
0.16
0.89
0.91
0.19
0.18
0.15
0.15
0.15
0.17
1.39
1.39
0.20
0.20
0.35
0.34
0.16
0.16
0.68
0.68
0.18
0.18
1.46
0.68
1.01
0.21
0.14
0.14
0.14
0.15
CorWatt	PkgWatt
20.83	191.88
0.30	92.22
0.20
0.20
0.20
0.18
0.18
0.18
0.18
0.17
0.17
0.21
0.20
0.15
0.15
0.15
0.15
0.49
0.37
0.37
1.09
0.19
0.18
0.17
0.18
0.17
0.17
0.16
0.17
0.17
0.16
0.17
0.16
0.81	99.69
0.83
0.18
0.18
1.86
1.81
0.28
0.23
1.14
0.34
1.06
0.22
0.38
0.38
0.15
0.15
0.31
0.30
0.16
0.16
0.19
0.18
0.16
0.17
0.42
0.42
0.19
0.16
0.20
0.20
0.15
0.16
CorWatt	PkgWatt
20.97	188.39
0.31	91.26
0.20
0.20
0.20
0.18
0.18
0.18
0.18
0.17
0.17
0.21
0.21
0.16
0.16
0.15
0.15
0.36
0.37
0.37
1.21
0.19
0.18
0.18
0.18
0.17
0.17
0.17
0.18
0.16
0.16
0.16
0.16
1.04	97.12
0.27
1.00
0.20
0.19
0.18
0.16
0.16
0.89
1.56
0.88
0.23
1.15
1.13
0.19
0.19
0.16
0.16
0.15
0.16
0.85
0.84
0.19
0.20
0.28
0.28
0.19
0.16
0.15
0.15
0.15
0.15
CorWatt	PkgWatt
20.98	198.22
0.30	95.58
0.20
0.20
0.19
0.18
0.18
0.18
0.18
0.17
0.17
0.21
0.20
0.15
0.15
0.15
0.15
0.58
0.37
0.38
1.00
0.19
0.18
0.17
0.17
0.16
0.16
0.16
0.17
0.16
0.16
0.16
0.16
0.93	102.60
0.96
0.19
0.19
0.19
0.19
0.16
0.15
0.23
0.22
0.16
0.19
3.21
1.72
1.84
0.29
0.16
0.15
0.15
0.16
0.23
0.23
0.16
0.17
0.26
0.26
0.19
0.16
0.15
0.14
0.14
0.15
CorWatt	PkgWatt
20.88	202.89
0.31	97.72
0.20
0.20
0.20
0.18
0.17
0.18
0.18
0.17
0.25
0.21
0.21
0.15
0.15
0.15
0.15
1.13
0.38
0.38
0.48
0.19
0.18
0.17
0.18
0.16
0.17
0.16
0.17
0.16
0.16
0.16
0.16
0.93	105.21
0.51
0.65
0.19
1.45
1.44
0.21
0.21
0.23
0.21
0.15
0.17
1.11
0.23
1.08
0.19
0.15
0.15
0.15
0.15
0.82
0.83
0.19
0.20
0.40
0.40
0.18
0.16
0.19
0.19
0.15
0.15
CorWatt	PkgWatt
20.36	192.41
0.30	92.71
0.20
0.20
0.24
0.18
0.18
0.18
0.19
0.17
0.18
0.21
0.21
0.16
0.16
0.15
0.16
0.38
0.38
0.38
1.21
0.19
0.18
0.17
0.18
0.17
0.17
0.16
0.17
0.16
0.16
0.16
0.16
1.05	99.69
0.32
0.94
0.19
0.79
0.79
0.18
0.18
0.66
0.66
0.16
0.19
1.08
1.06
0.19
0.18
0.66
0.38
0.16
0.17
0.67
0.67
0.18
0.18
0.15
0.15
0.17
0.15
0.14
0.15
0.14
0.15
CorWatt	PkgWatt
10.69	165.18
0.23	86.57
0.19
0.18
0.20
0.21
0.19
0.19
0.20
0.21
0.19
0.21
0.21
0.23
0.17
0.17
0.19
1.14
0.39
0.38
0.41
0.21
0.21
0.20
0.18
0.23
0.20
0.18
0.18
0.21
0.21
0.19
0.20
0.11	78.68
0.09
0.09
0.09
0.09
0.09
0.09
0.09
0.09
0.09
0.09
0.09
0.08
0.08
0.07
0.07
0.10
0.10
0.09
0.10
0.09
0.09
0.09
0.09
0.09
0.09
0.09
0.08
0.08
0.08
0.08
0.08
CorWatt	PkgWatt
9.50	159.84
0.19	83.79
0.18
0.18
0.18
0.17
0.17
0.17
0.17
0.17
0.17
0.18
0.19
0.17
0.16
0.16
0.15
1.15
0.38
0.38
0.38
0.21
0.19
0.18
0.17
0.17
0.17
0.16
0.17
0.17
0.16
0.17
0.17
0.08	76.17
0.08
0.08
0.08
0.08
0.08
0.08
0.08
0.07
0.07
0.07
0.08
0.07
0.07
0.06
0.06
0.08
0.09
0.08
0.08
0.08
0.08
0.08
0.08
0.07
0.07
0.08
0.07
0.07
0.07
0.07
0.07
