CorWatt	PkgWatt
5.31	156.81
0.10	78.46
0.09
0.09
0.09
0.08
0.08
0.08
0.08
0.08
0.08
0.08
0.08
0.07
0.08
0.07
0.08
0.08
0.08
0.08
0.08
0.10
0.09
0.09
0.09
0.08
0.08
0.08
0.08
0.09
0.10
0.11
0.09
0.10	78.45
0.09
0.09
0.10
0.09
0.08
0.08
0.08
0.07
0.07
0.08
0.07
0.08
0.07
0.07
0.08
0.09
0.09
0.08
0.08
0.09
0.08
0.08
0.09
0.09
0.08
0.07
0.08
0.08
0.07
0.07
0.07
CorWatt	PkgWatt
7.37	158.97
0.13	79.69
0.13
0.13
0.13
0.13
0.13
0.13
0.13
0.09
0.08
0.07
0.08
0.12
0.12
0.12
0.12
0.12
0.12
0.12
0.12
0.13
0.13
0.13
0.13
0.12
0.12
0.12
0.12
0.12
0.13
0.13
0.13
0.10	79.50
0.12
0.12
0.10
0.11
0.11
0.10
0.12
0.10
0.09
0.09
0.11
0.10
0.10
0.10
0.11
0.11
0.10
0.19
0.12
0.12
0.12
0.13
0.12
0.12
0.12
0.13
0.11
0.10
0.10
0.10
0.09
