CorWatt	PkgWatt
4.84	153.11
0.09	77.58
0.09
0.09
0.09
0.09
0.09
0.08
0.08
0.08
0.08
0.08
0.08
0.08
0.08
0.08
0.08
0.08
0.08
0.09
0.09
0.10
0.09
0.09
0.09
0.09
0.08
0.08
0.08
0.08
0.09
0.08
0.08
0.07	75.60
0.07
0.07
0.07
0.07
0.07
0.07
0.07
0.06
0.06
0.06
0.06
0.06
0.06
0.06
0.06
0.07
0.07
0.07
0.07
0.07
0.07
0.07
0.07
0.07
0.07
0.06
0.06
0.06
0.06
0.06
0.06
CorWatt	PkgWatt
6.21	157.26
0.19	79.77
0.19
0.17
0.18
0.11
0.10
0.10
0.10
0.14
0.14
0.09
0.09
0.18
0.10
0.09
0.09
0.10
0.10
0.13
0.11
0.12
0.20
0.11
0.10
0.10
0.09
0.09
0.11
0.11
0.11
0.10
0.09
0.08	77.64
0.08
0.08
0.07
0.08
0.08
0.08
0.08
0.07
0.06
0.06
0.06
0.07
0.06
0.06
0.06
0.07
0.08
0.07
0.07
0.09
0.10
0.14
0.12
0.07
0.07
0.07
0.07
0.07
0.06
0.06
0.07
