CorWatt	PkgWatt
7.46	161.46
0.14	80.18
0.13
0.13
0.13
0.13
0.13
0.13
0.13
0.11
0.11
0.11
0.11
0.11
0.11
0.11
0.11
0.13
0.13
0.13
0.13
0.14
0.13
0.12
0.12
0.12
0.12
0.12
0.12
0.11
0.11
0.11
0.11
0.11	80.09
0.11
0.16
0.11
0.12
0.12
0.11
0.11
0.11
0.11
0.11
0.10
0.10
0.10
0.10
0.10
0.11
0.11
0.11
0.11
0.11
0.12
0.12
0.12
0.11
0.11
0.11
0.11
0.11
0.11
0.11
0.11
CorWatt	PkgWatt
7.66	159.98
0.13	79.74
0.13
0.13
0.13
0.12
0.13
0.13
0.12
0.11
0.11
0.11
0.11
0.11
0.11
0.11
0.11
0.13
0.13
0.13
0.13
0.13
0.12
0.12
0.12
0.12
0.12
0.11
0.11
0.11
0.11
0.11
0.11
0.11	80.11
0.11
0.12
0.11
0.15
0.15
0.11
0.11
0.11
0.15
0.11
0.15
0.10
0.10
0.11
0.10
0.12
0.12
0.14
0.14
0.12
0.12
0.12
0.13
0.13
0.11
0.11
0.12
0.11
0.11
0.11
0.12
