CorWatt	PkgWatt
4.94	154.55
0.09	75.91
0.09
0.09
0.09
0.08
0.08
0.08
0.08
0.07
0.07
0.07
0.07
0.07
0.07
0.07
0.07
0.08
0.08
0.08
0.08
0.09
0.09
0.08
0.08
0.08
0.08
0.08
0.08
0.07
0.07
0.07
0.07
0.07	77.78
0.07
0.08
0.07
0.08
0.07
0.07
0.07
0.07
0.07
0.07
0.14
0.07
0.07
0.07
0.08
0.08
0.08
0.08
0.08
0.08
0.08
0.07
0.08
0.07
0.07
0.07
0.07
0.07
0.07
0.07
0.07
CorWatt	PkgWatt
4.82	152.18
0.09	76.08
0.09
0.08
0.09
0.08
0.08
0.08
0.08
0.07
0.07
0.07
0.07
0.06
0.06
0.06
0.06
0.08
0.08
0.08
0.08
0.09
0.08
0.08
0.08
0.08
0.08
0.07
0.07
0.07
0.07
0.07
0.07
0.08	76.21
0.07
0.07
0.11
0.07
0.07
0.07
0.07
0.07
0.07
0.12
0.07
0.07
0.07
0.07
0.08
0.08
0.07
0.07
0.09
0.09
0.08
0.08
0.09
0.08
0.08
0.07
0.07
0.08
0.07
0.06
0.07
CorWatt	PkgWatt
12.81	175.85
0.37	89.90
0.25
0.24
0.23
0.21
0.27
0.21
0.32
0.29
0.53
0.25
0.26
0.25
0.20
0.18
0.26
0.20
0.21
0.25
0.31
0.23
0.17
0.37
0.24
0.35
0.17
0.23
0.29
0.27
0.28
0.20
0.19
0.19	85.99
0.14
0.18
0.15
0.14
0.17
0.16
0.13
0.11
0.10
0.18
0.17
0.13
0.19
0.16
0.14
0.12
0.12
0.18
0.14
0.14
0.13
0.17
0.13
0.11
0.16
0.15
0.10
0.14
0.10
0.12
0.11
CorWatt	PkgWatt
5.21	154.20
0.10	76.54
0.13
0.10
0.11
0.09
0.09
0.10
0.09
0.11
0.08
0.09
0.08
0.08
0.08
0.08
0.15
0.09
0.09
0.09
0.10
0.10
0.10
0.08
0.08
0.09
0.08
0.08
0.13
0.08
0.08
0.09
0.08
0.07	77.60
0.07
0.07
0.07
0.07
0.07
0.07
0.07
0.07
0.07
0.07
0.08
0.07
0.07
0.07
0.08
0.07
0.07
0.07
0.08
0.07
0.07
0.07
0.07
0.07
0.07
0.07
0.07
0.07
0.06
0.06
0.07
CorWatt	PkgWatt
5.40	152.77
0.11	76.42
0.10
0.10
0.11
0.11
0.09
0.15
0.09
0.08
0.09
0.08
0.08
0.07
0.07
0.08
0.08
0.09
0.09
0.10
0.09
0.10
0.13
0.10
0.09
0.08
0.08
0.09
0.09
0.07
0.08
0.09
0.08
0.08	76.27
0.08
0.08
0.08
0.08
0.08
0.08
0.08
0.08
0.07
0.08
0.08
0.07
0.07
0.07
0.08
0.08
0.08
0.08
0.08
0.08
0.08
0.08
0.08
0.07
0.07
0.07
0.07
0.07
0.07
0.07
0.07
CorWatt	PkgWatt
7.78	159.36
0.13	80.14
0.14
0.13
0.15
0.12
0.12
0.14
0.13
0.15
0.13
0.13
0.13
0.13
0.19
0.12
0.12
0.14
0.13
0.14
0.13
0.14
0.18
0.14
0.13
0.13
0.13
0.14
0.13
0.12
0.12
0.12
0.13
0.11	79.50
0.11
0.11
0.11
0.12
0.11
0.12
0.11
0.11
0.11
0.11
0.11
0.11
0.11
0.11
0.12
0.11
0.11
0.10
0.12
0.11
0.11
0.11
0.11
0.11
0.10
0.10
0.11
0.11
0.10
0.10
0.10
CorWatt	PkgWatt
5.15	152.44
0.10	76.40
0.10
0.10
0.11
0.09
0.09
0.10
0.09
0.08
0.08
0.15
0.14
0.07
0.07
0.07
0.08
0.09
0.09
0.09
0.09
0.09
0.13
0.09
0.09
0.08
0.08
0.09
0.08
0.07
0.08
0.07
0.08
0.07	75.83
0.07
0.07
0.07
0.07
0.07
0.08
0.07
0.07
0.06
0.06
0.06
0.07
0.07
0.07
0.08
0.07
0.07
0.07
0.08
0.07
0.07
0.07
0.07
0.07
0.07
0.07
0.07
0.07
0.06
0.06
0.07
CorWatt	PkgWatt
4.96	152.07
0.09	76.25
0.09
0.10
0.09
0.09
0.09
0.08
0.10
0.07
0.07
0.08
0.07
0.08
0.07
0.07
0.10
0.08
0.08
0.10
0.09
0.10
0.08
0.08
0.08
0.08
0.09
0.08
0.08
0.08
0.15
0.08
0.08
0.07	75.77
0.07
0.07
0.07
0.07
0.07
0.08
0.07
0.07
0.07
0.08
0.07
0.07
0.07
0.07
0.08
0.07
0.07
0.07
0.08
0.07
0.07
0.07
0.07
0.07
0.07
0.06
0.06
0.06
0.06
0.06
0.06
CorWatt	PkgWatt
5.31	152.48
0.10	76.45
0.10
0.09
0.11
0.09
0.10
0.10
0.11
0.09
0.08
0.08
0.11
0.09
0.07
0.07
0.08
0.10
0.09
0.10
0.09
0.09
0.09
0.09
0.10
0.08
0.08
0.08
0.15
0.08
0.08
0.09
0.08
0.07	76.11
0.07
0.08
0.07
0.08
0.08
0.08
0.08
0.07
0.07
0.07
0.07
0.07
0.07
0.07
0.08
0.08
0.08
0.08
0.08
0.08
0.08
0.08
0.08
0.07
0.07
0.07
0.07
0.07
0.07
0.07
0.07
CorWatt	PkgWatt
4.90	155.56
0.10	77.90
0.10
0.09
0.10
0.09
0.08
0.08
0.09
0.07
0.07
0.07
0.08
0.11
0.09
0.08
0.08
0.09
0.08
0.10
0.08
0.09
0.09
0.08
0.08
0.08
0.08
0.07
0.09
0.07
0.13
0.08
0.08
0.07	77.57
0.07
0.07
0.07
0.07
0.07
0.08
0.07
0.06
0.06
0.06
0.06
0.07
0.07
0.07
0.08
0.07
0.07
0.07
0.07
0.07
0.07
0.07
0.07
0.06
0.06
0.06
0.06
0.06
0.06
0.06
0.06
CorWatt	PkgWatt
4.93	151.83
0.09	76.03
0.09
0.09
0.10
0.09
0.08
0.08
0.09
0.08
0.07
0.07
0.14
0.08
0.07
0.07
0.07
0.10
0.09
0.09
0.08
0.09
0.13
0.09
0.08
0.08
0.08
0.07
0.09
0.07
0.07
0.07
0.08
0.07	75.80
0.07
0.07
0.07
0.07
0.07
0.08
0.07
0.07
0.06
0.06
0.06
0.07
0.07
0.07
0.08
0.07
0.07
0.07
0.08
0.07
0.07
0.07
0.07
0.07
0.06
0.06
0.06
0.06
0.06
0.06
0.07
CorWatt	PkgWatt
4.87	151.70
0.10	76.08
0.09
0.09
0.10
0.09
0.09
0.09
0.15
0.07
0.07
0.08
0.08
0.07
0.07
0.07
0.08
0.13
0.10
0.09
0.08
0.09
0.09
0.08
0.08
0.08
0.08
0.07
0.08
0.07
0.09
0.07
0.07
0.07	75.70
0.07
0.07
0.07
0.07
0.07
0.08
0.07
0.07
0.06
0.06
0.06
0.07
0.07
0.07
0.08
0.07
0.07
0.07
0.08
0.07
0.07
0.07
0.07
0.07
0.06
0.06
0.06
0.06
0.06
0.06
0.06
CorWatt	PkgWatt
6.80	159.49
0.12	79.51
0.13
0.13
0.13
0.12
0.11
0.11
0.19
0.15
0.10
0.09
0.13
0.10
0.13
0.09
0.10
0.10
0.12
0.12
0.10
0.19
0.16
0.12
0.10
0.11
0.10
0.11
0.16
0.11
0.10
0.09
0.10
0.09	79.93
0.09
0.11
0.11
0.09
0.09
0.13
0.09
0.08
0.08
0.10
0.08
0.09
0.09
0.09
0.10
0.09
0.09
0.08
0.12
0.10
0.11
0.09
0.09
0.08
0.08
0.08
0.08
0.09
0.09
0.09
0.08
