CorWatt	PkgWatt
146.43	357.73
2.06	145.05
2.06
2.09
1.97
2.03
1.94
2.04
2.06
2.04
2.08
1.99
1.95
1.95
2.02
2.00
2.00
2.08
2.07
2.13
2.03
2.13
2.12
2.01
2.03
2.02
2.12
2.11
2.13
2.00
2.02
2.01
1.98
1.87	136.66
1.86
1.82
1.86
1.78
1.83
1.84
1.79
1.74
1.83
1.76
1.81
1.75
1.75
1.81
1.78
1.78
1.82
1.81
1.76
1.83
1.93
1.87
1.93
1.82
1.73
1.81
1.76
1.77
1.87
1.88
1.83
CorWatt	PkgWatt
137.82	334.34
2.20	167.34
2.26
2.21
2.33
2.25
2.18
2.30
2.19
2.14
2.03
1.99
1.98
2.13
2.18
2.14
2.18
2.09
2.26
2.22
2.18
2.17
2.15
2.24
2.21
2.19
2.32
2.09
2.25
2.19
2.14
2.27
2.08
2.14	167.23
1.96
2.01
2.05
2.14
2.08
2.21
2.16
2.10
2.02
2.21
2.05
1.94
2.07
2.05
2.05
2.09
2.12
2.04
2.00
2.33
2.19
2.26
2.27
2.12
2.09
2.18
2.19
2.19
2.28
2.35
2.22
CorWatt	PkgWatt
135.34	340.89
2.01	167.85
2.05
2.05
2.04
2.02
2.06
2.12
2.03
2.02
1.92
2.01
2.03
2.06
2.06
2.10
2.07
1.99
2.14
2.11
2.16
2.10
2.17
2.12
2.09
2.08
2.75
2.04
2.09
2.06
1.99
2.04
2.01
2.05	172.94
2.06
2.00
2.09
2.16
2.06
2.17
2.13
2.18
2.13
2.22
2.09
2.04
2.08
2.17
2.09
2.20
2.22
2.09
2.20
2.15
2.26
2.21
2.19
2.10
2.06
2.20
2.23
2.23
2.26
2.20
2.21
CorWatt	PkgWatt
135.06	339.81
2.07	166.47
2.05
2.03
2.00
2.05
2.04
2.18
2.01
1.91
2.06
1.96
2.12
2.05
1.98
2.17
1.93
2.05
2.21
2.09
2.25
2.11
2.10
2.20
2.13
2.00
2.39
2.00
2.17
2.03
1.97
2.08
2.12
2.11	173.29
2.06
2.03
2.11
2.19
2.10
2.14
2.05
2.20
2.06
2.13
2.14
2.05
2.07
2.09
1.96
2.14
2.19
2.22
2.16
2.21
2.23
2.27
2.16
2.10
2.10
2.13
2.17
2.19
2.36
2.17
2.22
CorWatt	PkgWatt
101.59	293.51
1.52	141.60
1.44
1.45
1.48
1.51
1.53
1.63
1.40
1.30
1.45
1.51
1.50
1.40
1.46
1.53
1.47
1.43
1.61
1.43
1.61
1.63
1.65
1.87
1.42
1.40
1.77
1.47
1.64
1.44
1.41
1.53
1.60
1.60	152.15
1.60
1.47
1.64
1.57
1.51
1.54
1.44
1.66
1.75
1.87
1.82
1.49
1.71
1.61
1.56
1.75
1.86
1.85
1.88
1.56
1.52
1.67
1.41
1.56
1.57
1.46
1.63
1.92
1.76
1.97
1.95
CorWatt	PkgWatt
14.51	172.01
0.18	82.20
0.17
0.17
0.17
0.16
0.17
0.16
0.16
0.15
0.15
0.15
0.15
0.14
0.14
0.14
0.14
0.17
0.17
0.17
0.16
0.18
0.17
0.17
0.16
0.17
0.17
0.17
0.27
0.15
0.15
0.15
0.15
0.25	89.71
0.25
0.25
0.25
0.26
0.26
0.26
0.26
0.54
0.27
0.27
0.27
0.23
0.23
0.23
0.23
0.26
0.25
0.25
0.25
0.26
0.26
0.26
0.26
0.24
0.25
0.24
0.24
0.66
0.32
0.67
0.31
CorWatt	PkgWatt
13.27	169.59
0.14	79.98
0.13
0.13
0.13
0.13
0.13
0.13
0.13
0.12
0.12
0.12
0.12
0.11
0.11
0.11
0.11
0.13
0.13
0.13
0.13
0.15
0.13
0.13
0.13
0.13
0.13
0.13
0.13
0.12
0.12
0.12
0.12
0.25	89.50
0.25
0.25
0.25
0.26
0.26
0.26
0.26
0.55
0.27
0.27
0.27
0.23
0.23
0.23
0.23
0.25
0.25
0.25
0.25
0.26
0.26
0.26
0.26
0.24
0.24
0.24
0.24
0.69
0.30
0.62
0.30
CorWatt	PkgWatt
13.49	170.66
0.15	80.29
0.14
0.14
0.14
0.14
0.14
0.14
0.14
0.12
0.12
0.12
0.12
0.12
0.12
0.12
0.12
0.14
0.14
0.14
0.21
0.15
0.14
0.14
0.14
0.13
0.13
0.13
0.13
0.12
0.12
0.12
0.12
0.25	90.38
0.25
0.25
0.25
0.26
0.25
0.25
0.25
0.57
0.27
0.27
0.27
0.23
0.23
0.23
0.23
0.25
0.25
0.25
0.25
0.26
0.26
0.26
0.26
0.24
0.25
0.24
0.24
0.69
0.30
0.62
0.30
CorWatt	PkgWatt
13.16	170.18
0.14	79.75
0.13
0.13
0.13
0.13
0.13
0.13
0.13
0.12
0.11
0.11
0.11
0.11
0.11
0.11
0.11
0.13
0.13
0.13
0.13
0.14
0.13
0.13
0.13
0.12
0.12
0.12
0.12
0.11
0.11
0.11
0.12
0.37	90.50
0.26
0.26
0.26
0.25
0.25
0.25
0.25
0.59
0.27
0.27
0.27
0.22
0.23
0.22
0.22
0.25
0.25
0.25
0.25
0.26
0.26
0.26
0.26
0.24
0.25
0.24
0.24
0.62
0.29
0.58
0.29
CorWatt	PkgWatt
29.55	199.94
0.53	98.40
0.43
0.48
0.49
0.51
0.51
0.39
0.45
0.42
0.45
0.43
0.36
0.52
0.37
0.46
0.42
0.38
0.52
0.57
0.36
0.49
0.44
0.50
0.69
0.45
0.52
0.43
0.36
0.49
0.36
0.35
0.53
0.63	101.74
0.47
0.48
0.51
0.46
0.42
0.42
0.41
0.42
0.42
0.40
0.43
0.41
0.43
0.41
0.42
0.61
0.50
0.48
0.47
0.42
0.47
0.45
0.43
0.42
0.39
0.47
0.43
0.59
0.52
0.55
0.54
CorWatt	PkgWatt
7.47	160.87
0.15	80.18
0.14
0.15
0.14
0.14
0.15
0.14
0.14
0.13
0.13
0.12
0.13
0.12
0.12
0.12
0.12
0.14
0.14
0.14
0.14
0.15
0.14
0.14
0.15
0.13
0.13
0.13
0.13
0.12
0.12
0.12
0.12
0.10	80.51
0.10
0.10
0.10
0.10
0.10
0.10
0.10
0.10
0.10
0.10
0.10
0.10
0.09
0.09
0.09
0.11
0.11
0.10
0.11
0.10
0.11
0.10
0.11
0.10
0.10
0.10
0.10
0.10
0.10
0.10
0.10
CorWatt	PkgWatt
20.46	179.72
0.36	91.88
0.32
0.35
0.36
0.35
0.32
0.35
0.34
0.32
0.32
0.29
0.31
0.33
0.32
0.32
0.29
0.34
0.34
0.34
0.34
0.35
0.33
0.33
0.35
0.33
0.34
0.34
0.34
0.33
0.32
0.32
0.31
0.28	87.94
0.30
0.30
0.31
0.32
0.32
0.32
0.33
0.30
0.31
0.31
0.31
0.31
0.30
0.31
0.30
0.31
0.31
0.27
0.29
0.33
0.33
0.33
0.31
0.30
0.30
0.30
0.30
0.31
0.32
0.32
0.32
CorWatt	PkgWatt
71.49	245.39
1.24	123.98
1.17
1.13
1.12
1.19
1.18
1.10
1.16
1.09
1.22
1.07
1.11
1.24
1.18
1.11
1.11
1.11
1.14
1.15
1.24
1.15
1.13
1.33
1.18
1.11
1.18
1.16
1.16
1.17
1.26
1.15
1.10
1.09	121.28
1.09
1.09
1.23
1.13
1.08
1.05
1.04
1.03
1.06
1.04
1.05
1.10
1.05
1.03
1.04
1.06
1.04
1.02
0.99
1.11
1.10
1.12
1.13
1.06
1.09
1.03
1.04
1.08
1.05
1.09
1.10
CorWatt	PkgWatt
146.73	367.30
2.45	184.41
2.39
2.29
2.33
2.34
2.34
2.32
2.33
2.28
2.36
2.25
2.33
2.29
2.27
2.25
2.32
2.30
2.31
2.37
2.31
2.32
2.36
2.40
2.33
2.30
2.38
2.30
2.37
2.31
2.31
2.39
2.34
2.32	182.74
2.28
2.27
2.39
2.29
2.25
2.29
2.19
2.21
2.31
2.16
2.14
2.32
2.21
2.21
2.22
2.20
2.20
2.21
2.11
2.35
2.30
2.35
2.37
2.23
2.27
2.24
2.21
2.23
2.26
2.28
2.31
CorWatt	PkgWatt
160.63	406.39
2.71	202.59
2.58
2.51
2.48
2.47
2.54
2.49
2.51
2.55
2.42
2.47
2.43
2.47
2.50
2.44
2.50
2.54
2.55
2.63
2.53
2.55
2.61
2.63
2.54
2.52
2.49
2.53
2.44
2.47
2.55
2.61
2.52
2.51	203.76
2.52
2.48
2.64
2.54
2.50
2.52
2.46
2.46
2.57
2.37
2.39
2.58
2.41
2.51
2.49
2.47
2.46
2.45
2.34
2.64
2.56
2.59
2.53
2.50
2.48
2.49
2.46
2.47
2.49
2.46
2.51
CorWatt	PkgWatt
151.63	381.02
2.54	191.30
2.42
2.41
2.42
2.38
2.46
2.36
2.42
2.37
2.34
2.32
2.32
2.36
2.35
2.31
2.35
2.41
2.41
2.61
2.44
2.46
2.48
2.51
2.44
2.39
2.40
2.40
2.40
2.43
2.43
2.46
2.36
2.41	189.90
2.31
2.37
2.46
2.34
2.32
2.36
2.31
2.28
2.38
2.20
2.20
2.35
2.32
2.35
2.32
2.32
2.26
2.27
2.15
2.42
2.40
2.43
2.36
2.35
2.29
2.31
2.34
2.29
2.33
2.36
2.34
CorWatt	PkgWatt
128.48	323.79
2.14	163.95
2.04
2.09
2.11
2.08
2.08
2.03
2.12
2.01
1.98
2.02
1.99
2.03
2.07
1.98
1.97
2.02
2.16
2.35
2.07
2.12
2.07
2.09
2.11
2.04
2.08
2.07
2.02
2.10
2.06
2.06
1.98
2.03	159.56
1.87
2.03
2.11
1.93
1.99
2.02
1.94
1.92
1.91
1.86
1.86
1.90
1.94
2.07
1.95
1.88
1.86
1.86
1.86
2.01
2.03
1.99
1.98
1.91
1.89
1.91
1.99
1.91
1.92
1.98
1.97
