CorWatt	PkgWatt
6.03	154.87
0.11	77.66
0.11
0.11
0.11
0.10
0.10
0.10
0.10
0.18
0.09
0.09
0.09
0.09
0.09
0.09
0.09
0.10
0.10
0.10
0.11
0.12
0.11
0.11
0.11
0.10
0.10
0.10
0.10
0.09
0.09
0.09
0.09
0.09	77.24
0.09
0.09
0.09
0.09
0.09
0.09
0.10
0.08
0.08
0.08
0.08
0.08
0.08
0.08
0.08
0.09
0.09
0.09
0.09
0.09
0.09
0.09
0.09
0.09
0.09
0.08
0.09
0.08
0.08
0.08
0.08
CorWatt	PkgWatt
5.56	154.01
0.10	77.25
0.10
0.10
0.10
0.09
0.09
0.09
0.09
0.08
0.08
0.08
0.08
0.08
0.08
0.08
0.08
0.09
0.09
0.09
0.09
0.11
0.10
0.10
0.10
0.09
0.09
0.09
0.09
0.08
0.08
0.08
0.08
0.09	77.27
0.09
0.08
0.08
0.10
0.09
0.09
0.09
0.08
0.10
0.08
0.08
0.07
0.07
0.07
0.08
0.09
0.09
0.11
0.09
0.10
0.09
0.09
0.09
0.10
0.09
0.08
0.08
0.09
0.08
0.08
0.08
CorWatt	PkgWatt
16.33	186.92
0.20	90.07
0.19
0.15
0.15
0.27
0.24
0.24
0.27
0.17
0.25
0.17
0.15
0.16
0.20
0.16
0.15
0.19
0.18
0.19
0.23
0.17
0.19
0.18
0.16
0.20
0.22
0.20
0.22
0.14
0.14
0.13
0.19
0.26	96.42
2.37
0.24
0.22
0.23
0.32
0.38
0.24
0.27
0.28
0.22
0.20
0.21
0.20
0.21
0.20
0.27
0.49
0.24
0.23
0.25
0.26
0.28
0.28
0.23
0.25
0.24
0.27
0.27
0.25
0.20
0.20
