CorWatt	PkgWatt
15.09	127.35
0.51	127.34
0.51
0.47
0.44
0.51
0.49
0.50
0.49
0.41
0.45
0.41
0.42
0.52
0.51
0.52
0.53
0.51
0.47
0.53
0.50
0.42
0.42
0.40
0.40
0.39
0.44
0.39
0.41
0.56
0.52
0.51
0.51
CorWatt	PkgWatt
15.24	127.28
0.55	127.27
0.51
0.48
0.46
0.50
0.49
0.51
0.49
0.39
0.48
0.44
0.44
0.50
0.52
0.50
0.52
0.46
0.51
0.54
0.48
0.41
0.40
0.44
0.40
0.38
0.38
0.41
0.43
0.61
0.52
0.55
0.55
CorWatt	PkgWatt
18.37	129.84
0.65	129.89
0.68
0.65
0.53
0.60
0.59
0.58
0.58
0.55
0.58
0.50
0.52
0.58
0.58
0.60
0.56
0.65
0.69
0.69
0.65
0.51
0.47
0.50
0.54
0.45
0.48
0.55
0.52
0.67
0.59
0.55
0.54
CorWatt	PkgWatt
15.32	127.41
0.54	127.35
0.50
0.61
0.55
0.49
0.50
0.49
0.48
0.44
0.50
0.38
0.42
0.50
0.51
0.49
0.51
0.46
0.57
0.61
0.55
0.41
0.41
0.38
0.39
0.35
0.40
0.39
0.38
0.54
0.51
0.53
0.51
