CorWatt	PkgWatt
4.60	154.65
0.08	77.44
0.08
0.08
0.08
0.08
0.08
0.08
0.08
0.07
0.07
0.07
0.07
0.07
0.07
0.07
0.07
0.08
0.08
0.08
0.08
0.09
0.08
0.08
0.08
0.08
0.08
0.08
0.08
0.07
0.07
0.07
0.07
0.07	77.28
0.07
0.07
0.07
0.07
0.07
0.07
0.07
0.06
0.06
0.06
0.07
0.06
0.06
0.06
0.06
0.09
0.07
0.07
0.07
0.08
0.08
0.08
0.09
0.06
0.07
0.06
0.06
0.07
0.07
0.06
0.06
CorWatt	PkgWatt
4.58	152.12
0.08	76.05
0.08
0.08
0.08
0.08
0.07
0.07
0.07
0.07
0.07
0.07
0.06
0.07
0.06
0.06
0.06
0.08
0.08
0.08
0.08
0.09
0.08
0.08
0.08
0.08
0.08
0.08
0.08
0.06
0.07
0.07
0.06
0.07	76.01
0.07
0.07
0.08
0.08
0.07
0.07
0.07
0.06
0.06
0.06
0.11
0.06
0.06
0.09
0.06
0.08
0.07
0.06
0.07
0.08
0.07
0.08
0.08
0.06
0.07
0.07
0.06
0.07
0.07
0.06
0.06
