CorWatt	PkgWatt
253.18	446.64
4.22	241.63
4.58
4.70
4.22
5.31
4.94
4.40
4.70
3.74
4.26
3.78
4.74
3.74
3.73
4.27
3.32
4.52
4.76
4.69
4.76
5.23
4.67
4.65
4.14
5.32
5.01
5.23
5.59
4.12
4.40
4.03
4.95
3.82	209.01
3.88
3.04
3.81
3.81
3.26
4.53
3.49
2.88
3.13
2.91
2.88
3.22
3.20
4.15
3.38
3.84
2.91
3.76
3.43
3.42
3.34
3.69
2.98
2.88
3.45
3.19
3.23
3.22
2.97
3.72
3.42
CorWatt	PkgWatt
240.82	442.61
4.06	228.12
4.04
4.20
3.90
3.99
3.90
3.75
4.35
3.86
3.71
3.83
3.60
4.03
3.60
3.74
4.79
4.01
4.42
4.10
4.09
4.03
4.48
4.00
4.04
4.24
3.95
4.10
4.82
4.55
4.33
4.17
3.87
4.01	206.78
4.04
3.42
3.74
3.55
2.71
3.44
2.86
3.13
4.30
2.78
2.95
3.12
3.29
3.37
2.92
4.11
3.31
3.74
3.25
3.68
4.13
3.69
3.58
3.06
2.69
3.21
2.74
2.64
2.67
2.73
3.67
CorWatt	PkgWatt
223.18	429.60
4.24	219.34
4.25
3.74
4.64
3.57
3.50
3.35
3.98
3.82
3.58
4.03
3.39
4.79
3.87
3.93
4.84
3.60
3.11
3.33
3.68
4.00
4.18
4.00
4.38
3.41
3.46
3.48
3.72
3.72
2.94
3.55
2.46
3.14	202.41
3.78
2.91
3.28
3.55
3.36
3.03
2.84
3.20
3.37
3.08
3.16
2.47
3.40
3.11
2.65
3.46
2.83
3.03
3.67
3.38
3.46
3.29
3.54
2.67
3.30
3.40
2.74
3.14
2.97
2.79
2.80
CorWatt	PkgWatt
217.86	412.84
3.98	221.84
4.34
5.17
4.64
3.94
3.49
3.93
3.94
4.73
4.22
4.34
4.12
4.05
4.32
4.09
4.01
4.50
3.48
3.33
3.99
4.01
4.05
4.22
5.06
3.68
3.98
3.77
3.53
2.16
2.40
3.33
2.28
3.21	195.28
2.81
3.27
2.39
3.47
3.63
2.74
2.62
2.52
2.90
3.48
2.32
3.11
3.37
3.74
2.32
2.86
2.87
2.29
3.31
2.37
2.54
2.38
2.60
2.31
3.27
3.34
3.29
3.35
3.41
2.39
3.28
CorWatt	PkgWatt
216.71	425.40
4.12	232.00
3.92
3.94
4.32
3.94
4.05
4.63
5.23
5.28
4.37
4.69
4.25
3.98
4.80
4.17
4.38
4.26
4.67
4.29
5.43
3.43
4.50
4.45
4.58
4.11
4.32
5.29
3.93
2.24
2.48
2.63
2.43
2.65	187.43
2.35
2.35
2.70
2.32
2.78
2.33
2.33
2.34
2.66
2.70
2.33
2.29
2.29
2.28
2.27
2.26
2.51
2.25
3.25
2.35
2.34
2.43
2.34
2.26
2.93
2.90
2.68
3.34
3.44
2.30
3.50
CorWatt	PkgWatt
207.54	426.01
3.79	235.32
3.65
4.96
3.97
4.56
4.52
6.09
4.22
5.14
4.46
3.68
3.72
3.84
4.46
3.74
4.52
3.79
4.36
4.51
4.54
3.59
4.50
4.14
3.81
4.75
5.51
4.58
3.96
2.84
2.03
1.90
3.01
2.43	183.96
2.33
2.28
2.26
2.31
2.32
2.34
2.34
2.32
2.37
2.32
2.33
2.35
2.36
2.34
2.32
2.24
2.28
2.30
2.22
2.40
2.36
2.35
2.34
2.26
2.30
2.29
2.24
2.31
2.28
2.28
2.82
