CorWatt	PkgWatt
49.57	175.06
0.89	100.58
0.82
0.78
0.77
0.46
0.34
0.41
0.44
0.42
0.18
0.18
0.18
0.58
0.58
0.59
0.69
0.45
0.21
0.21
0.20
1.01
0.92
0.92
0.97
0.87
0.88
0.89
0.93
0.53
0.51
0.47
0.54
0.97	125.78
0.96
1.46
1.48
0.97
0.97
1.00
1.00
1.03
1.02
1.07
1.06
1.52
1.50
1.50
1.43
1.04
1.07
1.47
1.07
1.07
1.07
1.11
1.09
1.48
1.67
1.53
1.51
1.09
1.06
1.08
1.05
CorWatt	PkgWatt
117.36	299.97
1.86	142.53
1.80
1.81
1.78
1.79
1.79
1.83
1.80
1.81
1.75
1.71
1.70
1.77
1.74
1.76
1.77
1.78
1.75
1.82
1.81
1.82
1.82
1.85
1.85
1.81
1.82
1.82
1.83
1.76
1.80
1.77
1.80
1.72	146.13
1.77
1.76
1.76
1.74
1.70
1.73
1.74
1.74
1.74
1.84
1.76
1.76
1.76
1.77
1.76
1.76
1.75
1.74
1.76
1.80
1.81
1.80
1.81
1.73
1.76
1.76
1.76
1.78
1.78
1.80
1.81
CorWatt	PkgWatt
147.25	375.60
2.03	148.68
2.08
2.07
1.98
2.02
1.92
2.01
2.03
1.97
1.97
2.00
2.02
1.97
2.00
2.01
1.98
2.02
2.06
2.06
2.04
2.03
2.03
2.05
2.08
2.03
2.04
2.05
2.08
1.94
2.02
2.00
2.02
1.95	144.83
1.92
1.89
1.86
1.79
1.87
1.81
1.87
1.71
1.93
1.83
1.82
1.76
1.75
1.78
1.82
1.83
1.80
1.81
1.76
1.81
1.91
1.88
1.95
1.82
1.76
1.80
1.82
1.87
1.89
1.87
1.87
CorWatt	PkgWatt
123.10	289.20
2.00	143.80
2.06
2.07
1.96
2.02
1.89
2.00
2.01
2.00
1.97
2.00
1.99
1.98
2.01
2.00
2.00
1.97
2.04
2.06
2.05
2.04
2.04
2.04
2.08
2.03
2.05
2.06
2.07
1.92
2.01
2.01
2.00
1.88	145.40
1.88
1.86
1.86
1.76
1.85
1.82
1.89
1.73
1.96
1.80
1.86
1.73
1.75
1.76
1.81
1.80
1.80
1.78
1.79
1.80
1.92
1.87
1.94
1.84
1.77
1.80
1.83
1.86
1.90
1.87
1.87
CorWatt	PkgWatt
128.95	294.44
2.06	145.87
2.08
2.08
1.97
2.02
1.90
2.02
2.00
1.98
1.98
2.01
1.99
1.99
2.00
2.03
2.01
2.02
2.07
2.05
2.07
2.00
2.04
2.04
2.08
2.02
2.05
2.07
2.09
1.93
2.05
2.05
2.03
2.25	148.49
2.00
2.67
1.87
1.77
1.88
1.85
1.98
1.86
1.87
1.81
1.83
1.82
1.76
1.99
2.00
1.83
1.81
2.52
2.25
1.83
1.94
1.87
2.06
2.22
1.77
1.81
2.49
2.27
1.91
2.36
1.95
CorWatt	PkgWatt
136.19	328.77
2.38	163.91
2.18
2.19
2.09
2.14
2.04
2.09
2.14
2.06
2.03
2.07
2.10
2.05
2.10
2.08
2.06
2.09
2.13
2.12
2.16
2.17
2.11
2.13
2.17
2.08
2.13
2.13
2.17
2.15
2.17
2.19
2.18
2.49	165.02
2.09
2.51
1.94
1.87
2.06
2.06
2.20
2.03
2.07
1.88
2.40
2.27
2.19
2.23
2.47
2.13
1.90
2.47
2.26
1.97
2.01
1.97
2.17
1.99
1.81
1.85
2.16
2.46
1.99
2.12
2.12
CorWatt	PkgWatt
134.30	327.35
2.29	163.57
2.13
2.24
2.11
2.10
2.05
2.12
2.13
2.05
2.07
2.08
2.06
2.07
2.04
2.08
2.05
2.05
2.11
2.10
2.11
2.16
2.16
2.12
2.15
2.09
2.09
2.10
2.16
2.13
2.10
2.13
2.15
2.42	163.69
2.15
2.38
1.93
1.95
2.03
2.02
2.19
2.05
2.11
1.88
2.19
2.24
2.37
2.17
2.28
2.22
1.85
2.22
2.20
1.98
1.98
1.93
2.07
1.92
1.81
1.85
1.92
2.18
2.01
2.10
2.11
