CorWatt	PkgWatt
14.48	126.18
0.48	126.17
0.44
0.46
0.43
0.53
0.50
0.48
0.52
0.44
0.44
0.39
0.38
0.52
0.52
0.49
0.51
0.48
0.44
0.47
0.49
0.45
0.40
0.38
0.40
0.36
0.35
0.37
0.35
0.52
0.49
0.51
0.50
CorWatt	PkgWatt
14.66	125.93
0.50	126.57
0.43
0.45
0.44
0.54
0.50
0.48
0.51
0.37
0.45
0.39
0.40
0.53
0.54
0.49
0.57
0.51
0.47
0.50
0.48
0.44
0.41
0.39
0.41
0.35
0.35
0.39
0.35
0.53
0.49
0.51
0.51
CorWatt	PkgWatt
17.95	129.78
0.61	129.16
0.49
0.47
0.45
0.57
0.61
0.59
0.69
0.51
0.52
0.53
0.53
0.57
0.55
0.54
0.70
0.59
0.49
0.57
0.53
0.54
0.48
0.45
0.54
0.48
0.50
0.53
0.53
0.75
0.70
0.65
0.67
CorWatt	PkgWatt
14.77	126.51
0.49	126.47
0.44
0.46
0.43
0.49
0.52
0.50
0.53
0.44
0.44
0.38
0.38
0.49
0.52
0.49
0.51
0.46
0.46
0.50
0.46
0.41
0.38
0.38
0.39
0.36
0.38
0.36
0.35
0.57
0.57
0.63
0.58
CorWatt	PkgWatt
14.97	126.56
0.49	126.54
0.46
0.44
0.44
0.49
0.52
0.50
0.56
0.40
0.45
0.39
0.39
0.51
0.54
0.50
0.51
0.50
0.46
0.48
0.47
0.43
0.39
0.39
0.42
0.37
0.39
0.40
0.38
0.52
0.61
0.59
0.58
