CorWatt	PkgWatt
162.95	422.05
2.11	164.03
2.16
2.15
2.14
2.14
2.07
2.13
2.13
2.07
2.12
2.11
2.11
2.09
2.09
2.08
2.09
2.10
2.13
2.13
2.14
2.12
2.15
2.16
2.18
2.13
2.14
2.15
2.17
2.06
2.11
2.11
2.12
2.10	166.35
2.03
2.25
2.19
2.16
2.15
2.15
2.26
2.09
2.17
1.88
2.10
2.29
2.21
2.17
2.25
2.23
2.14
2.11
2.15
2.20
2.22
2.14
2.33
2.24
2.26
2.13
2.27
2.10
2.19
2.26
1.91
CorWatt	PkgWatt
124.14	295.29
2.13	163.47
2.15
2.15
2.14
2.15
2.05
2.11
2.12
2.08
2.13
2.08
2.08
2.08
2.08
2.09
2.08
2.08
2.13
2.09
2.12
2.12
2.14
2.14
2.16
2.14
2.14
2.14
2.17
2.05
2.13
2.08
2.13
2.06	165.75
2.04
2.30
2.14
2.12
2.10
2.10
2.26
2.08
2.14
1.88
2.14
2.35
2.11
2.13
2.25
2.15
2.14
2.08
2.16
2.14
2.18
2.10
2.33
2.16
2.18
2.18
2.20
2.04
2.21
2.25
1.90
CorWatt	PkgWatt
148.09	365.70
2.12	163.78
2.12
2.11
2.10
2.39
2.05
2.26
2.16
2.04
2.12
2.06
2.05
2.06
2.07
2.06
2.07
2.07
2.12
2.09
2.11
2.09
2.12
2.11
2.12
2.11
2.12
2.12
2.17
2.02
2.11
2.07
2.09
2.02	164.20
2.09
2.13
2.06
1.82
2.00
2.17
2.21
2.01
2.20
1.88
2.22
2.39
2.23
2.01
2.37
2.00
2.07
1.90
2.07
1.93
2.25
2.31
2.15
2.19
2.09
2.16
2.19
2.07
1.84
2.29
1.87
CorWatt	PkgWatt
136.40	330.79
2.16	164.95
2.15
2.13
2.16
2.18
2.13
2.25
2.26
2.22
2.13
2.07
2.09
2.11
2.09
2.09
2.08
2.13
2.14
2.12
2.12
2.10
2.18
2.12
2.13
2.14
2.16
2.15
2.20
2.04
2.11
2.10
2.10
2.18	165.74
2.01
2.17
1.96
1.82
2.04
2.04
2.24
1.90
2.25
1.99
2.22
2.30
2.35
2.15
2.37
2.18
2.12
1.88
2.01
2.12
2.01
2.32
2.31
2.25
2.12
2.14
2.24
2.22
1.88
2.32
1.88
CorWatt	PkgWatt
138.62	335.62
2.17	168.10
2.25
2.31
2.22
2.24
2.20
2.27
2.27
2.20
2.28
2.07
2.11
2.14
2.16
2.14
2.11
2.13
2.15
2.16
2.23
2.13
2.28
2.15
2.17
2.26
2.18
2.20
2.24
2.10
2.14
2.16
2.18
2.27	167.62
2.03
2.20
2.00
1.93
1.97
2.09
2.23
2.16
2.10
2.01
2.20
2.30
2.37
2.21
2.32
2.21
2.15
1.94
2.13
2.16
2.17
2.30
2.19
2.20
2.10
2.15
2.21
2.10
1.93
2.29
2.04
CorWatt	PkgWatt
122.34	328.45
2.08	162.59
2.04
2.24
1.94
1.86
2.10
2.02
1.83
1.49
1.67
1.76
1.71
2.04
1.94
1.60
2.10
1.90
1.91
2.00
1.71
1.79
1.88
2.06
2.02
1.69
1.76
2.07
1.72
1.77
1.93
1.97
1.43
2.09	165.76
2.01
2.10
2.07
1.78
1.98
2.05
2.01
2.03
2.00
2.04
2.05
1.95
1.98
1.96
1.82
1.98
2.02
1.74
1.88
2.02
1.89
1.85
1.92
1.97
1.93
1.65
1.66
1.86
2.02
2.06
1.93
CorWatt	PkgWatt
54.93	256.96
1.71	130.55
0.50
1.55
0.47
1.09
0.97
2.00
0.41
0.36
0.41
1.56
0.41
1.33
0.39
0.33
2.06
0.54
0.42
1.14
0.41
0.38
0.38
2.14
0.37
2.03
1.72
1.44
0.41
1.25
0.38
1.11
0.39
2.05	125.61
0.49
0.40
0.76
0.41
0.36
0.75
2.08
0.37
2.04
0.33
1.39
1.60
0.31
0.32
0.38
0.76
0.65
0.38
1.05
0.71
0.38
0.33
0.33
1.19
0.74
0.37
0.32
0.76
0.34
2.06
0.34
