CorWatt	PkgWatt
348.09	615.18
5.35	242.22
3.93
4.71
4.97
4.86
4.50
4.01
4.92
4.38
4.54
4.13
4.45
4.97
3.44
4.09
5.17
4.66
4.50
4.33
4.53
4.83
4.51
4.84
4.51
5.11
3.64
4.45
4.36
4.15
5.07
4.95
4.90
5.02	245.42
4.85
4.60
4.80
4.16
4.63
5.13
4.65
4.17
4.53
5.02
4.18
4.68
4.94
4.36
4.69
4.71
4.69
4.41
4.70
5.00
4.76
4.80
4.66
4.46
4.85
4.46
4.85
4.73
4.26
4.60
4.75
CorWatt	PkgWatt
284.65	480.21
5.12	234.68
4.91
2.86
4.48
5.20
3.84
3.76
4.63
3.69
4.38
4.03
3.54
4.49
4.02
4.70
3.69
3.66
3.76
3.50
3.98
4.30
5.01
4.51
4.42
4.15
4.20
4.79
4.12
4.07
5.19
4.04
4.92
4.93	245.51
4.78
4.56
4.91
4.00
4.63
4.77
4.79
4.19
4.49
4.74
4.75
4.54
4.73
4.33
4.93
4.69
4.76
4.48
4.58
4.54
4.72
4.69
4.48
4.56
4.66
4.88
5.34
4.45
4.43
4.71
4.65
CorWatt	PkgWatt
283.37	479.27
5.13	233.88
4.51
3.98
3.51
4.92
3.98
3.94
4.55
3.57
4.47
3.67
3.67
4.36
4.03
4.96
3.71
4.16
4.22
3.64
3.54
5.01
4.89
3.58
4.25
3.67
4.37
4.87
3.82
3.91
4.62
4.11
4.92
4.81	245.40
4.66
4.77
4.81
4.27
4.72
4.33
4.77
4.60
4.50
4.79
4.65
4.69
4.43
4.38
5.02
4.45
4.71
4.49
4.72
4.51
4.72
4.43
4.60
4.68
4.52
4.92
5.43
4.16
4.84
4.69
4.78
CorWatt	PkgWatt
290.00	486.01
4.34	240.58
4.32
5.23
4.28
5.27
3.99
4.40
4.62
4.00
4.29
3.96
2.99
4.89
3.16
5.10
4.31
4.00
4.68
3.28
3.49
4.91
5.23
4.12
4.90
3.81
4.40
5.49
3.80
4.35
4.37
5.46
6.10
4.67	245.51
4.88
4.92
4.67
4.52
4.53
4.47
4.34
4.70
4.63
4.19
4.59
5.37
4.66
4.52
4.94
4.51
4.58
4.63
4.60
4.38
4.71
4.58
4.75
4.76
4.56
4.74
5.24
4.40
4.54
4.57
4.36
CorWatt	PkgWatt
290.78	485.91
4.02	240.80
4.62
5.38
3.81
4.25
4.36
4.92
4.80
3.10
4.59
4.36
3.01
5.30
3.97
4.42
4.39
4.32
4.12
3.22
3.42
4.21
4.76
5.73
4.61
3.74
3.61
5.88
4.77
4.23
4.64
5.87
5.54
4.77	245.39
4.82
4.89
4.72
4.54
4.45
4.69
4.39
4.68
4.55
4.34
4.61
4.86
4.33
4.41
4.66
4.61
4.54
4.75
4.75
4.54
4.68
4.61
4.79
5.10
4.70
4.84
5.37
4.73
4.12
4.89
4.22
CorWatt	PkgWatt
278.25	460.57
4.32	244.01
4.14
4.31
4.22
3.85
6.09
4.57
4.95
4.31
2.94
4.02
3.63
4.87
3.54
5.01
4.62
4.19
4.04
4.21
3.80
4.18
4.07
4.39
5.34
5.40
5.97
3.55
5.20
4.78
5.82
6.32
5.11
4.90	245.43
4.81
4.83
4.65
4.82
4.35
4.40
4.49
4.55
4.28
4.76
4.54
4.69
4.29
4.94
4.46
4.58
4.57
4.72
4.69
4.72
4.79
4.55
4.68
4.84
4.75
4.76
5.28
4.73
4.49
4.73
4.19
CorWatt	PkgWatt
289.31	499.75
4.36	224.51
4.05
3.22
4.38
3.31
4.52
4.16
3.94
3.71
3.36
3.64
4.05
2.92
3.29
2.68
3.88
3.22
4.24
3.58
3.53
4.52
2.99
3.53
4.16
5.52
4.66
4.42
4.52
2.88
4.87
4.94
3.41
4.86	245.42
4.88
4.88
4.84
4.86
4.04
3.98
4.61
4.27
4.49
4.37
4.54
4.55
4.61
4.89
4.41
4.58
4.64
4.76
4.72
4.94
4.75
4.70
4.60
4.94
4.63
4.93
5.06
4.52
4.63
4.74
4.44
CorWatt	PkgWatt
238.80	437.83
3.64	192.60
2.69
2.71
3.53
2.65
2.62
2.72
2.72
2.54
2.67
2.65
2.66
1.98
2.73
1.85
2.25
2.42
3.08
3.35
2.49
2.61
3.14
2.67
2.65
3.84
2.68
3.62
4.70
2.40
3.35
2.60
2.43
4.80	245.24
4.97
5.07
4.97
4.15
4.35
3.88
4.81
4.89
3.97
4.43
4.76
4.42
4.93
4.98
4.23
4.51
4.83
4.91
4.88
4.95
4.89
4.58
4.60
4.93
4.45
4.83
4.71
4.36
4.37
4.61
4.17
CorWatt	PkgWatt
238.90	437.77
3.13	192.10
3.65
3.29
2.69
2.67
2.45
2.67
2.80
2.61
2.76
2.66
2.66
2.11
2.57
3.00
2.33
2.47
3.58
3.74
2.44
2.60
2.69
2.85
3.44
3.77
2.73
3.62
4.49
2.10
2.03
1.90
1.97
4.62	245.62
5.03
5.04
4.88
3.89
4.56
4.13
4.69
4.50
4.58
4.59
4.67
4.66
4.99
4.91
4.69
4.50
4.92
4.89
4.78
4.99
4.84
4.60
4.89
4.82
4.01
4.91
4.80
4.39
3.67
4.50
4.49
CorWatt	PkgWatt
179.44	381.55
2.59	184.11
2.62
2.79
2.34
2.61
2.62
2.61
2.62
2.59
2.71
2.50
2.67
2.12
2.59
2.57
2.51
2.54
2.91
2.97
2.41
2.59
2.66
2.86
2.61
2.79
2.31
2.80
3.02
2.16
2.02
2.13
1.93
3.22	197.79
3.20
3.29
2.86
2.64
3.13
2.79
3.07
3.14
2.88
2.94
3.10
2.96
3.22
3.11
3.09
2.99
3.13
3.26
3.04
3.28
3.10
3.07
3.19
3.11
3.22
2.99
3.06
2.99
2.82
3.15
2.76
CorWatt	PkgWatt
141.71	351.48
2.55	178.59
2.27
2.13
2.12
2.25
2.20
2.30
2.27
2.26
2.22
2.23
2.28
2.24
2.26
2.32
2.33
2.37
2.23
2.32
2.33
2.54
2.34
2.52
2.31
2.35
2.28
2.34
2.34
2.36
2.38
2.32
2.41
2.13	172.59
2.16
2.14
2.12
2.16
2.17
2.13
2.12
2.10
2.12
2.09
2.09
2.11
2.14
2.08
2.13
2.13
2.12
2.18
2.06
2.14
2.14
2.13
2.12
2.10
2.08
2.10
2.10
2.06
2.09
2.06
2.06
CorWatt	PkgWatt
125.44	298.54
2.36	183.64
2.45
2.59
2.34
2.36
2.33
2.33
2.31
2.44
2.51
2.28
2.28
2.44
2.58
2.46
2.34
2.49
2.50
2.65
2.46
2.40
2.44
2.46
2.49
2.31
2.31
2.26
2.32
2.24
2.30
2.29
2.31
2.16	175.51
2.17
2.17
2.13
2.18
2.18
2.13
2.15
2.07
2.14
2.07
2.14
2.14
2.15
2.11
2.11
2.08
2.12
2.11
2.13
2.17
2.15
2.16
2.13
2.03
2.11
2.15
2.10
2.11
2.06
2.04
2.04
CorWatt	PkgWatt
203.26	439.19
2.31	218.74
2.27
2.64
3.02
3.57
3.18
3.90
4.22
4.09
4.43
4.08
3.92
3.27
3.27
4.31
2.63
3.20
2.64
3.48
3.76
4.16
3.19
4.03
4.10
3.87
3.90
3.20
4.39
3.54
4.26
4.12
3.40
2.25	182.66
2.32
2.32
2.24
2.32
2.37
2.37
2.32
2.25
2.29
2.31
2.29
2.31
2.30
2.28
2.51
2.97
2.38
2.28
2.26
2.33
2.35
2.32
3.38
2.85
2.22
2.26
2.25
2.32
2.28
2.27
2.32
CorWatt	PkgWatt
225.17	421.71
2.11	245.56
2.12
2.28
3.38
4.89
4.78
4.79
5.48
5.17
5.85
5.20
4.24
4.05
4.54
4.98
4.46
4.06
4.26
4.80
4.70
5.21
4.23
3.85
5.62
4.76
5.47
4.81
4.39
4.38
5.66
5.17
4.06
2.35	196.13
2.46
2.43
2.47
2.41
2.46
2.45
2.40
2.33
2.38
3.75
2.43
2.40
2.40
2.38
5.10
3.87
3.17
2.40
2.43
2.45
2.44
3.86
4.44
2.91
3.04
2.82
2.41
2.99
2.41
2.32
2.36
CorWatt	PkgWatt
269.61	515.43
2.13	245.37
2.14
2.30
3.49
4.79
4.08
4.95
4.23
4.13
5.87
5.08
4.07
4.33
4.79
4.85
5.19
3.92
5.10
4.59
4.44
4.28
5.41
3.53
5.93
5.13
5.35
5.69
4.00
4.03
5.86
5.17
4.90
2.39	202.08
2.44
2.40
2.41
2.51
2.58
2.54
2.47
2.36
2.45
4.28
2.42
2.60
2.52
2.67
4.33
4.12
2.61
3.42
2.44
2.45
2.44
4.16
4.23
2.37
5.43
4.31
3.14
4.06
2.37
2.38
2.39
