CorWatt	PkgWatt
15.29	128.05
0.51	128.07
0.46
0.47
0.53
0.50
0.50
0.51
0.54
0.45
0.50
0.51
0.42
0.57
0.58
0.55
0.60
0.49
0.47
0.50
0.49
0.43
0.39
0.38
0.41
0.36
0.36
0.37
0.36
0.52
0.51
0.53
0.51
CorWatt	PkgWatt
15.43	127.41
0.50	127.92
0.45
0.47
0.53
0.53
0.52
0.54
0.55
0.54
0.47
0.43
0.45
0.53
0.55
0.54
0.60
0.50
0.51
0.51
0.48
0.41
0.40
0.40
0.41
0.38
0.37
0.38
0.39
0.53
0.52
0.54
0.52
CorWatt	PkgWatt
21.28	134.35
0.66	133.81
0.64
0.59
2.26
0.64
0.62
0.62
0.72
0.54
0.90
0.48
0.50
0.59
0.61
0.59
0.73
0.67
0.62
0.70
0.65
0.60
0.60
0.57
0.69
0.51
0.48
0.49
0.54
0.57
0.56
0.72
0.59
CorWatt	PkgWatt
16.84	128.96
0.54	128.96
0.44
0.48
0.56
1.23
0.75
0.73
0.75
0.42
0.48
0.41
0.43
0.55
0.56
0.54
0.60
0.48
0.50
0.47
0.47
0.44
0.47
0.50
0.50
0.36
0.36
0.38
0.39
0.52
0.51
0.52
0.51
CorWatt	PkgWatt
16.43	128.77
0.55	128.76
0.45
0.48
0.55
1.00
0.76
0.73
1.03
0.40
0.45
0.39
0.38
0.50
0.53
0.52
0.58
0.49
0.49
0.48
0.47
0.43
0.42
0.45
0.43
0.36
0.35
0.36
0.37
0.51
0.51
0.52
0.50
CorWatt	PkgWatt
17.31	129.24
0.55	129.27
0.50
0.50
0.58
0.62
0.64
0.61
0.71
0.45
0.48
0.42
0.39
0.55
0.52
0.50
0.59
0.53
0.56
0.47
0.47
0.44
0.41
0.47
0.47
1.02
0.60
0.61
0.61
0.52
0.51
0.52
0.50
CorWatt	PkgWatt
16.34	128.64
0.52	128.61
0.44
0.47
0.57
0.50
0.52
0.49
0.51
0.40
0.49
0.38
0.38
0.51
0.54
0.51
0.53
0.46
0.49
0.46
0.47
0.42
0.40
0.42
0.41
0.61
1.21
0.62
0.60
0.52
0.50
0.52
0.50
CorWatt	PkgWatt
16.94	129.17
0.51	129.17
0.48
0.48
0.62
0.50
0.52
0.50
0.50
0.39
0.48
0.43
0.41
0.51
0.54
0.53
0.53
0.47
0.50
0.46
0.47
0.41
0.40
0.42
0.40
1.41
0.70
0.62
0.59
0.54
0.53
0.55
0.53
CorWatt	PkgWatt
17.41	130.32
0.53	130.31
0.45
0.47
0.57
0.49
0.53
0.48
0.49
0.39
0.43
0.38
0.38
0.50
0.52
0.50
0.51
0.45
0.48
0.46
0.46
0.42
0.41
0.41
0.40
3.12
0.37
0.38
0.36
0.52
0.50
0.54
0.50
CorWatt	PkgWatt
17.59	130.35
0.53	130.35
0.44
0.48
0.56
0.50
0.52
0.49
0.50
0.39
0.44
0.38
0.40
0.52
0.52
0.50
0.52
0.49
0.50
0.46
0.49
0.40
0.41
0.42
0.40
3.12
0.38
0.39
0.38
0.52
0.51
0.52
0.50
CorWatt	PkgWatt
17.32	130.39
0.53	130.39
0.44
0.47
0.59
0.49
0.51
0.49
0.49
0.39
0.43
0.37
0.38
0.50
0.52
0.50
0.51
0.45
0.49
0.46
0.47
0.40
0.38
0.42
0.39
3.13
0.37
0.39
0.37
0.51
0.50
0.51
0.50
CorWatt	PkgWatt
17.63	130.46
0.52	130.46
0.44
0.48
0.59
0.49
0.54
0.49
0.50
0.40
0.45
0.38
0.39
0.50
0.52
0.50
0.52
0.45
0.49
0.47
0.48
0.40
0.42
0.42
0.42
3.12
0.38
0.39
0.37
0.54
0.53
0.51
0.52
CorWatt	PkgWatt
17.32	130.22
0.52	130.22
0.43
0.46
0.56
0.49
0.51
0.48
0.49
0.39
0.43
0.38
0.41
0.50
0.52
0.50
0.51
0.45
0.49
0.46
0.46
0.40
0.38
0.41
0.41
3.12
0.38
0.38
0.36
0.52
0.51
0.51
0.51
CorWatt	PkgWatt
17.55	130.55
0.53	130.55
0.46
0.48
0.56
0.49
0.52
0.49
0.49
0.40
0.44
0.38
0.39
0.50
0.52
0.51
0.53
0.45
0.49
0.47
0.47
0.40
0.40
0.42
0.39
3.12
0.38
0.40
0.41
0.52
0.51
0.52
0.50
CorWatt	PkgWatt
17.42	130.30
0.52	130.30
0.46
0.46
0.55
0.49
0.51
0.48
0.49
0.40
0.44
0.37
0.41
0.50
0.52
0.50
0.54
0.45
0.48
0.46
0.47
0.40
0.40
0.42
0.41
3.13
0.37
0.38
0.37
0.51
0.50
0.54
0.51
CorWatt	PkgWatt
17.58	130.47
0.54	130.47
0.50
0.46
0.55
0.53
0.52
0.52
0.53
0.40
0.44
0.37
0.40
0.50
0.51
0.51
0.52
0.44
0.50
0.46
0.47
0.41
0.38
0.44
0.40
3.12
0.36
0.39
0.37
0.51
0.50
0.51
0.50
CorWatt	PkgWatt
17.46	130.37
0.53	130.37
0.47
0.47
0.55
0.49
0.53
0.49
0.51
0.39
0.44
0.37
0.38
0.54
0.53
0.52
0.52
0.45
0.50
0.46
0.47
0.40
0.40
0.39
0.40
3.12
0.37
0.39
0.36
0.51
0.50
0.51
0.50
CorWatt	PkgWatt
17.63	130.65
0.53	130.65
0.48
0.46
0.54
0.50
0.53
0.49
0.49
0.40
0.49
0.38
0.42
0.50
0.53
0.50
0.52
0.47
0.52
0.46
0.47
0.41
0.39
0.41
0.42
3.12
0.37
0.39
0.38
0.52
0.51
0.51
0.50
CorWatt	PkgWatt
17.52	130.49
0.54	130.49
0.48
0.44
0.54
0.49
0.51
0.48
0.50
0.41
0.44
0.38
0.38
0.50
0.52
0.51
0.52
0.46
0.48
0.46
0.48
0.41
0.40
0.43
0.39
3.13
0.39
0.41
0.39
0.54
0.50
0.51
0.51
CorWatt	PkgWatt
17.45	130.30
0.54	130.30
0.47
0.45
0.54
0.50
0.53
0.48
0.51
0.38
0.45
0.37
0.39
0.51
0.52
0.51
0.52
0.46
0.49
0.50
0.46
0.40
0.38
0.41
0.38
3.06
0.42
0.39
0.42
0.52
0.50
0.52
0.50
CorWatt	PkgWatt
18.27	130.35
0.60	130.37
0.53
0.75
0.59
0.84
0.74
0.71
0.98
0.47
0.50
0.44
0.77
0.59
0.61
0.59
0.59
0.52
0.53
0.51
0.51
0.48
0.45
0.46
0.46
0.45
0.41
0.45
0.44
0.56
0.56
0.62
0.57
CorWatt	PkgWatt
17.18	129.33
0.55	129.31
0.45
0.57
0.50
1.15
0.85
0.85
1.25
0.40
0.45
0.38
0.40
0.53
0.54
0.52
0.53
0.48
0.50
0.48
0.48
0.41
0.43
0.41
0.40
0.37
0.37
0.40
0.38
0.53
0.51
0.58
0.51
CorWatt	PkgWatt
16.91	128.95
0.54	128.95
0.50
0.59
0.50
1.02
0.84
0.84
1.39
0.39
0.44
0.37
0.41
0.50
0.53
0.52
0.52
0.45
0.50
0.47
0.46
0.41
0.38
0.39
0.41
0.35
0.36
0.38
0.35
0.51
0.51
0.57
0.50
CorWatt	PkgWatt
16.86	128.97
0.53	128.98
0.48
0.57
0.45
0.99
0.86
0.84
1.42
0.39
0.47
0.37
0.42
0.52
0.51
0.49
0.55
0.44
0.50
0.47
0.47
0.41
0.39
0.39
0.38
0.35
0.35
0.38
0.37
0.51
0.52
0.57
0.49
CorWatt	PkgWatt
16.76	128.91
0.53	128.90
0.50
0.57
0.44
1.23
0.86
0.85
1.17
0.40
0.44
0.37
0.39
0.52
0.53
0.49
0.51
0.44
0.51
0.46
0.46
0.39
0.39
0.40
0.40
0.35
0.36
0.38
0.36
0.51
0.51
0.56
0.50
CorWatt	PkgWatt
16.88	128.88
0.54	128.89
0.48
0.58
0.45
0.94
0.85
0.84
1.45
0.40
0.43
0.38
0.39
0.51
0.52
0.50
0.51
0.45
0.49
0.47
0.47
0.41
0.40
0.40
0.39
0.36
0.40
0.41
0.39
0.54
0.50
0.58
0.50
CorWatt	PkgWatt
18.16	130.08
0.49	130.08
0.49
0.57
0.47
1.07
1.07
1.07
2.21
0.43
0.44
0.39
0.38
0.51
0.51
0.52
0.51
0.47
0.51
0.46
0.46
0.41
0.38
0.39
0.39
0.36
0.36
0.40
0.37
0.51
0.50
0.56
0.50
CorWatt	PkgWatt
20.08	131.94
0.52	131.95
0.53
0.58
0.47
1.34
1.35
1.34
3.09
0.41
0.47
0.37
0.40
0.50
0.52
0.49
0.51
0.45
0.49
0.46
0.48
0.42
0.40
0.42
0.40
0.36
0.35
0.40
0.39
0.54
0.55
0.53
0.54
CorWatt	PkgWatt
19.65	131.73
0.53	131.72
0.50
0.58
0.44
1.36
1.35
1.34
3.05
0.40
0.43
0.37
0.38
0.50
0.51
0.49
0.51
0.45
0.49
0.46
0.47
0.41
0.39
0.40
0.39
0.35
0.36
0.38
0.35
0.51
0.50
0.51
0.51
CorWatt	PkgWatt
19.92	131.72
0.54	131.72
0.50
0.57
0.46
2.03
1.35
1.34
2.39
0.40
0.44
0.41
0.40
0.51
0.53
0.53
0.52
0.45
0.50
0.46
0.47
0.41
0.39
0.40
0.39
0.36
0.35
0.39
0.36
0.52
0.52
0.51
0.50
CorWatt	PkgWatt
19.84	131.65
0.53	131.65
0.50
0.56
0.45
3.10
1.35
1.34
1.34
0.41
0.45
0.38
0.38
0.52
0.53
0.50
0.51
0.46
0.49
0.46
0.48
0.44
0.39
0.40
0.40
0.35
0.36
0.38
0.37
0.51
0.50
0.52
0.50
CorWatt	PkgWatt
20.39	132.21
0.52	132.22
0.52
0.63
0.52
2.96
1.48
1.34
1.34
0.43
0.48
0.43
0.44
0.53
0.53
0.52
0.52
0.45
0.51
0.46
0.46
0.41
0.39
0.44
0.39
0.35
0.39
0.42
0.38
0.55
0.51
0.55
0.54
CorWatt	PkgWatt
19.89	131.79
0.54	131.78
0.51
0.58
0.49
1.34
3.10
1.35
1.33
0.40
0.45
0.37
0.39
0.50
0.54
0.49
0.52
0.45
0.49
0.47
0.46
0.42
0.39
0.40
0.41
0.35
0.35
0.39
0.35
0.52
0.52
0.51
0.50
CorWatt	PkgWatt
20.12	131.94
0.55	131.95
0.49
0.58
0.46
2.02
2.41
1.35
1.34
0.45
0.47
0.40
0.41
0.54
0.56
0.52
0.53
0.45
0.50
0.47
0.47
0.42
0.39
0.40
0.39
0.35
0.35
0.40
0.39
0.52
0.51
0.52
0.52
CorWatt	PkgWatt
19.73	131.70
0.54	131.70
0.49
0.58
0.46
3.08
1.35
1.34
1.33
0.42
0.44
0.39
0.39
0.50
0.51
0.49
0.51
0.45
0.48
0.48
0.46
0.41
0.39
0.40
0.39
0.35
0.35
0.38
0.36
0.51
0.50
0.51
0.50
CorWatt	PkgWatt
19.71	131.59
0.54	131.59
0.49
0.56
0.45
3.10
1.35
1.34
1.33
0.39
0.44
0.37
0.39
0.50
0.50
0.49
0.51
0.45
0.50
0.46
0.46
0.44
0.39
0.40
0.39
0.35
0.35
0.39
0.35
0.51
0.50
0.52
0.49
CorWatt	PkgWatt
19.70	131.51
0.53	131.52
0.49
0.57
0.45
1.42
3.01
1.34
1.33
0.39
0.44
0.37
0.38
0.52
0.53
0.51
0.51
0.45
0.49
0.47
0.46
0.42
0.41
0.40
0.41
0.35
0.35
0.36
0.35
0.51
0.50
0.51
0.50
CorWatt	PkgWatt
19.73	131.67
0.58	131.65
0.57
0.66
0.57
1.03
1.98
0.99
1.01
0.44
0.51
0.43
0.43
0.56
0.56
0.55
0.56
0.50
0.53
0.90
0.51
0.47
0.46
0.46
0.46
0.41
0.41
0.42
0.44
0.59
0.58
0.58
0.56
CorWatt	PkgWatt
16.24	128.64
0.51	128.66
0.45
0.48
0.52
0.57
0.52
0.49
0.51
0.42
0.45
0.37
0.39
0.51
0.52
0.50
0.51
0.45
0.50
0.67
0.48
0.83
0.61
0.60
0.91
0.35
0.36
0.37
0.36
0.52
0.51
0.51
0.50
CorWatt	PkgWatt
16.15	128.28
0.52	128.28
0.44
0.47
0.48
0.55
0.53
0.49
0.49
0.40
0.45
0.37
0.39
0.50
0.50
0.50
0.51
0.47
0.51
0.58
0.49
0.68
0.63
0.65
1.05
0.35
0.35
0.37
0.37
0.52
0.50
0.51
0.49
CorWatt	PkgWatt
15.93	128.25
0.51	128.25
0.42
0.46
0.49
0.55
0.51
0.49
0.50
0.39
0.45
0.37
0.38
0.50
0.51
0.50
0.53
0.44
0.48
0.57
0.46
0.66
0.63
0.63
1.03
0.35
0.35
0.35
0.38
0.51
0.50
0.52
0.50
CorWatt	PkgWatt
16.25	128.37
0.51	128.37
0.43
0.49
0.50
0.56
0.53
0.50
0.50
0.40
0.48
0.38
0.39
0.50
0.52
0.50
0.52
0.45
0.49
0.56
0.47
0.83
0.64
0.64
0.85
0.35
0.38
0.36
0.39
0.53
0.53
0.53
0.52
CorWatt	PkgWatt
16.11	128.55
0.51	128.55
0.44
0.45
0.51
0.52
0.49
0.49
0.49
0.39
0.48
0.37
0.40
0.50
0.51
0.49
0.52
0.45
0.50
0.57
0.47
1.14
0.62
0.63
0.71
0.35
0.36
0.36
0.35
0.52
0.50
0.51
0.51
CorWatt	PkgWatt
18.53	133.63
0.55	133.63
0.44
0.47
0.47
0.50
0.49
0.49
0.48
0.39
0.44
0.38
0.39
0.50
0.50
0.48
0.51
0.45
0.49
0.58
0.47
4.33
0.39
0.41
0.42
0.35
0.35
0.36
0.42
0.52
0.50
0.51
0.49
CorWatt	PkgWatt
18.45	133.49
0.55	133.49
0.43
0.45
0.44
0.49
0.49
0.49
0.49
0.40
0.43
0.38
0.41
0.50
0.50
0.48
0.51
0.45
0.49
0.58
0.47
4.33
0.41
0.41
0.44
0.35
0.35
0.35
0.36
0.51
0.50
0.51
0.50
CorWatt	PkgWatt
18.78	133.88
0.54	133.89
0.47
0.47
0.46
0.53
0.50
0.52
0.53
0.38
0.43
0.39
0.40
0.51
0.51
0.50
0.52
0.46
0.52
0.56
0.48
4.32
0.41
0.43
0.44
0.35
0.36
0.39
0.37
0.52
0.50
0.51
0.50
CorWatt	PkgWatt
18.59	133.84
0.53	133.84
0.43
0.48
0.49
0.49
0.49
0.49
0.51
0.38
0.42
0.37
0.38
0.51
0.51
0.51
0.50
0.45
0.51
0.57
0.47
4.33
0.41
0.40
0.45
0.35
0.35
0.37
0.40
0.51
0.50
0.52
0.50
CorWatt	PkgWatt
18.51	133.62
0.53	133.62
0.45
0.46
0.49
0.50
0.49
0.49
0.50
0.39
0.47
0.39
0.39
0.50
0.50
0.49
0.50
0.46
0.50
0.57
0.47
4.33
0.39
0.41
0.42
0.35
0.35
0.37
0.36
0.51
0.50
0.51
0.49
CorWatt	PkgWatt
18.59	133.73
0.53	133.74
0.45
0.45
0.48
0.49
0.49
0.49
0.50
0.41
0.43
0.38
0.38
0.50
0.50
0.48
0.50
0.46
0.50
0.58
0.49
4.33
0.41
0.40
0.43
0.37
0.36
0.39
0.38
0.53
0.50
0.51
0.50
CorWatt	PkgWatt
18.73	133.80
0.54	133.80
0.45
0.45
0.47
0.51
0.51
0.49
0.51
0.41
0.43
0.38
0.39
0.50
0.50
0.49
0.51
0.47
0.51
0.60
0.47
4.33
0.41
0.42
0.42
0.38
0.36
0.37
0.42
0.52
0.50
0.52
0.50
CorWatt	PkgWatt
18.52	133.84
0.54	133.83
0.43
0.45
0.46
0.50
0.49
0.48
0.49
0.40
0.43
0.38
0.38
0.51
0.51
0.49
0.51
0.46
0.49
0.58
0.47
4.33
0.40
0.40
0.42
0.37
0.35
0.39
0.36
0.51
0.50
0.51
0.52
CorWatt	PkgWatt
18.49	133.64
0.54	133.64
0.43
0.45
0.47
0.50
0.49
0.49
0.48
0.38
0.43
0.37
0.39
0.51
0.51
0.49
0.50
0.46
0.50
0.57
0.47
4.33
0.40
0.41
0.42
0.35
0.35
0.38
0.41
0.51
0.50
0.51
0.49
CorWatt	PkgWatt
18.65	133.69
0.56	133.69
0.45
0.48
0.51
0.50
0.49
0.49
0.50
0.41
0.44
0.39
0.39
0.50
0.51
0.49
0.51
0.46
0.51
0.58
0.47
4.33
0.40
0.40
0.43
0.35
0.35
0.37
0.36
0.51
0.50
0.54
0.51
CorWatt	PkgWatt
18.72	134.00
0.55	134.00
0.44
0.46
0.50
0.52
0.51
0.49
0.50
0.39
0.43
0.38
0.39
0.51
0.50
0.49
0.52
0.47
0.52
0.58
0.47
4.33
0.41
0.42
0.44
0.35
0.35
0.37
0.37
0.52
0.50
0.51
0.50
CorWatt	PkgWatt
18.51	133.71
0.54	133.71
0.46
0.45
0.48
0.50
0.51
0.50
0.49
0.39
0.44
0.37
0.38
0.50
0.51
0.48
0.50
0.46
0.51
0.58
0.47
4.33
0.40
0.41
0.42
0.35
0.35
0.37
0.35
0.51
0.50
0.51
0.50
CorWatt	PkgWatt
18.03	130.50
0.67	130.52
0.59
0.58
0.84
0.56
0.55
0.55
1.08
0.45
0.48
0.44
0.45
0.58
0.58
0.56
0.57
0.51
0.56
0.60
0.54
0.91
0.47
0.47
0.48
0.39
0.40
0.44
0.49
0.58
0.54
0.55
0.55
CorWatt	PkgWatt
16.09	128.44
0.86	128.43
0.66
0.69
1.06
0.49
0.49
0.49
0.62
0.41
0.44
0.40
0.38
0.51
0.51
0.50
0.51
0.47
0.51
0.46
0.47
0.43
0.38
0.40
0.39
0.35
0.36
0.40
0.44
0.52
0.50
0.50
0.50
CorWatt	PkgWatt
16.48	128.52
0.75	128.52
0.70
0.70
1.16
0.50
0.49
0.51
0.60
0.42
0.48
0.39
0.42
0.50
0.51
0.49
0.51
0.46
0.50
0.47
0.49
0.43
0.41
0.41
0.41
0.38
0.36
0.41
0.47
0.54
0.54
0.54
0.54
CorWatt	PkgWatt
15.97	128.22
0.74	128.21
0.69
0.69
1.15
0.51
0.51
0.50
0.59
0.39
0.43
0.37
0.39
0.50
0.51
0.51
0.51
0.45
0.48
0.48
0.46
0.41
0.38
0.39
0.40
0.35
0.35
0.38
0.42
0.51
0.50
0.52
0.50
CorWatt	PkgWatt
16.03	128.21
0.74	128.22
0.77
0.68
1.07
0.49
0.49
0.49
0.61
0.40
0.44
0.39
0.43
0.50
0.52
0.53
0.51
0.44
0.50
0.46
0.48
0.40
0.38
0.39
0.38
0.35
0.35
0.38
0.42
0.52
0.52
0.51
0.49
CorWatt	PkgWatt
16.30	128.75
0.72	128.74
0.70
0.66
1.49
0.50
0.49
0.48
0.60
0.41
0.44
0.37
0.39
0.52
0.53
0.49
0.51
0.45
0.49
0.47
0.47
0.42
0.38
0.39
0.40
0.35
0.35
0.38
0.41
0.51
0.51
0.51
0.50
CorWatt	PkgWatt
17.80	130.16
0.64	130.16
0.60
0.60
3.09
0.50
0.50
0.51
0.62
0.39
0.43
0.38
0.42
0.51
0.53
0.51
0.53
0.45
0.49
0.47
0.47
0.42
0.39
0.40
0.41
0.37
0.36
0.39
0.42
0.52
0.50
0.51
0.50
CorWatt	PkgWatt
18.58	130.86
0.71	130.87
3.06
0.64
0.64
0.53
0.51
0.53
0.64
0.43
0.46
0.41
0.43
0.54
0.55
0.53
0.54
0.48
0.53
0.50
0.50
0.42
0.39
0.40
0.40
0.39
0.36
0.42
0.43
0.57
0.54
0.54
0.54
CorWatt	PkgWatt
17.82	130.25
0.70	130.24
3.07
0.59
0.57
0.50
0.50
0.49
0.60
0.41
0.45
0.39
0.41
0.54
0.55
0.52
0.53
0.44
0.49
0.46
0.49
0.40
0.38
0.39
0.39
0.35
0.35
0.41
0.43
0.52
0.50
0.51
0.51
CorWatt	PkgWatt
17.72	130.12
0.67	130.11
0.63
0.59
3.09
0.49
0.50
0.49
0.61
0.39
0.43
0.37
0.39
0.50
0.51
0.49
0.51
0.45
0.49
0.47
0.46
0.41
0.38
0.39
0.39
0.36
0.35
0.40
0.42
0.54
0.50
0.52
0.52
CorWatt	PkgWatt
17.84	130.18
0.68	130.19
0.58
0.58
3.07
0.50
0.50
0.49
0.61
0.40
0.44
0.38
0.41
0.51
0.51
0.50
0.52
0.47
0.49
0.46
0.47
0.42
0.38
0.39
0.39
0.39
0.37
0.41
0.43
0.54
0.52
0.53
0.51
CorWatt	PkgWatt
17.52	130.00
0.67	130.00
0.57
0.58
3.07
0.49
0.50
0.49
0.60
0.39
0.45
0.37
0.39
0.50
0.52
0.49
0.51
0.44
0.48
0.46
0.46
0.42
0.40
0.39
0.40
0.35
0.35
0.36
0.39
0.51
0.50
0.51
0.50
CorWatt	PkgWatt
17.89	130.46
0.67	130.46
0.59
0.60
3.09
0.51
0.49
0.51
0.60
0.39
0.49
0.39
0.41
0.50
0.50
0.49
0.51
0.44
0.50
0.46
0.46
0.42
0.38
0.39
0.38
0.39
0.38
0.40
0.43
0.54
0.52
0.54
0.52
CorWatt	PkgWatt
17.63	129.99
0.66	129.99
1.00
0.59
2.71
0.50
0.50
0.49
0.60
0.39
0.44
0.37
0.39
0.50
0.51
0.49
0.51
0.44
0.49
0.47
0.46
0.43
0.40
0.39
0.39
0.36
0.35
0.37
0.41
0.51
0.51
0.51
0.50
CorWatt	PkgWatt
17.73	130.18
0.66	130.19
2.60
0.60
1.11
0.50
0.51
0.50
0.59
0.38
0.44
0.38
0.41
0.50
0.51
0.50
0.51
0.47
0.51
0.47
0.49
0.41
0.39
0.39
0.39
0.35
0.35
0.36
0.41
0.52
0.50
0.52
0.50
CorWatt	PkgWatt
17.60	130.21
0.67	130.21
0.61
0.61
3.07
0.49
0.49
0.50
0.59
0.40
0.44
0.37
0.39
0.50
0.53
0.49
0.52
0.44
0.48
0.47
0.46
0.41
0.38
0.39
0.40
0.35
0.36
0.36
0.41
0.51
0.50
0.52
0.50
CorWatt	PkgWatt
17.61	130.07
0.65	130.07
1.71
0.60
1.97
0.49
0.52
0.49
0.60
0.39
0.45
0.37
0.40
0.50
0.50
0.48
0.51
0.44
0.48
0.46
0.47
0.41
0.40
0.39
0.40
0.35
0.37
0.36
0.40
0.53
0.52
0.52
0.51
CorWatt	PkgWatt
17.12	129.49
0.63	129.50
2.31
0.55
0.56
0.51
0.51
0.51
0.63
0.54
0.44
0.37
0.42
0.54
0.53
0.50
0.52
0.45
0.50
0.48
0.45
0.43
0.38
0.40
0.40
0.39
0.35
0.35
0.41
0.51
0.51
0.52
0.51
CorWatt	PkgWatt
17.83	129.78
0.60	129.79
0.50
0.77
0.55
1.19
0.73
0.73
0.72
0.62
0.50
0.43
0.45
0.57
0.57
0.56
0.57
0.49
0.53
0.51
0.51
0.47
0.44
0.45
0.45
0.40
0.40
0.41
0.46
0.57
0.55
0.56
0.56
CorWatt	PkgWatt
16.00	128.08
0.52	128.07
0.46
0.57
0.44
0.90
1.13
0.72
0.72
0.40
0.44
0.37
0.40
0.50
0.51
0.48
0.51
0.44
0.49
0.46
0.45
0.41
0.39
0.39
0.40
0.35
0.35
0.36
0.41
0.51
0.50
0.51
0.50
CorWatt	PkgWatt
16.18	128.29
0.54	128.29
0.45
0.57
0.45
1.18
0.88
0.74
0.76
0.39
0.45
0.37
0.38
0.51
0.50
0.48
0.51
0.44
0.52
0.46
0.46
0.43
0.38
0.41
0.40
0.35
0.37
0.37
0.42
0.52
0.50
0.51
0.49
CorWatt	PkgWatt
16.01	128.10
0.52	128.10
0.43
0.57
0.45
1.31
0.74
0.72
0.73
0.39
0.44
0.36
0.37
0.52
0.53
0.51
0.50
0.44
0.51
0.46
0.45
0.39
0.40
0.39
0.40
0.35
0.35
0.38
0.39
0.51
0.50
0.51
0.50
CorWatt	PkgWatt
16.19	128.42
0.55	128.43
0.45
0.56
0.47
1.31
0.76
0.73
0.72
0.38
0.48
0.37
0.41
0.53
0.52
0.53
0.51
0.44
0.52
0.47
0.46
0.39
0.38
0.39
0.38
0.36
0.36
0.39
0.37
0.52
0.51
0.51
0.50
CorWatt	PkgWatt
17.22	129.90
0.55	129.90
0.44
0.56
0.44
0.58
2.99
0.53
0.53
0.41
0.43
0.37
0.38
0.50
0.50
0.50
0.50
0.44
0.48
0.46
0.47
0.41
0.39
0.39
0.39
0.37
0.36
0.40
0.38
0.53
0.50
0.51
0.51
CorWatt	PkgWatt
17.43	130.25
0.55	130.24
0.43
0.54
0.45
0.54
3.38
0.49
0.51
0.38
0.43
0.36
0.40
0.51
0.50
0.48
0.50
0.45
0.50
0.49
0.45
0.38
0.38
0.39
0.38
0.37
0.39
0.37
0.38
0.51
0.50
0.51
0.49
CorWatt	PkgWatt
17.38	130.28
0.55	130.28
0.44
0.55
0.44
0.51
3.39
0.50
0.49
0.39
0.42
0.36
0.38
0.51
0.52
0.50
0.50
0.44
0.48
0.46
0.45
0.39
0.40
0.39
0.38
0.36
0.37
0.38
0.37
0.51
0.50
0.51
0.52
CorWatt	PkgWatt
17.45	130.46
0.54	130.46
0.43
0.54
0.46
0.51
3.38
0.50
0.50
0.40
0.43
0.37
0.39
0.52
0.52
0.50
0.50
0.45
0.48
0.47
0.46
0.39
0.39
0.39
0.39
0.36
0.36
0.38
0.36
0.52
0.51
0.54
0.51
CorWatt	PkgWatt
17.37	130.22
0.56	130.22
0.44
0.57
0.45
0.55
3.38
0.49
0.49
0.39
0.43
0.37
0.39
0.50
0.51
0.48
0.50
0.44
0.50
0.48
0.45
0.39
0.38
0.39
0.39
0.35
0.35
0.37
0.35
0.51
0.51
0.50
0.51
CorWatt	PkgWatt
17.51	130.43
0.55	130.43
0.44
0.55
0.46
0.55
3.39
0.50
0.50
0.38
0.43
0.37
0.39
0.53
0.52
0.49
0.51
0.45
0.50
0.48
0.46
0.39
0.39
0.40
0.40
0.36
0.35
0.39
0.37
0.52
0.50
0.51
0.51
CorWatt	PkgWatt
17.34	130.22
0.56	130.22
0.44
0.55
0.45
0.53
3.38
0.51
0.49
0.39
0.42
0.36
0.38
0.52
0.51
0.49
0.52
0.44
0.50
0.48
0.45
0.39
0.38
0.39
0.38
0.35
0.35
0.37
0.36
0.51
0.49
0.50
0.50
CorWatt	PkgWatt
17.53	130.36
0.57	130.37
0.43
0.55
0.44
0.52
3.39
0.50
0.49
0.40
0.42
0.37
0.39
0.51
0.51
0.50
0.51
0.45
0.49
0.47
0.46
0.41
0.40
0.39
0.39
0.35
0.41
0.40
0.38
0.53
0.50
0.50
0.51
CorWatt	PkgWatt
17.47	130.13
0.53	130.13
0.43
0.55
0.45
0.51
3.39
0.49
0.50
0.42
0.43
0.38
0.38
0.51
0.50
0.51
0.50
0.46
0.50
0.48
0.46
0.41
0.38
0.39
0.38
0.35
0.39
0.40
0.36
0.51
0.50
0.50
0.51
CorWatt	PkgWatt
17.73	130.41
0.54	130.42
0.44
0.58
0.47
0.51
3.38
0.50
0.49
0.41
0.46
0.37
0.41
0.50
0.50
0.48
0.51
0.44
0.49
0.47
0.47
0.42
0.41
0.41
0.39
0.36
0.35
0.41
0.39
0.53
0.54
0.56
0.54
CorWatt	PkgWatt
17.64	130.36
0.54	130.37
0.43
0.56
0.44
0.54
3.39
0.51
0.51
0.39
0.43
0.38
0.46
0.56
0.56
0.53
0.51
0.44
0.48
0.46
0.46
0.41
0.38
0.39
0.40
0.35
0.35
0.41
0.35
0.51
0.50
0.50
0.51
CorWatt	PkgWatt
18.03	130.42
0.55	130.43
0.45
0.55
0.46
0.54
3.38
0.51
0.50
0.43
0.44
0.43
0.40
0.58
0.59
0.59
0.52
0.48
0.50
0.47
0.47
0.41
0.39
0.40
0.39
0.36
0.40
0.41
0.38
0.53
0.52
0.51
0.51
CorWatt	PkgWatt
18.31	130.24
0.60	130.24
0.53
0.61
0.53
0.60
1.28
0.57
0.55
0.46
0.48
0.95
0.45
0.65
0.64
0.62
0.82
0.52
0.54
0.53
0.52
0.47
0.44
0.45
0.47
0.41
0.44
0.47
0.43
0.58
0.56
0.56
0.57
CorWatt	PkgWatt
16.71	128.75
0.52	128.73
0.42
0.46
0.44
0.48
0.50
0.50
0.50
0.41
0.43
0.51
0.41
1.54
0.87
0.87
0.92
0.45
0.48
0.47
0.45
0.42
0.38
0.39
0.39
0.35
0.37
0.39
0.36
0.52
0.51
0.50
0.50
CorWatt	PkgWatt
16.60	128.59
0.52	128.58
0.42
0.46
0.46
0.49
0.49
0.49
0.49
0.39
0.43
0.49
0.40
0.88
0.87
0.85
1.56
0.45
0.49
0.48
0.45
0.41
0.38
0.39
0.39
0.35
0.37
0.38
0.35
0.51
0.50
0.51
0.52
CorWatt	PkgWatt
17.08	128.73
0.55	128.73
0.44
0.47
0.45
0.49
0.51
0.49
0.48
0.43
0.46
0.51
0.42
1.11
0.89
0.89
1.37
0.45
0.50
0.47
0.47
0.41
0.39
0.40
0.40
0.36
0.36
0.41
0.39
0.53
0.51
0.53
0.53
CorWatt	PkgWatt
16.56	128.66
0.55	128.66
0.43
0.48
0.43
0.49
0.48
0.48
0.47
0.40
0.43
0.49
0.39
0.87
0.86
0.87
1.55
0.44
0.49
0.48
0.45
0.41
0.38
0.39
0.43
0.35
0.35
0.38
0.36
0.51
0.49
0.50
0.51
CorWatt	PkgWatt
17.09	128.81
0.56	128.82
0.47
0.47
0.46
0.49
0.51
0.48
0.47
0.40
0.45
0.49
0.41
1.14
0.86
0.86
1.28
0.47
0.51
0.49
0.48
0.43
0.41
0.40
0.42
0.38
0.39
0.41
0.40
0.53
0.52
0.52
0.53
CorWatt	PkgWatt
17.00	128.92
0.50	128.91
0.47
0.45
0.44
0.49
0.50
0.50
0.47
0.40
0.44
0.49
0.38
0.95
0.95
0.93
1.78
0.44
0.48
0.46
0.45
0.41
0.40
0.39
0.39
0.35
0.36
0.36
0.35
0.51
0.49
0.50
0.51
CorWatt	PkgWatt
20.38	131.56
0.54	131.58
0.54
0.49
0.51
0.52
0.51
0.51
0.49
0.41
0.48
0.50
0.41
1.48
1.37
1.35
3.06
0.44
0.50
0.49
0.46
0.41
0.38
0.39
0.38
0.40
0.42
0.38
0.40
0.55
0.52
0.53
0.53
CorWatt	PkgWatt
19.71	131.25
0.52	131.25
0.48
0.47
0.43
0.50
0.48
0.48
0.47
0.39
0.43
0.50
0.40
1.37
1.37
1.35
3.16
0.44
0.48
0.46
0.45
0.43
0.40
0.39
0.38
0.35
0.39
0.36
0.35
0.52
0.50
0.51
0.51
CorWatt	PkgWatt
19.72	131.21
0.52	131.21
0.48
0.45
0.43
0.48
0.49
0.48
0.47
0.40
0.43
0.50
0.39
2.40
1.37
1.36
2.13
0.46
0.50
0.45
0.47
0.41
0.39
0.39
0.38
0.35
0.37
0.36
0.37
0.51
0.51
0.52
0.50
CorWatt	PkgWatt
19.64	131.03
0.52	131.03
0.49
0.46
0.45
0.49
0.48
0.49
0.47
0.39
0.43
0.49
0.39
2.52
1.37
1.35
2.01
0.44
0.48
0.46
0.45
0.42
0.38
0.39
0.38
0.35
0.37
0.36
0.35
0.51
0.50
0.50
0.50
CorWatt	PkgWatt
19.98	131.47
0.52	131.47
0.47
0.48
0.46
0.49
0.50
0.50
0.49
0.40
0.45
0.49
0.40
3.16
1.37
1.36
1.37
0.45
0.50
0.47
0.47
0.41
0.40
0.39
0.41
0.36
0.39
0.36
0.36
0.54
0.53
0.52
0.52
CorWatt	PkgWatt
19.67	131.14
0.51	131.14
0.46
0.44
0.45
0.49
0.48
0.48
0.47
0.40
0.44
0.50
0.39
3.15
1.37
1.36
1.37
0.44
0.50
0.47
0.46
0.42
0.38
0.39
0.39
0.36
0.37
0.36
0.36
0.53
0.51
0.50
0.51
CorWatt	PkgWatt
19.78	131.08
0.53	131.08
0.48
0.46
0.47
0.48
0.48
0.49
0.47
0.40
0.45
0.48
0.40
1.37
1.90
1.36
2.63
0.44
0.49
0.45
0.46
0.41
0.38
0.39
0.38
0.35
0.40
0.37
0.37
0.52
0.50
0.51
0.51
CorWatt	PkgWatt
19.71	131.11
0.50	131.11
0.47
0.44
0.43
0.49
0.48
0.48
0.47
0.43
0.43
0.49
0.42
1.37
1.37
1.35
3.16
0.44
0.48
0.47
0.45
0.41
0.40
0.39
0.40
0.35
0.37
0.36
0.36
0.52
0.50
0.50
0.51
CorWatt	PkgWatt
19.97	131.48
0.51	131.49
0.49
0.48
0.43
0.51
0.51
0.52
0.51
0.39
0.43
0.49
0.40
1.36
1.83
1.35
2.71
0.44
0.51
0.46
0.46
0.44
0.40
0.41
0.40
0.36
0.38
0.37
0.37
0.52
0.50
0.51
0.51
CorWatt	PkgWatt
19.73	131.11
0.52	131.11
0.42
0.52
0.44
0.48
0.48
0.48
0.49
0.39
0.44
0.48
0.39
1.37
3.17
1.36
1.38
0.44
0.50
0.46
0.45
0.41
0.41
0.39
0.39
0.35
0.35
0.36
0.36
0.52
0.50
0.50
0.51
CorWatt	PkgWatt
18.68	130.35
0.52	130.35
0.42
0.49
0.43
0.48
0.48
0.48
0.47
0.40
0.48
0.47
0.40
1.20
1.60
1.18
2.27
0.44
0.50
0.46
0.46
0.41
0.40
0.39
0.38
0.37
0.35
0.35
0.37
0.54
0.50
0.51
0.50
CorWatt	PkgWatt
19.98	134.55
0.61	134.57
0.55
0.55
3.20
0.56
0.56
0.54
1.11
0.48
0.51
0.51
0.46
0.63
0.59
0.59
0.60
0.50
0.53
0.52
0.52
0.48
0.47
0.45
0.45
0.41
0.43
0.43
0.44
0.59
0.55
0.57
0.58
CorWatt	PkgWatt
20.00	138.07
0.54	138.05
0.48
0.47
5.70
0.51
0.51
0.48
0.60
0.40
0.43
0.37
0.42
0.54
0.51
0.51
0.54
0.46
0.50
0.50
0.47
0.41
0.40
0.38
0.38
0.37
0.35
0.36
0.38
0.52
0.50
0.52
0.51
CorWatt	PkgWatt
19.74	137.99
0.53	137.98
0.45
0.48
5.70
0.49
0.49
0.47
0.59
0.39
0.43
0.36
0.39
0.55
0.53
0.50
0.52
0.44
0.48
0.46
0.45
0.41
0.41
0.38
0.38
0.36
0.35
0.37
0.37
0.51
0.49
0.51
0.53
CorWatt	PkgWatt
19.56	138.02
0.53	138.02
0.45
0.49
5.71
0.49
0.49
0.48
0.59
0.39
0.42
0.36
0.39
0.51
0.50
0.49
0.52
0.44
0.48
0.44
0.45
0.40
0.39
0.38
0.38
0.35
0.35
0.36
0.35
0.51
0.49
0.50
0.50
CorWatt	PkgWatt
19.66	137.95
0.54	137.95
0.47
0.51
5.70
0.48
0.49
0.49
0.59
0.38
0.43
0.36
0.39
0.50
0.53
0.49
0.51
0.44
0.49
0.46
0.45
0.41
0.39
0.38
0.38
0.35
0.35
0.35
0.35
0.51
0.49
0.50
0.50
CorWatt	PkgWatt
20.08	138.37
0.52	138.37
0.47
0.51
5.70
0.53
0.50
0.51
0.58
0.40
0.44
0.38
0.41
0.52
0.51
0.50
0.53
0.46
0.52
0.48
0.47
0.41
0.40
0.39
0.39
0.35
0.36
0.37
0.38
0.52
0.51
0.55
0.51
CorWatt	PkgWatt
19.78	138.06
0.51	138.06
0.47
0.51
5.70
0.49
0.50
0.50
0.59
0.39
0.42
0.37
0.40
0.50
0.51
0.51
0.51
0.44
0.50
0.47
0.45
0.41
0.40
0.38
0.38
0.35
0.35
0.35
0.35
0.51
0.49
0.56
0.52
CorWatt	PkgWatt
19.70	138.15
0.51	138.15
0.46
0.50
5.71
0.48
0.49
0.48
0.59
0.38
0.43
0.36
0.40
0.50
0.52
0.51
0.51
0.44
0.49
0.45
0.45
0.41
0.40
0.38
0.38
0.35
0.38
0.37
0.37
0.52
0.49
0.50
0.50
CorWatt	PkgWatt
19.85	138.25
0.52	138.25
0.45
0.51
5.70
0.49
0.49
0.48
0.60
0.40
0.43
0.40
0.39
0.51
0.53
0.53
0.52
0.47
0.49
0.46
0.45
0.39
0.40
0.38
0.38
0.35
0.37
0.37
0.37
0.51
0.49
0.50
0.51
CorWatt	PkgWatt
20.16	138.37
0.52	138.38
0.48
0.52
5.71
0.56
0.49
0.50
0.52
0.43
0.47
0.37
0.41
0.50
0.51
0.49
0.52
0.45
0.50
0.46
0.48
0.40
0.42
0.41
0.39
0.37
0.37
0.38
0.40
0.54
0.54
0.53
0.54
CorWatt	PkgWatt
19.71	138.28
0.52	138.28
0.45
0.52
5.71
0.60
0.51
0.50
0.49
0.39
0.43
0.37
0.38
0.50
0.51
0.49
0.51
0.44
0.48
0.45
0.46
0.39
0.40
0.38
0.38
0.35
0.36
0.35
0.35
0.51
0.50
0.54
0.51
CorWatt	PkgWatt
19.93	138.27
0.53	138.26
0.47
0.52
5.71
0.60
0.49
0.48
0.48
0.41
0.43
0.40
0.41
0.52
0.53
0.56
0.52
0.44
0.47
0.46
0.46
0.38
0.40
0.39
0.38
0.35
0.36
0.35
0.36
0.52
0.51
0.55
0.50
CorWatt	PkgWatt
19.82	138.23
0.53	138.23
0.47
0.51
5.71
0.59
0.49
0.48
0.48
0.40
0.44
0.38
0.39
0.51
0.53
0.51
0.52
0.45
0.47
0.45
0.46
0.38
0.40
0.39
0.40
0.35
0.36
0.36
0.35
0.51
0.50
0.55
0.51
CorWatt	PkgWatt
19.98	138.37
0.53	138.38
0.47
0.54
5.71
0.59
0.49
0.51
0.51
0.39
0.44
0.38
0.40
0.50
0.53
0.51
0.54
0.44
0.49
0.46
0.46
0.40
0.40
0.39
0.38
0.35
0.38
0.37
0.37
0.52
0.50
0.50
0.50
CorWatt	PkgWatt
19.73	138.32
0.53	138.32
0.46
0.52
5.71
0.59
0.49
0.49
0.50
0.40
0.42
0.37
0.39
0.50
0.52
0.50
0.52
0.44
0.50
0.46
0.45
0.38
0.40
0.38
0.38
0.35
0.36
0.35
0.36
0.52
0.50
0.50
0.50
CorWatt	PkgWatt
19.92	138.32
0.54	138.33
0.46
0.53
5.71
0.60
0.49
0.48
0.48
0.40
0.45
0.39
0.42
0.52
0.55
0.52
0.53
0.44
0.48
0.45
0.45
0.38
0.40
0.39
0.38
0.35
0.36
0.37
0.38
0.52
0.50
0.50
0.52
CorWatt	PkgWatt
19.78	138.25
0.54	138.25
0.48
0.52
5.71
0.59
0.49
0.48
0.48
0.39
0.43
0.37
0.40
0.50
0.51
0.50
0.52
0.44
0.48
0.47
0.45
0.39
0.40
0.39
0.38
0.35
0.36
0.35
0.36
0.51
0.50
0.53
0.51
CorWatt	PkgWatt
19.80	134.03
0.59	134.04
0.55
0.57
2.55
0.66
0.59
0.56
0.55
0.49
0.51
0.65
0.47
0.60
0.60
0.61
0.72
0.51
0.53
0.54
0.51
0.49
0.51
0.46
0.45
0.44
0.46
0.44
0.76
0.61
0.59
0.62
0.59
CorWatt	PkgWatt
17.56	130.55
0.52	130.53
0.44
0.46
0.49
0.49
0.52
0.49
0.48
0.40
0.45
0.50
0.39
0.56
0.58
0.55
3.32
0.44
0.48
0.47
0.46
0.42
0.40
0.39
0.39
0.35
0.38
0.36
0.35
0.52
0.50
0.52
0.51
CorWatt	PkgWatt
17.76	130.40
0.52	130.42
0.47
0.46
0.50
0.51
0.51
0.51
0.48
0.39
0.48
0.51
0.41
0.56
0.55
0.53
3.25
0.44
0.50
0.47
0.47
0.41
0.38
0.39
0.38
0.39
0.40
0.37
0.38
0.55
0.52
0.53
0.53
CorWatt	PkgWatt
17.40	130.32
0.53	130.30
0.45
0.46
0.48
0.48
0.49
0.50
0.49
0.40
0.43
0.49
0.39
3.22
0.54
0.54
0.63
0.44
0.48
0.46
0.46
0.42
0.40
0.39
0.38
0.35
0.38
0.36
0.35
0.52
0.50
0.50
0.51
CorWatt	PkgWatt
17.62	130.35
0.53	130.35
0.45
0.46
0.48
0.49
0.52
0.50
0.49
0.41
0.44
0.49
0.41
3.22
0.54
0.54
0.62
0.46
0.51
0.46
0.49
0.40
0.40
0.39
0.39
0.37
0.38
0.36
0.35
0.52
0.50
0.51
0.51
CorWatt	PkgWatt
17.40	130.10
0.52	130.10
0.46
0.47
0.49
0.48
0.49
0.49
0.48
0.40
0.43
0.50
0.39
3.22
0.54
0.54
0.60
0.44
0.48
0.47
0.46
0.40
0.38
0.39
0.38
0.35
0.38
0.35
0.35
0.51
0.50
0.54
0.51
CorWatt	PkgWatt
17.49	130.23
0.52	130.23
0.43
0.48
0.48
0.48
0.51
0.50
0.49
0.40
0.45
0.50
0.39
3.23
0.54
0.55
0.59
0.44
0.48
0.46
0.46
0.40
0.40
0.39
0.40
0.36
0.39
0.36
0.35
0.53
0.51
0.52
0.52
CorWatt	PkgWatt
17.45	130.20
0.51	130.19
0.44
0.44
0.47
0.48
0.49
0.49
0.48
0.40
0.43
0.50
0.39
3.37
0.54
0.54
0.59
0.44
0.49
0.46
0.46
0.40
0.38
0.39
0.39
0.35
0.38
0.36
0.35
0.52
0.50
0.52
0.51
CorWatt	PkgWatt
17.66	130.21
0.53	130.22
0.44
0.47
0.49
0.49
0.50
0.50
0.49
0.40
0.44
0.50
0.42
3.39
0.54
0.54
0.59
0.45
0.49
0.46
0.46
0.40
0.39
0.39
0.40
0.37
0.38
0.36
0.35
0.52
0.50
0.51
0.51
CorWatt	PkgWatt
17.79	130.37
0.49	130.37
0.44
0.45
0.48
0.49
0.50
0.50
0.49
0.42
0.45
0.50
0.42
3.40
0.56
0.55
0.60
0.45
0.49
0.48
0.47
0.42
0.40
0.40
0.40
0.36
0.38
0.36
0.36
0.52
0.51
0.51
0.53
CorWatt	PkgWatt
17.66	130.29
0.52	130.29
0.45
0.46
0.47
0.50
0.51
0.52
0.52
0.39
0.43
0.50
0.39
2.21
0.53
0.55
1.72
0.44
0.50
0.46
0.46
0.43
0.40
0.41
0.40
0.36
0.38
0.36
0.35
0.51
0.50
0.53
0.50
CorWatt	PkgWatt
17.41	130.17
0.52	130.16
0.43
0.46
0.48
0.48
0.49
0.48
0.50
0.39
0.43
0.49
0.39
0.57
0.56
0.57
3.24
0.44
0.50
0.46
0.46
0.42
0.42
0.39
0.40
0.35
0.35
0.36
0.35
0.51
0.50
0.50
0.51
CorWatt	PkgWatt
17.54	130.24
0.51	130.24
0.44
0.45
0.48
0.49
0.49
0.49
0.49
0.41
0.48
0.49
0.41
0.56
0.55
0.55
3.24
0.45
0.50
0.46
0.48
0.42
0.41
0.39
0.38
0.37
0.36
0.37
0.38
0.53
0.50
0.51
0.51
CorWatt	PkgWatt
17.43	130.04
0.52	130.06
0.45
0.44
0.47
0.48
0.48
0.48
0.48
0.41
0.43
0.49
0.39
0.55
0.54
0.53
3.24
0.44
0.49
0.47
0.47
0.41
0.40
0.39
0.38
0.37
0.37
0.39
0.39
0.54
0.50
0.52
0.53
CorWatt	PkgWatt
17.60	130.23
0.52	130.21
0.43
0.44
0.47
0.50
0.50
0.50
0.50
0.40
0.44
0.49
0.39
3.40
0.53
0.53
0.61
0.44
0.51
0.49
0.45
0.41
0.39
0.39
0.38
0.38
0.35
0.35
0.36
0.52
0.50
0.51
0.52
CorWatt	PkgWatt
17.58	130.08
0.51	130.08
0.44
0.44
0.47
0.48
0.49
0.48
0.48
0.40
0.43
0.49
0.40
3.39
0.55
0.56
0.58
0.44
0.49
0.47
0.46
0.42
0.42
0.40
0.38
0.37
0.35
0.38
0.37
0.51
0.50
0.52
0.53
CorWatt	PkgWatt
17.53	130.10
0.51	130.10
0.45
0.45
0.48
0.49
0.49
0.49
0.49
0.39
0.43
0.49
0.40
3.39
0.54
0.56
0.57
0.44
0.49
0.46
0.46
0.41
0.40
0.39
0.38
0.37
0.36
0.36
0.35
0.52
0.50
0.51
0.51
CorWatt	PkgWatt
17.39	130.12
0.53	130.12
0.46
0.47
0.47
0.48
0.48
0.49
0.48
0.39
0.43
0.50
0.39
3.29
0.55
0.53
0.57
0.44
0.49
0.46
0.47
0.41
0.39
0.39
0.39
0.36
0.35
0.35
0.35
0.51
0.50
0.50
0.51
CorWatt	PkgWatt
17.77	129.74
0.55	129.76
0.51
0.48
0.48
0.57
0.55
0.56
0.54
0.44
0.46
0.49
0.45
0.59
0.57
0.56
0.61
0.51
0.57
0.54
1.07
0.61
0.59
0.97
0.57
0.42
0.40
0.42
0.41
0.58
0.56
0.56
0.58
CorWatt	PkgWatt
16.52	128.58
0.51	128.57
0.46
0.45
0.44
0.50
0.50
0.50
0.50
0.41
0.43
0.38
0.40
0.54
0.52
0.50
0.59
0.45
0.51
0.49
0.58
0.69
0.68
0.70
1.25
0.37
0.36
0.36
0.36
0.52
0.51
0.54
0.52
CorWatt	PkgWatt
16.38	128.72
0.51	128.71
0.45
0.45
0.43
0.49
0.49
0.49
0.48
0.40
0.44
0.37
0.39
0.54
0.52
0.49
0.53
0.45
0.49
0.47
0.58
0.68
0.68
1.26
0.68
0.36
0.38
0.38
0.37
0.53
0.51
0.55
0.51
CorWatt	PkgWatt
16.20	128.30
0.51	128.30
0.43
0.45
0.44
0.48
0.48
0.48
0.49
0.40
0.43
0.39
0.39
0.51
0.51
0.54
0.51
0.46
0.50
0.47
0.58
0.66
0.68
1.27
0.67
0.35
0.37
0.37
0.36
0.51
0.50
0.50
0.50
CorWatt	PkgWatt
16.41	128.48
0.52	128.49
0.45
0.46
0.44
0.48
0.48
0.49
0.48
0.39
0.47
0.39
0.40
0.50
0.50
0.49
0.52
0.45
0.51
0.47
0.59
0.67
0.69
1.27
0.68
0.38
0.36
0.37
0.37
0.53
0.53
0.52
0.54
CorWatt	PkgWatt
16.94	128.96
0.52	128.96
0.43
0.45
0.43
0.50
0.51
0.50
0.50
0.39
0.43
0.37
0.38
0.50
0.51
0.49
0.52
0.45
0.48
0.47
0.58
0.78
0.79
1.70
0.85
0.35
0.36
0.36
0.35
0.51
0.50
0.50
0.50
CorWatt	PkgWatt
19.58	131.58
0.53	131.58
0.46
0.46
0.44
0.49
0.49
0.49
0.49
0.41
0.43
0.43
0.40
0.52
0.55
0.55
0.52
0.47
0.50
0.47
0.59
2.02
1.08
2.16
1.08
0.38
0.38
0.37
0.36
0.52
0.52
0.51
0.51
CorWatt	PkgWatt
19.42	131.35
0.55	131.35
0.45
0.45
0.43
0.49
0.49
0.49
0.48
0.40
0.44
0.39
0.40
0.50
0.53
0.50
0.52
0.45
0.50
0.47
0.59
1.12
1.13
3.07
1.12
0.35
0.36
0.35
0.35
0.51
0.50
0.53
0.50
CorWatt	PkgWatt
19.86	131.77
0.56	131.78
0.47
0.52
0.47
0.49
0.49
0.51
0.51
0.38
0.46
0.41
0.42
0.50
0.51
0.50
0.53
0.45
0.52
0.47
0.58
1.51
2.70
1.14
1.13
0.35
0.40
0.39
0.35
0.55
0.53
0.54
0.54
CorWatt	PkgWatt
19.26	131.24
0.55	131.23
0.43
0.46
0.43
0.50
0.49
0.49
0.50
0.39
0.43
0.38
0.39
0.50
0.52
0.49
0.51
0.45
0.50
0.47
0.58
1.09
3.07
1.09
1.09
0.35
0.37
0.35
0.35
0.51
0.52
0.50
0.51
CorWatt	PkgWatt
19.72	131.54
0.55	131.55
0.44
0.47
0.43
0.49
0.52
0.50
0.49
0.41
0.45
0.39
0.42
0.52
0.54
0.51
0.53
0.46
0.50
0.48
0.57
2.53
1.67
1.13
1.13
0.37
0.39
0.37
0.37
0.52
0.52
0.51
0.53
CorWatt	PkgWatt
19.62	131.53
0.54	131.53
0.49
0.48
0.49
0.49
0.49
0.48
0.48
0.39
0.44
0.41
0.39
0.50
0.56
0.49
0.51
0.45
0.49
0.51
0.58
3.06
1.12
1.13
1.13
0.35
0.36
0.36
0.39
0.53
0.50
0.50
0.51
CorWatt	PkgWatt
19.30	131.23
0.54	131.22
0.44
0.45
0.43
0.49
0.50
0.49
0.48
0.38
0.43
0.38
0.40
0.50
0.50
0.48
0.50
0.45
0.50
0.47
0.57
3.08
1.12
1.13
1.13
0.35
0.37
0.35
0.35
0.52
0.50
0.54
0.50
CorWatt	PkgWatt
19.30	131.40
0.52	131.39
0.43
0.45
0.43
0.48
0.50
0.48
0.48
0.39
0.45
0.37
0.39
0.50
0.54
0.50
0.51
0.45
0.48
0.47
0.58
3.08
1.11
1.11
1.12
0.35
0.38
0.35
0.35
0.51
0.50
0.52
0.51
CorWatt	PkgWatt
19.73	131.56
0.53	131.57
0.47
0.48
0.48
0.51
0.50
0.51
0.48
0.38
0.47
0.41
0.39
0.50
0.52
0.52
0.51
0.46
0.50
0.47
0.58
3.08
1.09
1.10
1.10
0.39
0.39
0.37
0.40
0.56
0.52
0.53
0.53
CorWatt	PkgWatt
19.28	131.15
0.54	131.15
0.44
0.47
0.43
0.49
0.49
0.49
0.48
0.38
0.44
0.37
0.39
0.51
0.51
0.48
0.51
0.45
0.49
0.46
0.58
2.47
1.72
1.12
1.13
0.35
0.37
0.37
0.35
0.51
0.50
0.50
0.50
CorWatt	PkgWatt
19.39	131.49
0.54	131.48
0.44
0.47
0.43
0.51
0.52
0.49
0.48
0.38
0.44
0.39
0.39
0.50
0.50
0.48
0.50
0.46
0.51
0.47
0.58
1.13
3.07
1.12
1.13
0.36
0.38
0.37
0.35
0.51
0.50
0.50
0.50
CorWatt	PkgWatt
19.33	130.85
0.66	130.89
0.54
0.54
0.52
0.53
0.50
0.54
0.52
0.43
0.50
0.44
0.43
0.53
0.54
0.53
0.56
0.52
0.55
0.55
0.64
0.83
1.89
0.83
0.84
0.44
0.44
0.41
0.47
0.65
0.63
0.69
0.65
