CorWatt	PkgWatt
15.51	128.52
0.57	128.53
0.51
0.50
0.47
0.53
0.53
0.53
0.52
0.48
0.46
0.43
0.40
0.54
0.54
0.60
0.54
0.47
0.49
0.48
0.50
0.41
0.41
0.40
0.40
0.40
0.40
0.39
0.37
0.58
0.53
0.58
0.52
CorWatt	PkgWatt
14.81	127.68
0.51	127.74
0.50
0.47
0.45
0.50
0.51
0.54
0.50
0.39
0.46
0.38
0.38
0.52
0.51
0.58
0.53
0.46
0.46
0.48
0.50
0.41
0.39
0.38
0.40
0.37
0.38
0.37
0.39
0.55
0.50
0.52
0.51
CorWatt	PkgWatt
68.01	183.56
0.92	183.58
2.09
2.12
2.11
2.20
2.23
2.18
2.15
2.11
2.21
2.12
2.10
2.23
2.20
2.25
2.44
2.15
2.16
2.04
2.02
2.12
2.06
1.88
1.85
2.05
2.11
1.92
1.92
2.25
3.70
2.08
2.06
