CorWatt	PkgWatt
325.62	568.56
3.31	242.12
5.35
4.01
3.83
5.47
3.39
4.37
4.92
3.57
4.19
4.24
4.48
5.25
3.51
4.13
4.17
4.48
5.35
5.58
3.76
4.24
4.26
4.76
4.71
6.22
5.02
5.60
5.74
5.14
4.47
4.57
4.09
4.02	244.57
4.36
3.51
3.91
4.58
5.03
4.08
4.57
5.02
4.79
3.89
4.95
4.72
4.93
5.08
4.93
4.33
4.92
4.30
4.69
5.12
5.39
5.21
4.10
4.70
4.56
4.60
4.52
4.45
4.40
5.02
5.21
CorWatt	PkgWatt
291.50	482.55
4.12	239.00
4.33
4.36
4.98
3.23
5.54
5.34
4.37
3.54
3.42
4.20
4.53
4.32
3.79
4.35
4.76
4.07
5.49
5.35
4.65
4.38
4.41
4.03
4.64
5.51
4.79
4.74
4.19
5.32
3.47
3.52
5.50
4.80	245.37
4.91
4.74
4.74
4.77
4.77
4.93
4.74
4.72
4.57
4.06
4.85
4.80
4.63
4.60
4.41
4.35
4.70
4.44
4.51
4.75
4.78
4.58
4.94
4.48
4.55
4.69
4.78
4.94
4.78
4.65
4.36
CorWatt	PkgWatt
287.24	481.69
5.71	236.05
4.40
3.70
4.93
3.71
4.96
4.89
3.20
4.60
3.36
3.87
3.98
4.50
4.00
3.91
4.05
3.97
3.99
5.12
4.27
4.16
4.37
4.57
5.16
4.91
3.27
3.94
4.22
4.69
5.53
4.64
5.06
4.66	243.72
5.29
5.11
5.30
4.82
5.31
4.67
5.03
4.49
4.42
3.52
4.06
3.74
4.66
4.11
4.37
4.43
4.18
4.77
4.24
5.08
4.61
5.01
4.41
4.84
4.52
4.78
4.88
4.99
5.22
3.26
3.68
CorWatt	PkgWatt
223.93	388.65
4.04	222.39
4.01
4.50
4.32
4.21
4.61
4.74
4.53
3.67
3.82
3.65
3.39
2.67
2.50
2.62
3.23
4.24
3.55
5.20
4.92
4.62
5.00
4.14
3.69
3.67
4.04
2.73
3.74
3.37
3.46
5.29
2.96
4.07	221.70
5.90
5.95
3.84
4.15
4.12
5.36
3.68
3.62
3.35
3.59
3.55
3.48
4.39
3.38
3.36
3.27
3.21
3.43
3.21
4.85
3.44
3.40
3.41
3.85
3.19
3.23
3.77
4.46
3.46
3.27
3.37
CorWatt	PkgWatt
248.88	487.94
3.10	212.16
4.11
3.71
3.78
3.05
3.75
4.35
3.97
3.20
4.20
3.76
3.40
2.29
3.01
2.25
2.34
3.44
3.90
4.40
4.47
3.73
4.66
4.19
4.31
3.34
3.34
2.39
2.77
2.96
4.01
3.29
2.77
5.29	213.61
3.95
3.84
3.27
3.74
3.89
3.58
3.35
3.23
3.51
3.25
3.49
3.32
3.38
3.27
3.31
3.25
3.29
3.23
3.22
3.06
3.25
2.52
3.21
3.42
3.25
3.25
3.28
3.74
3.98
4.18
3.95
CorWatt	PkgWatt
223.06	425.51
4.33	211.53
3.98
3.71
3.78
2.92
3.45
3.03
3.21
3.34
3.96
4.70
4.27
2.95
2.76
4.07
3.67
3.16
5.24
3.96
4.18
3.76
3.92
3.47
4.00
2.11
2.93
2.63
2.49
2.92
3.44
2.46
2.61
3.78	213.82
3.89
3.54
3.44
3.33
3.42
3.39
3.33
3.31
3.37
3.26
3.55
4.41
3.67
3.28
3.30
3.43
3.40
3.42
3.29
3.23
3.09
3.22
3.52
3.30
3.26
3.26
3.30
4.58
3.61
3.81
3.60
CorWatt	PkgWatt
230.37	418.65
4.29	219.02
4.00
4.02
3.77
5.07
3.84
3.55
4.64
3.66
4.07
4.45
3.62
3.11
3.94
3.92
4.07
3.80
3.71
4.04
3.96
3.94
4.36
3.57
4.42
3.41
3.18
3.44
2.86
3.31
3.31
3.08
3.32
3.21	215.18
3.88
3.72
3.66
3.25
3.19
4.03
3.29
3.38
3.22
3.63
3.86
4.01
3.89
3.65
3.19
4.13
4.34
4.30
3.62
3.38
3.78
3.58
3.43
3.13
3.15
3.14
3.15
3.16
4.42
3.92
3.99
