CorWatt	PkgWatt
15.40	127.21
0.54	127.23
0.45
0.46
0.46
0.52
0.55
0.52
0.53
0.43
0.53
0.39
0.40
0.53
0.56
0.58
0.55
0.50
0.49
0.51
0.48
0.41
0.42
0.41
0.40
0.39
0.36
0.37
0.38
0.55
0.57
0.59
0.57
CorWatt	PkgWatt
14.49	126.23
0.51	126.33
0.43
0.46
0.43
0.48
0.55
0.49
0.48
0.40
0.48
0.38
0.37
0.52
0.50
0.57
0.52
0.48
0.46
0.44
0.46
0.38
0.39
0.38
0.38
0.35
0.36
0.36
0.37
0.52
0.54
0.53
0.50
CorWatt	PkgWatt
61.34	174.07
0.92	174.05
1.87
1.91
1.92
1.95
1.98
1.95
1.92
1.90
1.85
1.85
1.81
1.97
1.96
2.03
1.94
1.92
1.91
1.79
1.86
1.82
3.37
1.74
1.71
1.88
1.88
1.74
1.73
2.13
2.10
1.95
2.06
CorWatt	PkgWatt
51.66	166.20
0.66	166.13
1.64
1.68
1.65
1.72
1.71
1.70
1.68
1.65
1.62
1.62
1.58
1.70
1.70
1.75
1.72
1.66
1.64
1.50
1.52
1.59
1.60
1.44
1.40
1.56
1.54
1.42
1.41
2.56
1.78
1.64
1.62
