CorWatt	PkgWatt
154.72	374.20
2.44	183.52
2.43
2.41
2.37
2.43
2.38
2.43
2.42
2.34
2.33
2.32
2.37
2.37
2.35
2.35
2.36
2.39
2.41
2.43
2.39
2.41
2.46
2.46
2.44
2.35
2.42
2.38
2.40
2.34
2.43
2.36
2.39
2.40	182.82
2.39
2.38
2.35
2.34
2.39
2.40
2.36
2.35
2.37
2.36
2.37
2.34
2.41
2.37
2.35
2.33
2.34
2.36
2.34
2.40
2.43
2.39
2.37
2.36
2.35
2.33
2.35
2.35
2.36
2.37
2.37
CorWatt	PkgWatt
154.73	374.18
2.38	185.59
2.44
2.42
2.40
2.42
2.45
2.42
2.42
2.37
2.35
2.32
2.39
2.38
2.39
2.38
2.38
2.43
2.47
2.43
2.44
2.47
2.47
2.45
2.46
2.42
2.43
2.42
2.42
2.37
2.41
2.42
2.41
2.41	185.29
2.39
2.38
2.42
2.39
2.41
2.41
2.39
2.32
2.38
2.37
2.39
2.38
2.46
2.37
2.38
2.36
2.38
2.34
2.35
2.43
2.42
2.37
2.43
2.32
2.38
2.35
2.37
2.39
2.39
2.41
2.39
CorWatt	PkgWatt
158.17	321.39
2.59	186.96
2.62
2.58
2.57
2.66
2.58
2.72
2.64
2.69
2.68
2.55
2.50
2.56
2.52
2.56
2.52
2.68
2.62
2.66
2.66
2.68
2.62
2.64
2.72
2.62
2.74
2.82
2.73
2.71
2.79
2.91
2.58
2.75	192.42
2.75
2.67
2.71
2.77
2.73
2.81
2.76
2.77
2.75
2.88
2.77
2.81
2.89
2.82
2.90
2.88
2.92
2.87
2.81
2.88
2.98
2.86
2.92
2.95
3.03
2.87
2.94
3.01
3.10
2.98
2.89
CorWatt	PkgWatt
286.05	481.64
4.39	240.06
4.52
4.46
4.49
4.55
4.29
4.53
4.45
4.36
4.27
4.29
4.24
4.51
4.29
4.32
4.40
4.37
4.52
4.63
4.31
4.69
4.53
4.62
4.61
4.53
4.43
4.60
4.60
4.44
4.54
4.53
4.52
4.52	242.27
4.48
4.40
4.34
4.54
4.63
4.63
4.59
4.53
4.57
4.59
4.53
4.53
4.66
4.50
4.59
4.53
4.55
4.53
4.46
4.49
4.62
4.36
4.60
4.51
4.54
4.46
4.51
4.69
4.61
4.60
4.45
CorWatt	PkgWatt
293.66	497.53
4.41	240.01
4.61
4.35
4.58
4.52
4.22
4.54
4.55
4.33
4.27
4.38
4.29
4.50
4.25
4.29
4.32
4.41
4.51
4.61
4.37
4.59
4.69
4.58
4.59
4.52
4.37
4.54
4.42
4.51
4.54
4.53
4.55
4.53	241.66
4.33
4.54
4.34
4.55
4.57
4.53
4.60
4.49
4.43
4.53
4.52
4.49
4.44
4.44
4.57
4.37
4.48
4.44
4.45
4.36
4.50
4.31
4.50
4.40
4.54
4.43
4.40
4.55
4.58
4.41
4.44
