CorWatt	PkgWatt
15.41	127.79
0.51	127.79
0.48
0.50
0.53
0.51
0.53
0.50
0.52
0.42
0.45
0.42
0.47
0.52
0.54
0.55
0.57
0.45
0.47
0.49
0.58
0.45
0.39
0.40
0.40
0.42
0.37
0.41
0.42
0.55
0.53
0.54
0.53
CorWatt	PkgWatt
14.75	127.22
0.50	127.33
0.44
0.50
0.53
0.49
0.49
0.52
0.51
0.39
0.43
0.39
0.42
0.51
0.52
0.54
0.52
0.45
0.46
0.46
0.46
0.46
0.39
0.42
0.40
0.37
0.36
0.37
0.37
0.56
0.50
0.52
0.51
CorWatt	PkgWatt
20.43	132.66
0.72	132.58
0.76
0.64
0.67
0.77
0.73
0.70
0.69
0.57
0.68
0.63
0.58
0.74
0.75
0.87
0.86
0.59
0.55
0.61
0.68
0.61
0.48
0.49
0.46
0.52
0.51
0.51
0.47
0.71
0.60
0.63
0.62
CorWatt	PkgWatt
16.22	128.15
0.52	128.12
0.48
0.51
0.53
0.56
0.58
0.55
0.56
0.47
0.49
0.45
0.49
0.53
0.61
0.57
0.55
0.51
0.51
0.50
0.52
0.46
0.41
0.42
0.40
0.41
0.42
0.49
0.41
0.60
0.58
0.58
0.57
CorWatt	PkgWatt
15.74	128.03
0.51	128.03
0.44
0.49
0.54
0.58
0.55
0.52
0.55
0.46
0.49
0.41
0.45
0.52
0.51
0.55
0.55
0.48
0.46
0.45
0.49
0.43
0.43
0.41
0.41
0.43
0.46
0.43
0.44
0.57
0.57
0.62
0.55
CorWatt	PkgWatt
16.58	128.52
0.55	128.55
0.52
0.51
0.55
0.63
0.55
0.55
0.58
0.47
0.53
0.43
0.46
0.59
0.57
0.60
0.61
0.49
0.52
0.48
0.51
0.46
0.44
0.44
0.38
0.44
0.45
0.47
0.43
0.60
0.58
0.63
0.58
CorWatt	PkgWatt
15.63	127.79
0.50	127.75
0.45
0.50
0.50
0.56
0.54
0.52
0.54
0.44
0.51
0.41
0.43
0.56
0.54
0.57
0.56
0.57
0.52
0.51
0.46
0.48
0.44
0.45
0.42
0.38
0.37
0.40
0.38
0.55
0.56
0.52
0.52
CorWatt	PkgWatt
15.64	127.84
0.50	127.83
0.45
0.46
0.53
0.58
0.55
0.54
0.52
0.47
0.52
0.45
0.46
0.55
0.52
0.63
0.57
0.45
0.47
0.48
0.49
0.48
0.46
0.43
0.44
0.37
0.36
0.42
0.36
0.56
0.53
0.51
0.51
CorWatt	PkgWatt
15.55	127.73
0.51	127.73
0.47
0.54
0.55
0.50
0.52
0.48
0.52
0.45
0.46
0.42
0.44
0.56
0.53
0.53
0.52
0.53
0.55
0.49
0.51
0.47
0.42
0.52
0.46
0.39
0.38
0.41
0.38
0.52
0.50
0.50
0.53
CorWatt	PkgWatt
15.37	127.60
0.50	127.60
0.44
0.47
0.55
0.55
0.52
0.53
0.52
0.42
0.47
0.40
0.45
0.54
0.51
0.53
0.54
0.47
0.51
0.49
0.49
0.39
0.39
0.41
0.39
0.41
0.39
0.42
0.46
0.57
0.53
0.54
0.57
CorWatt	PkgWatt
15.48	127.73
0.51	127.73
0.46
0.52
0.53
0.50
0.54
0.51
0.53
0.43
0.47
0.40
0.42
0.51
0.51
0.54
0.54
0.46
0.50
0.47
0.51
0.39
0.41
0.42
0.38
0.41
0.41
0.42
0.47
0.64
0.56
0.55
0.55
CorWatt	PkgWatt
15.52	127.52
0.50	127.52
0.44
0.47
0.51
0.55
0.55
0.55
0.55
0.42
0.45
0.40
0.47
0.51
0.55
0.52
0.55
0.46
0.52
0.46
0.47
0.39
0.39
0.43
0.39
0.44
0.44
0.43
0.40
0.60
0.54
0.55
0.64
CorWatt	PkgWatt
19.65	131.06
0.78	131.07
0.66
0.66
0.78
0.64
0.66
0.63
0.66
0.57
0.59
0.55
0.63
0.58
0.66
0.60
0.61
0.56
0.59
0.56
0.57
0.57
0.59
0.62
0.58
0.56
0.57
0.55
0.51
0.59
0.67
0.68
0.62
