CorWatt	PkgWatt
335.44	606.10
5.09	237.81
5.09
4.81
4.75
4.67
4.41
4.87
4.22
4.16
4.99
3.88
5.16
3.65
4.02
4.31
4.19
4.84
5.11
5.51
4.84
3.77
4.52
5.05
3.77
4.10
4.65
5.46
3.82
3.89
3.58
4.54
3.62
4.13	231.65
5.30
4.84
4.10
4.74
5.12
5.89
4.77
4.04
4.26
3.90
3.92
3.44
3.24
3.17
3.92
4.41
3.99
3.69
3.75
4.72
3.99
5.30
4.95
3.38
3.92
3.75
4.42
3.75
5.00
3.81
3.97
CorWatt	PkgWatt
267.29	459.88
4.08	232.78
4.16
4.74
3.73
4.53
3.65
4.93
4.59
3.62
4.60
4.50
4.51
3.84
3.54
4.68
4.48
4.25
3.88
4.54
3.70
4.31
3.67
4.77
4.23
4.83
4.82
3.53
4.68
5.17
4.55
3.44
3.92
3.84	228.89
4.22
4.67
3.93
4.44
3.06
5.26
4.81
3.74
3.65
3.29
3.53
5.20
3.24
5.33
3.26
4.64
3.64
4.13
4.13
3.56
4.54
3.40
3.91
3.89
4.59
4.84
4.65
4.40
4.60
3.53
3.65
CorWatt	PkgWatt
208.61	414.83
3.19	203.04
2.49
3.80
2.76
2.87
2.92
3.85
3.25
2.30
2.94
2.51
3.58
2.54
2.84
2.71
2.48
3.04
2.97
4.54
2.96
3.46
2.96
2.67
2.75
3.35
3.57
3.68
3.64
3.55
3.05
2.87
4.53
3.51	210.68
3.93
3.32
2.83
4.07
3.04
3.85
3.02
3.10
2.82
2.39
3.59
2.95
4.50
4.45
4.25
2.55
2.75
2.81
3.32
2.61
5.50
3.34
3.61
3.02
2.71
3.14
3.49
3.87
2.76
2.52
3.96
CorWatt	PkgWatt
187.94	391.19
3.66	201.07
2.51
2.39
2.14
3.47
4.85
3.99
4.04
2.05
4.38
3.36
3.50
2.26
3.14
2.30
2.56
2.45
2.86
2.74
2.63
2.32
2.18
2.82
2.38
2.38
3.14
2.96
3.49
2.49
3.30
2.75
4.08
5.20	204.96
4.08
3.82
2.73
2.76
2.89
2.74
2.73
3.90
3.23
2.40
2.35
3.35
3.41
2.22
4.80
2.53
2.99
2.38
3.73
2.79
2.50
2.52
2.51
2.72
3.35
2.53
3.44
3.75
2.70
2.64
2.53
