CorWatt	PkgWatt
14.69	126.91
0.49	126.89
0.46
0.45
0.45
0.52
0.50
0.49
0.48
0.45
0.47
0.39
0.43
0.53
0.54
0.52
0.54
0.49
0.47
0.48
0.46
0.39
0.38
0.40
0.38
0.37
0.38
0.36
0.35
0.52
0.53
0.52
0.50
CorWatt	PkgWatt
14.52	126.06
0.50	126.66
0.44
0.45
0.44
0.52
0.49
0.50
0.48
0.42
0.44
0.42
0.44
0.52
0.55
0.52
0.51
0.44
0.47
0.51
0.45
0.39
0.38
0.39
0.38
0.35
0.37
0.38
0.35
0.55
0.53
0.50
0.49
CorWatt	PkgWatt
21.40	133.51
0.67	132.90
0.65
0.57
0.54
0.57
2.65
0.65
0.64
0.56
0.70
0.62
0.56
0.67
0.68
0.75
0.71
0.50
0.63
0.55
0.62
0.58
0.53
0.52
0.64
0.44
0.50
0.52
0.47
0.72
0.64
0.60
0.65
CorWatt	PkgWatt
16.12	128.05
0.75	128.03
0.84
1.02
0.68
0.50
0.61
0.55
0.49
0.39
0.46
0.41
0.38
0.58
0.56
0.56
0.55
0.44
0.46
0.44
0.49
0.39
0.38
0.39
0.38
0.35
0.35
0.35
0.35
0.53
0.50
0.50
0.49
CorWatt	PkgWatt
16.68	128.26
0.76	128.26
1.19
0.70
0.70
0.50
0.61
0.56
0.51
0.44
0.49
0.42
0.41
0.56
0.63
0.57
0.55
0.47
0.48
0.46
0.50
0.40
0.39
0.41
0.39
0.36
0.36
0.37
0.36
0.54
0.52
0.52
0.52
CorWatt	PkgWatt
16.52	128.27
0.76	128.27
0.69
1.23
0.67
0.48
0.61
0.53
0.50
0.43
0.49
0.42
0.43
0.57
0.54
0.54
0.56
0.47
0.45
0.49
0.47
0.40
0.42
0.44
0.44
0.35
0.35
0.35
0.35
0.52
0.51
0.54
0.53
CorWatt	PkgWatt
16.77	128.50
1.21	128.54
0.73
0.74
0.71
0.52
0.64
0.54
0.55
0.43
0.50
0.44
0.41
0.57
0.58
0.57
0.57
0.44
0.49
0.47
0.49
0.42
0.42
0.43
0.42
0.35
0.35
0.38
0.35
0.52
0.50
0.50
0.52
CorWatt	PkgWatt
16.34	128.27
1.13	128.23
0.66
1.10
0.65
0.50
0.60
0.51
0.57
0.40
0.50
0.43
0.39
0.51
0.54
0.51
0.52
0.45
0.46
0.44
0.46
0.41
0.38
0.40
0.40
0.35
0.35
0.36
0.37
0.52
0.50
0.50
0.50
CorWatt	PkgWatt
17.56	130.04
3.21	130.03
0.51
0.46
0.44
0.49
0.61
0.50
0.55
0.40
0.48
0.40
0.41
0.56
0.59
0.52
0.54
0.44
0.46
0.45
0.46
0.38
0.38
0.40
0.38
0.36
0.37
0.38
0.37
0.53
0.50
0.50
0.51
CorWatt	PkgWatt
17.11	129.60
3.21	129.60
0.50
0.50
0.45
0.48
0.59
0.48
0.52
0.39
0.45
0.39
0.38
0.50
0.52
0.50
0.50
0.44
0.47
0.46
0.45
0.38
0.38
0.38
0.38
0.35
0.35
0.35
0.35
0.51
0.49
0.50
0.49
CorWatt	PkgWatt
17.04	129.60
3.21	129.60
0.48
0.46
0.44
0.48
0.59
0.54
0.48
0.38
0.46
0.41
0.37
0.50
0.51
0.50
0.50
0.44
0.45
0.44
0.46
0.38
0.38
0.40
0.38
0.35
0.35
0.35
0.35
0.52
0.51
0.50
0.50
CorWatt	PkgWatt
17.05	129.58
3.21	129.58
0.49
0.46
0.44
0.48
0.59
0.52
0.49
0.39
0.47
0.39
0.38
0.50
0.53
0.50
0.50
0.44
0.45
0.44
0.45
0.38
0.38
0.38
0.40
0.35
0.35
0.35
0.35
0.51
0.49
0.50
0.49
CorWatt	PkgWatt
17.68	130.32
3.21	130.32
0.51
0.49
0.46
0.51
0.60
0.54
0.49
0.41
0.50
0.39
0.39
0.50
0.54
0.51
0.51
0.45
0.46
0.45
0.48
0.42
0.40
0.39
0.38
0.38
0.36
0.38
0.39
0.58
0.52
0.55
0.52
CorWatt	PkgWatt
17.15	129.66
3.21	129.66
0.49
0.48
0.46
0.53
0.58
0.54
0.48
0.38
0.47
0.39
0.38
0.50
0.52
0.50
0.50
0.44
0.45
0.44
0.45
0.40
0.38
0.38
0.39
0.35
0.35
0.35
0.36
0.52
0.50
0.50
0.49
CorWatt	PkgWatt
17.25	129.74
3.20	129.73
0.53
0.49
0.44
0.51
0.59
0.49
0.52
0.39
0.47
0.39
0.38
0.50
0.51
0.50
0.51
0.46
0.48
0.45
0.47
0.39
0.38
0.40
0.38
0.35
0.36
0.35
0.35
0.52
0.51
0.50
0.50
CorWatt	PkgWatt
17.14	129.75
3.21	129.75
0.50
0.46
0.47
0.52
0.60
0.49
0.55
0.39
0.46
0.39
0.38
0.50
0.51
0.50
0.51
0.44
0.45
0.45
0.45
0.38
0.38
0.38
0.38
0.35
0.35
0.35
0.35
0.52
0.51
0.50
0.49
CorWatt	PkgWatt
17.41	130.01
3.21	130.02
0.49
0.49
0.44
0.55
0.61
0.51
0.52
0.40
0.46
0.40
0.38
0.50
0.51
0.50
0.51
0.44
0.46
0.45
0.47
0.38
0.39
0.41
0.39
0.37
0.37
0.38
0.37
0.52
0.51
0.51
0.51
CorWatt	PkgWatt
17.15	129.64
3.21	129.64
0.49
0.46
0.44
0.53
0.59
0.49
0.49
0.38
0.46
0.40
0.39
0.50
0.54
0.51
0.52
0.44
0.45
0.45
0.46
0.40
0.38
0.39
0.38
0.35
0.35
0.35
0.35
0.52
0.50
0.50
0.49
CorWatt	PkgWatt
17.29	129.77
3.21	129.76
0.51
0.48
0.44
0.53
0.60
0.51
0.48
0.38
0.45
0.40
0.38
0.52
0.52
0.55
0.51
0.44
0.45
0.45
0.48
0.39
0.38
0.40
0.38
0.35
0.35
0.35
0.40
0.52
0.50
0.50
0.50
CorWatt	PkgWatt
17.11	129.67
3.20	129.66
0.49
0.47
0.44
0.49
0.59
0.55
0.48
0.38
0.45
0.40
0.40
0.50
0.51
0.51
0.51
0.44
0.45
0.45
0.45
0.39
0.38
0.40
0.38
0.35
0.35
0.35
0.35
0.52
0.50
0.50
0.49
CorWatt	PkgWatt
18.07	129.87
0.72	129.89
0.68
0.86
0.78
0.62
0.64
0.83
0.59
0.44
0.51
0.46
0.42
0.57
0.57
0.59
0.58
0.54
0.54
0.53
0.56
0.46
0.78
0.46
0.44
0.41
0.41
0.42
0.41
0.58
0.56
0.56
0.57
CorWatt	PkgWatt
16.59	128.41
0.82	128.39
0.81
0.82
1.46
0.56
0.50
0.61
0.50
0.38
0.45
0.39
0.38
0.51
0.53
0.52
0.51
0.45
0.45
0.46
0.47
0.40
0.38
0.38
0.40
0.35
0.35
0.36
0.35
0.52
0.51
0.50
0.49
CorWatt	PkgWatt
16.55	128.37
0.82	128.36
0.82
0.81
1.45
0.54
0.49
0.60
0.49
0.40
0.51
0.41
0.38
0.50
0.52
0.50
0.50
0.45
0.45
0.46
0.47
0.40
0.40
0.39
0.38
0.35
0.35
0.35
0.35
0.52
0.50
0.50
0.50
CorWatt	PkgWatt
16.49	128.53
0.83	128.53
0.81
0.82
1.44
0.52
0.49
0.61
0.48
0.37
0.46
0.40
0.37
0.51
0.52
0.50
0.50
0.44
0.45
0.46
0.46
0.38
0.38
0.39
0.39
0.36
0.36
0.38
0.36
0.53
0.50
0.51
0.52
CorWatt	PkgWatt
16.75	128.48
0.82	128.48
0.82
0.82
1.44
0.55
0.51
0.61
0.49
0.38
0.46
0.40
0.39
0.50
0.52
0.51
0.52
0.46
0.48
0.48
0.48
0.38
0.38
0.39
0.38
0.39
0.37
0.37
0.39
0.52
0.51
0.50
0.52
CorWatt	PkgWatt
16.63	128.44
0.83	128.44
0.83
1.46
0.81
0.56
0.49
0.60
0.50
0.37
0.46
0.40
0.38
0.52
0.53
0.52
0.52
0.48
0.45
0.46
0.46
0.38
0.40
0.39
0.39
0.36
0.36
0.36
0.36
0.52
0.51
0.52
0.50
CorWatt	PkgWatt
17.72	129.60
1.03	129.60
1.02
2.15
1.01
0.54
0.49
0.60
0.48
0.38
0.46
0.40
0.38
0.50
0.53
0.50
0.51
0.44
0.45
0.45
0.46
0.38
0.38
0.39
0.38
0.35
0.35
0.35
0.35
0.52
0.51
0.50
0.50
CorWatt	PkgWatt
19.54	130.95
1.29	130.95
1.28
2.66
1.66
0.55
0.49
0.60
0.49
0.38
0.46
0.40
0.39
0.50
0.55
0.50
0.51
0.47
0.46
0.46
0.46
0.40
0.38
0.39
0.40
0.35
0.35
0.35
0.36
0.52
0.50
0.51
0.50
CorWatt	PkgWatt
19.64	131.07
1.29	131.07
1.28
2.43
1.87
0.56
0.50
0.63
0.52
0.39
0.45
0.40
0.38
0.50
0.52
0.50
0.51
0.47
0.46
0.46
0.47
0.40
0.39
0.39
0.39
0.35
0.37
0.36
0.35
0.52
0.51
0.50
0.50
CorWatt	PkgWatt
19.43	131.01
1.29	131.01
1.28
2.90
1.40
0.54
0.49
0.61
0.50
0.38
0.45
0.39
0.38
0.50
0.52
0.50
0.51
0.46
0.46
0.46
0.46
0.39
0.38
0.38
0.38
0.35
0.35
0.36
0.35
0.52
0.51
0.50
0.49
CorWatt	PkgWatt
19.49	131.08
1.29	131.08
1.28
1.40
2.90
0.55
0.51
0.60
0.48
0.37
0.47
0.41
0.37
0.50
0.52
0.50
0.51
0.44
0.46
0.46
0.46
0.38
0.38
0.39
0.38
0.36
0.37
0.35
0.37
0.52
0.51
0.50
0.50
CorWatt	PkgWatt
19.61	131.10
1.29	131.10
1.28
3.02
1.29
0.53
0.50
0.61
0.51
0.40
0.47
0.41
0.40
0.51
0.53
0.52
0.52
0.44
0.48
0.47
0.46
0.39
0.38
0.39
0.38
0.35
0.35
0.37
0.35
0.52
0.51
0.50
0.49
CorWatt	PkgWatt
20.02	131.35
1.29	131.36
1.28
3.02
1.28
0.54
0.51
0.60
0.50
0.41
0.48
0.41
0.45
0.51
0.55
0.54
0.51
0.46
0.49
0.47
0.48
0.41
0.42
0.39
0.41
0.37
0.37
0.38
0.39
0.52
0.54
0.53
0.52
CorWatt	PkgWatt
19.49	131.10
1.29	131.09
1.28
3.02
1.28
0.54
0.52
0.61
0.50
0.38
0.47
0.40
0.38
0.50
0.53
0.50
0.51
0.44
0.46
0.46
0.46
0.38
0.38
0.39
0.38
0.35
0.35
0.35
0.35
0.53
0.51
0.50
0.49
CorWatt	PkgWatt
19.73	131.12
1.29	131.11
1.28
1.39
2.90
0.54
0.50
0.60
0.49
0.40
0.49
0.43
0.37
0.54
0.56
0.56
0.55
0.45
0.46
0.46
0.47
0.39
0.38
0.39
0.39
0.35
0.35
0.36
0.37
0.53
0.50
0.50
0.50
CorWatt	PkgWatt
19.64	131.18
1.29	131.18
1.28
1.29
3.02
0.54
0.50
0.61
0.48
0.39
0.50
0.41
0.40
0.52
0.53
0.53
0.52
0.46
0.46
0.46
0.46
0.40
0.38
0.39
0.40
0.35
0.35
0.36
0.35
0.52
0.50
0.50
0.49
CorWatt	PkgWatt
19.90	131.24
1.29	131.25
1.28
2.63
1.68
0.54
0.52
0.61
0.52
0.39
0.52
0.43
0.39
0.54
0.52
0.54
0.52
0.45
0.48
0.47
0.47
0.40
0.40
0.40
0.40
0.36
0.36
0.36
0.39
0.52
0.52
0.51
0.51
CorWatt	PkgWatt
19.71	131.54
1.00	131.52
0.96
1.03
1.96
0.55
0.57
0.68
0.62
0.46
0.56
0.54
0.49
0.60
0.59
0.58
0.56
0.51
0.51
0.54
0.52
0.46
0.43
0.75
0.44
0.41
0.41
0.41
0.40
0.56
0.53
0.53
0.53
CorWatt	PkgWatt
16.82	128.74
0.52	128.76
0.45
0.53
0.48
0.53
0.54
0.50
0.58
0.42
0.49
0.42
0.43
0.57
0.58
0.54
0.56
0.68
0.67
0.68
1.16
0.40
0.40
0.67
0.41
0.37
0.37
0.40
0.38
0.54
0.52
0.51
0.51
CorWatt	PkgWatt
16.24	128.19
0.50	128.19
0.44
0.54
0.48
0.50
0.49
0.48
0.52
0.40
0.47
0.41
0.39
0.51
0.55
0.51
0.52
0.70
0.71
0.70
1.13
0.39
0.38
0.50
0.40
0.39
0.37
0.37
0.35
0.56
0.55
0.53
0.49
CorWatt	PkgWatt
16.11	128.22
0.49	128.21
0.45
0.52
0.46
0.56
0.49
0.49
0.51
0.39
0.47
0.41
0.38
0.50
0.52
0.50
0.53
0.72
0.70
0.69
1.11
0.40
0.39
0.51
0.39
0.37
0.36
0.37
0.35
0.54
0.52
0.51
0.50
CorWatt	PkgWatt
15.89	128.01
0.48	128.01
0.44
0.52
0.45
0.52
0.48
0.48
0.49
0.42
0.48
0.38
0.38
0.50
0.53
0.50
0.51
0.71
0.70
0.69
1.08
0.38
0.38
0.51
0.40
0.35
0.36
0.37
0.36
0.53
0.52
0.50
0.49
CorWatt	PkgWatt
16.62	128.65
0.51	128.67
0.46
0.53
0.48
0.55
0.50
0.48
0.48
0.44
0.47
0.42
0.43
0.50
0.54
0.50
0.51
0.70
0.69
0.68
1.30
0.43
0.38
0.50
0.39
0.41
0.39
0.38
0.40
0.57
0.55
0.54
0.53
CorWatt	PkgWatt
18.61	133.53
0.53	133.52
0.45
0.50
0.47
0.54
0.50
0.49
0.50
0.40
0.46
0.39
0.38
0.50
0.51
0.51
0.52
0.49
0.48
0.46
4.39
0.41
0.40
0.49
0.41
0.35
0.35
0.36
0.35
0.52
0.51
0.50
0.50
CorWatt	PkgWatt
18.76	133.74
0.52	133.74
0.46
0.48
0.47
0.54
0.51
0.50
0.50
0.40
0.46
0.39
0.39
0.50
0.52
0.50
0.51
0.51
0.50
0.47
4.39
0.41
0.40
0.50
0.40
0.37
0.35
0.37
0.35
0.53
0.52
0.52
0.50
CorWatt	PkgWatt
18.91	133.79
0.54	133.78
0.46
0.47
0.47
0.58
0.53
0.50
0.52
0.39
0.47
0.39
0.39
0.52
0.53
0.51
0.52
0.51
0.49
0.47
4.40
0.42
0.41
0.51
0.41
0.36
0.36
0.37
0.36
0.53
0.51
0.51
0.50
CorWatt	PkgWatt
18.83	133.65
0.53	133.65
0.48
0.49
0.46
0.56
0.53
0.52
0.55
0.41
0.47
0.38
0.38
0.50
0.51
0.50
0.51
0.49
0.48
0.46
4.39
0.40
0.40
0.52
0.40
0.37
0.37
0.38
0.37
0.52
0.51
0.50
0.50
CorWatt	PkgWatt
18.55	133.64
0.53	133.64
0.44
0.46
0.44
0.50
0.50
0.51
0.54
0.40
0.46
0.38
0.38
0.50
0.52
0.50
0.51
0.49
0.48
0.46
4.40
0.40
0.40
0.51
0.40
0.35
0.35
0.37
0.36
0.52
0.51
0.50
0.49
CorWatt	PkgWatt
18.89	133.80
0.54	133.79
0.47
0.49
0.45
0.53
0.51
0.50
0.54
0.39
0.47
0.41
0.40
0.50
0.51
0.52
0.52
0.49
0.49
0.48
4.40
0.42
0.40
0.51
0.41
0.35
0.36
0.37
0.40
0.53
0.52
0.50
0.51
CorWatt	PkgWatt
18.55	133.61
0.53	133.61
0.45
0.47
0.44
0.49
0.50
0.49
0.54
0.40
0.47
0.39
0.39
0.50
0.52
0.50
0.51
0.49
0.48
0.47
4.40
0.40
0.40
0.50
0.40
0.35
0.35
0.37
0.35
0.52
0.51
0.50
0.49
CorWatt	PkgWatt
18.77	133.72
0.53	133.73
0.46
0.47
0.44
0.58
0.52
0.53
0.52
0.39
0.47
0.39
0.38
0.52
0.52
0.52
0.51
0.49
0.49
0.46
4.39
0.42
0.42
0.51
0.40
0.35
0.35
0.37
0.35
0.52
0.51
0.50
0.50
CorWatt	PkgWatt
18.73	133.85
0.53	133.84
0.45
0.48
0.44
0.58
0.51
0.49
0.52
0.40
0.45
0.39
0.38
0.51
0.53
0.52
0.51
0.51
0.48
0.47
4.40
0.42
0.40
0.50
0.42
0.35
0.36
0.37
0.35
0.52
0.51
0.50
0.49
CorWatt	PkgWatt
18.88	133.76
0.53	133.76
0.49
0.46
0.45
0.55
0.52
0.50
0.50
0.41
0.45
0.40
0.44
0.51
0.51
0.52
0.51
0.50
0.49
0.49
4.40
0.41
0.43
0.51
0.41
0.35
0.36
0.37
0.37
0.52
0.51
0.50
0.50
CorWatt	PkgWatt
18.68	133.76
0.54	133.76
0.45
0.48
0.46
0.55
0.50
0.49
0.50
0.39
0.46
0.40
0.38
0.51
0.51
0.51
0.51
0.48
0.48
0.47
4.40
0.40
0.40
0.51
0.40
0.35
0.37
0.40
0.35
0.54
0.50
0.51
0.51
CorWatt	PkgWatt
18.81	133.89
0.53	133.89
0.44
0.46
0.44
0.55
0.53
0.49
0.51
0.42
0.45
0.39
0.38
0.50
0.51
0.50
0.50
0.50
0.51
0.48
4.39
0.41
0.42
0.51
0.40
0.38
0.37
0.38
0.42
0.52
0.50
0.50
0.51
CorWatt	PkgWatt
18.69	130.96
0.57	130.97
0.52
0.52
0.50
0.59
0.56
0.54
0.56
0.46
0.54
0.47
0.46
0.60
0.61
0.62
0.60
0.58
0.55
0.52
1.09
0.49
0.50
0.55
0.51
0.52
0.52
0.74
0.51
1.14
0.58
0.60
0.57
CorWatt	PkgWatt
16.22	128.41
0.50	128.39
0.45
0.45
0.44
0.50
0.54
0.49
0.50
0.39
0.47
0.40
0.39
0.51
0.55
0.52
0.53
0.45
0.46
0.46
0.48
0.40
0.39
0.39
0.40
0.97
0.61
0.79
0.61
0.63
0.53
0.51
0.51
CorWatt	PkgWatt
16.15	128.26
0.53	128.26
0.46
0.46
0.45
0.48
0.55
0.48
0.50
0.39
0.47
0.40
0.40
0.50
0.54
0.51
0.53
0.45
0.45
0.45
0.47
0.39
0.38
0.38
0.40
1.10
0.59
0.66
0.62
0.65
0.52
0.50
0.50
CorWatt	PkgWatt
16.06	128.31
0.51	128.31
0.45
0.44
0.43
0.52
0.54
0.52
0.53
0.38
0.46
0.40
0.38
0.50
0.52
0.50
0.51
0.46
0.45
0.45
0.47
0.39
0.38
0.39
0.39
1.07
0.59
0.65
0.61
0.64
0.51
0.51
0.50
CorWatt	PkgWatt
16.01	128.20
0.49	128.20
0.44
0.45
0.43
0.48
0.53
0.48
0.49
0.39
0.47
0.39
0.38
0.51
0.53
0.53
0.53
0.46
0.45
0.45
0.47
0.39
0.38
0.38
0.39
1.00
0.59
0.75
0.60
0.64
0.52
0.51
0.50
CorWatt	PkgWatt
16.86	128.90
0.53	128.91
0.49
0.47
0.44
0.52
0.54
0.54
0.50
0.42
0.49
0.42
0.39
0.52
0.53
0.52
0.54
0.45
0.46
0.46
0.49
0.43
0.42
0.39
0.42
1.32
0.61
0.76
0.61
0.64
0.51
0.54
0.52
CorWatt	PkgWatt
17.87	130.51
0.53	130.51
0.44
0.47
0.44
0.51
0.49
0.54
0.50
0.42
0.46
0.39
0.43
0.53
0.53
0.54
0.52
0.44
0.46
0.47
0.46
0.41
0.38
0.38
0.39
3.03
0.49
0.56
0.50
0.64
0.52
0.51
0.51
CorWatt	PkgWatt
17.92	130.39
0.55	130.39
0.45
0.46
0.45
0.52
0.52
0.53
0.49
0.39
0.45
0.37
0.44
0.50
0.52
0.51
0.52
0.45
0.47
0.47
0.48
0.40
0.39
0.38
0.41
3.01
0.50
0.55
0.51
0.64
0.54
0.52
0.51
CorWatt	PkgWatt
17.63	130.09
0.53	130.08
0.45
0.45
0.45
0.51
0.51
0.56
0.50
0.39
0.45
0.37
0.38
0.50
0.52
0.51
0.52
0.44
0.45
0.45
0.46
0.41
0.38
0.38
0.39
3.01
0.48
0.54
0.49
0.64
0.51
0.50
0.50
CorWatt	PkgWatt
17.95	130.39
0.51	130.40
0.45
0.44
0.44
0.51
0.50
0.53
0.51
0.41
0.47
0.40
0.39
0.54
0.55
0.53
0.56
0.45
0.46
0.47
0.49
0.41
0.38
0.39
0.40
3.04
0.48
0.53
0.50
0.63
0.52
0.52
0.52
CorWatt	PkgWatt
17.82	130.47
0.52	130.47
0.46
0.45
0.44
0.51
0.49
0.53
0.49
0.40
0.48
0.41
0.43
0.51
0.52
0.52
0.53
0.46
0.46
0.45
0.47
0.43
0.38
0.38
0.41
3.02
0.48
0.54
0.49
0.64
0.52
0.51
0.51
CorWatt	PkgWatt
17.70	130.25
0.52	130.24
0.45
0.46
0.45
0.51
0.50
0.54
0.49
0.39
0.45
0.38
0.38
0.50
0.53
0.51
0.51
0.44
0.45
0.45
0.46
0.41
0.38
0.38
0.39
2.50
0.49
1.11
0.51
0.65
0.51
0.50
0.52
CorWatt	PkgWatt
17.68	130.32
0.53	130.32
0.45
0.48
0.43
0.51
0.49
0.52
0.51
0.38
0.45
0.38
0.38
0.50
0.53
0.51
0.53
0.46
0.45
0.45
0.46
0.41
0.38
0.39
0.40
3.03
0.48
0.53
0.50
0.63
0.51
0.50
0.50
CorWatt	PkgWatt
18.06	130.53
0.53	130.53
0.45
0.45
0.44
0.51
0.52
0.54
0.51
0.42
0.48
0.39
0.42
0.55
0.58
0.52
0.55
0.46
0.47
0.46
0.46
0.41
0.39
0.39
0.39
3.01
0.49
0.55
0.52
0.64
0.52
0.51
0.52
CorWatt	PkgWatt
17.76	130.44
0.52	130.45
0.44
0.47
0.45
0.51
0.49
0.52
0.49
0.38
0.46
0.38
0.38
0.50
0.54
0.53
0.52
0.44
0.47
0.48
0.48
0.41
0.38
0.39
0.40
3.02
0.49
0.54
0.50
0.65
0.51
0.51
0.50
CorWatt	PkgWatt
17.60	130.31
0.52	130.31
0.43
0.44
0.43
0.52
0.49
0.52
0.50
0.38
0.47
0.37
0.38
0.50
0.52
0.51
0.51
0.44
0.45
0.45
0.46
0.42
0.39
0.39
0.38
3.01
0.49
0.55
0.50
0.64
0.51
0.50
0.51
CorWatt	PkgWatt
17.68	130.34
0.52	130.34
0.43
0.45
0.44
0.48
0.49
0.52
0.50
0.41
0.48
0.38
0.38
0.50
0.55
0.51
0.52
0.44
0.45
0.45
0.46
0.42
0.38
0.39
0.42
3.00
0.49
0.55
0.50
0.63
0.52
0.51
0.50
CorWatt	PkgWatt
17.52	129.99
0.60	129.98
0.46
0.46
0.46
0.53
0.52
0.54
0.51
0.39
0.46
0.39
0.44
0.51
0.54
0.52
0.52
0.45
0.46
0.46
0.46
0.44
0.41
0.39
0.39
0.73
0.47
2.12
0.53
0.69
0.55
0.56
0.56
CorWatt	PkgWatt
17.94	130.34
1.01	130.36
0.52
0.53
0.51
0.72
0.73
1.19
0.75
0.45
0.50
0.43
0.44
0.57
0.59
0.59
0.58
0.50
0.51
0.51
0.52
0.51
0.46
0.44
0.46
0.40
0.38
0.46
0.42
0.58
0.56
0.56
0.56
CorWatt	PkgWatt
16.06	128.44
0.57	128.43
0.43
0.47
0.44
0.73
0.73
1.26
0.75
0.39
0.46
0.37
0.39
0.50
0.52
0.51
0.52
0.45
0.47
0.45
0.48
0.43
0.40
0.41
0.39
0.37
0.36
0.43
0.35
0.53
0.52
0.50
0.50
CorWatt	PkgWatt
16.11	128.43
0.57	128.43
0.45
0.46
0.46
0.73
0.75
1.07
1.01
0.39
0.46
0.37
0.38
0.50
0.53
0.51
0.54
0.44
0.45
0.45
0.47
0.42
0.40
0.39
0.39
0.36
0.35
0.42
0.35
0.52
0.52
0.50
0.50
CorWatt	PkgWatt
16.55	128.91
0.58	128.91
0.48
0.48
0.45
0.74
0.75
1.30
0.76
0.42
0.46
0.38
0.39
0.51
0.53
0.53
0.53
0.47
0.47
0.47
0.47
0.42
0.41
0.42
0.42
0.39
0.40
0.41
0.40
0.53
0.53
0.52
0.52
CorWatt	PkgWatt
15.94	128.28
0.58	128.28
0.44
0.46
0.44
0.73
0.74
0.78
1.30
0.38
0.45
0.37
0.38
0.50
0.54
0.51
0.52
0.45
0.45
0.45
0.46
0.42
0.40
0.38
0.39
0.35
0.35
0.36
0.35
0.52
0.51
0.50
0.49
CorWatt	PkgWatt
17.21	129.89
0.57	129.89
0.45
0.47
0.44
0.56
0.56
0.58
2.89
0.40
0.46
0.40
0.39
0.52
0.52
0.53
0.52
0.45
0.45
0.45
0.46
0.43
0.40
0.40
0.39
0.35
0.35
0.38
0.41
0.52
0.51
0.50
0.50
CorWatt	PkgWatt
17.37	130.24
0.56	130.23
0.47
0.45
0.44
0.49
0.51
0.54
3.38
0.39
0.45
0.37
0.38
0.52
0.52
0.51
0.51
0.45
0.45
0.45
0.46
0.42
0.40
0.39
0.39
0.35
0.35
0.36
0.35
0.53
0.50
0.50
0.49
CorWatt	PkgWatt
17.70	130.56
0.57	130.57
0.46
0.47
0.45
0.55
0.53
0.56
3.38
0.39
0.46
0.38
0.38
0.51
0.52
0.52
0.53
0.46
0.48
0.46
0.46
0.44
0.43
0.39
0.39
0.36
0.36
0.37
0.36
0.53
0.52
0.50
0.51
CorWatt	PkgWatt
17.53	130.37
0.82	130.37
0.45
0.48
0.44
0.53
0.51
0.53
3.13
0.40
0.46
0.38
0.39
0.52
0.54
0.53
0.52
0.47
0.45
0.45
0.46
0.42
0.41
0.39
0.40
0.35
0.36
0.36
0.36
0.52
0.51
0.50
0.49
CorWatt	PkgWatt
17.47	130.20
3.30	130.20
0.55
0.46
0.45
0.50
0.52
0.53
0.53
0.41
0.45
0.37
0.43
0.50
0.54
0.51
0.52
0.45
0.45
0.47
0.49
0.39
0.42
0.38
0.39
0.36
0.35
0.37
0.35
0.52
0.51
0.50
0.50
CorWatt	PkgWatt
17.46	130.36
3.30	130.35
0.56
0.48
0.47
0.50
0.51
0.52
0.51
0.39
0.45
0.38
0.38
0.52
0.52
0.53
0.52
0.45
0.45
0.45
0.46
0.39
0.42
0.38
0.38
0.35
0.37
0.40
0.36
0.53
0.51
0.51
0.50
CorWatt	PkgWatt
17.73	130.41
3.30	130.42
0.55
0.46
0.46
0.56
0.53
0.54
0.52
0.39
0.45
0.38
0.38
0.51
0.52
0.52
0.52
0.47
0.49
0.48
0.48
0.40
0.41
0.39
0.39
0.40
0.38
0.38
0.38
0.52
0.53
0.50
0.52
CorWatt	PkgWatt
17.48	130.28
3.30	130.28
0.58
0.47
0.45
0.54
0.51
0.48
0.54
0.39
0.45
0.38
0.38
0.52
0.52
0.53
0.52
0.46
0.46
0.46
0.48
0.40
0.41
0.38
0.39
0.36
0.37
0.36
0.35
0.52
0.51
0.52
0.49
CorWatt	PkgWatt
17.38	130.21
3.30	130.21
0.55
0.47
0.45
0.54
0.50
0.49
0.52
0.39
0.46
0.38
0.38
0.50
0.53
0.52
0.51
0.46
0.45
0.45
0.46
0.40
0.42
0.38
0.39
0.36
0.37
0.37
0.36
0.52
0.50
0.50
0.50
CorWatt	PkgWatt
17.36	130.33
3.31	130.33
0.56
0.48
0.46
0.54
0.51
0.49
0.51
0.40
0.45
0.37
0.39
0.50
0.52
0.51
0.51
0.45
0.45
0.45
0.46
0.40
0.40
0.39
0.40
0.35
0.35
0.36
0.35
0.52
0.50
0.50
0.49
CorWatt	PkgWatt
17.57	130.35
3.30	130.35
0.56
0.47
0.46
0.57
0.51
0.52
0.55
0.38
0.45
0.38
0.40
0.50
0.52
0.51
0.52
0.48
0.46
0.46
0.46
0.40
0.41
0.39
0.39
0.37
0.37
0.37
0.35
0.52
0.51
0.50
0.51
CorWatt	PkgWatt
17.33	130.18
3.30	130.18
0.55
0.47
0.45
0.55
0.51
0.49
0.51
0.38
0.45
0.38
0.38
0.50
0.51
0.53
0.52
0.44
0.46
0.45
0.47
0.40
0.40
0.38
0.39
0.35
0.35
0.36
0.39
0.52
0.50
0.50
0.49
CorWatt	PkgWatt
18.21	130.27
1.51	130.29
0.61
0.53
0.49
0.65
0.65
0.61
0.81
0.42
0.50
0.41
0.42
0.54
0.55
0.58
0.56
0.50
0.51
0.84
0.53
0.49
0.48
0.47
0.47
0.44
0.44
0.46
0.46
0.58
0.57
0.56
0.56
CorWatt	PkgWatt
16.95	129.19
0.60	129.19
0.47
0.48
0.45
1.50
0.84
0.85
0.93
0.40
0.46
0.39
0.42
0.52
0.54
0.54
0.51
0.45
0.47
0.47
0.47
0.41
0.41
0.39
0.39
0.37
0.37
0.39
0.37
0.52
0.53
0.51
0.52
CorWatt	PkgWatt
17.04	129.08
0.61	129.08
0.46
0.47
0.47
1.06
0.84
0.84
1.37
0.39
0.47
0.38
0.43
0.51
0.52
0.51
0.53
0.47
0.49
0.48
0.48
0.41
0.40
0.40
0.42
0.38
0.38
0.38
0.38
0.53
0.55
0.53
0.51
CorWatt	PkgWatt
16.57	128.76
0.59	128.76
0.44
0.47
0.47
1.16
0.85
0.84
1.23
0.39
0.46
0.37
0.38
0.50
0.52
0.52
0.52
0.45
0.45
0.45
0.47
0.41
0.38
0.39
0.39
0.35
0.36
0.37
0.35
0.52
0.52
0.50
0.49
CorWatt	PkgWatt
16.87	129.03
0.63	129.04
0.45
0.45
0.50
1.10
0.84
0.83
1.28
0.40
0.47
0.39
0.39
0.52
0.56
0.53
0.58
0.45
0.45
0.45
0.48
0.41
0.38
0.39
0.43
0.36
0.36
0.37
0.36
0.53
0.51
0.50
0.50
CorWatt	PkgWatt
16.63	128.72
0.60	128.71
0.46
0.46
0.44
0.86
0.84
0.84
1.50
0.40
0.50
0.39
0.41
0.52
0.52
0.51
0.52
0.46
0.45
0.45
0.46
0.43
0.38
0.39
0.40
0.35
0.36
0.36
0.35
0.52
0.50
0.50
0.49
CorWatt	PkgWatt
18.11	129.85
0.64	129.87
0.52
0.51
0.46
0.99
1.07
0.90
1.44
0.43
0.49
0.41
0.42
0.58
0.57
0.56
0.56
0.50
0.50
0.50
0.51
0.42
0.43
0.40
0.40
0.40
0.41
0.41
0.46
0.57
0.55
0.55
0.55
CorWatt	PkgWatt
19.78	131.65
0.61	131.64
0.46
0.48
0.45
1.34
3.14
1.35
1.34
0.41
0.46
0.38
0.39
0.50
0.53
0.51
0.52
0.46
0.46
0.46
0.47
0.42
0.39
0.40
0.39
0.36
0.36
0.36
0.35
0.53
0.51
0.50
0.50
CorWatt	PkgWatt
19.84	131.45
0.62	131.45
0.44
0.45
0.45
1.34
3.12
1.35
1.34
0.39
0.48
0.38
0.41
0.55
0.57
0.52
0.55
0.45
0.46
0.46
0.46
0.41
0.39
0.39
0.39
0.35
0.36
0.38
0.37
0.52
0.51
0.50
0.50
CorWatt	PkgWatt
19.77	131.61
0.59	131.61
0.45
0.49
0.47
1.34
3.11
1.35
1.34
0.40
0.47
0.38
0.38
0.50
0.53
0.52
0.53
0.46
0.48
0.48
0.47
0.41
0.39
0.39
0.40
0.36
0.36
0.36
0.35
0.52
0.52
0.50
0.49
CorWatt	PkgWatt
19.77	131.68
0.60	131.68
0.45
0.46
0.46
1.34
3.12
1.35
1.34
0.40
0.45
0.38
0.38
0.51
0.53
0.51
0.52
0.46
0.47
0.47
0.47
0.42
0.42
0.39
0.40
0.35
0.36
0.37
0.35
0.52
0.51
0.51
0.51
CorWatt	PkgWatt
19.80	131.59
0.54	131.59
0.56
0.46
0.45
1.34
3.14
1.35
1.34
0.40
0.46
0.38
0.38
0.50
0.54
0.51
0.52
0.45
0.46
0.46
0.48
0.43
0.41
0.39
0.40
0.35
0.36
0.36
0.35
0.52
0.51
0.50
0.49
CorWatt	PkgWatt
20.07	131.77
0.57	131.78
0.57
0.48
0.47
1.34
1.36
3.11
1.34
0.39
0.45
0.38
0.44
0.50
0.54
0.51
0.51
0.46
0.46
0.46
0.47
0.42
0.41
0.39
0.39
0.37
0.38
0.36
0.39
0.59
0.52
0.54
0.53
CorWatt	PkgWatt
19.81	131.75
0.54	131.75
0.55
0.50
0.48
1.34
1.36
3.11
1.34
0.39
0.45
0.38
0.38
0.50
0.53
0.51
0.51
0.45
0.46
0.46
0.47
0.43
0.40
0.40
0.41
0.36
0.36
0.36
0.35
0.53
0.51
0.50
0.50
CorWatt	PkgWatt
19.99	131.97
0.56	131.97
0.55
0.48
0.45
1.34
3.11
1.35
1.34
0.41
0.46
0.38
0.38
0.50
0.54
0.54
0.52
0.47
0.49
0.46
0.49
0.43
0.41
0.43
0.40
0.37
0.37
0.37
0.35
0.53
0.51
0.51
0.51
CorWatt	PkgWatt
19.80	131.61
0.55	131.61
0.56
0.49
0.47
1.34
2.28
2.21
1.33
0.39
0.46
0.38
0.38
0.50
0.52
0.51
0.52
0.46
0.46
0.46
0.47
0.42
0.41
0.40
0.39
0.35
0.36
0.37
0.35
0.52
0.51
0.50
0.49
CorWatt	PkgWatt
19.98	131.73
0.54	131.73
0.58
0.50
0.45
1.34
1.36
3.12
1.34
0.40
0.46
0.38
0.38
0.50
0.53
0.51
0.52
0.48
0.46
0.46
0.47
0.42
0.41
0.41
0.41
0.36
0.38
0.39
0.36
0.54
0.52
0.51
0.51
CorWatt	PkgWatt
18.91	130.95
0.53	130.95
0.55
0.47
0.45
1.20
1.21
2.69
1.20
0.39
0.47
0.38
0.38
0.50
0.53
0.51
0.52
0.45
0.46
0.45
0.47
0.42
0.40
0.39
0.39
0.36
0.36
0.37
0.35
0.52
0.51
0.50
0.51
CorWatt	PkgWatt
19.77	134.49
0.61	134.51
3.13
0.57
0.52
0.58
0.81
0.60
0.59
0.77
0.52
0.46
0.46
0.59
0.60
0.61
0.62
0.49
0.52
0.49
0.51
0.49
0.45
0.47
0.45
0.39
0.39
0.40
0.44
0.57
0.56
0.56
0.56
CorWatt	PkgWatt
19.78	138.17
0.52	138.16
5.66
0.51
0.45
0.49
0.64
0.52
0.48
0.39
0.46
0.38
0.38
0.50
0.54
0.51
0.52
0.45
0.45
0.44
0.46
0.40
0.39
0.39
0.38
0.35
0.36
0.37
0.35
0.52
0.52
0.50
0.50
CorWatt	PkgWatt
19.93	138.33
0.53	138.33
5.67
0.49
0.45
0.53
0.64
0.55
0.50
0.39
0.46
0.38
0.38
0.51
0.52
0.53
0.52
0.45
0.47
0.44
0.45
0.42
0.42
0.39
0.38
0.35
0.36
0.37
0.35
0.53
0.51
0.50
0.50
CorWatt	PkgWatt
19.91	138.54
0.52	138.54
5.68
0.52
0.45
0.52
0.64
0.52
0.50
0.39
0.45
0.38
0.38
0.52
0.55
0.53
0.52
0.46
0.45
0.44
0.46
0.39
0.40
0.39
0.39
0.35
0.37
0.37
0.35
0.53
0.51
0.50
0.50
CorWatt	PkgWatt
20.04	138.41
0.52	138.41
5.67
0.49
0.45
0.51
0.63
0.52
0.50
0.41
0.46
0.38
0.44
0.51
0.53
0.53
0.53
0.45
0.46
0.47
0.48
0.38
0.41
0.38
0.38
0.36
0.37
0.38
0.37
0.53
0.51
0.52
0.53
CorWatt	PkgWatt
19.82	138.47
0.53	138.46
5.67
0.51
0.47
0.50
0.62
0.49
0.48
0.39
0.45
0.38
0.39
0.53
0.53
0.51
0.51
0.44
0.45
0.44
0.46
0.38
0.40
0.38
0.38
0.36
0.38
0.39
0.36
0.53
0.51
0.50
0.51
CorWatt	PkgWatt
19.96	138.63
0.53	138.63
5.67
0.48
0.45
0.51
0.64
0.48
0.51
0.38
0.45
0.38
0.38
0.52
0.54
0.52
0.52
0.44
0.47
0.46
0.47
0.38
0.40
0.38
0.38
0.38
0.38
0.37
0.41
0.52
0.51
0.50
0.52
CorWatt	PkgWatt
19.89	138.47
0.52	138.47
5.67
0.49
0.45
0.50
0.61
0.48
0.53
0.38
0.46
0.38
0.39
0.53
0.53
0.55
0.52
0.46
0.45
0.44
0.46
0.38
0.41
0.39
0.38
0.36
0.38
0.37
0.37
0.52
0.50
0.52
0.51
CorWatt	PkgWatt
20.04	138.61
0.53	138.60
5.67
0.49
0.45
0.51
0.60
0.49
0.53
0.39
0.47
0.38
0.39
0.53
0.55
0.53
0.52
0.45
0.47
0.46
0.46
0.38
0.41
0.39
0.39
0.36
0.39
0.39
0.38
0.53
0.51
0.51
0.52
CorWatt	PkgWatt
20.08	138.56
0.55	138.56
5.67
0.51
0.48
0.51
0.61
0.51
0.53
0.39
0.46
0.38
0.40
0.52
0.56
0.52
0.54
0.46
0.46
0.45
0.47
0.39
0.41
0.39
0.38
0.36
0.36
0.37
0.36
0.57
0.51
0.51
0.51
CorWatt	PkgWatt
19.88	138.66
0.53	138.67
5.68
0.48
0.46
0.56
0.61
0.52
0.53
0.38
0.46
0.38
0.38
0.51
0.52
0.51
0.52
0.47
0.45
0.44
0.45
0.38
0.43
0.38
0.38
0.35
0.37
0.36
0.35
0.52
0.51
0.51
0.51
CorWatt	PkgWatt
19.83	138.59
0.52	138.59
5.67
0.50
0.46
0.54
0.61
0.49
0.49
0.38
0.47
0.38
0.38
0.53
0.53
0.53
0.52
0.44
0.45
0.44
0.46
0.38
0.40
0.39
0.39
0.36
0.36
0.37
0.35
0.53
0.51
0.51
0.50
CorWatt	PkgWatt
20.03	138.66
0.52	138.66
5.68
0.50
0.46
0.55
0.60
0.49
0.49
0.39
0.46
0.38
0.38
0.52
0.54
0.52
0.52
0.44
0.46
0.45
0.46
0.40
0.41
0.38
0.38
0.38
0.39
0.39
0.40
0.53
0.51
0.52
0.52
CorWatt	PkgWatt
20.22	138.89
0.54	138.89
5.68
0.52
0.48
0.54
0.60
0.50
0.50
0.40
0.47
0.39
0.41
0.54
0.55
0.54
0.52
0.44
0.48
0.46
0.46
0.39
0.40
0.39
0.38
0.39
0.38
0.41
0.38
0.53
0.53
0.52
0.53
CorWatt	PkgWatt
20.23	138.89
0.55	138.91
5.68
0.50
0.48
0.56
0.61
0.49
0.50
0.39
0.46
0.38
0.44
0.52
0.54
0.51
0.52
0.45
0.47
0.46
0.47
0.39
0.39
0.38
0.41
0.38
0.39
0.38
0.42
0.53
0.53
0.53
0.51
CorWatt	PkgWatt
19.87	138.58
0.53	138.58
5.67
0.50
0.48
0.56
0.61
0.50
0.50
0.38
0.45
0.38
0.38
0.51
0.54
0.51
0.51
0.44
0.45
0.45
0.46
0.39
0.38
0.38
0.38
0.36
0.36
0.37
0.35
0.55
0.50
0.52
0.51
CorWatt	PkgWatt
20.14	138.77
0.53	138.78
5.66
0.49
0.47
0.56
0.61
0.50
0.49
0.41
0.47
0.40
0.40
0.54
0.56
0.55
0.57
0.44
0.46
0.45
0.48
0.40
0.38
0.39
0.38
0.37
0.37
0.38
0.36
0.54
0.51
0.52
0.52
CorWatt	PkgWatt
20.21	134.87
0.79	134.89
2.62
0.62
0.54
0.73
0.67
0.57
0.59
0.52
0.55
0.47
0.52
0.62
0.62
0.94
0.65
0.53
0.50
0.53
0.53
0.49
0.50
0.51
0.52
0.40
0.42
0.41
0.43
0.60
0.58
0.60
0.62
CorWatt	PkgWatt
17.89	131.04
0.62	131.03
0.52
0.48
0.46
3.28
0.58
0.55
0.54
0.40
0.48
0.38
0.39
0.52
0.53
0.52
0.53
0.46
0.47
0.46
0.48
0.41
0.40
0.41
0.40
0.36
0.37
0.38
0.42
0.54
0.51
0.51
0.52
CorWatt	PkgWatt
17.97	131.03
0.62	131.03
0.52
0.49
0.46
3.22
0.58
0.54
0.56
0.40
0.48
0.39
0.39
0.53
0.55
0.52
0.54
0.48
0.48
0.46
0.48
0.43
0.40
0.41
0.40
0.37
0.37
0.37
0.41
0.55
0.52
0.52
0.51
CorWatt	PkgWatt
17.94	131.02
0.60	131.03
0.50
0.47
0.47
3.20
0.57
0.53
0.55
0.40
0.48
0.40
0.42
0.56
0.57
0.52
0.56
0.46
0.48
0.47
0.48
0.41
0.40
0.41
0.40
0.37
0.37
0.39
0.44
0.55
0.51
0.52
0.52
CorWatt	PkgWatt
17.61	130.79
0.60	130.79
0.49
0.49
0.46
3.20
0.55
0.52
0.53
0.39
0.46
0.38
0.39
0.52
0.53
0.51
0.52
0.46
0.49
0.48
0.47
0.42
0.39
0.40
0.40
0.36
0.36
0.37
0.39
0.54
0.50
0.51
0.51
CorWatt	PkgWatt
17.58	130.71
0.59	130.71
0.46
0.51
0.45
3.20
0.55
0.52
0.53
0.40
0.47
0.38
0.38
0.52
0.54
0.51
0.52
0.45
0.47
0.46
0.47
0.42
0.42
0.41
0.40
0.36
0.36
0.37
0.40
0.53
0.51
0.51
0.51
CorWatt	PkgWatt
17.57	130.59
0.59	130.59
0.44
0.52
0.45
3.22
0.55
0.52
0.53
0.40
0.46
0.38
0.38
0.51
0.53
0.52
0.53
0.46
0.47
0.46
0.48
0.42
0.41
0.40
0.40
0.36
0.37
0.37
0.40
0.53
0.50
0.51
0.50
CorWatt	PkgWatt
18.06	131.15
0.59	131.16
0.49
0.54
0.49
3.20
0.58
0.53
0.53
0.39
0.46
0.38
0.44
0.52
0.54
0.52
0.53
0.46
0.49
0.46
0.49
0.43
0.41
0.40
0.40
0.38
0.38
0.38
0.43
0.60
0.53
0.55
0.54
CorWatt	PkgWatt
17.61	130.76
0.59	130.76
0.45
0.53
0.47
3.20
0.55
0.52
0.52
0.39
0.46
0.39
0.40
0.51
0.53
0.51
0.52
0.45
0.47
0.46
0.49
0.44
0.41
0.39
0.40
0.36
0.38
0.37
0.39
0.54
0.51
0.51
0.51
CorWatt	PkgWatt
17.63	130.68
0.59	130.68
0.46
0.52
0.45
3.20
0.55
0.52
0.53
0.39
0.47
0.38
0.39
0.51
0.52
0.51
0.52
0.46
0.49
0.45
0.49
0.43
0.42
0.42
0.39
0.36
0.36
0.37
0.42
0.55
0.50
0.51
0.51
CorWatt	PkgWatt
17.58	130.71
0.59	130.71
0.47
0.53
0.47
3.21
0.55
0.53
0.53
0.39
0.46
0.39
0.38
0.51
0.52
0.51
0.51
0.45
0.47
0.45
0.47
0.42
0.41
0.40
0.40
0.36
0.36
0.37
0.39
0.53
0.50
0.51
0.51
CorWatt	PkgWatt
17.90	130.89
0.59	130.90
0.47
0.55
0.46
3.20
0.57
0.53
0.55
0.40
0.46
0.38
0.38
0.52
0.53
0.52
0.52
0.46
0.47
0.46
0.48
0.42
0.41
0.42
0.42
0.38
0.41
0.41
0.42
0.54
0.51
0.52
0.52
CorWatt	PkgWatt
17.56	130.68
0.59	130.68
0.44
0.52
0.46
3.20
0.55
0.52
0.54
0.39
0.46
0.38
0.38
0.52
0.53
0.51
0.52
0.47
0.47
0.45
0.47
0.43
0.41
0.40
0.39
0.36
0.36
0.37
0.40
0.54
0.50
0.51
0.51
CorWatt	PkgWatt
17.57	130.60
0.61	130.60
0.48
0.47
0.45
3.20
0.56
0.52
0.52
0.39
0.46
0.40
0.40
0.51
0.52
0.52
0.51
0.46
0.47
0.45
0.47
0.43
0.41
0.42
0.39
0.36
0.36
0.36
0.41
0.53
0.51
0.51
0.51
CorWatt	PkgWatt
17.54	130.54
0.60	130.54
0.45
0.47
0.45
2.22
1.57
0.52
0.53
0.39
0.46
0.39
0.39
0.51
0.52
0.51
0.51
0.45
0.47
0.45
0.47
0.42
0.41
0.40
0.39
0.36
0.36
0.37
0.40
0.55
0.50
0.52
0.51
CorWatt	PkgWatt
17.82	130.89
0.61	130.90
0.48
0.48
0.46
0.60
3.21
0.55
0.54
0.40
0.46
0.38
0.38
0.52
0.52
0.53
0.53
0.46
0.49
0.46
0.48
0.44
0.44
0.40
0.42
0.37
0.37
0.37
0.40
0.54
0.51
0.52
0.52
CorWatt	PkgWatt
17.62	130.60
0.61	130.59
0.44
0.50
0.45
0.58
3.21
0.52
0.54
0.39
0.46
0.38
0.38
0.52
0.54
0.53
0.52
0.47
0.47
0.45
0.47
0.42
0.41
0.39
0.42
0.36
0.37
0.37
0.39
0.53
0.50
0.51
0.50
CorWatt	PkgWatt
17.70	130.62
0.61	130.63
0.46
0.47
0.46
0.58
3.23
0.52
0.52
0.41
0.46
0.38
0.43
0.51
0.52
0.51
0.52
0.46
0.47
0.47
0.50
0.39
0.42
0.39
0.39
0.36
0.37
0.38
0.41
0.55
0.50
0.52
0.53
CorWatt	PkgWatt
18.41	130.85
0.63	130.86
0.54
0.57
0.54
0.62
0.59
0.55
0.55
0.48
0.54
0.47
0.47
0.62
0.62
0.60
0.58
0.53
0.52
0.52
1.10
0.58
0.57
0.97
0.61
0.42
0.42
0.43
0.46
0.59
0.56
0.57
0.57
CorWatt	PkgWatt
16.83	129.09
0.51	129.08
0.47
0.48
0.46
0.56
0.54
0.50
0.50
0.40
0.47
0.39
0.39
0.51
0.53
0.52
0.53
0.47
0.49
0.48
0.60
0.66
0.67
1.25
0.70
0.40
0.38
0.39
0.45
0.54
0.54
0.51
0.52
CorWatt	PkgWatt
16.59	129.06
0.52	129.05
0.44
0.47
0.45
0.52
0.53
0.49
0.51
0.39
0.47
0.39
0.41
0.53
0.54
0.53
0.52
0.47
0.47
0.46
0.59
0.66
0.67
1.26
0.70
0.37
0.38
0.37
0.43
0.53
0.51
0.52
0.50
CorWatt	PkgWatt
16.49	129.11
0.54	129.10
0.46
0.46
0.46
0.53
0.51
0.50
0.49
0.39
0.46
0.38
0.38
0.51
0.55
0.52
0.52
0.46
0.47
0.46
0.57
0.66
0.66
1.28
0.69
0.36
0.37
0.38
0.41
0.53
0.51
0.51
0.51
CorWatt	PkgWatt
16.67	128.99
0.51	128.99
0.47
0.47
0.46
0.52
0.52
0.50
0.51
0.39
0.46
0.39
0.40
0.51
0.55
0.52
0.53
0.48
0.48
0.47
0.59
0.67
0.67
1.27
0.70
0.37
0.37
0.38
0.42
0.54
0.51
0.51
0.52
CorWatt	PkgWatt
17.46	129.81
0.52	129.81
0.47
0.45
0.46
0.54
0.52
0.52
0.54
0.40
0.46
0.38
0.38
0.52
0.54
0.52
0.52
0.48
0.48
0.47
0.58
0.78
0.78
1.72
0.80
0.37
0.38
0.37
0.41
0.54
0.51
0.51
0.52
CorWatt	PkgWatt
19.57	132.02
0.53	132.01
0.46
0.48
0.45
0.53
0.51
0.49
0.50
0.39
0.47
0.40
0.38
0.52
0.55
0.51
0.51
0.47
0.47
0.47
0.59
1.07
1.07
1.08
3.11
0.36
0.37
0.37
0.40
0.55
0.51
0.50
0.50
CorWatt	PkgWatt
19.69	132.30
0.54	132.30
0.45
0.46
0.44
0.53
0.52
0.49
0.50
0.39
0.46
0.39
0.38
0.51
0.54
0.53
0.51
0.46
0.47
0.47
0.59
1.13
1.12
1.12
3.10
0.37
0.37
0.38
0.40
0.52
0.53
0.50
0.52
CorWatt	PkgWatt
19.91	132.36
0.56	132.37
0.45
0.50
0.46
0.49
0.53
0.50
0.50
0.41
0.48
0.40
0.41
0.51
0.54
0.53
0.52
0.46
0.49
0.47
0.58
1.13
1.13
1.13
3.09
0.40
0.37
0.40
0.37
0.53
0.53
0.51
0.53
CorWatt	PkgWatt
19.81	132.28
0.53	132.28
0.46
0.47
0.46
0.51
0.53
0.50
0.50
0.40
0.47
0.38
0.43
0.51
0.53
0.52
0.52
0.47
0.49
0.49
0.59
1.09
1.09
1.09
3.11
0.38
0.39
0.38
0.36
0.53
0.55
0.54
0.55
CorWatt	PkgWatt
19.59	132.22
0.54	132.22
0.44
0.47
0.46
0.51
0.54
0.50
0.51
0.38
0.45
0.38
0.38
0.52
0.52
0.51
0.52
0.46
0.47
0.46
0.58
1.13
1.13
1.19
3.03
0.36
0.36
0.37
0.35
0.52
0.52
0.51
0.50
CorWatt	PkgWatt
19.85	132.42
0.54	132.42
0.46
0.46
0.45
0.50
0.53
0.49
0.50
0.42
0.48
0.40
0.38
0.54
0.57
0.55
0.57
0.46
0.47
0.46
0.58
1.13
1.13
2.00
2.22
0.36
0.36
0.37
0.35
0.56
0.54
0.51
0.51
CorWatt	PkgWatt
19.65	132.12
0.54	132.12
0.46
0.47
0.44
0.49
0.52
0.49
0.49
0.39
0.48
0.38
0.40
0.54
0.55
0.52
0.53
0.46
0.47
0.46
0.59
1.13
1.13
2.72
1.50
0.36
0.36
0.36
0.35
0.52
0.52
0.52
0.51
CorWatt	PkgWatt
19.70	132.20
0.55	132.20
0.48
0.47
0.46
0.50
0.52
0.52
0.50
0.39
0.46
0.38
0.38
0.51
0.52
0.51
0.53
0.47
0.48
0.48
0.58
1.12
1.12
3.06
1.13
0.36
0.37
0.38
0.35
0.53
0.54
0.52
0.53
CorWatt	PkgWatt
19.68	132.22
0.55	132.22
0.48
0.51
0.47
0.50
0.54
0.51
0.54
0.39
0.45
0.38
0.38
0.51
0.55
0.51
0.53
0.46
0.47
0.47
0.57
1.10
1.10
1.63
2.56
0.36
0.36
0.37
0.35
0.52
0.55
0.50
0.51
CorWatt	PkgWatt
19.82	132.61
0.54	132.61
0.45
0.49
0.44
0.50
0.56
0.49
0.52
0.38
0.48
0.38
0.43
0.54
0.57
0.52
0.55
0.46
0.47
0.47
0.58
1.13
1.12
1.18
3.04
0.37
0.36
0.38
0.37
0.52
0.52
0.50
0.51
CorWatt	PkgWatt
19.65	132.37
0.52	132.37
0.45
0.49
0.46
0.51
0.56
0.49
0.51
0.39
0.46
0.38
0.38
0.50
0.54
0.51
0.53
0.46
0.48
0.48
0.58
1.13
1.13
1.13
3.09
0.36
0.36
0.37
0.35
0.54
0.52
0.50
0.50
CorWatt	PkgWatt
19.53	132.01
0.54	132.04
0.45
0.49
0.50
0.58
0.62
0.54
0.54
0.49
0.52
0.44
0.47
0.59
0.62
0.59
0.60
0.52
0.50
0.52
0.69
0.92
0.87
1.95
0.92
0.39
0.46
0.43
0.40
0.56
0.60
0.59
0.61
