CorWatt	PkgWatt
289.81	565.37
3.19	221.03
3.80
3.43
3.70
3.30
3.16
4.34
4.00
4.23
4.34
4.16
4.28
3.43
3.50
4.02
3.60
4.02
4.00
3.27
4.10
4.42
4.39
4.50
4.52
3.63
3.42
3.51
3.45
3.77
4.41
4.27
2.59
3.59	220.69
4.43
4.30
3.82
3.93
4.24
4.16
4.22
3.60
3.53
3.60
4.14
4.29
3.35
3.44
4.05
3.18
3.80
3.43
3.06
3.43
4.29
4.25
3.60
2.30
3.71
4.44
3.64
3.98
3.87
3.70
3.18
CorWatt	PkgWatt
131.25	330.90
2.23	170.07
2.21
2.30
2.17
2.22
2.17
2.22
2.14
2.06
2.12
2.09
2.12
2.13
2.06
2.31
2.01
2.11
2.26
2.29
2.21
2.41
2.36
2.32
2.30
2.14
2.16
2.16
2.14
2.15
2.32
2.23
2.15
1.92	160.88
1.92
1.94
1.92
1.92
1.93
1.95
1.91
1.92
1.96
1.89
1.89
1.93
1.90
1.89
1.86
1.80
1.89
1.82
1.82
1.95
1.97
1.96
1.94
2.03
1.91
1.87
1.86
1.88
1.91
1.86
1.87
CorWatt	PkgWatt
128.66	327.08
2.02	163.56
2.00
2.04
2.01
2.03
1.99
2.09
2.04
1.96
1.97
1.97
1.98
1.97
1.98
2.06
1.95
2.03
2.04
2.03
2.02
2.04
2.10
2.08
2.06
2.01
2.02
2.01
2.02
1.97
1.97
1.99
1.99
2.00	164.01
1.98
2.14
1.99
2.10
1.98
1.99
2.12
1.93
1.99
1.94
1.96
1.94
2.03
2.06
1.94
1.95
1.93
1.99
1.97
2.04
1.99
2.04
2.01
2.06
1.97
2.02
2.06
2.19
1.98
2.10
1.97
CorWatt	PkgWatt
126.47	334.04
2.00	167.02
1.99
2.00
1.98
2.00
1.98
1.99
1.98
1.91
1.97
1.93
1.96
1.95
1.94
1.95
2.04
2.09
2.06
2.11
2.09
2.09
2.07
2.03
2.00
1.94
1.99
1.97
2.01
1.92
1.96
1.95
1.93
1.94	166.37
2.01
1.97
1.95
1.95
1.97
2.01
1.99
1.90
1.94
1.94
1.97
2.00
1.95
1.93
1.90
1.94
1.94
1.89
1.93
2.01
1.98
1.99
1.96
1.92
1.94
1.95
1.90
1.94
1.99
1.96
1.97
CorWatt	PkgWatt
126.28	324.63
2.01	162.46
2.02
2.03
1.99
2.01
1.99
2.03
1.98
1.93
1.95
1.91
1.96
1.94
1.99
1.94
1.97
2.00
2.00
2.04
1.99
2.04
2.02
2.06
2.04
2.00
1.99
1.99
2.00
1.95
1.97
1.98
1.98
1.98	162.14
1.97
1.99
1.99
1.99
1.96
1.99
1.98
1.94
1.94
1.94
1.93
1.94
1.96
1.96
1.95
1.90
1.94
1.91
1.95
1.99
1.98
1.99
1.98
1.94
1.92
1.95
1.92
1.96
1.94
1.96
1.93
