CorWatt	PkgWatt
306.10	591.88
4.11	222.09
3.63
3.75
3.69
3.66
4.04
3.75
3.44
4.05
3.36
3.25
2.78
4.22
2.78
2.86
3.15
4.06
4.61
3.98
3.92
2.96
3.35
3.86
3.19
3.59
2.89
3.48
3.77
4.48
4.46
4.57
3.96
4.06	245.38
3.90
4.04
4.66
4.55
4.62
4.28
4.42
3.74
4.75
4.77
4.86
4.28
4.45
4.69
4.56
4.77
4.15
4.55
4.43
4.16
4.75
4.85
4.43
4.55
4.61
4.80
3.72
4.81
4.65
4.95
4.31
CorWatt	PkgWatt
263.27	470.22
4.62	224.95
3.41
3.57
3.56
3.64
3.61
3.85
3.73
4.18
3.52
3.37
3.05
3.88
2.75
2.76
3.73
3.73
4.39
4.27
4.26
2.97
3.75
4.62
3.65
3.37
3.36
3.32
3.55
3.85
4.93
4.69
4.43
3.32	245.35
3.95
3.46
3.89
4.82
4.47
4.32
4.60
3.87
4.90
4.77
4.78
4.11
4.67
4.88
4.23
4.92
4.42
4.58
4.29
4.37
4.88
4.78
4.71
4.47
4.67
5.02
4.09
4.85
4.69
4.62
4.49
CorWatt	PkgWatt
263.02	462.86
4.43	221.41
3.22
3.90
3.82
2.88
2.71
3.84
4.52
3.70
3.38
3.91
4.05
3.77
2.65
3.17
2.87
4.33
4.42
3.68
4.64
3.54
3.50
3.06
4.12
3.46
3.84
3.41
3.40
4.55
4.72
4.64
4.49
3.13	241.55
3.77
4.08
3.92
4.82
4.23
4.57
4.40
4.13
4.95
4.10
4.69
4.90
4.36
4.82
4.10
4.76
4.59
4.72
4.03
4.48
4.81
4.51
4.64
4.65
4.63
4.86
3.93
5.07
4.48
4.80
4.49
CorWatt	PkgWatt
264.16	459.27
3.73	219.07
3.68
3.80
3.95
2.70
2.66
2.95
4.50
3.47
3.81
4.22
4.57
3.52
2.60
3.37
3.12
4.01
4.34
4.35
4.31
3.83
3.37
3.65
4.43
2.82
3.07
3.57
3.51
4.68
4.71
4.76
4.77
3.84	240.24
3.54
4.00
3.98
4.16
4.70
4.52
4.64
4.53
4.83
3.78
4.76
4.85
4.56
4.69
4.86
4.67
4.97
4.61
4.05
3.71
4.78
4.74
4.59
4.76
4.72
4.73
3.82
5.15
4.53
4.92
4.35
CorWatt	PkgWatt
265.07	460.09
2.75	221.95
3.16
3.34
4.30
3.87
3.19
3.36
3.64
3.50
3.90
4.25
4.07
4.54
3.01
3.58
3.50
4.35
4.27
4.79
4.80
4.46
4.32
4.35
4.48
3.66
2.64
4.49
3.46
3.65
3.47
4.81
4.39
4.22	238.16
4.35
3.68
3.63
4.03
4.81
4.33
4.75
4.48
4.73
4.40
4.44
4.18
4.66
3.70
4.37
4.71
4.52
4.57
3.89
4.56
4.83
3.97
4.56
4.43
4.73
4.44
4.28
4.54
4.92
4.71
4.31
CorWatt	PkgWatt
257.98	453.13
2.69	216.22
2.42
3.42
4.04
4.40
2.48
3.78
3.47
3.41
4.15
4.28
3.84
2.87
2.51
2.35
2.53
3.82
3.55
4.71
4.79
4.89
4.39
4.29
4.71
3.85
3.34
3.93
3.37
4.16
3.51
3.47
4.64
4.27	237.10
4.23
3.81
3.77
4.49
4.83
3.67
4.90
4.57
4.75
4.74
4.04
3.71
3.86
4.58
4.26
3.52
4.32
4.73
4.50
4.69
4.43
4.66
4.75
4.44
4.39
4.82
3.62
4.55
5.12
4.54
4.43
CorWatt	PkgWatt
223.08	368.18
3.39	219.08
2.53
3.47
3.83
4.54
2.87
3.86
3.67
3.20
4.25
4.57
3.57
2.68
2.42
2.40
2.29
4.64
4.30
4.87
4.43
4.95
4.69
4.99
4.34
3.50
3.78
3.82
3.79
3.68
3.68
4.11
4.25
3.50	234.25
3.74
4.44
3.69
4.72
4.54
3.62
4.66
4.22
4.08
4.66
4.59
3.40
3.95
4.97
4.02
3.72
3.70
4.26
4.81
4.82
4.72
4.17
3.61
4.68
4.08
4.52
3.90
5.00
4.76
4.53
4.35
CorWatt	PkgWatt
299.52	561.16
2.54	217.34
2.52
3.88
4.02
3.73
3.41
3.90
3.58
3.62
4.45
2.91
4.78
2.54
2.60
2.23
2.11
4.51
4.90
4.76
4.09
4.42
3.94
5.12
5.11
3.61
3.56
4.06
3.47
3.13
3.66
3.91
4.08
3.22	233.13
3.92
4.29
3.74
4.97
4.45
3.44
4.67
4.29
4.35
4.50
4.41
3.85
4.64
4.26
3.59
4.05
3.79
3.94
4.60
4.76
4.57
4.07
4.02
4.67
4.13
3.76
4.58
5.03
4.73
4.71
3.55
CorWatt	PkgWatt
208.92	414.84
2.48	203.13
2.55
3.18
3.24
3.28
2.96
3.24
2.70
3.48
3.60
2.29
3.75
1.95
2.35
2.16
2.05
3.47
3.69
3.62
3.88
3.43
3.49
4.06
4.01
3.44
2.51
3.33
3.26
2.86
3.33
3.08
3.48
2.99	211.69
2.91
3.63
3.14
3.78
3.59
3.27
3.40
3.60
3.27
3.51
3.31
3.74
3.13
3.28
3.11
3.55
3.55
3.05
3.28
3.71
3.82
3.38
3.28
3.46
3.28
3.43
3.38
3.65
3.52
3.56
3.17
CorWatt	PkgWatt
143.85	359.35
2.23	178.55
2.34
2.26
2.30
2.24
2.01
2.01
2.02
2.30
2.22
2.15
2.16
1.99
2.02
2.05
2.04
2.19
2.26
2.30
2.27
2.33
2.27
2.37
2.18
2.26
2.32
2.33
2.35
2.37
2.30
2.32
2.27
2.26	180.80
2.37
2.29
2.30
2.27
2.30
2.31
2.33
2.29
2.26
2.27
2.26
2.29
2.20
2.22
2.16
2.25
2.27
2.37
2.22
2.46
2.43
2.30
2.33
2.27
2.17
2.33
2.31
2.20
2.19
2.12
2.21
CorWatt	PkgWatt
145.40	359.51
2.20	179.97
2.38
2.28
2.24
2.33
2.41
2.28
2.39
2.18
2.19
2.13
2.20
2.24
2.19
2.19
2.22
2.34
2.36
2.39
2.25
2.49
2.46
2.42
2.40
2.37
2.36
2.32
2.28
2.22
2.20
2.22
2.19
2.21	179.53
2.28
2.23
2.19
2.22
2.24
2.36
2.37
2.25
2.22
2.19
2.38
2.45
2.26
2.23
2.13
2.19
2.25
2.23
2.27
2.33
2.31
2.33
2.23
2.20
2.15
2.25
2.26
2.22
2.20
2.22
2.23
CorWatt	PkgWatt
144.64	358.20
2.20	178.03
2.29
2.28
2.20
2.28
2.24
2.26
2.25
2.21
2.15
2.12
2.16
2.21
2.14
2.21
2.18
2.29
2.36
2.25
2.25
2.29
2.23
2.61
2.33
2.28
2.30
2.25
2.26
2.17
2.25
2.28
2.20
2.24	180.17
2.22
2.18
2.17
2.22
2.24
2.25
2.24
2.23
2.31
2.22
2.23
2.27
2.38
2.44
2.24
2.21
2.22
2.18
2.19
2.35
2.38
2.42
2.61
2.30
2.15
2.28
2.37
2.20
2.25
2.27
2.20
CorWatt	PkgWatt
149.28	362.53
2.23	178.76
2.25
2.21
2.21
2.41
2.23
2.26
2.35
2.40
2.20
2.22
2.21
2.19
2.21
2.21
2.18
2.34
2.29
2.31
2.23
2.30
2.31
2.31
2.35
2.34
2.32
2.27
2.26
2.18
2.25
2.49
2.33
2.36	183.71
2.42
2.35
2.48
2.35
2.41
2.42
2.36
2.35
2.37
2.40
2.37
2.51
2.49
2.44
2.48
2.35
2.36
2.31
2.39
2.40
2.25
2.24
2.31
2.41
2.30
2.35
2.34
2.46
2.41
2.44
2.52
