CorWatt	PkgWatt
15.24	127.20
0.57	127.21
0.47
0.46
0.47
0.49
0.50
0.52
0.54
0.52
0.46
0.40
0.42
0.54
0.55
0.52
0.53
0.49
0.48
0.46
0.48
0.45
0.46
0.46
0.43
0.41
0.39
0.38
0.36
0.51
0.52
0.51
0.51
CorWatt	PkgWatt
14.72	126.83
0.58	126.90
0.46
0.44
0.44
0.49
0.48
0.48
0.49
0.41
0.45
0.37
0.40
0.55
0.52
0.51
0.53
0.47
0.50
0.45
0.46
0.41
0.38
0.43
0.40
0.44
0.41
0.37
0.37
0.51
0.53
0.50
0.49
CorWatt	PkgWatt
24.15	135.17
0.75	135.14
0.82
0.78
0.75
2.67
0.67
0.80
0.75
0.61
0.61
0.62
0.61
0.71
0.78
0.81
0.81
0.80
0.70
0.65
0.64
0.71
0.67
0.64
0.63
0.51
0.55
0.55
0.57
0.71
0.73
0.70
0.81
CorWatt	PkgWatt
17.03	128.50
0.77	128.48
0.80
0.75
1.09
0.63
0.49
0.60
0.54
0.48
0.43
0.37
0.44
0.51
0.56
0.52
0.51
0.53
0.49
0.47
0.48
0.40
0.42
0.43
0.38
0.43
0.41
0.37
0.41
0.57
0.61
0.53
0.58
CorWatt	PkgWatt
17.24	128.78
0.91	128.77
0.74
0.72
1.07
0.61
0.50
0.50
0.49
0.43
0.45
0.40
0.40
0.54
0.54
0.53
0.52
0.58
0.54
0.52
0.53
0.44
0.45
0.49
0.44
0.42
0.44
0.41
0.39
0.53
0.54
0.54
0.59
CorWatt	PkgWatt
17.11	128.48
1.07	128.62
0.73
0.70
0.89
0.63
0.52
0.53
0.52
0.41
0.44
0.38
0.42
0.55
0.51
0.56
0.53
0.55
0.54
0.50
0.50
0.46
0.43
0.47
0.50
0.39
0.43
0.36
0.38
0.59
0.56
0.54
0.55
CorWatt	PkgWatt
17.43	129.11
0.97	128.97
0.78
1.08
0.74
0.64
0.64
0.58
0.55
0.47
0.46
0.39
0.42
0.56
0.57
0.57
0.54
0.53
0.48
0.47
0.47
0.45
0.43
0.47
0.42
0.41
0.41
0.39
0.40
0.55
0.57
0.52
0.51
CorWatt	PkgWatt
16.75	128.48
0.76	128.48
1.07
0.95
0.69
0.62
0.49
0.51
0.50
0.38
0.46
0.36
0.41
0.55
0.56
0.53
0.54
0.50
0.46
0.44
0.45
0.43
0.38
0.42
0.38
0.41
0.41
0.47
0.40
0.56
0.57
0.55
0.54
CorWatt	PkgWatt
18.26	130.42
0.55	130.42
0.50
3.11
0.50
0.50
0.61
0.53
0.50
0.43
0.49
0.44
0.43
0.60
0.56
0.52
0.57
0.55
0.51
0.51
0.49
0.43
0.42
0.45
0.41
0.42
0.38
0.37
0.39
0.55
0.52
0.51
0.56
CorWatt	PkgWatt
17.96	130.28
0.55	130.27
0.50
3.15
0.45
0.49
0.61
0.51
0.51
0.40
0.43
0.37
0.41
0.50
0.50
0.53
0.54
0.50
0.56
0.49
0.50
0.44
0.44
0.47
0.40
0.41
0.42
0.40
0.38
0.52
0.58
0.50
0.49
CorWatt	PkgWatt
18.19	130.36
0.59	130.37
0.49
3.15
0.49
0.51
0.60
0.49
0.51
0.37
0.47
0.39
0.38
0.52
0.55
0.54
0.53
0.48
0.57
0.50
0.49
0.46
0.43
0.47
0.42
0.41
0.41
0.41
0.39
0.53
0.55
0.53
0.56
CorWatt	PkgWatt
18.07	130.44
0.56	130.44
0.48
3.15
0.45
0.54
0.66
0.57
0.53
0.41
0.46
0.40
0.42
0.54
0.52
0.52
0.52
0.48
0.51
0.50
0.49
0.39
0.41
0.45
0.38
0.42
0.38
0.39
0.37
0.56
0.55
0.57
0.52
CorWatt	PkgWatt
21.12	132.34
0.64	132.44
0.61
2.78
0.56
0.52
0.72
0.57
0.53
0.55
0.58
0.51
0.48
0.70
0.72
0.78
0.74
0.66
0.59
0.56
0.60
0.57
0.60
0.53
0.48
0.49
0.48
0.46
0.50
0.64
0.64
0.66
0.68
