CorWatt	PkgWatt
15.11	127.10
0.51	127.11
0.43
0.54
0.44
0.50
0.49
0.56
0.49
0.39
0.47
0.41
0.39
0.52
0.53
0.56
0.52
0.53
0.52
0.60
0.51
0.42
0.40
0.41
0.42
0.35
0.35
0.38
0.36
0.52
0.50
0.56
0.54
CorWatt	PkgWatt
15.09	126.62
0.51	127.23
0.44
0.53
0.44
0.50
0.51
0.54
0.49
0.41
0.51
0.42
0.40
0.51
0.51
0.50
0.54
0.54
0.53
0.48
0.52
0.44
0.42
0.41
0.39
0.37
0.37
0.39
0.36
0.54
0.51
0.55
0.57
CorWatt	PkgWatt
17.76	130.06
0.66	129.44
0.65
0.68
0.69
0.62
0.61
0.70
0.61
0.50
0.54
0.51
0.45
0.59
0.61
0.57
0.63
0.58
0.53
0.52
0.54
0.48
0.45
0.48
0.49
0.39
0.39
0.42
0.41
0.66
0.58
0.55
0.60
