CorWatt	PkgWatt
7.86	161.47
0.14	80.87
0.14
0.14
0.13
0.13
0.13
0.13
0.13
0.12
0.12
0.12
0.12
0.12
0.12
0.12
0.12
0.13
0.13
0.13
0.13
0.15
0.14
0.14
0.13
0.12
0.12
0.12
0.12
0.12
0.12
0.12
0.12
0.12	80.68
0.12
0.20
0.12
0.12
0.12
0.12
0.12
0.11
0.11
0.11
0.11
0.12
0.11
0.11
0.11
0.12
0.12
0.12
0.12
0.13
0.13
0.13
0.13
0.11
0.11
0.11
0.11
0.11
0.11
0.11
0.12
CorWatt	PkgWatt
7.94	160.00
0.13	79.73
0.13
0.13
0.13
0.13
0.13
0.13
0.13
0.11
0.11
0.11
0.11
0.18
0.11
0.11
0.11
0.13
0.13
0.13
0.13
0.14
0.13
0.12
0.12
0.12
0.12
0.12
0.12
0.11
0.11
0.11
0.11
0.12	80.28
0.12
0.13
0.17
0.13
0.14
0.12
0.14
0.13
0.11
0.11
0.11
0.13
0.11
0.12
0.11
0.12
0.13
0.12
0.12
0.13
0.14
0.15
0.15
0.12
0.12
0.12
0.12
0.12
0.12
0.12
0.12
