CorWatt	PkgWatt
15.53	128.15
0.54	128.15
0.47
0.46
0.49
0.54
0.51
0.56
0.52
0.44
0.46
0.42
0.40
0.53
0.54
0.52
0.53
0.48
0.51
0.47
0.54
0.45
0.43
0.44
0.43
0.38
0.40
0.51
0.40
0.60
0.50
0.52
0.53
CorWatt	PkgWatt
15.17	127.65
0.52	127.63
0.47
0.48
0.46
0.51
0.50
0.54
0.50
0.42
0.44
0.39
0.39
0.53
0.54
0.52
0.53
0.51
0.50
0.49
0.54
0.44
0.40
0.41
0.45
0.38
0.41
0.39
0.37
0.59
0.51
0.51
0.52
CorWatt	PkgWatt
18.29	130.28
0.63	130.32
0.62
0.60
0.60
0.61
0.63
0.66
0.63
0.54
0.54
0.54
0.63
0.58
0.58
0.55
0.60
0.62
0.58
0.62
0.56
0.52
0.47
0.48
0.49
0.47
0.46
0.48
0.48
0.66
0.63
0.61
0.60
CorWatt	PkgWatt
15.45	127.89
0.52	127.86
0.52
0.49
0.48
0.50
0.52
0.50
0.51
0.43
0.44
0.43
0.40
0.51
0.52
0.51
0.53
0.54
0.51
0.48
0.51
0.46
0.46
0.44
0.45
0.39
0.42
0.41
0.37
0.60
0.53
0.53
0.54
CorWatt	PkgWatt
14.98	127.64
0.51	127.60
0.50
0.45
0.48
0.49
0.51
0.49
0.49
0.42
0.44
0.42
0.40
0.51
0.52
0.51
0.52
0.51
0.54
0.46
0.49
0.43
0.40
0.43
0.40
0.37
0.37
0.37
0.37
0.59
0.53
0.53
0.53
