CorWatt	PkgWatt
15.54	128.35
0.56	128.35
0.47
0.48
0.47
0.54
0.53
0.53
0.52
0.43
0.47
0.48
0.42
0.54
0.54
0.58
0.58
0.50
0.48
0.48
0.50
0.44
0.41
0.42
0.40
0.39
0.40
0.40
0.40
0.56
0.53
0.54
0.53
CorWatt	PkgWatt
14.89	127.70
0.55	127.69
0.45
0.48
0.50
0.51
0.52
0.50
0.50
0.38
0.45
0.40
0.40
0.52
0.51
0.56
0.53
0.46
0.47
0.47
0.51
0.39
0.39
0.38
0.40
0.38
0.43
0.37
0.39
0.52
0.50
0.53
0.55
CorWatt	PkgWatt
68.63	183.41
0.92	183.49
2.06
2.14
2.18
2.28
2.23
2.24
2.19
2.10
2.14
2.13
2.11
2.23
2.20
2.21
2.27
2.18
2.15
1.97
2.05
2.12
2.09
1.87
1.91
2.16
2.10
1.96
3.58
2.30
2.30
2.13
2.13
