CorWatt	PkgWatt
30.94	221.32
0.29	106.44
0.22
0.22
0.41
0.25
0.21
0.20
0.52
0.19
0.41
0.24
0.22
0.28
0.19
0.18
0.32
0.21
0.30
0.20
0.42
2.38
0.30
0.40
0.31
0.32
0.25
0.22
0.84
0.19
0.19
0.22
0.44
0.19	115.14
0.19
0.18
0.36
0.18
0.58
0.18
0.19
0.17
0.17
0.16
0.36
0.22
0.21
2.79
0.58
0.22
0.22
0.21
3.45
0.23
0.23
0.24
3.26
0.21
0.22
3.04
0.26
0.17
0.39
0.17
0.17
CorWatt	PkgWatt
31.14	222.28
0.35	106.80
0.21
0.23
0.50
0.22
0.20
0.29
0.33
0.18
0.19
0.19
0.50
0.22
0.18
0.17
0.42
0.19
0.32
0.20
0.24
1.72
0.30
0.30
0.97
0.24
0.23
0.63
0.62
0.20
0.20
0.43
0.53
0.21	115.18
0.21
0.21
2.59
0.21
1.92
0.22
0.92
0.22
0.17
0.17
0.60
0.19
0.19
0.20
2.17
0.21
0.21
0.20
2.83
0.23
0.23
0.29
3.51
0.17
0.17
0.18
0.17
0.16
0.17
0.16
0.17
CorWatt	PkgWatt
36.28	227.22
0.52	117.64
0.36
0.66
0.33
0.28
0.54
1.71
0.53
3.02
0.23
0.21
0.21
0.24
2.40
0.33
0.57
0.33
0.58
1.92
0.63
0.43
0.32
0.57
0.50
0.36
0.37
0.56
0.88
0.41
1.34
0.36
0.40
0.30	109.82
0.32
0.27
0.41
0.82
0.27
0.33
0.31
0.32
0.47
0.30
0.31
0.35
0.36
0.30
0.38
0.33
0.25
0.27
0.56
0.27
2.98
0.45
0.31
0.35
0.33
0.39
0.56
0.48
0.36
0.26
0.25
CorWatt	PkgWatt
28.05	199.97
1.65	108.18
0.29
0.38
0.59
2.84
0.25
0.25
0.25
2.44
0.21
0.20
0.21
0.99
0.20
0.20
1.32
0.23
0.23
2.60
0.23
0.57
0.32
0.44
0.43
1.63
0.27
0.27
0.51
1.92
0.21
0.20
0.45
0.13	91.73
0.16
0.14
0.12
0.14
0.14
0.14
1.18
0.20
0.13
0.14
0.12
0.11
0.11
0.11
0.13
0.13
0.12
0.14
0.12
0.13
0.15
0.13
0.14
0.12
0.15
0.13
0.12
0.12
0.12
0.14
0.13
CorWatt	PkgWatt
29.37	218.49
0.49	117.34
0.24
0.28
1.07
0.25
0.22
0.31
2.37
0.21
0.20
0.19
1.70
1.22
1.48
0.28
0.29
0.25
0.50
1.39
0.45
0.24
0.22
0.22
3.40
0.24
0.24
1.61
0.49
0.22
1.51
0.22
0.53
0.16	101.11
0.14
0.14
0.16
1.99
0.17
0.17
0.21
0.19
0.15
0.14
0.14
0.14
0.13
0.15
0.14
0.15
0.15
0.16
0.15
0.17
0.16
0.23
0.18
0.14
0.14
0.14
0.15
0.15
0.14
0.14
0.14
CorWatt	PkgWatt
32.92	223.43
0.54	115.98
0.22
0.23
0.29
2.47
0.88
0.22
0.26
0.23
0.20
0.69
0.30
0.23
2.69
0.34
0.23
0.30
3.68
0.29
0.28
0.47
0.26
0.21
1.44
0.22
0.22
0.24
1.04
1.41
0.25
0.25
0.46
0.21	107.37
0.18
0.19
0.18
3.09
0.22
0.22
0.21
0.22
0.18
0.17
0.16
0.17
0.16
0.16
0.17
0.18
0.18
0.18
0.19
0.22
0.18
0.18
0.23
0.17
0.18
0.17
0.19
1.43
1.90
0.21
0.21
CorWatt	PkgWatt
34.85	217.16
1.24	121.47
0.35
0.58
0.46
0.64
0.29
0.29
2.16
0.29
2.21
0.26
0.35
0.51
1.21
1.09
0.28
0.27
6.03
0.27
0.30
0.30
3.13
0.28
0.37
0.26
0.25
0.25
1.77
2.40
0.50
0.25
0.27
0.15	95.91
0.14
0.14
0.48
0.17
0.16
0.19
0.16
0.14
0.16
0.13
0.12
0.17
0.16
0.47
0.16
0.15
0.15
0.16
0.16
0.15
0.17
0.16
0.15
0.16
0.18
0.16
0.16
0.17
0.17
0.22
0.15
CorWatt	PkgWatt
31.65	220.74
1.16	120.54
0.25
0.24
1.69
0.22
0.22
0.22
3.33
0.29
0.24
0.20
0.79
1.77
0.63
0.20
0.20
0.24
5.94
0.24
0.23
0.52
0.26
0.29
0.63
2.44
0.30
0.30
0.30
0.22
1.18
0.21
0.66
0.14	100.04
0.13
0.13
0.14
0.14
0.14
0.17
0.15
0.14
0.14
0.13
0.14
0.15
0.15
0.16
1.63
0.13
0.13
0.14
0.15
0.13
0.15
0.14
0.14
0.13
0.14
0.13
0.13
0.14
0.21
0.16
0.14
CorWatt	PkgWatt
31.63	202.50
1.75	111.65
0.29
0.26
1.02
0.29
0.23
0.28
1.08
0.27
0.22
0.19
0.64
0.22
0.21
0.24
2.66
0.24
5.91
0.24
0.23
0.25
0.23
1.73
0.31
2.39
0.30
0.30
0.30
0.22
0.35
0.31
0.40
0.14	90.86
0.14
0.13
0.15
0.63
0.16
0.17
1.35
0.14
0.20
0.14
0.14
0.13
0.13
0.13
0.15
0.15
0.14
0.14
0.18
0.16
0.17
0.16
1.79
0.13
0.13
0.15
0.13
0.14
0.14
0.18
0.15
CorWatt	PkgWatt
32.12	201.89
1.72	104.94
0.26
0.31
0.50
0.54
0.22
0.24
0.62
0.23
0.21
0.20
0.84
0.20
0.20
0.20
2.23
0.24
5.95
0.24
0.24
1.37
0.21
0.21
0.24
2.33
0.30
0.29
0.29
0.28
0.34
0.29
0.53
0.18	96.92
0.18
0.17
0.17
0.22
0.22
1.47
1.88
0.15
0.17
0.16
0.15
0.18
0.16
0.17
0.16
0.20
0.25
0.17
0.17
0.19
0.19
0.19
1.48
0.16
0.16
0.16
0.17
0.18
0.19
0.17
0.26
CorWatt	PkgWatt
32.29	212.78
0.47	112.35
0.22
0.37
0.24
0.23
0.21
0.22
1.30
0.21
0.19
0.19
0.62
0.22
1.01
0.39
0.24
0.24
5.94
0.24
0.23
2.41
0.24
0.23
0.23
2.05
0.27
0.26
0.38
1.59
0.39
0.23
0.33
0.21	100.76
0.19
0.17
0.17
0.20
0.22
0.27
0.82
0.16
0.16
0.16
0.18
0.18
0.19
0.18
1.25
0.18
0.17
0.19
0.21
0.22
0.22
0.22
3.16
0.18
0.17
0.16
0.16
0.17
0.27
0.17
0.18
CorWatt	PkgWatt
26.91	202.28
0.23	104.12
0.20
0.85
0.23
0.22
0.22
0.22
3.26
0.17
0.16
0.16
0.24
0.16
0.29
0.18
0.17
0.24
5.89
0.24
0.23
0.23
0.21
0.21
2.48
0.16
0.16
0.16
0.18
0.35
0.16
0.16
0.17
0.17	97.86
0.17
0.17
0.45
0.20
0.20
0.19
1.39
0.16
0.16
0.16
1.03
0.16
0.15
0.17
0.15
0.18
0.17
0.16
0.17
0.20
0.19
0.19
0.23
0.80
0.18
0.17
0.19
0.17
0.26
0.17
0.18
CorWatt	PkgWatt
27.35	215.11
0.26	113.68
0.19
0.25
0.18
1.06
0.20
0.20
1.21
0.20
0.20
0.22
2.51
0.20
0.20
3.02
0.20
0.24
5.90
0.24
0.24
0.20
0.19
0.18
0.19
0.17
0.16
0.16
0.17
0.17
0.17
0.16
0.16
0.18	101.42
0.28
0.32
0.20
0.18
0.22
0.19
0.18
0.17
0.23
0.20
0.18
0.18
0.18
0.17
0.22
0.20
0.17
0.22
0.19
0.18
0.22
0.17
0.21
2.13
0.23
0.20
0.20
0.18
0.16
0.17
0.23
