CorWatt	PkgWatt
283.90	515.11
4.27	235.90
3.64
4.70
3.51
4.27
3.87
4.23
4.27
3.83
3.92
3.90
3.85
3.71
4.09
4.54
3.98
4.44
3.96
4.61
4.04
3.95
4.28
4.67
3.97
3.96
4.03
3.85
3.50
4.32
4.55
3.69
4.41
3.57	243.72
4.33
3.81
4.27
4.47
4.24
4.22
3.85
3.76
4.45
5.95
4.03
4.83
4.28
4.01
3.82
5.64
4.93
4.15
5.43
4.53
4.84
4.76
5.22
4.86
4.64
3.75
3.66
3.69
4.34
4.50
4.03
CorWatt	PkgWatt
209.77	405.57
3.31	212.89
4.15
4.10
4.56
3.95
2.96
3.16
3.09
2.80
3.13
2.91
2.95
2.60
2.99
2.65
2.97
2.98
2.99
2.85
3.15
3.72
3.32
3.32
3.10
3.10
3.35
3.21
3.70
3.44
3.01
3.29
3.99
3.20	227.28
3.89
3.47
3.37
3.41
3.47
4.44
3.08
4.37
3.81
4.17
4.68
2.82
3.49
3.05
3.11
2.97
4.15
3.99
3.14
3.42
4.57
3.73
5.40
3.58
3.64
3.53
3.29
4.02
3.88
3.93
3.78
CorWatt	PkgWatt
192.08	366.57
2.81	198.15
2.89
2.63
3.03
3.15
2.85
2.78
2.97
2.72
2.52
2.69
3.00
2.93
2.72
3.63
3.14
3.43
2.78
3.07
3.16
3.60
3.06
3.34
2.81
2.85
3.22
3.33
2.81
3.73
2.97
2.86
2.83
2.88	203.10
2.73
2.83
2.80
3.02
3.00
3.47
3.03
3.27
3.80
3.25
3.32
3.87
3.81
3.50
3.09
3.23
2.96
3.66
3.20
2.95
3.34
3.83
3.19
3.17
3.43
3.14
3.83
2.97
3.98
3.25
3.59
