CorWatt	PkgWatt
4.55	152.20
0.08	76.20
0.08
0.08
0.08
0.08
0.08
0.08
0.08
0.07
0.07
0.07
0.07
0.07
0.07
0.07
0.07
0.08
0.08
0.08
0.08
0.09
0.08
0.08
0.08
0.08
0.08
0.08
0.08
0.07
0.07
0.07
0.07
0.07	76.03
0.07
0.07
0.07
0.07
0.07
0.07
0.07
0.06
0.06
0.06
0.06
0.07
0.07
0.06
0.06
0.08
0.07
0.06
0.07
0.08
0.07
0.07
0.07
0.06
0.07
0.06
0.06
0.07
0.07
0.06
0.06
CorWatt	PkgWatt
4.82	152.19
0.08	76.04
0.08
0.08
0.08
0.08
0.08
0.08
0.08
0.07
0.07
0.07
0.07
0.07
0.07
0.06
0.06
0.08
0.08
0.08
0.08
0.09
0.08
0.08
0.08
0.08
0.08
0.08
0.08
0.07
0.07
0.07
0.07
0.08	76.34
0.07
0.07
0.07
0.08
0.09
0.08
0.07
0.07
0.06
0.07
0.07
0.07
0.06
0.07
0.06
0.12
0.08
0.07
0.07
0.09
0.08
0.08
0.12
0.07
0.08
0.07
0.07
0.07
0.07
0.07
0.07
