CorWatt	PkgWatt
15.11	127.43
0.52	127.43
0.46
0.53
0.44
0.49
0.50
0.51
0.50
0.45
0.44
0.49
0.39
0.54
0.56
0.54
0.56
0.47
0.50
0.47
0.48
0.41
0.44
0.42
0.42
0.36
0.36
0.37
0.36
0.56
0.55
0.52
0.52
CorWatt	PkgWatt
14.68	127.10
0.50	127.24
0.45
0.51
0.43
0.50
0.50
0.51
0.49
0.45
0.43
0.39
0.39
0.51
0.53
0.51
0.51
0.45
0.49
0.46
0.52
0.39
0.44
0.39
0.39
0.35
0.35
0.37
0.35
0.54
0.51
0.51
0.54
CorWatt	PkgWatt
62.85	176.43
0.98	176.37
2.05
2.10
2.00
2.01
2.05
2.02
2.01
1.96
1.94
1.92
1.89
2.05
2.08
2.06
2.09
1.98
1.94
1.84
1.85
1.86
1.88
1.72
1.72
1.87
3.42
1.72
1.72
2.09
2.06
2.01
1.94
CorWatt	PkgWatt
48.73	162.74
0.66	162.70
1.55
1.61
1.59
1.62
1.63
1.60
1.56
1.52
1.52
1.55
1.49
1.67
1.61
1.63
1.66
1.54
1.57
1.41
1.43
1.50
1.52
1.35
1.34
1.49
2.18
1.33
1.32
1.65
1.64
1.49
1.50
