CorWatt	PkgWatt
15.08	127.14
0.52	127.14
0.47
0.50
0.45
0.54
0.53
0.52
0.51
0.40
0.45
0.39
0.42
0.54
0.52
0.50
0.53
0.44
0.47
0.54
0.56
0.43
0.40
0.38
0.38
0.37
0.39
0.39
0.37
0.55
0.52
0.57
0.52
CorWatt	PkgWatt
15.01	126.94
0.53	127.12
0.45
0.49
0.49
0.51
0.53
0.53
0.51
0.38
0.49
0.39
0.46
0.50
0.55
0.49
0.54
0.47
0.50
0.52
0.47
0.38
0.40
0.38
0.38
0.35
0.37
0.40
0.38
0.53
0.50
0.58
0.56
CorWatt	PkgWatt
18.45	129.82
0.65	129.67
0.59
0.66
0.64
0.64
0.68
0.68
0.71
0.57
0.58
0.49
0.51
0.65
0.69
0.59
0.70
0.53
0.53
0.64
0.59
0.45
0.47
0.41
0.45
0.40
0.48
0.52
0.48
0.63
0.61
0.63
0.57
CorWatt	PkgWatt
15.50	127.62
0.59	127.55
0.44
0.50
0.49
0.52
0.53
0.53
0.59
0.43
0.44
0.39
0.42
0.52
0.52
0.54
0.60
0.47
0.50
0.53
0.56
0.44
0.43
0.40
0.41
0.38
0.38
0.38
0.38
0.57
0.53
0.56
0.54
