CorWatt	PkgWatt
15.04	127.17
0.50	127.17
0.51
0.50
0.44
0.50
0.54
0.51
0.53
0.40
0.47
0.42
0.39
0.52
0.54
0.51
0.52
0.48
0.58
0.46
0.47
0.42
0.38
0.38
0.42
0.38
0.37
0.42
0.37
0.55
0.53
0.52
0.51
CorWatt	PkgWatt
14.98	126.95
0.49	126.94
0.52
0.48
0.45
0.52
0.56
0.51
0.49
0.42
0.47
0.45
0.40
0.51
0.51
0.52
0.51
0.48
0.53
0.47
0.46
0.43
0.40
0.41
0.39
0.38
0.38
0.37
0.37
0.56
0.51
0.52
0.53
CorWatt	PkgWatt
20.45	131.52
0.65	131.57
0.74
0.76
0.61
0.76
0.68
0.67
0.66
0.59
0.64
0.66
0.57
0.63
0.58
0.58
0.69
0.63
0.63
0.60
0.65
0.50
0.47
0.55
0.52
0.69
0.57
0.63
0.61
0.80
0.71
0.73
0.71
CorWatt	PkgWatt
15.65	127.60
0.53	127.58
0.57
0.52
0.54
0.52
0.51
0.60
0.51
0.40
0.53
0.42
0.43
0.54
0.55
0.54
0.54
0.46
0.55
0.48
0.48
0.38
0.40
0.43
0.38
0.49
0.45
0.41
0.41
0.53
0.52
0.50
0.52
CorWatt	PkgWatt
15.60	127.55
0.55	127.54
0.57
0.56
0.50
0.55
0.53
0.54
0.56
0.39
0.51
0.43
0.37
0.53
0.55
0.53
0.55
0.48
0.54
0.47
0.51
0.42
0.40
0.40
0.43
0.43
0.37
0.43
0.39
0.58
0.50
0.50
0.50
CorWatt	PkgWatt
16.70	128.20
0.57	128.22
0.58
0.56
0.54
0.58
0.58
0.60
0.61
0.45
0.55
0.46
0.43
0.58
0.57
0.55
0.60
0.55
0.55
0.49
0.54
0.46
0.46
0.48
0.45
0.47
0.44
0.42
0.39
0.54
0.53
0.56
0.57
CorWatt	PkgWatt
15.89	127.64
0.53	127.61
0.57
0.50
0.49
0.53
0.50
0.50
0.55
0.42
0.51
0.44
0.48
0.56
0.53
0.54
0.56
0.54
0.60
0.53
0.51
0.46
0.45
0.41
0.45
0.45
0.39
0.39
0.36
0.54
0.51
0.55
0.54
CorWatt	PkgWatt
15.39	127.12
0.51	127.12
0.56
0.50
0.48
0.52
0.51
0.48
0.47
0.44
0.47
0.50
0.43
0.55
0.56
0.54
0.56
0.50
0.49
0.45
0.50
0.41
0.42
0.40
0.41
0.44
0.37
0.37
0.37
0.58
0.54
0.54
0.54
CorWatt	PkgWatt
15.39	127.29
0.56	127.29
0.58
0.50
0.45
0.52
0.54
0.56
0.60
0.37
0.48
0.41
0.38
0.55
0.53
0.54
0.55
0.51
0.50
0.44
0.49
0.40
0.38
0.38
0.41
0.41
0.40
0.40
0.38
0.54
0.55
0.53
0.51
CorWatt	PkgWatt
15.65	127.38
0.52	127.38
0.57
0.48
0.44
0.52
0.52
0.56
0.52
0.42
0.48
0.41
0.38
0.54
0.55
0.54
0.58
0.54
0.55
0.45
0.50
0.38
0.40
0.43
0.44
0.48
0.44
0.40
0.36
0.57
0.56
0.55
0.54
CorWatt	PkgWatt
15.29	127.25
0.51	127.25
0.49
0.51
0.45
0.51
0.51
0.52
0.54
0.44
0.49
0.43
0.43
0.62
0.55
0.55
0.52
0.51
0.53
0.44
0.47
0.40
0.38
0.38
0.41
0.38
0.40
0.37
0.36
0.57
0.56
0.53
0.53
CorWatt	PkgWatt
15.34	127.15
0.51	127.15
0.50
0.55
0.52
0.56
0.52
0.53
0.58
0.38
0.49
0.42
0.39
0.50
0.51
0.51
0.53
0.50
0.52
0.49
0.49
0.42
0.41
0.43
0.44
0.49
0.36
0.35
0.35
0.55
0.51
0.52
0.50
CorWatt	PkgWatt
19.36	130.46
0.64	130.50
0.63
0.64
0.60
0.59
0.59
0.63
0.61
0.54
0.60
0.57
0.54
0.60
0.58
0.54
0.60
0.67
0.66
0.60
0.75
0.64
0.63
0.54
0.60
0.55
0.56
0.52
0.44
0.64
0.68
0.66
0.73
