CorWatt	PkgWatt
15.02	126.92
0.52	126.92
0.48
0.49
0.51
0.53
0.53
0.51
0.56
0.40
0.44
0.39
0.45
0.51
0.52
0.52
0.52
0.46
0.46
0.44
0.47
0.40
0.39
0.39
0.40
0.37
0.45
0.44
0.41
0.52
0.51
0.52
0.51
CorWatt	PkgWatt
14.83	126.65
0.50	126.78
0.45
0.54
0.46
0.52
0.55
0.51
0.55
0.42
0.44
0.40
0.44
0.50
0.53
0.49
0.51
0.45
0.47
0.45
0.47
0.38
0.38
0.38
0.38
0.36
0.37
0.46
0.41
0.52
0.51
0.53
0.50
CorWatt	PkgWatt
20.50	131.64
0.65	131.55
0.63
0.72
0.61
0.71
0.79
0.86
0.71
0.56
0.60
0.59
0.70
0.61
0.74
0.68
0.63
0.62
0.59
0.51
0.57
0.51
0.48
0.46
0.49
0.71
0.60
0.66
0.59
0.70
0.71
0.82
0.71
CorWatt	PkgWatt
15.71	127.45
0.52	127.44
0.47
0.50
0.54
0.50
0.50
0.48
0.57
0.40
0.46
0.39
0.45
0.51
0.56
0.51
0.55
0.50
0.49
0.48
0.49
0.43
0.41
0.46
0.41
0.41
0.43
0.48
0.41
0.60
0.58
0.60
0.62
CorWatt	PkgWatt
15.94	127.49
0.50	127.48
0.44
0.49
0.50
0.56
0.59
0.55
0.60
0.43
0.46
0.38
0.45
0.54
0.56
0.54
0.53
0.57
0.53
0.50
0.49
0.44
0.46
0.45
0.43
0.43
0.41
0.45
0.41
0.55
0.55
0.58
0.54
CorWatt	PkgWatt
16.89	128.33
0.50	128.37
0.48
0.55
0.55
0.60
0.61
0.56
0.60
0.46
0.50
0.43
0.50
0.59
0.59
0.54
0.56
0.56
0.58
0.55
0.55
0.54
0.48
0.46
0.49
0.44
0.41
0.50
0.46
0.54
0.55
0.64
0.53
CorWatt	PkgWatt
15.56	127.42
0.50	127.38
0.44
0.51
0.52
0.53
0.53
0.56
0.54
0.43
0.48
0.39
0.44
0.55
0.55
0.52
0.52
0.50
0.47
0.50
0.53
0.46
0.42
0.44
0.51
0.40
0.38
0.47
0.37
0.52
0.51
0.56
0.53
CorWatt	PkgWatt
15.50	127.27
0.54	127.27
0.48
0.54
0.56
0.59
0.55
0.53
0.52
0.42
0.48
0.40
0.49
0.54
0.54
0.56
0.53
0.44
0.50
0.45
0.48
0.41
0.41
0.39
0.44
0.37
0.37
0.46
0.41
0.53
0.50
0.56
0.53
CorWatt	PkgWatt
15.22	127.15
0.52	127.15
0.47
0.55
0.56
0.50
0.54
0.55
0.52
0.43
0.49
0.40
0.45
0.50
0.54
0.52
0.54
0.45
0.50
0.44
0.45
0.41
0.41
0.41
0.43
0.40
0.35
0.43
0.38
0.50
0.54
0.54
0.50
CorWatt	PkgWatt
15.41	127.31
0.50	127.31
0.44
0.48
0.50
0.53
0.53
0.48
0.53
0.42
0.47
0.49
0.47
0.55
0.58
0.56
0.56
0.48
0.52
0.48
0.48
0.44
0.39
0.41
0.38
0.42
0.36
0.46
0.41
0.50
0.56
0.55
0.50
CorWatt	PkgWatt
15.39	127.42
0.50	127.41
0.43
0.50
0.48
0.52
0.49
0.51
0.50
0.41
0.48
0.39
0.44
0.56
0.53
0.53
0.56
0.48
0.49
0.48
0.56
0.46
0.45
0.44
0.43
0.42
0.39
0.44
0.39
0.51
0.51
0.57
0.56
CorWatt	PkgWatt
15.34	127.32
0.52	127.33
0.44
0.51
0.44
0.49
0.49
0.51
0.54
0.41
0.48
0.38
0.41
0.53
0.54
0.53
0.55
0.50
0.51
0.50
0.53
0.44
0.42
0.53
0.43
0.39
0.36
0.44
0.40
0.55
0.54
0.55
0.52
CorWatt	PkgWatt
19.19	130.73
0.61	130.75
0.55
0.62
0.56
0.66
0.74
0.65
0.64
0.65
0.56
0.58
0.69
0.67
0.62
0.58
0.65
0.60
0.69
0.61
0.62
0.60
0.60
0.52
0.59
0.45
0.42
0.46
0.50
0.60
0.59
0.66
0.62
