CorWatt	PkgWatt
158.07	374.05
2.46	185.08
2.52
2.47
2.46
2.50
2.45
2.48
2.49
2.40
2.43
2.36
2.39
2.40
2.40
2.39
2.42
2.47
2.47
2.49
2.48
2.49
2.53
2.49
2.48
2.47
2.48
2.47
2.45
2.43
2.46
2.45
2.43
2.46	184.42
2.47
2.42
2.48
2.41
2.45
2.46
2.43
2.41
2.40
2.42
2.37
2.40
2.46
2.41
2.39
2.39
2.38
2.37
2.41
2.43
2.44
2.47
2.47
2.39
2.41
2.40
2.41
2.44
2.40
2.43
2.42
CorWatt	PkgWatt
156.14	366.48
2.49	186.18
2.50
2.50
2.48
2.48
2.48
2.52
2.49
2.43
2.45
2.38
2.47
2.43
2.42
2.45
2.44
2.52
2.50
2.53
2.49
2.51
2.56
2.53
2.53
2.49
2.50
2.50
2.47
2.50
2.47
2.68
2.52
2.50	185.30
2.50
2.45
2.48
2.42
2.49
2.46
2.48
2.39
2.39
2.45
2.40
2.44
2.45
2.43
2.39
2.41
2.43
2.41
2.43
2.47
2.45
2.48
2.46
2.42
2.43
2.43
2.43
2.43
2.45
2.46
2.45
CorWatt	PkgWatt
154.86	362.24
2.46	185.78
2.49
2.49
2.44
2.50
2.48
2.49
2.49
2.39
2.43
2.40
2.45
2.42
2.44
2.41
2.41
2.47
2.47
2.50
2.51
2.51
2.52
2.62
2.52
2.49
2.48
2.48
2.49
2.43
2.46
2.44
2.49
2.46	184.87
2.44
2.48
2.45
2.46
2.46
2.48
2.45
2.44
2.44
2.42
2.42
2.41
2.44
2.43
2.44
2.40
2.41
2.41
2.44
2.47
2.49
2.44
2.47
2.43
2.41
2.42
2.40
2.44
2.42
2.43
2.42
CorWatt	PkgWatt
157.74	375.10
2.48	184.66
2.47
2.47
2.45
2.47
2.45
2.48
2.46
2.38
2.41
2.38
2.42
2.42
2.38
2.41
2.40
2.48
2.48
2.49
2.48
2.52
2.53
2.53
2.48
2.49
2.50
2.44
2.44
2.39
2.42
2.44
2.44
2.43	184.62
2.46
2.45
2.45
2.44
2.47
2.49
2.46
2.41
2.41
2.42
2.41
2.41
2.43
2.41
2.40
2.38
2.41
2.39
2.40
2.46
2.45
2.42
2.45
2.40
2.40
2.41
2.41
2.41
2.46
2.43
2.43
CorWatt	PkgWatt
154.38	365.64
2.48	184.67
2.49
2.48
2.45
2.45
2.39
2.47
2.49
2.39
2.41
2.36
2.42
2.39
2.40
2.40
2.41
2.47
2.46
2.50
2.48
2.52
2.54
2.50
2.49
2.44
2.45
2.43
2.46
2.38
2.40
2.44
2.44
2.45	184.13
2.45
2.43
2.44
2.47
2.44
2.45
2.44
2.40
2.40
2.40
2.41
2.41
2.41
2.40
2.40
2.39
2.40
2.38
2.38
2.45
2.47
2.45
2.46
2.39
2.40
2.39
2.41
2.43
2.43
2.40
2.41
CorWatt	PkgWatt
157.07	374.00
2.47	185.00
2.47
2.50
2.49
2.48
2.47
2.50
2.47
2.40
2.40
2.37
2.44
2.40
2.41
2.40
2.41
2.46
2.48
2.51
2.49
2.48
2.49
2.50
2.46
2.47
2.46
2.44
2.48
2.40
2.44
2.43
2.46
2.42	184.87
2.44
2.44
2.42
2.44
2.46
2.45
2.43
2.33
2.37
2.40
2.38
2.41
2.43
2.38
2.39
2.39
2.38
2.40
2.41
2.46
2.44
2.44
2.44
2.38
2.41
2.42
2.39
2.42
2.41
2.41
2.39
CorWatt	PkgWatt
154.63	365.86
2.49	185.46
2.50
2.47
2.45
2.51
2.48
2.46
2.47
2.39
2.37
2.36
2.42
2.42
2.39
2.39
2.42
2.45
2.49
2.50
2.47
2.53
2.48
2.49
2.51
2.47
2.43
2.43
2.46
2.39
2.42
2.43
2.43
2.42	184.56
2.44
2.45
2.41
2.47
2.47
2.43
2.44
2.36
2.41
2.41
2.37
2.40
2.44
2.42
2.40
2.38
2.39
2.40
2.41
2.46
2.45
2.47
2.46
2.38
2.41
2.41
2.40
2.42
2.47
2.39
2.40
CorWatt	PkgWatt
157.15	376.10
2.45	186.54
2.50
2.48
2.45
2.48
2.45
2.48
2.46
2.40
2.41
2.37
2.41
2.40
2.42
2.39
2.42
2.46
2.49
2.50
2.49
2.53
2.52
2.52
2.49
2.48
2.48
2.44
2.45
2.39
2.44
2.45
2.42
2.43	186.44
2.47
2.47
2.42
2.42
2.48
2.44
2.43
2.37
2.41
2.42
2.38
2.40
2.42
2.40
2.42
2.41
2.39
2.44
2.39
2.47
2.43
2.47
2.46
2.37
2.41
2.40
2.41
2.44
2.44
2.41
2.43
CorWatt	PkgWatt
155.20	372.46
2.46	187.66
2.47
2.50
2.46
2.48
2.46
2.47
2.45
2.41
2.41
2.39
2.43
2.40
2.41
2.38
2.43
2.46
2.48
2.52
2.49
2.53
2.52
2.55
2.52
2.45
2.49
2.45
2.47
2.40
2.45
2.48
2.41
2.43	187.66
2.45
2.44
2.44
2.45
2.45
2.45
2.42
2.39
2.40
2.41
2.39
2.42
2.42
2.41
2.42
2.39
2.40
2.39
2.38
2.49
2.44
2.46
2.41
2.40
2.42
2.40
2.42
2.44
2.46
2.42
2.41
CorWatt	PkgWatt
156.59	375.34
2.49	187.85
2.53
2.54
2.47
2.49
2.45
2.46
2.45
2.38
2.43
2.38
2.42
2.41
2.44
2.38
2.41
2.45
2.47
2.50
2.47
2.51
2.51
2.50
2.47
2.45
2.47
2.46
2.48
2.43
2.45
2.43
2.43
2.44	187.12
2.46
2.47
2.45
2.47
2.46
2.47
2.44
2.38
2.41
2.41
2.41
2.45
2.42
2.41
2.41
2.39
2.42
2.37
2.40
2.47
2.46
2.43
2.48
2.43
2.41
2.43
2.43
2.41
2.45
2.40
2.43
CorWatt	PkgWatt
156.66	376.97
2.49	187.15
2.50
2.48
2.42
2.49
2.44
2.50
2.44
2.41
2.40
2.35
2.42
2.38
2.42
2.41
2.44
2.48
2.47
2.49
2.49
2.53
2.53
2.49
2.50
2.46
2.48
2.46
2.49
2.43
2.46
2.45
2.48
2.43	186.83
2.44
2.47
2.46
2.45
2.46
2.46
2.41
2.40
2.44
2.37
2.41
2.40
2.42
2.36
2.40
2.38
2.42
2.38
2.40
2.46
2.44
2.46
2.43
2.40
2.38
2.39
2.41
2.41
2.46
2.41
2.41
CorWatt	PkgWatt
166.35	406.85
2.47	186.71
2.49
2.49
2.45
2.47
2.45
2.51
2.47
2.40
2.42
2.37
2.41
2.42
2.43
2.42
2.41
2.46
2.48
2.53
2.49
2.53
2.50
2.51
2.51
2.46
2.48
2.45
2.47
2.41
2.48
2.59
2.48
2.44	185.74
2.42
2.43
2.44
2.46
2.44
2.46
2.46
2.42
2.41
2.37
2.42
2.39
2.42
2.38
2.41
2.38
2.40
2.42
2.38
2.45
2.43
2.49
2.45
2.40
2.40
2.38
2.44
2.41
2.40
2.41
2.44
