CorWatt	PkgWatt
15.29	127.30
0.58	127.32
0.50
0.51
0.47
0.51
0.52
0.50
0.64
0.43
0.45
0.42
0.44
0.53
0.55
0.53
0.53
0.49
0.49
0.50
0.47
0.44
0.42
0.40
0.39
0.36
0.38
0.37
0.37
0.53
0.51
0.53
0.52
CorWatt	PkgWatt
14.87	126.39
0.55	127.01
0.50
0.46
0.45
0.49
0.54
0.54
0.51
0.42
0.45
0.38
0.43
0.52
0.55
0.51
0.54
0.47
0.48
0.49
0.47
0.45
0.39
0.39
0.40
0.35
0.36
0.36
0.37
0.52
0.52
0.53
0.52
CorWatt	PkgWatt
21.51	133.77
0.79	133.14
0.69
0.73
0.72
0.62
0.71
0.65
0.62
0.58
0.54
0.48
0.52
0.69
0.67
0.67
0.71
0.54
0.55
0.53
0.68
0.53
0.50
0.58
0.56
0.45
2.50
0.48
0.56
0.62
0.65
0.70
0.65
CorWatt	PkgWatt
16.32	127.96
0.61	127.94
0.50
0.51
0.56
0.49
0.49
0.53
0.49
0.40
0.44
0.37
0.38
0.50
0.50
0.49
0.51
0.48
0.47
0.47
0.50
0.41
0.38
0.41
0.39
0.35
0.46
0.35
0.36
0.75
0.74
1.19
0.86
CorWatt	PkgWatt
16.26	128.17
0.57	128.16
0.45
0.46
0.51
0.49
0.50
0.53
0.49
0.39
0.44
0.38
0.39
0.52
0.52
0.50
0.52
0.47
0.46
0.46
0.48
0.43
0.40
0.41
0.38
0.36
0.46
0.36
0.37
0.76
0.75
1.29
0.76
CorWatt	PkgWatt
16.05	127.89
0.57	127.89
0.45
0.45
0.46
0.48
0.48
0.49
0.48
0.40
0.44
0.38
0.40
0.53
0.50
0.51
0.51
0.47
0.45
0.45
0.46
0.42
0.40
0.40
0.38
0.35
0.45
0.36
0.36
0.76
0.73
1.29
0.78
CorWatt	PkgWatt
16.93	128.51
0.55	128.54
0.49
0.52
0.48
0.51
0.48
0.50
0.48
0.41
0.42
0.44
0.37
0.58
0.59
0.56
0.58
0.53
0.47
0.45
0.49
0.42
0.39
0.41
0.38
0.42
0.50
0.38
0.40
0.81
0.77
0.97
1.19
CorWatt	PkgWatt
16.29	128.14
0.51	128.11
0.44
0.51
0.43
0.48
0.49
0.48
0.48
0.40
0.44
0.40
0.42
0.51
0.50
0.49
0.51
0.47
0.45
0.45
0.46
0.43
0.40
0.41
0.38
0.43
0.46
0.36
0.36
0.73
0.71
0.86
1.42
CorWatt	PkgWatt
17.41	129.96
0.52	129.95
0.44
0.49
0.44
0.49
0.49
0.49
0.48
0.40
0.42
0.37
0.39
0.51
0.51
0.50
0.51
0.49
0.48
0.47
0.46
0.41
0.40
0.38
0.38
0.36
0.46
0.36
0.36
0.52
0.54
0.54
3.33
CorWatt	PkgWatt
17.22	129.94
0.54	129.95
0.45
0.49
0.46
0.48
0.48
0.49
0.49
0.36
0.42
0.37
0.38
0.52
0.50
0.50
0.50
0.47
0.45
0.45
0.45
0.41
0.38
0.39
0.38
0.35
0.46
0.36
0.35
0.52
0.50
0.53
3.33
CorWatt	PkgWatt
17.63	130.05
0.53	130.05
0.43
0.53
0.46
0.60
0.51
0.50
0.50
0.38
0.44
0.37
0.39
0.51
0.51
0.51
0.51
0.47
0.47
0.47
0.47
0.43
0.40
0.41
0.41
0.92
0.49
0.38
0.38
0.52
0.53
0.53
2.68
CorWatt	PkgWatt
17.07	129.72
0.52	129.72
0.42
0.44
0.47
0.48
0.48
0.49
0.48
0.38
0.42
0.37
0.38
0.51
0.50
0.48
0.50
0.46
0.46
0.45
0.45
0.41
0.38
0.39
0.38
3.14
0.46
0.36
0.36
0.52
0.50
0.52
0.50
CorWatt	PkgWatt
17.39	129.88
0.54	129.88
0.45
0.46
0.49
0.49
0.50
0.49
0.48
0.41
0.44
0.38
0.39
0.51
0.51
0.49
0.51
0.47
0.46
0.45
0.46
0.42
0.41
0.38
0.38
3.14
0.49
0.37
0.36
0.52
0.50
0.52
0.51
CorWatt	PkgWatt
17.12	129.69
0.52	129.69
0.43
0.49
0.43
0.48
0.48
0.48
0.47
0.37
0.43
0.37
0.39
0.51
0.50
0.48
0.50
0.46
0.45
0.45
0.45
0.41
0.39
0.39
0.38
3.15
0.48
0.36
0.36
0.51
0.52
0.52
0.50
CorWatt	PkgWatt
17.37	129.89
0.53	129.89
0.43
0.48
0.43
0.51
0.49
0.51
0.51
0.37
0.42
0.38
0.37
0.53
0.52
0.52
0.50
0.48
0.45
0.45
0.46
0.44
0.42
0.40
0.39
3.14
0.47
0.36
0.36
0.51
0.50
0.52
0.50
CorWatt	PkgWatt
17.20	129.77
0.53	129.77
0.42
0.48
0.46
0.48
0.48
0.48
0.50
0.38
0.43
0.37
0.38
0.52
0.50
0.50
0.51
0.46
0.47
0.45
0.45
0.42
0.38
0.39
0.39
3.14
0.45
0.36
0.36
0.51
0.50
0.52
0.49
CorWatt	PkgWatt
17.46	130.00
0.53	130.00
0.43
0.49
0.45
0.50
0.49
0.48
0.48
0.38
0.43
0.42
0.38
0.52
0.52
0.49
0.51
0.46
0.47
0.48
0.46
0.43
0.40
0.40
0.38
3.14
0.49
0.39
0.40
0.53
0.50
0.52
0.51
CorWatt	PkgWatt
17.25	129.73
0.54	129.73
0.43
0.49
0.43
0.48
0.49
0.48
0.47
0.39
0.43
0.37
0.38
0.52
0.50
0.48
0.51
0.45
0.45
0.45
0.46
0.41
0.39
0.39
0.38
3.15
0.47
0.40
0.38
0.55
0.52
0.52
0.50
CorWatt	PkgWatt
17.24	129.83
0.55	129.82
0.42
0.48
0.44
0.51
0.50
0.51
0.47
0.38
0.42
0.36
0.37
0.52
0.51
0.50
0.50
0.45
0.47
0.45
0.47
0.42
0.39
0.38
0.38
3.15
0.47
0.37
0.36
0.51
0.50
0.53
0.50
CorWatt	PkgWatt
17.24	129.72
0.53	129.72
0.43
0.47
0.43
0.48
0.48
0.48
0.48
0.37
0.43
0.36
0.38
0.52
0.50
0.52
0.50
0.46
0.45
0.45
0.45
0.41
0.41
0.41
0.39
3.10
0.50
0.37
0.37
0.51
0.53
0.53
0.52
CorWatt	PkgWatt
17.98	129.61
0.57	129.60
0.52
0.55
0.54
0.57
0.55
0.55
0.55
0.46
0.70
0.44
0.46
1.41
0.74
0.72
0.72
0.52
0.50
0.51
0.50
0.48
0.44
0.45
0.44
0.45
0.48
0.43
0.43
0.59
0.56
0.59
0.58
CorWatt	PkgWatt
16.52	128.34
0.55	128.35
0.46
0.47
0.44
0.48
0.49
0.48
0.47
0.41
0.53
0.37
0.39
1.54
0.88
0.85
0.86
0.44
0.47
0.45
0.46
0.41
0.38
0.40
0.38
0.36
0.36
0.37
0.36
0.52
0.49
0.50
0.49
CorWatt	PkgWatt
16.56	128.17
0.54	128.16
0.44
0.45
0.44
0.49
0.49
0.49
0.49
0.40
0.54
0.37
0.38
1.53
0.88
0.85
0.86
0.46
0.48
0.45
0.48
0.41
0.38
0.38
0.38
0.39
0.38
0.35
0.37
0.51
0.50
0.50
0.50
CorWatt	PkgWatt
16.34	128.15
0.53	128.16
0.43
0.44
0.44
0.48
0.49
0.48
0.47
0.39
0.53
0.38
0.40
1.53
0.89
0.85
0.86
0.44
0.47
0.45
0.46
0.41
0.38
0.38
0.38
0.35
0.35
0.35
0.36
0.51
0.49
0.50
0.49
CorWatt	PkgWatt
16.64	128.41
0.52	128.41
0.45
0.45
0.44
0.50
0.49
0.48
0.47
0.42
0.53
0.37
0.39
1.43
1.01
0.87
0.86
0.45
0.46
0.46
0.46
0.42
0.40
0.39
0.38
0.40
0.37
0.36
0.39
0.51
0.50
0.50
0.50
CorWatt	PkgWatt
16.51	128.15
0.54	128.14
0.43
0.45
0.44
0.48
0.48
0.50
0.47
0.39
0.53
0.39
0.39
1.52
0.87
0.87
0.86
0.45
0.47
0.45
0.47
0.41
0.38
0.39
0.38
0.38
0.37
0.36
0.37
0.51
0.51
0.51
0.51
CorWatt	PkgWatt
17.97	129.25
0.53	129.25
0.43
0.45
0.45
0.49
0.49
0.49
0.47
0.41
0.53
0.42
0.38
1.08
2.18
1.06
1.07
0.46
0.46
0.44
0.45
0.44
0.38
0.41
0.40
0.38
0.39
0.37
0.37
0.52
0.53
0.53
0.50
CorWatt	PkgWatt
19.53	130.69
0.54	130.68
0.43
0.44
0.44
0.49
0.51
0.49
0.50
0.41
0.52
0.37
0.38
3.15
1.37
1.35
1.37
0.45
0.45
0.44
0.45
0.41
0.39
0.38
0.38
0.36
0.35
0.36
0.36
0.51
0.49
0.50
0.49
CorWatt	PkgWatt
19.70	131.02
0.54	131.02
0.44
0.46
0.45
0.49
0.49
0.48
0.48
0.44
0.53
0.41
0.39
2.78
1.37
1.71
1.37
0.46
0.46
0.45
0.46
0.41
0.39
0.39
0.38
0.36
0.36
0.36
0.36
0.52
0.51
0.51
0.51
CorWatt	PkgWatt
19.55	130.85
0.55	130.85
0.45
0.44
0.44
0.48
0.48
0.48
0.47
0.39
0.55
0.40
0.41
3.13
1.37
1.35
1.37
0.45
0.45
0.44
0.45
0.43
0.39
0.39
0.38
0.35
0.35
0.36
0.35
0.51
0.50
0.50
0.49
CorWatt	PkgWatt
19.58	130.73
0.56	130.73
0.43
0.45
0.45
0.49
0.48
0.48
0.47
0.40
0.54
0.38
0.38
3.15
1.37
1.35
1.37
0.45
0.45
0.44
0.45
0.42
0.38
0.38
0.38
0.40
0.36
0.36
0.36
0.51
0.50
0.50
0.51
CorWatt	PkgWatt
19.73	130.99
0.57	130.99
0.45
0.48
0.47
0.48
0.49
0.49
0.47
0.40
0.53
0.38
0.40
3.15
1.37
1.36
1.37
0.45
0.47
0.45
0.46
0.41
0.38
0.40
0.38
0.38
0.36
0.36
0.36
0.51
0.50
0.50
0.51
CorWatt	PkgWatt
19.92	131.19
0.55	131.19
0.44
0.47
0.46
0.49
0.51
0.49
0.47
0.44
0.55
0.40
0.41
1.53
1.37
2.97
1.37
0.46
0.48
0.45
0.46
0.43
0.39
0.39
0.38
0.36
0.39
0.40
0.37
0.52
0.50
0.51
0.53
CorWatt	PkgWatt
19.56	130.79
0.55	130.78
0.43
0.47
0.45
0.48
0.48
0.48
0.47
0.39
0.52
0.37
0.39
1.37
1.37
3.12
1.37
0.45
0.46
0.45
0.49
0.42
0.39
0.40
0.38
0.37
0.35
0.36
0.35
0.51
0.49
0.50
0.49
CorWatt	PkgWatt
19.48	130.74
0.53	130.74
0.43
0.44
0.44
0.49
0.48
0.48
0.47
0.39
0.53
0.37
0.38
1.37
1.37
3.12
1.37
0.46
0.46
0.44
0.45
0.42
0.40
0.39
0.38
0.35
0.36
0.36
0.36
0.51
0.49
0.50
0.50
CorWatt	PkgWatt
19.51	130.83
0.54	130.84
0.42
0.44
0.43
0.48
0.48
0.48
0.47
0.40
0.53
0.39
0.40
2.53
1.36
1.95
1.36
0.46
0.45
0.45
0.45
0.42
0.38
0.39
0.38
0.35
0.36
0.36
0.36
0.52
0.51
0.50
0.50
CorWatt	PkgWatt
20.02	131.13
0.56	131.14
0.45
0.44
0.46
0.51
0.49
0.50
0.48
0.40
0.52
0.44
0.39
2.74
1.37
1.76
1.37
0.47
0.46
0.45
0.46
0.42
0.39
0.39
0.39
0.40
0.40
0.38
0.37
0.58
0.53
0.55
0.51
CorWatt	PkgWatt
19.28	130.94
0.60	130.92
0.49
0.52
0.49
0.52
0.52
0.53
0.51
0.47
0.59
0.44
0.44
2.03
1.06
1.05
1.02
0.84
0.51
0.49
0.50
0.48
0.45
0.48
0.45
0.45
0.41
0.41
0.42
0.55
0.52
0.53
0.53
CorWatt	PkgWatt
16.30	128.09
0.54	128.11
0.43
0.47
0.48
0.50
0.50
0.50
0.48
0.41
0.44
0.38
0.40
0.52
0.54
0.57
0.52
0.71
0.52
0.48
0.47
0.62
1.06
0.59
0.61
0.36
0.37
0.37
0.37
0.54
0.51
0.51
0.50
CorWatt	PkgWatt
15.78	127.71
0.53	127.71
0.44
0.45
0.49
0.48
0.51
0.49
0.49
0.37
0.43
0.37
0.37
0.51
0.51
0.56
0.50
0.56
0.48
0.45
0.46
0.65
1.03
0.62
0.64
0.35
0.35
0.35
0.35
0.51
0.49
0.50
0.50
CorWatt	PkgWatt
16.16	128.23
0.50	128.23
0.44
0.48
0.50
0.50
0.52
0.50
0.49
0.38
0.44
0.38
0.39
0.50
0.53
0.56
0.52
0.55
0.48
0.46
0.47
0.65
1.02
0.65
0.65
0.37
0.37
0.38
0.38
0.52
0.52
0.52
0.51
CorWatt	PkgWatt
15.98	128.00
0.51	128.00
0.43
0.46
0.49
0.49
0.49
0.49
0.48
0.38
0.44
0.38
0.38
0.52
0.52
0.56
0.51
0.56
0.49
0.47
0.46
0.65
0.68
0.98
0.65
0.38
0.37
0.36
0.36
0.52
0.50
0.51
0.50
CorWatt	PkgWatt
15.90	128.06
0.53	128.06
0.44
0.45
0.48
0.49
0.49
0.49
0.47
0.38
0.45
0.39
0.40
0.50
0.52
0.52
0.51
0.56
0.48
0.47
0.46
0.64
1.15
0.61
0.63
0.35
0.35
0.36
0.36
0.51
0.48
0.50
0.50
CorWatt	PkgWatt
18.28	133.02
0.54	133.02
0.43
0.44
0.44
0.48
0.49
0.49
0.48
0.41
0.42
0.38
0.37
0.51
0.51
0.49
0.50
0.54
0.49
0.46
0.46
0.41
4.31
0.40
0.41
0.40
0.35
0.35
0.35
0.51
0.49
0.50
0.49
CorWatt	PkgWatt
18.65	133.53
0.53	133.53
0.43
0.45
0.45
0.51
0.49
0.52
0.51
0.39
0.43
0.40
0.38
0.50
0.53
0.52
0.51
0.55
0.51
0.48
0.47
0.45
4.30
0.42
0.43
0.36
0.37
0.36
0.36
0.53
0.49
0.50
0.50
CorWatt	PkgWatt
18.39	133.16
0.54	133.16
0.43
0.44
0.47
0.48
0.49
0.48
0.50
0.37
0.43
0.38
0.38
0.50
0.52
0.52
0.51
0.56
0.47
0.47
0.46
0.44
4.31
0.40
0.44
0.35
0.35
0.35
0.35
0.51
0.49
0.50
0.49
CorWatt	PkgWatt
18.43	133.17
0.54	133.18
0.43
0.44
0.46
0.49
0.49
0.48
0.48
0.37
0.42
0.42
0.37
0.50
0.54
0.51
0.50
0.55
0.46
0.48
0.46
0.44
4.30
0.41
0.41
0.35
0.37
0.35
0.35
0.52
0.53
0.50
0.50
CorWatt	PkgWatt
18.33	133.10
0.54	133.09
0.43
0.44
0.44
0.48
0.50
0.48
0.47
0.37
0.42
0.37
0.37
0.51
0.52
0.50
0.50
0.55
0.46
0.47
0.47
0.42
4.31
0.40
0.42
0.35
0.36
0.38
0.37
0.52
0.51
0.50
0.50
CorWatt	PkgWatt
18.58	133.41
0.54	133.41
0.43
0.45
0.45
0.51
0.51
0.51
0.48
0.40
0.42
0.37
0.38
0.51
0.54
0.50
0.51
0.55
0.49
0.47
0.49
0.43
4.31
0.40
0.42
0.38
0.37
0.37
0.36
0.52
0.50
0.51
0.50
CorWatt	PkgWatt
18.48	133.14
0.53	133.14
0.43
0.44
0.43
0.49
0.50
0.48
0.47
0.39
0.42
0.37
0.38
0.50
0.52
0.51
0.50
0.56
0.46
0.48
0.48
0.43
4.31
0.42
0.42
0.41
0.37
0.37
0.38
0.52
0.49
0.52
0.52
CorWatt	PkgWatt
18.25	133.05
0.54	133.04
0.43
0.44
0.44
0.49
0.49
0.48
0.47
0.38
0.42
0.37
0.38
0.50
0.53
0.50
0.50
0.54
0.46
0.46
0.47
0.42
4.31
0.39
0.41
0.35
0.35
0.35
0.35
0.52
0.50
0.50
0.51
CorWatt	PkgWatt
18.51	133.47
0.56	133.47
0.45
0.47
0.47
0.48
0.49
0.49
0.48
0.38
0.43
0.37
0.37
0.50
0.52
0.50
0.50
0.55
0.46
0.47
0.48
0.42
4.31
0.42
0.42
0.41
0.36
0.37
0.35
0.52
0.52
0.50
0.50
CorWatt	PkgWatt
18.68	133.33
0.53	133.34
0.45
0.46
0.45
0.51
0.50
0.50
0.50
0.38
0.43
0.37
0.38
0.50
0.53
0.51
0.51
0.56
0.50
0.48
0.50
0.44
4.31
0.40
0.42
0.37
0.39
0.36
0.36
0.53
0.54
0.50
0.50
CorWatt	PkgWatt
18.32	133.07
0.54	133.07
0.43
0.44
0.44
0.49
0.49
0.49
0.48
0.39
0.42
0.37
0.38
0.50
0.52
0.50
0.50
0.55
0.46
0.47
0.48
0.43
4.31
0.40
0.41
0.35
0.35
0.35
0.36
0.52
0.50
0.50
0.49
CorWatt	PkgWatt
19.16	133.74
0.56	133.75
0.46
0.47
0.46
0.53
0.52
0.52
0.51
0.37
0.46
0.40
0.38
0.52
0.56
0.55
0.51
0.58
0.50
0.51
0.50
0.46
4.31
0.42
0.44
0.39
0.39
0.40
0.41
0.53
0.54
0.52
0.50
CorWatt	PkgWatt
18.55	130.78
0.59	130.79
0.49
0.52
0.55
0.54
0.54
0.58
0.53
0.48
0.50
0.47
0.47
0.58
0.57
0.62
0.58
0.58
0.55
0.53
0.54
0.49
0.94
0.48
0.48
0.55
0.54
0.74
0.59
1.14
0.62
0.60
0.58
CorWatt	PkgWatt
16.34	128.14
0.52	128.13
0.44
0.46
0.49
0.50
0.50
0.49
0.48
0.38
0.43
0.42
0.39
0.51
0.51
0.51
0.52
0.46
0.48
0.49
0.46
0.44
0.39
0.41
0.40
0.62
0.61
0.97
0.80
0.64
0.54
0.53
0.52
CorWatt	PkgWatt
15.95	127.85
0.50	127.85
0.42
0.44
0.48
0.50
0.51
0.49
0.50
0.38
0.44
0.37
0.39
0.52
0.50
0.51
0.53
0.44
0.45
0.47
0.45
0.41
0.38
0.39
0.38
0.61
0.59
0.72
1.04
0.64
0.52
0.50
0.49
CorWatt	PkgWatt
16.01	128.09
0.49	128.09
0.43
0.46
0.48
0.49
0.49
0.49
0.47
0.40
0.43
0.38
0.38
0.52
0.53
0.57
0.54
0.44
0.47
0.46
0.45
0.42
0.38
0.38
0.38
0.61
0.59
1.09
0.60
0.65
0.53
0.50
0.50
CorWatt	PkgWatt
15.86	127.84
0.52	127.84
0.44
0.44
0.47
0.48
0.48
0.49
0.48
0.37
0.46
0.39
0.40
0.50
0.51
0.53
0.53
0.44
0.46
0.46
0.46
0.43
0.38
0.39
0.38
0.60
0.59
1.08
0.59
0.65
0.50
0.50
0.49
CorWatt	PkgWatt
16.33	128.29
0.54	128.29
0.43
0.47
0.49
0.49
0.49
0.49
0.48
0.40
0.43
0.39
0.38
0.50
0.52
0.53
0.53
0.44
0.46
0.46
0.47
0.42
0.38
0.39
0.38
0.60
0.58
0.65
1.38
0.64
0.51
0.51
0.52
CorWatt	PkgWatt
17.78	130.09
0.56	130.09
0.45
0.48
0.47
0.49
0.49
0.50
0.48
0.37
0.43
0.38
0.38
0.53
0.51
0.53
0.52
0.45
0.47
0.46
0.47
0.42
0.39
0.39
0.39
0.50
0.50
0.55
3.04
0.64
0.52
0.51
0.51
CorWatt	PkgWatt
17.72	130.26
0.55	130.27
0.43
0.46
0.45
0.49
0.50
0.48
0.47
0.39
0.45
0.40
0.39
0.55
0.54
0.53
0.53
0.44
0.47
0.45
0.46
0.41
0.38
0.38
0.38
0.49
0.49
0.56
3.02
0.64
0.51
0.50
0.52
CorWatt	PkgWatt
17.56	129.96
0.54	129.96
0.45
0.46
0.44
0.48
0.48
0.48
0.47
0.38
0.42
0.38
0.39
0.51
0.50
0.52
0.52
0.45
0.46
0.45
0.48
0.41
0.38
0.39
0.38
0.54
0.50
0.54
3.02
0.63
0.52
0.50
0.50
CorWatt	PkgWatt
17.61	130.07
0.52	130.07
0.47
0.44
0.44
0.49
0.49
0.49
0.48
0.38
0.43
0.37
0.39
0.50
0.52
0.53
0.53
0.45
0.47
0.45
0.46
0.42
0.38
0.39
0.40
0.48
0.50
0.54
3.04
0.63
0.51
0.51
0.51
CorWatt	PkgWatt
17.43	129.89
0.53	129.89
0.46
0.44
0.42
0.48
0.48
0.48
0.47
0.37
0.43
0.39
0.39
0.51
0.50
0.49
0.53
0.44
0.45
0.45
0.46
0.42
0.38
0.38
0.39
0.49
0.49
0.53
3.02
0.64
0.50
0.50
0.50
CorWatt	PkgWatt
17.81	130.09
0.54	130.09
0.47
0.44
0.46
0.50
0.48
0.50
0.47
0.38
0.43
0.43
0.38
0.50
0.51
0.49
0.53
0.44
0.46
0.45
0.46
0.42
0.38
0.39
0.40
0.50
0.55
0.55
3.02
0.68
0.55
0.54
0.52
CorWatt	PkgWatt
17.47	129.88
0.52	129.88
0.47
0.46
0.43
0.48
0.48
0.48
0.47
0.37
0.43
0.37
0.38
0.51
0.50
0.48
0.52
0.44
0.45
0.45
0.46
0.41
0.39
0.41
0.40
0.50
0.49
0.54
3.04
0.63
0.51
0.50
0.50
CorWatt	PkgWatt
17.71	130.01
0.53	130.01
0.47
0.46
0.44
0.50
0.50
0.49
0.47
0.38
0.43
0.37
0.39
0.50
0.51
0.49
0.53
0.47
0.48
0.48
0.48
0.43
0.39
0.39
0.40
0.49
0.51
0.55
3.03
0.62
0.53
0.51
0.51
CorWatt	PkgWatt
17.46	129.81
0.55	129.81
0.44
0.46
0.44
0.48
0.48
0.49
0.49
0.38
0.42
0.36
0.38
0.51
0.50
0.50
0.53
0.44
0.45
0.45
0.47
0.42
0.38
0.38
0.39
0.48
0.51
0.54
3.02
0.63
0.50
0.50
0.50
CorWatt	PkgWatt
17.64	130.07
0.54	130.08
0.42
0.48
0.43
0.49
0.50
0.49
0.49
0.38
0.44
0.37
0.38
0.50
0.51
0.48
0.52
0.44
0.46
0.46
0.46
0.41
0.38
0.40
0.42
0.48
0.52
0.85
2.76
0.65
0.52
0.51
0.51
CorWatt	PkgWatt
17.40	129.83
0.55	129.82
0.42
0.44
0.43
0.48
0.48
0.48
0.47
0.37
0.42
0.36
0.37
0.50
0.50
0.48
0.52
0.44
0.47
0.46
0.45
0.41
0.38
0.39
0.39
0.49
0.50
0.58
3.02
0.63
0.50
0.51
0.50
CorWatt	PkgWatt
17.18	129.35
0.55	129.36
0.45
0.58
0.45
0.51
0.49
0.51
0.49
0.41
0.45
0.41
0.39
0.51
0.51
0.49
0.53
0.46
0.47
0.46
0.46
0.42
0.41
0.39
0.41
0.44
0.50
0.53
2.28
0.64
0.54
0.51
0.53
CorWatt	PkgWatt
17.82	129.63
0.57	129.63
0.49
0.95
0.53
0.72
0.89
1.06
0.71
0.43
0.47
0.43
0.43
0.55
0.55
0.54
0.57
0.51
0.52
0.51
0.51
0.47
0.44
0.46
0.46
0.42
0.44
0.49
0.44
0.59
0.57
0.56
0.56
CorWatt	PkgWatt
16.07	127.83
0.50	127.82
0.44
0.55
0.46
0.75
1.23
0.79
0.74
0.38
0.42
0.38
0.38
0.50
0.51
0.51
0.54
0.44
0.45
0.47
0.46
0.44
0.41
0.40
0.42
0.35
0.36
0.42
0.36
0.51
0.50
0.50
0.50
CorWatt	PkgWatt
16.01	127.84
0.50	127.83
0.42
0.56
0.49
0.72
0.76
1.28
0.74
0.38
0.43
0.37
0.38
0.50
0.51
0.52
0.51
0.46
0.47
0.47
0.45
0.43
0.38
0.38
0.42
0.35
0.35
0.42
0.35
0.52
0.49
0.50
0.50
CorWatt	PkgWatt
16.14	127.95
0.51	127.95
0.45
0.55
0.46
0.72
0.74
1.30
0.72
0.39
0.42
0.42
0.38
0.52
0.52
0.52
0.51
0.44
0.47
0.48
0.46
0.43
0.40
0.40
0.41
0.37
0.37
0.38
0.36
0.52
0.51
0.51
0.51
CorWatt	PkgWatt
15.85	127.80
0.51	127.80
0.43
0.56
0.47
0.72
0.74
1.31
0.71
0.36
0.42
0.38
0.39
0.50
0.50
0.50
0.50
0.44
0.45
0.46
0.45
0.41
0.38
0.38
0.41
0.35
0.36
0.39
0.36
0.52
0.50
0.50
0.49
CorWatt	PkgWatt
17.15	129.53
0.52	129.53
0.43
0.55
0.46
0.55
0.58
3.03
0.54
0.37
0.42
0.37
0.37
0.51
0.51
0.50
0.51
0.45
0.48
0.45
0.47
0.41
0.38
0.38
0.40
0.36
0.41
0.37
0.36
0.51
0.50
0.51
0.50
CorWatt	PkgWatt
17.37	129.84
0.53	129.84
0.43
0.55
0.46
0.49
0.52
3.37
0.49
0.40
0.42
0.37
0.39
0.50
0.50
0.52
0.51
0.46
0.45
0.46
0.45
0.40
0.38
0.40
0.40
0.35
0.38
0.37
0.37
0.51
0.53
0.52
0.51
CorWatt	PkgWatt
17.38	129.94
0.52	129.94
0.44
0.54
0.46
0.50
0.53
3.38
0.49
0.38
0.42
0.38
0.38
0.50
0.51
0.51
0.51
0.45
0.46
0.46
0.46
0.41
0.38
0.39
0.40
0.35
0.36
0.37
0.36
0.52
0.50
0.51
0.51
CorWatt	PkgWatt
17.21	129.72
0.54	129.71
0.44
0.56
0.46
0.49
0.52
3.38
0.48
0.37
0.42
0.36
0.38
0.51
0.50
0.51
0.50
0.44
0.46
0.45
0.47
0.41
0.38
0.39
0.40
0.35
0.35
0.36
0.35
0.51
0.49
0.51
0.49
CorWatt	PkgWatt
17.61	130.01
0.53	130.01
0.46
0.56
0.47
0.51
0.53
3.38
0.51
0.38
0.43
0.37
0.38
0.51
0.52
0.51
0.51
0.47
0.49
0.46
0.49
0.42
0.39
0.40
0.41
0.38
0.38
0.38
0.36
0.52
0.50
0.51
0.51
CorWatt	PkgWatt
17.15	129.69
0.53	129.69
0.43
0.55
0.45
0.49
0.52
3.38
0.48
0.37
0.42
0.36
0.38
0.50
0.50
0.50
0.50
0.44
0.45
0.45
0.47
0.41
0.38
0.39
0.41
0.35
0.35
0.35
0.35
0.50
0.49
0.50
0.49
CorWatt	PkgWatt
17.53	130.06
0.52	130.06
0.43
0.55
0.46
0.50
0.53
3.38
0.49
0.38
0.42
0.37
0.39
0.50
0.52
0.53
0.53
0.45
0.46
0.46
0.47
0.43
0.38
0.39
0.42
0.38
0.41
0.39
0.37
0.52
0.51
0.51
0.51
CorWatt	PkgWatt
18.05	130.33
0.56	130.35
0.46
0.57
0.49
0.49
0.56
3.38
0.52
0.40
0.42
0.41
0.39
0.53
0.53
0.55
0.56
0.44
0.49
0.48
0.51
0.41
0.40
0.38
0.38
0.38
0.41
0.40
0.38
0.54
0.56
0.53
0.53
CorWatt	PkgWatt
17.47	129.90
0.54	129.89
0.44
0.55
0.46
0.49
0.52
3.38
0.49
0.38
0.42
0.41
0.37
0.50
0.51
0.50
0.53
0.44
0.46
0.45
0.47
0.43
0.38
0.40
0.39
0.37
0.39
0.36
0.35
0.51
0.52
0.53
0.51
CorWatt	PkgWatt
17.17	129.56
0.53	129.56
0.43
0.54
0.46
0.49
0.54
3.38
0.51
0.37
0.42
0.36
0.37
0.51
0.50
0.50
0.52
0.44
0.45
0.44
0.46
0.41
0.38
0.38
0.38
0.35
0.35
0.35
0.35
0.50
0.49
0.50
0.49
CorWatt	PkgWatt
17.53	129.97
0.52	129.97
0.45
0.55
0.48
0.50
0.53
3.38
0.49
0.39
0.42
0.39
0.39
0.52
0.53
0.56
0.55
0.44
0.46
0.45
0.46
0.42
0.38
0.39
0.38
0.35
0.36
0.37
0.36
0.51
0.52
0.51
0.50
CorWatt	PkgWatt
17.27	129.77
0.54	129.77
0.44
0.55
0.46
0.49
0.52
3.38
0.49
0.37
0.46
0.39
0.40
0.50
0.50
0.52
0.53
0.44
0.45
0.45
0.46
0.43
0.38
0.39
0.38
0.35
0.37
0.36
0.35
0.51
0.49
0.50
0.49
CorWatt	PkgWatt
18.62	130.29
0.63	130.31
0.57
0.66
0.77
0.78
0.63
1.38
0.62
0.51
0.52
0.46
0.46
0.61
0.57
0.89
0.63
0.49
0.54
0.54
0.51
0.49
0.44
0.45
0.44
0.42
0.51
0.43
0.42
0.57
0.55
0.59
0.55
CorWatt	PkgWatt
16.58	128.48
0.61	128.46
0.47
0.47
0.51
1.52
0.85
0.84
0.83
0.38
0.42
0.36
0.41
0.52
0.50
0.49
0.53
0.44
0.47
0.46
0.46
0.42
0.38
0.40
0.38
0.35
0.38
0.36
0.35
0.51
0.50
0.51
0.49
CorWatt	PkgWatt
17.04	128.61
0.72	128.61
0.58
0.91
0.64
1.13
0.72
0.69
0.69
0.41
0.47
0.41
0.41
0.56
0.55
0.53
0.55
0.46
0.48
0.47
0.48
0.43
0.39
0.40
0.39
0.36
0.37
0.40
0.36
0.52
0.51
0.53
0.53
CorWatt	PkgWatt
16.33	128.03
0.88	128.03
1.14
1.08
0.89
0.54
0.50
0.49
0.47
0.38
0.43
0.37
0.38
0.51
0.50
0.48
0.53
0.44
0.45
0.44
0.49
0.40
0.38
0.39
0.38
0.35
0.35
0.36
0.35
0.50
0.49
0.50
0.49
CorWatt	PkgWatt
16.34	128.20
0.87	128.19
1.45
0.79
0.79
0.55
0.48
0.48
0.47
0.39
0.43
0.37
0.38
0.53
0.53
0.49
0.54
0.44
0.45
0.45
0.46
0.43
0.38
0.39
0.39
0.35
0.37
0.36
0.35
0.50
0.49
0.51
0.50
CorWatt	PkgWatt
16.31	128.16
0.89	128.16
0.79
0.79
1.43
0.54
0.48
0.48
0.47
0.37
0.45
0.40
0.38
0.52
0.50
0.49
0.52
0.45
0.45
0.45
0.48
0.41
0.39
0.39
0.40
0.35
0.36
0.36
0.35
0.50
0.49
0.51
0.49
CorWatt	PkgWatt
17.29	128.73
0.95	128.74
1.04
0.87
1.52
0.56
0.49
0.51
0.48
0.40
0.43
0.42
0.38
0.52
0.51
0.50
0.53
0.45
0.47
0.45
0.47
0.43
0.38
0.39
0.40
0.38
0.42
0.38
0.36
0.55
0.53
0.57
0.52
CorWatt	PkgWatt
19.20	130.55
1.28	130.54
2.10
1.29
2.21
0.51
0.49
0.48
0.47
0.37
0.43
0.36
0.37
0.52
0.50
0.50
0.51
0.44
0.45
0.45
0.47
0.41
0.40
0.40
0.40
0.35
0.35
0.36
0.35
0.50
0.49
0.50
0.50
CorWatt	PkgWatt
19.25	130.66
1.29	130.66
1.29
1.29
3.00
0.49
0.48
0.48
0.47
0.39
0.42
0.37
0.38
0.52
0.50
0.48
0.50
0.45
0.48
0.47
0.48
0.42
0.40
0.39
0.40
0.35
0.35
0.36
0.35
0.50
0.49
0.51
0.50
CorWatt	PkgWatt
19.15	130.46
1.29	130.47
3.00
1.29
1.28
0.50
0.49
0.49
0.50
0.38
0.43
0.37
0.37
0.54
0.50
0.48
0.50
0.44
0.45
0.45
0.46
0.41
0.38
0.39
0.40
0.35
0.35
0.36
0.35
0.50
0.49
0.50
0.49
CorWatt	PkgWatt
19.51	130.67
1.28	130.67
3.01
1.29
1.27
0.49
0.52
0.50
0.50
0.38
0.45
0.38
0.40
0.52
0.51
0.49
0.51
0.45
0.46
0.47
0.47
0.42
0.39
0.41
0.42
0.35
0.38
0.38
0.36
0.51
0.51
0.52
0.50
CorWatt	PkgWatt
19.17	130.47
1.29	130.48
3.03
1.29
1.28
0.48
0.49
0.48
0.48
0.39
0.43
0.36
0.37
0.52
0.50
0.49
0.50
0.44
0.46
0.45
0.45
0.41
0.38
0.40
0.40
0.35
0.37
0.36
0.36
0.50
0.49
0.50
0.49
CorWatt	PkgWatt
19.37	130.81
1.29	130.81
2.94
1.29
1.35
0.48
0.49
0.49
0.47
0.38
0.44
0.39
0.40
0.52
0.51
0.48
0.51
0.44
0.45
0.45
0.46
0.42
0.40
0.38
0.40
0.35
0.40
0.39
0.35
0.51
0.50
0.51
0.51
CorWatt	PkgWatt
19.15	130.48
1.28	130.47
3.00
1.29
1.28
0.48
0.49
0.48
0.48
0.37
0.42
0.37
0.38
0.52
0.50
0.48
0.51
0.44
0.46
0.45
0.47
0.42
0.38
0.39
0.40
0.35
0.35
0.36
0.35
0.50
0.49
0.51
0.50
CorWatt	PkgWatt
19.53	130.67
1.28	130.68
1.28
1.29
3.00
0.51
0.51
0.52
0.51
0.39
0.42
0.38
0.38
0.53
0.51
0.51
0.51
0.45
0.46
0.45
0.47
0.46
0.42
0.40
0.42
0.35
0.36
0.36
0.35
0.52
0.49
0.51
0.50
CorWatt	PkgWatt
19.21	130.74
1.28	130.73
1.28
1.29
3.02
0.49
0.49
0.48
0.49
0.37
0.42
0.37
0.37
0.50
0.50
0.50
0.53
0.45
0.45
0.45
0.46
0.42
0.39
0.40
0.42
0.35
0.35
0.36
0.35
0.50
0.49
0.50
0.49
CorWatt	PkgWatt
19.37	130.63
1.28	130.63
2.31
1.29
1.99
0.49
0.49
0.49
0.48
0.39
0.43
0.42
0.37
0.49
0.50
0.48
0.52
0.44
0.45
0.47
0.47
0.43
0.40
0.40
0.41
0.35
0.37
0.37
0.35
0.51
0.52
0.51
0.50
CorWatt	PkgWatt
18.42	129.84
1.16	129.85
1.19
1.14
2.54
0.48
0.49
0.49
0.48
0.38
0.43
0.38
0.37
0.50
0.52
0.48
0.52
0.44
0.45
0.46
0.47
0.42
0.38
0.38
0.41
0.35
0.36
0.37
0.36
0.52
0.50
0.51
0.49
CorWatt	PkgWatt
19.65	133.37
0.62	133.39
0.55
0.52
0.55
0.56
0.57
0.56
0.56
0.48
0.49
0.45
0.68
0.59
3.22
0.59
0.92
0.49
0.53
0.50
0.52
0.46
0.43
0.44
0.45
0.42
0.43
0.42
0.41
0.57
0.54
0.57
0.55
CorWatt	PkgWatt
19.90	136.90
0.53	136.89
0.48
0.45
0.50
0.48
0.48
0.48
0.47
0.41
0.42
0.37
0.48
0.51
5.88
0.54
0.53
0.46
0.45
0.45
0.46
0.42
0.38
0.40
0.41
0.35
0.37
0.36
0.36
0.51
0.49
0.51
0.51
CorWatt	PkgWatt
19.77	136.76
0.54	136.75
0.48
0.46
0.43
0.48
0.48
0.48
0.47
0.40
0.42
0.38
0.48
0.51
5.89
0.53
0.54
0.44
0.46
0.45
0.46
0.42
0.38
0.39
0.41
0.35
0.36
0.37
0.34
0.50
0.49
0.49
0.50
CorWatt	PkgWatt
19.74	136.91
0.55	136.91
0.48
0.46
0.44
0.48
0.48
0.48
0.47
0.38
0.42
0.37
0.48
0.51
5.89
0.53
0.54
0.44
0.46
0.44
0.46
0.41
0.38
0.39
0.40
0.35
0.37
0.36
0.34
0.51
0.50
0.49
0.49
CorWatt	PkgWatt
20.04	137.15
0.53	137.15
0.46
0.47
0.43
0.50
0.50
0.50
0.49
0.39
0.42
0.38
0.47
0.52
5.89
0.53
0.53
0.47
0.50
0.47
0.49
0.42
0.38
0.39
0.41
0.37
0.36
0.36
0.35
0.52
0.52
0.50
0.51
CorWatt	PkgWatt
19.81	136.90
0.54	136.90
0.43
0.46
0.43
0.49
0.49
0.49
0.48
0.38
0.42
0.37
0.49
0.51
5.89
0.53
0.53
0.44
0.46
0.46
0.47
0.42
0.38
0.40
0.41
0.35
0.35
0.37
0.35
0.51
0.49
0.50
0.50
CorWatt	PkgWatt
19.81	136.88
0.53	136.88
0.44
0.45
0.43
0.48
0.48
0.48
0.47
0.38
0.42
0.37
0.48
0.52
5.90
0.54
0.52
0.44
0.45
0.46
0.46
0.43
0.38
0.39
0.42
0.36
0.41
0.37
0.36
0.51
0.49
0.50
0.50
CorWatt	PkgWatt
20.00	137.27
0.54	137.27
0.47
0.47
0.45
0.48
0.48
0.50
0.47
0.39
0.42
0.40
0.49
0.52
5.89
0.55
0.53
0.44
0.47
0.45
0.47
0.41
0.38
0.39
0.39
0.35
0.37
0.38
0.37
0.52
0.52
0.52
0.51
CorWatt	PkgWatt
20.18	137.35
0.53	137.36
0.46
0.45
0.44
0.49
0.49
0.49
0.48
0.40
0.42
0.42
0.48
0.54
5.90
0.53
0.53
0.45
0.46
0.47
0.47
0.45
0.39
0.42
0.40
0.39
0.44
0.36
0.36
0.51
0.52
0.52
0.51
CorWatt	PkgWatt
19.79	137.06
0.53	137.06
0.42
0.45
0.47
0.49
0.50
0.49
0.50
0.38
0.41
0.37
0.48
0.54
5.90
0.53
0.52
0.44
0.45
0.45
0.46
0.42
0.38
0.39
0.38
0.35
0.36
0.36
0.35
0.51
0.53
0.50
0.49
CorWatt	PkgWatt
19.93	137.25
0.52	137.25
0.43
0.46
0.49
0.48
0.49
0.48
0.48
0.41
0.42
0.39
0.49
0.54
5.89
0.58
0.54
0.44
0.45
0.46
0.46
0.43
0.38
0.38
0.38
0.35
0.35
0.36
0.35
0.51
0.51
0.50
0.50
CorWatt	PkgWatt
19.86	137.31
0.53	137.31
0.45
0.45
0.49
0.48
0.49
0.48
0.48
0.37
0.45
0.38
0.49
0.54
5.89
0.56
0.53
0.44
0.45
0.46
0.46
0.45
0.38
0.38
0.38
0.35
0.35
0.36
0.35
0.51
0.49
0.50
0.50
CorWatt	PkgWatt
20.03	137.14
0.54	137.14
0.44
0.47
0.50
0.49
0.49
0.49
0.49
0.40
0.42
0.38
0.48
0.54
5.90
0.54
0.53
0.44
0.47
0.46
0.46
0.43
0.39
0.39
0.38
0.36
0.42
0.36
0.35
0.51
0.50
0.50
0.51
CorWatt	PkgWatt
19.87	137.21
0.57	137.21
0.46
0.48
0.50
0.49
0.48
0.49
0.48
0.40
0.42
0.37
0.49
0.53
5.90
0.53
0.52
0.44
0.46
0.45
0.46
0.42
0.38
0.39
0.38
0.35
0.36
0.36
0.35
0.51
0.49
0.50
0.49
CorWatt	PkgWatt
20.07	137.37
0.55	137.37
0.43
0.48
0.49
0.49
0.50
0.49
0.48
0.41
0.45
0.40
0.48
0.57
5.90
0.55
0.52
0.44
0.46
0.46
0.46
0.43
0.38
0.39
0.38
0.35
0.38
0.38
0.35
0.51
0.50
0.50
0.52
CorWatt	PkgWatt
19.92	137.21
0.56	137.21
0.44
0.46
0.50
0.48
0.50
0.49
0.49
0.39
0.42
0.37
0.47
0.53
5.90
0.54
0.52
0.44
0.45
0.46
0.47
0.43
0.38
0.39
0.38
0.35
0.35
0.38
0.35
0.51
0.53
0.50
0.50
CorWatt	PkgWatt
20.00	137.33
0.54	137.32
0.44
0.45
0.47
0.49
0.49
0.49
0.49
0.40
0.45
0.39
0.49
0.54
5.90
0.53
0.53
0.44
0.46
0.46
0.46
0.48
0.39
0.39
0.40
0.35
0.36
0.36
0.35
0.51
0.50
0.50
0.51
CorWatt	PkgWatt
19.47	133.75
0.77	133.76
0.50
0.54
0.54
0.54
0.54
0.55
0.62
0.48
0.52
0.48
0.56
0.63
2.70
0.63
0.59
0.49
0.50
0.54
0.53
0.47
0.44
0.47
0.48
0.42
0.45
0.75
0.43
0.60
0.59
0.57
0.59
CorWatt	PkgWatt
17.82	130.57
0.63	130.56
0.46
0.46
0.50
0.54
0.53
0.53
3.24
0.39
0.44
0.45
0.39
0.53
0.52
0.51
0.52
0.44
0.46
0.46
0.49
0.43
0.40
0.41
0.41
0.37
0.41
0.39
0.35
0.56
0.54
0.54
0.53
CorWatt	PkgWatt
17.25	130.09
0.60	130.09
0.45
0.47
0.49
0.51
0.52
0.51
3.19
0.38
0.43
0.37
0.41
0.52
0.51
0.51
0.52
0.44
0.46
0.47
0.47
0.41
0.40
0.40
0.40
0.35
0.35
0.37
0.35
0.51
0.50
0.50
0.49
CorWatt	PkgWatt
17.47	130.39
0.60	130.39
0.45
0.48
0.49
0.52
0.52
0.51
3.16
0.40
0.44
0.38
0.40
0.53
0.52
0.50
0.51
0.45
0.49
0.49
0.50
0.42
0.40
0.40
0.40
0.35
0.39
0.38
0.35
0.52
0.51
0.51
0.51
CorWatt	PkgWatt
17.18	130.02
0.60	130.02
0.44
0.48
0.51
0.53
0.52
0.51
3.16
0.37
0.43
0.37
0.38
0.53
0.50
0.51
0.51
0.44
0.45
0.46
0.47
0.41
0.38
0.38
0.40
0.35
0.36
0.36
0.35
0.51
0.51
0.50
0.49
CorWatt	PkgWatt
17.34	130.09
0.59	130.09
0.43
0.49
0.48
0.53
0.53
0.52
3.16
0.39
0.44
0.38
0.39
0.52
0.52
0.50
0.50
0.44
0.46
0.46
0.46
0.42
0.39
0.42
0.41
0.35
0.37
0.38
0.37
0.51
0.52
0.51
0.50
CorWatt	PkgWatt
17.08	129.79
0.60	129.78
0.43
0.45
0.49
0.51
0.52
0.51
3.18
0.38
0.42
0.38
0.38
0.52
0.50
0.50
0.50
0.44
0.45
0.46
0.45
0.42
0.38
0.39
0.40
0.35
0.35
0.36
0.35
0.51
0.50
0.50
0.50
CorWatt	PkgWatt
17.38	130.01
0.60	130.02
0.45
0.47
0.50
0.52
0.52
0.51
3.16
0.40
0.45
0.39
0.40
0.53
0.52
0.50
0.52
0.45
0.46
0.47
0.46
0.41
0.40
0.39
0.40
0.35
0.38
0.36
0.36
0.53
0.50
0.50
0.51
CorWatt	PkgWatt
17.28	130.10
0.61	130.10
0.44
0.48
0.46
0.52
0.52
0.52
3.16
0.38
0.43
0.38
0.39
0.52
0.50
0.52
0.51
0.44
0.46
0.47
0.47
0.42
0.40
0.41
0.40
0.35
0.35
0.38
0.37
0.53
0.50
0.51
0.51
CorWatt	PkgWatt
17.29	129.91
0.60	129.91
0.44
0.50
0.44
0.53
0.51
0.53
3.17
0.39
0.42
0.39
0.38
0.51
0.52
0.51
0.50
0.44
0.45
0.46
0.46
0.46
0.41
0.39
0.43
0.35
0.36
0.36
0.35
0.52
0.51
0.50
0.50
CorWatt	PkgWatt
17.27	129.88
0.60	129.88
0.44
0.52
0.48
0.51
0.51
0.50
3.17
0.38
0.43
0.37
0.38
0.52
0.51
0.51
0.51
0.46
0.46
0.47
0.45
0.43
0.39
0.39
0.43
0.36
0.36
0.36
0.35
0.51
0.50
0.50
0.50
CorWatt	PkgWatt
17.48	129.84
0.59	129.85
0.45
0.49
0.45
0.52
0.53
0.51
3.16
0.39
0.43
0.43
0.38
0.52
0.52
0.50
0.51
0.44
0.46
0.48
0.47
0.44
0.41
0.40
0.41
0.37
0.38
0.39
0.36
0.53
0.53
0.51
0.51
CorWatt	PkgWatt
17.04	129.88
0.60	129.87
0.43
0.45
0.48
0.52
0.51
0.50
3.16
0.37
0.42
0.37
0.39
0.51
0.50
0.49
0.51
0.44
0.45
0.46
0.46
0.41
0.38
0.39
0.40
0.35
0.35
0.37
0.36
0.52
0.50
0.50
0.49
CorWatt	PkgWatt
17.23	129.81
0.59	129.82
0.44
0.44
0.49
0.53
0.55
0.52
3.16
0.38
0.42
0.38
0.38
0.51
0.52
0.49
0.50
0.44
0.47
0.46
0.48
0.42
0.38
0.38
0.41
0.37
0.37
0.36
0.35
0.51
0.50
0.50
0.51
CorWatt	PkgWatt
17.16	129.66
0.60	129.67
0.43
0.44
0.47
0.51
0.51
0.51
3.18
0.39
0.43
0.37
0.39
0.51
0.50
0.50
0.51
0.46
0.46
0.46
0.45
0.41
0.38
0.40
0.42
0.35
0.36
0.36
0.37
0.51
0.51
0.51
0.51
CorWatt	PkgWatt
17.40	130.00
0.59	129.99
0.46
0.47
0.49
3.16
0.52
0.51
0.59
0.38
0.43
0.39
0.39
0.52
0.51
0.49
0.51
0.45
0.46
0.46
0.46
0.42
0.39
0.39
0.41
0.37
0.38
0.38
0.37
0.52
0.50
0.50
0.51
CorWatt	PkgWatt
17.11	129.60
0.60	129.59
0.45
0.45
0.48
3.16
0.51
0.50
0.56
0.38
0.43
0.38
0.38
0.51
0.50
0.49
0.50
0.44
0.45
0.46
0.45
0.41
0.38
0.39
0.40
0.35
0.35
0.36
0.35
0.51
0.50
0.50
0.50
CorWatt	PkgWatt
17.29	129.80
0.59	129.81
0.49
0.46
0.44
3.16
0.51
0.52
0.57
0.38
0.42
0.37
0.38
0.52
0.52
0.52
0.53
0.46
0.49
0.46
0.49
0.41
0.38
0.38
0.40
0.36
0.35
0.36
0.35
0.51
0.50
0.50
0.50
CorWatt	PkgWatt
18.00	129.77
0.63	129.77
0.51
0.50
0.52
0.60
0.55
0.58
0.66
0.56
0.78
0.74
0.58
0.56
0.57
0.56
1.11
0.50
0.51
0.52
0.54
0.48
0.44
0.46
0.46
0.42
0.44
0.46
0.44
0.60
0.58
0.57
0.58
CorWatt	PkgWatt
16.37	128.34
0.52	128.33
0.43
0.44
0.47
0.50
0.49
0.49
0.55
0.66
1.23
0.66
0.65
0.53
0.53
0.53
0.64
0.45
0.47
0.46
0.47
0.42
0.39
0.40
0.42
0.35
0.40
0.39
0.37
0.52
0.51
0.51
0.51
CorWatt	PkgWatt
16.48	128.26
0.55	128.27
0.43
0.46
0.51
0.49
0.48
0.50
0.53
0.65
1.25
0.67
0.68
0.53
0.54
0.52
0.64
0.44
0.47
0.46
0.49
0.42
0.39
0.41
0.40
0.35
0.37
0.40
0.37
0.53
0.53
0.52
0.51
CorWatt	PkgWatt
16.38	128.20
0.52	128.20
0.43
0.45
0.49
0.48
0.48
0.48
0.54
0.66
0.84
1.15
0.66
0.53
0.57
0.50
0.62
0.44
0.45
0.45
0.46
0.45
0.40
0.39
0.39
0.37
0.38
0.38
0.36
0.51
0.52
0.52
0.51
CorWatt	PkgWatt
16.14	128.16
0.52	128.16
0.42
0.44
0.47
0.49
0.50
0.49
0.55
0.65
1.00
0.94
0.65
0.55
0.53
0.49
0.63
0.44
0.46
0.45
0.47
0.41
0.38
0.39
0.39
0.35
0.35
0.37
0.35
0.51
0.50
0.50
0.50
CorWatt	PkgWatt
16.99	128.89
0.53	128.90
0.44
0.45
0.49
0.49
0.49
0.49
0.54
0.74
1.45
0.92
0.74
0.55
0.54
0.56
0.64
0.44
0.47
0.46
0.47
0.43
0.40
0.39
0.38
0.36
0.37
0.36
0.35
0.52
0.52
0.50
0.50
CorWatt	PkgWatt
19.12	130.67
0.55	130.67
0.44
0.44
0.47
0.48
0.48
0.48
0.48
1.06
2.08
2.08
1.07
0.53
0.52
0.52
0.63
0.44
0.45
0.45
0.46
0.43
0.38
0.38
0.38
0.35
0.35
0.36
0.35
0.51
0.51
0.50
0.49
CorWatt	PkgWatt
19.32	130.76
0.57	130.76
0.45
0.46
0.45
0.48
0.48
0.48
0.49
1.11
3.06
1.11
1.11
0.53
0.53
0.49
0.62
0.44
0.46
0.45
0.46
0.43
0.38
0.39
0.38
0.36
0.36
0.39
0.35
0.52
0.51
0.50
0.51
CorWatt	PkgWatt
19.32	130.96
0.58	130.96
0.44
0.47
0.46
0.48
0.48
0.50
0.49
1.12
3.05
1.11
1.12
0.54
0.54
0.52
0.63
0.44
0.46
0.45
0.46
0.41
0.38
0.39
0.38
0.35
0.36
0.37
0.35
0.51
0.50
0.50
0.50
CorWatt	PkgWatt
19.39	130.87
0.56	130.87
0.43
0.47
0.46
0.49
0.50
0.49
0.48
1.08
1.10
1.28
2.86
0.57
0.55
0.52
0.63
0.44
0.46
0.45
0.47
0.42
0.38
0.39
0.38
0.35
0.36
0.39
0.36
0.52
0.50
0.50
0.53
CorWatt	PkgWatt
19.24	130.75
0.56	130.75
0.43
0.46
0.46
0.48
0.49
0.48
0.48
1.11
1.13
1.11
3.06
0.53
0.51
0.50
0.61
0.44
0.45
0.44
0.49
0.42
0.38
0.39
0.38
0.35
0.35
0.37
0.35
0.51
0.51
0.50
0.50
CorWatt	PkgWatt
19.27	130.94
0.55	130.95
0.42
0.44
0.43
0.49
0.49
0.48
0.47
1.12
1.13
1.11
3.05
0.53
0.53
0.50
0.62
0.44
0.45
0.45
0.46
0.44
0.38
0.40
0.39
0.35
0.37
0.40
0.36
0.51
0.51
0.50
0.50
CorWatt	PkgWatt
19.14	130.71
0.55	130.70
0.42
0.45
0.42
0.48
0.48
0.50
0.49
1.11
1.13
1.11
3.05
0.50
0.51
0.49
0.62
0.44
0.46
0.45
0.46
0.42
0.38
0.39
0.39
0.35
0.36
0.36
0.35
0.51
0.50
0.50
0.49
CorWatt	PkgWatt
19.64	131.01
0.56	131.02
0.44
0.46
0.47
0.51
0.49
0.50
0.49
1.11
1.14
1.11
3.05
0.51
0.55
0.50
0.62
0.45
0.46
0.45
0.46
0.43
0.38
0.39
0.40
0.38
0.39
0.41
0.36
0.57
0.55
0.54
0.52
CorWatt	PkgWatt
19.12	130.62
0.55	130.62
0.43
0.47
0.43
0.48
0.48
0.48
0.48
1.08
1.10
1.08
3.06
0.50
0.51
0.49
0.63
0.44
0.45
0.45
0.47
0.42
0.40
0.40
0.40
0.35
0.35
0.37
0.35
0.51
0.50
0.50
0.50
CorWatt	PkgWatt
19.26	130.82
0.55	130.83
0.43
0.45
0.43
0.48
0.48
0.48
0.47
1.12
1.12
3.04
1.12
0.51
0.52
0.50
0.62
0.45
0.47
0.48
0.48
0.44
0.38
0.39
0.39
0.35
0.35
0.37
0.35
0.51
0.50
0.50
0.50
CorWatt	PkgWatt
19.27	130.86
0.55	130.85
0.43
0.47
0.45
0.48
0.52
0.49
0.49
1.12
1.13
3.05
1.12
0.50
0.53
0.51
0.64
0.44
0.45
0.45
0.46
0.42
0.38
0.38
0.39
0.35
0.35
0.36
0.35
0.51
0.50
0.50
0.49
CorWatt	PkgWatt
19.69	130.65
0.59	130.68
0.53
0.56
0.49
0.65
0.61
0.58
0.57
0.82
0.86
1.85
0.85
0.59
0.66
0.58
0.72
0.51
0.54
0.53
0.55
0.50
0.43
0.48
0.48
0.45
0.51
0.46
0.44
0.62
0.57
0.54
0.55
