CorWatt	PkgWatt
15.57	128.63
0.57	128.65
0.45
0.49
0.46
0.52
0.52
0.50
0.51
0.42
0.46
0.40
0.40
0.54
0.53
0.55
0.54
0.48
0.50
0.47
0.56
0.42
0.44
0.44
0.42
0.39
0.45
0.42
0.39
0.60
0.64
0.56
0.54
CorWatt	PkgWatt
15.03	127.96
0.54	128.19
0.46
0.46
0.46
0.55
0.52
0.51
0.50
0.38
0.43
0.38
0.38
0.51
0.53
0.51
0.52
0.46
0.50
0.48
0.56
0.42
0.41
0.45
0.41
0.38
0.45
0.41
0.38
0.54
0.52
0.53
0.51
CorWatt	PkgWatt
69.31	184.09
0.93	183.81
2.13
2.19
2.16
2.27
2.29
2.26
2.21
2.11
2.12
2.10
2.07
2.22
2.19
2.19
2.24
2.15
2.17
2.02
2.06
2.12
2.12
1.97
1.90
2.18
2.12
2.00
2.05
4.01
2.32
2.17
2.15
