CorWatt	PkgWatt
15.63	128.99
0.55	129.00
0.52
0.51
0.45
0.64
0.54
0.51
0.51
0.41
0.46
0.43
0.40
0.54
0.53
0.55
0.57
0.53
0.53
0.53
0.58
0.43
0.42
0.42
0.41
0.38
0.38
0.38
0.37
0.54
0.53
0.53
0.55
CorWatt	PkgWatt
15.15	128.55
0.51	128.52
0.53
0.46
0.46
0.51
0.53
0.50
0.50
0.41
0.45
0.39
0.38
0.52
0.52
0.53
0.54
0.54
0.51
0.52
0.58
0.42
0.41
0.44
0.40
0.38
0.39
0.37
0.36
0.53
0.52
0.52
0.53
CorWatt	PkgWatt
69.75	185.15
0.95	185.23
2.17
2.22
2.20
2.25
2.27
2.24
2.19
2.15
2.14
2.15
2.09
2.25
2.25
2.23
2.27
2.25
2.27
2.29
3.59
2.18
2.19
2.08
1.97
2.12
2.08
1.95
1.93
2.32
2.30
2.12
2.12
