CorWatt	PkgWatt
15.00	127.77
0.50	127.05
0.47
0.48
0.53
0.51
0.52
0.50
0.50
0.39
0.47
0.42
0.38
0.55
0.56
0.54
0.53
0.47
0.48
0.48
0.48
0.42
0.39
0.40
0.43
0.37
0.35
0.43
0.38
0.52
0.50
0.51
0.52
CorWatt	PkgWatt
15.19	127.33
0.54	127.33
0.47
0.45
0.48
0.50
0.52
0.50
0.48
0.42
0.46
0.48
0.44
0.55
0.56
0.52
0.52
0.49
0.51
0.51
0.50
0.41
0.40
0.40
0.48
0.37
0.35
0.42
0.40
0.52
0.51
0.51
0.52
CorWatt	PkgWatt
23.81	134.92
0.76	134.99
0.73
0.66
2.58
0.73
0.81
0.72
0.71
0.66
0.77
0.67
0.64
0.81
0.73
0.75
0.94
0.70
0.67
0.71
0.66
0.60
0.59
0.62
0.68
0.60
0.53
0.56
0.54
0.67
0.63
0.76
0.65
CorWatt	PkgWatt
17.43	128.89
0.53	128.84
0.45
0.45
0.63
0.71
1.22
0.78
0.71
0.48
0.48
0.47
0.46
0.62
0.56
0.54
0.61
0.50
0.49
0.50
0.50
0.42
0.39
0.41
0.47
0.50
0.46
0.45
0.42
0.56
0.54
0.55
0.56
CorWatt	PkgWatt
16.87	128.50
0.56	128.50
0.43
0.44
0.60
0.76
0.95
1.13
0.74
0.41
0.43
0.40
0.41
0.53
0.50
0.51
0.55
0.57
0.52
0.49
0.46
0.48
0.43
0.40
0.47
0.38
0.41
0.44
0.38
0.53
0.55
0.51
0.51
CorWatt	PkgWatt
18.36	129.46
0.58	129.51
0.53
0.50
0.60
0.77
0.88
1.28
0.79
0.47
0.51
0.49
0.52
0.53
0.55
0.56
0.59
0.49
0.50
0.50
0.53
0.49
0.42
0.42
0.46
0.48
0.53
0.51
0.44
0.61
0.62
0.60
0.64
CorWatt	PkgWatt
17.00	128.65
0.53	128.61
0.50
0.46
0.54
0.72
1.12
0.95
0.72
0.41
0.43
0.39
0.41
0.54
0.51
0.51
0.61
0.48
0.49
0.50
0.49
0.45
0.40
0.42
0.42
0.42
0.40
0.46
0.47
0.57
0.55
0.56
0.55
CorWatt	PkgWatt
17.33	128.85
0.54	128.85
0.58
0.46
0.50
0.72
0.92
1.20
0.73
0.43
0.46
0.44
0.43
0.56
0.55
0.54
0.58
0.51
0.51
0.53
0.57
0.45
0.47
0.43
0.47
0.39
0.39
0.46
0.39
0.55
0.51
0.54
0.54
CorWatt	PkgWatt
18.07	130.49
0.54	130.48
0.57
0.51
0.52
0.51
0.58
3.14
0.52
0.43
0.47
0.41
0.49
0.56
0.55
0.57
0.61
0.47
0.49
0.46
0.47
0.43
0.42
0.38
0.43
0.35
0.35
0.44
0.35
0.52
0.50
0.50
0.55
CorWatt	PkgWatt
18.18	130.53
0.59	130.53
0.54
0.54
0.60
0.49
0.56
3.25
0.51
0.42
0.43
0.38
0.42
0.52
0.52
0.53
0.56
0.51
0.50
0.50
0.49
0.41
0.42
0.39
0.47
0.35
0.36
0.45
0.37
0.52
0.55
0.51
0.54
CorWatt	PkgWatt
18.20	130.65
0.54	130.64
0.43
0.44
0.58
0.50
0.58
3.25
0.51
0.37
0.43
0.41
0.39
0.59
0.56
0.56
0.57
0.49
0.56
0.51
0.50
0.46
0.45
0.43
0.47
0.35
0.35
0.43
0.38
0.55
0.50
0.51
0.57
CorWatt	PkgWatt
18.41	130.64
0.54	130.64
0.47
0.46
0.56
0.50
0.56
3.25
0.52
0.45
0.49
0.47
0.45
0.57
0.57
0.53
0.66
0.51
0.51
0.50
0.50
0.44
0.42
0.41
0.46
0.35
0.37
0.43
0.36
0.52
0.51
0.52
0.55
CorWatt	PkgWatt
20.91	132.81
0.72	132.79
0.65
0.60
0.66
0.58
0.66
2.92
0.61
0.49
0.50
0.46
0.49
0.65
0.66
0.69
0.70
0.63
0.59
0.53
0.53
0.61
0.53
0.47
0.66
0.47
0.45
0.53
0.44
0.58
0.61
0.64
0.60
