CorWatt	PkgWatt
4.74	153.42
0.09	77.10
0.08
0.08
0.08
0.08
0.08
0.08
0.08
0.08
0.08
0.07
0.07
0.07
0.07
0.07
0.07
0.08
0.08
0.08
0.08
0.18
0.09
0.09
0.09
0.08
0.08
0.08
0.08
0.07
0.07
0.07
0.07
0.07	76.50
0.07
0.07
0.07
0.08
0.07
0.07
0.07
0.06
0.06
0.06
0.06
0.06
0.06
0.06
0.06
0.07
0.07
0.07
0.07
0.08
0.08
0.08
0.08
0.07
0.07
0.07
0.07
0.06
0.06
0.06
0.06
CorWatt	PkgWatt
4.63	152.16
0.08	75.97
0.08
0.07
0.07
0.07
0.07
0.07
0.07
0.07
0.07
0.06
0.06
0.07
0.07
0.06
0.06
0.07
0.07
0.07
0.07
0.08
0.08
0.08
0.08
0.07
0.07
0.07
0.07
0.06
0.07
0.07
0.06
0.08	76.31
0.07
0.07
0.08
0.08
0.08
0.10
0.08
0.06
0.06
0.07
0.08
0.06
0.06
0.06
0.10
0.08
0.07
0.09
0.10
0.08
0.08
0.08
0.08
0.08
0.07
0.07
0.07
0.06
0.06
0.07
0.06
CorWatt	PkgWatt
102.42	299.51
0.50	143.32
1.56
1.61
1.59
1.57
1.59
1.49
1.49
1.53
1.51
1.49
1.51
1.57
1.54
1.43
1.44
1.55
1.55
1.57
1.55
1.61
1.60
1.54
1.52
1.57
1.54
1.56
1.54
1.53
1.55
1.44
1.44
1.69	155.70
1.64
1.62
1.63
1.65
1.62
1.53
1.55
1.66
1.63
1.61
1.65
1.67
1.62
1.52
1.55
1.63
1.59
1.63
1.63
1.82
1.75
3.43
1.61
1.67
1.73
1.70
1.67
1.67
1.79
1.56
1.53
CorWatt	PkgWatt
122.54	331.51
0.29	162.63
1.92
2.03
1.98
1.96
1.97
1.84
1.85
1.93
1.90
1.88
1.91
1.95
1.93
1.77
1.80
1.96
1.94
1.99
1.95
1.93
1.93
1.81
1.80
1.97
1.92
1.93
1.91
1.88
1.91
1.75
1.76
2.00	169.13
1.96
1.98
1.94
1.98
1.96
1.82
1.82
2.00
2.02
1.97
2.00
2.02
1.99
1.85
1.84
1.96
1.93
1.95
1.96
2.02
2.01
2.92
1.87
2.00
1.97
2.03
1.99
2.00
1.98
1.83
1.79
