CorWatt	PkgWatt
15.09	127.19
0.52	127.19
0.46
0.49
0.52
0.51
0.53
0.51
0.51
0.39
0.45
0.40
0.52
0.52
0.51
0.51
0.52
0.50
0.50
0.54
0.48
0.40
0.43
0.40
0.40
0.38
0.36
0.38
0.36
0.52
0.52
0.55
0.51
CorWatt	PkgWatt
14.89	126.88
0.50	127.03
0.48
0.52
0.50
0.52
0.53
0.52
0.52
0.40
0.44
0.37
0.41
0.50
0.52
0.49
0.52
0.49
0.49
0.56
0.50
0.41
0.40
0.39
0.40
0.36
0.36
0.39
0.36
0.52
0.52
0.55
0.50
CorWatt	PkgWatt
18.19	129.67
0.61	129.54
0.53
0.52
0.58
0.56
0.54
0.57
0.57
0.57
0.59
0.49
0.50
0.75
0.64
0.61
0.62
0.65
0.59
0.63
0.58
0.51
0.58
0.51
0.55
0.45
0.47
0.49
0.44
0.57
0.64
0.71
0.57
CorWatt	PkgWatt
14.90	127.05
0.51	127.01
0.45
0.45
0.45
0.51
0.51
0.51
0.47
0.38
0.44
0.37
0.41
0.64
0.58
0.53
0.55
0.49
0.47
0.50
0.46
0.46
0.40
0.38
0.43
0.36
0.35
0.41
0.35
0.52
0.52
0.53
0.49
