CorWatt	PkgWatt
162.69	411.25
2.02	155.29
2.11
2.10
2.05
2.04
1.94
2.07
2.05
1.94
2.03
2.00
2.02
2.02
2.03
2.07
2.04
2.02
2.07
2.06
2.05
2.06
2.15
2.08
2.13
2.02
2.09
2.06
2.11
1.95
2.07
2.08
2.06
2.17	165.91
2.07
2.60
2.24
1.86
2.23
2.06
2.41
2.54
2.06
2.32
2.32
1.92
2.15
2.24
2.67
2.42
2.28
2.56
2.45
1.85
2.06
1.93
2.08
2.49
1.98
2.06
2.39
2.34
1.91
2.09
1.84
CorWatt	PkgWatt
136.34	328.74
2.05	161.13
2.12
2.10
2.08
2.04
1.97
2.11
2.09
1.94
2.03
2.01
2.04
2.03
2.03
2.06
2.07
2.04
2.09
2.05
2.05
2.06
2.10
2.06
2.13
2.04
2.09
2.06
2.10
1.95
2.08
2.07
2.08
2.05	167.82
2.15
2.15
2.30
2.05
2.31
2.09
2.24
2.84
2.37
2.73
2.62
2.01
2.31
2.10
2.23
2.40
2.28
2.47
2.38
1.90
2.14
2.00
2.25
2.19
1.86
2.07
2.16
2.21
1.94
1.96
1.85
CorWatt	PkgWatt
132.04	322.71
2.02	159.24
2.09
2.06
2.04
2.02
1.94
2.08
2.05
1.94
2.00
2.00
2.01
2.00
2.01
2.04
2.05
2.00
2.04
2.04
2.06
2.01
2.07
2.04
2.11
2.00
2.07
2.02
2.09
1.92
2.06
2.05
2.05
1.94	163.28
1.95
2.04
2.21
1.85
2.10
2.32
2.15
2.45
2.47
2.69
2.43
2.04
1.92
2.45
2.10
2.15
2.07
2.13
1.97
1.85
2.13
1.90
2.32
1.88
2.05
1.92
1.86
1.90
1.92
1.95
1.83
CorWatt	PkgWatt
123.57	295.20
2.00	147.80
2.06
2.06
2.02
2.00
1.91
2.05
2.01
1.95
2.01
2.01
2.00
1.99
1.99
2.04
2.01
2.03
2.07
2.05
2.04
2.05
2.24
2.10
2.13
2.02
2.07
2.05
2.08
1.90
2.01
2.02
2.01
1.87	147.35
1.92
1.85
1.85
1.76
1.89
1.80
1.86
1.73
1.87
1.82
1.81
1.74
1.75
1.80
1.83
1.80
1.82
1.78
1.80
1.83
1.92
1.85
1.93
1.83
1.77
1.82
1.81
1.89
1.86
1.86
1.83
CorWatt	PkgWatt
124.95	294.12
2.08	149.69
2.08
2.10
2.00
2.04
1.93
2.06
2.06
2.03
2.02
2.05
2.01
2.04
2.03
2.06
2.05
2.08
2.07
2.12
2.08
2.11
2.31
2.13
2.15
2.07
2.07
2.09
2.15
1.96
2.02
2.05
2.04
1.87	144.41
1.89
1.86
1.85
1.77
1.89
1.81
1.86
1.73
1.89
1.81
1.83
1.76
1.75
1.78
1.85
1.82
1.81
1.79
1.82
1.83
1.94
1.87
1.95
1.83
1.76
1.80
1.82
1.86
1.98
1.87
1.84
CorWatt	PkgWatt
124.81	286.60
2.03	146.39
2.06
2.05
2.03
2.05
1.94
2.06
2.04
2.02
2.06
2.00
2.04
2.04
2.01
2.05
2.04
2.10
2.08
2.11
2.03
2.09
2.14
2.12
2.10
2.02
2.10
2.12
2.07
1.94
2.00
1.98
2.03
1.88	140.18
1.88
1.84
1.87
1.79
1.89
1.85
1.86
1.75
1.87
1.84
1.84
1.83
1.80
1.80
1.87
1.83
1.84
1.81
1.84
1.87
1.92
1.88
1.97
1.84
1.78
1.82
1.85
1.88
1.91
1.91
1.86
