CorWatt	PkgWatt
15.39	128.12
0.53	128.08
0.49
0.49
0.47
0.53
0.54
0.57
0.53
0.49
0.50
0.41
0.41
0.52
0.54
0.54
0.54
0.49
0.48
0.48
0.48
0.41
0.43
0.41
0.43
0.41
0.39
0.39
0.37
0.53
0.51
0.52
0.54
CorWatt	PkgWatt
15.10	127.40
0.51	127.66
0.49
0.50
0.45
0.51
0.59
0.56
0.56
0.49
0.47
0.38
0.39
0.52
0.55
0.56
0.53
0.45
0.47
0.46
0.47
0.40
0.40
0.38
0.44
0.37
0.41
0.38
0.35
0.53
0.52
0.52
0.50
CorWatt	PkgWatt
69.61	183.36
0.94	183.08
2.16
2.39
2.14
2.28
2.32
2.28
2.30
2.16
2.15
2.08
2.05
2.24
2.24
2.25
2.27
2.27
2.19
2.03
2.07
2.17
2.13
1.92
1.93
2.17
3.57
2.00
1.98
2.34
2.33
2.15
2.08
