CorWatt	PkgWatt
15.92	129.76
0.55	129.78
0.51
0.50
0.48
0.55
0.57
0.55
0.57
0.42
0.55
0.40
0.46
0.57
0.54
0.60
0.54
0.49
0.53
0.52
0.50
0.42
0.41
0.40
0.42
0.39
0.41
0.41
0.38
0.59
0.58
0.55
0.55
CorWatt	PkgWatt
15.91	129.51
0.54	129.68
0.54
0.49
0.47
0.52
0.61
0.54
0.52
0.43
0.51
0.41
0.42
0.58
0.57
0.59
0.55
0.53
0.53
0.52
0.52
0.46
0.42
0.43
0.44
0.41
0.41
0.40
0.37
0.59
0.53
0.55
0.53
CorWatt	PkgWatt
72.13	187.98
0.94	187.78
2.29
2.37
3.95
2.45
2.45
2.46
2.45
2.22
2.23
2.22
2.19
2.38
2.36
2.36
2.38
2.26
2.22
2.08
2.09
2.19
2.22
2.02
1.98
2.17
2.15
1.97
1.97
2.39
2.37
2.19
2.16
