CorWatt	PkgWatt
192.98	363.12
3.21	176.86
3.02
2.91
2.80
2.82
2.81
2.82
2.82
4.87
3.13
2.86
2.92
3.01
2.86
3.01
3.03
3.02
2.88
5.08
2.76
2.95
3.23
2.82
3.30
2.97
2.99
2.72
2.98
3.17
3.20
2.74
2.94
5.29	161.94
2.46
2.60
2.75
2.34
2.40
2.40
2.36
2.37
2.42
2.43
2.40
2.54
2.38
2.41
2.44
5.14
2.56
2.52
2.53
2.43
2.43
2.45
2.56
2.94
2.55
2.37
2.44
2.44
2.34
2.24
2.60
CorWatt	PkgWatt
184.70	341.93
3.22	177.38
3.02
2.81
2.77
2.81
2.80
2.82
2.82
4.87
3.16
2.91
2.91
3.00
2.78
3.02
3.03
3.23
2.96
5.25
2.71
2.94
3.03
2.84
3.31
2.98
3.00
2.74
2.99
3.20
3.22
2.74
2.81
5.17	164.59
2.46
2.59
2.74
2.34
2.40
2.40
2.37
2.30
2.41
2.42
2.40
2.50
2.38
2.41
2.43
5.09
2.55
2.50
2.54
2.40
2.45
2.38
2.57
4.89
2.48
2.37
2.42
2.44
2.35
2.25
2.61
CorWatt	PkgWatt
187.08	366.62
3.32	190.30
3.18
2.95
2.92
2.87
2.89
2.95
2.83
4.95
3.21
2.92
2.93
2.92
2.84
3.05
3.06
3.07
2.95
5.30
2.89
3.00
3.10
2.86
3.35
3.04
3.05
2.82
3.07
3.16
3.35
2.87
2.80
5.22	176.39
2.41
2.48
2.62
2.36
2.42
2.48
2.41
2.32
2.46
2.42
2.50
2.52
2.44
2.49
2.40
5.05
2.48
2.51
2.46
2.59
2.50
2.37
2.65
5.00
2.32
2.42
2.39
2.51
2.49
2.31
2.63
CorWatt	PkgWatt
38.67	199.14
0.29	100.03
0.27
0.31
0.31
0.30
0.30
0.32
0.32
5.73
0.27
0.26
0.27
0.21
0.21
0.21
0.21
0.30
0.31
5.91
0.32
0.27
0.25
0.25
0.24
0.23
0.23
0.22
0.23
0.23
0.22
0.23
0.22
5.77	99.16
0.27
0.26
0.25
0.22
0.22
0.23
0.22
0.25
0.20
0.21
0.24
0.29
0.37
0.27
0.21
0.91
0.22
0.22
0.22
0.22
0.23
0.22
0.22
5.75
0.25
0.25
0.25
0.20
0.20
0.20
0.21
CorWatt	PkgWatt
31.53	188.08
0.25	92.44
0.24
0.24
0.24
0.24
0.23
0.24
0.24
0.92
0.23
0.22
0.22
0.21
0.21
0.21
0.21
0.29
0.30
5.88
0.31
0.25
0.24
0.24
0.24
0.22
0.22
0.22
0.22
0.22
0.21
0.21
0.21
5.74	95.64
0.26
0.25
0.25
0.21
0.21
0.21
0.20
0.18
0.18
0.19
0.18
0.18
0.18
0.18
0.18
0.20
0.20
0.19
0.20
0.21
0.21
0.21
0.21
5.81
0.24
0.24
0.24
0.19
0.19
0.19
0.20
CorWatt	PkgWatt
30.65	187.07
0.26	91.49
0.24
0.24
0.24
0.24
0.23
0.23
0.23
0.21
0.20
0.20
0.20
0.20
0.20
0.20
0.21
0.30
0.30
5.85
0.31
0.25
0.24
0.23
0.24
0.22
0.22
0.22
0.22
0.21
0.21
0.21
0.21
5.74	95.56
0.26
0.25
0.25
0.21
0.20
0.21
0.20
0.18
0.18
0.17
0.18
0.18
0.18
0.18
0.17
0.19
0.19
0.19
0.20
0.20
0.21
0.21
0.38
5.77
0.24
0.24
0.24
0.19
0.18
0.18
0.18
