CorWatt	PkgWatt
15.18	127.12
0.54	127.14
0.49
0.50
0.45
0.53
0.52
0.51
0.50
0.41
0.44
0.40
0.40
0.51
0.54
0.51
0.61
0.51
0.49
0.47
0.48
0.42
0.40
0.40
0.42
0.39
0.38
0.37
0.37
0.58
0.58
0.52
0.54
CorWatt	PkgWatt
14.72	126.69
0.48	126.82
0.48
0.49
0.44
0.51
0.49
0.49
0.49
0.40
0.44
0.41
0.38
0.52
0.51
0.51
0.52
0.48
0.45
0.46
0.45
0.41
0.38
0.40
0.41
0.39
0.38
0.36
0.35
0.59
0.59
0.53
0.56
CorWatt	PkgWatt
23.79	135.18
0.73	135.10
0.75
0.81
0.70
0.84
0.71
0.85
2.74
0.60
0.66
0.54
0.61
0.84
0.80
0.84
0.84
0.71
0.58
0.55
0.60
0.61
0.50
0.57
0.56
0.61
0.55
0.58
0.51
0.78
0.72
0.68
0.80
CorWatt	PkgWatt
17.01	128.56
0.74	128.52
0.67
0.94
1.02
0.49
0.49
0.56
0.61
0.48
0.49
0.48
0.49
0.60
0.60
0.56
0.58
0.45
0.49
0.45
0.46
0.41
0.41
0.43
0.45
0.40
0.37
0.36
0.35
0.57
0.57
0.50
0.54
CorWatt	PkgWatt
17.43	128.85
0.74	128.85
0.74
0.76
1.20
0.52
0.51
0.55
0.60
0.48
0.51
0.42
0.47
0.59
0.58
0.57
0.57
0.48
0.50
0.52
0.50
0.42
0.39
0.41
0.45
0.43
0.43
0.46
0.39
0.57
0.61
0.52
0.54
CorWatt	PkgWatt
16.86	128.39
0.73	128.40
0.71
1.07
0.89
0.49
0.49
0.53
0.60
0.42
0.45
0.42
0.43
0.55
0.55
0.50
0.51
0.45
0.50
0.46
0.48
0.43
0.38
0.38
0.45
0.41
0.42
0.40
0.47
0.58
0.62
0.56
0.55
CorWatt	PkgWatt
17.92	129.42
1.00	129.45
0.86
0.82
0.88
0.64
0.56
0.60
0.65
0.43
0.47
0.42
0.41
0.56
0.56
0.60
0.56
0.48
0.50
0.49
0.49
0.46
0.45
0.47
0.48
0.42
0.44
0.47
0.43
0.56
0.63
0.58
0.56
CorWatt	PkgWatt
16.88	128.49
1.04	128.47
0.93
0.75
0.68
0.64
0.57
0.58
0.51
0.40
0.43
0.44
0.42
0.52
0.51
0.57
0.51
0.44
0.51
0.45
0.45
0.44
0.38
0.38
0.42
0.40
0.40
0.44
0.42
0.56
0.58
0.54
0.56
CorWatt	PkgWatt
18.49	130.53
0.59	130.53
3.05
0.56
0.52
0.57
0.53
0.55
0.59
0.41
0.43
0.38
0.44
0.53
0.54
0.52
0.54
0.49
0.49
0.47
0.51
0.42
0.40
0.44
0.45
0.44
0.44
0.41
0.40
0.64
0.62
0.57
0.57
CorWatt	PkgWatt
18.15	130.52
0.56	130.52
3.15
0.50
0.46
0.58
0.57
0.56
0.65
0.41
0.42
0.42
0.41
0.52
0.51
0.53
0.53
0.50
0.47
0.50
0.46
0.44
0.41
0.38
0.46
0.41
0.39
0.41
0.44
0.52
0.54
0.52
0.53
CorWatt	PkgWatt
18.33	130.47
0.57	130.47
3.15
0.54
0.50
0.49
0.54
0.52
0.58
0.42
0.46
0.39
0.40
0.55
0.55
0.53
0.57
0.49
0.52
0.50
0.50
0.44
0.49
0.43
0.45
0.43
0.37
0.38
0.40
0.53
0.55
0.54
0.55
CorWatt	PkgWatt
18.19	130.61
0.58	130.61
3.15
0.49
0.49
0.58
0.55
0.54
0.64
0.39
0.47
0.45
0.42
0.55
0.52
0.53
0.51
0.48
0.48
0.46
0.46
0.44
0.42
0.42
0.47
0.40
0.37
0.42
0.37
0.53
0.50
0.55
0.55
CorWatt	PkgWatt
20.53	132.16
0.62	132.22
3.08
0.56
0.51
0.56
0.62
0.53
0.63
0.56
0.61
0.53
0.57
0.64
0.64
0.66
0.66
0.61
0.64
0.57
0.56
0.54
0.50
0.49
0.49
0.45
0.42
0.46
0.43
0.60
0.58
0.60
0.61
