CorWatt	PkgWatt
15.60	128.25
0.57	127.60
0.47
0.52
0.49
0.54
0.55
0.58
0.56
0.43
0.47
0.45
0.43
0.51
0.56
0.52
0.52
0.47
0.49
0.53
0.52
0.42
0.42
0.43
0.45
0.39
0.36
0.37
0.36
0.57
0.55
0.52
0.53
CorWatt	PkgWatt
14.82	126.93
0.52	126.93
0.49
0.45
0.44
0.50
0.52
0.49
0.51
0.40
0.45
0.40
0.47
0.50
0.51
0.51
0.52
0.46
0.50
0.51
0.46
0.38
0.41
0.40
0.40
0.39
0.38
0.40
0.37
0.55
0.54
0.51
0.50
CorWatt	PkgWatt
18.50	129.82
0.59	129.84
0.53
0.60
0.52
0.61
0.67
0.61
0.57
0.56
0.54
0.49
0.52
0.61
0.64
0.58
0.64
0.61
0.56
0.63
0.58
0.51
0.47
0.44
0.48
0.52
0.54
0.54
0.55
0.73
0.65
0.70
0.69
CorWatt	PkgWatt
15.04	127.02
0.48	126.97
0.45
0.49
0.44
0.49
0.54
0.49
0.48
0.42
0.46
0.42
0.43
0.50
0.50
0.50
0.51
0.47
0.49
0.56
0.46
0.40
0.39
0.38
0.38
0.41
0.44
0.44
0.41
0.61
0.52
0.57
0.50
