CorWatt	PkgWatt
15.28	127.07
0.52	127.07
0.50
0.51
0.47
0.50
0.65
0.50
0.49
0.40
0.46
0.39
0.43
0.51
0.52
0.57
0.53
0.47
0.52
0.48
0.49
0.43
0.42
0.41
0.42
0.37
0.37
0.37
0.38
0.57
0.54
0.53
0.56
CorWatt	PkgWatt
14.50	126.42
0.50	126.55
0.45
0.46
0.44
0.50
0.56
0.49
0.48
0.41
0.48
0.37
0.39
0.49
0.50
0.57
0.51
0.49
0.50
0.45
0.47
0.40
0.38
0.38
0.38
0.35
0.35
0.35
0.36
0.53
0.52
0.50
0.52
CorWatt	PkgWatt
63.10	175.94
0.95	175.87
1.95
2.02
1.95
2.04
2.29
3.39
1.99
2.02
1.99
1.93
1.94
2.07
2.04
2.06
2.16
1.95
1.99
1.82
1.86
1.90
1.90
1.73
1.70
1.90
1.90
1.74
1.74
2.13
2.08
1.98
1.96
CorWatt	PkgWatt
48.03	161.63
0.64	161.57
1.52
1.59
1.52
1.59
1.60
2.31
1.58
1.53
1.55
1.49
1.49
1.60
1.59
1.66
1.61
1.52
1.54
1.41
1.42
1.46
1.46
1.35
1.30
1.43
1.42
1.32
1.28
1.64
1.62
1.50
1.51
