CorWatt	PkgWatt
15.37	128.03
0.55	128.04
0.50
0.50
0.49
0.54
0.54
0.52
0.51
0.47
0.44
0.39
0.41
0.53
0.55
0.52
0.55
0.47
0.49
0.50
0.51
0.41
0.40
0.40
0.41
0.37
0.38
0.38
0.36
0.67
0.55
0.55
0.52
CorWatt	PkgWatt
15.33	127.25
0.53	127.95
0.49
0.52
0.49
0.51
0.54
0.52
0.51
0.47
0.46
0.43
0.39
0.53
0.55
0.52
0.55
0.48
0.51
0.49
0.55
0.41
0.40
0.40
0.43
0.37
0.39
0.39
0.37
0.54
0.54
0.57
0.52
CorWatt	PkgWatt
68.87	166.52
0.89	187.18
2.25
2.28
2.27
2.33
2.31
2.32
2.25
2.28
2.26
2.26
2.21
2.37
2.39
2.37
2.38
2.38
2.43
2.20
2.30
2.31
3.79
2.10
2.21
2.27
2.25
2.05
2.06
2.47
2.44
2.26
2.25
