CorWatt	PkgWatt
16.44	130.27
0.55	130.28
0.48
0.55
0.50
0.56
0.58
0.58
0.57
0.48
0.56
0.48
0.45
0.56
0.56
0.56
0.58
0.50
0.53
0.49
0.51
0.45
0.43
0.45
0.44
0.41
0.45
0.42
0.45
0.57
0.57
0.61
0.58
CorWatt	PkgWatt
15.55	128.60
0.53	129.37
0.48
0.53
0.48
0.52
0.54
0.55
0.52
0.46
0.46
0.41
0.43
0.54
0.56
0.55
0.57
0.47
0.49
0.47
0.48
0.41
0.40
0.43
0.43
0.41
0.44
0.40
0.40
0.55
0.55
0.57
0.55
CorWatt	PkgWatt
69.92	167.27
0.90	189.17
2.23
2.30
2.29
2.34
2.35
2.39
2.32
2.28
2.27
2.29
2.29
2.47
2.47
2.46
2.69
2.39
2.36
3.70
2.20
2.31
2.30
2.11
2.08
2.32
2.29
2.10
2.11
2.51
2.53
2.32
2.31
