CorWatt	PkgWatt
5.52	155.04
0.09	77.63
0.09
0.09
0.09
0.09
0.09
0.09
0.09
0.08
0.15
0.08
0.08
0.07
0.07
0.07
0.07
0.09
0.09
0.09
0.09
0.18
0.09
0.09
0.09
0.08
0.08
0.08
0.09
0.08
0.08
0.09
0.08
0.10	77.54
0.10
0.09
0.08
0.09
0.09
0.09
0.08
0.08
0.08
0.08
0.08
0.07
0.07
0.07
0.07
0.09
0.08
0.08
0.08
0.09
0.09
0.09
0.09
0.09
0.10
0.08
0.08
0.08
0.07
0.07
0.08
CorWatt	PkgWatt
4.98	152.22
0.10	75.93
0.09
0.08
0.08
0.08
0.09
0.08
0.08
0.07
0.07
0.08
0.07
0.06
0.07
0.07
0.06
0.08
0.08
0.12
0.08
0.10
0.08
0.08
0.08
0.09
0.08
0.08
0.08
0.07
0.07
0.11
0.07
0.10	76.19
0.10
0.08
0.08
0.08
0.08
0.08
0.08
0.07
0.07
0.07
0.08
0.07
0.06
0.06
0.06
0.08
0.07
0.07
0.08
0.08
0.08
0.08
0.08
0.09
0.09
0.07
0.07
0.07
0.07
0.07
0.07
