CorWatt	PkgWatt
15.18	127.99
0.51	127.99
0.47
0.48
0.48
0.53
0.53
0.52
0.56
0.48
0.47
0.40
0.41
0.52
0.54
0.51
0.57
0.46
0.50
0.48
0.49
0.43
0.42
0.42
0.41
0.36
0.37
0.37
0.38
0.54
0.54
0.53
0.52
CorWatt	PkgWatt
14.77	127.60
0.50	127.67
0.45
0.47
0.48
0.55
0.51
0.51
0.55
0.48
0.45
0.39
0.38
0.51
0.55
0.50
0.52
0.45
0.47
0.46
0.52
0.39
0.43
0.38
0.40
0.37
0.37
0.38
0.35
0.51
0.50
0.50
0.49
CorWatt	PkgWatt
68.67	183.80
0.90	183.76
2.12
2.16
2.15
2.18
2.25
2.20
2.18
2.11
2.09
2.09
2.08
2.26
2.24
2.24
2.27
2.21
2.23
3.48
2.11
2.33
2.19
1.99
1.93
2.11
2.00
1.91
1.90
2.32
2.27
2.08
2.11
