CorWatt	PkgWatt
4.48	152.45
0.08	76.64
0.08
0.08
0.08
0.08
0.08
0.08
0.08
0.07
0.07
0.07
0.07
0.07
0.07
0.07
0.07
0.08
0.08
0.08
0.08
0.09
0.08
0.17
0.08
0.08
0.08
0.08
0.08
0.07
0.07
0.07
0.07
0.07	75.91
0.06
0.07
0.06
0.07
0.07
0.07
0.06
0.06
0.06
0.06
0.06
0.06
0.06
0.06
0.06
0.07
0.06
0.06
0.06
0.07
0.07
0.07
0.07
0.06
0.06
0.06
0.06
0.06
0.06
0.06
0.06
CorWatt	PkgWatt
4.64	152.93
0.08	76.27
0.08
0.08
0.08
0.07
0.07
0.07
0.07
0.06
0.06
0.06
0.06
0.07
0.07
0.10
0.10
0.08
0.07
0.07
0.07
0.09
0.08
0.08
0.08
0.07
0.08
0.07
0.07
0.06
0.06
0.06
0.06
0.07	76.52
0.07
0.07
0.07
0.07
0.06
0.07
0.06
0.06
0.06
0.06
0.06
0.08
0.06
0.06
0.06
0.07
0.06
0.07
0.07
0.08
0.07
0.08
0.15
0.09
0.09
0.07
0.08
0.06
0.06
0.06
0.06
CorWatt	PkgWatt
104.65	297.12
0.48	143.06
1.60
1.64
1.62
1.66
1.66
1.56
1.56
1.59
1.57
1.55
1.57
1.64
1.61
1.49
1.50
1.60
1.60
1.60
1.60
1.59
1.61
1.51
1.51
1.61
1.58
1.58
1.57
1.56
1.58
1.47
1.47
1.69	154.22
1.71
1.65
1.66
1.69
1.66
1.59
1.57
1.71
1.71
3.67
1.70
1.75
1.70
1.58
1.61
1.64
1.63
1.68
1.66
1.70
1.70
1.66
1.61
1.80
1.71
1.71
1.73
1.71
1.70
1.57
1.54
