CorWatt	PkgWatt
4.38	153.35
0.09	76.84
0.09
0.08
0.08
0.08
0.08
0.08
0.08
0.07
0.07
0.07
0.06
0.07
0.07
0.07
0.06
0.08
0.08
0.08
0.08
0.08
0.08
0.08
0.07
0.07
0.07
0.07
0.07
0.07
0.07
0.07
0.07
0.06	76.50
0.06
0.06
0.06
0.06
0.06
0.06
0.06
0.06
0.06
0.06
0.06
0.06
0.06
0.06
0.06
0.06
0.06
0.07
0.06
0.07
0.07
0.07
0.07
0.07
0.06
0.06
0.06
0.06
0.06
0.06
0.06
CorWatt	PkgWatt
4.55	151.28
0.09	75.80
0.10
0.09
0.08
0.08
0.09
0.08
0.08
0.11
0.07
0.14
0.07
0.07
0.07
0.06
0.07
0.08
0.08
0.08
0.11
0.09
0.08
0.08
0.07
0.07
0.08
0.07
0.07
0.07
0.07
0.07
0.07
0.06	75.45
0.06
0.06
0.06
0.06
0.06
0.06
0.06
0.06
0.06
0.06
0.07
0.06
0.06
0.06
0.06
0.06
0.06
0.07
0.06
0.07
0.07
0.07
0.06
0.07
0.06
0.06
0.06
0.06
0.06
0.06
0.06
CorWatt	PkgWatt
12.73	174.32
0.43	90.11
0.33
0.19
0.21
0.29
0.50
0.31
0.32
0.30
0.33
0.25
0.22
0.42
0.25
0.20
0.17
0.24
0.27
0.27
0.26
0.30
0.30
0.24
0.31
0.17
0.18
0.34
0.24
0.29
0.23
0.18
0.23
0.13	84.42
0.12
0.15
0.10
0.14
0.10
0.10
0.13
0.12
0.11
0.11
0.11
0.14
0.11
0.15
0.11
0.10
0.10
0.14
0.12
0.14
0.14
0.17
0.12
0.12
0.11
0.21
0.13
0.09
0.14
0.09
0.10
CorWatt	PkgWatt
5.10	152.25
0.11	76.28
0.09
0.11
0.10
0.10
0.09
0.10
0.11
0.08
0.07
0.07
0.09
0.09
0.08
0.08
0.12
0.08
0.08
0.10
0.09
0.10
0.08
0.09
0.08
0.08
0.08
0.07
0.09
0.14
0.07
0.07
0.07
0.08	75.84
0.08
0.08
0.07
0.07
0.07
0.07
0.07
0.07
0.07
0.07
0.06
0.06
0.06
0.06
0.06
0.07
0.07
0.08
0.07
0.08
0.08
0.08
0.07
0.08
0.07
0.07
0.07
0.06
0.07
0.06
0.06
CorWatt	PkgWatt
5.05	152.18
0.09	76.42
0.09
0.11
0.09
0.11
0.10
0.10
0.10
0.08
0.08
0.08
0.13
0.07
0.08
0.07
0.07
0.09
0.09
0.10
0.09
0.14
0.09
0.08
0.08
0.09
0.08
0.08
0.08
0.08
0.08
0.09
0.09
0.07	75.75
0.07
0.08
0.07
0.07
0.07
0.07
0.07
0.06
0.06
0.07
0.06
0.06
0.06
0.06
0.06
0.07
0.07
0.08
0.07
0.07
0.07
0.07
0.07
0.07
0.07
0.07
0.07
0.06
0.06
0.06
0.07
CorWatt	PkgWatt
6.79	157.70
0.14	79.91
0.14
0.16
0.15
0.14
0.14
0.14
0.14
0.12
0.12
0.11
0.16
0.12
0.12
0.12
0.14
0.13
0.13
0.15
0.13
0.14
0.14
0.14
0.14
0.13
0.20
0.13
0.13
0.12
0.13
0.12
0.12
0.08	77.92
0.08
0.08
0.07
0.07
0.07
0.07
0.07
0.07
0.07
0.07
0.07
0.07
0.07
0.07
0.06
0.08
0.07
0.09
0.11
0.11
0.11
0.10
0.10
0.08
0.07
0.07
0.07
0.07
0.07
0.07
0.07
CorWatt	PkgWatt
5.12	154.10
0.10	78.18
0.10
0.11
0.10
0.11
0.09
0.09
0.09
0.09
0.08
0.07
0.08
0.08
0.07
0.07
0.12
0.09
0.09
0.10
0.09
0.10
0.11
0.09
0.09
0.09
0.09
0.09
0.08
0.08
0.08
0.14
0.08
0.07	75.79
0.07
0.08
0.07
0.07
0.07
0.07
0.07
0.06
0.06
0.06
0.06
0.06
0.06
0.06
0.06
0.08
0.07
0.07
0.07
0.07
0.08
0.07
0.07
0.08
0.07
0.07
0.07
0.06
0.06
0.06
0.07
CorWatt	PkgWatt
5.04	153.95
0.10	78.12
0.09
0.12
0.09
0.10
0.08
0.08
0.09
0.08
0.07
0.08
0.08
0.07
0.07
0.11
0.11
0.09
0.09
0.10
0.09
0.10
0.09
0.09
0.09
0.07
0.08
0.09
0.07
0.07
0.08
0.12
0.08
0.07	75.84
0.07
0.08
0.07
0.07
0.07
0.07
0.07
0.07
0.07
0.07
0.07
0.06
0.06
0.07
0.06
0.08
0.07
0.07
0.07
0.07
0.08
0.07
0.07
0.08
0.07
0.07
0.07
0.07
0.07
0.06
0.07
CorWatt	PkgWatt
4.79	151.57
0.09	75.99
0.08
0.11
0.08
0.10
0.08
0.08
0.08
0.07
0.07
0.07
0.08
0.12
0.07
0.08
0.07
0.09
0.08
0.08
0.10
0.09
0.09
0.10
0.10
0.09
0.08
0.07
0.07
0.07
0.11
0.07
0.08
0.07	75.64
0.07
0.08
0.07
0.07
0.06
0.06
0.06
0.06
0.06
0.06
0.06
0.06
0.06
0.06
0.06
0.08
0.07
0.07
0.07
0.07
0.07
0.07
0.07
0.07
0.06
0.07
0.06
0.06
0.06
0.06
0.06
CorWatt	PkgWatt
5.12	155.47
0.10	77.87
0.09
0.11
0.09
0.10
0.09
0.08
0.08
0.07
0.07
0.08
0.09
0.08
0.07
0.08
0.07
0.09
0.08
0.09
0.16
0.09
0.10
0.09
0.09
0.08
0.10
0.08
0.08
0.08
0.07
0.07
0.11
0.08	77.58
0.08
0.08
0.07
0.07
0.07
0.07
0.07
0.07
0.07
0.06
0.07
0.07
0.07
0.07
0.07
0.08
0.08
0.08
0.07
0.07
0.08
0.08
0.07
0.08
0.07
0.07
0.07
0.07
0.07
0.07
0.07
CorWatt	PkgWatt
5.31	156.44
0.11	78.08
0.10
0.11
0.09
0.09
0.08
0.08
0.08
0.07
0.07
0.07
0.07
0.08
0.07
0.07
0.07
0.08
0.09
0.09
0.08
0.09
0.08
0.08
0.08
0.08
0.08
0.08
0.08
0.07
0.07
0.07
0.07
0.10	78.30
0.09
0.09
0.08
0.12
0.10
0.08
0.08
0.07
0.07
0.09
0.08
0.08
0.07
0.07
0.08
0.08
0.11
0.08
0.08
0.09
0.08
0.08
0.13
0.10
0.08
0.08
0.08
0.07
0.09
0.07
0.07
CorWatt	PkgWatt
5.15	155.62
0.09	78.05
0.09
0.11
0.10
0.09
0.08
0.10
0.09
0.07
0.07
0.15
0.08
0.14
0.07
0.07
0.07
0.09
0.09
0.13
0.10
0.09
0.08
0.10
0.08
0.08
0.08
0.08
0.09
0.07
0.07
0.08
0.08
0.07	77.63
0.07
0.08
0.07
0.08
0.08
0.08
0.08
0.06
0.06
0.07
0.06
0.06
0.06
0.06
0.06
0.07
0.08
0.07
0.07
0.08
0.08
0.08
0.07
0.08
0.07
0.07
0.07
0.06
0.06
0.06
0.06
CorWatt	PkgWatt
6.33	160.90
0.10	79.39
0.09
0.10
0.08
0.09
0.09
0.08
0.08
0.07
0.07
0.06
0.07
0.07
0.06
0.06
0.06
0.09
0.09
0.10
0.09
0.09
0.08
0.08
0.08
0.07
0.08
0.07
0.08
0.07
0.07
0.07
0.07
0.12	81.46
0.11
0.13
0.11
0.12
0.10
0.11
0.15
0.10
0.10
0.12
0.09
0.10
0.14
0.12
0.13
0.10
0.11
0.13
0.11
0.18
0.12
0.12
0.12
0.13
0.15
0.11
0.17
0.11
0.15
0.10
0.09
