CorWatt	PkgWatt
15.38	127.44
0.51	127.44
0.43
0.49
0.45
0.54
0.51
0.52
0.55
0.45
0.57
0.41
0.44
0.54
0.54
0.56
0.52
0.49
0.49
0.49
0.49
0.41
0.44
0.41
0.47
0.38
0.37
0.44
0.36
0.54
0.52
0.54
0.52
CorWatt	PkgWatt
14.74	127.06
0.50	127.15
0.45
0.47
0.44
0.49
0.52
0.51
0.57
0.45
0.48
0.39
0.42
0.50
0.51
0.50
0.51
0.48
0.48
0.45
0.46
0.39
0.40
0.41
0.47
0.37
0.35
0.44
0.35
0.53
0.51
0.50
0.49
CorWatt	PkgWatt
20.77	132.21
0.67	132.15
0.56
0.56
0.63
0.63
0.58
0.57
0.70
0.68
0.77
0.62
0.63
0.78
0.78
0.69
0.70
0.69
0.65
0.58
0.60
0.56
0.63
0.57
0.65
0.61
0.68
0.60
0.54
0.74
0.74
0.72
0.66
CorWatt	PkgWatt
15.67	127.76
0.49	127.75
0.45
0.51
0.45
0.49
0.51
0.50
0.58
0.48
0.49
0.41
0.46
0.51
0.58
0.53
0.52
0.51
0.58
0.53
0.51
0.43
0.48
0.44
0.47
0.41
0.35
0.44
0.35
0.54
0.56
0.55
0.56
CorWatt	PkgWatt
15.64	127.65
0.49	127.64
0.44
0.49
0.44
0.49
0.50
0.49
0.58
0.51
0.47
0.39
0.47
0.53
0.56
0.52
0.54
0.45
0.57
0.52
0.50
0.47
0.43
0.40
0.48
0.42
0.41
0.42
0.35
0.58
0.55
0.59
0.57
CorWatt	PkgWatt
17.20	128.74
0.54	128.78
0.48
0.56
0.49
0.57
0.57
0.57
0.60
0.51
0.52
0.46
0.50
0.55
0.62
0.58
0.58
0.54
0.58
0.55
0.53
0.45
0.46
0.45
0.49
0.48
0.48
0.54
0.46
0.71
0.61
0.59
0.59
CorWatt	PkgWatt
15.98	127.96
0.55	127.91
0.50
0.53
0.51
0.54
0.55
0.53
0.64
0.45
0.47
0.40
0.47
0.53
0.56
0.57
0.52
0.46
0.52
0.47
0.49
0.39
0.44
0.42
0.40
0.45
0.40
0.51
0.40
0.56
0.59
0.58
0.57
CorWatt	PkgWatt
15.51	127.50
0.56	127.51
0.47
0.53
0.47
0.58
0.57
0.52
0.57
0.43
0.50
0.39
0.48
0.54
0.54
0.54
0.56
0.44
0.51
0.45
0.46
0.41
0.38
0.38
0.44
0.38
0.43
0.43
0.38
0.52
0.58
0.55
0.53
CorWatt	PkgWatt
15.49	127.47
0.52	127.47
0.45
0.48
0.47
0.58
0.58
0.55
0.51
0.46
0.51
0.42
0.49
0.54
0.51
0.62
0.58
0.46
0.51
0.45
0.48
0.41
0.38
0.39
0.41
0.39
0.40
0.44
0.38
0.55
0.55
0.50
0.51
CorWatt	PkgWatt
15.53	127.64
0.51	127.64
0.44
0.48
0.44
0.56
0.53
0.49
0.52
0.46
0.52
0.46
0.50
0.57
0.56
0.55
0.58
0.47
0.55
0.50
0.52
0.39
0.42
0.38
0.40
0.37
0.40
0.45
0.35
0.56
0.55
0.53
0.52
CorWatt	PkgWatt
15.40	127.42
0.52	127.41
0.45
0.47
0.43
0.55
0.50
0.50
0.52
0.42
0.49
0.39
0.44
0.54
0.55
0.55
0.55
0.50
0.51
0.50
0.50
0.39
0.39
0.39
0.42
0.38
0.44
0.48
0.40
0.53
0.61
0.56
0.54
CorWatt	PkgWatt
15.30	127.51
0.52	127.52
0.45
0.49
0.46
0.51
0.51
0.51
0.55
0.39
0.49
0.37
0.43
0.53
0.54
0.53
0.55
0.50
0.52
0.47
0.58
0.44
0.42
0.39
0.43
0.41
0.42
0.46
0.39
0.52
0.51
0.50
0.53
CorWatt	PkgWatt
18.68	129.96
0.57	129.97
0.49
0.51
0.52
0.51
0.60
0.53
0.60
0.55
0.57
0.53
0.55
0.61
0.63
0.59
0.59
0.60
0.62
0.61
0.62
0.60
0.52
0.49
0.53
0.52
0.53
0.66
0.57
0.71
0.75
0.68
0.74
