CorWatt	PkgWatt
3.86	152.60
0.07	76.53
0.07
0.07
0.07
0.07
0.07
0.07
0.07
0.06
0.06
0.06
0.06
0.06
0.06
0.06
0.06
0.07
0.07
0.07
0.07
0.08
0.07
0.07
0.07
0.07
0.07
0.07
0.07
0.06
0.06
0.06
0.06
0.06	76.15
0.06
0.06
0.06
0.05
0.06
0.05
0.06
0.05
0.05
0.05
0.05
0.05
0.05
0.06
0.05
0.05
0.05
0.05
0.05
0.06
0.06
0.06
0.06
0.05
0.05
0.05
0.05
0.05
0.05
0.05
0.05
CorWatt	PkgWatt
4.57	152.12
0.09	76.13
0.08
0.08
0.09
0.08
0.08
0.08
0.08
0.07
0.07
0.07
0.07
0.06
0.06
0.06
0.06
0.08
0.08
0.08
0.08
0.09
0.09
0.08
0.08
0.08
0.08
0.07
0.08
0.07
0.07
0.07
0.07
0.06	75.94
0.08
0.07
0.08
0.06
0.06
0.06
0.07
0.08
0.08
0.07
0.06
0.06
0.07
0.06
0.06
0.07
0.06
0.06
0.06
0.07
0.07
0.08
0.09
0.06
0.06
0.06
0.10
0.06
0.06
0.06
0.07
CorWatt	PkgWatt
16.82	176.83
2.40	94.50
0.37
0.43
0.44
0.39
0.25
0.23
0.39
0.34
0.36
0.28
0.28
0.35
0.24
0.23
0.31
0.42
0.81
0.24
0.23
0.60
0.36
0.35
0.34
0.40
0.21
0.22
0.43
0.19
0.21
0.35
0.37
0.14	82.40
0.14
0.17
0.15
0.11
0.12
0.11
0.11
0.11
0.12
0.11
0.11
0.10
0.12
0.11
0.10
0.12
0.12
0.11
0.12
0.11
0.12
0.12
0.14
0.11
0.11
0.11
0.11
0.11
0.11
0.12
0.12
CorWatt	PkgWatt
7.65	156.91
0.76	81.85
0.18
0.18
0.18
0.62
0.23
0.23
0.23
0.13
0.13
0.13
0.13
0.13
0.13
0.13
0.13
0.14
0.14
0.14
0.14
0.16
0.15
0.15
0.15
0.13
0.13
0.13
0.13
0.13
0.13
0.13
0.13
0.06	75.01
0.06
0.06
0.06
0.06
0.06
0.05
0.05
0.06
0.06
0.06
0.05
0.05
0.06
0.05
0.05
0.05
0.05
0.05
0.05
0.06
0.06
0.06
0.06
0.05
0.05
0.05
0.05
0.05
0.05
0.05
0.05
CorWatt	PkgWatt
7.76	156.92
0.19	81.98
0.16
0.16
0.16
1.07
0.32
0.32
0.31
0.13
0.13
0.13
0.14
0.13
0.13
0.13
0.13
0.15
0.14
0.15
0.14
0.16
0.15
0.15
0.15
0.14
0.14
0.13
0.14
0.13
0.13
0.13
0.13
0.06	74.86
0.06
0.06
0.06
0.05
0.05
0.05
0.05
0.06
0.06
0.05
0.05
0.05
0.06
0.05
0.05
0.05
0.05
0.05
0.05
0.06
0.06
0.06
0.06
0.05
0.05
0.05
0.05
0.05
0.05
0.05
0.06
CorWatt	PkgWatt
9.16	162.12
0.22	85.10
0.22
0.22
0.24
0.49
0.34
0.95
0.35
0.17
0.16
0.15
0.16
0.16
0.16
0.16
0.16
0.17
0.17
0.17
0.17
0.22
0.21
0.20
0.21
0.19
0.17
0.17
0.19
0.16
0.16
0.16
0.17
0.06	77.15
0.06
0.06
0.06
0.06
0.06
0.06
0.06
0.06
0.06
0.06
0.06
0.06
0.07
0.06
0.06
0.06
0.06
0.06
0.06
0.06
0.06
0.07
0.07
0.06
0.06
0.06
0.06
0.06
0.06
0.06
0.06
CorWatt	PkgWatt
7.71	156.80
0.17	82.05
0.16
0.16
0.18
0.32
0.32
1.09
0.32
0.13
0.13
0.13
0.13
0.13
0.13
0.13
0.13
0.15
0.15
0.15
0.15
0.16
0.15
0.15
0.15
0.14
0.14
0.14
0.14
0.13
0.13
0.13
0.13
0.05	74.65
0.05
0.05
0.05
0.05
0.05
0.05
0.05
0.05
0.05
0.05
0.05
0.05
0.05
0.05
0.05
0.05
0.05
0.05
0.05
0.05
0.05
0.06
0.05
0.05
0.05
0.05
0.05
0.05
0.05
0.05
0.05
CorWatt	PkgWatt
7.83	157.04
0.17	82.26
0.16
0.16
0.18
0.32
0.32
1.10
0.32
0.14
0.14
0.14
0.15
0.14
0.14
0.21
0.13
0.15
0.15
0.14
0.14
0.16
0.15
0.15
0.15
0.14
0.14
0.14
0.14
0.14
0.13
0.13
0.13
0.05	74.76
0.05
0.06
0.05
0.05
0.05
0.05
0.05
0.06
0.05
0.05
0.05
0.05
0.05
0.05
0.05
0.05
0.05
0.05
0.05
0.05
0.05
0.06
0.05
0.05
0.05
0.05
0.05
0.05
0.05
0.05
0.05
CorWatt	PkgWatt
7.67	156.74
0.17	82.04
0.16
0.16
0.18
0.31
0.31
1.10
0.32
0.13
0.13
0.13
0.13
0.13
0.13
0.13
0.13
0.15
0.14
0.14
0.15
0.16
0.15
0.15
0.15
0.14
0.14
0.14
0.14
0.13
0.13
0.13
0.13
0.05	74.68
0.05
0.05
0.05
0.05
0.05
0.05
0.05
0.05
0.05
0.05
0.05
0.05
0.05
0.05
0.05
0.05
0.05
0.05
0.05
0.05
0.05
0.05
0.05
0.05
0.05
0.05
0.05
0.05
0.05
0.05
0.05
CorWatt	PkgWatt
9.08	158.65
0.17	83.73
0.17
0.16
0.19
0.27
2.37
0.27
0.27
0.14
0.13
0.14
0.14
0.14
0.14
0.13
0.13
0.15
0.15
0.15
0.15
0.17
0.15
0.15
0.15
0.14
0.14
0.14
0.14
0.14
0.14
0.14
0.14
0.06	74.98
0.06
0.06
0.06
0.06
0.06
0.06
0.06
0.06
0.05
0.05
0.05
0.05
0.05
0.05
0.05
0.06
0.06
0.05
0.06
0.06
0.06
0.06
0.06
0.05
0.05
0.05
0.05
0.05
0.05
0.05
0.05
CorWatt	PkgWatt
10.05	160.27
0.16	85.54
0.16
0.16
0.18
0.20
3.92
0.20
0.20
0.13
0.13
0.13
0.13
0.13
0.13
0.13
0.13
0.14
0.14
0.14
0.14
0.16
0.15
0.15
0.15
0.14
0.14
0.14
0.14
0.13
0.13
0.13
0.13
0.05	74.64
0.05
0.05
0.05
0.05
0.05
0.05
0.05
0.05
0.05
0.05
0.05
0.05
0.05
0.05
0.05
0.05
0.05
0.05
0.05
0.05
0.05
0.05
0.05
0.05
0.05
0.05
0.05
0.05
0.05
0.05
0.05
CorWatt	PkgWatt
10.07	160.04
0.17	85.53
0.16
0.16
0.18
0.20
3.92
0.20
0.20
0.13
0.13
0.13
0.13
0.13
0.13
0.13
0.13
0.14
0.14
0.14
0.14
0.16
0.15
0.15
0.15
0.14
0.14
0.14
0.14
0.13
0.13
0.13
0.13
0.05	74.64
0.05
0.05
0.05
0.05
0.05
0.05
0.05
0.05
0.05
0.05
0.05
0.05
0.05
0.05
0.05
0.05
0.05
0.05
0.05
0.05
0.05
0.05
0.05
0.05
0.05
0.05
0.05
0.05
0.05
0.05
0.05
CorWatt	PkgWatt
10.09	160.31
0.16	85.56
0.16
0.16
0.18
0.20
3.92
0.20
0.20
0.13
0.13
0.13
0.13
0.13
0.13
0.13
0.13
0.14
0.14
0.14
0.14
0.16
0.15
0.15
0.15
0.14
0.14
0.14
0.14
0.13
0.13
0.13
0.13
0.05	74.65
0.05
0.05
0.05
0.05
0.05
0.05
0.05
0.05
0.05
0.05
0.05
0.05
0.05
0.05
0.05
0.05
0.05
0.05
0.05
0.05
0.05
0.05
0.05
0.05
0.05
0.05
0.05
0.05
0.05
0.05
0.05
CorWatt	PkgWatt
10.33	160.59
0.17	85.62
0.16
0.16
0.18
0.20
3.93
0.20
0.20
0.13
0.13
0.13
0.13
0.13
0.13
0.13
0.13
0.15
0.15
0.15
0.15
0.16
0.15
0.15
0.15
0.14
0.14
0.14
0.14
0.13
0.13
0.13
0.13
0.06	75.04
0.06
0.06
0.06
0.06
0.06
0.06
0.06
0.05
0.05
0.06
0.05
0.05
0.05
0.05
0.05
0.06
0.06
0.05
0.06
0.06
0.06
0.06
0.06
0.05
0.05
0.05
0.05
0.05
0.05
0.05
0.06
CorWatt	PkgWatt
10.13	162.15
0.17	87.43
0.16
0.16
0.18
0.20
3.94
0.20
0.20
0.13
0.13
0.13
0.14
0.13
0.13
0.13
0.13
0.14
0.14
0.14
0.14
0.16
0.15
0.15
0.15
0.14
0.14
0.14
0.14
0.13
0.13
0.13
0.13
0.05	74.66
0.05
0.05
0.05
0.05
0.05
0.05
0.05
0.05
0.05
0.05
0.05
0.05
0.05
0.05
0.05
0.05
0.05
0.05
0.05
0.05
0.05
0.05
0.05
0.05
0.05
0.05
0.05
0.05
0.05
0.05
0.05
CorWatt	PkgWatt
10.04	160.11
0.17	85.51
0.16
0.16
0.18
0.20
3.92
0.20
0.20
0.13
0.13
0.13
0.13
0.13
0.13
0.13
0.13
0.14
0.14
0.14
0.14
0.16
0.15
0.15
0.15
0.14
0.14
0.13
0.14
0.13
0.13
0.13
0.13
0.05	74.59
0.05
0.05
0.05
0.05
0.05
0.05
0.05
0.05
0.05
0.05
0.05
0.05
0.05
0.05
0.05
0.05
0.05
0.05
0.05
0.05
0.05
0.05
0.05
0.05
0.05
0.05
0.05
0.05
0.05
0.05
0.05
CorWatt	PkgWatt
10.09	160.18
0.17	85.60
0.16
0.16
0.18
0.20
3.92
0.20
0.20
0.13
0.13
0.13
0.15
0.13
0.13
0.13
0.13
0.14
0.14
0.14
0.14
0.16
0.15
0.15
0.15
0.14
0.14
0.14
0.14
0.13
0.13
0.13
0.13
0.05	74.68
0.05
0.05
0.05
0.05
0.05
0.05
0.05
0.05
0.05
0.05
0.05
0.05
0.05
0.05
0.05
0.05
0.05
0.05
0.05
0.05
0.05
0.05
0.05
0.05
0.05
0.05
0.05
0.05
0.05
0.05
0.05
CorWatt	PkgWatt
10.39	160.77
0.17	85.73
0.16
0.16
0.18
0.20
3.93
0.20
0.20
0.13
0.13
0.13
0.14
0.13
0.13
0.21
0.13
0.15
0.15
0.15
0.15
0.16
0.15
0.15
0.15
0.14
0.14
0.14
0.14
0.13
0.13
0.13
0.13
0.06	75.00
0.06
0.06
0.06
0.06
0.06
0.06
0.06
0.06
0.06
0.06
0.06
0.05
0.06
0.05
0.05
0.06
0.06
0.06
0.06
0.06
0.06
0.06
0.06
0.05
0.05
0.05
0.05
0.05
0.05
0.05
0.05
CorWatt	PkgWatt
10.11	160.24
0.16	85.52
0.16
0.16
0.18
0.20
3.92
0.20
0.20
0.13
0.13
0.13
0.13
0.13
0.13
0.13
0.13
0.14
0.14
0.14
0.14
0.16
0.15
0.15
0.15
0.14
0.14
0.14
0.14
0.13
0.13
0.13
0.13
0.05	74.71
0.05
0.05
0.05
0.05
0.05
0.05
0.05
0.05
0.05
0.05
0.05
0.05
0.05
0.05
0.05
0.05
0.05
0.05
0.05
0.05
0.05
0.05
0.05
0.05
0.05
0.05
0.05
0.05
0.05
0.05
0.05
CorWatt	PkgWatt
10.11	160.20
0.17	85.61
0.16
0.16
0.18
0.20
3.92
0.20
0.20
0.13
0.13
0.13
0.13
0.13
0.13
0.13
0.13
0.14
0.14
0.14
0.14
0.16
0.15
0.15
0.15
0.14
0.14
0.14
0.14
0.13
0.13
0.13
0.13
0.05	74.65
0.05
0.05
0.05
0.05
0.05
0.05
0.05
0.05
0.05
0.05
0.05
0.05
0.05
0.05
0.05
0.05
0.05
0.05
0.05
0.05
0.05
0.05
0.05
0.05
0.05
0.05
0.05
0.05
0.05
0.05
0.05
CorWatt	PkgWatt
12.06	164.37
0.22	86.10
0.22
0.28
0.22
0.20
1.76
0.19
0.21
0.20
0.19
0.19
0.19
0.19
0.19
0.18
0.19
0.20
0.20
0.19
0.20
0.21
0.20
0.20
0.20
0.19
0.19
0.19
0.20
0.20
0.20
0.20
0.95
0.11	78.26
0.10
0.11
0.11
0.11
0.11
0.11
0.11
0.09
0.10
0.10
0.10
0.10
0.09
0.09
0.10
0.11
0.11
0.10
0.10
0.09
0.10
0.09
0.10
0.11
0.10
0.10
0.10
0.10
0.10
0.10
0.11
CorWatt	PkgWatt
8.59	157.97
0.37	82.93
0.36
1.35
0.36
0.16
0.16
0.16
0.16
0.15
0.14
0.14
0.15
0.14
0.14
0.14
0.14
0.16
0.16
0.16
0.16
0.17
0.16
0.16
0.16
0.15
0.15
0.15
0.15
0.15
0.15
0.15
0.18
0.06	75.05
0.06
0.06
0.06
0.06
0.06
0.06
0.06
0.06
0.06
0.06
0.06
0.06
0.06
0.06
0.06
0.06
0.06
0.06
0.06
0.06
0.06
0.06
0.06
0.06
0.06
0.06
0.06
0.06
0.06
0.06
0.06
CorWatt	PkgWatt
8.44	157.99
0.39	83.21
0.83
0.88
0.38
0.16
0.16
0.16
0.16
0.15
0.14
0.14
0.15
0.14
0.14
0.14
0.14
0.16
0.16
0.16
0.16
0.18
0.16
0.16
0.16
0.15
0.15
0.15
0.15
0.16
0.16
0.16
0.18
0.05	74.72
0.05
0.05
0.05
0.05
0.05
0.05
0.05
0.05
0.05
0.05
0.05
0.05
0.05
0.05
0.05
0.05
0.05
0.05
0.05
0.05
0.05
0.05
0.05
0.05
0.05
0.05
0.05
0.05
0.05
0.05
0.05
CorWatt	PkgWatt
8.44	157.82
0.39	83.24
1.01
0.70
0.38
0.16
0.16
0.16
0.16
0.15
0.15
0.15
0.15
0.14
0.14
0.14
0.14
0.16
0.16
0.16
0.16
0.18
0.16
0.16
0.16
0.16
0.15
0.15
0.15
0.16
0.16
0.16
0.18
0.05	74.57
0.05
0.05
0.05
0.05
0.05
0.05
0.05
0.05
0.05
0.05
0.05
0.05
0.05
0.05
0.05
0.05
0.05
0.05
0.05
0.05
0.05
0.05
0.05
0.05
0.05
0.05
0.05
0.05
0.05
0.05
0.05
CorWatt	PkgWatt
8.54	157.88
0.39	83.23
0.72
1.00
0.38
0.16
0.16
0.16
0.16
0.15
0.15
0.15
0.15
0.14
0.15
0.14
0.14
0.16
0.16
0.16
0.16
0.18
0.16
0.16
0.16
0.16
0.15
0.15
0.15
0.16
0.16
0.16
0.18
0.05	74.74
0.05
0.05
0.05
0.05
0.05
0.05
0.05
0.05
0.05
0.05
0.05
0.05
0.05
0.05
0.05
0.05
0.05
0.05
0.05
0.06
0.05
0.06
0.06
0.05
0.05
0.05
0.05
0.05
0.05
0.05
0.05
CorWatt	PkgWatt
8.89	158.61
0.39	83.28
0.38
1.34
0.38
0.16
0.16
0.16
0.16
0.15
0.15
0.15
0.15
0.15
0.15
0.14
0.14
0.16
0.16
0.16
0.16
0.18
0.17
0.17
0.16
0.16
0.15
0.15
0.16
0.16
0.16
0.16
0.18
0.06	75.32
0.06
0.06
0.06
0.06
0.06
0.06
0.06
0.06
0.06
0.06
0.06
0.06
0.06
0.06
0.06
0.06
0.06
0.06
0.06
0.07
0.06
0.06
0.06
0.06
0.06
0.06
0.10
0.06
0.06
0.06
0.08
CorWatt	PkgWatt
8.75	158.33
0.39	83.28
0.91
0.80
0.39
0.16
0.16
0.16
0.16
0.15
0.15
0.15
0.15
0.14
0.14
0.14
0.14
0.16
0.16
0.16
0.16
0.18
0.17
0.16
0.16
0.16
0.15
0.15
0.16
0.16
0.16
0.16
0.18
0.06	75.02
0.06
0.06
0.06
0.06
0.06
0.06
0.06
0.05
0.06
0.05
0.05
0.05
0.05
0.05
0.05
0.06
0.06
0.06
0.06
0.07
0.06
0.06
0.06
0.06
0.06
0.06
0.06
0.07
0.06
0.06
0.06
CorWatt	PkgWatt
8.57	157.93
0.39	83.32
0.90
0.82
0.38
0.16
0.16
0.16
0.16
0.15
0.15
0.15
0.15
0.15
0.15
0.22
0.14
0.16
0.16
0.16
0.16
0.18
0.17
0.17
0.16
0.15
0.15
0.15
0.15
0.16
0.16
0.16
0.18
0.05	74.69
0.05
0.05
0.05
0.05
0.05
0.05
0.05
0.05
0.05
0.05
0.05
0.05
0.05
0.05
0.05
0.05
0.05
0.05
0.05
0.06
0.05
0.05
0.05
0.05
0.05
0.05
0.05
0.05
0.05
0.05
0.05
CorWatt	PkgWatt
8.46	158.01
0.39	83.18
0.72
0.88
0.49
0.16
0.16
0.16
0.16
0.14
0.14
0.15
0.15
0.14
0.14
0.14
0.14
0.16
0.16
0.16
0.16
0.18
0.16
0.16
0.16
0.15
0.15
0.15
0.15
0.16
0.16
0.16
0.18
0.05	74.71
0.05
0.05
0.05
0.05
0.05
0.05
0.05
0.05
0.05
0.05
0.05
0.05
0.05
0.05
0.05
0.05
0.05
0.05
0.05
0.06
0.05
0.05
0.05
0.05
0.05
0.05
0.05
0.05
0.05
0.05
0.05
CorWatt	PkgWatt
8.68	158.23
0.40	83.23
1.04
0.68
0.38
0.16
0.16
0.16
0.16
0.15
0.15
0.15
0.15
0.14
0.15
0.14
0.14
0.16
0.16
0.16
0.16
0.18
0.17
0.17
0.16
0.16
0.15
0.15
0.16
0.16
0.16
0.16
0.18
0.06	74.98
0.06
0.06
0.06
0.06
0.06
0.06
0.05
0.05
0.05
0.05
0.05
0.05
0.05
0.05
0.05
0.06
0.06
0.05
0.06
0.06
0.06
0.06
0.06
0.06
0.05
0.05
0.05
0.05
0.05
0.05
0.06
CorWatt	PkgWatt
8.47	157.79
0.39	83.23
0.55
1.16
0.38
0.16
0.16
0.16
0.16
0.14
0.14
0.15
0.15
0.14
0.14
0.15
0.14
0.16
0.16
0.16
0.16
0.18
0.16
0.16
0.16
0.15
0.15
0.15
0.15
0.16
0.16
0.16
0.18
0.05	74.68
0.05
0.05
0.05
0.05
0.05
0.05
0.05
0.05
0.05
0.05
0.05
0.05
0.05
0.05
0.05
0.05
0.05
0.05
0.05
0.05
0.05
0.05
0.05
0.05
0.05
0.05
0.05
0.05
0.05
0.05
0.05
CorWatt	PkgWatt
8.54	158.19
0.39	83.30
0.94
0.78
0.38
0.16
0.16
0.16
0.16
0.15
0.15
0.16
0.15
0.14
0.14
0.15
0.14
0.16
0.16
0.16
0.16
0.18
0.17
0.16
0.16
0.15
0.16
0.15
0.15
0.16
0.15
0.16
0.18
0.05	74.77
0.05
0.05
0.06
0.05
0.05
0.05
0.05
0.05
0.05
0.05
0.05
0.05
0.05
0.05
0.05
0.05
0.05
0.05
0.05
0.06
0.05
0.05
0.05
0.05
0.05
0.05
0.05
0.05
0.05
0.05
0.06
CorWatt	PkgWatt
8.41	157.79
0.38	83.16
0.41
1.29
0.38
0.16
0.16
0.16
0.16
0.14
0.14
0.15
0.15
0.14
0.14
0.15
0.14
0.16
0.16
0.16
0.16
0.18
0.16
0.16
0.16
0.15
0.15
0.15
0.15
0.15
0.15
0.15
0.18
0.05	74.64
0.05
0.05
0.05
0.05
0.05
0.05
0.05
0.05
0.05
0.05
0.05
0.05
0.05
0.05
0.05
0.05
0.05
0.05
0.05
0.05
0.05
0.05
0.05
0.05
0.05
0.05
0.05
0.05
0.05
0.05
0.05
CorWatt	PkgWatt
8.76	158.27
0.39	83.29
0.79
0.93
0.39
0.16
0.16
0.16
0.16
0.15
0.15
0.15
0.15
0.15
0.15
0.15
0.15
0.16
0.16
0.16
0.16
0.18
0.17
0.17
0.16
0.16
0.16
0.16
0.16
0.16
0.16
0.16
0.18
0.06	75.03
0.06
0.06
0.06
0.06
0.06
0.06
0.06
0.06
0.06
0.06
0.06
0.05
0.05
0.05
0.05
0.06
0.06
0.06
0.06
0.06
0.06
0.06
0.06
0.06
0.06
0.06
0.06
0.06
0.06
0.05
0.06
CorWatt	PkgWatt
8.50	157.96
0.39	83.29
0.38
1.34
0.38
0.16
0.16
0.16
0.16
0.15
0.14
0.15
0.15
0.14
0.14
0.15
0.14
0.16
0.16
0.16
0.16
0.18
0.16
0.16
0.16
0.16
0.15
0.15
0.15
0.16
0.16
0.16
0.18
0.05	74.72
0.05
0.05
0.06
0.05
0.05
0.05
0.05
0.05
0.05
0.05
0.05
0.05
0.05
0.05
0.05
0.05
0.05
0.05
0.05
0.05
0.05
0.05
0.05
0.05
0.05
0.05
0.05
0.05
0.05
0.05
0.05
CorWatt	PkgWatt
8.62	158.08
0.41	83.40
0.61
1.23
0.40
0.16
0.16
0.16
0.16
0.15
0.14
0.15
0.15
0.14
0.15
0.15
0.14
0.16
0.16
0.16
0.16
0.18
0.17
0.16
0.16
0.16
0.16
0.15
0.15
0.16
0.16
0.16
0.18
0.05	74.58
0.05
0.05
0.05
0.05
0.05
0.05
0.05
0.05
0.05
0.05
0.05
0.05
0.05
0.05
0.05
0.05
0.05
0.05
0.05
0.05
0.05
0.05
0.05
0.05
0.05
0.05
0.05
0.05
0.05
0.05
0.05
CorWatt	PkgWatt
8.66	158.09
0.42	83.40
0.96
0.91
0.41
0.16
0.16
0.16
0.16
0.14
0.14
0.15
0.15
0.14
0.14
0.14
0.14
0.16
0.16
0.16
0.16
0.18
0.16
0.16
0.16
0.15
0.15
0.15
0.15
0.16
0.15
0.16
0.18
0.05	74.68
0.05
0.05
0.06
0.05
0.05
0.05
0.05
0.05
0.05
0.05
0.05
0.05
0.05
0.05
0.05
0.05
0.05
0.05
0.05
0.05
0.05
0.05
0.05
0.05
0.05
0.05
0.05
0.05
0.05
0.05
0.05
CorWatt	PkgWatt
8.98	158.32
0.42	83.49
1.35
0.53
0.41
0.16
0.16
0.16
0.16
0.15
0.15
0.15
0.15
0.15
0.15
0.22
0.14
0.16
0.16
0.16
0.16
0.18
0.17
0.17
0.16
0.16
0.15
0.15
0.15
0.16
0.16
0.16
0.18
0.06	74.96
0.06
0.06
0.06
0.06
0.06
0.06
0.06
0.06
0.05
0.05
0.05
0.05
0.05
0.05
0.05
0.06
0.06
0.06
0.06
0.06
0.06
0.06
0.06
0.06
0.06
0.05
0.05
0.06
0.06
0.06
0.06
CorWatt	PkgWatt
11.39	163.52
0.22	85.10
0.22
0.22
0.22
0.18
0.18
0.18
0.19
0.20
0.20
0.20
0.96
0.27
0.83
0.28
0.28
0.20
0.20
0.21
0.22
0.20
0.20
0.22
0.22
0.19
0.20
0.21
0.21
0.20
0.20
0.19
0.25
0.10	78.35
0.11
0.11
0.11
0.10
0.10
0.10
0.10
0.09
0.10
0.10
0.09
0.10
0.10
0.10
0.10
0.10
0.10
0.11
0.11
0.10
0.10
0.10
0.10
0.10
0.11
0.10
0.11
0.09
0.10
0.10
0.10
CorWatt	PkgWatt
8.52	157.73
0.17	83.14
0.16
0.16
0.16
0.16
0.16
0.16
0.16
0.15
0.15
0.15
0.17
0.38
1.28
0.57
0.39
0.16
0.16
0.16
0.16
0.17
0.16
0.16
0.16
0.15
0.14
0.14
0.14
0.14
0.14
0.14
0.14
0.05	74.53
0.05
0.05
0.05
0.05
0.05
0.05
0.05
0.05
0.05
0.05
0.05
0.05
0.05
0.05
0.05
0.05
0.05
0.05
0.05
0.05
0.05
0.05
0.05
0.05
0.05
0.05
0.05
0.05
0.05
0.05
0.05
CorWatt	PkgWatt
8.56	157.76
0.17	83.13
0.16
0.16
0.16
0.16
0.16
0.16
0.16
0.15
0.15
0.15
0.17
0.38
1.06
0.78
0.39
0.16
0.16
0.16
0.16
0.17
0.16
0.16
0.16
0.15
0.14
0.14
0.15
0.14
0.14
0.14
0.14
0.05	74.73
0.05
0.05
0.05
0.05
0.05
0.05
0.05
0.05
0.05
0.05
0.05
0.05
0.05
0.05
0.05
0.05
0.05
0.05
0.05
0.05
0.05
0.05
0.05
0.05
0.05
0.05
0.05
0.05
0.05
0.05
0.05
CorWatt	PkgWatt
8.79	158.22
0.18	83.20
0.16
0.16
0.17
0.16
0.16
0.16
0.16
0.15
0.15
0.15
0.18
0.38
0.39
0.56
1.28
0.16
0.16
0.16
0.16
0.18
0.16
0.16
0.16
0.15
0.15
0.15
0.15
0.15
0.14
0.14
0.14
0.06	74.92
0.06
0.06
0.06
0.06
0.06
0.06
0.05
0.05
0.05
0.05
0.05
0.05
0.05
0.05
0.05
0.06
0.06
0.05
0.06
0.06
0.06
0.06
0.06
0.05
0.05
0.05
0.05
0.05
0.05
0.05
0.05
CorWatt	PkgWatt
10.57	172.41
0.16	97.70
0.16
0.16
0.16
0.16
0.15
0.16
0.15
0.15
0.15
0.15
0.17
0.28
0.28
0.28
3.83
0.15
0.15
0.15
0.15
0.17
0.16
0.16
0.15
0.14
0.14
0.14
0.14
0.14
0.14
0.14
0.14
0.05	74.72
0.05
0.05
0.05
0.05
0.05
0.05
0.05
0.05
0.05
0.05
0.05
0.05
0.05
0.05
0.05
0.05
0.05
0.05
0.05
0.05
0.05
0.05
0.05
0.05
0.05
0.05
0.05
0.05
0.05
0.05
0.05
CorWatt	PkgWatt
12.11	184.42
0.16	109.91
0.16
0.16
0.16
0.16
0.15
0.16
0.15
0.15
0.15
0.15
0.16
0.18
0.19
0.19
5.70
0.15
0.15
0.15
0.15
0.16
0.16
0.15
0.15
0.15
0.15
0.14
0.15
0.14
0.14
0.14
0.14
0.05	74.55
0.05
0.05
0.05
0.05
0.05
0.05
0.05
0.05
0.05
0.05
0.05
0.05
0.05
0.05
0.05
0.05
0.05
0.05
0.05
0.05
0.05
0.05
0.05
0.05
0.05
0.05
0.05
0.05
0.05
0.05
0.05
CorWatt	PkgWatt
12.08	184.52
0.16	109.78
0.16
0.16
0.16
0.16
0.15
0.16
0.15
0.15
0.15
0.15
0.16
0.18
0.19
0.18
5.71
0.15
0.15
0.15
0.15
0.17
0.15
0.15
0.15
0.14
0.14
0.14
0.14
0.14
0.14
0.14
0.14
0.05	74.68
0.05
0.05
0.05
0.05
0.05
0.05
0.05
0.05
0.05
0.05
0.05
0.05
0.05
0.05
0.05
0.05
0.05
0.05
0.05
0.05
0.05
0.05
0.05
0.05
0.05
0.05
0.05
0.05
0.05
0.05
0.05
CorWatt	PkgWatt
12.23	184.80
0.17	109.93
0.16
0.16
0.16
0.16
0.15
0.16
0.15
0.15
0.15
0.15
0.16
0.18
0.19
0.18
5.70
0.15
0.15
0.15
0.15
0.17
0.16
0.15
0.15
0.15
0.15
0.14
0.15
0.14
0.14
0.14
0.14
0.06	74.85
0.06
0.05
0.06
0.05
0.05
0.05
0.05
0.05
0.05
0.05
0.05
0.05
0.05
0.05
0.05
0.05
0.05
0.05
0.05
0.06
0.06
0.06
0.06
0.05
0.05
0.05
0.05
0.05
0.05
0.05
0.05
CorWatt	PkgWatt
12.09	184.28
0.16	109.82
0.16
0.16
0.16
0.16
0.15
0.16
0.15
0.15
0.15
0.15
0.16
0.18
0.19
0.18
5.70
0.15
0.15
0.15
0.15
0.17
0.15
0.15
0.15
0.14
0.14
0.14
0.14
0.14
0.14
0.14
0.14
0.05	74.61
0.05
0.05
0.05
0.05
0.05
0.05
0.05
0.05
0.05
0.05
0.05
0.05
0.05
0.05
0.05
0.05
0.05
0.05
0.05
0.05
0.05
0.05
0.05
0.05
0.05
0.05
0.05
0.05
0.05
0.05
0.05
CorWatt	PkgWatt
12.24	184.81
0.17	109.96
0.16
0.16
0.16
0.16
0.15
0.16
0.15
0.15
0.15
0.15
0.17
0.18
0.19
0.26
5.71
0.15
0.15
0.15
0.15
0.17
0.16
0.16
0.15
0.14
0.14
0.14
0.14
0.14
0.14
0.14
0.14
0.05	74.74
0.05
0.05
0.05
0.05
0.05
0.05
0.05
0.05
0.05
0.05
0.05
0.05
0.05
0.05
0.05
0.05
0.05
0.05
0.05
0.05
0.05
0.05
0.05
0.05
0.05
0.05
0.05
0.05
0.05
0.05
0.05
CorWatt	PkgWatt
12.15	184.39
0.16	109.84
0.16
0.16
0.16
0.16
0.15
0.16
0.15
0.15
0.15
0.15
0.16
0.18
0.19
0.19
5.69
0.15
0.15
0.15
0.15
0.17
0.15
0.15
0.15
0.14
0.14
0.14
0.14
0.14
0.14
0.14
0.14
0.05	74.69
0.05
0.05
0.06
0.05
0.05
0.05
0.05
0.05
0.05
0.05
0.05
0.05
0.05
0.05
0.05
0.05
0.05
0.05
0.05
0.05
0.05
0.05
0.05
0.05
0.05
0.05
0.05
0.05
0.05
0.05
0.05
CorWatt	PkgWatt
12.33	185.11
0.17	110.01
0.16
0.16
0.16
0.16
0.16
0.16
0.16
0.15
0.15
0.15
0.17
0.18
0.19
0.19
5.71
0.16
0.16
0.15
0.15
0.17
0.16
0.16
0.15
0.15
0.14
0.14
0.14
0.14
0.14
0.14
0.14
0.06	74.92
0.06
0.06
0.06
0.06
0.06
0.05
0.06
0.05
0.05
0.05
0.05
0.05
0.05
0.05
0.05
0.05
0.05
0.05
0.05
0.06
0.06
0.06
0.06
0.05
0.05
0.05
0.05
0.05
0.05
0.05
0.05
CorWatt	PkgWatt
12.09	184.58
0.16	109.88
0.16
0.16
0.16
0.16
0.15
0.16
0.16
0.15
0.15
0.15
0.16
0.18
0.19
0.18
5.69
0.16
0.15
0.15
0.15
0.17
0.16
0.15
0.15
0.14
0.14
0.14
0.14
0.14
0.14
0.14
0.14
0.05	74.69
0.05
0.05
0.06
0.05
0.05
0.05
0.05
0.05
0.05
0.05
0.05
0.05
0.05
0.05
0.05
0.05
0.05
0.05
0.05
0.05
0.05
0.05
0.05
0.05
0.05
0.05
0.05
0.05
0.05
0.05
0.05
CorWatt	PkgWatt
12.11	184.30
0.17	109.89
0.16
0.16
0.16
0.16
0.16
0.16
0.16
0.15
0.15
0.15
0.17
0.18
0.19
0.19
5.70
0.16
0.16
0.15
0.15
0.17
0.16
0.15
0.15
0.14
0.14
0.14
0.14
0.14
0.14
0.14
0.14
0.05	74.61
0.05
0.05
0.05
0.05
0.05
0.05
0.05
0.05
0.05
0.05
0.05
0.05
0.05
0.05
0.05
0.05
0.05
0.05
0.05
0.05
0.05
0.05
0.05
0.05
0.05
0.05
0.05
0.05
0.05
0.05
0.05
CorWatt	PkgWatt
12.16	184.78
0.16	109.94
0.16
0.16
0.16
0.16
0.16
0.16
0.16
0.15
0.15
0.15
0.16
0.18
0.19
0.19
5.70
0.16
0.16
0.16
0.15
0.17
0.16
0.15
0.15
0.14
0.14
0.14
0.14
0.14
0.14
0.14
0.14
0.05	74.70
0.05
0.05
0.05
0.05
0.05
0.05
0.05
0.05
0.05
0.05
0.05
0.05
0.05
0.05
0.05
0.05
0.05
0.05
0.05
0.05
0.05
0.05
0.05
0.05
0.05
0.05
0.05
0.05
0.05
0.05
0.05
CorWatt	PkgWatt
12.33	184.99
0.17	110.08
0.16
0.16
0.16
0.16
0.16
0.16
0.16
0.15
0.15
0.15
0.17
0.18
0.19
0.19
5.70
0.16
0.16
0.16
0.15
0.17
0.16
0.16
0.15
0.15
0.15
0.15
0.15
0.15
0.14
0.14
0.14
0.06	74.87
0.06
0.05
0.06
0.05
0.05
0.05
0.05
0.05
0.05
0.05
0.05
0.05
0.05
0.05
0.05
0.05
0.05
0.05
0.05
0.06
0.06
0.06
0.06
0.05
0.05
0.05
0.05
0.05
0.05
0.05
0.05
CorWatt	PkgWatt
12.26	184.65
0.17	110.00
0.16
0.16
0.16
0.16
0.16
0.16
0.16
0.15
0.15
0.15
0.17
0.18
0.19
0.19
5.69
0.16
0.16
0.16
0.15
0.17
0.16
0.16
0.15
0.15
0.14
0.14
0.14
0.14
0.14
0.14
0.14
0.05	74.83
0.05
0.05
0.06
0.05
0.05
0.05
0.05
0.06
0.05
0.05
0.05
0.05
0.05
0.05
0.05
0.05
0.05
0.05
0.05
0.05
0.05
0.06
0.05
0.05
0.05
0.05
0.05
0.05
0.05
0.05
0.05
CorWatt	PkgWatt
13.28	176.30
0.23	99.24
0.22
0.22
0.22
0.19
0.19
0.18
0.19
0.21
0.21
0.21
0.26
0.22
0.23
0.22
3.24
0.21
0.21
0.21
0.63
0.22
0.21
0.21
0.21
0.21
0.20
0.21
0.21
0.21
0.21
0.21
0.21
0.10	76.88
0.10
0.10
0.10
0.10
0.10
0.10
0.10
0.10
0.09
0.10
0.10
0.09
0.09
0.08
0.09
0.10
0.10
0.10
0.09
0.09
0.09
0.09
0.09
0.10
0.10
0.10
0.10
0.10
0.09
0.10
0.10
CorWatt	PkgWatt
8.87	160.35
0.17	84.57
0.17
0.17
0.17
0.16
0.16
0.16
0.16
0.14
0.15
0.14
0.14
0.14
0.14
0.14
0.15
0.17
0.17
0.17
0.52
0.18
0.16
0.16
0.16
0.32
0.32
0.32
1.42
0.15
0.15
0.15
0.15
0.06	75.89
0.05
0.05
0.06
0.06
0.05
0.05
0.05
0.05
0.05
0.05
0.05
0.05
0.05
0.05
0.05
0.06
0.05
0.05
0.05
0.06
0.06
0.06
0.06
0.05
0.05
0.05
0.05
0.05
0.05
0.05
0.05
CorWatt	PkgWatt
9.23	159.24
0.18	84.19
0.17
0.17
0.18
0.17
0.17
0.17
0.17
0.15
0.15
0.15
0.15
0.15
0.15
0.23
0.15
0.18
0.18
0.17
0.20
0.19
0.17
0.17
0.17
0.38
0.38
0.38
1.59
0.15
0.15
0.15
0.15
0.06	75.00
0.06
0.06
0.06
0.06
0.06
0.06
0.06
0.05
0.06
0.05
0.05
0.05
0.05
0.05
0.05
0.06
0.06
0.06
0.06
0.06
0.06
0.06
0.06
0.06
0.06
0.06
0.06
0.05
0.05
0.05
0.06
CorWatt	PkgWatt
8.88	158.67
0.18	84.07
0.17
0.17
0.19
0.17
0.16
0.17
0.16
0.15
0.15
0.14
0.15
0.15
0.15
0.15
0.15
0.17
0.17
0.17
0.20
0.19
0.17
0.17
0.17
0.38
0.37
0.37
1.57
0.15
0.15
0.15
0.15
0.05	74.68
0.05
0.05
0.06
0.05
0.05
0.05
0.05
0.05
0.05
0.05
0.05
0.05
0.05
0.05
0.05
0.05
0.05
0.05
0.05
0.05
0.05
0.05
0.05
0.05
0.05
0.05
0.05
0.05
0.05
0.05
0.05
CorWatt	PkgWatt
8.85	158.66
0.18	84.00
0.17
0.17
0.18
0.17
0.16
0.17
0.16
0.15
0.15
0.15
0.15
0.14
0.15
0.15
0.15
0.17
0.17
0.17
0.20
0.18
0.17
0.17
0.17
0.60
0.38
0.37
1.36
0.15
0.15
0.15
0.15
0.05	74.59
0.05
0.05
0.05
0.05
0.05
0.05
0.05
0.05
0.05
0.05
0.05
0.05
0.05
0.05
0.05
0.05
0.05
0.05
0.05
0.05
0.05
0.05
0.05
0.05
0.05
0.05
0.05
0.05
0.05
0.05
0.05
CorWatt	PkgWatt
8.86	158.67
0.18	83.95
0.17
0.17
0.18
0.17
0.16
0.17
0.16
0.14
0.15
0.14
0.15
0.14
0.15
0.15
0.15
0.17
0.17
0.17
0.20
0.18
0.17
0.16
0.16
1.02
0.38
0.37
0.96
0.15
0.15
0.15
0.15
0.05	74.68
0.05
0.05
0.05
0.05
0.05
0.05
0.05
0.05
0.05
0.05
0.05
0.05
0.05
0.05
0.05
0.05
0.05
0.05
0.05
0.05
0.05
0.05
0.05
0.05
0.05
0.05
0.05
0.05
0.05
0.05
0.05
CorWatt	PkgWatt
9.12	159.03
0.18	84.13
0.17
0.17
0.17
0.16
0.16
0.16
0.16
0.15
0.15
0.15
0.15
0.14
0.15
0.15
0.15
0.18
0.17
0.18
0.20
0.18
0.17
0.17
0.17
2.00
0.27
0.26
0.26
0.15
0.15
0.15
0.15
0.06	75.02
0.06
0.06
0.06
0.06
0.06
0.06
0.06
0.06
0.06
0.06
0.06
0.05
0.05
0.05
0.05
0.06
0.06
0.06
0.06
0.06
0.06
0.06
0.06
0.06
0.06
0.06
0.06
0.06
0.06
0.06
0.06
CorWatt	PkgWatt
8.85	158.75
0.18	84.05
0.17
0.17
0.17
0.16
0.16
0.16
0.16
0.14
0.14
0.15
0.15
0.14
0.15
0.15
0.14
0.17
0.17
0.17
0.20
0.18
0.17
0.16
0.16
1.62
0.26
0.25
0.64
0.15
0.15
0.15
0.14
0.05	74.60
0.05
0.05
0.05
0.05
0.05
0.05
0.05
0.05
0.05
0.05
0.05
0.05
0.05
0.05
0.05
0.05
0.05
0.05
0.05
0.05
0.05
0.05
0.05
0.05
0.05
0.05
0.05
0.05
0.05
0.05
0.05
CorWatt	PkgWatt
8.85	160.48
0.18	85.84
0.17
0.17
0.17
0.17
0.16
0.17
0.16
0.15
0.15
0.15
0.15
0.15
0.15
0.15
0.15
0.17
0.17
0.17
0.20
0.18
0.17
0.16
0.16
0.72
0.26
0.25
1.51
0.15
0.15
0.15
0.15
0.05	74.65
0.05
0.05
0.05
0.05
0.05
0.05
0.05
0.05
0.05
0.05
0.05
0.05
0.05
0.05
0.05
0.05
0.05
0.05
0.05
0.05
0.05
0.05
0.05
0.05
0.05
0.05
0.05
0.05
0.05
0.05
0.05
CorWatt	PkgWatt
9.04	162.44
0.18	86.02
0.18
0.18
0.18
0.17
0.17
0.17
0.17
0.15
0.15
0.15
0.15
0.15
0.15
0.15
0.15
0.17
0.17
0.17
0.20
0.19
0.17
0.17
0.17
0.26
0.26
0.26
1.97
0.15
0.15
0.15
0.15
0.05	76.52
0.06
0.05
0.05
0.05
0.05
0.05
0.06
0.05
0.05
0.05
0.05
0.05
0.05
0.05
0.05
0.05
0.05
0.05
0.05
0.06
0.06
0.06
0.05
0.05
0.05
0.05
0.05
0.05
0.05
0.05
0.05
CorWatt	PkgWatt
9.38	163.17
0.19	86.21
0.18
0.18
0.18
0.17
0.16
0.17
0.16
0.15
0.16
0.16
0.15
0.15
0.16
0.15
0.15
0.18
0.18
0.18
0.20
0.18
0.18
0.17
0.17
0.26
0.27
0.26
1.98
0.16
0.16
0.16
0.15
0.07	76.90
0.06
0.07
0.07
0.06
0.07
0.07
0.06
0.06
0.07
0.06
0.06
0.05
0.05
0.05
0.06
0.06
0.06
0.06
0.06
0.07
0.06
0.07
0.07
0.06
0.06
0.06
0.06
0.05
0.05
0.05
0.06
CorWatt	PkgWatt
8.89	158.89
0.18	84.10
0.17
0.17
0.17
0.17
0.16
0.17
0.16
0.14
0.15
0.14
0.15
0.15
0.15
0.14
0.14
0.17
0.17
0.17
0.20
0.18
0.17
0.16
0.16
0.25
0.26
0.25
1.98
0.15
0.15
0.15
0.15
0.05	74.78
0.05
0.05
0.05
0.05
0.05
0.05
0.05
0.05
0.05
0.05
0.05
0.05
0.05
0.05
0.05
0.05
0.05
0.05
0.05
0.05
0.05
0.05
0.05
0.05
0.05
0.05
0.05
0.05
0.05
0.05
0.05
CorWatt	PkgWatt
9.03	158.93
0.18	84.26
0.17
0.17
0.17
0.17
0.16
0.17
0.16
0.15
0.15
0.15
0.15
0.15
0.15
0.22
0.15
0.17
0.17
0.17
0.20
0.18
0.17
0.17
0.17
0.25
0.26
0.25
1.98
0.15
0.15
0.15
0.15
0.05	74.69
0.05
0.06
0.05
0.05
0.05
0.05
0.05
0.05
0.05
0.05
0.05
0.05
0.05
0.05
0.05
0.05
0.05
0.05
0.05
0.06
0.06
0.06
0.05
0.05
0.05
0.05
0.05
0.05
0.05
0.05
0.05
CorWatt	PkgWatt
8.78	158.66
0.18	83.93
0.17
0.17
0.17
0.16
0.16
0.16
0.16
0.15
0.14
0.14
0.15
0.14
0.14
0.14
0.15
0.17
0.17
0.17
0.20
0.18
0.17
0.17
0.16
1.94
0.26
0.25
0.26
0.15
0.15
0.15
0.15
0.05	74.69
0.05
0.05
0.05
0.05
0.05
0.05
0.05
0.05
0.05
0.05
0.05
0.05
0.05
0.05
0.05
0.05
0.05
0.05
0.05
0.05
0.05
0.05
0.05
0.05
0.05
0.05
0.05
0.05
0.05
0.05
0.05
CorWatt	PkgWatt
9.03	158.98
0.18	84.06
0.17
0.17
0.17
0.16
0.16
0.16
0.16
0.15
0.14
0.14
0.15
0.14
0.14
0.14
0.14
0.17
0.17
0.17
0.20
0.18
0.17
0.17
0.17
2.03
0.26
0.25
0.26
0.15
0.15
0.15
0.15
0.06	74.89
0.06
0.06
0.06
0.06
0.06
0.06
0.06
0.05
0.06
0.05
0.05
0.05
0.05
0.05
0.05
0.06
0.06
0.05
0.05
0.06
0.06
0.06
0.06
0.05
0.05
0.05
0.05
0.05
0.05
0.05
0.05
CorWatt	PkgWatt
8.79	158.62
0.18	83.94
0.17
0.17
0.17
0.16
0.16
0.16
0.16
0.14
0.14
0.14
0.14
0.14
0.14
0.14
0.14
0.17
0.17
0.17
0.19
0.18
0.17
0.17
0.16
1.97
0.26
0.25
0.26
0.15
0.15
0.14
0.14
0.05	74.78
0.06
0.06
0.05
0.05
0.05
0.05
0.05
0.05
0.05
0.05
0.05
0.05
0.05
0.05
0.05
0.05
0.05
0.05
0.05
0.05
0.05
0.05
0.05
0.05
0.05
0.05
0.05
0.05
0.05
0.05
0.05
CorWatt	PkgWatt
8.76	158.62
0.18	83.93
0.17
0.17
0.17
0.16
0.16
0.16
0.16
0.15
0.14
0.14
0.15
0.14
0.14
0.14
0.14
0.17
0.17
0.17
0.19
0.18
0.17
0.17
0.16
1.95
0.26
0.25
0.26
0.15
0.15
0.15
0.14
0.05	74.63
0.05
0.05
0.05
0.05
0.05
0.05
0.05
0.05
0.05
0.05
0.05
0.05
0.05
0.05
0.05
0.05
0.05
0.05
0.05
0.05
0.05
0.05
0.05
0.05
0.05
0.05
0.05
0.05
0.05
0.05
0.05
CorWatt	PkgWatt
8.77	158.64
0.18	83.91
0.17
0.17
0.17
0.16
0.16
0.16
0.16
0.14
0.14
0.14
0.14
0.14
0.14
0.14
0.14
0.17
0.17
0.17
0.19
0.18
0.17
0.17
0.16
1.95
0.26
0.25
0.26
0.15
0.15
0.14
0.14
0.05	74.68
0.05
0.05
0.05
0.05
0.05
0.05
0.05
0.05
0.05
0.05
0.05
0.05
0.05
0.05
0.05
0.05
0.05
0.05
0.05
0.05
0.05
0.05
0.05
0.05
0.05
0.05
0.05
0.05
0.05
0.05
0.05
CorWatt	PkgWatt
11.45	163.69
0.58	85.46
0.21
0.21
0.21
0.17
0.17
0.17
0.17
0.22
0.22
0.21
0.61
0.23
0.24
0.23
0.58
0.23
0.22
0.23
0.28
0.23
0.22
0.23
0.22
0.36
0.23
0.23
0.35
0.18
0.18
0.19
0.19
0.10	78.31
0.11
0.11
0.11
0.11
0.11
0.11
0.11
0.10
0.10
0.10
0.09
0.10
0.09
0.10
0.10
0.10
0.10
0.10
0.10
0.11
0.10
0.10
0.11
0.10
0.10
0.10
0.10
0.10
0.10
0.10
0.11
CorWatt	PkgWatt
8.21	157.72
0.20	82.84
0.18
0.17
0.18
0.17
0.16
0.16
0.16
0.15
0.15
0.15
0.15
0.31
0.31
0.31
1.09
0.16
0.16
0.16
0.16
0.17
0.16
0.16
0.16
0.15
0.15
0.15
0.16
0.15
0.15
0.15
0.15
0.05	74.82
0.06
0.06
0.06
0.05
0.05
0.05
0.05
0.05
0.05
0.05
0.05
0.05
0.05
0.05
0.05
0.05
0.05
0.05
0.05
0.06
0.06
0.06
0.05
0.05
0.05
0.05
0.05
0.05
0.05
0.05
0.05
CorWatt	PkgWatt
8.07	157.46
0.20	82.86
0.17
0.17
0.17
0.16
0.16
0.16
0.16
0.14
0.14
0.14
0.15
0.31
0.31
0.31
1.10
0.16
0.16
0.16
0.16
0.17
0.17
0.16
0.16
0.15
0.15
0.15
0.16
0.15
0.15
0.14
0.14
0.05	74.66
0.05
0.05
0.05
0.05
0.05
0.05
0.05
0.05
0.05
0.05
0.05
0.05
0.05
0.05
0.05
0.05
0.05
0.05
0.05
0.05
0.05
0.05
0.05
0.05
0.05
0.05
0.05
0.05
0.05
0.05
0.05
CorWatt	PkgWatt
8.09	157.48
0.20	82.77
0.17
0.17
0.17
0.16
0.16
0.16
0.16
0.14
0.15
0.14
0.14
1.11
0.31
0.31
0.31
0.16
0.16
0.16
0.16
0.17
0.16
0.16
0.16
0.15
0.15
0.15
0.15
0.15
0.14
0.14
0.15
0.05	74.66
0.05
0.05
0.05
0.05
0.05
0.05
0.05
0.05
0.05
0.05
0.05
0.05
0.05
0.05
0.05
0.05
0.05
0.05
0.05
0.05
0.05
0.05
0.05
0.05
0.05
0.05
0.05
0.05
0.05
0.05
0.05
CorWatt	PkgWatt
8.44	157.75
0.21	82.85
0.19
0.17
0.17
0.16
0.16
0.16
0.16
0.15
0.15
0.15
0.15
1.12
0.32
0.38
0.31
0.16
0.16
0.16
0.16
0.18
0.17
0.16
0.16
0.15
0.15
0.15
0.15
0.15
0.15
0.15
0.15
0.06	75.00
0.06
0.06
0.06
0.06
0.06
0.06
0.06
0.06
0.06
0.05
0.05
0.05
0.05
0.05
0.05
0.06
0.06
0.06
0.06
0.06
0.06
0.06
0.06
0.06
0.06
0.06
0.06
0.06
0.06
0.05
0.06
CorWatt	PkgWatt
8.14	157.69
0.18	82.72
0.19
0.17
0.17
0.16
0.16
0.16
0.16
0.14
0.14
0.15
0.14
1.12
0.31
0.31
0.31
0.16
0.16
0.16
0.16
0.17
0.16
0.16
0.16
0.15
0.15
0.15
0.15
0.14
0.14
0.14
0.14
0.06	74.84
0.06
0.06
0.06
0.05
0.05
0.05
0.05
0.06
0.05
0.05
0.05
0.05
0.05
0.05
0.05
0.05
0.05
0.05
0.05
0.05
0.05
0.05
0.05
0.05
0.05
0.05
0.05
0.05
0.05
0.05
0.05
CorWatt	PkgWatt
8.45	161.48
0.19	85.09
0.20
0.18
0.18
0.16
0.16
0.16
0.16
0.15
0.15
0.15
0.15
0.30
0.30
0.30
1.45
0.16
0.16
0.16
0.16
0.18
0.17
0.16
0.16
0.15
0.15
0.15
0.15
0.15
0.14
0.14
0.14
0.05	76.46
0.05
0.05
0.05
0.05
0.05
0.05
0.05
0.05
0.05
0.05
0.05
0.05
0.05
0.05
0.05
0.05
0.05
0.05
0.05
0.05
0.05
0.05
0.05
0.05
0.05
0.05
0.05
0.05
0.05
0.05
0.05
CorWatt	PkgWatt
10.65	161.00
0.18	86.38
0.19
0.17
0.17
0.16
0.16
0.16
0.16
0.14
0.14
0.14
0.14
0.21
0.22
0.21
4.04
0.16
0.16
0.16
0.16
0.17
0.16
0.16
0.16
0.15
0.15
0.15
0.15
0.14
0.14
0.14
0.14
0.05	74.59
0.05
0.05
0.05
0.05
0.05
0.05
0.05
0.05
0.05
0.05
0.05
0.05
0.05
0.05
0.05
0.05
0.05
0.05
0.05
0.05
0.05
0.05
0.05
0.05
0.05
0.05
0.05
0.05
0.05
0.05
0.05
CorWatt	PkgWatt
10.72	161.15
0.17	86.15
0.18
0.17
0.17
0.16
0.16
0.16
0.16
0.14
0.14
0.14
0.14
0.21
0.21
0.21
4.04
0.16
0.16
0.16
0.16
0.17
0.16
0.16
0.15
0.15
0.15
0.14
0.15
0.14
0.14
0.14
0.14
0.06	74.94
0.06
0.06
0.06
0.05
0.05
0.05
0.05
0.05
0.05
0.05
0.05
0.05
0.05
0.05
0.05
0.06
0.06
0.05
0.05
0.06
0.06
0.06
0.06
0.05
0.05
0.05
0.05
0.05
0.05
0.05
0.05
CorWatt	PkgWatt
10.59	160.90
0.18	86.21
0.18
0.17
0.16
0.16
0.16
0.16
0.16
0.14
0.14
0.14
0.14
0.20
0.21
0.20
4.03
0.16
0.16
0.16
0.16
0.17
0.16
0.16
0.16
0.15
0.14
0.14
0.14
0.14
0.14
0.14
0.14
0.05	74.71
0.05
0.05
0.05
0.05
0.05
0.05
0.05
0.05
0.05
0.05
0.05
0.05
0.05
0.05
0.05
0.05
0.05
0.05
0.05
0.05
0.05
0.05
0.05
0.05
0.05
0.05
0.05
0.05
0.05
0.05
0.05
CorWatt	PkgWatt
10.53	160.73
0.18	86.24
0.18
0.16
0.17
0.16
0.16
0.16
0.16
0.14
0.14
0.14
0.14
0.20
0.21
0.20
4.04
0.16
0.16
0.16
0.16
0.17
0.16
0.16
0.16
0.15
0.15
0.14
0.14
0.14
0.14
0.14
0.14
0.05	74.55
0.05
0.05
0.05
0.05
0.05
0.05
0.05
0.05
0.05
0.05
0.05
0.05
0.05
0.05
0.05
0.05
0.05
0.05
0.05
0.05
0.05
0.05
0.05
0.05
0.05
0.05
0.05
0.05
0.05
0.05
0.05
CorWatt	PkgWatt
10.63	161.08
0.18	86.21
0.19
0.17
0.17
0.16
0.16
0.16
0.16
0.14
0.14
0.15
0.15
0.20
0.21
0.20
4.04
0.16
0.16
0.16
0.16
0.17
0.16
0.16
0.15
0.15
0.15
0.15
0.15
0.14
0.14
0.14
0.14
0.05	74.79
0.05
0.05
0.05
0.05
0.05
0.05
0.05
0.05
0.05
0.05
0.05
0.05
0.05
0.05
0.05
0.05
0.05
0.05
0.05
0.05
0.05
0.05
0.05
0.05
0.05
0.05
0.05
0.05
0.05
0.05
0.05
CorWatt	PkgWatt
10.72	161.15
0.18	86.32
0.19
0.17
0.17
0.16
0.16
0.16
0.16
0.14
0.14
0.15
0.14
0.21
0.21
0.20
4.05
0.16
0.16
0.16
0.16
0.17
0.16
0.16
0.16
0.15
0.15
0.15
0.15
0.14
0.14
0.14
0.14
0.05	74.84
0.05
0.06
0.05
0.05
0.05
0.05
0.05
0.05
0.05
0.05
0.05
0.05
0.05
0.05
0.05
0.05
0.05
0.05
0.05
0.06
0.06
0.06
0.06
0.05
0.05
0.05
0.05
0.05
0.05
0.05
0.05
CorWatt	PkgWatt
10.57	160.77
0.17	86.20
0.18
0.16
0.17
0.16
0.16
0.16
0.16
0.14
0.14
0.14
0.14
0.20
0.21
0.20
4.04
0.16
0.16
0.16
0.16
0.17
0.16
0.16
0.15
0.15
0.14
0.14
0.14
0.14
0.14
0.14
0.14
0.05	74.62
0.05
0.05
0.05
0.05
0.05
0.05
0.05
0.05
0.05
0.05
0.05
0.05
0.05
0.05
0.05
0.05
0.05
0.05
0.05
0.05
0.05
0.05
0.05
0.05
0.05
0.05
0.05
0.05
0.05
0.05
0.05
CorWatt	PkgWatt
10.65	160.91
0.18	86.26
0.18
0.17
0.17
0.16
0.16
0.16
0.16
0.14
0.14
0.14
0.14
0.20
0.21
0.28
4.05
0.16
0.16
0.16
0.16
0.17
0.16
0.16
0.16
0.15
0.15
0.15
0.15
0.14
0.14
0.14
0.14
0.05	74.61
0.05
0.05
0.05
0.05
0.05
0.05
0.05
0.05
0.05
0.05
0.05
0.05
0.05
0.05
0.05
0.05
0.05
0.05
0.05
0.05
0.05
0.05
0.05
0.05
0.05
0.05
0.05
0.05
0.05
0.05
0.05
CorWatt	PkgWatt
10.59	161.01
0.18	86.31
0.18
0.17
0.16
0.16
0.16
0.16
0.16
0.14
0.14
0.14
0.14
0.20
0.21
0.20
4.05
0.16
0.16
0.16
0.16
0.17
0.16
0.16
0.15
0.15
0.15
0.14
0.14
0.14
0.14
0.14
0.14
0.05	74.67
0.05
0.05
0.05
0.05
0.05
0.05
0.05
0.05
0.05
0.05
0.05
0.05
0.05
0.05
0.05
0.05
0.05
0.05
0.05
0.05
0.05
0.05
0.05
0.05
0.05
0.05
0.05
0.05
0.05
0.05
0.05
CorWatt	PkgWatt
10.75	161.10
0.18	86.25
0.19
0.17
0.17
0.16
0.16
0.16
0.16
0.14
0.14
0.15
0.14
0.20
0.21
0.20
4.05
0.16
0.16
0.16
0.16
0.17
0.16
0.16
0.16
0.15
0.15
0.15
0.15
0.14
0.14
0.14
0.14
0.06	74.94
0.06
0.06
0.06
0.06
0.06
0.06
0.05
0.05
0.05
0.05
0.05
0.05
0.05
0.05
0.05
0.06
0.05
0.05
0.05
0.06
0.06
0.06
0.06
0.05
0.05
0.05
0.05
0.05
0.05
0.05
0.05
CorWatt	PkgWatt
8.96	158.25
0.15	83.48
0.21
0.15
0.14
0.14
0.14
0.14
0.14
0.12
0.12
0.13
0.13
0.16
0.17
0.16
2.82
0.14
0.14
0.14
0.14
0.15
0.14
0.14
0.14
0.13
0.13
0.13
0.25
0.12
0.12
0.12
0.12
0.05	74.72
0.05
0.05
0.05
0.05
0.05
0.05
0.05
0.06
0.05
0.05
0.05
0.05
0.05
0.05
0.05
0.05
0.05
0.05
0.05
0.05
0.05
0.05
0.05
0.05
0.05
0.05
0.05
0.05
0.05
0.05
0.05
CorWatt	PkgWatt
12.03	166.34
0.24	88.63
0.24
0.61
0.24
0.19
0.19
0.19
0.19
0.23
0.23
0.23
0.23
0.35
0.35
0.36
1.09
0.24
0.24
0.24
0.24
0.25
0.24
0.24
0.24
0.23
0.24
0.24
0.52
0.20
0.20
0.19
0.21
0.10	77.86
0.09
0.10
0.10
0.10
0.10
0.10
0.10
0.09
0.09
0.09
0.08
0.09
0.08
0.09
0.09
0.10
0.09
0.10
0.09
0.09
0.08
0.09
0.09
0.10
0.10
0.10
0.10
0.09
0.09
0.10
0.10
CorWatt	PkgWatt
8.53	158.13
0.19	83.24
0.18
0.20
0.18
0.16
0.16
0.16
0.16
0.15
0.15
0.15
0.15
0.35
0.35
0.35
1.28
0.16
0.16
0.16
0.16
0.18
0.17
0.16
0.16
0.15
0.15
0.15
0.16
0.15
0.15
0.15
0.15
0.05	74.76
0.06
0.06
0.05
0.05
0.05
0.05
0.05
0.05
0.05
0.05
0.05
0.05
0.05
0.05
0.05
0.05
0.05
0.05
0.05
0.05
0.05
0.05
0.05
0.05
0.05
0.05
0.05
0.05
0.05
0.05
0.05
CorWatt	PkgWatt
8.51	158.04
0.18	83.24
0.18
0.20
0.18
0.16
0.16
0.16
0.16
0.15
0.15
0.15
0.15
0.35
0.35
0.35
1.29
0.16
0.16
0.16
0.16
0.17
0.16
0.16
0.16
0.15
0.15
0.15
0.15
0.15
0.15
0.14
0.14
0.05	74.78
0.05
0.05
0.05
0.05
0.05
0.05
0.05
0.05
0.05
0.05
0.05
0.05
0.05
0.05
0.05
0.05
0.05
0.05
0.05
0.06
0.06
0.06
0.06
0.05
0.05
0.05
0.05
0.05
0.05
0.05
0.05
CorWatt	PkgWatt
8.48	157.90
0.19	83.20
0.18
0.20
0.18
0.16
0.16
0.16
0.16
0.15
0.15
0.15
0.15
0.35
0.35
0.35
1.28
0.16
0.16
0.16
0.16
0.18
0.16
0.16
0.16
0.15
0.15
0.15
0.15
0.15
0.15
0.15
0.14
0.05	74.82
0.06
0.06
0.06
0.05
0.05
0.05
0.05
0.05
0.05
0.05
0.05
0.05
0.05
0.05
0.05
0.05
0.05
0.05
0.05
0.05
0.05
0.06
0.05
0.05
0.05
0.05
0.05
0.05
0.05
0.05
0.05
CorWatt	PkgWatt
8.37	157.81
0.19	83.13
0.18
0.20
0.18
0.16
0.16
0.16
0.16
0.15
0.15
0.15
0.15
0.65
0.35
0.35
0.98
0.16
0.16
0.16
0.16
0.17
0.16
0.16
0.16
0.15
0.15
0.15
0.15
0.15
0.15
0.14
0.14
0.05	74.60
0.05
0.05
0.05
0.05
0.05
0.05
0.05
0.05
0.05
0.05
0.05
0.05
0.05
0.05
0.05
0.05
0.05
0.05
0.05
0.05
0.05
0.05
0.05
0.05
0.05
0.05
0.05
0.05
0.05
0.05
0.05
CorWatt	PkgWatt
8.46	157.97
0.18	83.19
0.18
0.20
0.18
0.16
0.16
0.16
0.16
0.15
0.15
0.14
0.15
0.36
0.35
0.35
1.29
0.16
0.16
0.16
0.16
0.18
0.16
0.16
0.16
0.15
0.15
0.15
0.16
0.15
0.15
0.15
0.14
0.05	74.74
0.05
0.05
0.05
0.05
0.05
0.05
0.05
0.05
0.05
0.05
0.05
0.05
0.05
0.05
0.05
0.05
0.05
0.05
0.05
0.05
0.05
0.05
0.05
0.05
0.05
0.05
0.05
0.05
0.05
0.05
0.05
CorWatt	PkgWatt
8.58	157.94
0.19	83.29
0.18
0.20
0.18
0.16
0.16
0.16
0.16
0.15
0.15
0.15
0.15
0.78
0.35
0.42
0.84
0.16
0.16
0.16
0.16
0.18
0.17
0.16
0.16
0.15
0.15
0.15
0.15
0.15
0.15
0.15
0.14
0.05	74.76
0.06
0.06
0.05
0.05
0.05
0.05
0.05
0.05
0.05
0.05
0.05
0.05
0.05
0.05
0.05
0.05
0.05
0.05
0.05
0.06
0.06
0.06
0.06
0.05
0.05
0.05
0.05
0.05
0.05
0.05
0.05
CorWatt	PkgWatt
8.38	157.84
0.18	83.07
0.17
0.20
0.17
0.16
0.16
0.16
0.16
0.15
0.14
0.15
0.15
0.63
0.35
0.35
1.01
0.16
0.16
0.16
0.16
0.18
0.16
0.16
0.16
0.15
0.15
0.15
0.15
0.15
0.14
0.14
0.14
0.05	74.68
0.05
0.05
0.05
0.05
0.05
0.05
0.05
0.05
0.05
0.05
0.05
0.05
0.05
0.05
0.05
0.05
0.05
0.05
0.05
0.05
0.05
0.05
0.05
0.05
0.05
0.05
0.05
0.05
0.05
0.05
0.05
CorWatt	PkgWatt
8.37	157.81
0.18	83.20
0.18
0.20
0.18
0.16
0.16
0.16
0.16
0.15
0.14
0.15
0.15
0.35
0.35
0.35
1.29
0.16
0.16
0.16
0.16
0.18
0.17
0.16
0.16
0.15
0.15
0.15
0.15
0.15
0.14
0.14
0.14
0.05	74.60
0.05
0.05
0.05
0.05
0.05
0.05
0.05
0.05
0.05
0.05
0.05
0.05
0.05
0.05
0.05
0.05
0.05
0.05
0.05
0.05
0.05
0.05
0.05
0.05
0.05
0.05
0.05
0.05
0.05
0.05
0.05
CorWatt	PkgWatt
8.46	157.84
0.19	83.12
0.18
0.20
0.18
0.16
0.16
0.16
0.16
0.15
0.15
0.15
0.15
1.12
0.35
0.35
0.51
0.16
0.16
0.16
0.16
0.18
0.16
0.16
0.16
0.15
0.15
0.15
0.15
0.15
0.15
0.15
0.15
0.05	74.79
0.05
0.05
0.05
0.05
0.05
0.05
0.05
0.05
0.05
0.05
0.05
0.05
0.05
0.05
0.05
0.05
0.05
0.05
0.05
0.05
0.05
0.05
0.05
0.05
0.05
0.05
0.05
0.05
0.05
0.05
0.05
CorWatt	PkgWatt
8.53	158.10
0.19	83.23
0.18
0.20
0.18
0.16
0.16
0.16
0.16
0.15
0.15
0.15
0.15
0.35
0.35
0.35
1.28
0.16
0.16
0.16
0.16
0.18
0.17
0.16
0.16
0.15
0.15
0.15
0.15
0.15
0.15
0.15
0.15
0.05	74.82
0.06
0.06
0.05
0.05
0.05
0.05
0.05
0.06
0.05
0.05
0.05
0.05
0.05
0.05
0.05
0.05
0.05
0.05
0.05
0.06
0.06
0.06
0.05
0.05
0.05
0.05
0.05
0.05
0.05
0.05
0.05
CorWatt	PkgWatt
8.32	157.65
0.18	83.01
0.17
0.20
0.17
0.16
0.16
0.16
0.16
0.14
0.14
0.15
0.14
1.27
0.35
0.35
0.35
0.16
0.16
0.16
0.16
0.17
0.16
0.16
0.16
0.15
0.15
0.15
0.15
0.14
0.14
0.14
0.14
0.05	74.62
0.05
0.05
0.05
0.05
0.05
0.05
0.05
0.05
0.05
0.05
0.05
0.05
0.05
0.05
0.05
0.05
0.05
0.05
0.05
0.05
0.05
0.05
0.05
0.05
0.05
0.05
0.05
0.05
0.05
0.05
0.05
CorWatt	PkgWatt
8.33	157.64
0.18	83.12
0.18
0.20
0.17
0.16
0.16
0.16
0.16
0.15
0.14
0.15
0.15
0.96
0.35
0.35
0.68
0.16
0.16
0.16
0.16
0.17
0.16
0.16
0.16
0.15
0.15
0.15
0.15
0.14
0.14
0.14
0.14
0.05	74.62
0.05
0.05
0.05
0.05
0.05
0.05
0.05
0.05
0.05
0.05
0.05
0.05
0.05
0.05
0.05
0.05
0.05
0.05
0.05
0.05
0.05
0.05
0.05
0.05
0.05
0.05
0.05
0.05
0.05
0.05
0.05
CorWatt	PkgWatt
8.61	158.23
0.19	83.24
0.18
0.20
0.18
0.16
0.16
0.16
0.16
0.15
0.15
0.15
0.15
0.35
0.35
0.35
1.28
0.16
0.16
0.16
0.16
0.17
0.16
0.16
0.16
0.15
0.15
0.15
0.16
0.15
0.15
0.15
0.14
0.06	74.88
0.06
0.06
0.06
0.05
0.06
0.06
0.06
0.05
0.05
0.05
0.05
0.05
0.05
0.05
0.05
0.06
0.05
0.05
0.06
0.06
0.06
0.06
0.06
0.05
0.05
0.05
0.05
0.05
0.05
0.05
0.06
CorWatt	PkgWatt
8.59	158.01
0.18	83.18
0.17
0.20
0.17
0.16
0.16
0.16
0.16
0.14
0.14
0.15
0.15
1.37
0.37
0.36
0.37
0.16
0.16
0.16
0.16
0.18
0.16
0.16
0.16
0.15
0.15
0.15
0.15
0.15
0.15
0.14
0.14
0.05	74.85
0.06
0.06
0.06
0.05
0.05
0.05
0.05
0.05
0.05
0.05
0.05
0.05
0.05
0.05
0.05
0.05
0.05
0.05
0.05
0.05
0.05
0.06
0.05
0.05
0.05
0.05
0.05
0.05
0.05
0.05
0.05
CorWatt	PkgWatt
8.68	157.99
0.19	83.44
0.18
0.20
0.18
0.16
0.16
0.16
0.16
0.15
0.14
0.15
0.15
0.38
0.38
0.38
1.44
0.16
0.16
0.16
0.16
0.18
0.16
0.16
0.16
0.15
0.15
0.15
0.15
0.15
0.15
0.15
0.15
0.05	74.63
0.05
0.06
0.05
0.05
0.05
0.05
0.05
0.05
0.05
0.05
0.05
0.05
0.05
0.05
0.05
0.05
0.05
0.05
0.05
0.05
0.05
0.05
0.05
0.05
0.05
0.05
0.05
0.05
0.05
0.05
0.05
CorWatt	PkgWatt
8.87	161.86
0.19	85.22
0.18
0.20
0.18
0.16
0.16
0.16
0.16
0.15
0.15
0.15
0.15
0.79
0.38
0.45
1.02
0.16
0.16
0.16
0.16
0.18
0.17
0.16
0.16
0.15
0.15
0.15
0.15
0.15
0.15
0.15
0.14
0.05	76.62
0.06
0.06
0.06
0.05
0.06
0.05
0.05
0.05
0.05
0.05
0.05
0.05
0.05
0.05
0.05
0.05
0.05
0.05
0.05
0.06
0.05
0.06
0.05
0.06
0.05
0.05
0.05
0.05
0.05
0.05
0.09
CorWatt	PkgWatt
10.90	163.47
0.22	85.14
0.18
0.27
0.55
0.20
0.20
0.20
0.20
0.46
0.19
0.19
0.20
0.22
0.22
0.23
0.51
0.19
0.19
0.20
0.20
0.21
0.20
0.20
0.20
0.19
0.19
0.20
0.60
0.16
0.15
0.17
0.17
0.11	78.36
0.13
0.13
0.11
0.10
0.10
0.10
0.10
0.09
0.10
0.09
0.09
0.09
0.08
0.09
0.09
0.10
0.10
0.10
0.11
0.09
0.10
0.11
0.11
0.11
0.10
0.10
0.10
0.10
0.10
0.10
0.11
CorWatt	PkgWatt
11.15	176.04
0.64	101.02
0.17
0.17
0.19
0.16
0.16
0.16
0.16
4.00
0.20
0.19
0.20
0.14
0.14
0.14
0.14
0.16
0.15
0.16
0.15
0.17
0.16
0.16
0.16
0.15
0.15
0.15
0.15
0.14
0.14
0.14
0.14
0.06	74.89
0.06
0.06
0.06
0.06
0.06
0.05
0.05
0.05
0.05
0.05
0.05
0.05
0.05
0.05
0.05
0.05
0.05
0.05
0.06
0.06
0.06
0.06
0.06
0.05
0.05
0.05
0.05
0.05
0.05
0.05
0.06
CorWatt	PkgWatt
13.32	187.34
6.77	112.64
0.22
0.22
0.24
0.16
0.16
0.16
0.16
0.14
0.14
0.14
0.14
0.14
0.14
0.14
0.14
0.16
0.16
0.16
0.16
0.17
0.16
0.16
0.16
0.15
0.15
0.15
0.15
0.15
0.14
0.14
0.14
0.05	74.70
0.05
0.05
0.05
0.05
0.05
0.05
0.05
0.05
0.05
0.05
0.05
0.05
0.05
0.05
0.05
0.05
0.05
0.05
0.05
0.05
0.05
0.05
0.05
0.05
0.05
0.05
0.05
0.05
0.05
0.05
0.05
CorWatt	PkgWatt
13.39	187.16
6.81	112.61
0.22
0.22
0.24
0.16
0.16
0.16
0.16
0.15
0.14
0.14
0.15
0.14
0.14
0.14
0.14
0.16
0.16
0.16
0.16
0.17
0.16
0.16
0.16
0.15
0.15
0.15
0.15
0.15
0.15
0.14
0.14
0.05	74.69
0.05
0.05
0.05
0.05
0.05
0.05
0.05
0.05
0.05
0.05
0.05
0.05
0.05
0.05
0.05
0.05
0.05
0.05
0.05
0.05
0.05
0.05
0.05
0.05
0.05
0.05
0.05
0.05
0.05
0.05
0.05
CorWatt	PkgWatt
13.55	187.77
6.85	112.80
0.23
0.22
0.24
0.16
0.16
0.16
0.16
0.15
0.14
0.14
0.15
0.14
0.14
0.14
0.14
0.16
0.16
0.16
0.16
0.18
0.17
0.16
0.16
0.15
0.15
0.15
0.15
0.15
0.14
0.14
0.15
0.05	74.82
0.06
0.06
0.06
0.05
0.06
0.05
0.05
0.05
0.05
0.05
0.05
0.05
0.05
0.05
0.05
0.05
0.05
0.05
0.05
0.06
0.06
0.06
0.06
0.05
0.05
0.05
0.05
0.05
0.05
0.05
0.05
CorWatt	PkgWatt
13.53	187.66
6.85	112.76
0.23
0.22
0.24
0.16
0.16
0.16
0.16
0.15
0.14
0.14
0.15
0.14
0.14
0.14
0.14
0.16
0.16
0.16
0.16
0.18
0.16
0.16
0.16
0.15
0.15
0.15
0.15
0.15
0.15
0.14
0.14
0.06	74.90
0.06
0.06
0.06
0.05
0.05
0.05
0.05
0.06
0.05
0.05
0.05
0.05
0.05
0.05
0.05
0.05
0.05
0.05
0.06
0.06
0.06
0.06
0.06
0.05
0.05
0.05
0.05
0.05
0.05
0.05
0.05
CorWatt	PkgWatt
13.56	187.54
6.85	112.87
0.23
0.22
0.24
0.16
0.16
0.16
0.16
0.15
0.15
0.14
0.15
0.15
0.15
0.14
0.15
0.16
0.16
0.16
0.16
0.18
0.17
0.16
0.16
0.15
0.15
0.15
0.15
0.15
0.15
0.15
0.15
0.05	74.78
0.06
0.06
0.06
0.05
0.05
0.05
0.05
0.05
0.05
0.05
0.05
0.05
0.05
0.05
0.05
0.05
0.05
0.05
0.05
0.05
0.06
0.06
0.05
0.05
0.05
0.05
0.05
0.05
0.05
0.05
0.05
CorWatt	PkgWatt
13.40	187.53
6.85	112.80
0.23
0.22
0.24
0.16
0.16
0.16
0.16
0.15
0.14
0.14
0.15
0.14
0.14
0.14
0.14
0.16
0.16
0.16
0.16
0.18
0.16
0.16
0.16
0.15
0.15
0.15
0.15
0.15
0.14
0.14
0.14
0.05	74.62
0.05
0.05
0.05
0.05
0.05
0.05
0.05
0.05
0.05
0.05
0.05
0.05
0.05
0.05
0.05
0.05
0.05
0.05
0.05
0.05
0.05
0.05
0.05
0.05
0.05
0.05
0.05
0.05
0.05
0.05
0.05
CorWatt	PkgWatt
13.61	187.79
6.86	112.92
0.23
0.22
0.24
0.16
0.16
0.16
0.16
0.15
0.15
0.14
0.15
0.15
0.14
0.14
0.15
0.16
0.16
0.16
0.16
0.18
0.17
0.16
0.16
0.15
0.15
0.15
0.16
0.15
0.15
0.15
0.14
0.06	74.89
0.06
0.06
0.06
0.05
0.05
0.05
0.06
0.05
0.06
0.05
0.05
0.05
0.05
0.05
0.05
0.05
0.05
0.05
0.05
0.06
0.06
0.06
0.06
0.05
0.05
0.05
0.05
0.05
0.05
0.05
0.05
CorWatt	PkgWatt
13.66	187.72
6.87	113.08
0.23
0.22
0.24
0.16
0.16
0.16
0.16
0.15
0.15
0.14
0.15
0.15
0.14
0.22
0.15
0.16
0.16
0.16
0.16
0.18
0.17
0.17
0.16
0.15
0.16
0.15
0.16
0.15
0.15
0.15
0.14
0.05	74.82
0.06
0.06
0.05
0.05
0.05
0.05
0.05
0.05
0.05
0.05
0.05
0.05
0.05
0.05
0.05
0.05
0.05
0.05
0.05
0.06
0.05
0.05
0.05
0.05
0.05
0.05
0.05
0.05
0.05
0.05
0.05
CorWatt	PkgWatt
13.45	187.71
6.86	112.87
0.23
0.22
0.24
0.16
0.16
0.16
0.16
0.15
0.14
0.14
0.14
0.14
0.14
0.14
0.14
0.16
0.16
0.16
0.16
0.17
0.16
0.16
0.16
0.15
0.15
0.15
0.16
0.15
0.15
0.14
0.14
0.05	74.66
0.05
0.05
0.05
0.05
0.05
0.05
0.05
0.05
0.05
0.05
0.05
0.05
0.05
0.05
0.05
0.05
0.05
0.05
0.05
0.05
0.05
0.05
0.05
0.05
0.05
0.05
0.05
0.05
0.05
0.05
0.05
CorWatt	PkgWatt
13.47	187.49
6.85	112.84
0.23
0.22
0.24
0.16
0.16
0.16
0.16
0.15
0.14
0.14
0.15
0.14
0.14
0.14
0.14
0.16
0.16
0.16
0.16
0.18
0.17
0.16
0.16
0.15
0.15
0.15
0.16
0.15
0.15
0.14
0.14
0.05	74.68
0.05
0.05
0.05
0.05
0.05
0.05
0.05
0.05
0.05
0.05
0.05
0.05
0.05
0.05
0.05
0.05
0.05
0.05
0.05
0.05
0.05
0.05
0.05
0.05
0.05
0.05
0.05
0.05
0.05
0.05
0.05
CorWatt	PkgWatt
13.64	187.90
6.87	113.10
0.23
0.23
0.24
0.16
0.16
0.16
0.16
0.15
0.15
0.15
0.15
0.15
0.14
0.14
0.14
0.16
0.16
0.16
0.16
0.18
0.17
0.17
0.16
0.16
0.16
0.15
0.16
0.15
0.15
0.15
0.15
0.06	74.81
0.05
0.06
0.05
0.05
0.05
0.05
0.05
0.05
0.05
0.05
0.05
0.05
0.05
0.05
0.05
0.05
0.05
0.05
0.05
0.06
0.06
0.06
0.06
0.05
0.05
0.05
0.05
0.05
0.05
0.05
0.06
CorWatt	PkgWatt
13.57	187.56
6.85	112.90
0.23
0.22
0.24
0.17
0.16
0.16
0.16
0.15
0.14
0.14
0.15
0.14
0.14
0.14
0.14
0.16
0.16
0.16
0.16
0.18
0.17
0.17
0.16
0.16
0.16
0.15
0.16
0.15
0.15
0.15
0.14
0.05	74.77
0.05
0.06
0.05
0.05
0.05
0.05
0.05
0.05
0.05
0.05
0.05
0.05
0.05
0.05
0.05
0.05
0.05
0.05
0.05
0.06
0.05
0.06
0.05
0.05
0.05
0.05
0.05
0.05
0.05
0.05
0.05
CorWatt	PkgWatt
13.65	189.69
6.86	113.02
0.23
0.23
0.25
0.16
0.16
0.17
0.16
0.15
0.14
0.14
0.15
0.14
0.14
0.14
0.14
0.16
0.16
0.16
0.16
0.18
0.17
0.17
0.16
0.15
0.16
0.16
0.16
0.15
0.15
0.15
0.14
0.06	76.59
0.06
0.06
0.06
0.06
0.06
0.06
0.06
0.05
0.05
0.05
0.05
0.05
0.05
0.05
0.05
0.06
0.05
0.05
0.05
0.05
0.06
0.06
0.06
0.05
0.05
0.05
0.05
0.05
0.05
0.05
0.06
CorWatt	PkgWatt
13.48	187.72
6.86	113.00
0.23
0.22
0.24
0.16
0.16
0.16
0.16
0.15
0.14
0.14
0.15
0.14
0.14
0.14
0.14
0.16
0.16
0.16
0.16
0.18
0.17
0.17
0.16
0.15
0.16
0.15
0.16
0.15
0.15
0.14
0.14
0.05	74.63
0.05
0.05
0.05
0.05
0.05
0.05
0.05
0.05
0.05
0.05
0.05
0.05
0.05
0.05
0.05
0.05
0.05
0.05
0.05
0.05
0.05
0.05
0.05
0.05
0.05
0.05
0.05
0.05
0.05
0.05
0.05
CorWatt	PkgWatt
13.65	187.74
6.85	113.05
0.23
0.23
0.25
0.17
0.16
0.17
0.16
0.15
0.15
0.14
0.15
0.15
0.15
0.14
0.15
0.16
0.16
0.16
0.16
0.18
0.17
0.17
0.16
0.16
0.16
0.16
0.16
0.15
0.15
0.15
0.15
0.06	74.80
0.06
0.06
0.05
0.05
0.05
0.05
0.05
0.05
0.05
0.05
0.05
0.05
0.05
0.05
0.05
0.05
0.05
0.05
0.05
0.05
0.06
0.06
0.06
0.05
0.05
0.05
0.05
0.05
0.05
0.05
0.05
CorWatt	PkgWatt
11.90	181.45
5.66	106.58
0.21
0.20
0.21
0.15
0.15
0.15
0.15
0.14
0.13
0.13
0.13
0.13
0.13
0.13
0.13
0.15
0.14
0.14
0.14
0.16
0.15
0.15
0.15
0.14
0.14
0.14
0.14
0.13
0.13
0.13
0.13
0.05	74.81
0.05
0.06
0.06
0.05
0.05
0.05
0.05
0.05
0.05
0.05
0.05
0.05
0.05
0.05
0.05
0.05
0.05
0.05
0.05
0.05
0.06
0.06
0.06
0.05
0.05
0.05
0.05
0.05
0.05
0.05
0.05
CorWatt	PkgWatt
12.33	172.14
0.29	92.23
0.24
0.24
0.24
0.20
0.23
0.20
0.23
0.22
0.21
0.21
0.21
0.23
0.23
1.00
0.23
0.22
0.23
0.23
0.23
0.26
0.26
1.28
0.26
0.21
0.21
0.22
0.22
0.21
0.21
0.21
0.21
0.10	79.98
0.11
0.11
0.11
0.10
0.10
0.10
0.10
0.09
0.10
0.10
0.09
0.09
0.10
0.10
0.10
0.10
0.10
0.10
0.11
0.10
0.10
0.10
0.10
0.10
0.11
0.11
0.11
0.10
0.10
0.10
0.11
CorWatt	PkgWatt
8.73	158.64
0.17	83.98
0.17
0.17
0.16
0.16
0.16
0.16
0.16
0.15
0.14
0.14
0.15
0.15
0.15
0.17
0.22
0.16
0.16
0.16
0.16
0.24
0.23
1.96
0.23
0.15
0.15
0.15
0.15
0.15
0.14
0.14
0.14
0.05	74.67
0.05
0.05
0.05
0.05
0.05
0.05
0.05
0.05
0.05
0.05
0.05
0.05
0.05
0.05
0.05
0.05
0.05
0.05
0.05
0.05
0.05
0.05
0.05
0.05
0.05
0.05
0.05
0.05
0.05
0.05
0.05
CorWatt	PkgWatt
8.67	158.63
0.17	83.73
0.17
0.17
0.17
0.16
0.16
0.16
0.16
0.15
0.15
0.14
0.15
0.15
0.15
0.17
0.15
0.16
0.16
0.16
0.16
0.24
0.23
1.91
0.22
0.15
0.15
0.15
0.16
0.15
0.15
0.15
0.14
0.05	74.83
0.05
0.06
0.05
0.05
0.05
0.05
0.05
0.05
0.05
0.05
0.05
0.05
0.05
0.05
0.05
0.05
0.05
0.05
0.05
0.05
0.06
0.05
0.05
0.05
0.05
0.05
0.05
0.05
0.05
0.05
0.05
CorWatt	PkgWatt
8.66	158.56
0.17	83.76
0.16
0.16
0.16
0.16
0.16
0.16
0.16
0.15
0.14
0.14
0.14
0.15
0.15
0.17
0.15
0.16
0.16
0.16
0.16
0.24
0.22
1.97
0.22
0.15
0.15
0.15
0.15
0.14
0.14
0.14
0.14
0.06	74.79
0.06
0.06
0.05
0.05
0.05
0.05
0.05
0.05
0.05
0.05
0.05
0.05
0.05
0.05
0.05
0.05
0.05
0.05
0.05
0.06
0.06
0.06
0.06
0.05
0.05
0.05
0.05
0.05
0.05
0.05
0.05
CorWatt	PkgWatt
8.52	158.30
0.17	83.66
0.16
0.16
0.16
0.16
0.16
0.16
0.16
0.15
0.14
0.14
0.14
0.15
0.15
0.17
0.15
0.16
0.16
0.16
0.16
0.24
0.23
1.90
0.22
0.15
0.15
0.15
0.15
0.14
0.14
0.14
0.14
0.05	74.73
0.05
0.05
0.05
0.05
0.05
0.05
0.05
0.05
0.05
0.05
0.05
0.05
0.05
0.05
0.05
0.05
0.05
0.05
0.05
0.05
0.05
0.05
0.05
0.05
0.05
0.05
0.05
0.05
0.05
0.05
0.05
CorWatt	PkgWatt
8.48	158.35
0.17	83.65
0.16
0.16
0.16
0.16
0.16
0.16
0.16
0.15
0.14
0.14
0.15
0.15
0.15
0.17
0.15
0.16
0.16
0.16
0.16
0.24
0.23
1.90
0.22
0.15
0.15
0.15
0.15
0.14
0.14
0.14
0.14
0.05	74.62
0.05
0.05
0.05
0.05
0.05
0.05
0.05
0.05
0.05
0.05
0.05
0.05
0.05
0.05
0.05
0.05
0.05
0.05
0.05
0.05
0.05
0.05
0.05
0.05
0.05
0.05
0.05
0.05
0.05
0.05
0.05
CorWatt	PkgWatt
8.66	158.63
0.17	83.71
0.17
0.16
0.16
0.16
0.16
0.16
0.16
0.15
0.14
0.14
0.15
0.15
0.15
0.17
0.15
0.16
0.16
0.16
0.16
0.24
0.23
1.90
0.22
0.15
0.15
0.15
0.16
0.15
0.14
0.14
0.14
0.06	74.90
0.06
0.06
0.06
0.05
0.05
0.05
0.05
0.05
0.05
0.05
0.05
0.05
0.05
0.05
0.05
0.05
0.05
0.05
0.05
0.06
0.06
0.06
0.06
0.05
0.05
0.05
0.05
0.05
0.05
0.05
0.06
CorWatt	PkgWatt
8.53	158.31
0.17	83.70
0.16
0.16
0.16
0.16
0.16
0.16
0.16
0.15
0.14
0.14
0.15
0.15
0.15
0.17
0.15
0.16
0.16
0.16
0.16
0.24
0.23
1.88
0.22
0.15
0.15
0.15
0.16
0.14
0.14
0.14
0.14
0.05	74.69
0.05
0.06
0.05
0.05
0.05
0.05
0.05
0.05
0.05
0.05
0.05
0.05
0.05
0.05
0.05
0.05
0.05
0.05
0.05
0.05
0.05
0.05
0.05
0.05
0.05
0.05
0.05
0.05
0.05
0.05
0.05
CorWatt	PkgWatt
8.48	158.39
0.17	83.58
0.16
0.16
0.16
0.16
0.16
0.16
0.16
0.15
0.14
0.14
0.14
0.15
0.15
0.17
0.15
0.16
0.16
0.16
0.16
0.23
0.23
1.88
0.22
0.15
0.15
0.15
0.15
0.14
0.14
0.14
0.14
0.05	74.75
0.06
0.06
0.05
0.05
0.05
0.05
0.05
0.05
0.05
0.05
0.05
0.05
0.05
0.05
0.05
0.05
0.05
0.05
0.05
0.05
0.05
0.05
0.05
0.05
0.05
0.05
0.05
0.05
0.05
0.05
0.05
CorWatt	PkgWatt
8.59	158.27
0.17	83.78
0.17
0.17
0.16
0.16
0.16
0.16
0.16
0.15
0.15
0.14
0.15
0.15
0.15
0.17
0.15
0.16
0.16
0.16
0.16
0.24
0.23
0.23
1.92
0.16
0.16
0.15
0.16
0.15
0.14
0.14
0.14
0.05	74.57
0.05
0.05
0.05
0.05
0.05
0.05
0.05
0.05
0.05
0.05
0.05
0.05
0.05
0.05
0.05
0.05
0.05
0.05
0.05
0.05
0.05
0.05
0.05
0.05
0.05
0.05
0.05
0.05
0.05
0.05
0.05
CorWatt	PkgWatt
8.70	158.71
0.17	83.70
0.16
0.16
0.16
0.16
0.16
0.16
0.16
0.15
0.14
0.14
0.15
0.15
0.15
0.17
0.15
0.16
0.16
0.16
0.16
0.23
0.22
0.23
1.96
0.15
0.16
0.15
0.16
0.15
0.14
0.14
0.15
0.06	74.90
0.06
0.06
0.06
0.05
0.05
0.05
0.05
0.05
0.05
0.05
0.05
0.05
0.05
0.05
0.05
0.05
0.05
0.05
0.05
0.06
0.06
0.06
0.06
0.05
0.05
0.05
0.05
0.05
0.05
0.05
0.05
CorWatt	PkgWatt
8.66	158.54
0.17	83.80
0.16
0.16
0.16
0.16
0.16
0.16
0.16
0.15
0.14
0.14
0.14
0.15
0.15
0.17
0.22
0.16
0.16
0.16
0.16
0.24
0.22
0.23
1.91
0.15
0.15
0.15
0.16
0.14
0.14
0.14
0.14
0.05	74.75
0.05
0.06
0.05
0.05
0.05
0.05
0.05
0.05
0.05
0.05
0.05
0.05
0.05
0.05
0.05
0.05
0.05
0.05
0.05
0.05
0.06
0.06
0.05
0.05
0.05
0.05
0.05
0.05
0.05
0.05
0.05
CorWatt	PkgWatt
8.53	158.24
0.17	83.67
0.16
0.16
0.16
0.16
0.16
0.16
0.16
0.17
0.14
0.14
0.15
0.15
0.15
0.17
0.15
0.16
0.16
0.16
0.16
0.23
0.22
0.23
1.90
0.15
0.15
0.15
0.15
0.14
0.14
0.14
0.14
0.05	74.68
0.05
0.05
0.05
0.05
0.05
0.05
0.05
0.05
0.05
0.05
0.05
0.05
0.05
0.05
0.05
0.05
0.05
0.05
0.05
0.05
0.05
0.05
0.05
0.05
0.05
0.05
0.05
0.05
0.05
0.05
0.05
CorWatt	PkgWatt
8.50	158.37
0.17	83.64
0.16
0.16
0.16
0.16
0.16
0.16
0.16
0.15
0.14
0.14
0.15
0.15
0.15
0.17
0.15
0.16
0.16
0.16
0.16
0.24
0.22
0.87
1.27
0.15
0.15
0.15
0.15
0.14
0.14
0.14
0.14
0.05	74.62
0.05
0.05
0.05
0.05
0.05
0.05
0.05
0.05
0.05
0.05
0.05
0.05
0.05
0.05
0.05
0.05
0.05
0.05
0.05
0.05
0.05
0.05
0.05
0.05
0.05
0.05
0.05
0.05
0.05
0.05
0.05
CorWatt	PkgWatt
8.60	158.57
0.17	83.65
0.16
0.16
0.16
0.16
0.16
0.16
0.16
0.15
0.14
0.14
0.14
0.15
0.15
0.17
0.15
0.16
0.16
0.16
0.16
0.24
0.22
1.88
0.22
0.15
0.15
0.15
0.15
0.15
0.15
0.14
0.14
0.06	74.90
0.06
0.06
0.06
0.05
0.05
0.05
0.05
0.05
0.05
0.05
0.05
0.05
0.05
0.05
0.05
0.05
0.05
0.05
0.05
0.06
0.06
0.06
0.06
0.05
0.05
0.05
0.05
0.05
0.05
0.05
0.05
CorWatt	PkgWatt
8.50	158.21
0.17	83.68
0.16
0.16
0.16
0.16
0.16
0.16
0.16
0.15
0.14
0.14
0.15
0.15
0.15
0.17
0.15
0.16
0.16
0.16
0.16
0.24
0.22
1.88
0.22
0.15
0.15
0.15
0.15
0.14
0.14
0.14
0.14
0.05	74.63
0.05
0.05
0.05
0.05
0.05
0.05
0.05
0.05
0.05
0.05
0.05
0.05
0.05
0.05
0.05
0.05
0.05
0.05
0.05
0.05
0.05
0.05
0.05
0.05
0.05
0.05
0.05
0.05
0.05
0.05
0.05
CorWatt	PkgWatt
8.49	158.40
0.16	83.56
0.16
0.16
0.16
0.16
0.16
0.16
0.16
0.15
0.14
0.14
0.14
0.15
0.15
0.17
0.15
0.16
0.16
0.16
0.16
0.23
0.22
1.91
0.22
0.15
0.15
0.15
0.15
0.14
0.14
0.14
0.14
0.05	74.75
0.05
0.06
0.05
0.05
0.05
0.05
0.05
0.05
0.05
0.05
0.05
0.05
0.05
0.05
0.05
0.05
0.05
0.05
0.05
0.05
0.05
0.05
0.05
0.05
0.05
0.05
0.05
0.05
0.05
0.05
0.05
CorWatt	PkgWatt
12.14	164.98
0.24	86.89
0.24
0.24
0.24
0.19
0.23
0.20
0.23
0.22
0.23
0.22
0.96
0.22
0.22
0.28
0.22
0.21
0.22
0.23
0.23
0.28
0.26
1.17
0.27
0.21
0.21
0.21
0.22
0.21
0.22
0.21
0.22
0.09	78.18
0.10
0.11
0.10
0.10
0.10
0.10
0.10
0.09
0.10
0.09
0.09
0.09
0.10
0.10
0.10
0.10
0.10
0.10
0.11
0.10
0.09
0.10
0.10
0.10
0.11
0.10
0.10
0.09
0.10
0.10
0.11
CorWatt	PkgWatt
8.77	158.71
0.18	83.54
0.17
0.17
0.18
0.17
0.17
0.17
0.17
0.16
0.16
0.16
0.19
0.15
0.15
0.15
0.15
0.34
0.34
1.26
0.34
0.19
0.18
0.18
0.17
0.16
0.16
0.16
0.16
0.16
0.15
0.15
0.15
0.06	75.06
0.06
0.06
0.06
0.06
0.06
0.06
0.06
0.06
0.06
0.06
0.06
0.06
0.06
0.06
0.06
0.06
0.06
0.06
0.06
0.06
0.06
0.06
0.06
0.06
0.06
0.06
0.06
0.06
0.06
0.06
0.06
CorWatt	PkgWatt
8.61	158.19
0.18	83.50
0.18
0.18
0.18
0.17
0.17
0.17
0.17
0.16
0.16
0.16
0.19
0.15
0.15
0.15
0.16
0.36
0.36
1.15
0.36
0.19
0.18
0.18
0.17
0.16
0.16
0.16
0.16
0.16
0.16
0.16
0.16
0.06	74.82
0.06
0.06
0.06
0.05
0.05
0.05
0.05
0.05
0.05
0.05
0.05
0.05
0.05
0.05
0.05
0.05
0.05
0.05
0.05
0.06
0.06
0.06
0.06
0.05
0.05
0.05
0.05
0.05
0.05
0.05
0.05
CorWatt	PkgWatt
8.49	158.29
0.19	83.49
0.18
0.18
0.18
0.17
0.17
0.17
0.17
0.16
0.16
0.16
0.19
0.15
0.15
0.14
0.15
0.35
0.36
1.15
0.36
0.19
0.18
0.17
0.17
0.16
0.16
0.16
0.16
0.15
0.15
0.15
0.16
0.05	74.71
0.05
0.06
0.05
0.05
0.05
0.05
0.05
0.05
0.05
0.05
0.05
0.05
0.05
0.05
0.05
0.05
0.05
0.05
0.05
0.05
0.05
0.05
0.05
0.05
0.05
0.05
0.05
0.05
0.05
0.05
0.05
CorWatt	PkgWatt
8.56	158.20
0.19	83.59
0.18
0.18
0.18
0.17
0.17
0.17
0.17
0.16
0.16
0.16
0.19
0.15
0.16
0.15
0.23
0.35
0.36
1.14
0.37
0.19
0.18
0.17
0.17
0.16
0.16
0.16
0.16
0.16
0.16
0.15
0.16
0.05	74.61
0.05
0.05
0.05
0.05
0.05
0.05
0.05
0.05
0.05
0.05
0.05
0.05
0.05
0.05
0.05
0.05
0.05
0.05
0.05
0.05
0.05
0.05
0.05
0.05
0.05
0.05
0.05
0.05
0.05
0.05
0.05
CorWatt	PkgWatt
8.71	158.43
0.18	83.50
0.18
0.18
0.18
0.17
0.17
0.17
0.17
0.16
0.16
0.16
0.19
0.15
0.16
0.15
0.15
0.35
0.36
1.16
0.36
0.19
0.18
0.18
0.17
0.16
0.16
0.16
0.16
0.16
0.16
0.16
0.16
0.06	74.99
0.06
0.06
0.06
0.06
0.06
0.06
0.06
0.05
0.06
0.05
0.06
0.05
0.05
0.05
0.05
0.06
0.06
0.06
0.06
0.06
0.06
0.06
0.06
0.06
0.05
0.05
0.05
0.05
0.05
0.05
0.06
CorWatt	PkgWatt
8.48	158.19
0.19	83.42
0.18
0.18
0.18
0.17
0.17
0.17
0.17
0.16
0.16
0.16
0.19
0.15
0.15
0.14
0.15
0.35
0.35
1.04
0.47
0.19
0.17
0.17
0.17
0.16
0.16
0.16
0.16
0.16
0.15
0.15
0.16
0.05	74.72
0.05
0.06
0.05
0.05
0.05
0.05
0.05
0.05
0.05
0.05
0.05
0.05
0.05
0.05
0.05
0.05
0.05
0.05
0.05
0.05
0.05
0.05
0.05
0.05
0.05
0.05
0.05
0.05
0.05
0.05
0.05
CorWatt	PkgWatt
8.26	157.84
0.18	83.16
0.17
0.17
0.17
0.16
0.16
0.16
0.16
0.16
0.16
0.16
0.18
0.14
0.14
0.14
0.14
0.35
0.35
0.36
1.13
0.18
0.17
0.17
0.17
0.16
0.16
0.16
0.16
0.15
0.15
0.15
0.15
0.05	74.63
0.05
0.05
0.05
0.05
0.05
0.05
0.05
0.05
0.05
0.05
0.05
0.05
0.05
0.05
0.05
0.05
0.05
0.05
0.05
0.05
0.05
0.05
0.05
0.05
0.05
0.05
0.05
0.05
0.05
0.05
0.05
CorWatt	PkgWatt
8.31	157.64
0.19	83.14
0.17
0.17
0.17
0.16
0.16
0.16
0.17
0.16
0.16
0.16
0.18
0.15
0.14
0.14
0.14
0.35
0.35
0.42
1.08
0.19
0.17
0.17
0.17
0.16
0.16
0.16
0.16
0.15
0.15
0.15
0.15
0.05	74.63
0.05
0.05
0.05
0.05
0.05
0.05
0.05
0.05
0.05
0.05
0.05
0.05
0.05
0.05
0.05
0.05
0.05
0.05
0.05
0.05
0.05
0.05
0.05
0.05
0.05
0.05
0.05
0.05
0.05
0.05
0.05
CorWatt	PkgWatt
8.52	158.32
0.19	83.18
0.17
0.17
0.17
0.16
0.16
0.17
0.16
0.16
0.16
0.16
0.18
0.15
0.15
0.14
0.15
0.35
0.35
0.36
1.14
0.18
0.17
0.17
0.17
0.16
0.16
0.16
0.16
0.15
0.15
0.15
0.15
0.06	75.01
0.06
0.06
0.06
0.06
0.06
0.06
0.06
0.06
0.06
0.05
0.06
0.05
0.05
0.05
0.05
0.06
0.06
0.06
0.06
0.06
0.06
0.06
0.06
0.06
0.06
0.05
0.05
0.05
0.05
0.05
0.06
CorWatt	PkgWatt
8.20	157.58
0.18	83.05
0.17
0.17
0.17
0.16
0.16
0.16
0.16
0.16
0.16
0.15
0.18
0.14
0.14
0.14
0.14
0.35
0.35
0.36
1.12
0.18
0.17
0.17
0.17
0.16
0.16
0.16
0.16
0.15
0.15
0.15
0.15
0.05	74.54
0.05
0.05
0.05
0.05
0.05
0.05
0.05
0.05
0.05
0.05
0.05
0.05
0.05
0.05
0.05
0.05
0.05
0.05
0.05
0.05
0.05
0.05
0.05
0.05
0.05
0.05
0.05
0.05
0.05
0.05
0.05
CorWatt	PkgWatt
8.48	158.00
0.19	83.48
0.18
0.18
0.18
0.17
0.17
0.17
0.17
0.16
0.16
0.16
0.19
0.15
0.15
0.14
0.15
0.35
0.36
1.15
0.36
0.19
0.18
0.17
0.17
0.16
0.16
0.16
0.16
0.16
0.16
0.16
0.16
0.05	74.63
0.05
0.05
0.05
0.05
0.05
0.05
0.05
0.05
0.05
0.05
0.05
0.05
0.05
0.05
0.05
0.05
0.05
0.05
0.05
0.05
0.05
0.05
0.05
0.05
0.05
0.05
0.05
0.05
0.05
0.05
0.05
CorWatt	PkgWatt
8.41	158.16
0.18	83.41
0.17
0.18
0.18
0.17
0.17
0.17
0.17
0.16
0.16
0.16
0.18
0.15
0.15
0.14
0.15
0.35
0.35
0.90
0.62
0.19
0.17
0.17
0.17
0.16
0.16
0.16
0.16
0.15
0.15
0.15
0.15
0.05	74.65
0.05
0.05
0.05
0.05
0.05
0.05
0.05
0.05
0.05
0.05
0.05
0.05
0.05
0.05
0.05
0.05
0.05
0.05
0.05
0.05
0.05
0.05
0.05
0.05
0.05
0.05
0.05
0.05
0.05
0.05
0.05
CorWatt	PkgWatt
8.58	158.26
0.18	83.19
0.17
0.17
0.17
0.16
0.16
0.16
0.16
0.16
0.16
0.16
0.18
0.15
0.15
0.14
0.15
0.36
0.36
0.37
1.15
0.19
0.17
0.17
0.17
0.16
0.16
0.16
0.16
0.15
0.15
0.15
0.15
0.06	75.02
0.06
0.06
0.06
0.06
0.06
0.06
0.06
0.06
0.06
0.06
0.06
0.06
0.05
0.05
0.05
0.06
0.06
0.06
0.06
0.06
0.06
0.06
0.06
0.06
0.06
0.06
0.06
0.06
0.06
0.06
0.06
CorWatt	PkgWatt
8.46	157.78
0.18	83.23
0.17
0.17
0.17
0.16
0.16
0.16
0.16
0.16
0.16
0.16
0.18
0.15
0.15
0.14
0.22
0.37
0.37
0.37
1.13
0.19
0.17
0.17
0.17
0.16
0.16
0.16
0.16
0.15
0.15
0.15
0.15
0.05	74.72
0.05
0.05
0.06
0.05
0.05
0.05
0.05
0.05
0.05
0.05
0.05
0.05
0.05
0.05
0.05
0.05
0.05
0.05
0.05
0.05
0.05
0.05
0.05
0.05
0.05
0.05
0.05
0.05
0.05
0.05
0.05
CorWatt	PkgWatt
8.30	157.89
0.18	83.12
0.17
0.17
0.17
0.16
0.16
0.16
0.16
0.16
0.16
0.15
0.18
0.14
0.14
0.14
0.15
0.36
0.36
0.37
1.14
0.18
0.17
0.17
0.17
0.16
0.16
0.16
0.16
0.15
0.15
0.15
0.15
0.05	74.62
0.05
0.05
0.05
0.05
0.05
0.05
0.05
0.05
0.05
0.05
0.05
0.05
0.05
0.05
0.05
0.05
0.05
0.05
0.05
0.05
0.05
0.05
0.05
0.05
0.05
0.05
0.05
0.05
0.05
0.05
0.05
CorWatt	PkgWatt
8.37	157.87
0.18	83.28
0.17
0.17
0.18
0.16
0.16
0.16
0.16
0.16
0.16
0.16
0.18
0.14
0.15
0.14
0.15
0.37
0.37
0.57
0.95
0.19
0.17
0.17
0.17
0.16
0.16
0.16
0.16
0.15
0.15
0.15
0.15
0.05	74.59
0.05
0.05
0.05
0.05
0.05
0.05
0.05
0.05
0.05
0.05
0.05
0.05
0.05
0.05
0.05
0.05
0.05
0.05
0.05
0.05
0.05
0.05
0.05
0.05
0.05
0.05
0.05
0.05
0.05
0.05
0.05
CorWatt	PkgWatt
8.54	158.10
0.18	83.06
0.17
0.17
0.17
0.16
0.16
0.16
0.16
0.18
0.16
0.16
0.16
0.15
0.14
0.14
0.15
0.36
0.36
0.37
1.11
0.18
0.17
0.17
0.17
0.16
0.16
0.16
0.16
0.15
0.15
0.15
0.15
0.06	75.11
0.06
0.06
0.06
0.06
0.06
0.06
0.06
0.06
0.06
0.06
0.06
0.06
0.06
0.06
0.06
0.06
0.06
0.06
0.06
0.06
0.06
0.06
0.06
0.06
0.06
0.06
0.06
0.06
0.06
0.06
0.06
