CorWatt	PkgWatt
14.87	126.99
0.54	126.99
0.49
0.46
0.46
0.60
0.52
0.50
0.50
0.39
0.46
0.37
0.41
0.50
0.52
0.53
0.52
0.48
0.46
0.47
0.49
0.43
0.40
0.45
0.40
0.37
0.36
0.39
0.37
0.51
0.50
0.51
0.51
CorWatt	PkgWatt
15.08	126.88
0.56	126.95
0.48
0.49
0.48
0.59
0.52
0.51
0.49
0.37
0.48
0.39
0.38
0.50
0.51
0.51
0.51
0.52
0.52
0.50
0.47
0.42
0.38
0.42
0.39
0.41
0.38
0.38
0.36
0.58
0.55
0.52
0.52
CorWatt	PkgWatt
21.49	132.65
0.68	132.61
0.70
0.64
0.61
0.72
0.67
2.62
0.66
0.58
0.53
0.52
0.55
0.61
0.63
0.62
0.64
0.56
0.63
0.66
0.59
0.62
0.52
0.53
0.46
0.57
0.53
0.57
0.48
0.72
0.66
0.68
0.72
CorWatt	PkgWatt
16.48	128.06
0.71	128.04
0.82
1.13
0.66
0.63
0.50
0.60
0.48
0.41
0.43
0.37
0.37
0.51
0.50
0.51
0.50
0.46
0.50
0.47
0.49
0.41
0.39
0.42
0.39
0.45
0.40
0.41
0.39
0.59
0.53
0.51
0.54
CorWatt	PkgWatt
16.33	127.97
0.75	127.96
0.80
1.17
0.69
0.64
0.51
0.60
0.48
0.37
0.42
0.37
0.36
0.49
0.50
0.49
0.50
0.48
0.49
0.46
0.48
0.41
0.38
0.43
0.38
0.38
0.40
0.38
0.39
0.57
0.53
0.51
0.51
CorWatt	PkgWatt
16.43	127.96
0.72	127.96
0.92
1.08
0.67
0.59
0.56
0.61
0.49
0.39
0.43
0.38
0.40
0.50
0.51
0.49
0.50
0.46
0.48
0.45
0.49
0.43
0.38
0.42
0.41
0.38
0.37
0.40
0.37
0.59
0.54
0.51
0.52
CorWatt	PkgWatt
16.05	127.80
0.72	127.79
0.69
1.25
0.67
0.59
0.55
0.59
0.47
0.36
0.42
0.36
0.36
0.49
0.50
0.50
0.50
0.45
0.46
0.45
0.48
0.41
0.38
0.41
0.38
0.38
0.37
0.37
0.36
0.59
0.53
0.50
0.50
CorWatt	PkgWatt
16.48	128.06
0.70	128.07
0.67
1.41
0.67
0.61
0.53
0.60
0.50
0.41
0.44
0.39
0.40
0.51
0.51
0.51
0.51
0.45
0.47
0.45
0.48
0.43
0.39
0.41
0.39
0.36
0.37
0.38
0.40
0.57
0.54
0.52
0.50
CorWatt	PkgWatt
17.22	129.41
0.53	129.41
0.47
3.19
0.44
0.58
0.51
0.57
0.47
0.37
0.42
0.38
0.37
0.49
0.50
0.50
0.50
0.44
0.46
0.45
0.47
0.41
0.38
0.40
0.38
0.37
0.36
0.36
0.35
0.57
0.52
0.51
0.52
CorWatt	PkgWatt
17.61	129.71
0.52	129.72
0.47
3.19
0.44
0.60
0.51
0.61
0.50
0.37
0.42
0.39
0.39
0.54
0.52
0.50
0.53
0.47
0.47
0.45
0.49
0.44
0.40
0.44
0.41
0.35
0.36
0.38
0.35
0.58
0.53
0.51
0.50
CorWatt	PkgWatt
17.33	129.73
0.53	129.73
0.45
3.20
0.45
0.57
0.49
0.58
0.49
0.38
0.42
0.37
0.38
0.51
0.50
0.51
0.51
0.46
0.47
0.45
0.46
0.43
0.38
0.38
0.39
0.35
0.37
0.38
0.37
0.55
0.53
0.51
0.50
CorWatt	PkgWatt
17.25	129.49
0.52	129.49
0.46
3.19
0.43
0.58
0.49
0.58
0.48
0.37
0.46
0.36
0.37
0.50
0.50
0.49
0.50
0.46
0.47
0.46
0.46
0.41
0.39
0.39
0.41
0.36
0.36
0.37
0.35
0.56
0.52
0.50
0.49
CorWatt	PkgWatt
17.30	129.56
0.53	129.56
0.46
3.19
0.43
0.57
0.49
0.58
0.49
0.37
0.42
0.36
0.37
0.49
0.50
0.49
0.50
0.44
0.46
0.45
0.46
0.41
0.38
0.38
0.40
0.36
0.40
0.41
0.37
0.57
0.54
0.52
0.50
CorWatt	PkgWatt
17.35	129.60
0.52	129.60
0.45
3.19
0.43
0.58
0.51
0.59
0.50
0.38
0.42
0.37
0.38
0.50
0.50
0.49
0.51
0.46
0.48
0.44
0.48
0.41
0.38
0.38
0.40
0.39
0.39
0.37
0.36
0.56
0.53
0.51
0.50
CorWatt	PkgWatt
17.37	129.72
0.54	129.71
0.45
3.20
0.43
0.58
0.49
0.58
0.47
0.40
0.42
0.37
0.38
0.49
0.50
0.49
0.51
0.46
0.46
0.45
0.47
0.42
0.39
0.40
0.40
0.37
0.39
0.37
0.35
0.57
0.53
0.51
0.55
CorWatt	PkgWatt
17.06	129.43
0.52	129.43
0.45
3.19
0.43
0.57
0.49
0.57
0.47
0.36
0.42
0.37
0.36
0.50
0.50
0.49
0.50
0.44
0.46
0.44
0.46
0.41
0.38
0.38
0.39
0.35
0.38
0.35
0.35
0.57
0.52
0.49
0.49
CorWatt	PkgWatt
17.25	129.52
0.55	129.52
0.47
3.20
0.45
0.58
0.49
0.58
0.47
0.38
0.42
0.36
0.36
0.49
0.50
0.49
0.51
0.45
0.46
0.46
0.46
0.41
0.38
0.38
0.39
0.35
0.38
0.40
0.36
0.55
0.53
0.50
0.50
CorWatt	PkgWatt
17.47	129.63
0.52	129.63
0.47
3.20
0.43
0.57
0.50
0.57
0.48
0.38
0.42
0.37
0.37
0.50
0.50
0.49
0.51
0.45
0.50
0.47
0.48
0.42
0.38
0.38
0.40
0.40
0.41
0.39
0.39
0.58
0.53
0.50
0.51
CorWatt	PkgWatt
17.20	129.66
0.53	129.66
0.48
3.19
0.43
0.57
0.49
0.59
0.47
0.37
0.42
0.36
0.36
0.49
0.50
0.49
0.50
0.44
0.47
0.46
0.46
0.42
0.38
0.38
0.39
0.35
0.42
0.35
0.37
0.55
0.53
0.50
0.50
CorWatt	PkgWatt
17.20	129.55
0.52	129.55
0.45
3.16
0.43
0.57
0.50
0.58
0.47
0.37
0.42
0.36
0.36
0.49
0.50
0.50
0.51
0.45
0.46
0.45
0.46
0.42
0.38
0.38
0.40
0.37
0.42
0.37
0.37
0.55
0.52
0.49
0.49
CorWatt	PkgWatt
18.51	129.85
0.58	129.87
0.56
0.57
0.52
0.63
0.57
0.63
0.57
0.47
0.49
0.47
0.46
0.58
0.58
0.61
0.62
0.52
0.54
0.52
1.10
0.78
0.82
0.60
0.60
0.41
0.45
0.46
0.45
0.58
0.58
0.57
0.62
CorWatt	PkgWatt
16.96	128.62
0.52	128.61
0.45
0.45
0.44
0.55
0.50
0.49
0.48
0.38
0.46
0.37
0.38
0.50
0.51
0.55
0.54
0.45
0.47
0.46
0.59
0.78
1.44
0.75
0.75
0.38
0.39
0.37
0.35
0.54
0.53
0.54
0.58
CorWatt	PkgWatt
16.64	128.29
0.52	128.29
0.43
0.45
0.42
0.55
0.50
0.50
0.50
0.37
0.42
0.36
0.36
0.49
0.50
0.55
0.54
0.44
0.46
0.46
0.58
0.82
1.40
0.75
0.74
0.35
0.37
0.38
0.40
0.52
0.49
0.50
0.51
CorWatt	PkgWatt
16.74	128.34
0.51	128.35
0.44
0.45
0.45
0.56
0.48
0.48
0.48
0.37
0.45
0.38
0.38
0.52
0.54
0.57
0.57
0.44
0.47
0.44
0.58
1.02
1.19
0.74
0.74
0.35
0.36
0.39
0.36
0.53
0.52
0.50
0.50
CorWatt	PkgWatt
16.63	128.23
0.53	128.23
0.45
0.46
0.43
0.56
0.48
0.48
0.48
0.37
0.45
0.39
0.38
0.51
0.51
0.54
0.54
0.45
0.46
0.46
0.59
0.96
1.25
0.74
0.74
0.35
0.36
0.35
0.35
0.51
0.49
0.50
0.50
CorWatt	PkgWatt
16.77	128.54
0.53	128.54
0.48
0.45
0.44
0.56
0.49
0.48
0.48
0.39
0.42
0.38
0.38
0.51
0.51
0.56
0.54
0.45
0.46
0.45
0.61
1.28
0.94
0.74
0.74
0.35
0.38
0.37
0.36
0.51
0.50
0.50
0.52
CorWatt	PkgWatt
17.69	129.22
0.54	129.22
0.44
0.46
0.45
0.55
0.48
0.48
0.47
0.37
0.43
0.36
0.36
0.51
0.50
0.56
0.53
0.46
0.47
0.47
0.58
1.46
1.48
0.93
0.93
0.35
0.36
0.36
0.36
0.51
0.49
0.50
0.50
CorWatt	PkgWatt
20.07	131.29
0.56	131.30
0.44
0.47
0.45
0.55
0.51
0.49
0.48
0.41
0.45
0.40
0.41
0.55
0.52
0.57
0.55
0.48
0.47
0.49
0.59
1.26
3.02
1.23
1.23
0.36
0.39
0.36
0.37
0.52
0.49
0.49
0.50
CorWatt	PkgWatt
19.74	131.23
0.57	131.23
0.44
0.46
0.45
0.57
0.49
0.50
0.49
0.38
0.42
0.38
0.37
0.50
0.50
0.54
0.54
0.45
0.50
0.49
0.57
1.23
3.03
1.23
1.23
0.35
0.39
0.35
0.35
0.51
0.49
0.49
0.50
CorWatt	PkgWatt
20.14	131.52
0.56	131.52
0.47
0.48
0.47
0.55
0.52
0.52
0.48
0.42
0.45
0.37
0.37
0.54
0.55
0.57
0.55
0.48
0.47
0.48
0.58
1.82
2.45
1.23
1.24
0.39
0.40
0.36
0.36
0.51
0.49
0.50
0.50
CorWatt	PkgWatt
19.67	131.08
0.54	131.07
0.44
0.46
0.44
0.55
0.50
0.48
0.47
0.37
0.43
0.37
0.39
0.51
0.50
0.54
0.54
0.45
0.47
0.46
0.58
1.23
3.05
1.23
1.23
0.35
0.37
0.36
0.35
0.51
0.49
0.50
0.52
CorWatt	PkgWatt
19.99	131.38
0.52	131.39
0.48
0.48
0.47
0.55
0.49
0.50
0.48
0.38
0.47
0.39
0.37
0.51
0.51
0.55
0.54
0.46
0.47
0.47
0.60
2.67
1.58
1.23
1.24
0.39
0.39
0.36
0.35
0.56
0.54
0.50
0.51
CorWatt	PkgWatt
19.67	131.26
0.55	131.26
0.44
0.47
0.44
0.54
0.49
0.48
0.47
0.37
0.42
0.36
0.36
0.51
0.50
0.55
0.54
0.46
0.46
0.47
0.59
2.05
2.22
1.23
1.24
0.35
0.38
0.35
0.35
0.51
0.49
0.50
0.50
CorWatt	PkgWatt
19.84	131.32
0.54	131.32
0.43
0.47
0.44
0.55
0.50
0.49
0.48
0.39
0.44
0.37
0.38
0.53
0.50
0.55
0.54
0.47
0.51
0.48
0.59
3.00
1.27
1.23
1.24
0.35
0.39
0.35
0.35
0.53
0.50
0.50
0.50
CorWatt	PkgWatt
19.70	131.19
0.55	131.19
0.46
0.45
0.46
0.57
0.50
0.49
0.47
0.36
0.43
0.36
0.36
0.51
0.50
0.54
0.53
0.46
0.47
0.47
0.59
1.23
3.03
1.23
1.24
0.35
0.39
0.36
0.35
0.51
0.49
0.50
0.50
CorWatt	PkgWatt
19.82	131.25
0.55	131.25
0.43
0.48
0.43
0.55
0.51
0.52
0.48
0.38
0.42
0.38
0.37
0.52
0.50
0.54
0.53
0.45
0.47
0.46
0.59
2.34
1.92
1.23
1.24
0.37
0.36
0.38
0.37
0.52
0.52
0.51
0.52
CorWatt	PkgWatt
19.64	131.32
0.55	131.31
0.43
0.44
0.44
0.56
0.50
0.48
0.47
0.37
0.42
0.36
0.36
0.51
0.50
0.55
0.54
0.46
0.47
0.48
0.57
3.05
1.23
1.23
1.24
0.35
0.36
0.37
0.36
0.51
0.50
0.50
0.50
CorWatt	PkgWatt
19.40	131.06
0.56	131.04
0.48
0.53
0.49
0.62
0.57
0.54
0.55
0.43
0.48
0.73
0.45
0.57
0.55
0.59
0.58
0.51
0.51
0.52
0.65
0.92
1.95
0.91
0.91
0.41
0.42
0.42
0.42
0.56
0.53
0.53
0.54
CorWatt	PkgWatt
16.42	128.03
0.52	128.06
0.44
0.71
0.45
1.02
0.97
0.70
0.71
0.40
0.43
0.39
0.38
0.52
0.51
0.51
0.55
0.46
0.47
0.49
0.47
0.48
0.42
0.43
0.40
0.36
0.38
0.37
0.42
0.52
0.51
0.51
0.50
CorWatt	PkgWatt
16.09	127.83
0.49	127.83
0.42
0.57
0.43
0.79
1.16
0.75
0.75
0.37
0.42
0.38
0.38
0.54
0.52
0.49
0.55
0.46
0.45
0.46
0.47
0.46
0.42
0.43
0.39
0.35
0.36
0.36
0.42
0.52
0.51
0.50
0.49
CorWatt	PkgWatt
16.13	127.97
0.49	127.96
0.42
0.57
0.46
0.81
1.16
0.72
0.75
0.40
0.42
0.37
0.38
0.53
0.50
0.51
0.56
0.46
0.48
0.46
0.47
0.46
0.42
0.39
0.39
0.35
0.39
0.37
0.41
0.51
0.49
0.51
0.53
CorWatt	PkgWatt
16.35	127.91
0.50	127.90
0.44
0.57
0.44
0.81
1.15
0.73
0.75
0.40
0.47
0.38
0.39
0.54
0.52
0.50
0.55
0.48
0.48
0.50
0.48
0.45
0.43
0.39
0.41
0.37
0.37
0.36
0.41
0.53
0.51
0.51
0.50
CorWatt	PkgWatt
16.00	127.97
0.50	127.97
0.43
0.55
0.44
0.78
1.34
0.71
0.72
0.39
0.42
0.37
0.37
0.55
0.50
0.50
0.53
0.45
0.46
0.46
0.46
0.40
0.41
0.38
0.38
0.36
0.38
0.38
0.36
0.52
0.51
0.51
0.50
CorWatt	PkgWatt
18.49	132.98
0.53	132.98
0.43
0.56
0.43
0.56
4.37
0.49
0.53
0.40
0.42
0.37
0.36
0.57
0.50
0.49
0.53
0.45
0.49
0.45
0.53
0.38
0.41
0.38
0.38
0.38
0.39
0.36
0.35
0.52
0.49
0.50
0.49
CorWatt	PkgWatt
18.58	132.84
0.54	132.84
0.43
0.56
0.46
0.56
4.38
0.49
0.51
0.42
0.43
0.37
0.37
0.55
0.50
0.49
0.53
0.47
0.47
0.47
0.47
0.39
0.43
0.41
0.39
0.37
0.38
0.37
0.36
0.51
0.49
0.50
0.52
CorWatt	PkgWatt
18.50	132.91
0.54	132.91
0.44
0.55
0.43
0.56
4.38
0.50
0.51
0.41
0.42
0.38
0.38
0.56
0.50
0.50
0.54
0.45
0.46
0.45
0.47
0.39
0.41
0.39
0.39
0.35
0.37
0.38
0.36
0.52
0.50
0.50
0.50
CorWatt	PkgWatt
18.52	133.05
0.56	133.05
0.46
0.56
0.46
0.55
4.38
0.49
0.51
0.40
0.43
0.37
0.37
0.55
0.50
0.49
0.53
0.46
0.47
0.46
0.46
0.39
0.41
0.39
0.38
0.35
0.38
0.35
0.35
0.51
0.50
0.50
0.55
CorWatt	PkgWatt
18.50	133.03
0.55	133.04
0.45
0.57
0.43
0.56
4.38
0.50
0.51
0.39
0.42
0.36
0.37
0.55
0.50
0.49
0.54
0.44
0.50
0.47
0.49
0.38
0.41
0.38
0.38
0.37
0.41
0.35
0.35
0.52
0.50
0.50
0.51
CorWatt	PkgWatt
18.62	132.98
0.53	132.97
0.43
0.57
0.44
0.58
4.35
0.50
0.52
0.41
0.43
0.37
0.38
0.55
0.51
0.50
0.55
0.46
0.47
0.48
0.46
0.42
0.42
0.40
0.39
0.36
0.38
0.36
0.36
0.52
0.52
0.51
0.51
CorWatt	PkgWatt
18.70	133.07
0.52	133.07
0.43
0.54
0.44
0.62
4.36
0.51
0.51
0.42
0.45
0.37
0.37
0.57
0.51
0.51
0.54
0.46
0.48
0.47
0.48
0.40
0.44
0.39
0.39
0.35
0.38
0.38
0.37
0.52
0.51
0.50
0.50
CorWatt	PkgWatt
19.41	133.79
0.56	133.80
0.46
0.58
0.46
0.62
4.38
0.52
0.55
0.41
0.45
0.42
0.42
0.60
0.52
0.52
0.57
0.48
0.53
0.50
0.51
0.39
0.41
0.41
0.38
0.38
0.41
0.41
0.41
0.55
0.53
0.53
0.54
CorWatt	PkgWatt
18.69	133.15
0.53	133.14
0.44
0.56
0.44
0.60
4.37
0.50
0.52
0.38
0.47
0.37
0.38
0.57
0.50
0.49
0.54
0.45
0.48
0.47
0.47
0.41
0.42
0.41
0.40
0.37
0.38
0.37
0.35
0.53
0.52
0.52
0.50
CorWatt	PkgWatt
18.51	133.06
0.53	133.06
0.43
0.54
0.44
0.60
4.38
0.53
0.53
0.37
0.42
0.36
0.37
0.59
0.50
0.49
0.54
0.45
0.46
0.46
0.46
0.39
0.41
0.41
0.39
0.35
0.39
0.35
0.35
0.51
0.49
0.50
0.53
CorWatt	PkgWatt
18.73	133.49
0.52	133.49
0.44
0.55
0.45
0.59
4.38
0.51
0.51
0.38
0.44
0.38
0.39
0.58
0.55
0.54
0.57
0.45
0.47
0.46
0.48
0.39
0.41
0.40
0.39
0.36
0.37
0.36
0.35
0.54
0.52
0.51
0.50
CorWatt	PkgWatt
18.60	133.24
0.52	133.25
0.45
0.57
0.45
0.60
4.38
0.50
0.51
0.37
0.46
0.39
0.37
0.58
0.51
0.50
0.54
0.46
0.46
0.47
0.47
0.41
0.41
0.41
0.38
0.35
0.38
0.36
0.35
0.52
0.49
0.50
0.50
CorWatt	PkgWatt
18.19	130.61
0.57	130.63
0.51
0.58
0.51
0.67
1.08
0.58
0.59
0.49
0.54
0.50
0.75
0.81
0.56
0.57
0.91
0.55
0.55
0.56
0.57
0.43
0.46
0.44
0.43
0.43
0.44
0.44
0.42
0.59
0.57
0.56
0.55
CorWatt	PkgWatt
16.14	128.49
0.51	128.48
0.42
0.46
0.45
0.57
0.50
0.49
0.48
1.11
0.65
0.61
0.72
0.64
0.50
0.50
0.51
0.49
0.46
0.47
0.53
0.40
0.41
0.41
0.38
0.35
0.36
0.35
0.36
0.52
0.50
0.50
0.51
CorWatt	PkgWatt
16.32	128.40
0.51	128.41
0.44
0.47
0.46
0.59
0.51
0.49
0.48
1.13
0.67
0.64
0.69
0.67
0.52
0.54
0.52
0.48
0.46
0.47
0.52
0.38
0.42
0.40
0.39
0.35
0.36
0.36
0.35
0.53
0.50
0.51
0.50
CorWatt	PkgWatt
16.35	128.45
0.53	128.45
0.45
0.47
0.45
0.58
0.49
0.50
0.49
0.99
0.65
0.62
0.80
0.65
0.51
0.50
0.51
0.49
0.49
0.49
0.53
0.41
0.42
0.41
0.39
0.36
0.39
0.36
0.36
0.52
0.51
0.51
0.52
CorWatt	PkgWatt
15.96	128.02
0.49	128.01
0.42
0.44
0.43
0.59
0.49
0.49
0.48
1.08
0.65
0.60
0.70
0.65
0.50
0.49
0.51
0.48
0.46
0.45
0.51
0.38
0.42
0.40
0.38
0.35
0.38
0.35
0.35
0.53
0.50
0.50
0.50
CorWatt	PkgWatt
16.31	128.52
0.49	128.53
0.44
0.44
0.43
0.61
0.48
0.50
0.49
1.44
0.63
0.59
0.66
0.63
0.50
0.49
0.51
0.48
0.46
0.45
0.51
0.40
0.42
0.42
0.38
0.35
0.38
0.36
0.35
0.52
0.51
0.50
0.50
CorWatt	PkgWatt
18.10	130.25
0.52	130.25
0.49
0.48
0.47
0.56
0.50
0.52
0.49
3.07
0.59
0.52
0.55
0.62
0.51
0.52
0.52
0.48
0.48
0.47
0.51
0.38
0.41
0.41
0.39
0.38
0.38
0.36
0.36
0.57
0.56
0.52
0.52
CorWatt	PkgWatt
17.61	129.85
0.51	129.84
0.46
0.46
0.44
0.54
0.48
0.49
0.47
3.05
0.55
0.51
0.56
0.62
0.50
0.49
0.51
0.48
0.46
0.45
0.52
0.40
0.42
0.43
0.38
0.35
0.36
0.36
0.35
0.51
0.50
0.50
0.50
CorWatt	PkgWatt
17.63	129.89
0.51	129.89
0.46
0.46
0.42
0.55
0.48
0.48
0.47
3.05
0.56
0.50
0.55
0.62
0.51
0.51
0.51
0.48
0.49
0.46
0.54
0.38
0.41
0.40
0.38
0.35
0.36
0.37
0.35
0.52
0.50
0.50
0.50
CorWatt	PkgWatt
17.71	130.07
0.53	130.08
0.48
0.44
0.46
0.55
0.49
0.50
0.47
3.07
0.56
0.50
0.55
0.62
0.51
0.50
0.51
0.48
0.46
0.46
0.54
0.39
0.40
0.41
0.38
0.35
0.40
0.35
0.35
0.52
0.49
0.50
0.50
CorWatt	PkgWatt
17.91	130.11
0.53	130.12
0.46
0.48
0.43
0.55
0.51
0.51
0.49
3.05
0.56
0.51
0.56
0.63
0.51
0.50
0.51
0.50
0.47
0.46
0.52
0.40
0.42
0.42
0.40
0.35
0.36
0.38
0.37
0.53
0.52
0.51
0.52
CorWatt	PkgWatt
17.59	129.93
0.52	129.93
0.47
0.44
0.43
0.55
0.48
0.49
0.47
0.56
0.55
0.50
3.04
0.62
0.50
0.50
0.51
0.49
0.46
0.47
0.52
0.40
0.41
0.41
0.38
0.35
0.36
0.35
0.36
0.51
0.49
0.50
0.51
CorWatt	PkgWatt
17.67	129.89
0.51	129.89
0.48
0.46
0.44
0.55
0.50
0.49
0.49
0.56
0.56
0.51
3.06
0.61
0.51
0.50
0.51
0.49
0.46
0.45
0.53
0.38
0.42
0.40
0.38
0.35
0.36
0.35
0.35
0.52
0.50
0.50
0.51
CorWatt	PkgWatt
17.65	129.99
0.52	129.98
0.47
0.44
0.43
0.55
0.49
0.50
0.47
0.56
0.55
0.50
3.05
0.62
0.51
0.49
0.51
0.48
0.47
0.46
0.53
0.40
0.41
0.41
0.38
0.37
0.36
0.35
0.35
0.51
0.50
0.50
0.51
CorWatt	PkgWatt
17.86	130.03
0.52	130.04
0.47
0.45
0.43
0.55
0.49
0.52
0.49
0.54
0.55
0.52
3.05
0.65
0.53
0.50
0.53
0.49
0.47
0.45
0.51
0.40
0.45
0.43
0.40
0.36
0.38
0.36
0.35
0.52
0.51
0.50
0.50
CorWatt	PkgWatt
17.81	129.93
0.52	129.93
0.45
0.45
0.47
0.57
0.49
0.50
0.49
0.55
0.55
0.51
3.05
0.65
0.51
0.50
0.52
0.48
0.48
0.46
0.51
0.41
0.41
0.39
0.39
0.35
0.39
0.36
0.35
0.52
0.51
0.52
0.50
CorWatt	PkgWatt
17.63	129.86
0.52	129.86
0.42
0.44
0.42
0.58
0.49
0.49
0.48
0.54
0.59
0.50
3.05
0.64
0.51
0.50
0.51
0.49
0.46
0.47
0.51
0.38
0.43
0.38
0.39
0.36
0.36
0.35
0.35
0.52
0.51
0.51
0.50
CorWatt	PkgWatt
17.09	129.34
0.52	129.34
0.43
0.44
0.43
0.59
0.48
0.51
0.47
0.52
0.52
0.45
2.30
0.66
0.52
0.52
0.52
0.49
0.47
0.47
0.54
0.39
0.52
0.40
0.38
0.36
0.38
0.39
0.36
0.54
0.52
0.51
0.52
CorWatt	PkgWatt
18.02	129.60
0.68	129.61
1.12
0.67
0.65
0.64
0.59
0.82
0.58
0.45
0.49
0.41
0.48
0.57
0.54
0.55
0.56
0.55
0.54
0.52
0.61
0.45
0.67
0.45
0.44
0.45
0.44
0.42
0.42
0.59
0.56
0.56
0.56
CorWatt	PkgWatt
16.20	127.87
0.72	127.86
0.67
1.22
0.70
0.58
0.49
0.60
0.48
0.39
0.44
0.37
0.46
0.51
0.50
0.50
0.50
0.51
0.46
0.47
0.52
0.39
0.42
0.40
0.38
0.36
0.41
0.37
0.35
0.52
0.49
0.50
0.52
CorWatt	PkgWatt
16.01	127.96
0.71	127.95
0.66
1.25
0.68
0.57
0.54
0.59
0.48
0.38
0.44
0.38
0.44
0.52
0.51
0.50
0.51
0.48
0.46
0.45
0.52
0.38
0.41
0.38
0.38
0.35
0.36
0.35
0.35
0.51
0.50
0.50
0.49
CorWatt	PkgWatt
16.07	127.82
0.72	127.82
0.66
1.27
0.70
0.59
0.53
0.60
0.48
0.36
0.44
0.36
0.38
0.51
0.50
0.49
0.50
0.49
0.46
0.46
0.52
0.39
0.41
0.39
0.38
0.35
0.41
0.35
0.36
0.51
0.49
0.50
0.50
CorWatt	PkgWatt
16.20	128.06
0.71	128.06
1.26
0.71
0.68
0.56
0.55
0.60
0.48
0.40
0.44
0.38
0.38
0.52
0.50
0.50
0.51
0.48
0.50
0.47
0.53
0.38
0.41
0.38
0.38
0.37
0.38
0.35
0.35
0.52
0.50
0.50
0.50
CorWatt	PkgWatt
17.30	129.56
0.57	129.56
2.81
0.52
0.52
0.57
0.54
0.60
0.49
0.38
0.45
0.38
0.38
0.51
0.50
0.49
0.51
0.48
0.47
0.46
0.51
0.41
0.41
0.39
0.38
0.35
0.39
0.36
0.36
0.52
0.52
0.51
0.55
CorWatt	PkgWatt
17.36	129.71
0.52	129.71
3.28
0.45
0.46
0.55
0.50
0.60
0.47
0.36
0.45
0.36
0.37
0.52
0.51
0.50
0.50
0.48
0.46
0.46
0.50
0.38
0.40
0.39
0.38
0.35
0.40
0.36
0.37
0.52
0.49
0.50
0.49
CorWatt	PkgWatt
17.58	129.86
0.53	129.86
3.28
0.46
0.48
0.55
0.49
0.61
0.49
0.38
0.42
0.39
0.40
0.51
0.50
0.49
0.51
0.48
0.49
0.45
0.54
0.39
0.40
0.41
0.38
0.36
0.38
0.37
0.37
0.52
0.52
0.52
0.52
CorWatt	PkgWatt
17.65	130.01
0.52	130.01
3.28
0.46
0.47
0.55
0.49
0.60
0.49
0.38
0.47
0.37
0.37
0.54
0.51
0.50
0.51
0.48
0.48
0.46
0.52
0.40
0.41
0.42
0.40
0.36
0.39
0.38
0.36
0.52
0.53
0.52
0.50
CorWatt	PkgWatt
17.42	129.77
0.52	129.77
3.29
0.46
0.47
0.55
0.50
0.62
0.51
0.40
0.43
0.36
0.37
0.51
0.50
0.49
0.50
0.48
0.46
0.46
0.51
0.39
0.42
0.41
0.38
0.35
0.40
0.36
0.35
0.50
0.50
0.50
0.50
CorWatt	PkgWatt
17.43	129.98
0.52	129.97
3.28
0.44
0.48
0.54
0.49
0.60
0.48
0.38
0.43
0.38
0.38
0.54
0.54
0.52
0.54
0.47
0.46
0.44
0.50
0.38
0.41
0.40
0.38
0.35
0.36
0.35
0.35
0.52
0.51
0.50
0.50
CorWatt	PkgWatt
17.46	129.71
0.53	129.71
3.28
0.46
0.47
0.54
0.49
0.60
0.48
0.37
0.45
0.39
0.37
0.53
0.51
0.50
0.51
0.48
0.46
0.46
0.51
0.41
0.41
0.41
0.38
0.35
0.38
0.35
0.35
0.50
0.51
0.50
0.53
CorWatt	PkgWatt
17.47	129.84
0.53	129.84
3.28
0.47
0.48
0.56
0.49
0.59
0.50
0.38
0.42
0.39
0.39
0.53
0.50
0.50
0.50
0.48
0.46
0.45
0.51
0.38
0.41
0.40
0.38
0.36
0.37
0.36
0.36
0.51
0.51
0.50
0.50
CorWatt	PkgWatt
17.35	129.92
0.54	129.92
3.28
0.48
0.48
0.55
0.50
0.60
0.48
0.36
0.42
0.36
0.37
0.52
0.50
0.49
0.50
0.49
0.46
0.46
0.51
0.38
0.41
0.41
0.38
0.35
0.36
0.35
0.36
0.50
0.51
0.50
0.50
CorWatt	PkgWatt
17.56	129.75
0.53	129.76
3.28
0.46
0.47
0.54
0.53
0.59
0.48
0.38
0.45
0.39
0.41
0.56
0.54
0.54
0.52
0.47
0.46
0.45
0.52
0.38
0.40
0.40
0.38
0.35
0.36
0.35
0.35
0.51
0.52
0.50
0.49
CorWatt	PkgWatt
17.41	129.73
0.54	129.73
3.28
0.48
0.46
0.56
0.53
0.57
0.48
0.37
0.42
0.36
0.37
0.51
0.50
0.49
0.50
0.48
0.46
0.48
0.53
0.39
0.41
0.41
0.38
0.35
0.40
0.35
0.35
0.50
0.50
0.50
0.51
CorWatt	PkgWatt
17.57	129.83
0.52	129.83
3.28
0.46
0.48
0.55
0.54
0.59
0.49
0.38
0.44
0.37
0.38
0.53
0.51
0.49
0.50
0.48
0.47
0.47
0.51
0.41
0.42
0.43
0.38
0.35
0.37
0.37
0.35
0.51
0.50
0.51
0.54
CorWatt	PkgWatt
18.18	129.95
0.55	129.96
1.21
0.48
0.50
0.63
0.62
0.66
0.58
0.43
0.50
0.46
0.42
0.59
0.55
0.56
0.56
0.55
0.53
0.50
0.55
0.45
0.48
0.45
0.44
0.67
0.51
0.49
0.47
0.77
0.89
0.57
0.57
CorWatt	PkgWatt
16.92	128.43
0.52	128.42
0.46
0.48
0.46
0.55
0.49
0.50
0.50
0.37
0.48
0.40
0.37
0.53
0.50
0.49
0.51
0.48
0.48
0.44
0.46
0.38
0.41
0.38
0.39
0.79
1.11
1.04
0.70
0.63
0.61
0.51
0.52
CorWatt	PkgWatt
16.71	128.23
0.51	128.22
0.43
0.47
0.43
0.55
0.50
0.49
0.49
0.39
0.45
0.37
0.37
0.52
0.50
0.50
0.51
0.48
0.53
0.45
0.46
0.40
0.42
0.40
0.38
0.75
1.41
0.72
0.70
0.51
0.62
0.50
0.50
CorWatt	PkgWatt
16.72	128.55
0.50	128.54
0.43
0.46
0.43
0.56
0.49
0.49
0.48
0.37
0.44
0.37
0.38
0.53
0.51
0.50
0.51
0.48
0.53
0.46
0.48
0.38
0.41
0.39
0.38
0.75
1.03
1.12
0.70
0.52
0.62
0.51
0.50
CorWatt	PkgWatt
16.62	128.21
0.51	128.21
0.45
0.45
0.46
0.56
0.48
0.49
0.47
0.37
0.44
0.37
0.39
0.52
0.50
0.49
0.50
0.49
0.51
0.45
0.46
0.38
0.41
0.39
0.38
0.75
1.41
0.71
0.70
0.51
0.62
0.50
0.51
CorWatt	PkgWatt
16.81	128.42
0.55	128.42
0.43
0.47
0.42
0.55
0.52
0.52
0.48
0.37
0.44
0.38
0.38
0.54
0.51
0.51
0.50
0.48
0.51
0.44
0.46
0.39
0.41
0.39
0.40
0.75
1.41
0.72
0.71
0.51
0.63
0.51
0.53
CorWatt	PkgWatt
16.88	128.59
0.51	128.58
0.42
0.45
0.44
0.56
0.49
0.52
0.47
0.37
0.43
0.37
0.37
0.51
0.50
0.50
0.51
0.49
0.50
0.46
0.46
0.39
0.40
0.39
0.38
0.79
0.81
1.53
0.75
0.51
0.63
0.50
0.50
CorWatt	PkgWatt
19.94	131.12
0.51	131.13
0.46
0.46
0.45
0.55
0.49
0.52
0.50
0.40
0.45
0.39
0.40
0.52
0.51
0.51
0.52
0.48
0.51
0.45
0.46
0.38
0.41
0.38
0.38
1.21
1.39
2.88
1.20
0.53
0.62
0.51
0.51
CorWatt	PkgWatt
19.76	130.97
0.52	130.97
0.42
0.46
0.43
0.56
0.48
0.53
0.47
0.38
0.44
0.38
0.37
0.52
0.50
0.50
0.50
0.48
0.50
0.45
0.47
0.40
0.41
0.39
0.38
1.21
2.58
1.67
1.21
0.52
0.62
0.50
0.50
CorWatt	PkgWatt
20.16	131.28
0.52	131.29
0.45
0.45
0.44
0.57
0.50
0.55
0.49
0.38
0.45
0.39
0.38
0.57
0.53
0.50
0.53
0.50
0.51
0.46
0.47
0.42
0.45
0.41
0.41
1.21
2.06
2.17
1.20
0.53
0.62
0.51
0.52
CorWatt	PkgWatt
19.98	131.03
0.52	131.02
0.42
0.47
0.47
0.58
0.48
0.54
0.50
0.40
0.45
0.38
0.40
0.53
0.50
0.49
0.52
0.48
0.52
0.45
0.46
0.40
0.40
0.40
0.41
1.21
1.69
2.57
1.20
0.52
0.62
0.50
0.51
CorWatt	PkgWatt
20.02	131.15
0.50	131.16
0.43
0.44
0.43
0.56
0.50
0.53
0.48
0.37
0.49
0.38
0.38
0.51
0.51
0.50
0.52
0.50
0.53
0.47
0.46
0.38
0.42
0.39
0.40
1.21
1.48
2.79
1.21
0.55
0.63
0.53
0.52
CorWatt	PkgWatt
19.68	130.99
0.53	130.99
0.43
0.44
0.43
0.54
0.48
0.54
0.47
0.38
0.44
0.37
0.37
0.50
0.50
0.49
0.50
0.48
0.51
0.45
0.46
0.39
0.41
0.39
0.38
1.21
2.49
1.74
1.21
0.52
0.62
0.51
0.51
CorWatt	PkgWatt
19.78	131.00
0.50	131.00
0.42
0.44
0.42
0.54
0.51
0.52
0.49
0.38
0.46
0.37
0.38
0.50
0.50
0.49
0.51
0.48
0.54
0.45
0.48
0.38
0.41
0.39
0.38
1.21
2.17
2.07
1.21
0.54
0.63
0.51
0.50
CorWatt	PkgWatt
19.86	131.05
0.52	131.05
0.43
0.44
0.44
0.56
0.48
0.52
0.47
0.38
0.45
0.37
0.38
0.50
0.50
0.49
0.51
0.51
0.52
0.47
0.46
0.39
0.43
0.41
0.38
1.21
3.04
1.22
1.21
0.52
0.62
0.51
0.53
CorWatt	PkgWatt
19.90	131.12
0.52	131.13
0.45
0.44
0.44
0.55
0.49
0.55
0.49
0.38
0.45
0.38
0.39
0.51
0.52
0.50
0.51
0.48
0.51
0.45
0.47
0.38
0.41
0.39
0.38
1.21
2.79
1.48
1.21
0.53
0.62
0.51
0.53
CorWatt	PkgWatt
19.80	131.15
0.54	131.14
0.43
0.45
0.45
0.55
0.48
0.51
0.47
0.38
0.45
0.37
0.38
0.50
0.50
0.50
0.51
0.49
0.51
0.46
0.46
0.38
0.41
0.40
0.38
1.21
1.36
2.89
1.21
0.52
0.62
0.51
0.51
CorWatt	PkgWatt
18.87	130.30
0.50	130.31
0.44
0.45
0.42
0.55
0.50
0.53
0.47
0.37
0.44
0.38
0.37
0.50
0.50
0.49
0.51
0.48
0.55
0.46
0.48
0.38
0.41
0.39
0.38
1.06
1.07
2.60
1.05
0.53
0.60
0.51
0.50
CorWatt	PkgWatt
19.73	133.88
0.57	133.90
0.48
3.14
0.51
0.58
0.61
0.79
0.54
0.44
0.47
0.43
0.41
0.54
0.54
0.55
0.55
0.56
0.54
0.53
0.57
0.46
0.46
0.45
0.77
0.44
0.45
0.49
0.41
0.61
0.65
0.63
0.57
CorWatt	PkgWatt
20.35	138.46
0.53	138.45
0.45
5.81
0.46
0.49
0.53
0.60
0.50
0.39
0.47
0.38
0.39
0.53
0.52
0.51
0.51
0.49
0.48
0.47
0.51
0.40
0.42
0.41
0.39
0.37
0.42
0.42
0.37
0.53
0.51
0.57
0.52
CorWatt	PkgWatt
20.32	138.35
0.55	138.35
0.44
5.80
0.47
0.50
0.54
0.59
0.48
0.39
0.42
0.40
0.42
0.52
0.51
0.50
0.51
0.48
0.49
0.45
0.52
0.39
0.40
0.40
0.38
0.41
0.40
0.41
0.36
0.54
0.53
0.60
0.53
CorWatt	PkgWatt
19.99	138.16
0.53	138.16
0.43
5.79
0.45
0.49
0.51
0.59
0.47
0.39
0.47
0.36
0.37
0.52
0.50
0.49
0.51
0.48
0.47
0.44
0.52
0.39
0.40
0.40
0.39
0.37
0.39
0.39
0.35
0.54
0.52
0.58
0.50
CorWatt	PkgWatt
19.90	138.27
0.53	138.27
0.43
5.79
0.45
0.49
0.53
0.61
0.49
0.37
0.43
0.36
0.38
0.51
0.50
0.49
0.51
0.48
0.45
0.45
0.50
0.39
0.40
0.39
0.38
0.41
0.37
0.36
0.35
0.52
0.50
0.56
0.50
CorWatt	PkgWatt
20.21	138.27
0.54	138.27
0.44
5.79
0.47
0.53
0.51
0.58
0.48
0.39
0.44
0.38
0.40
0.54
0.54
0.52
0.55
0.48
0.47
0.45
0.50
0.39
0.42
0.40
0.38
0.41
0.38
0.36
0.35
0.54
0.53
0.57
0.50
CorWatt	PkgWatt
19.96	138.11
0.53	138.11
0.45
5.79
0.47
0.53
0.49
0.59
0.47
0.39
0.47
0.40
0.38
0.53
0.51
0.49
0.51
0.49
0.46
0.46
0.50
0.41
0.41
0.39
0.38
0.35
0.37
0.36
0.35
0.52
0.50
0.56
0.50
CorWatt	PkgWatt
20.08	138.35
0.55	138.35
0.46
5.79
0.47
0.52
0.49
0.58
0.48
0.41
0.44
0.39
0.40
0.52
0.51
0.50
0.52
0.48
0.46
0.45
0.51
0.38
0.41
0.39
0.38
0.38
0.38
0.36
0.37
0.52
0.51
0.56
0.50
CorWatt	PkgWatt
20.44	138.74
0.59	138.74
0.48
5.80
0.51
0.53
0.49
0.61
0.49
0.39
0.47
0.37
0.38
0.53
0.50
0.51
0.52
0.51
0.51
0.49
0.55
0.38
0.40
0.40
0.38
0.40
0.37
0.37
0.36
0.52
0.50
0.57
0.54
CorWatt	PkgWatt
20.17	138.45
0.55	138.45
0.44
5.80
0.48
0.54
0.50
0.60
0.48
0.39
0.45
0.40
0.42
0.56
0.54
0.53
0.52
0.47
0.46
0.45
0.50
0.38
0.41
0.40
0.38
0.36
0.38
0.36
0.35
0.53
0.51
0.56
0.50
CorWatt	PkgWatt
19.99	138.39
0.55	138.40
0.44
5.80
0.48
0.52
0.49
0.58
0.47
0.39
0.43
0.37
0.38
0.51
0.50
0.50
0.51
0.47
0.46
0.45
0.52
0.39
0.40
0.40
0.38
0.42
0.37
0.37
0.35
0.52
0.50
0.56
0.50
CorWatt	PkgWatt
19.96	138.43
0.52	138.43
0.43
5.80
0.47
0.54
0.49
0.59
0.48
0.37
0.44
0.37
0.39
0.53
0.50
0.51
0.50
0.47
0.46
0.45
0.50
0.40
0.43
0.42
0.38
0.36
0.36
0.36
0.35
0.53
0.51
0.56
0.50
CorWatt	PkgWatt
19.95	138.43
0.54	138.43
0.43
5.81
0.46
0.52
0.51
0.60
0.48
0.38
0.44
0.38
0.38
0.52
0.50
0.50
0.50
0.48
0.46
0.46
0.50
0.38
0.40
0.39
0.38
0.38
0.37
0.36
0.35
0.52
0.50
0.58
0.51
CorWatt	PkgWatt
20.59	138.86
0.54	138.87
0.50
5.80
0.51
0.49
0.54
0.61
0.49
0.40
0.49
0.41
0.39
0.54
0.51
0.52
0.52
0.49
0.47
0.47
0.52
0.39
0.42
0.39
0.39
0.39
0.40
0.36
0.36
0.56
0.58
0.58
0.54
CorWatt	PkgWatt
20.19	138.56
0.55	138.55
0.45
5.80
0.48
0.49
0.50
0.63
0.48
0.39
0.44
0.38
0.39
0.53
0.51
0.51
0.53
0.46
0.46
0.46
0.51
0.42
0.45
0.41
0.38
0.37
0.39
0.37
0.35
0.52
0.51
0.57
0.53
CorWatt	PkgWatt
20.06	138.70
0.55	138.71
0.45
5.81
0.49
0.49
0.50
0.62
0.47
0.39
0.43
0.37
0.38
0.53
0.51
0.51
0.51
0.44
0.51
0.46
0.51
0.38
0.42
0.38
0.38
0.36
0.37
0.37
0.38
0.52
0.50
0.56
0.50
CorWatt	PkgWatt
20.00	138.53
0.55	138.53
0.45
5.80
0.48
0.49
0.49
0.62
0.48
0.38
0.43
0.37
0.38
0.52
0.51
0.50
0.51
0.44
0.46
0.46
0.50
0.38
0.43
0.38
0.38
0.37
0.37
0.36
0.41
0.52
0.50
0.56
0.50
CorWatt	PkgWatt
19.81	134.12
0.59	134.13
0.52
2.61
0.53
0.57
0.61
0.99
0.58
0.50
0.52
0.46
0.45
0.63
0.58
0.59
0.59
0.51
0.53
0.51
0.56
0.48
0.52
0.50
0.49
0.43
0.43
0.46
0.56
0.58
0.74
0.64
0.57
CorWatt	PkgWatt
17.91	130.81
0.53	130.79
0.45
0.46
0.46
0.50
0.55
0.50
0.49
0.39
0.45
0.38
0.38
0.56
0.53
0.52
0.53
0.45
0.48
0.47
0.47
0.41
0.44
0.44
0.40
2.49
0.41
0.42
1.09
0.53
0.64
0.57
0.51
CorWatt	PkgWatt
17.72	130.34
0.52	130.34
0.44
0.47
0.45
0.49
0.54
0.49
0.50
0.41
0.45
0.39
0.40
0.54
0.54
0.51
0.52
0.44
0.47
0.45
0.47
0.39
0.44
0.44
0.39
3.08
0.40
0.41
0.45
0.54
0.63
0.57
0.51
CorWatt	PkgWatt
17.62	130.32
0.52	130.32
0.43
0.44
0.44
0.50
0.53
0.50
0.50
0.39
0.43
0.38
0.38
0.52
0.53
0.51
0.53
0.45
0.47
0.46
0.47
0.39
0.45
0.45
0.38
3.06
0.43
0.40
0.44
0.53
0.63
0.58
0.51
CorWatt	PkgWatt
17.91	130.47
0.51	130.46
0.44
0.46
0.44
0.50
0.54
0.51
0.50
0.39
0.44
0.39
0.39
0.57
0.57
0.52
0.55
0.46
0.47
0.47
0.47
0.41
0.46
0.44
0.41
3.06
0.42
0.41
0.45
0.54
0.63
0.59
0.51
CorWatt	PkgWatt
17.90	130.50
0.53	130.51
0.43
0.46
0.47
0.51
0.55
0.51
0.51
0.40
0.44
0.39
0.40
0.53
0.54
0.51
0.53
0.45
0.49
0.47
0.48
0.42
0.44
0.45
0.40
3.06
0.46
0.40
0.44
0.53
0.61
0.59
0.51
CorWatt	PkgWatt
17.74	130.54
0.53	130.55
0.43
0.44
0.43
0.49
0.49
0.52
0.49
0.38
0.47
0.37
0.39
0.52
0.53
0.50
0.52
0.46
0.46
0.47
0.48
0.40
0.46
0.44
0.40
3.07
0.40
0.41
0.44
0.55
0.65
0.59
0.52
CorWatt	PkgWatt
17.59	130.33
0.53	130.33
0.43
0.44
0.43
0.49
0.49
0.52
0.48
0.38
0.43
0.37
0.38
0.51
0.53
0.50
0.51
0.46
0.46
0.46
0.49
0.40
0.44
0.44
0.40
3.07
0.41
0.41
0.44
0.55
0.63
0.59
0.51
CorWatt	PkgWatt
17.73	130.35
0.51	130.35
0.44
0.44
0.43
0.51
0.51
0.52
0.50
0.39
0.43
0.37
0.38
0.51
0.54
0.51
0.52
0.46
0.49
0.46
0.49
0.39
0.44
0.45
0.39
1.09
0.42
0.42
2.44
0.53
0.63
0.58
0.52
CorWatt	PkgWatt
17.68	130.36
0.52	130.36
0.42
0.44
0.44
0.49
0.49
0.52
0.48
0.40
0.43
0.37
0.38
0.50
0.53
0.51
0.52
0.47
0.47
0.47
0.48
0.39
0.45
0.46
0.39
0.44
0.42
0.43
3.07
0.54
0.63
0.57
0.53
CorWatt	PkgWatt
17.55	130.32
0.53	130.32
0.44
0.44
0.45
0.49
0.49
0.52
0.49
0.39
0.43
0.38
0.38
0.50
0.54
0.51
0.51
0.45
0.46
0.46
0.48
0.39
0.44
0.43
0.38
0.41
0.39
0.40
3.08
0.55
0.63
0.58
0.51
CorWatt	PkgWatt
17.53	130.25
0.52	130.24
0.43
0.44
0.44
0.49
0.49
0.52
0.48
0.39
0.43
0.37
0.38
0.50
0.53
0.50
0.51
0.44
0.46
0.47
0.47
0.40
0.45
0.44
0.39
0.41
0.44
0.41
3.08
0.53
0.64
0.58
0.52
CorWatt	PkgWatt
17.69	130.48
0.51	130.49
0.45
0.47
0.43
0.49
0.50
0.53
0.49
0.38
0.43
0.38
0.39
0.51
0.54
0.50
0.52
0.45
0.49
0.47
0.49
0.39
0.44
0.44
0.39
0.45
0.43
0.40
3.07
0.53
0.63
0.58
0.52
CorWatt	PkgWatt
17.65	130.54
0.54	130.54
0.42
0.45
0.44
0.50
0.49
0.52
0.48
0.39
0.43
0.38
0.38
0.54
0.54
0.51
0.52
0.44
0.47
0.47
0.46
0.40
0.44
0.44
0.38
1.27
0.44
0.41
2.23
0.53
0.62
0.60
0.51
CorWatt	PkgWatt
17.57	130.55
0.52	130.55
0.43
0.44
0.43
0.49
0.50
0.52
0.49
0.38
0.43
0.37
0.38
0.53
0.55
0.51
0.52
0.44
0.48
0.46
0.46
0.39
0.45
0.44
0.39
3.07
0.43
0.40
0.43
0.53
0.63
0.57
0.51
CorWatt	PkgWatt
17.96	130.91
0.54	130.90
0.44
0.44
0.46
0.51
0.50
0.52
0.51
0.39
0.43
0.40
0.41
0.55
0.51
0.50
0.53
0.44
0.49
0.47
0.47
0.42
0.44
0.46
0.40
0.46
0.45
0.40
3.07
0.53
0.65
0.60
0.54
CorWatt	PkgWatt
17.77	130.72
0.50	130.71
0.43
0.44
0.44
0.51
0.50
0.53
0.49
0.39
0.48
0.38
0.38
0.54
0.52
0.51
0.52
0.46
0.46
0.46
0.47
0.40
0.44
0.45
0.40
0.43
0.43
0.42
3.07
0.55
0.64
0.61
0.52
CorWatt	PkgWatt
17.57	130.60
0.53	130.60
0.43
0.44
0.43
0.50
0.49
0.54
0.50
0.38
0.44
0.37
0.38
0.52
0.51
0.50
0.52
0.44
0.47
0.46
0.47
0.39
0.44
0.45
0.38
0.41
0.44
0.40
3.06
0.53
0.63
0.59
0.52
CorWatt	PkgWatt
18.24	130.54
0.55	130.56
0.46
0.48
0.49
0.55
0.57
0.60
0.56
0.47
0.49
0.43
0.44
0.59
0.62
0.58
0.59
0.53
0.53
0.52
0.52
0.46
0.51
0.53
0.44
0.57
0.94
0.56
0.60
0.62
0.64
0.96
0.84
CorWatt	PkgWatt
16.61	128.72
0.50	128.70
0.44
0.46
0.45
0.49
0.53
0.49
0.48
0.39
0.46
0.40
0.38
0.54
0.52
0.51
0.53
0.45
0.47
0.47
0.47
0.42
0.44
0.46
0.38
0.62
0.69
1.15
0.78
0.53
0.50
0.57
0.63
CorWatt	PkgWatt
16.63	128.78
0.50	128.78
0.47
0.45
0.46
0.50
0.54
0.49
0.50
0.38
0.44
0.39
0.40
0.55
0.53
0.52
0.53
0.45
0.48
0.46
0.48
0.39
0.43
0.47
0.39
0.64
0.66
0.65
1.25
0.55
0.51
0.58
0.63
CorWatt	PkgWatt
16.46	128.66
0.52	128.66
0.42
0.44
0.44
0.50
0.54
0.49
0.50
0.39
0.44
0.37
0.38
0.54
0.51
0.51
0.53
0.44
0.46
0.47
0.47
0.39
0.42
0.48
0.38
0.62
0.67
0.63
1.26
0.53
0.50
0.58
0.62
CorWatt	PkgWatt
16.56	128.66
0.50	128.67
0.42
0.46
0.47
0.50
0.54
0.48
0.48
0.39
0.46
0.39
0.41
0.55
0.52
0.52
0.51
0.44
0.47
0.46
0.47
0.39
0.42
0.46
0.38
0.62
0.66
1.26
0.68
0.53
0.50
0.57
0.64
CorWatt	PkgWatt
17.08	129.11
0.51	129.11
0.44
0.46
0.44
0.49
0.53
0.48
0.48
0.38
0.43
0.37
0.38
0.54
0.51
0.50
0.51
0.44
0.46
0.46
0.48
0.40
0.42
0.48
0.39
0.71
0.77
1.61
0.75
0.52
0.50
0.57
0.64
CorWatt	PkgWatt
20.02	131.72
0.54	131.73
0.47
0.48
0.47
0.50
0.53
0.49
0.49
0.39
0.48
0.38
0.39
0.57
0.56
0.55
0.56
0.46
0.48
0.49
0.47
0.44
0.43
0.50
0.42
1.05
1.06
3.10
1.05
0.54
0.51
0.58
0.63
CorWatt	PkgWatt
19.86	131.52
0.54	131.52
0.43
0.45
0.45
0.51
0.53
0.49
0.50
0.39
0.44
0.40
0.39
0.50
0.53
0.53
0.53
0.45
0.49
0.48
0.47
0.41
0.43
0.46
0.39
1.09
1.10
3.09
1.10
0.54
0.52
0.58
0.64
CorWatt	PkgWatt
19.88	131.48
0.53	131.49
0.46
0.47
0.46
0.50
0.52
0.50
0.50
0.39
0.48
0.40
0.38
0.51
0.52
0.50
0.51
0.44
0.48
0.45
0.46
0.39
0.42
0.45
0.39
1.10
1.10
2.84
1.34
0.59
0.58
0.58
0.64
CorWatt	PkgWatt
19.55	131.21
0.53	131.21
0.43
0.45
0.45
0.49
0.53
0.48
0.48
0.39
0.43
0.37
0.38
0.50
0.51
0.50
0.52
0.44
0.48
0.46
0.46
0.41
0.43
0.48
0.38
1.05
1.06
1.33
2.84
0.53
0.51
0.58
0.64
CorWatt	PkgWatt
19.72	131.51
0.53	131.51
0.43
0.48
0.44
0.50
0.54
0.49
0.49
0.39
0.44
0.38
0.38
0.52
0.51
0.50
0.52
0.46
0.50
0.48
0.48
0.39
0.42
0.47
0.39
1.09
1.09
1.10
3.09
0.54
0.52
0.57
0.62
CorWatt	PkgWatt
19.68	131.37
0.55	131.37
0.45
0.45
0.47
0.49
0.54
0.49
0.48
0.39
0.43
0.37
0.38
0.50
0.51
0.50
0.52
0.44
0.49
0.47
0.47
0.40
0.42
0.45
0.38
1.09
1.10
2.65
1.53
0.54
0.51
0.58
0.63
CorWatt	PkgWatt
19.78	131.49
0.53	131.49
0.43
0.47
0.43
0.50
0.56
0.51
0.49
0.38
0.44
0.38
0.39
0.51
0.51
0.50
0.52
0.44
0.49
0.46
0.46
0.41
0.42
0.46
0.40
1.09
1.10
3.08
1.10
0.54
0.53
0.59
0.65
CorWatt	PkgWatt
19.70	131.53
0.55	131.52
0.44
0.45
0.46
0.49
0.54
0.49
0.50
0.39
0.43
0.37
0.38
0.50
0.53
0.51
0.51
0.44
0.48
0.47
0.48
0.41
0.42
0.45
0.38
1.08
1.09
3.08
1.09
0.54
0.51
0.60
0.63
CorWatt	PkgWatt
19.70	131.38
0.53	131.39
0.45
0.45
0.44
0.50
0.54
0.49
0.50
0.41
0.45
0.40
0.41
0.51
0.52
0.51
0.52
0.45
0.48
0.46
0.48
0.39
0.42
0.46
0.39
1.07
1.08
3.09
1.07
0.56
0.51
0.57
0.62
CorWatt	PkgWatt
19.67	131.40
0.53	131.40
0.43
0.44
0.43
0.50
0.55
0.50
0.50
0.38
0.43
0.38
0.39
0.51
0.52
0.51
0.52
0.45
0.48
0.46
0.47
0.40
0.43
0.47
0.38
1.10
1.10
3.08
1.10
0.54
0.51
0.57
0.64
CorWatt	PkgWatt
19.76	131.49
0.52	131.50
0.43
0.45
0.43
0.49
0.53
0.51
0.48
0.39
0.43
0.39
0.38
0.54
0.54
0.51
0.54
0.45
0.50
0.46
0.47
0.41
0.43
0.46
0.40
1.09
1.10
3.08
1.10
0.54
0.51
0.57
0.63
CorWatt	PkgWatt
19.49	131.20
0.61	131.23
0.48
0.50
0.53
0.54
0.57
0.52
0.54
0.45
0.47
0.44
0.45
0.55
0.59
0.58
0.59
0.55
0.57
0.59
0.57
0.52
0.54
0.52
0.60
0.74
0.81
1.84
0.75
0.59
0.54
0.66
0.71
