CorWatt	PkgWatt
15.72	128.33
0.54	128.35
0.53
0.49
0.49
0.54
0.53
0.52
0.50
0.44
0.56
0.43
0.54
0.61
0.56
0.60
0.58
0.52
0.51
0.46
0.50
0.40
0.39
0.39
0.41
0.38
0.40
0.38
0.41
0.54
0.52
0.52
0.52
CorWatt	PkgWatt
15.44	127.83
0.54	127.83
0.51
0.48
0.46
0.51
0.52
0.56
0.52
0.47
0.54
0.43
0.51
0.58
0.53
0.59
0.56
0.50
0.48
0.47
0.50
0.41
0.39
0.39
0.40
0.37
0.41
0.38
0.37
0.52
0.51
0.52
0.52
CorWatt	PkgWatt
69.47	184.25
2.76	184.31
2.22
2.24
2.22
2.28
2.30
2.27
2.24
2.16
2.18
2.12
2.13
2.33
2.24
2.27
2.29
2.18
2.21
2.00
2.06
2.18
2.30
1.90
1.95
2.09
2.09
1.91
1.85
2.27
2.22
2.01
2.03
