CorWatt	PkgWatt
141.39	289.94
2.30	166.38
1.32
1.36
2.79
2.30
0.68
2.57
2.21
2.52
1.66
1.58
2.94
2.70
1.96
1.98
2.43
1.68
2.42
2.40
1.50
2.97
2.52
2.47
2.78
2.49
2.48
2.55
2.74
2.35
2.41
2.96
2.49
2.52	175.33
2.37
1.81
2.59
2.99
2.84
2.03
2.04
2.57
3.07
2.60
1.40
2.06
3.01
2.05
2.88
3.82
2.75
2.02
3.29
3.46
3.34
2.33
2.47
2.92
1.57
2.92
2.69
3.55
2.38
2.33
2.77
CorWatt	PkgWatt
346.44	586.59
3.67	213.29
4.46
4.50
3.66
4.25
4.48
4.83
3.73
4.95
4.37
4.33
4.39
3.66
4.36
4.39
4.37
4.43
3.71
3.75
4.35
4.50
4.53
4.51
4.52
4.61
3.76
3.74
3.70
4.39
4.42
3.70
4.46
6.27	220.14
4.84
4.65
3.52
3.74
3.77
5.05
4.88
4.04
4.01
3.73
4.91
4.62
3.76
4.65
3.75
5.35
4.71
4.73
5.10
4.98
3.73
5.02
4.67
5.25
5.34
3.91
3.92
4.52
4.49
4.82
3.66
CorWatt	PkgWatt
252.15	410.47
3.71	207.54
4.01
4.11
4.06
4.18
4.08
4.13
4.03
4.16
4.10
4.01
3.79
3.99
3.80
3.84
3.91
3.83
4.11
3.78
3.66
4.13
4.15
4.25
4.05
4.63
4.07
4.11
3.84
3.89
4.04
3.79
3.96
5.17	202.92
4.86
4.09
3.44
3.54
3.65
3.94
4.12
3.61
3.61
3.62
4.13
4.20
3.40
3.63
3.40
3.60
4.05
3.80
3.79
4.08
3.43
3.86
4.18
3.86
4.04
3.52
4.21
3.88
3.63
3.60
4.01
CorWatt	PkgWatt
274.55	450.98
4.25	224.19
4.21
4.20
4.16
4.45
4.19
4.30
4.15
4.17
4.16
4.23
4.03
4.08
3.95
4.20
4.07
4.44
5.45
4.72
4.54
4.30
4.31
4.41
4.17
4.72
4.32
4.29
4.16
4.21
4.34
4.04
4.24
4.08	227.04
5.19
3.56
4.82
3.77
4.25
2.89
3.48
5.04
3.40
4.36
3.39
4.54
4.49
5.89
5.09
4.00
4.93
3.57
5.57
4.40
4.67
3.63
4.00
3.25
2.70
3.68
5.04
5.11
4.39
4.03
6.00
CorWatt	PkgWatt
278.11	444.56
4.53	213.08
4.15
4.09
4.05
4.35
4.13
4.19
4.17
4.31
4.16
3.99
3.97
4.03
4.00
4.28
4.14
4.40
4.94
4.74
4.37
4.20
4.22
4.56
4.18
4.25
4.45
4.25
4.23
4.20
4.29
3.92
4.33
3.91	231.40
4.37
3.86
5.81
4.35
4.56
2.17
3.12
4.29
4.42
4.68
3.29
5.48
4.90
4.54
6.62
4.47
7.37
4.48
5.49
4.80
4.72
4.46
3.77
2.31
1.98
3.45
3.63
5.30
4.44
4.74
6.25
CorWatt	PkgWatt
279.84	445.25
4.13	213.76
4.11
4.10
3.99
4.35
4.13
4.18
4.14
4.53
4.19
4.45
3.96
4.03
4.15
4.08
4.14
4.62
4.77
5.39
4.73
4.37
4.24
4.26
4.21
4.16
4.24
4.26
4.15
4.30
4.29
4.37
4.16
4.89	231.49
3.53
3.58
6.29
4.36
4.20
2.20
3.38
5.22
4.99
4.41
4.26
4.34
5.04
4.83
6.10
3.99
3.85
6.70
6.28
4.06
5.78
5.44
4.68
1.95
1.70
4.12
2.59
4.38
5.60
3.84
6.09
CorWatt	PkgWatt
255.88	384.29
4.07	222.47
4.12
4.13
4.91
4.32
4.29
4.27
4.15
4.28
4.11
5.42
4.02
4.00
4.08
4.09
4.09
5.57
5.82
5.83
5.40
4.58
4.29
4.57
4.45
4.41
4.28
4.23
4.34
4.42
4.17
4.45
4.20
3.69	233.25
3.31
4.55
5.67
3.42
5.06
4.62
3.58
4.88
5.83
4.46
3.38
5.03
5.07
5.06
5.44
3.74
4.27
6.49
5.31
3.79
5.95
6.01
4.99
3.71
3.87
3.63
3.62
4.68
5.49
4.11
3.58
