CorWatt	PkgWatt
4.19	152.53
0.08	76.55
0.08
0.08
0.07
0.07
0.07
0.07
0.07
0.07
0.07
0.06
0.06
0.06
0.06
0.06
0.06
0.07
0.07
0.07
0.07
0.08
0.08
0.08
0.08
0.07
0.07
0.07
0.07
0.07
0.07
0.07
0.07
0.06	76.02
0.06
0.15
0.06
0.06
0.06
0.06
0.06
0.06
0.06
0.06
0.06
0.06
0.06
0.06
0.06
0.06
0.06
0.06
0.06
0.06
0.06
0.06
0.06
0.06
0.06
0.06
0.06
0.06
0.06
0.05
0.06
CorWatt	PkgWatt
4.29	151.37
0.08	75.98
0.09
0.08
0.09
0.07
0.07
0.07
0.07
0.07
0.07
0.06
0.07
0.06
0.06
0.06
0.06
0.07
0.07
0.07
0.07
0.09
0.08
0.08
0.08
0.07
0.07
0.07
0.07
0.06
0.07
0.07
0.07
0.07	75.53
0.06
0.06
0.11
0.06
0.06
0.06
0.06
0.07
0.06
0.06
0.08
0.05
0.05
0.05
0.07
0.06
0.07
0.06
0.07
0.06
0.06
0.06
0.07
0.05
0.05
0.05
0.06
0.06
0.05
0.05
0.06
CorWatt	PkgWatt
17.74	178.36
0.47	95.73
0.47
0.74
2.52
0.44
0.25
0.25
0.43
0.24
0.27
0.40
0.37
0.28
0.24
0.37
0.26
0.83
0.28
0.44
0.32
0.34
0.41
0.39
0.27
0.39
0.31
0.26
0.42
0.31
0.21
0.30
0.34
0.19	82.55
0.16
0.13
0.13
0.11
0.11
0.11
0.11
0.13
0.12
0.12
0.14
0.10
0.10
0.10
0.11
0.12
0.13
0.13
0.13
0.12
0.15
0.12
0.11
0.11
0.11
0.12
0.11
0.12
0.11
0.11
0.12
CorWatt	PkgWatt
8.10	157.60
0.19	82.32
0.78
0.19
0.19
0.24
0.24
0.63
0.24
0.14
0.14
0.14
0.14
0.14
0.13
0.13
0.13
0.15
0.15
0.15
0.15
0.17
0.16
0.15
0.15
0.15
0.15
0.15
0.15
0.14
0.14
0.14
0.14
0.07	75.24
0.06
0.06
0.06
0.06
0.06
0.06
0.06
0.06
0.06
0.06
0.06
0.06
0.06
0.06
0.06
0.06
0.07
0.06
0.06
0.06
0.07
0.07
0.07
0.06
0.06
0.06
0.06
0.06
0.06
0.06
0.06
CorWatt	PkgWatt
8.02	157.53
0.18	82.51
0.19
0.17
0.17
0.32
0.32
1.09
0.32
0.14
0.14
0.14
0.14
0.14
0.13
0.13
0.13
0.15
0.15
0.15
0.15
0.17
0.16
0.15
0.15
0.15
0.15
0.15
0.15
0.14
0.14
0.14
0.14
0.06	74.93
0.06
0.06
0.06
0.06
0.06
0.05
0.05
0.05
0.05
0.05
0.05
0.05
0.05
0.05
0.05
0.06
0.06
0.06
0.06
0.06
0.06
0.06
0.06
0.05
0.05
0.05
0.05
0.05
0.05
0.05
0.06
CorWatt	PkgWatt
10.19	158.69
0.22	83.57
0.25
0.22
0.22
0.35
0.35
0.36
1.12
0.19
0.19
0.18
0.19
0.18
0.18
0.17
0.25
0.19
0.19
0.19
0.18
0.21
0.20
0.20
0.19
0.18
0.18
0.19
0.18
0.18
0.18
0.18
0.18
0.09	76.01
0.09
0.09
0.09
0.09
0.09
0.09
0.09
0.09
0.09
0.09
0.09
0.09
0.09
0.09
0.09
0.09
0.08
0.09
0.08
0.09
0.09
0.09
0.08
0.06
0.05
0.05
0.05
0.06
0.06
0.05
0.08
CorWatt	PkgWatt
8.52	162.76
0.19	84.82
0.17
0.17
0.17
0.33
0.33
0.33
1.10
0.15
0.15
0.15
0.15
0.15
0.14
0.14
0.14
0.16
0.16
0.16
0.15
0.17
0.17
0.16
0.16
0.15
0.15
0.15
0.15
0.15
0.15
0.15
0.15
0.07	77.06
0.07
0.07
0.07
0.09
0.07
0.07
0.07
0.06
0.06
0.06
0.06
0.06
0.06
0.06
0.06
0.07
0.06
0.06
0.07
0.07
0.07
0.07
0.07
0.06
0.06
0.06
0.06
0.06
0.06
0.06
0.06
CorWatt	PkgWatt
8.48	158.34
0.17	82.57
0.16
0.16
0.16
0.32
0.32
0.33
1.11
0.14
0.14
0.14
0.14
0.14
0.14
0.13
0.14
0.15
0.15
0.15
0.15
0.17
0.16
0.16
0.16
0.15
0.15
0.15
0.15
0.14
0.14
0.14
0.14
0.07	75.73
0.07
0.07
0.07
0.09
0.07
0.07
0.07
0.07
0.07
0.07
0.07
0.07
0.07
0.06
0.06
0.07
0.07
0.07
0.07
0.07
0.07
0.07
0.07
0.07
0.07
0.07
0.07
0.07
0.07
0.07
0.07
CorWatt	PkgWatt
7.99	157.32
0.16	82.00
0.15
0.16
0.15
1.05
0.32
0.32
0.36
0.13
0.13
0.13
0.13
0.13
0.13
0.13
0.13
0.14
0.14
0.14
0.14
0.16
0.16
0.15
0.15
0.14
0.14
0.14
0.14
0.14
0.13
0.13
0.13
0.07	75.41
0.06
0.06
0.06
0.08
0.07
0.07
0.07
0.06
0.06
0.06
0.06
0.06
0.06
0.06
0.06
0.06
0.06
0.06
0.06
0.06
0.06
0.06
0.06
0.06
0.06
0.06
0.06
0.06
0.06
0.06
0.06
CorWatt	PkgWatt
8.98	158.90
0.16	83.53
0.15
0.15
0.15
2.34
0.27
0.27
0.27
0.13
0.13
0.13
0.13
0.13
0.13
0.13
0.13
0.14
0.14
0.14
0.14
0.16
0.15
0.15
0.15
0.14
0.14
0.14
0.14
0.13
0.13
0.13
0.13
0.06	75.27
0.06
0.06
0.06
0.08
0.06
0.06
0.06
0.06
0.06
0.06
0.06
0.06
0.06
0.06
0.06
0.06
0.06
0.06
0.06
0.06
0.06
0.06
0.06
0.06
0.06
0.06
0.06
0.06
0.06
0.06
0.06
CorWatt	PkgWatt
10.34	160.93
0.16	85.52
0.15
0.15
0.15
3.88
0.20
0.20
0.20
0.13
0.13
0.13
0.13
0.13
0.13
0.13
0.13
0.14
0.14
0.14
0.14
0.16
0.15
0.15
0.15
0.14
0.14
0.14
0.14
0.13
0.13
0.13
0.13
0.07	75.39
0.06
0.06
0.06
0.08
0.07
0.07
0.07
0.06
0.06
0.06
0.06
0.06
0.06
0.06
0.06
0.06
0.06
0.06
0.06
0.06
0.06
0.07
0.06
0.06
0.06
0.06
0.06
0.06
0.06
0.06
0.06
CorWatt	PkgWatt
10.54	161.20
0.16	85.65
0.15
0.16
0.15
3.88
0.20
0.20
0.20
0.13
0.13
0.13
0.13
0.13
0.13
0.13
0.13
0.14
0.14
0.14
0.14
0.16
0.15
0.15
0.15
0.14
0.14
0.14
0.14
0.13
0.13
0.13
0.13
0.07	75.58
0.07
0.07
0.07
0.09
0.07
0.07
0.07
0.06
0.06
0.06
0.06
0.06
0.06
0.06
0.06
0.07
0.07
0.07
0.07
0.07
0.07
0.07
0.07
0.06
0.06
0.06
0.06
0.06
0.06
0.06
0.06
CorWatt	PkgWatt
10.33	162.75
0.16	87.29
0.15
0.15
0.14
3.88
0.20
0.20
0.20
0.13
0.13
0.13
0.13
0.13
0.13
0.13
0.13
0.14
0.14
0.14
0.14
0.16
0.15
0.15
0.14
0.14
0.14
0.14
0.14
0.13
0.13
0.13
0.13
0.07	75.44
0.06
0.06
0.06
0.08
0.07
0.07
0.07
0.06
0.06
0.06
0.06
0.06
0.06
0.06
0.06
0.06
0.06
0.06
0.06
0.06
0.06
0.06
0.06
0.06
0.06
0.06
0.06
0.06
0.06
0.06
0.06
CorWatt	PkgWatt
10.31	160.89
0.16	85.54
0.15
0.15
0.15
3.88
0.20
0.20
0.20
0.13
0.13
0.13
0.13
0.13
0.13
0.13
0.13
0.14
0.14
0.14
0.14
0.16
0.15
0.15
0.15
0.14
0.14
0.14
0.14
0.13
0.13
0.13
0.13
0.06	75.31
0.06
0.06
0.06
0.08
0.07
0.07
0.07
0.06
0.06
0.06
0.06
0.06
0.06
0.06
0.06
0.06
0.06
0.06
0.06
0.06
0.06
0.06
0.06
0.06
0.06
0.06
0.06
0.06
0.06
0.06
0.06
CorWatt	PkgWatt
10.41	166.28
0.16	91.02
0.15
0.15
0.15
3.94
0.20
0.21
0.20
0.13
0.13
0.13
0.13
0.13
0.13
0.13
0.13
0.14
0.14
0.14
0.14
0.16
0.15
0.15
0.15
0.14
0.14
0.14
0.14
0.13
0.13
0.13
0.13
0.06	75.30
0.06
0.06
0.06
0.08
0.07
0.07
0.06
0.06
0.06
0.06
0.06
0.06
0.06
0.06
0.06
0.06
0.06
0.06
0.06
0.06
0.06
0.06
0.06
0.06
0.06
0.06
0.06
0.06
0.06
0.06
0.06
CorWatt	PkgWatt
10.63	161.35
0.16	85.61
0.15
0.15
0.15
3.88
0.20
0.20
0.20
0.13
0.13
0.13
0.13
0.13
0.13
0.13
0.20
0.14
0.14
0.14
0.14
0.16
0.15
0.15
0.15
0.14
0.14
0.14
0.14
0.13
0.13
0.13
0.13
0.07	75.68
0.07
0.07
0.07
0.09
0.07
0.07
0.07
0.06
0.06
0.06
0.06
0.06
0.06
0.06
0.06
0.07
0.07
0.07
0.07
0.07
0.07
0.07
0.07
0.07
0.06
0.06
0.06
0.06
0.06
0.06
0.07
CorWatt	PkgWatt
10.23	160.82
0.16	85.54
0.15
0.15
0.14
3.87
0.19
0.20
0.20
0.13
0.13
0.13
0.13
0.13
0.13
0.13
0.13
0.14
0.14
0.14
0.14
0.15
0.15
0.14
0.14
0.14
0.14
0.14
0.14
0.13
0.13
0.13
0.13
0.06	75.28
0.06
0.06
0.06
0.08
0.07
0.06
0.06
0.06
0.06
0.06
0.06
0.06
0.06
0.06
0.06
0.06
0.06
0.06
0.06
0.06
0.06
0.06
0.06
0.06
0.06
0.06
0.06
0.06
0.06
0.06
0.06
CorWatt	PkgWatt
10.39	160.86
0.16	85.54
0.15
0.16
0.15
3.87
0.20
0.20
0.20
0.13
0.13
0.13
0.13
0.13
0.13
0.13
0.13
0.14
0.14
0.14
0.14
0.16
0.15
0.15
0.15
0.14
0.14
0.14
0.14
0.13
0.13
0.13
0.13
0.07	75.41
0.06
0.06
0.06
0.08
0.07
0.07
0.07
0.06
0.06
0.06
0.06
0.06
0.06
0.06
0.06
0.06
0.06
0.06
0.06
0.07
0.06
0.07
0.06
0.06
0.06
0.06
0.06
0.06
0.06
0.06
0.06
CorWatt	PkgWatt
10.34	161.02
0.16	85.57
0.15
0.15
0.15
3.88
0.20
0.20
0.20
0.13
0.13
0.13
0.13
0.13
0.13
0.13
0.13
0.14
0.14
0.14
0.14
0.16
0.15
0.15
0.15
0.14
0.14
0.14
0.14
0.13
0.13
0.13
0.13
0.06	75.34
0.06
0.06
0.06
0.08
0.07
0.07
0.06
0.06
0.06
0.06
0.06
0.06
0.06
0.06
0.06
0.06
0.06
0.06
0.06
0.06
0.06
0.07
0.06
0.06
0.06
0.06
0.06
0.06
0.06
0.06
0.06
CorWatt	PkgWatt
10.54	161.26
0.16	85.55
0.15
0.15
0.15
3.88
0.20
0.20
0.20
0.13
0.13
0.13
0.13
0.13
0.13
0.13
0.13
0.14
0.14
0.14
0.14
0.16
0.15
0.15
0.15
0.14
0.14
0.14
0.14
0.13
0.13
0.13
0.13
0.07	75.74
0.07
0.07
0.07
0.09
0.07
0.07
0.07
0.07
0.07
0.06
0.07
0.06
0.06
0.06
0.06
0.07
0.07
0.07
0.07
0.07
0.07
0.07
0.07
0.07
0.07
0.06
0.06
0.06
0.06
0.06
0.07
CorWatt	PkgWatt
12.38	168.44
0.18	85.86
0.18
0.54
0.18
1.67
0.17
0.18
0.18
0.15
0.15
0.15
0.15
0.14
0.14
0.14
0.14
0.16
0.16
0.16
0.16
0.18
0.16
0.17
0.17
0.16
0.16
0.16
0.16
0.15
0.14
0.14
0.15
0.15	82.67
0.15
0.14
0.14
0.23
0.16
0.16
0.16
0.15
0.16
0.15
0.16
0.15
0.15
0.15
0.16
0.16
0.16
0.15
0.16
0.16
0.14
0.14
0.16
0.16
0.16
0.16
0.16
0.15
0.15
0.14
0.55
CorWatt	PkgWatt
8.24	157.54
0.18	82.79
0.17
0.19
0.17
0.16
0.16
0.16
0.16
0.14
0.14
0.14
0.14
0.33
1.32
0.32
0.33
0.15
0.15
0.15
0.15
0.17
0.16
0.16
0.16
0.15
0.15
0.15
0.15
0.14
0.14
0.14
0.14
0.05	74.69
0.05
0.05
0.05
0.05
0.05
0.05
0.05
0.05
0.05
0.05
0.05
0.05
0.05
0.05
0.05
0.05
0.05
0.05
0.05
0.05
0.05
0.05
0.05
0.05
0.05
0.05
0.05
0.05
0.05
0.05
0.05
CorWatt	PkgWatt
8.65	161.51
0.19	85.11
0.18
0.21
0.18
0.17
0.17
0.16
0.17
0.15
0.15
0.15
0.15
0.36
0.82
0.35
0.82
0.16
0.16
0.16
0.16
0.18
0.17
0.17
0.16
0.16
0.16
0.16
0.16
0.15
0.15
0.15
0.15
0.06	76.51
0.06
0.06
0.06
0.05
0.05
0.05
0.05
0.05
0.05
0.05
0.05
0.05
0.05
0.05
0.05
0.05
0.05
0.05
0.05
0.06
0.06
0.06
0.06
0.05
0.05
0.05
0.05
0.05
0.05
0.05
0.05
CorWatt	PkgWatt
8.91	162.19
0.19	85.20
0.19
0.21
0.19
0.16
0.16
0.16
0.16
0.15
0.16
0.15
0.15
0.35
0.36
0.35
1.27
0.17
0.17
0.16
0.16
0.18
0.18
0.16
0.16
0.16
0.17
0.15
0.16
0.15
0.15
0.15
0.15
0.07	76.90
0.07
0.06
0.07
0.06
0.07
0.06
0.07
0.07
0.06
0.06
0.06
0.06
0.06
0.05
0.05
0.06
0.06
0.06
0.06
0.07
0.06
0.07
0.07
0.06
0.06
0.06
0.06
0.06
0.06
0.06
0.06
CorWatt	PkgWatt
8.49	157.93
0.19	83.27
0.18
0.20
0.18
0.16
0.16
0.16
0.16
0.15
0.15
0.15
0.15
0.36
0.36
0.35
1.28
0.16
0.16
0.16
0.16
0.18
0.17
0.16
0.16
0.16
0.16
0.16
0.16
0.15
0.15
0.15
0.15
0.05	74.68
0.05
0.05
0.05
0.05
0.05
0.05
0.05
0.05
0.05
0.05
0.05
0.05
0.05
0.05
0.05
0.05
0.05
0.05
0.05
0.05
0.05
0.05
0.05
0.05
0.05
0.05
0.05
0.05
0.05
0.05
0.05
CorWatt	PkgWatt
8.54	158.06
0.19	83.33
0.18
0.20
0.17
0.16
0.16
0.16
0.16
0.15
0.15
0.15
0.15
0.36
0.36
0.42
1.28
0.16
0.16
0.16
0.16
0.17
0.17
0.16
0.16
0.16
0.16
0.15
0.16
0.15
0.15
0.15
0.15
0.05	74.70
0.05
0.05
0.05
0.05
0.05
0.05
0.05
0.05
0.05
0.05
0.05
0.05
0.05
0.05
0.05
0.05
0.05
0.05
0.05
0.05
0.05
0.05
0.05
0.05
0.05
0.05
0.05
0.05
0.05
0.05
0.05
CorWatt	PkgWatt
8.39	157.93
0.18	83.28
0.18
0.20
0.17
0.16
0.16
0.16
0.16
0.15
0.15
0.14
0.15
0.35
0.36
0.35
1.28
0.16
0.16
0.16
0.16
0.17
0.17
0.16
0.16
0.16
0.16
0.15
0.16
0.15
0.15
0.15
0.14
0.05	74.59
0.05
0.05
0.05
0.05
0.05
0.05
0.05
0.05
0.05
0.05
0.05
0.05
0.05
0.05
0.05
0.05
0.05
0.05
0.05
0.05
0.05
0.05
0.05
0.05
0.05
0.05
0.05
0.05
0.05
0.05
0.05
CorWatt	PkgWatt
8.68	158.17
0.19	83.28
0.18
0.20
0.17
0.16
0.16
0.16
0.16
0.15
0.15
0.15
0.15
0.36
0.36
0.77
0.88
0.16
0.16
0.16
0.16
0.18
0.17
0.16
0.16
0.16
0.16
0.15
0.16
0.15
0.15
0.15
0.15
0.06	74.98
0.06
0.06
0.06
0.06
0.06
0.06
0.06
0.06
0.05
0.05
0.05
0.05
0.05
0.05
0.05
0.06
0.06
0.06
0.06
0.06
0.06
0.06
0.06
0.06
0.06
0.05
0.05
0.05
0.05
0.05
0.06
CorWatt	PkgWatt
8.41	157.94
0.19	83.29
0.18
0.20
0.18
0.16
0.16
0.16
0.16
0.15
0.14
0.14
0.15
0.35
0.35
0.35
1.28
0.16
0.16
0.16
0.16
0.17
0.17
0.16
0.16
0.16
0.16
0.15
0.16
0.15
0.15
0.15
0.15
0.05	74.59
0.05
0.05
0.05
0.05
0.05
0.05
0.05
0.05
0.05
0.05
0.05
0.05
0.05
0.05
0.05
0.05
0.05
0.05
0.05
0.05
0.05
0.05
0.05
0.05
0.05
0.05
0.05
0.05
0.05
0.05
0.05
CorWatt	PkgWatt
8.56	157.97
0.18	83.20
0.17
0.20
0.17
0.16
0.16
0.16
0.16
0.15
0.14
0.15
0.15
0.35
0.35
1.02
0.62
0.16
0.16
0.16
0.16
0.17
0.17
0.16
0.16
0.16
0.15
0.15
0.16
0.15
0.15
0.15
0.14
0.06	74.86
0.09
0.06
0.05
0.05
0.05
0.05
0.06
0.05
0.05
0.05
0.05
0.05
0.05
0.05
0.05
0.05
0.05
0.05
0.05
0.05
0.05
0.06
0.05
0.05
0.05
0.05
0.05
0.05
0.05
0.05
0.05
CorWatt	PkgWatt
8.57	158.13
0.18	83.33
0.18
0.20
0.17
0.17
0.16
0.16
0.16
0.15
0.15
0.15
0.15
0.36
0.36
0.36
1.27
0.16
0.16
0.16
0.16
0.18
0.17
0.17
0.16
0.16
0.16
0.15
0.16
0.15
0.15
0.15
0.15
0.06	74.80
0.06
0.05
0.05
0.06
0.05
0.05
0.07
0.05
0.05
0.05
0.05
0.05
0.05
0.05
0.05
0.05
0.05
0.05
0.05
0.05
0.05
0.06
0.05
0.05
0.05
0.05
0.05
0.05
0.05
0.05
0.05
CorWatt	PkgWatt
8.90	158.62
0.19	83.35
0.18
0.21
0.18
0.17
0.17
0.16
0.16
0.15
0.15
0.15
0.15
0.36
0.36
0.35
1.27
0.16
0.16
0.16
0.16
0.18
0.17
0.17
0.16
0.16
0.16
0.16
0.16
0.15
0.15
0.15
0.15
0.07	75.26
0.06
0.07
0.06
0.08
0.07
0.07
0.07
0.06
0.06
0.06
0.06
0.06
0.06
0.06
0.06
0.06
0.06
0.06
0.06
0.06
0.06
0.06
0.06
0.06
0.06
0.06
0.06
0.06
0.06
0.06
0.06
CorWatt	PkgWatt
8.49	157.98
0.19	83.30
0.18
0.20
0.17
0.16
0.16
0.16
0.16
0.15
0.15
0.15
0.15
0.35
0.36
0.35
1.28
0.16
0.16
0.16
0.16
0.17
0.17
0.16
0.16
0.16
0.16
0.15
0.16
0.15
0.15
0.15
0.15
0.05	74.69
0.05
0.05
0.05
0.05
0.05
0.05
0.05
0.05
0.05
0.05
0.05
0.05
0.05
0.05
0.05
0.05
0.05
0.05
0.05
0.05
0.05
0.05
0.05
0.05
0.05
0.05
0.05
0.05
0.05
0.05
0.05
CorWatt	PkgWatt
8.40	157.89
0.19	83.24
0.18
0.20
0.17
0.16
0.16
0.16
0.16
0.15
0.15
0.15
0.15
0.35
0.36
0.35
1.28
0.16
0.16
0.16
0.16
0.17
0.17
0.16
0.16
0.16
0.16
0.15
0.16
0.15
0.15
0.15
0.14
0.05	74.58
0.05
0.05
0.05
0.05
0.05
0.05
0.05
0.05
0.05
0.05
0.05
0.05
0.05
0.05
0.05
0.05
0.05
0.05
0.05
0.05
0.05
0.05
0.05
0.05
0.05
0.05
0.05
0.05
0.05
0.05
0.05
CorWatt	PkgWatt
8.51	158.01
0.19	83.29
0.18
0.20
0.17
0.16
0.16
0.16
0.16
0.15
0.15
0.15
0.15
0.36
0.36
0.35
1.28
0.16
0.16
0.16
0.16
0.18
0.17
0.16
0.16
0.16
0.16
0.15
0.16
0.15
0.15
0.15
0.15
0.05	74.70
0.05
0.05
0.05
0.05
0.05
0.05
0.05
0.05
0.05
0.05
0.05
0.05
0.05
0.05
0.05
0.05
0.05
0.05
0.05
0.05
0.05
0.05
0.05
0.05
0.05
0.05
0.05
0.05
0.05
0.05
0.05
CorWatt	PkgWatt
8.89	158.38
0.19	83.55
0.18
0.21
0.18
0.17
0.16
0.16
0.16
0.15
0.15
0.15
0.15
0.38
0.38
0.84
0.99
0.16
0.16
0.16
0.16
0.17
0.17
0.16
0.16
0.16
0.16
0.16
0.16
0.15
0.15
0.15
0.15
0.06	74.94
0.06
0.06
0.06
0.06
0.06
0.06
0.06
0.05
0.05
0.05
0.05
0.05
0.05
0.05
0.05
0.06
0.05
0.05
0.05
0.06
0.06
0.06
0.06
0.05
0.05
0.05
0.05
0.05
0.05
0.05
0.06
CorWatt	PkgWatt
8.69	158.21
0.19	83.44
0.18
0.20
0.17
0.16
0.16
0.16
0.16
0.15
0.14
0.15
0.15
0.38
0.39
0.83
0.98
0.16
0.16
0.16
0.16
0.17
0.17
0.16
0.16
0.15
0.15
0.15
0.15
0.15
0.15
0.15
0.14
0.05	74.70
0.05
0.06
0.05
0.05
0.05
0.05
0.05
0.05
0.05
0.05
0.05
0.05
0.05
0.05
0.05
0.05
0.05
0.05
0.05
0.05
0.05
0.05
0.05
0.05
0.05
0.05
0.05
0.05
0.05
0.05
0.05
CorWatt	PkgWatt
8.57	157.96
0.18	83.37
0.17
0.20
0.17
0.16
0.16
0.16
0.16
0.15
0.14
0.15
0.15
0.38
0.38
0.98
0.81
0.16
0.16
0.16
0.16
0.17
0.17
0.16
0.16
0.15
0.15
0.15
0.15
0.15
0.15
0.15
0.14
0.05	74.55
0.05
0.05
0.05
0.05
0.05
0.05
0.05
0.05
0.05
0.05
0.05
0.05
0.05
0.05
0.05
0.05
0.05
0.05
0.05
0.05
0.05
0.05
0.05
0.05
0.05
0.05
0.05
0.05
0.05
0.05
0.05
CorWatt	PkgWatt
12.29	164.10
0.23	86.14
0.22
0.26
0.23
0.23
0.23
0.22
0.23
0.32
0.32
0.84
0.32
0.23
0.22
0.22
0.23
0.25
0.25
0.25
0.25
0.27
0.26
0.26
0.26
0.25
0.25
0.25
0.25
0.57
0.20
0.24
0.63
0.09	78.11
0.10
0.10
0.10
0.10
0.10
0.10
0.10
0.09
0.10
0.09
0.10
0.09
0.09
0.10
0.10
0.10
0.10
0.09
0.10
0.10
0.09
0.10
0.09
0.09
0.09
0.09
0.10
0.09
0.10
0.09
0.10
CorWatt	PkgWatt
8.66	158.07
0.17	83.05
0.16
0.16
0.16
0.16
0.16
0.16
0.16
0.38
0.38
1.41
0.38
0.14
0.14
0.14
0.14
0.16
0.16
0.16
0.16
0.17
0.16
0.16
0.16
0.15
0.15
0.15
0.15
0.17
0.15
0.15
0.15
0.06	74.86
0.06
0.06
0.05
0.05
0.06
0.05
0.05
0.05
0.05
0.05
0.05
0.05
0.05
0.05
0.05
0.06
0.05
0.05
0.06
0.06
0.06
0.06
0.06
0.05
0.05
0.05
0.05
0.05
0.05
0.05
0.05
CorWatt	PkgWatt
8.48	157.71
0.17	83.05
0.16
0.16
0.16
0.16
0.16
0.16
0.16
0.38
0.38
1.42
0.38
0.14
0.14
0.14
0.14
0.16
0.15
0.15
0.16
0.17
0.16
0.16
0.15
0.15
0.14
0.14
0.14
0.17
0.15
0.15
0.15
0.05	74.66
0.05
0.06
0.05
0.05
0.05
0.05
0.05
0.05
0.05
0.05
0.05
0.05
0.05
0.05
0.05
0.05
0.05
0.05
0.05
0.05
0.05
0.05
0.05
0.05
0.05
0.05
0.05
0.05
0.05
0.05
0.05
CorWatt	PkgWatt
8.49	157.63
0.17	83.10
0.16
0.16
0.16
0.16
0.16
0.16
0.16
0.38
0.38
1.41
0.39
0.14
0.14
0.14
0.14
0.16
0.16
0.16
0.16
0.17
0.16
0.16
0.15
0.15
0.14
0.14
0.14
0.17
0.15
0.15
0.15
0.05	74.67
0.05
0.05
0.05
0.05
0.05
0.05
0.05
0.05
0.05
0.05
0.05
0.05
0.05
0.05
0.05
0.05
0.05
0.05
0.05
0.05
0.05
0.05
0.05
0.05
0.05
0.05
0.05
0.05
0.05
0.05
0.05
CorWatt	PkgWatt
10.40	171.36
0.17	96.45
0.16
0.17
0.16
0.16
0.16
0.16
0.16
0.29
0.29
3.35
0.42
0.14
0.14
0.14
0.14
0.15
0.15
0.15
0.15
0.17
0.17
0.16
0.16
0.15
0.15
0.15
0.15
0.17
0.15
0.15
0.15
0.06	74.76
0.06
0.06
0.06
0.05
0.05
0.05
0.05
0.06
0.05
0.05
0.05
0.05
0.05
0.05
0.05
0.05
0.05
0.05
0.05
0.05
0.06
0.06
0.06
0.05
0.05
0.05
0.05
0.05
0.05
0.05
0.05
CorWatt	PkgWatt
11.97	184.50
0.17	109.59
0.16
0.16
0.16
0.16
0.15
0.16
0.15
0.19
0.18
5.50
0.19
0.14
0.14
0.13
0.14
0.15
0.15
0.15
0.15
0.16
0.16
0.15
0.15
0.14
0.14
0.14
0.14
0.16
0.15
0.15
0.15
0.06	74.92
0.06
0.06
0.05
0.05
0.05
0.05
0.05
0.05
0.05
0.05
0.05
0.05
0.05
0.05
0.05
0.05
0.05
0.05
0.05
0.06
0.06
0.06
0.06
0.05
0.05
0.05
0.05
0.05
0.05
0.05
0.05
CorWatt	PkgWatt
11.92	184.27
0.17	109.72
0.16
0.16
0.16
0.16
0.16
0.16
0.16
0.19
0.19
5.50
0.19
0.14
0.14
0.13
0.14
0.15
0.15
0.15
0.15
0.16
0.16
0.15
0.15
0.14
0.14
0.14
0.15
0.17
0.15
0.15
0.15
0.05	74.64
0.05
0.05
0.05
0.05
0.05
0.05
0.05
0.05
0.05
0.05
0.05
0.05
0.05
0.05
0.05
0.05
0.05
0.05
0.05
0.05
0.05
0.05
0.05
0.05
0.05
0.05
0.05
0.05
0.05
0.05
0.05
CorWatt	PkgWatt
12.01	184.49
0.17	109.78
0.16
0.16
0.16
0.16
0.16
0.16
0.16
0.19
0.19
5.50
0.19
0.14
0.14
0.21
0.14
0.15
0.15
0.15
0.15
0.16
0.16
0.15
0.15
0.14
0.14
0.14
0.14
0.16
0.15
0.15
0.15
0.05	74.66
0.05
0.05
0.05
0.05
0.05
0.05
0.05
0.05
0.05
0.05
0.05
0.05
0.05
0.05
0.05
0.05
0.05
0.05
0.05
0.05
0.05
0.05
0.05
0.05
0.05
0.05
0.05
0.05
0.05
0.05
0.05
CorWatt	PkgWatt
12.02	184.33
0.17	109.56
0.16
0.16
0.16
0.16
0.16
0.16
0.16
0.19
0.19
5.49
0.19
0.14
0.14
0.14
0.14
0.15
0.15
0.15
0.15
0.17
0.16
0.16
0.15
0.14
0.14
0.15
0.15
0.17
0.15
0.15
0.15
0.05	74.78
0.05
0.05
0.05
0.05
0.05
0.05
0.05
0.05
0.05
0.05
0.05
0.05
0.05
0.05
0.05
0.05
0.05
0.05
0.05
0.05
0.06
0.05
0.05
0.05
0.05
0.05
0.05
0.05
0.05
0.05
0.05
CorWatt	PkgWatt
12.04	184.65
0.17	109.79
0.16
0.16
0.16
0.16
0.16
0.16
0.16
0.19
0.19
5.50
0.19
0.14
0.14
0.14
0.14
0.15
0.15
0.15
0.15
0.17
0.16
0.15
0.15
0.14
0.14
0.14
0.14
0.17
0.15
0.15
0.15
0.05	74.78
0.05
0.06
0.05
0.05
0.05
0.05
0.05
0.06
0.05
0.05
0.05
0.05
0.05
0.05
0.05
0.05
0.05
0.05
0.05
0.06
0.06
0.06
0.05
0.05
0.05
0.05
0.05
0.05
0.05
0.05
0.05
CorWatt	PkgWatt
11.96	184.33
0.17	109.79
0.16
0.17
0.16
0.16
0.16
0.16
0.16
0.19
0.19
5.50
0.19
0.14
0.14
0.14
0.14
0.16
0.15
0.15
0.15
0.17
0.16
0.16
0.15
0.14
0.14
0.14
0.15
0.16
0.15
0.15
0.15
0.05	74.70
0.05
0.05
0.05
0.05
0.05
0.05
0.05
0.05
0.05
0.05
0.05
0.05
0.05
0.05
0.05
0.05
0.05
0.05
0.05
0.05
0.05
0.05
0.05
0.05
0.05
0.05
0.05
0.05
0.05
0.05
0.05
CorWatt	PkgWatt
11.95	184.24
0.17	109.42
0.16
0.16
0.16
0.16
0.16
0.16
0.16
0.19
0.19
5.49
0.19
0.14
0.14
0.13
0.14
0.15
0.15
0.15
0.15
0.17
0.16
0.15
0.15
0.14
0.14
0.14
0.14
0.16
0.15
0.15
0.15
0.05	74.70
0.05
0.05
0.05
0.05
0.05
0.05
0.05
0.05
0.05
0.05
0.05
0.05
0.05
0.05
0.05
0.05
0.05
0.05
0.05
0.05
0.05
0.05
0.05
0.05
0.05
0.05
0.05
0.05
0.05
0.05
0.05
CorWatt	PkgWatt
12.05	184.63
0.17	109.82
0.16
0.16
0.16
0.16
0.16
0.16
0.16
0.19
0.19
5.52
0.19
0.14
0.14
0.14
0.14
0.16
0.15
0.15
0.15
0.17
0.16
0.16
0.15
0.15
0.15
0.15
0.15
0.17
0.15
0.15
0.15
0.05	74.77
0.05
0.05
0.05
0.05
0.05
0.05
0.05
0.05
0.05
0.05
0.05
0.05
0.05
0.05
0.05
0.05
0.05
0.05
0.05
0.05
0.05
0.05
0.05
0.05
0.05
0.05
0.05
0.05
0.05
0.05
0.05
CorWatt	PkgWatt
12.02	184.31
0.17	109.76
0.16
0.16
0.16
0.16
0.16
0.16
0.16
0.19
0.19
5.51
0.19
0.14
0.14
0.14
0.14
0.16
0.15
0.15
0.15
0.17
0.16
0.16
0.15
0.15
0.14
0.14
0.14
0.17
0.15
0.15
0.15
0.05	74.67
0.05
0.05
0.05
0.05
0.05
0.05
0.05
0.05
0.05
0.05
0.05
0.05
0.05
0.05
0.05
0.05
0.05
0.05
0.05
0.05
0.05
0.05
0.05
0.05
0.05
0.05
0.05
0.05
0.05
0.05
0.05
CorWatt	PkgWatt
11.99	184.42
0.17	109.61
0.16
0.16
0.16
0.16
0.16
0.16
0.16
0.19
0.19
5.51
0.19
0.14
0.14
0.14
0.14
0.16
0.15
0.15
0.15
0.17
0.16
0.16
0.15
0.14
0.14
0.14
0.14
0.17
0.15
0.15
0.15
0.05	74.73
0.05
0.05
0.05
0.05
0.05
0.05
0.05
0.05
0.05
0.05
0.05
0.05
0.05
0.05
0.05
0.05
0.05
0.05
0.05
0.05
0.05
0.05
0.05
0.05
0.05
0.05
0.05
0.05
0.05
0.05
0.05
CorWatt	PkgWatt
11.95	184.53
0.17	109.90
0.16
0.16
0.16
0.16
0.16
0.16
0.16
0.19
0.19
5.51
0.19
0.14
0.14
0.14
0.14
0.16
0.15
0.15
0.15
0.17
0.16
0.16
0.15
0.14
0.14
0.14
0.14
0.16
0.15
0.15
0.15
0.05	74.59
0.05
0.05
0.05
0.05
0.05
0.05
0.05
0.05
0.05
0.05
0.05
0.05
0.05
0.05
0.05
0.05
0.05
0.05
0.05
0.05
0.05
0.05
0.05
0.05
0.05
0.05
0.05
0.05
0.05
0.05
0.05
CorWatt	PkgWatt
12.13	184.62
0.17	109.94
0.16
0.17
0.16
0.16
0.16
0.16
0.16
0.19
0.19
5.53
0.19
0.14
0.14
0.14
0.14
0.16
0.16
0.15
0.15
0.17
0.16
0.16
0.15
0.15
0.15
0.14
0.15
0.17
0.15
0.15
0.15
0.06	74.82
0.05
0.06
0.05
0.05
0.05
0.05
0.05
0.05
0.05
0.05
0.05
0.05
0.05
0.05
0.05
0.05
0.05
0.05
0.05
0.06
0.06
0.06
0.06
0.05
0.05
0.05
0.05
0.05
0.05
0.05
0.05
CorWatt	PkgWatt
12.58	175.34
0.19	98.52
0.18
0.19
0.18
0.19
0.19
0.18
0.58
0.19
0.19
3.27
0.20
0.17
0.17
0.24
0.17
0.18
0.18
0.18
0.18
0.19
0.19
0.18
0.18
0.17
0.17
0.18
0.17
0.23
0.18
0.17
0.17
0.10	76.63
0.10
0.11
0.11
0.10
0.10
0.10
0.10
0.10
0.10
0.10
0.10
0.10
0.10
0.09
0.10
0.10
0.10
0.10
0.10
0.09
0.10
0.09
0.10
0.10
0.10
0.10
0.10
0.10
0.10
0.10
0.10
CorWatt	PkgWatt
9.63	161.93
0.21	85.51
0.20
0.20
0.20
0.17
0.18
0.17
0.55
0.34
1.35
0.33
0.33
0.17
0.18
0.17
0.17
0.18
0.18
0.18
0.18
0.20
0.19
0.19
0.18
0.17
0.18
0.17
0.18
0.18
0.18
0.18
0.18
0.06	76.53
0.06
0.06
0.06
0.06
0.06
0.06
0.06
0.05
0.05
0.05
0.05
0.05
0.05
0.05
0.05
0.06
0.06
0.06
0.06
0.06
0.06
0.06
0.06
0.06
0.06
0.06
0.06
0.06
0.06
0.06
0.06
CorWatt	PkgWatt
8.70	158.33
0.18	83.69
0.17
0.17
0.17
0.17
0.17
0.17
0.20
0.36
1.51
0.36
0.36
0.14
0.15
0.14
0.15
0.16
0.16
0.16
0.16
0.18
0.17
0.16
0.16
0.15
0.16
0.15
0.16
0.15
0.15
0.15
0.15
0.05	74.69
0.05
0.06
0.05
0.05
0.05
0.05
0.05
0.05
0.05
0.05
0.05
0.05
0.05
0.05
0.05
0.05
0.05
0.05
0.05
0.05
0.05
0.05
0.05
0.05
0.05
0.05
0.05
0.05
0.05
0.05
0.05
CorWatt	PkgWatt
8.78	158.58
0.18	83.73
0.17
0.17
0.17
0.17
0.17
0.17
0.20
0.36
1.51
0.36
0.36
0.14
0.15
0.14
0.15
0.16
0.16
0.16
0.16
0.18
0.17
0.17
0.16
0.15
0.16
0.15
0.16
0.15
0.15
0.15
0.15
0.05	74.75
0.05
0.05
0.05
0.05
0.05
0.05
0.05
0.05
0.05
0.05
0.05
0.05
0.05
0.05
0.05
0.05
0.05
0.05
0.05
0.06
0.06
0.06
0.06
0.05
0.05
0.05
0.05
0.05
0.05
0.05
0.05
CorWatt	PkgWatt
8.75	158.44
0.18	83.67
0.17
0.17
0.17
0.17
0.17
0.17
0.20
0.36
1.52
0.36
0.36
0.14
0.14
0.14
0.14
0.16
0.16
0.16
0.16
0.18
0.17
0.16
0.16
0.15
0.16
0.15
0.16
0.15
0.15
0.15
0.15
0.06	74.81
0.05
0.06
0.05
0.05
0.05
0.05
0.05
0.05
0.05
0.05
0.05
0.05
0.05
0.05
0.05
0.05
0.05
0.05
0.05
0.06
0.05
0.06
0.05
0.05
0.05
0.05
0.05
0.05
0.05
0.05
0.05
CorWatt	PkgWatt
8.58	157.99
0.17	83.42
0.16
0.16
0.16
0.17
0.17
0.16
0.19
0.36
0.38
1.49
0.35
0.14
0.14
0.14
0.14
0.16
0.16
0.16
0.16
0.17
0.17
0.16
0.16
0.15
0.15
0.15
0.15
0.15
0.15
0.15
0.14
0.05	74.66
0.05
0.05
0.05
0.05
0.05
0.05
0.05
0.05
0.05
0.05
0.05
0.05
0.05
0.05
0.05
0.05
0.05
0.05
0.05
0.05
0.05
0.05
0.05
0.05
0.05
0.05
0.05
0.05
0.05
0.05
0.05
CorWatt	PkgWatt
8.75	158.68
0.17	83.97
0.16
0.16
0.16
0.17
0.17
0.17
0.19
0.25
1.94
0.30
0.24
0.14
0.15
0.14
0.14
0.16
0.16
0.16
0.16
0.17
0.17
0.16
0.16
0.15
0.15
0.15
0.15
0.15
0.15
0.15
0.14
0.05	74.60
0.05
0.05
0.05
0.05
0.05
0.05
0.05
0.05
0.05
0.05
0.05
0.05
0.05
0.05
0.05
0.05
0.05
0.05
0.05
0.05
0.05
0.05
0.05
0.05
0.05
0.05
0.05
0.05
0.05
0.05
0.05
CorWatt	PkgWatt
8.90	158.80
0.17	83.91
0.16
0.16
0.16
0.17
0.17
0.17
0.20
0.24
1.95
0.28
0.24
0.14
0.14
0.14
0.14
0.16
0.16
0.16
0.16
0.17
0.17
0.16
0.16
0.15
0.15
0.15
0.16
0.15
0.15
0.15
0.15
0.06	74.89
0.06
0.06
0.06
0.06
0.06
0.05
0.05
0.05
0.05
0.05
0.05
0.05
0.05
0.05
0.05
0.06
0.05
0.05
0.05
0.06
0.06
0.06
0.06
0.05
0.05
0.05
0.05
0.05
0.05
0.05
0.06
CorWatt	PkgWatt
8.77	158.52
0.17	83.83
0.16
0.16
0.16
0.17
0.17
0.17
0.19
0.24
1.91
0.27
0.24
0.14
0.14
0.14
0.14
0.16
0.16
0.16
0.16
0.17
0.17
0.16
0.16
0.15
0.16
0.15
0.16
0.15
0.15
0.15
0.15
0.05	74.77
0.05
0.06
0.05
0.05
0.05
0.05
0.05
0.05
0.05
0.05
0.05
0.05
0.05
0.05
0.05
0.05
0.05
0.05
0.05
0.05
0.05
0.05
0.05
0.05
0.05
0.05
0.05
0.05
0.05
0.05
0.05
CorWatt	PkgWatt
8.66	158.45
0.17	83.80
0.16
0.16
0.16
0.17
0.17
0.17
0.19
0.24
1.91
0.26
0.24
0.14
0.14
0.14
0.14
0.16
0.16
0.16
0.16
0.18
0.17
0.16
0.16
0.15
0.15
0.15
0.15
0.15
0.15
0.15
0.14
0.05	74.59
0.05
0.05
0.05
0.05
0.05
0.05
0.05
0.05
0.05
0.05
0.05
0.05
0.05
0.05
0.05
0.05
0.05
0.05
0.05
0.05
0.05
0.05
0.05
0.05
0.05
0.05
0.05
0.05
0.05
0.05
0.05
CorWatt	PkgWatt
8.84	158.57
0.17	83.98
0.17
0.17
0.16
0.17
0.17
0.17
0.19
0.24
1.91
0.24
0.24
0.15
0.15
0.22
0.15
0.16
0.16
0.16
0.16
0.18
0.17
0.16
0.16
0.15
0.16
0.15
0.16
0.15
0.15
0.15
0.15
0.05	74.70
0.05
0.05
0.05
0.05
0.05
0.05
0.05
0.05
0.05
0.05
0.05
0.05
0.05
0.05
0.05
0.05
0.05
0.05
0.05
0.05
0.05
0.06
0.05
0.05
0.05
0.05
0.05
0.05
0.05
0.05
0.05
CorWatt	PkgWatt
8.78	158.60
0.17	83.72
0.16
0.16
0.16
0.17
0.17
0.17
0.19
0.24
0.83
1.36
0.24
0.14
0.14
0.14
0.15
0.16
0.16
0.16
0.16
0.17
0.17
0.16
0.16
0.15
0.15
0.15
0.15
0.15
0.15
0.15
0.14
0.05	74.76
0.05
0.06
0.05
0.05
0.05
0.05
0.05
0.05
0.05
0.05
0.05
0.05
0.05
0.05
0.05
0.05
0.05
0.05
0.05
0.06
0.06
0.06
0.06
0.05
0.05
0.05
0.05
0.05
0.05
0.05
0.05
CorWatt	PkgWatt
8.77	158.40
0.17	83.64
0.16
0.16
0.16
0.17
0.17
0.17
0.19
0.24
0.71
1.49
0.24
0.14
0.14
0.14
0.15
0.16
0.16
0.16
0.16
0.17
0.17
0.16
0.16
0.15
0.15
0.15
0.15
0.15
0.14
0.15
0.14
0.06	74.85
0.05
0.06
0.05
0.05
0.05
0.05
0.05
0.05
0.05
0.05
0.05
0.05
0.05
0.05
0.05
0.05
0.05
0.05
0.05
0.06
0.06
0.06
0.06
0.05
0.05
0.05
0.05
0.05
0.05
0.05
0.05
CorWatt	PkgWatt
8.56	158.28
0.17	83.54
0.16
0.16
0.16
0.16
0.16
0.16
0.19
0.24
0.27
1.87
0.24
0.14
0.14
0.14
0.14
0.16
0.16
0.15
0.16
0.17
0.16
0.16
0.16
0.15
0.15
0.14
0.15
0.14
0.14
0.14
0.14
0.05	74.68
0.05
0.05
0.05
0.05
0.05
0.05
0.05
0.05
0.05
0.05
0.05
0.05
0.05
0.05
0.05
0.05
0.05
0.05
0.05
0.05
0.05
0.05
0.05
0.05
0.05
0.05
0.05
0.05
0.05
0.05
0.05
CorWatt	PkgWatt
8.53	158.02
0.17	83.50
0.16
0.16
0.16
0.16
0.16
0.16
0.19
0.23
0.24
1.94
0.23
0.14
0.14
0.14
0.14
0.16
0.16
0.15
0.16
0.17
0.16
0.16
0.16
0.15
0.14
0.14
0.14
0.14
0.14
0.14
0.14
0.05	74.51
0.05
0.05
0.05
0.05
0.05
0.05
0.05
0.05
0.05
0.05
0.05
0.05
0.05
0.05
0.05
0.05
0.05
0.05
0.05
0.05
0.05
0.05
0.05
0.05
0.05
0.05
0.05
0.05
0.05
0.05
0.05
CorWatt	PkgWatt
8.67	158.35
0.17	83.50
0.16
0.17
0.16
0.17
0.16
0.17
0.19
0.24
0.24
1.87
0.24
0.14
0.14
0.14
0.15
0.16
0.16
0.16
0.16
0.17
0.17
0.16
0.16
0.15
0.15
0.15
0.15
0.14
0.15
0.15
0.14
0.06	74.88
0.05
0.06
0.05
0.05
0.05
0.05
0.05
0.05
0.05
0.05
0.05
0.05
0.05
0.05
0.05
0.05
0.05
0.05
0.05
0.06
0.06
0.06
0.05
0.05
0.05
0.05
0.05
0.05
0.05
0.05
0.05
CorWatt	PkgWatt
8.59	158.22
0.17	83.50
0.16
0.17
0.16
0.16
0.16
0.16
0.19
0.24
0.24
1.87
0.24
0.14
0.14
0.14
0.14
0.16
0.16
0.15
0.16
0.17
0.16
0.16
0.16
0.15
0.15
0.15
0.15
0.14
0.14
0.14
0.14
0.05	74.69
0.05
0.06
0.05
0.05
0.05
0.05
0.05
0.05
0.05
0.05
0.05
0.05
0.05
0.05
0.05
0.05
0.05
0.05
0.05
0.05
0.05
0.05
0.05
0.05
0.05
0.05
0.05
0.05
0.05
0.05
0.05
CorWatt	PkgWatt
8.75	158.52
0.17	83.84
0.16
0.17
0.16
0.17
0.17
0.17
0.19
0.24
1.90
0.31
0.24
0.14
0.14
0.14
0.15
0.16
0.16
0.16
0.16
0.17
0.17
0.16
0.16
0.15
0.15
0.15
0.16
0.15
0.15
0.15
0.14
0.05	74.70
0.05
0.05
0.05
0.05
0.05
0.05
0.05
0.05
0.05
0.05
0.05
0.05
0.05
0.05
0.05
0.05
0.05
0.05
0.05
0.05
0.05
0.06
0.05
0.05
0.05
0.05
0.05
0.05
0.05
0.05
0.05
CorWatt	PkgWatt
11.09	163.33
0.20	85.19
0.20
0.97
0.22
0.17
0.17
0.17
0.23
0.22
0.50
0.22
0.22
0.23
0.23
0.23
0.55
0.21
0.20
0.22
0.22
0.21
0.20
0.21
0.21
0.20
0.20
0.20
0.20
0.18
0.18
0.18
0.17
0.10	78.18
0.10
0.11
0.11
0.10
0.10
0.10
0.10
0.09
0.10
0.10
0.09
0.09
0.08
0.09
0.09
0.10
0.10
0.10
0.10
0.10
0.10
0.11
0.10
0.10
0.10
0.10
0.10
0.10
0.10
0.10
0.10
CorWatt	PkgWatt
8.34	157.97
0.19	83.07
0.18
0.20
0.18
0.17
0.17
0.17
0.17
0.16
0.15
0.15
0.15
0.32
0.32
0.32
1.09
0.16
0.16
0.16
0.16
0.18
0.17
0.17
0.17
0.16
0.16
0.16
0.16
0.15
0.15
0.15
0.15
0.06	74.84
0.05
0.06
0.06
0.05
0.05
0.05
0.05
0.05
0.05
0.05
0.05
0.05
0.05
0.05
0.05
0.05
0.05
0.05
0.05
0.05
0.06
0.06
0.05
0.05
0.05
0.05
0.05
0.05
0.05
0.05
0.05
CorWatt	PkgWatt
8.43	157.90
0.19	83.19
0.18
0.20
0.18
0.17
0.16
0.16
0.16
0.15
0.15
0.15
0.15
0.56
0.32
0.39
0.86
0.16
0.16
0.16
0.16
0.18
0.17
0.17
0.17
0.16
0.16
0.16
0.16
0.15
0.15
0.15
0.15
0.06	74.81
0.06
0.06
0.06
0.06
0.06
0.05
0.05
0.05
0.05
0.05
0.05
0.05
0.05
0.05
0.05
0.06
0.05
0.05
0.05
0.06
0.06
0.06
0.06
0.05
0.05
0.05
0.05
0.05
0.05
0.05
0.05
CorWatt	PkgWatt
8.11	157.68
0.18	82.90
0.17
0.20
0.17
0.16
0.16
0.16
0.16
0.15
0.15
0.14
0.14
1.11
0.32
0.31
0.32
0.16
0.16
0.16
0.16
0.18
0.17
0.16
0.16
0.15
0.15
0.15
0.16
0.15
0.15
0.15
0.14
0.05	74.66
0.05
0.05
0.05
0.05
0.05
0.05
0.05
0.05
0.05
0.05
0.05
0.05
0.05
0.05
0.05
0.05
0.05
0.05
0.05
0.05
0.05
0.05
0.05
0.05
0.05
0.05
0.05
0.05
0.05
0.05
0.05
CorWatt	PkgWatt
8.13	157.52
0.18	82.89
0.17
0.20
0.17
0.16
0.16
0.16
0.16
0.15
0.15
0.15
0.15
1.11
0.32
0.31
0.31
0.16
0.16
0.16
0.16
0.18
0.17
0.16
0.16
0.15
0.15
0.15
0.16
0.15
0.15
0.15
0.15
0.05	74.67
0.05
0.05
0.05
0.05
0.05
0.05
0.05
0.05
0.05
0.05
0.05
0.05
0.05
0.05
0.05
0.05
0.05
0.05
0.05
0.05
0.05
0.05
0.05
0.05
0.05
0.05
0.05
0.05
0.05
0.05
0.05
CorWatt	PkgWatt
8.40	157.89
0.19	83.13
0.18
0.20
0.18
0.17
0.16
0.17
0.16
0.16
0.15
0.15
0.15
0.32
0.32
0.32
1.13
0.16
0.16
0.16
0.16
0.19
0.17
0.17
0.17
0.16
0.16
0.16
0.16
0.15
0.15
0.15
0.15
0.06	74.81
0.06
0.06
0.06
0.05
0.05
0.05
0.05
0.05
0.05
0.05
0.05
0.05
0.05
0.05
0.05
0.05
0.05
0.05
0.05
0.06
0.06
0.06
0.06
0.05
0.05
0.05
0.05
0.05
0.05
0.05
0.06
CorWatt	PkgWatt
8.50	158.19
0.18	83.35
0.18
0.20
0.18
0.16
0.16
0.16
0.16
0.15
0.15
0.15
0.15
0.31
0.31
0.31
1.38
0.16
0.16
0.16
0.16
0.18
0.17
0.17
0.16
0.16
0.16
0.15
0.16
0.15
0.15
0.15
0.15
0.06	74.81
0.05
0.05
0.06
0.05
0.05
0.05
0.05
0.05
0.05
0.05
0.05
0.05
0.05
0.05
0.05
0.05
0.05
0.05
0.05
0.05
0.05
0.06
0.05
0.05
0.05
0.05
0.05
0.05
0.05
0.05
0.05
CorWatt	PkgWatt
10.70	161.21
0.18	86.52
0.17
0.19
0.17
0.16
0.16
0.16
0.16
0.15
0.14
0.14
0.14
0.21
0.21
0.21
4.08
0.16
0.16
0.16
0.16
0.18
0.16
0.16
0.16
0.15
0.15
0.15
0.15
0.14
0.14
0.14
0.14
0.05	74.64
0.05
0.05
0.05
0.05
0.05
0.05
0.05
0.05
0.05
0.05
0.05
0.05
0.05
0.05
0.05
0.05
0.05
0.05
0.05
0.05
0.05
0.05
0.05
0.05
0.05
0.05
0.05
0.05
0.05
0.05
0.05
CorWatt	PkgWatt
10.64	160.98
0.18	86.42
0.17
0.19
0.17
0.16
0.16
0.16
0.16
0.15
0.14
0.14
0.14
0.20
0.21
0.20
4.08
0.16
0.16
0.16
0.16
0.18
0.17
0.16
0.16
0.15
0.15
0.15
0.15
0.14
0.14
0.15
0.14
0.05	74.61
0.05
0.05
0.05
0.05
0.05
0.05
0.05
0.05
0.05
0.05
0.05
0.05
0.05
0.05
0.05
0.05
0.05
0.05
0.05
0.05
0.05
0.05
0.05
0.05
0.05
0.05
0.05
0.05
0.05
0.05
0.05
CorWatt	PkgWatt
10.83	161.42
0.18	86.50
0.17
0.19
0.17
0.16
0.16
0.16
0.16
0.15
0.14
0.14
0.14
0.20
0.21
0.20
4.08
0.16
0.16
0.16
0.16
0.18
0.17
0.16
0.16
0.15
0.15
0.15
0.15
0.15
0.15
0.15
0.14
0.06	74.87
0.06
0.06
0.06
0.05
0.05
0.05
0.05
0.05
0.05
0.05
0.05
0.05
0.05
0.05
0.05
0.05
0.05
0.05
0.05
0.06
0.06
0.06
0.06
0.05
0.05
0.05
0.05
0.05
0.05
0.05
0.05
CorWatt	PkgWatt
10.66	161.16
0.18	86.49
0.17
0.19
0.17
0.16
0.16
0.16
0.16
0.14
0.14
0.14
0.14
0.20
0.20
0.20
4.07
0.16
0.16
0.16
0.16
0.18
0.17
0.16
0.16
0.15
0.15
0.15
0.15
0.14
0.14
0.14
0.14
0.05	74.65
0.05
0.05
0.05
0.05
0.05
0.05
0.05
0.05
0.05
0.05
0.05
0.05
0.05
0.05
0.05
0.05
0.05
0.05
0.05
0.05
0.05
0.05
0.05
0.05
0.05
0.05
0.05
0.05
0.05
0.05
0.05
CorWatt	PkgWatt
10.67	160.94
0.18	86.36
0.17
0.19
0.17
0.16
0.16
0.16
0.16
0.15
0.14
0.14
0.14
0.20
0.20
0.20
4.07
0.16
0.16
0.16
0.16
0.17
0.16
0.16
0.16
0.15
0.15
0.15
0.15
0.15
0.14
0.15
0.14
0.05	74.66
0.05
0.05
0.05
0.05
0.05
0.05
0.05
0.05
0.05
0.05
0.05
0.05
0.05
0.05
0.05
0.05
0.05
0.05
0.05
0.05
0.05
0.05
0.05
0.05
0.05
0.05
0.05
0.05
0.05
0.05
0.05
CorWatt	PkgWatt
11.03	170.29
0.19	93.64
0.17
0.19
0.17
0.16
0.16
0.17
0.16
0.16
0.15
0.14
0.15
0.20
0.20
0.27
4.13
0.16
0.16
0.16
0.16
0.17
0.16
0.16
0.16
0.15
0.15
0.15
0.15
0.15
0.15
0.15
0.14
0.06	76.65
0.06
0.06
0.06
0.06
0.06
0.06
0.06
0.05
0.05
0.05
0.05
0.05
0.05
0.06
0.06
0.06
0.05
0.05
0.06
0.06
0.06
0.06
0.06
0.06
0.06
0.06
0.05
0.05
0.05
0.05
0.06
CorWatt	PkgWatt
10.85	170.68
0.18	95.76
0.17
0.19
0.17
0.16
0.16
0.16
0.16
0.15
0.15
0.14
0.14
0.19
0.20
0.19
4.15
0.16
0.16
0.16
0.16
0.17
0.16
0.16
0.16
0.15
0.15
0.15
0.15
0.15
0.14
0.15
0.14
0.05	74.81
0.05
0.05
0.05
0.05
0.05
0.05
0.05
0.05
0.05
0.05
0.05
0.05
0.05
0.05
0.05
0.05
0.05
0.05
0.05
0.05
0.06
0.06
0.06
0.05
0.05
0.05
0.05
0.05
0.05
0.05
0.05
CorWatt	PkgWatt
10.69	161.07
0.18	86.46
0.17
0.19
0.17
0.16
0.16
0.16
0.16
0.15
0.15
0.14
0.14
0.20
0.20
0.20
4.07
0.16
0.16
0.16
0.16
0.17
0.16
0.16
0.16
0.15
0.15
0.15
0.15
0.15
0.15
0.15
0.14
0.05	74.71
0.05
0.05
0.05
0.05
0.05
0.05
0.05
0.05
0.05
0.05
0.05
0.05
0.05
0.05
0.05
0.05
0.05
0.05
0.05
0.05
0.05
0.05
0.05
0.05
0.05
0.05
0.05
0.05
0.05
0.05
0.05
CorWatt	PkgWatt
10.69	161.09
0.18	86.51
0.17
0.19
0.17
0.16
0.16
0.16
0.16
0.15
0.15
0.14
0.14
0.21
0.21
0.20
4.07
0.16
0.16
0.16
0.16
0.17
0.16
0.16
0.16
0.15
0.15
0.15
0.15
0.15
0.14
0.15
0.14
0.05	74.58
0.05
0.05
0.05
0.05
0.05
0.05
0.05
0.05
0.05
0.05
0.05
0.05
0.05
0.05
0.05
0.05
0.05
0.05
0.05
0.05
0.05
0.05
0.05
0.05
0.05
0.05
0.05
0.05
0.05
0.05
0.05
CorWatt	PkgWatt
10.60	161.10
0.18	86.42
0.17
0.19
0.17
0.16
0.16
0.16
0.16
0.15
0.15
0.14
0.14
0.20
0.21
0.20
4.07
0.16
0.16
0.16
0.16
0.17
0.16
0.16
0.16
0.15
0.15
0.15
0.15
0.14
0.14
0.15
0.14
0.05	74.59
0.05
0.05
0.05
0.05
0.05
0.05
0.05
0.05
0.05
0.05
0.05
0.05
0.05
0.05
0.05
0.05
0.05
0.05
0.05
0.05
0.05
0.05
0.05
0.05
0.05
0.05
0.05
0.05
0.05
0.05
0.05
CorWatt	PkgWatt
9.31	158.91
0.16	83.81
0.15
0.21
0.15
0.15
0.14
0.14
0.14
0.13
0.13
0.13
0.13
0.17
0.18
0.17
2.94
0.14
0.14
0.15
0.14
0.15
0.15
0.14
0.14
0.13
0.13
0.13
0.18
0.13
0.13
0.13
0.13
0.06	75.12
0.06
0.06
0.06
0.06
0.06
0.06
0.06
0.06
0.06
0.06
0.06
0.06
0.06
0.05
0.05
0.06
0.06
0.06
0.06
0.06
0.06
0.06
0.06
0.06
0.06
0.06
0.06
0.06
0.06
0.06
0.06
CorWatt	PkgWatt
12.73	165.42
0.74	87.77
0.75
0.39
0.39
0.23
0.24
0.24
0.24
0.24
0.25
0.24
0.24
0.23
0.24
0.23
0.24
0.26
0.26
0.26
0.26
0.25
0.26
0.26
0.27
0.63
0.27
0.27
0.62
0.20
0.21
0.21
0.21
0.10	77.82
0.09
0.10
0.09
0.09
0.09
0.09
0.09
0.09
0.09
0.09
0.10
0.08
0.08
0.09
0.09
0.09
0.09
0.09
0.08
0.09
0.09
0.09
0.09
0.09
0.10
0.09
0.09
0.09
0.09
0.09
0.08
CorWatt	PkgWatt
8.64	158.41
0.39	83.59
1.20
0.51
0.38
0.17
0.17
0.17
0.17
0.15
0.15
0.15
0.15
0.15
0.15
0.15
0.16
0.16
0.16
0.16
0.16
0.18
0.17
0.17
0.17
0.19
0.17
0.16
0.17
0.15
0.15
0.16
0.15
0.05	74.67
0.05
0.05
0.05
0.05
0.05
0.05
0.05
0.05
0.05
0.05
0.05
0.05
0.05
0.05
0.05
0.05
0.05
0.05
0.05
0.06
0.05
0.05
0.05
0.05
0.05
0.05
0.05
0.05
0.05
0.05
0.05
CorWatt	PkgWatt
8.60	158.21
0.39	83.68
0.38
1.35
0.38
0.17
0.17
0.17
0.17
0.15
0.15
0.15
0.15
0.15
0.15
0.14
0.15
0.16
0.16
0.16
0.16
0.18
0.17
0.17
0.17
0.19
0.17
0.16
0.17
0.15
0.15
0.16
0.16
0.05	74.52
0.05
0.05
0.05
0.05
0.05
0.05
0.05
0.05
0.05
0.05
0.05
0.05
0.05
0.05
0.05
0.05
0.05
0.05
0.05
0.05
0.05
0.05
0.05
0.05
0.05
0.05
0.05
0.05
0.05
0.05
0.05
CorWatt	PkgWatt
8.89	158.70
0.72	83.64
0.45
0.96
0.38
0.17
0.17
0.17
0.17
0.15
0.15
0.15
0.15
0.15
0.15
0.15
0.15
0.16
0.16
0.16
0.16
0.19
0.17
0.17
0.17
0.19
0.17
0.17
0.17
0.16
0.16
0.16
0.15
0.06	75.06
0.06
0.06
0.06
0.06
0.06
0.06
0.06
0.06
0.06
0.06
0.06
0.06
0.06
0.05
0.05
0.06
0.06
0.06
0.06
0.06
0.06
0.06
0.06
0.06
0.06
0.06
0.05
0.06
0.05
0.05
0.06
CorWatt	PkgWatt
8.67	158.32
0.40	83.68
0.79
0.79
0.51
0.17
0.17
0.17
0.17
0.15
0.15
0.15
0.15
0.15
0.15
0.22
0.15
0.16
0.16
0.16
0.16
0.18
0.17
0.17
0.17
0.19
0.17
0.16
0.17
0.15
0.15
0.16
0.15
0.05	74.63
0.05
0.05
0.05
0.05
0.05
0.05
0.05
0.05
0.05
0.05
0.05
0.05
0.05
0.05
0.05
0.05
0.05
0.05
0.05
0.05
0.05
0.05
0.05
0.05
0.05
0.05
0.05
0.05
0.05
0.05
0.05
CorWatt	PkgWatt
8.71	158.32
0.40	83.65
0.78
0.86
0.47
0.17
0.17
0.17
0.17
0.15
0.15
0.15
0.15
0.15
0.15
0.15
0.15
0.16
0.16
0.16
0.16
0.18
0.17
0.17
0.17
0.17
0.17
0.17
0.20
0.16
0.16
0.16
0.16
0.05	74.68
0.05
0.05
0.05
0.05
0.05
0.05
0.05
0.05
0.05
0.05
0.05
0.05
0.05
0.05
0.05
0.05
0.05
0.05
0.05
0.06
0.05
0.05
0.05
0.05
0.05
0.05
0.05
0.05
0.05
0.05
0.05
CorWatt	PkgWatt
8.65	158.17
0.39	83.60
1.34
0.38
0.38
0.17
0.17
0.17
0.17
0.15
0.15
0.15
0.15
0.15
0.15
0.15
0.15
0.16
0.16
0.16
0.16
0.19
0.17
0.17
0.17
0.17
0.17
0.17
0.19
0.16
0.16
0.16
0.16
0.05	74.64
0.05
0.05
0.05
0.05
0.05
0.05
0.05
0.05
0.05
0.05
0.05
0.05
0.05
0.05
0.05
0.05
0.05
0.05
0.05
0.05
0.05
0.05
0.05
0.05
0.05
0.05
0.05
0.05
0.05
0.05
0.05
CorWatt	PkgWatt
8.89	158.77
0.40	83.73
1.27
0.39
0.46
0.17
0.17
0.17
0.17
0.15
0.15
0.15
0.15
0.15
0.15
0.15
0.15
0.17
0.17
0.17
0.16
0.19
0.17
0.17
0.17
0.17
0.17
0.17
0.19
0.16
0.16
0.16
0.16
0.06	74.97
0.06
0.06
0.06
0.06
0.06
0.06
0.06
0.05
0.05
0.05
0.05
0.05
0.05
0.05
0.05
0.06
0.06
0.06
0.06
0.06
0.06
0.06
0.06
0.05
0.05
0.05
0.05
0.05
0.05
0.05
0.06
CorWatt	PkgWatt
8.60	158.22
0.40	83.67
0.80
0.91
0.38
0.17
0.17
0.17
0.17
0.15
0.15
0.17
0.15
0.14
0.14
0.14
0.14
0.16
0.16
0.16
0.16
0.19
0.17
0.17
0.17
0.17
0.17
0.16
0.19
0.16
0.15
0.15
0.16
0.05	74.53
0.05
0.05
0.05
0.05
0.05
0.05
0.05
0.05
0.05
0.05
0.05
0.05
0.05
0.05
0.05
0.05
0.05
0.05
0.05
0.05
0.05
0.05
0.05
0.05
0.05
0.05
0.05
0.05
0.05
0.05
0.05
CorWatt	PkgWatt
8.62	158.16
0.39	83.60
0.38
1.33
0.38
0.17
0.17
0.17
0.17
0.15
0.15
0.15
0.15
0.15
0.15
0.14
0.14
0.16
0.16
0.16
0.16
0.19
0.17
0.17
0.17
0.17
0.17
0.17
0.19
0.16
0.16
0.16
0.16
0.05	74.63
0.05
0.05
0.05
0.05
0.05
0.05
0.05
0.05
0.05
0.05
0.05
0.05
0.05
0.05
0.05
0.05
0.05
0.05
0.05
0.05
0.05
0.05
0.05
0.05
0.05
0.05
0.05
0.05
0.05
0.05
0.05
CorWatt	PkgWatt
8.61	158.28
0.40	83.65
0.55
1.18
0.38
0.17
0.17
0.17
0.17
0.15
0.15
0.15
0.15
0.15
0.15
0.14
0.14
0.16
0.16
0.16
0.16
0.18
0.17
0.17
0.17
0.17
0.17
0.16
0.19
0.16
0.16
0.16
0.16
0.05	74.58
0.05
0.05
0.05
0.05
0.05
0.05
0.05
0.05
0.05
0.05
0.05
0.05
0.05
0.05
0.05
0.05
0.05
0.05
0.05
0.05
0.05
0.05
0.05
0.05
0.05
0.05
0.05
0.05
0.05
0.05
0.05
CorWatt	PkgWatt
8.95	158.78
0.39	83.66
1.28
0.39
0.45
0.17
0.17
0.17
0.17
0.15
0.15
0.15
0.15
0.15
0.15
0.15
0.15
0.17
0.16
0.16
0.16
0.18
0.17
0.17
0.17
0.17
0.17
0.17
0.19
0.16
0.16
0.16
0.16
0.06	75.17
0.06
0.06
0.07
0.06
0.06
0.06
0.06
0.06
0.06
0.06
0.06
0.06
0.06
0.06
0.06
0.06
0.06
0.06
0.06
0.06
0.06
0.06
0.06
0.06
0.06
0.06
0.06
0.06
0.06
0.06
0.06
CorWatt	PkgWatt
8.58	158.21
0.39	83.62
1.08
0.64
0.38
0.17
0.17
0.17
0.17
0.15
0.15
0.15
0.15
0.15
0.15
0.14
0.15
0.16
0.16
0.16
0.16
0.18
0.17
0.17
0.17
0.17
0.17
0.17
0.19
0.16
0.16
0.16
0.16
0.05	74.55
0.05
0.05
0.05
0.05
0.05
0.05
0.05
0.05
0.05
0.05
0.05
0.05
0.05
0.05
0.05
0.05
0.05
0.05
0.05
0.05
0.05
0.05
0.05
0.05
0.05
0.05
0.05
0.05
0.05
0.05
0.05
CorWatt	PkgWatt
8.61	158.22
0.40	83.59
0.85
0.56
0.68
0.17
0.17
0.17
0.17
0.15
0.15
0.15
0.15
0.15
0.15
0.14
0.15
0.16
0.16
0.16
0.16
0.18
0.17
0.17
0.17
0.17
0.17
0.17
0.19
0.16
0.16
0.16
0.16
0.05	74.63
0.05
0.05
0.05
0.05
0.05
0.05
0.05
0.05
0.05
0.05
0.05
0.05
0.05
0.05
0.05
0.05
0.05
0.05
0.05
0.05
0.05
0.05
0.05
0.05
0.05
0.05
0.05
0.05
0.05
0.05
0.05
CorWatt	PkgWatt
8.81	158.37
0.41	83.85
0.86
0.94
0.40
0.17
0.17
0.17
0.17
0.15
0.15
0.15
0.15
0.15
0.15
0.22
0.15
0.16
0.16
0.16
0.16
0.18
0.17
0.17
0.17
0.17
0.17
0.16
0.19
0.16
0.16
0.16
0.16
0.05	74.60
0.05
0.05
0.05
0.05
0.05
0.05
0.05
0.05
0.05
0.05
0.05
0.05
0.05
0.05
0.05
0.05
0.05
0.05
0.05
0.05
0.05
0.05
0.05
0.05
0.05
0.05
0.05
0.05
0.05
0.05
0.05
CorWatt	PkgWatt
9.15	158.96
0.44	83.95
0.69
1.22
0.42
0.17
0.17
0.17
0.17
0.15
0.15
0.16
0.15
0.15
0.15
0.15
0.15
0.16
0.16
0.16
0.16
0.19
0.17
0.17
0.17
0.17
0.17
0.17
0.20
0.16
0.16
0.16
0.16
0.06	74.91
0.06
0.06
0.06
0.06
0.06
0.06
0.06
0.05
0.05
0.05
0.05
0.05
0.05
0.05
0.05
0.06
0.06
0.06
0.06
0.06
0.06
0.06
0.06
0.06
0.06
0.05
0.05
0.06
0.05
0.05
0.06
CorWatt	PkgWatt
8.85	158.48
0.43	83.82
0.75
1.16
0.42
0.17
0.17
0.17
0.17
0.15
0.15
0.15
0.15
0.15
0.15
0.15
0.14
0.16
0.16
0.16
0.16
0.18
0.17
0.17
0.17
0.17
0.17
0.17
0.19
0.16
0.15
0.16
0.15
0.05	74.65
0.05
0.05
0.05
0.05
0.05
0.05
0.05
0.05
0.05
0.05
0.05
0.05
0.05
0.05
0.05
0.05
0.05
0.05
0.05
0.05
0.05
0.05
0.05
0.05
0.05
0.05
0.05
0.05
0.05
0.05
0.05
CorWatt	PkgWatt
11.55	167.14
0.30	87.20
0.29
0.61
0.30
0.19
0.19
0.19
0.20
0.19
0.20
0.20
0.20
0.19
0.20
0.19
0.19
0.57
0.22
0.23
0.62
0.22
0.20
0.21
0.21
0.21
0.21
0.22
0.51
0.19
0.19
0.21
0.19
0.09	80.13
0.10
0.11
0.11
0.14
0.11
0.11
0.11
0.10
0.11
0.10
0.10
0.10
0.10
0.10
0.10
0.10
0.10
0.10
0.11
0.10
0.10
0.10
0.10
0.10
0.10
0.10
0.10
0.10
0.10
0.11
0.11
CorWatt	PkgWatt
11.39	174.35
0.19	99.29
0.18
0.17
0.17
0.17
0.17
0.17
0.17
0.15
0.15
0.15
0.15
0.15
0.15
0.15
0.15
0.19
0.17
0.17
0.17
0.18
0.17
0.17
0.17
0.22
0.22
0.22
4.34
0.16
0.15
0.16
0.15
0.06	74.94
0.06
0.06
0.06
0.06
0.06
0.06
0.06
0.06
0.07
0.07
0.06
0.05
0.05
0.05
0.05
0.06
0.06
0.05
0.05
0.06
0.06
0.06
0.06
0.05
0.05
0.05
0.05
0.05
0.05
0.05
0.05
CorWatt	PkgWatt
13.88	188.44
0.18	113.36
0.17
0.17
0.17
0.17
0.16
0.16
0.16
0.15
0.15
0.15
0.15
0.15
0.15
0.14
0.14
0.19
0.17
0.17
0.17
0.18
0.17
0.17
0.16
0.21
0.21
0.21
6.92
0.15
0.15
0.15
0.15
0.06	74.97
0.06
0.06
0.06
0.06
0.06
0.06
0.06
0.06
0.06
0.05
0.05
0.05
0.05
0.05
0.05
0.06
0.06
0.06
0.06
0.06
0.06
0.06
0.06
0.06
0.06
0.05
0.05
0.05
0.05
0.06
0.06
CorWatt	PkgWatt
13.65	187.55
0.18	113.09
0.17
0.17
0.17
0.16
0.16
0.16
0.16
0.15
0.15
0.15
0.15
0.15
0.15
0.15
0.14
0.19
0.17
0.17
0.17
0.18
0.17
0.17
0.16
0.21
0.21
0.21
6.93
0.15
0.15
0.15
0.15
0.05	74.62
0.05
0.05
0.05
0.05
0.05
0.05
0.05
0.05
0.05
0.05
0.05
0.05
0.05
0.05
0.05
0.05
0.05
0.05
0.05
0.05
0.05
0.05
0.05
0.05
0.05
0.05
0.05
0.05
0.05
0.05
0.05
CorWatt	PkgWatt
13.62	187.85
0.18	113.11
0.17
0.17
0.17
0.16
0.16
0.16
0.16
0.15
0.15
0.14
0.15
0.14
0.14
0.14
0.14
0.19
0.17
0.17
0.17
0.18
0.17
0.17
0.17
0.21
0.21
0.21
6.90
0.15
0.15
0.15
0.15
0.05	74.60
0.05
0.05
0.05
0.05
0.05
0.05
0.05
0.05
0.05
0.05
0.05
0.05
0.05
0.05
0.05
0.05
0.05
0.05
0.05
0.05
0.05
0.05
0.05
0.05
0.05
0.05
0.05
0.05
0.05
0.05
0.05
CorWatt	PkgWatt
13.60	187.68
0.18	113.09
0.17
0.17
0.17
0.16
0.16
0.16
0.16
0.15
0.15
0.15
0.15
0.14
0.14
0.14
0.14
0.19
0.17
0.17
0.17
0.18
0.17
0.17
0.17
0.21
0.21
0.21
6.92
0.15
0.15
0.15
0.15
0.05	74.57
0.05
0.05
0.05
0.05
0.05
0.05
0.05
0.05
0.05
0.05
0.05
0.05
0.05
0.05
0.05
0.05
0.05
0.05
0.05
0.05
0.05
0.05
0.05
0.05
0.05
0.05
0.05
0.05
0.05
0.05
0.05
CorWatt	PkgWatt
13.89	188.23
0.18	113.32
0.17
0.17
0.17
0.17
0.16
0.16
0.16
0.15
0.15
0.15
0.15
0.15
0.15
0.14
0.14
0.19
0.17
0.17
0.17
0.18
0.17
0.17
0.17
0.21
0.21
0.21
6.90
0.16
0.16
0.16
0.15
0.06	74.98
0.06
0.06
0.06
0.06
0.06
0.06
0.06
0.06
0.06
0.05
0.06
0.05
0.05
0.05
0.05
0.06
0.06
0.06
0.06
0.06
0.06
0.06
0.06
0.06
0.06
0.06
0.06
0.06
0.06
0.05
0.06
CorWatt	PkgWatt
13.74	187.90
0.18	113.17
0.17
0.17
0.17
0.17
0.16
0.16
0.16
0.15
0.15
0.15
0.15
0.15
0.15
0.22
0.15
0.19
0.17
0.17
0.17
0.18
0.17
0.17
0.17
0.21
0.21
0.21
6.90
0.15
0.16
0.15
0.15
0.05	74.66
0.05
0.05
0.05
0.05
0.05
0.05
0.05
0.05
0.05
0.05
0.05
0.05
0.05
0.05
0.05
0.05
0.05
0.05
0.05
0.05
0.05
0.05
0.05
0.05
0.05
0.05
0.05
0.05
0.05
0.05
0.05
CorWatt	PkgWatt
13.76	187.98
0.18	113.23
0.17
0.17
0.17
0.17
0.16
0.17
0.16
0.15
0.15
0.15
0.15
0.15
0.14
0.15
0.14
0.19
0.17
0.17
0.17
0.18
0.17
0.17
0.17
0.21
0.21
0.21
6.90
0.16
0.16
0.16
0.15
0.05	74.74
0.05
0.06
0.05
0.05
0.05
0.05
0.05
0.05
0.05
0.05
0.05
0.05
0.05
0.05
0.05
0.05
0.05
0.05
0.05
0.05
0.05
0.05
0.05
0.05
0.05
0.05
0.05
0.05
0.05
0.05
0.05
CorWatt	PkgWatt
13.70	187.81
0.18	113.34
0.17
0.17
0.17
0.17
0.16
0.17
0.16
0.15
0.15
0.15
0.15
0.14
0.14
0.14
0.14
0.19
0.17
0.17
0.17
0.18
0.17
0.17
0.17
0.21
0.21
0.21
6.93
0.16
0.16
0.16
0.15
0.05	74.64
0.05
0.05
0.05
0.05
0.05
0.05
0.05
0.05
0.05
0.05
0.05
0.05
0.05
0.05
0.05
0.05
0.05
0.05
0.05
0.05
0.05
0.05
0.05
0.05
0.05
0.05
0.05
0.05
0.05
0.05
0.05
CorWatt	PkgWatt
13.98	188.49
0.18	113.31
0.17
0.17
0.17
0.17
0.16
0.17
0.16
0.15
0.15
0.15
0.15
0.15
0.15
0.15
0.15
0.19
0.17
0.17
0.17
0.18
0.17
0.17
0.17
0.21
0.21
0.22
6.92
0.16
0.16
0.16
0.16
0.06	75.00
0.06
0.06
0.06
0.06
0.06
0.06
0.06
0.06
0.06
0.06
0.06
0.06
0.06
0.06
0.05
0.06
0.06
0.06
0.06
0.06
0.06
0.06
0.06
0.06
0.06
0.06
0.06
0.06
0.06
0.06
0.06
CorWatt	PkgWatt
13.63	187.72
0.18	113.22
0.17
0.17
0.17
0.17
0.16
0.17
0.16
0.15
0.15
0.14
0.15
0.14
0.14
0.14
0.14
0.19
0.17
0.17
0.17
0.18
0.17
0.17
0.17
0.21
0.21
0.21
6.91
0.16
0.16
0.16
0.16
0.05	74.53
0.05
0.05
0.05
0.05
0.05
0.05
0.05
0.05
0.05
0.05
0.05
0.05
0.05
0.05
0.05
0.05
0.05
0.05
0.05
0.05
0.05
0.05
0.05
0.05
0.05
0.05
0.05
0.05
0.05
0.05
0.05
CorWatt	PkgWatt
13.74	187.91
0.18	113.28
0.17
0.17
0.17
0.17
0.16
0.17
0.16
0.15
0.15
0.15
0.15
0.14
0.14
0.14
0.14
0.19
0.17
0.17
0.17
0.18
0.17
0.17
0.17
0.21
0.21
0.21
6.91
0.16
0.16
0.16
0.16
0.05	74.77
0.05
0.05
0.05
0.05
0.05
0.05
0.05
0.06
0.05
0.05
0.05
0.05
0.05
0.05
0.05
0.05
0.05
0.05
0.05
0.05
0.05
0.05
0.05
0.05
0.05
0.05
0.05
0.05
0.05
0.05
0.05
CorWatt	PkgWatt
13.68	187.97
0.18	113.26
0.17
0.17
0.17
0.17
0.16
0.17
0.16
0.15
0.15
0.14
0.15
0.15
0.15
0.14
0.14
0.19
0.17
0.17
0.17
0.18
0.17
0.17
0.17
0.21
0.21
0.21
6.91
0.16
0.16
0.16
0.16
0.05	74.57
0.05
0.05
0.05
0.05
0.05
0.05
0.05
0.05
0.05
0.05
0.05
0.05
0.05
0.05
0.05
0.05
0.05
0.05
0.05
0.05
0.05
0.05
0.05
0.05
0.05
0.05
0.05
0.05
0.05
0.05
0.05
CorWatt	PkgWatt
13.97	188.45
0.18	113.36
0.17
0.17
0.17
0.17
0.16
0.17
0.17
0.16
0.15
0.15
0.15
0.15
0.15
0.14
0.14
0.19
0.17
0.17
0.17
0.18
0.17
0.17
0.17
0.21
0.21
0.21
6.92
0.16
0.16
0.16
0.16
0.06	75.07
0.06
0.06
0.06
0.06
0.06
0.06
0.06
0.06
0.06
0.06
0.06
0.06
0.06
0.05
0.05
0.06
0.06
0.06
0.06
0.06
0.06
0.06
0.06
0.06
0.06
0.06
0.06
0.06
0.06
0.06
0.06
CorWatt	PkgWatt
13.67	187.83
0.18	113.41
0.17
0.17
0.17
0.17
0.16
0.17
0.16
0.15
0.15
0.14
0.15
0.15
0.14
0.14
0.14
0.19
0.17
0.17
0.17
0.18
0.17
0.17
0.17
0.21
0.21
0.21
6.91
0.16
0.16
0.16
0.16
0.05	74.58
0.05
0.05
0.05
0.05
0.05
0.05
0.05
0.05
0.05
0.05
0.05
0.05
0.05
0.05
0.05
0.05
0.05
0.05
0.05
0.05
0.05
0.05
0.05
0.05
0.05
0.05
0.05
0.05
0.05
0.05
0.05
CorWatt	PkgWatt
13.73	188.12
0.18	113.38
0.17
0.17
0.17
0.17
0.16
0.17
0.17
0.15
0.15
0.15
0.16
0.14
0.14
0.14
0.14
0.19
0.17
0.17
0.17
0.18
0.17
0.17
0.17
0.21
0.21
0.21
6.92
0.16
0.16
0.16
0.16
0.05	74.58
0.05
0.05
0.05
0.05
0.05
0.05
0.05
0.05
0.05
0.05
0.05
0.05
0.05
0.05
0.05
0.05
0.05
0.05
0.05
0.05
0.05
0.05
0.05
0.05
0.05
0.05
0.05
0.05
0.05
0.05
0.05
CorWatt	PkgWatt
12.51	183.13
0.17	108.52
0.16
0.16
0.16
0.16
0.15
0.16
0.15
0.14
0.14
0.14
0.15
0.14
0.14
0.21
0.14
0.18
0.16
0.16
0.16
0.17
0.15
0.15
0.15
0.19
0.19
0.19
6.00
0.15
0.14
0.15
0.14
0.05	74.67
0.05
0.05
0.05
0.05
0.05
0.05
0.05
0.05
0.05
0.05
0.05
0.05
0.05
0.05
0.05
0.05
0.05
0.05
0.05
0.05
0.05
0.05
0.05
0.05
0.05
0.05
0.05
0.05
0.05
0.05
0.05
CorWatt	PkgWatt
11.66	169.88
0.21	91.43
0.19
0.20
0.19
0.23
0.63
0.59
0.23
0.20
0.20
0.20
0.21
0.19
0.20
0.21
1.21
0.25
0.20
0.21
0.21
0.22
0.20
0.21
0.21
0.21
0.20
0.21
0.21
0.17
0.17
0.20
0.20
0.11	78.47
0.10
0.11
0.12
0.11
0.11
0.11
0.10
0.11
0.10
0.10
0.10
0.09
0.09
0.09
0.09
0.10
0.11
0.09
0.11
0.10
0.11
0.11
0.11
0.10
0.10
0.10
0.10
0.11
0.10
0.11
0.11
CorWatt	PkgWatt
8.78	158.78
0.17	84.07
0.17
0.17
0.16
0.17
0.17
0.19
0.17
0.15
0.15
0.15
0.15
0.21
0.21
0.21
2.06
0.16
0.16
0.16
0.16
0.17
0.16
0.16
0.16
0.16
0.16
0.16
0.16
0.15
0.15
0.15
0.15
0.05	74.64
0.05
0.05
0.05
0.05
0.05
0.05
0.05
0.05
0.05
0.05
0.05
0.05
0.05
0.05
0.05
0.05
0.05
0.05
0.05
0.05
0.05
0.05
0.05
0.05
0.05
0.05
0.05
0.05
0.05
0.05
0.05
CorWatt	PkgWatt
8.68	158.43
0.17	83.93
0.17
0.17
0.16
0.17
0.17
0.19
0.17
0.15
0.15
0.15
0.15
0.21
0.21
0.21
1.95
0.16
0.16
0.16
0.16
0.18
0.16
0.16
0.16
0.16
0.16
0.16
0.16
0.15
0.15
0.15
0.15
0.05	74.60
0.05
0.05
0.05
0.05
0.05
0.05
0.05
0.05
0.05
0.05
0.05
0.05
0.05
0.05
0.05
0.05
0.05
0.05
0.05
0.05
0.05
0.05
0.05
0.05
0.05
0.05
0.05
0.05
0.05
0.05
0.05
CorWatt	PkgWatt
8.68	158.60
0.17	83.92
0.17
0.17
0.16
0.17
0.17
0.19
0.17
0.14
0.14
0.15
0.15
0.21
0.21
0.21
2.03
0.16
0.16
0.16
0.16
0.17
0.16
0.16
0.16
0.15
0.15
0.15
0.16
0.15
0.14
0.14
0.15
0.05	74.58
0.05
0.05
0.05
0.05
0.05
0.05
0.05
0.05
0.05
0.05
0.05
0.05
0.05
0.05
0.05
0.05
0.05
0.05
0.05
0.05
0.05
0.05
0.05
0.05
0.05
0.05
0.05
0.05
0.05
0.05
0.05
CorWatt	PkgWatt
8.86	158.87
0.17	83.91
0.17
0.17
0.17
0.17
0.17
0.19
0.17
0.15
0.15
0.15
0.15
0.21
0.21
0.21
1.91
0.16
0.16
0.16
0.16
0.18
0.17
0.17
0.16
0.16
0.16
0.16
0.16
0.15
0.15
0.15
0.15
0.06	75.00
0.06
0.06
0.06
0.06
0.06
0.06
0.06
0.06
0.06
0.05
0.05
0.05
0.05
0.05
0.05
0.06
0.06
0.06
0.06
0.06
0.06
0.06
0.06
0.06
0.06
0.05
0.05
0.06
0.06
0.06
0.06
CorWatt	PkgWatt
8.59	158.42
0.17	83.80
0.17
0.17
0.16
0.17
0.17
0.19
0.17
0.15
0.14
0.15
0.15
0.21
0.21
0.21
1.92
0.16
0.16
0.16
0.16
0.18
0.16
0.16
0.16
0.15
0.15
0.15
0.16
0.15
0.15
0.15
0.15
0.05	74.61
0.05
0.05
0.05
0.05
0.05
0.05
0.05
0.05
0.05
0.05
0.05
0.05
0.05
0.05
0.05
0.05
0.05
0.05
0.05
0.05
0.05
0.05
0.05
0.05
0.05
0.05
0.05
0.05
0.05
0.05
0.05
CorWatt	PkgWatt
8.68	158.55
0.17	83.87
0.17
0.17
0.17
0.17
0.17
0.19
0.17
0.15
0.14
0.14
0.15
0.21
0.21
0.21
1.94
0.16
0.16
0.16
0.16
0.18
0.16
0.16
0.16
0.15
0.15
0.15
0.16
0.15
0.14
0.15
0.15
0.05	74.67
0.05
0.05
0.05
0.05
0.05
0.05
0.05
0.05
0.05
0.05
0.05
0.05
0.05
0.05
0.05
0.05
0.05
0.05
0.05
0.05
0.05
0.05
0.05
0.05
0.05
0.05
0.05
0.05
0.05
0.05
0.05
CorWatt	PkgWatt
8.60	158.40
0.17	83.90
0.17
0.17
0.16
0.17
0.17
0.19
0.17
0.15
0.15
0.14
0.15
0.21
0.21
0.21
1.92
0.16
0.16
0.16
0.16
0.18
0.17
0.16
0.16
0.16
0.15
0.15
0.16
0.15
0.15
0.15
0.15
0.05	74.59
0.05
0.05
0.05
0.05
0.05
0.05
0.05
0.05
0.05
0.05
0.05
0.05
0.05
0.05
0.05
0.05
0.05
0.05
0.05
0.05
0.05
0.05
0.05
0.05
0.05
0.05
0.05
0.05
0.05
0.05
0.05
CorWatt	PkgWatt
8.80	158.92
0.17	83.89
0.17
0.17
0.17
0.17
0.17
0.19
0.17
0.15
0.15
0.15
0.15
0.21
0.21
0.21
1.89
0.16
0.16
0.16
0.16
0.18
0.17
0.16
0.16
0.16
0.16
0.16
0.16
0.15
0.15
0.15
0.15
0.06	74.90
0.06
0.06
0.06
0.06
0.06
0.06
0.05
0.06
0.05
0.05
0.05
0.05
0.05
0.05
0.05
0.06
0.05
0.05
0.05
0.06
0.06
0.06
0.06
0.05
0.05
0.05
0.05
0.05
0.05
0.05
0.06
CorWatt	PkgWatt
8.69	158.50
0.17	83.87
0.17
0.17
0.16
0.17
0.17
0.19
0.17
0.15
0.14
0.14
0.15
0.21
0.21
0.28
1.94
0.16
0.16
0.16
0.16
0.18
0.16
0.16
0.16
0.15
0.15
0.15
0.16
0.15
0.14
0.14
0.15
0.05	74.68
0.05
0.05
0.05
0.05
0.05
0.05
0.05
0.05
0.05
0.05
0.05
0.05
0.05
0.05
0.05
0.05
0.05
0.05
0.05
0.05
0.05
0.05
0.05
0.05
0.05
0.05
0.05
0.05
0.05
0.05
0.05
CorWatt	PkgWatt
8.74	158.45
0.17	83.91
0.17
0.17
0.16
0.17
0.17
0.19
0.17
0.15
0.14
0.14
0.15
0.21
0.21
0.21
2.03
0.16
0.16
0.16
0.16
0.18
0.16
0.16
0.16
0.16
0.16
0.16
0.16
0.15
0.15
0.15
0.15
0.05	74.58
0.05
0.05
0.05
0.05
0.05
0.05
0.05
0.05
0.05
0.05
0.05
0.05
0.05
0.05
0.05
0.05
0.05
0.05
0.05
0.05
0.05
0.05
0.05
0.05
0.05
0.05
0.05
0.05
0.05
0.05
0.05
CorWatt	PkgWatt
8.59	158.56
0.18	83.89
0.17
0.17
0.17
0.17
0.17
0.19
0.17
0.15
0.14
0.15
0.15
0.21
0.21
0.21
1.91
0.16
0.16
0.16
0.16
0.18
0.16
0.16
0.16
0.15
0.15
0.15
0.16
0.15
0.15
0.15
0.15
0.05	74.58
0.05
0.05
0.05
0.05
0.05
0.05
0.05
0.05
0.05
0.05
0.05
0.05
0.05
0.05
0.05
0.05
0.05
0.05
0.05
0.05
0.05
0.05
0.05
0.05
0.05
0.05
0.05
0.05
0.05
0.05
0.05
CorWatt	PkgWatt
8.80	158.74
0.17	83.84
0.17
0.17
0.17
0.17
0.17
0.19
0.17
0.15
0.15
0.15
0.15
0.21
0.21
0.21
1.90
0.16
0.16
0.16
0.16
0.18
0.17
0.16
0.16
0.16
0.16
0.16
0.16
0.15
0.15
0.15
0.15
0.06	74.93
0.06
0.06
0.06
0.06
0.06
0.06
0.06
0.06
0.05
0.05
0.05
0.05
0.05
0.05
0.05
0.06
0.06
0.06
0.06
0.06
0.06
0.06
0.06
0.05
0.05
0.05
0.05
0.05
0.05
0.05
0.06
CorWatt	PkgWatt
8.66	158.53
0.17	83.75
0.17
0.17
0.16
0.17
0.17
0.19
0.17
0.15
0.15
0.14
0.15
0.21
0.21
0.21
1.94
0.16
0.16
0.16
0.16
0.17
0.16
0.16
0.16
0.15
0.15
0.15
0.15
0.15
0.14
0.15
0.14
0.05	74.75
0.05
0.05
0.05
0.05
0.05
0.05
0.05
0.05
0.05
0.05
0.05
0.05
0.05
0.05
0.05
0.05
0.05
0.05
0.05
0.05
0.05
0.05
0.05
0.05
0.05
0.05
0.05
0.05
0.05
0.05
0.05
CorWatt	PkgWatt
8.62	158.49
0.18	83.83
0.17
0.17
0.16
0.17
0.17
0.19
0.17
0.15
0.14
0.15
0.14
0.21
0.21
0.21
1.93
0.16
0.16
0.16
0.16
0.18
0.16
0.16
0.16
0.15
0.15
0.15
0.16
0.15
0.14
0.15
0.14
0.05	74.65
0.05
0.05
0.05
0.05
0.05
0.05
0.05
0.05
0.05
0.05
0.05
0.05
0.05
0.05
0.05
0.05
0.05
0.05
0.05
0.05
0.05
0.05
0.05
0.05
0.05
0.05
0.05
0.05
0.05
0.05
0.05
CorWatt	PkgWatt
8.55	158.25
0.17	83.82
0.17
0.17
0.17
0.17
0.17
0.19
0.17
0.15
0.15
0.15
0.15
0.21
0.21
0.21
1.89
0.16
0.16
0.16
0.16
0.17
0.16
0.16
0.16
0.15
0.15
0.15
0.15
0.15
0.14
0.15
0.14
0.05	74.51
0.05
0.05
0.05
0.05
0.05
0.05
0.05
0.05
0.05
0.05
0.05
0.05
0.05
0.05
0.05
0.05
0.05
0.05
0.05
0.05
0.05
0.05
0.05
0.05
0.05
0.05
0.05
0.05
0.05
0.05
0.05
CorWatt	PkgWatt
9.31	170.19
0.19	91.21
0.18
0.18
0.18
0.18
0.18
0.20
0.18
0.15
0.16
0.15
0.15
0.22
0.22
0.21
1.92
0.17
0.17
0.17
0.17
0.18
0.17
0.17
0.16
0.16
0.16
0.16
0.16
0.16
0.15
0.15
0.15
0.08	78.95
0.07
0.07
0.08
0.06
0.07
0.06
0.07
0.07
0.07
0.07
0.07
0.06
0.06
0.06
0.06
0.06
0.06
0.06
0.06
0.07
0.07
0.07
0.07
0.06
0.06
0.07
0.06
0.06
0.06
0.06
0.06
CorWatt	PkgWatt
12.20	164.89
0.25	87.13
0.24
0.25
0.24
0.22
0.23
0.31
0.25
0.23
0.24
0.23
0.24
0.27
0.26
0.26
1.13
0.25
0.25
0.25
0.25
0.25
0.26
0.26
0.25
0.22
0.23
0.23
0.24
0.20
0.20
0.20
0.96
0.09	77.76
0.09
0.09
0.08
0.08
0.09
0.09
0.09
0.10
0.09
0.10
0.10
0.08
0.08
0.09
0.09
0.09
0.09
0.09
0.08
0.09
0.08
0.08
0.08
0.09
0.09
0.09
0.09
0.09
0.09
0.09
0.08
CorWatt	PkgWatt
8.27	157.83
0.34	83.09
0.33
0.58
0.97
0.17
0.16
0.17
0.16
0.15
0.15
0.14
0.14
0.14
0.14
0.14
0.14
0.16
0.16
0.16
0.16
0.17
0.16
0.16
0.16
0.15
0.15
0.15
0.15
0.16
0.15
0.16
0.18
0.05	74.79
0.05
0.05
0.05
0.05
0.05
0.05
0.05
0.06
0.05
0.05
0.05
0.05
0.05
0.05
0.05
0.05
0.05
0.05
0.05
0.05
0.05
0.06
0.05
0.05
0.05
0.05
0.05
0.05
0.05
0.05
0.05
CorWatt	PkgWatt
8.47	158.17
0.37	83.46
0.36
0.50
1.00
0.17
0.17
0.17
0.17
0.15
0.15
0.15
0.15
0.15
0.15
0.22
0.15
0.17
0.17
0.17
0.17
0.18
0.17
0.17
0.17
0.16
0.16
0.16
0.16
0.16
0.16
0.16
0.19
0.05	74.62
0.05
0.05
0.05
0.05
0.05
0.05
0.05
0.05
0.05
0.05
0.05
0.05
0.05
0.05
0.05
0.05
0.05
0.05
0.05
0.05
0.05
0.05
0.05
0.05
0.05
0.05
0.05
0.05
0.05
0.05
0.05
CorWatt	PkgWatt
8.63	158.53
0.37	83.43
0.36
0.36
1.12
0.17
0.17
0.17
0.17
0.15
0.15
0.15
0.15
0.15
0.15
0.15
0.15
0.17
0.17
0.17
0.17
0.18
0.17
0.17
0.17
0.16
0.16
0.16
0.16
0.16
0.16
0.16
0.19
0.06	75.07
0.06
0.06
0.06
0.06
0.06
0.06
0.06
0.06
0.06
0.06
0.06
0.06
0.06
0.06
0.06
0.06
0.06
0.06
0.06
0.06
0.06
0.06
0.06
0.06
0.06
0.06
0.06
0.06
0.06
0.06
0.06
CorWatt	PkgWatt
8.42	157.91
0.37	83.38
0.46
0.36
1.04
0.17
0.17
0.17
0.17
0.15
0.15
0.15
0.15
0.15
0.15
0.15
0.15
0.17
0.17
0.17
0.17
0.19
0.17
0.17
0.17
0.16
0.16
0.16
0.16
0.16
0.16
0.16
0.19
0.05	74.66
0.05
0.05
0.05
0.05
0.05
0.05
0.05
0.05
0.05
0.05
0.05
0.05
0.05
0.05
0.05
0.05
0.05
0.05
0.05
0.05
0.05
0.05
0.05
0.05
0.05
0.05
0.05
0.05
0.05
0.05
0.05
CorWatt	PkgWatt
8.40	158.20
0.37	83.42
1.06
0.45
0.37
0.17
0.17
0.17
0.17
0.15
0.15
0.15
0.15
0.15
0.15
0.15
0.15
0.17
0.17
0.17
0.17
0.18
0.17
0.17
0.17
0.16
0.16
0.16
0.16
0.16
0.16
0.16
0.19
0.05	74.65
0.05
0.05
0.05
0.05
0.05
0.05
0.05
0.05
0.05
0.05
0.05
0.05
0.05
0.05
0.05
0.05
0.05
0.05
0.05
0.05
0.05
0.05
0.05
0.05
0.05
0.05
0.05
0.05
0.05
0.05
0.05
CorWatt	PkgWatt
8.33	157.96
0.37	83.40
0.69
0.36
0.80
0.17
0.17
0.17
0.17
0.15
0.15
0.15
0.15
0.15
0.15
0.14
0.14
0.17
0.16
0.17
0.16
0.18
0.17
0.17
0.17
0.16
0.16
0.16
0.16
0.16
0.16
0.16
0.19
0.05	74.56
0.05
0.05
0.05
0.05
0.05
0.05
0.05
0.05
0.05
0.05
0.05
0.05
0.05
0.05
0.05
0.05
0.05
0.05
0.05
0.05
0.05
0.05
0.05
0.05
0.05
0.05
0.05
0.05
0.05
0.05
0.05
CorWatt	PkgWatt
8.74	158.56
0.37	83.51
1.16
0.37
0.37
0.17
0.17
0.17
0.17
0.15
0.15
0.15
0.15
0.15
0.15
0.15
0.15
0.17
0.17
0.17
0.17
0.19
0.17
0.17
0.17
0.16
0.16
0.16
0.16
0.16
0.16
0.16
0.19
0.06	75.09
0.06
0.06
0.06
0.06
0.06
0.06
0.06
0.06
0.06
0.06
0.06
0.06
0.06
0.06
0.06
0.06
0.06
0.06
0.06
0.06
0.06
0.06
0.06
0.06
0.06
0.06
0.06
0.06
0.06
0.06
0.06
CorWatt	PkgWatt
8.45	157.97
0.37	83.40
0.79
0.74
0.37
0.17
0.17
0.17
0.17
0.15
0.15
0.15
0.15
0.15
0.15
0.15
0.15
0.17
0.17
0.17
0.17
0.18
0.17
0.17
0.17
0.16
0.16
0.16
0.16
0.16
0.16
0.16
0.19
0.05	74.65
0.05
0.05
0.05
0.05
0.05
0.05
0.05
0.05
0.05
0.05
0.05
0.05
0.05
0.05
0.05
0.05
0.05
0.05
0.05
0.05
0.05
0.05
0.05
0.05
0.05
0.05
0.05
0.05
0.05
0.05
0.05
CorWatt	PkgWatt
8.25	157.93
0.36	83.12
0.97
0.49
0.35
0.17
0.17
0.17
0.17
0.15
0.15
0.14
0.15
0.15
0.14
0.14
0.14
0.16
0.16
0.17
0.16
0.18
0.17
0.17
0.17
0.15
0.15
0.15
0.15
0.16
0.16
0.16
0.18
0.05	74.72
0.05
0.05
0.05
0.05
0.05
0.05
0.05
0.05
0.05
0.05
0.05
0.05
0.05
0.05
0.05
0.05
0.05
0.05
0.05
0.05
0.05
0.05
0.05
0.05
0.05
0.05
0.05
0.05
0.05
0.05
0.05
CorWatt	PkgWatt
8.38	158.08
0.37	83.46
0.79
0.73
0.36
0.17
0.17
0.17
0.17
0.15
0.15
0.15
0.15
0.15
0.15
0.15
0.15
0.17
0.17
0.17
0.17
0.18
0.17
0.17
0.17
0.16
0.16
0.16
0.16
0.16
0.16
0.16
0.19
0.05	74.59
0.05
0.05
0.05
0.05
0.05
0.05
0.05
0.05
0.05
0.05
0.05
0.05
0.05
0.05
0.05
0.05
0.05
0.05
0.05
0.05
0.05
0.05
0.05
0.05
0.05
0.05
0.05
0.05
0.05
0.05
0.05
CorWatt	PkgWatt
8.72	158.50
0.38	83.50
0.66
0.57
0.66
0.17
0.17
0.17
0.17
0.15
0.15
0.15
0.15
0.15
0.15
0.15
0.15
0.17
0.17
0.17
0.17
0.19
0.17
0.17
0.17
0.16
0.16
0.16
0.16
0.16
0.16
0.16
0.19
0.06	75.07
0.06
0.06
0.06
0.06
0.06
0.06
0.06
0.06
0.06
0.06
0.06
0.06
0.06
0.06
0.06
0.06
0.06
0.06
0.06
0.06
0.06
0.06
0.06
0.06
0.06
0.06
0.06
0.06
0.06
0.06
0.06
CorWatt	PkgWatt
8.46	158.16
0.37	83.50
0.88
0.37
0.65
0.17
0.17
0.17
0.17
0.15
0.15
0.15
0.15
0.15
0.15
0.22
0.15
0.16
0.16
0.17
0.16
0.18
0.17
0.17
0.17
0.16
0.16
0.16
0.16
0.16
0.16
0.16
0.19
0.05	74.61
0.05
0.05
0.05
0.05
0.05
0.05
0.05
0.05
0.05
0.05
0.05
0.05
0.05
0.05
0.05
0.05
0.05
0.05
0.05
0.05
0.05
0.05
0.05
0.05
0.05
0.05
0.05
0.05
0.05
0.05
0.05
CorWatt	PkgWatt
8.46	158.12
0.38	83.43
0.51
1.02
0.37
0.17
0.17
0.17
0.17
0.15
0.15
0.15
0.15
0.15
0.15
0.15
0.15
0.17
0.17
0.17
0.17
0.19
0.17
0.17
0.17
0.16
0.16
0.16
0.16
0.16
0.16
0.16
0.19
0.05	74.69
0.05
0.05
0.05
0.05
0.05
0.05
0.05
0.05
0.05
0.05
0.05
0.05
0.05
0.05
0.05
0.05
0.05
0.05
0.05
0.05
0.05
0.05
0.05
0.05
0.05
0.05
0.05
0.05
0.05
0.05
0.05
CorWatt	PkgWatt
8.45	157.97
0.39	83.43
0.60
0.79
0.53
0.17
0.17
0.17
0.17
0.15
0.15
0.15
0.15
0.15
0.15
0.15
0.15
0.17
0.17
0.17
0.17
0.19
0.17
0.17
0.17
0.16
0.16
0.16
0.16
0.16
0.16
0.16
0.19
0.05	74.65
0.05
0.05
0.05
0.05
0.05
0.05
0.05
0.05
0.05
0.05
0.05
0.05
0.05
0.05
0.05
0.05
0.05
0.05
0.05
0.05
0.05
0.05
0.05
0.05
0.05
0.05
0.05
0.05
0.05
0.05
0.05
CorWatt	PkgWatt
8.69	158.67
0.39	83.46
0.38
0.38
1.16
0.17
0.17
0.17
0.17
0.15
0.15
0.15
0.15
0.15
0.15
0.15
0.15
0.17
0.17
0.17
0.17
0.18
0.17
0.17
0.17
0.16
0.16
0.16
0.16
0.16
0.16
0.16
0.19
0.06	75.10
0.06
0.06
0.06
0.06
0.06
0.06
0.06
0.06
0.06
0.06
0.06
0.06
0.06
0.06
0.06
0.06
0.06
0.06
0.06
0.06
0.06
0.06
0.06
0.06
0.06
0.06
0.06
0.06
0.06
0.06
0.06
CorWatt	PkgWatt
8.39	158.00
0.39	83.45
0.48
0.69
0.76
0.17
0.17
0.17
0.17
0.15
0.15
0.15
0.15
0.14
0.14
0.14
0.14
0.16
0.16
0.17
0.16
0.18
0.17
0.17
0.17
0.16
0.16
0.16
0.16
0.16
0.16
0.16
0.18
0.05	74.56
0.05
0.05
0.05
0.05
0.05
0.05
0.05
0.05
0.05
0.05
0.05
0.05
0.05
0.05
0.05
0.05
0.05
0.05
0.05
0.05
0.05
0.05
0.05
0.05
0.05
0.05
0.05
0.05
0.05
0.05
0.05
CorWatt	PkgWatt
8.52	158.08
0.39	83.46
1.11
0.43
0.38
0.17
0.17
0.17
0.17
0.15
0.15
0.15
0.15
0.15
0.15
0.15
0.15
0.17
0.17
0.19
0.17
0.18
0.17
0.17
0.17
0.16
0.16
0.16
0.16
0.16
0.16
0.16
0.19
0.05	74.70
0.05
0.05
0.05
0.05
0.05
0.05
0.05
0.05
0.05
0.05
0.05
0.05
0.05
0.05
0.05
0.05
0.05
0.05
0.05
0.05
0.05
0.05
0.05
0.05
0.05
0.05
0.05
0.05
0.05
0.05
0.05
