CorWatt	PkgWatt
283.29	476.57
4.56	239.09
4.46
4.73
4.30
4.32
4.42
4.43
4.45
4.33
4.21
4.10
4.36
4.47
4.28
4.37
4.48
4.34
4.43
4.55
4.34
4.37
4.68
4.42
4.44
4.50
4.53
4.45
4.33
4.52
4.56
4.40
4.24
4.57	239.37
4.32
4.55
4.32
4.38
4.55
4.50
4.21
4.29
4.41
4.41
4.39
4.55
4.53
4.48
4.42
4.47
4.34
4.22
4.55
4.54
4.47
4.39
4.49
4.20
4.37
4.25
4.38
4.33
4.60
4.61
4.47
CorWatt	PkgWatt
333.54	598.77
4.48	241.15
4.51
4.59
4.35
4.38
4.42
4.35
4.38
4.56
4.56
4.39
4.54
4.51
4.19
4.23
4.45
4.29
4.53
4.57
4.39
4.69
4.69
4.62
4.54
4.64
4.71
4.57
4.43
4.66
4.64
4.61
4.52
4.66	240.79
4.39
4.69
4.34
4.51
4.52
4.53
4.28
4.48
4.56
4.33
4.54
4.47
4.48
4.52
4.44
4.43
4.30
4.26
4.71
4.53
4.47
4.57
4.58
4.17
4.47
4.38
4.32
4.42
4.64
4.59
4.29
CorWatt	PkgWatt
287.27	482.20
4.30	241.14
4.60
4.43
4.46
4.33
4.49
4.48
4.63
4.55
4.57
4.43
4.58
4.42
4.25
4.33
4.43
4.30
4.62
4.54
4.40
4.68
4.53
4.58
4.68
4.35
4.57
4.43
4.38
4.75
4.82
4.56
4.48
4.64	241.45
4.49
4.59
4.38
4.48
4.51
4.54
4.54
4.61
4.49
4.41
4.44
4.68
4.50
4.40
4.40
4.48
4.53
4.29
4.61
4.46
4.44
4.49
4.61
4.38
4.54
4.38
4.51
4.28
4.58
4.61
4.25
CorWatt	PkgWatt
292.02	486.76
4.58	243.10
4.51
4.61
4.52
4.54
4.71
4.56
4.70
4.62
4.63
4.44
4.70
4.52
4.38
4.51
4.49
4.31
4.60
4.67
4.45
4.71
4.78
4.63
4.68
4.31
4.62
4.59
4.44
4.61
4.71
4.55
4.43
4.47	243.32
4.67
4.71
4.51
4.51
4.61
4.71
4.57
4.62
4.48
4.55
4.50
4.67
4.54
4.66
4.67
4.48
4.54
4.33
4.61
4.57
4.56
4.58
4.64
4.33
4.61
4.49
4.41
4.40
4.66
4.58
4.49
CorWatt	PkgWatt
291.94	486.47
4.58	243.31
4.61
4.42
4.63
4.44
4.61
4.50
4.73
4.54
4.57
4.51
4.57
4.54
4.50
4.60
4.58
4.32
4.59
4.61
4.50
4.75
4.84
4.73
4.73
4.40
4.71
4.64
4.57
4.55
4.68
4.59
4.39
4.55	243.16
4.66
4.63
4.58
4.52
4.70
4.71
4.45
4.38
4.52
4.35
4.55
4.68
4.58
4.63
4.68
4.41
4.50
4.28
4.52
4.65
4.53
4.66
4.68
4.43
4.57
4.50
4.50
4.34
4.58
4.55
4.45
CorWatt	PkgWatt
291.18	486.12
4.54	242.47
4.56
4.44
4.47
4.54
4.55
4.52
4.46
4.50
4.62
4.42
4.56
4.50
4.52
4.65
4.45
4.27
4.53
4.63
4.44
4.73
4.89
4.66
4.61
4.51
4.48
4.72
4.60
4.52
4.44
4.42
4.56
4.47	243.43
4.60
4.67
4.57
4.42
4.75
4.68
4.52
4.33
4.42
4.30
4.58
4.61
4.50
4.59
4.63
4.65
4.59
4.43
4.49
4.67
4.55
4.61
4.68
4.53
4.73
4.75
4.58
4.43
4.49
4.55
4.47
CorWatt	PkgWatt
292.92	486.82
4.48	243.24
4.70
4.54
4.52
4.64
4.64
4.52
4.44
4.46
4.54
4.45
4.62
4.37
4.46
4.75
4.55
4.33
4.56
4.68
4.46
4.74
4.80
4.52
4.64
4.56
4.47
4.68
4.65
4.51
4.77
4.63
4.69
4.55	244.31
4.66
4.69
4.78
4.49
4.75
4.73
4.56
4.41
4.56
4.38
4.62
4.77
4.51
4.61
4.77
4.66
4.77
4.35
4.55
4.75
4.68
4.62
4.72
4.41
4.53
4.58
4.50
4.48
4.49
4.58
4.45
