CorWatt	PkgWatt
15.06	127.44
0.50	127.45
0.52
0.48
0.47
0.52
0.52
0.54
0.51
0.38
0.44
0.42
0.41
0.63
0.57
0.52
0.52
0.44
0.47
0.46
0.47
0.42
0.41
0.43
0.39
0.35
0.35
0.38
0.39
0.55
0.51
0.50
0.57
CorWatt	PkgWatt
14.93	127.07
0.50	127.21
0.56
0.46
0.46
0.49
0.52
0.52
0.49
0.45
0.43
0.37
0.39
0.56
0.54
0.50
0.51
0.47
0.46
0.47
0.48
0.42
0.40
0.42
0.39
0.37
0.35
0.41
0.43
0.54
0.52
0.51
0.56
CorWatt	PkgWatt
24.17	135.56
2.35	135.45
0.71
0.80
0.71
0.69
0.80
0.78
0.70
0.98
0.67
0.66
0.74
0.87
0.85
0.75
0.88
0.65
0.66
0.64
0.73
0.71
0.73
0.59
0.60
0.51
0.50
0.51
0.62
0.75
0.69
0.66
0.70
CorWatt	PkgWatt
17.35	129.14
0.62	129.12
0.46
0.53
0.52
0.73
1.00
1.06
0.73
0.38
0.54
0.42
0.44
0.68
0.63
0.55
0.61
0.47
0.49
0.48
0.50
0.44
0.42
0.47
0.45
0.38
0.38
0.41
0.42
0.54
0.56
0.51
0.58
CorWatt	PkgWatt
17.27	129.04
0.61	129.03
0.47
0.51
0.50
0.72
0.93
1.11
0.73
0.43
0.46
0.39
0.39
0.54
0.59
0.59
0.54
0.52
0.52
0.51
0.56
0.53
0.43
0.45
0.39
0.42
0.38
0.39
0.41
0.56
0.54
0.51
0.61
CorWatt	PkgWatt
18.41	129.96
0.63	129.99
0.49
0.49
0.52
0.79
0.81
1.30
0.79
0.45
0.47
0.45
0.44
0.65
0.63
0.60
0.63
0.52
0.51
0.49
0.53
0.48
0.46
0.50
0.48
0.54
0.45
0.41
0.44
0.62
0.61
0.61
0.62
CorWatt	PkgWatt
17.09	128.97
0.65	128.95
0.52
0.56
0.52
0.75
0.77
1.33
0.75
0.45
0.46
0.41
0.39
0.60
0.55
0.50
0.55
0.44
0.51
0.47
0.47
0.43
0.42
0.46
0.43
0.36
0.36
0.38
0.37
0.57
0.52
0.51
0.60
CorWatt	PkgWatt
17.54	129.22
0.61	129.23
0.51
0.52
0.45
0.75
0.79
1.00
1.06
0.43
0.45
0.42
0.47
0.61
0.57
0.56
0.59
0.48
0.52
0.52
0.54
0.50
0.44
0.46
0.50
0.40
0.40
0.37
0.36
0.58
0.56
0.54
0.59
CorWatt	PkgWatt
18.10	130.63
0.62	130.63
0.56
0.59
0.50
0.53
0.57
0.50
3.13
0.37
0.46
0.41
0.39
0.59
0.59
0.54
0.57
0.51
0.46
0.48
0.47
0.43
0.38
0.41
0.42
0.35
0.35
0.38
0.35
0.58
0.54
0.54
0.55
CorWatt	PkgWatt
18.32	130.79
0.59	130.78
0.47
0.51
0.45
0.50
0.55
0.50
3.24
0.43
0.49
0.44
0.48
0.58
0.57
0.61
0.58
0.46
0.49
0.49
0.48
0.42
0.39
0.41
0.44
0.36
0.35
0.38
0.39
0.58
0.57
0.55
0.58
CorWatt	PkgWatt
18.31	130.92
0.60	130.93
0.49
0.53
0.49
0.49
0.54
0.49
3.25
0.41
0.46
0.38
0.38
0.55
0.54
0.55
0.53
0.46
0.47
0.47
0.52
0.40
0.38
0.44
0.44
0.43
0.41
0.41
0.43
0.66
0.56
0.56
0.58
CorWatt	PkgWatt
18.32	130.79
0.61	130.79
0.50
0.54
0.55
0.53
0.55
0.50
3.25
0.41
0.43
0.37
0.44
0.53
0.54
0.56
0.56
0.48
0.48
0.47
0.50
0.43
0.40
0.45
0.42
0.39
0.38
0.40
0.39
0.56
0.55
0.55
0.59
CorWatt	PkgWatt
20.72	132.76
0.75	132.74
0.55
0.50
0.55
0.52
0.56
0.54
2.93
0.47
0.49
0.42
0.51
0.61
0.62
0.68
0.61
0.62
0.58
0.58
0.61
0.58
0.56
0.56
0.59
0.47
0.46
0.51
0.52
0.74
0.67
0.63
0.76
