CorWatt	PkgWatt
157.20	360.35
1.96	151.59
2.29
2.46
2.69
2.23
1.92
2.02
2.05
2.11
2.01
1.98
1.97
2.06
2.08
2.34
2.35
2.80
3.01
2.96
2.77
2.24
2.54
2.52
2.06
2.28
2.49
2.34
2.35
2.27
2.51
2.42
2.28
2.00	137.12
1.87
1.89
1.87
1.77
1.84
1.81
1.79
1.76
1.86
1.74
1.82
1.74
1.76
1.98
1.83
1.83
1.82
1.80
1.87
1.82
2.11
1.89
2.00
1.84
1.76
1.85
1.78
1.94
1.91
1.90
1.84
CorWatt	PkgWatt
67.04	243.44
1.10	124.38
1.13
1.14
1.18
1.15
0.95
1.04
1.01
0.96
0.91
0.98
1.01
0.97
1.02
1.09
1.03
1.22
1.38
1.34
1.19
1.12
1.15
1.21
1.02
1.12
1.15
1.11
1.11
1.07
1.14
1.28
1.17
0.96	121.81
1.00
0.99
0.98
0.97
1.02
0.98
0.96
0.90
0.94
0.90
0.90
0.98
0.97
0.98
0.93
1.10
1.10
1.10
1.13
1.10
1.01
1.06
1.04
1.00
0.89
0.99
1.00
1.10
1.01
1.07
1.05
CorWatt	PkgWatt
175.53	341.85
2.87	173.93
3.13
2.87
2.87
2.85
3.10
2.79
3.04
2.82
2.68
2.80
2.95
2.84
3.03
3.07
2.54
2.96
2.75
3.08
2.85
2.92
2.76
2.97
2.76
2.92
2.75
3.15
2.81
2.79
3.16
2.84
3.15
2.57	163.92
2.46
2.53
2.57
2.42
2.49
2.54
2.60
2.40
2.32
2.60
2.59
2.29
2.43
2.60
2.49
2.56
2.59
2.44
2.56
2.53
2.62
2.60
2.77
2.59
2.48
2.56
2.44
2.71
2.60
2.59
2.50
CorWatt	PkgWatt
171.08	324.79
2.84	167.11
2.88
2.88
2.83
2.96
2.67
2.88
3.06
2.74
2.76
2.72
2.89
2.83
2.85
3.00
2.45
2.83
2.74
3.01
2.88
2.72
2.70
2.74
2.69
2.90
2.70
3.03
2.69
2.82
3.03
2.69
3.15
2.51	157.69
2.53
2.54
2.46
2.42
2.47
2.37
2.56
2.39
2.33
2.61
2.59
2.30
2.45
2.58
2.51
2.57
2.57
2.47
2.56
2.46
2.63
2.63
2.69
2.51
2.52
2.55
2.48
2.60
2.58
2.61
2.52
CorWatt	PkgWatt
174.40	334.77
2.99	173.71
2.95
2.97
2.98
2.83
2.77
2.94
2.93
2.86
2.88
2.87
2.90
2.84
2.93
2.95
2.81
3.01
2.89
3.03
2.87
2.85
2.90
3.04
2.96
2.99
2.92
2.99
2.89
2.88
3.13
2.87
3.03
2.50	161.11
2.50
2.55
2.50
2.59
2.51
2.45
2.54
2.32
2.45
2.57
2.57
2.30
2.44
2.42
2.49
2.50
2.50
2.53
2.53
2.57
2.67
2.68
2.73
2.50
2.50
2.49
2.53
2.58
2.60
2.62
2.52
CorWatt	PkgWatt
173.48	327.06
2.91	170.34
2.95
2.97
2.98
2.79
3.04
2.87
3.04
2.86
2.91
2.89
2.85
2.83
2.91
2.91
2.96
3.05
2.91
2.95
2.84
2.80
2.93
3.13
3.08
2.89
3.06
2.93
2.86
2.89
3.15
2.87
2.90
2.42	156.62
2.44
2.50
2.51
2.43
2.47
2.46
2.46
2.33
2.51
2.51
2.52
2.27
2.36
2.47
2.45
2.46
2.50
2.54
2.48
2.56
2.62
2.66
2.72
2.45
2.46
2.43
2.46
2.51
2.59
2.49
2.49
CorWatt	PkgWatt
177.20	332.56
2.94	173.98
3.00
3.04
3.01
3.18
3.13
3.15
3.14
3.07
3.07
2.98
3.04
2.91
2.94
3.02
2.98
3.13
2.93
2.99
2.89
2.94
3.07
3.27
3.23
3.03
3.20
3.07
2.96
2.90
3.15
3.02
3.00
2.48	158.66
2.48
2.53
2.51
2.43
2.44
2.48
2.51
2.34
2.53
2.49
2.51
2.29
2.36
2.49
2.47
2.48
2.49
2.55
2.49
2.59
2.65
2.66
2.72
2.46
2.48
2.45
2.48
2.50
2.59
2.46
2.49
CorWatt	PkgWatt
175.94	329.62
2.90	172.46
3.03
3.06
3.01
3.05
3.00
2.96
3.02
2.93
3.06
2.89
2.88
2.92
2.96
3.01
2.99
3.14
2.92
3.00
2.92
2.91
3.04
3.17
3.15
2.94
3.11
2.97
2.94
2.88
3.10
2.97
2.98
2.49	157.11
2.45
2.54
2.50
2.51
2.43
2.49
2.45
2.38
2.63
2.51
2.51
2.33
2.40
2.43
2.39
2.50
2.50
2.54
2.50
2.57
2.64
2.69
2.74
2.47
2.49
2.45
2.49
2.48
2.63
2.47
2.51
CorWatt	PkgWatt
173.71	339.31
2.98	177.07
2.99
3.02
3.00
3.01
3.10
2.87
3.06
2.90
3.00
2.87
2.83
2.82
2.98
3.01
2.98
3.12
2.90
2.99
2.90
2.90
2.97
3.20
3.13
2.91
3.12
2.94
2.93
2.90
3.12
2.89
2.98
2.46	162.24
2.37
2.51
2.47
2.45
2.38
2.47
2.39
2.33
2.57
2.45
2.43
2.31
2.32
2.32
2.30
2.44
2.41
2.46
2.42
2.54
2.55
2.61
2.66
2.46
2.47
2.44
2.48
2.44
2.57
2.43
2.47
CorWatt	PkgWatt
170.05	323.79
2.86	169.12
2.84
2.95
2.86
2.88
3.03
2.64
2.95
2.88
2.94
2.82
2.73
2.70
2.89
2.91
2.90
3.09
2.84
2.91
2.88
2.81
2.91
3.11
3.02
2.79
3.06
2.81
2.85
2.85
3.05
2.78
2.89
2.41	154.71
2.33
2.46
2.43
2.37
2.34
2.44
2.35
2.33
2.57
2.46
2.43
2.36
2.30
2.40
2.32
2.42
2.39
2.45
2.40
2.55
2.50
2.58
2.64
2.39
2.42
2.39
2.43
2.40
2.55
2.40
2.44
CorWatt	PkgWatt
168.91	322.59
2.81	168.35
2.85
3.00
2.88
2.80
3.05
2.68
2.66
2.86
2.93
2.81
2.73
2.66
2.86
2.87
2.88
3.07
2.83
2.87
2.76
2.79
2.94
3.13
2.98
2.77
3.07
2.81
2.84
2.82
3.02
2.78
2.85
2.42	154.18
2.33
2.46
2.42
2.33
2.34
2.42
2.34
2.29
2.57
2.45
2.43
2.26
2.28
2.39
2.31
2.42
2.38
2.43
2.40
2.54
2.51
2.59
2.63
2.37
2.41
2.38
2.42
2.39
2.53
2.40
2.37
CorWatt	PkgWatt
169.34	328.24
2.82	170.98
2.85
3.00
2.90
2.89
3.05
2.72
2.69
2.90
2.96
2.80
2.75
2.71
2.88
2.88
2.87
3.06
2.84
2.90
2.74
2.83
2.99
3.14
2.99
2.77
3.09
2.79
2.85
2.78
3.01
2.76
2.86
2.43	157.30
2.35
2.48
2.41
2.33
2.37
2.39
2.36
2.27
2.56
2.41
2.40
2.26
2.29
2.37
2.33
2.43
2.39
2.43
2.41
2.55
2.50
2.59
2.63
2.40
2.43
2.35
2.46
2.40
2.54
2.39
2.35
CorWatt	PkgWatt
168.93	329.87
2.86	170.81
2.81
3.02
3.11
2.67
2.66
2.59
2.56
2.85
2.91
2.85
2.60
2.59
2.86
2.91
2.84
3.11
2.95
2.95
2.78
2.79
2.96
3.03
2.84
2.84
3.08
2.71
2.76
2.69
2.86
2.63
2.78
2.47	159.08
2.39
2.41
2.45
2.44
2.45
2.38
2.37
2.31
2.55
2.38
2.41
2.32
2.32
2.43
2.36
2.48
2.38
2.52
2.49
2.56
2.54
2.67
2.67
2.47
2.46
2.40
2.55
2.47
2.58
2.40
2.44
CorWatt	PkgWatt
166.27	323.18
2.86	166.00
2.84
2.99
3.04
2.30
2.30
2.31
2.27
2.73
2.78
2.81
2.53
2.51
2.83
2.75
2.74
3.08
2.97
2.97
2.80
2.50
2.82
2.86
2.68
2.75
3.03
2.66
2.70
2.55
2.67
2.49
2.58
2.48	157.16
2.41
2.39
2.49
2.46
2.44
2.40
2.39
2.34
2.58
2.40
2.45
2.37
2.36
2.49
2.41
2.51
2.42
2.55
2.51
2.53
2.58
2.71
2.70
2.56
2.46
2.51
2.60
2.51
2.59
2.47
2.51
CorWatt	PkgWatt
85.30	251.27
1.44	128.08
1.47
1.63
1.72
1.14
1.17
1.22
1.17
1.52
1.41
1.47
1.34
1.27
1.40
1.43
1.38
1.58
1.60
1.55
1.40
1.36
1.46
1.47
1.41
1.39
1.50
1.33
1.33
1.39
1.42
1.31
1.33
1.24	123.53
1.17
1.33
1.24
1.30
1.38
1.29
1.24
1.16
1.20
1.24
1.22
1.23
1.29
1.24
1.21
1.25
1.23
1.21
1.27
1.21
1.29
1.33
1.42
1.40
1.15
1.25
1.23
1.29
1.30
1.27
1.27
CorWatt	PkgWatt
168.58	326.13
2.91	167.37
2.70
2.72
2.85
3.05
2.67
2.84
2.87
2.85
2.57
2.66
2.68
2.83
2.68
2.73
2.61
2.61
2.75
2.67
2.63
2.68
3.01
3.08
2.68
2.63
2.85
3.05
3.06
2.65
2.87
2.68
2.87
2.46	158.34
2.45
2.34
2.55
2.50
2.48
2.54
2.41
2.36
2.29
2.31
2.41
2.36
2.41
2.46
2.59
2.55
2.56
2.58
2.35
2.69
2.82
2.82
2.75
2.36
2.43
2.36
2.43
2.49
2.47
2.36
2.56
CorWatt	PkgWatt
169.23	322.90
2.92	166.65
2.73
2.74
2.88
3.13
2.70
2.91
2.91
2.76
2.59
2.76
2.71
2.84
2.89
3.06
2.35
2.62
2.65
2.67
2.64
2.70
2.92
3.15
2.70
2.67
2.89
3.10
3.11
2.69
2.93
2.71
2.91
2.44	156.25
2.37
2.34
2.54
2.50
2.50
2.54
2.57
2.36
2.30
2.32
2.42
2.42
2.43
2.45
2.60
2.45
2.52
2.58
2.33
2.67
2.85
2.84
2.74
2.30
2.28
2.29
2.38
2.47
2.54
2.36
2.60
CorWatt	PkgWatt
181.22	351.61
3.12	183.36
2.97
3.09
3.23
3.08
2.89
2.99
3.12
3.01
2.98
2.94
2.95
2.95
2.97
2.95
3.04
2.91
2.97
3.00
2.99
2.97
3.10
3.32
2.97
2.97
3.08
3.18
3.14
3.02
3.17
2.94
3.20
2.74	168.24
2.49
2.57
2.70
2.68
2.65
2.74
2.69
2.59
2.44
2.47
2.56
2.62
2.58
2.68
2.65
2.59
2.53
2.73
2.58
2.69
2.95
2.81
2.83
2.56
2.44
2.43
2.57
2.53
2.67
2.51
2.70
CorWatt	PkgWatt
187.19	340.43
3.24	176.65
3.08
3.25
3.23
3.06
2.97
3.08
3.24
3.03
3.08
3.04
3.09
3.18
2.84
3.07
3.02
3.17
3.18
3.10
3.19
3.25
3.27
3.16
3.18
3.18
3.17
3.19
3.15
3.20
3.19
3.07
3.21
2.81	163.70
2.70
2.69
2.75
2.77
2.67
2.77
2.75
2.82
2.61
2.62
2.72
2.62
2.65
2.76
2.71
2.66
2.52
2.91
2.70
2.79
2.83
2.82
2.75
2.61
2.64
2.64
2.78
2.65
2.69
2.65
2.75
CorWatt	PkgWatt
187.86	344.59
3.27	179.13
3.11
3.27
3.25
3.03
2.99
3.11
3.26
3.02
3.10
3.04
3.09
3.16
3.03
3.17
3.03
3.19
3.19
3.06
3.16
3.24
3.32
3.14
3.22
3.22
3.20
3.19
3.13
3.22
3.19
3.08
3.21
2.72	165.52
2.74
2.65
2.80
2.68
2.75
2.72
2.86
2.75
2.69
2.57
2.72
2.63
2.63
2.74
2.67
2.65
2.53
2.90
2.72
2.72
2.79
2.90
2.77
2.72
2.67
2.64
2.78
2.69
2.74
2.67
2.79
CorWatt	PkgWatt
187.55	340.93
3.25	177.04
3.16
3.28
3.22
3.04
2.93
3.20
3.27
3.03
3.11
3.05
3.05
3.16
2.82
3.24
3.07
3.22
3.26
3.01
3.03
3.26
3.24
3.08
3.22
3.23
3.19
3.17
3.12
3.22
3.19
3.06
3.20
2.75	163.82
2.70
2.64
2.80
2.67
2.76
2.71
2.86
2.67
2.64
2.65
2.71
2.66
2.68
2.82
2.59
2.69
2.53
2.92
2.73
2.67
2.80
2.83
2.80
2.72
2.69
2.65
2.74
2.67
2.74
2.64
2.80
CorWatt	PkgWatt
186.54	339.55
3.22	176.43
3.18
3.28
3.20
3.08
2.93
3.11
3.23
3.00
3.09
3.03
3.05
3.12
2.89
3.19
3.07
3.21
3.25
3.00
3.03
3.29
3.20
3.03
3.24
3.20
3.17
3.10
3.08
3.21
3.20
3.04
3.17
2.71	163.16
2.69
2.64
2.74
2.66
2.74
2.72
2.85
2.70
2.66
2.76
2.69
2.66
2.69
2.75
2.57
2.61
2.53
2.94
2.72
2.65
2.74
2.83
2.79
2.69
2.66
2.63
2.74
2.66
2.70
2.61
2.73
CorWatt	PkgWatt
179.96	350.23
3.21	182.17
3.13
3.27
3.17
3.15
2.94
2.85
3.23
2.91
2.94
2.89
2.98
3.02
2.90
3.09
3.04
3.13
3.15
3.01
2.95
3.24
3.15
2.95
3.24
3.18
3.18
3.06
3.05
3.18
3.13
3.05
3.20
2.47	166.08
2.49
2.47
2.50
2.50
2.54
2.48
2.69
2.39
2.68
2.46
2.47
2.90
2.53
2.55
2.48
2.32
2.49
2.69
2.52
2.49
2.52
2.72
2.60
2.43
2.48
2.46
2.46
2.42
2.50
2.39
2.60
