CorWatt	PkgWatt
157.47	370.99
2.49	184.95
2.45
2.50
2.43
2.45
2.48
2.44
2.47
2.40
2.40
2.38
2.42
2.41
2.42
2.37
2.39
2.46
2.47
2.52
2.49
2.55
2.52
2.49
2.48
2.46
2.47
2.45
2.47
2.38
2.43
2.47
2.46
2.44	184.57
2.45
2.43
2.41
2.43
2.43
2.44
2.44
2.42
2.39
2.42
2.39
2.39
2.39
2.40
2.41
2.38
2.41
2.37
2.41
2.47
2.42
2.46
2.45
2.39
2.43
2.41
2.41
2.41
2.44
2.40
2.45
CorWatt	PkgWatt
159.29	377.96
2.47	185.50
2.48
2.49
2.45
2.52
2.46
2.45
2.50
2.41
2.43
2.36
2.43
2.39
2.44
2.42
2.46
2.50
2.49
2.51
2.50
2.52
2.54
2.50
2.50
2.48
2.49
2.49
2.52
2.41
2.44
2.44
2.45
2.48	186.27
2.49
2.48
2.49
2.48
2.43
2.51
2.46
2.45
2.44
2.45
2.43
2.44
2.44
2.43
2.45
2.45
2.44
2.58
2.47
2.48
2.49
2.49
2.50
2.46
2.45
2.44
2.45
2.46
2.43
2.49
2.44
CorWatt	PkgWatt
153.52	362.54
2.44	184.18
2.47
2.49
2.44
2.48
2.44
2.47
2.44
2.39
2.40
2.36
2.41
2.37
2.41
2.38
2.39
2.45
2.47
2.50
2.45
2.49
2.50
2.47
2.47
2.42
2.46
2.45
2.47
2.42
2.41
2.45
2.42
2.46	183.99
2.44
2.43
2.45
2.46
2.48
2.46
2.42
2.42
2.40
2.41
2.40
2.41
2.42
2.41
2.41
2.38
2.39
2.41
2.39
2.44
2.41
2.45
2.45
2.37
2.57
2.41
2.41
2.43
2.40
2.42
2.42
CorWatt	PkgWatt
155.15	366.94
2.46	184.59
2.43
2.50
2.45
2.47
2.41
2.47
2.46
2.39
2.40
2.38
2.39
2.39
2.40
2.40
2.39
2.45
2.45
2.49
2.46
2.49
2.53
2.50
2.48
2.46
2.47
2.47
2.44
2.40
2.42
2.42
2.43
2.43	184.52
2.44
2.44
2.46
2.45
2.44
2.41
2.44
2.40
2.40
2.42
2.40
2.42
2.42
2.39
2.42
2.40
2.39
2.40
2.41
2.45
2.47
2.45
2.42
2.42
2.40
2.40
2.40
2.42
2.43
2.41
2.40
CorWatt	PkgWatt
157.58	373.81
2.48	184.75
2.46
2.46
2.42
2.47
2.45
2.44
2.48
2.43
2.41
2.38
2.41
2.38
2.40
2.42
2.38
2.45
2.45
2.48
2.47
2.51
2.47
2.49
2.47
2.46
2.47
2.45
2.49
2.39
2.43
2.43
2.44
2.43	184.34
2.44
2.47
2.45
2.45
2.45
2.42
2.47
2.42
2.39
2.38
2.40
2.42
2.41
2.40
2.41
2.38
2.36
2.39
2.39
2.44
2.45
2.44
2.48
2.35
2.39
2.40
2.39
2.46
2.42
2.42
2.41
CorWatt	PkgWatt
155.47	367.76
2.49	184.98
2.47
2.47
2.45
2.46
2.45
2.48
2.49
2.40
2.42
2.38
2.42
2.43
2.43
2.41
2.38
2.49
2.49
2.53
2.48
2.52
2.54
2.51
2.50
2.47
2.46
2.45
2.47
2.42
2.45
2.45
2.43
2.42	184.77
2.44
2.42
2.48
2.45
2.47
2.45
2.45
2.40
2.41
2.42
2.42
2.43
2.43
2.42
2.40
2.39
2.38
2.35
2.42
2.47
2.44
2.46
2.47
2.41
2.41
2.41
2.40
2.42
2.43
2.43
2.41
CorWatt	PkgWatt
154.29	366.26
2.50	184.94
2.48
2.49
2.43
2.47
2.45
2.49
2.42
2.38
2.40
2.39
2.40
2.40
2.41
2.41
2.38
2.46
2.49
2.51
2.46
2.51
2.51
2.52
2.48
2.43
2.47
2.43
2.47
2.38
2.42
2.43
2.43
2.43	184.60
2.44
2.44
2.44
2.45
2.45
2.48
2.45
2.39
2.40
2.43
2.42
2.41
2.43
2.39
2.40
2.36
2.39
2.38
2.41
2.45
2.42
2.43
2.46
2.40
2.36
2.41
2.40
2.39
2.45
2.40
2.37
CorWatt	PkgWatt
154.16	362.72
2.45	184.67
2.46
2.48
2.47
2.49
2.48
2.45
2.47
2.40
2.43
2.38
2.39
2.41
2.43
2.42
2.41
2.43
2.46
2.49
2.47
2.48
2.53
2.47
2.50
2.42
2.44
2.42
2.46
2.40
2.42
2.46
2.42
2.42	184.31
2.45
2.41
2.42
2.39
2.42
2.45
2.42
2.42
2.40
2.38
2.44
2.41
2.43
2.38
2.43
2.41
2.39
2.38
2.41
2.47
2.42
2.45
2.45
2.39
2.37
2.37
2.42
2.40
2.40
2.43
2.40
CorWatt	PkgWatt
154.56	368.60
2.46	184.08
2.43
2.45
2.45
2.48
2.44
2.46
2.44
2.38
2.40
2.34
2.41
2.36
2.39
2.40
2.39
2.42
2.43
2.47
2.45
2.49
2.50
2.47
2.46
2.39
2.44
2.41
2.47
2.42
2.42
2.42
2.43
2.42	183.40
2.44
2.40
2.43
2.44
2.38
2.44
2.43
2.39
2.41
2.37
2.38
2.41
2.40
2.39
2.38
2.35
2.37
2.35
2.38
2.47
2.43
2.42
2.44
2.36
2.38
2.37
2.41
2.40
2.41
2.41
2.40
CorWatt	PkgWatt
157.20	374.24
2.49	184.74
2.47
2.50
2.43
2.47
2.45
2.49
2.45
2.37
2.42
2.36
2.38
2.40
2.39
2.41
2.40
2.47
2.47
2.49
2.47
2.51
2.52
2.47
2.50
2.41
2.45
2.47
2.48
2.39
2.47
2.43
2.46
2.43	184.68
2.44
2.42
2.43
2.44
2.43
2.48
2.46
2.40
2.42
2.44
2.42
2.42
2.41
2.40
2.41
2.38
2.38
2.41
2.43
2.43
2.47
2.48
2.46
2.36
2.39
2.41
2.41
2.43
2.44
2.43
2.37
CorWatt	PkgWatt
159.60	382.86
2.47	184.51
2.46
2.50
2.44
2.47
2.46
2.47
2.49
2.39
2.45
2.35
2.38
2.39
2.41
2.38
2.40
2.47
2.48
2.49
2.47
2.49
2.52
2.50
2.47
2.43
2.44
2.45
2.47
2.41
2.42
2.44
2.43
2.42	184.56
2.44
2.40
2.47
2.45
2.43
2.47
2.46
2.39
2.40
2.42
2.39
2.42
2.43
2.39
2.40
2.38
2.37
2.41
2.42
2.48
2.47
2.49
2.46
2.38
2.38
2.40
2.43
2.42
2.42
2.43
2.38
CorWatt	PkgWatt
149.37	375.22
2.28	178.42
2.29
2.30
2.28
2.26
2.28
2.24
2.27
2.18
2.27
2.15
2.16
2.16
2.28
2.20
2.16
2.24
2.28
2.30
2.26
2.34
2.27
2.30
2.24
2.24
2.22
2.24
2.29
2.22
2.21
2.21
2.24
2.26	179.64
2.33
2.28
2.30
2.30
2.27
2.34
2.19
2.24
2.23
2.31
2.21
2.22
2.24
2.31
2.30
2.26
2.19
2.28
2.28
2.32
2.26
2.35
2.31
2.28
2.23
2.27
2.27
2.29
2.25
2.29
2.26
