CorWatt	PkgWatt
15.25	127.08
0.54	127.09
0.46
0.48
0.44
0.55
0.52
0.52
0.50
0.39
0.45
0.40
0.41
0.60
0.54
0.57
0.54
0.49
0.51
0.48
0.48
0.44
0.41
0.39
0.40
0.40
0.41
0.39
0.37
0.54
0.52
0.55
0.57
CorWatt	PkgWatt
14.50	125.97
0.52	126.19
0.45
0.46
0.42
0.54
0.49
0.51
0.47
0.42
0.43
0.36
0.39
0.54
0.50
0.55
0.55
0.45
0.48
0.45
0.47
0.39
0.38
0.38
0.38
0.40
0.36
0.36
0.35
0.53
0.51
0.51
0.53
CorWatt	PkgWatt
62.17	175.21
1.33	175.05
2.01
2.07
1.96
2.00
2.05
2.04
1.98
1.91
1.93
1.90
1.85
2.04
2.02
2.00
2.00
3.23
1.97
1.80
1.84
1.90
1.86
1.72
1.75
1.83
1.80
1.68
1.74
2.06
2.09
1.92
1.88
CorWatt	PkgWatt
47.26	161.65
1.57	161.59
1.50
1.54
1.49
1.56
1.61
1.55
1.49
1.46
1.49
1.44
1.41
1.58
1.56
1.61
1.57
1.52
1.52
1.37
1.39
1.44
1.44
1.33
1.27
1.42
1.38
1.27
1.28
1.60
1.60
1.53
1.48
