CorWatt	PkgWatt
7.35	159.19
0.15	80.71
0.14
0.14
0.14
0.13
0.13
0.13
0.13
0.12
0.12
0.12
0.12
0.12
0.12
0.12
0.12
0.14
0.14
0.14
0.14
0.15
0.13
0.14
0.13
0.13
0.13
0.14
0.13
0.12
0.12
0.12
0.12
0.10	78.44
0.10
0.10
0.11
0.10
0.10
0.10
0.11
0.09
0.09
0.09
0.09
0.09
0.09
0.09
0.09
0.10
0.10
0.10
0.10
0.11
0.10
0.11
0.11
0.10
0.10
0.10
0.10
0.10
0.09
0.09
0.09
CorWatt	PkgWatt
116.57	276.84
1.92	139.91
1.94
1.89
1.87
1.90
1.83
1.90
1.89
1.83
1.88
1.87
1.83
1.88
1.91
1.90
1.93
1.86
1.90
1.96
1.94
1.92
1.97
1.94
1.98
1.89
1.93
1.99
1.94
1.79
1.89
1.86
1.87
1.90	137.21
1.78
1.75
1.77
1.69
1.78
1.73
1.80
1.66
1.71
1.74
1.74
1.65
1.66
1.70
1.77
1.70
1.78
1.66
1.70
1.74
1.84
1.75
1.84
1.75
1.66
1.77
1.71
1.76
1.78
1.76
1.78
CorWatt	PkgWatt
130.91	306.80
2.12	154.55
2.13
2.18
2.11
2.19
2.17
2.35
2.32
2.04
2.14
2.23
2.20
2.25
2.29
2.08
2.21
2.09
2.21
2.38
2.24
2.17
2.33
2.09
2.46
2.23
2.25
2.19
2.30
2.39
2.21
2.47
2.53
1.89	151.73
1.88
1.87
1.88
1.77
1.91
1.84
1.89
1.74
1.89
1.86
1.82
1.70
1.73
1.79
1.80
1.81
1.85
1.79
1.79
1.83
1.94
1.85
2.01
1.94
1.79
1.84
1.88
1.96
1.92
1.89
1.87
CorWatt	PkgWatt
133.79	304.07
2.32	158.82
2.16
2.17
2.13
2.26
2.36
2.33
2.37
2.12
2.18
2.33
2.19
2.18
2.35
2.22
2.41
2.09
2.18
2.56
2.44
2.23
2.35
2.05
2.46
2.43
2.26
2.22
2.26
2.60
2.22
2.81
2.76
1.86	145.25
1.88
1.86
1.88
1.77
1.87
1.84
1.87
1.78
1.86
1.84
1.87
1.73
1.76
1.82
1.84
1.90
1.86
1.79
1.80
1.86
1.94
1.87
1.96
1.90
1.81
1.84
2.03
2.08
1.94
1.95
1.92
CorWatt	PkgWatt
131.70	293.52
2.17	152.38
2.16
2.14
2.09
2.29
2.26
2.34
2.35
2.15
2.19
2.05
2.21
2.05
2.38
2.24
2.25
2.07
2.21
2.20
2.42
2.25
2.24
2.03
2.41
2.31
2.32
2.12
2.18
2.70
2.23
2.85
2.77
1.84	141.09
1.88
1.85
1.85
1.77
1.85
1.81
1.87
1.74
1.83
1.86
1.82
1.73
1.76
1.80
1.83
1.84
1.84
1.78
1.79
1.84
1.93
1.86
1.94
1.84
1.80
1.83
2.00
2.00
1.90
1.93
1.88
CorWatt	PkgWatt
133.44	290.59
2.15	153.25
2.13
2.11
2.09
2.29
2.35
2.66
2.51
2.21
2.37
2.14
2.33
2.09
2.42
2.27
2.31
2.13
2.41
2.50
2.59
2.24
2.22
2.14
2.44
2.31
2.36
2.15
2.18
2.74
2.45
2.83
2.81
1.82	137.33
1.87
1.84
1.84
1.76
1.85
1.80
1.86
1.74
1.83
1.83
1.81
1.73
1.76
1.80
1.84
1.83
1.84
1.79
1.78
1.83
1.92
1.87
1.94
1.81
1.76
1.80
1.88
1.87
1.88
1.86
1.83
CorWatt	PkgWatt
132.96	287.72
2.14	151.45
2.13
2.11
2.12
2.35
2.34
2.51
2.55
2.14
2.37
2.14
2.29
2.26
2.28
2.19
2.16
2.16
2.37
2.22
2.69
2.19
2.21
2.09
2.51
2.29
2.40
2.09
2.22
2.84
2.45
2.85
2.79
1.84	136.22
1.87
1.83
1.84
1.76
1.84
1.79
1.85
1.74
1.84
1.82
1.80
1.73
1.76
1.80
1.84
1.83
1.84
1.79
1.79
1.84
1.93
1.87
1.95
1.78
1.76
1.81
1.87
1.86
1.88
1.87
1.84
