CorWatt	PkgWatt
15.25	127.04
0.55	127.05
0.48
0.48
0.45
0.53
0.52
0.51
0.54
0.48
0.54
0.41
0.42
0.55
0.57
0.55
0.59
0.46
0.49
0.46
0.46
0.39
0.45
0.41
0.41
0.38
0.36
0.38
0.37
0.54
0.51
0.51
0.51
CorWatt	PkgWatt
14.59	126.40
0.53	126.46
0.48
0.48
0.42
0.49
0.51
0.48
0.47
0.45
0.46
0.40
0.40
0.55
0.53
0.53
0.56
0.44
0.45
0.44
0.46
0.38
0.41
0.43
0.40
0.36
0.35
0.35
0.35
0.51
0.49
0.50
0.49
CorWatt	PkgWatt
62.22	174.45
0.93	174.46
3.22
2.18
1.94
2.01
2.02
2.04
2.02
2.02
1.97
2.00
1.91
2.08
2.16
2.12
2.08
1.91
1.92
1.76
1.79
1.81
1.87
1.67
1.66
1.95
1.96
1.73
1.76
2.00
2.01
1.85
1.87
CorWatt	PkgWatt
48.79	162.42
0.65	162.38
2.24
1.63
1.58
1.62
1.62
1.69
1.63
1.52
1.52
1.49
1.49
1.68
1.67
1.68
1.66
1.60
1.56
1.43
1.47
1.51
1.54
1.35
1.31
1.45
1.44
1.31
1.31
1.63
1.60
1.48
1.46
