CorWatt	PkgWatt
15.00	127.17
0.51	127.18
0.47
0.48
0.45
0.53
0.52
0.49
0.50
0.40
0.43
0.38
0.41
0.51
0.53
0.52
0.52
0.47
0.50
0.48
0.49
0.43
0.42
0.49
0.44
0.38
0.38
0.43
0.38
0.52
0.51
0.51
0.52
CorWatt	PkgWatt
14.99	126.47
0.50	127.36
0.45
0.45
0.46
0.49
0.52
0.51
0.49
0.44
0.44
0.43
0.40
0.50
0.50
0.49
0.53
0.45
0.54
0.47
0.51
0.47
0.46
0.47
0.47
0.37
0.40
0.40
0.41
0.52
0.51
0.50
0.51
CorWatt	PkgWatt
18.19	130.77
0.62	129.90
0.54
0.68
0.55
0.65
0.63
0.57
0.55
0.51
0.56
0.53
0.48
0.63
0.70
0.62
0.64
0.48
0.50
0.52
0.59
0.49
0.47
0.46
0.52
0.51
0.45
0.49
0.52
0.63
0.74
0.62
0.64
CorWatt	PkgWatt
16.77	128.71
0.58	128.35
0.49
0.51
0.56
0.58
0.56
0.55
0.55
0.56
0.50
0.44
0.45
0.57
0.58
0.56
0.58
0.51
0.53
0.52
0.53
0.45
0.48
0.46
0.48
0.47
0.46
0.44
0.42
0.60
0.58
0.60
0.60
