CorWatt	PkgWatt
15.11	127.10
0.50	127.12
0.44
0.48
0.44
0.55
0.52
0.58
0.48
0.46
0.43
0.42
0.49
0.51
0.55
0.53
0.51
0.47
0.49
0.46
0.50
0.41
0.41
0.43
0.42
0.37
0.37
0.37
0.38
0.58
0.53
0.53
0.51
CorWatt	PkgWatt
14.54	126.46
0.50	126.45
0.43
0.49
0.42
0.48
0.48
0.53
0.47
0.43
0.43
0.38
0.39
0.52
0.54
0.52
0.53
0.49
0.45
0.44
0.48
0.39
0.39
0.43
0.43
0.35
0.35
0.36
0.37
0.53
0.49
0.55
0.49
CorWatt	PkgWatt
62.57	175.89
0.93	176.03
1.94
1.97
1.99
2.06
2.09
2.09
3.56
1.93
1.93
1.94
1.95
2.02
2.00
1.99
2.09
2.06
1.99
1.88
1.90
2.02
1.92
1.76
1.77
1.81
1.81
1.71
1.68
2.09
2.01
1.88
1.86
CorWatt	PkgWatt
47.62	161.33
0.60	161.27
1.51
1.54
1.53
1.60
1.60
1.59
2.35
1.50
1.47
1.47
1.45
1.62
1.66
1.61
1.66
1.53
1.50
1.38
1.44
1.45
1.46
1.36
1.34
1.42
1.40
1.28
1.28
1.59
1.57
1.46
1.42
