CorWatt	PkgWatt
15.42	127.32
0.56	127.33
0.49
0.50
0.51
0.53
0.55
0.51
0.51
0.41
0.43
0.42
0.42
0.57
0.53
0.52
0.52
0.49
0.49
0.48
0.50
0.42
0.45
0.42
0.40
0.43
0.37
0.39
0.42
0.55
0.55
0.55
0.52
CorWatt	PkgWatt
14.74	127.11
0.48	127.20
0.44
0.46
0.49
0.51
0.49
0.49
0.50
0.37
0.43
0.37
0.38
0.54
0.50
0.48
0.50
0.47
0.47
0.46
0.53
0.40
0.42
0.40
0.39
0.43
0.35
0.37
0.37
0.57
0.54
0.57
0.55
CorWatt	PkgWatt
21.78	133.03
2.62	132.96
0.62
0.68
0.71
0.64
0.67
0.68
0.62
0.56
0.54
0.53
0.55
0.67
0.67
0.63
0.65
0.62
0.62
0.63
0.69
0.54
0.57
0.53
0.65
0.54
0.54
0.52
0.55
0.74
0.66
0.68
0.64
CorWatt	PkgWatt
16.54	128.17
0.64	128.15
0.48
0.53
0.53
0.72
0.73
1.25
0.72
0.40
0.44
0.38
0.37
0.53
0.52
0.49
0.51
0.45
0.46
0.46
0.48
0.41
0.42
0.39
0.50
0.45
0.40
0.39
0.35
0.52
0.51
0.58
0.53
CorWatt	PkgWatt
16.89	128.59
0.59	128.59
0.58
0.52
0.52
0.76
0.75
0.81
1.24
0.40
0.43
0.38
0.40
0.56
0.52
0.51
0.51
0.51
0.48
0.46
0.50
0.40
0.42
0.40
0.49
0.44
0.46
0.38
0.35
0.54
0.55
0.52
0.53
CorWatt	PkgWatt
16.38	128.08
0.58	128.07
0.48
0.44
0.51
1.30
0.73
0.73
0.73
0.39
0.43
0.38
0.41
0.55
0.53
0.50
0.55
0.47
0.45
0.45
0.47
0.39
0.41
0.40
0.49
0.44
0.42
0.35
0.35
0.51
0.53
0.50
0.52
CorWatt	PkgWatt
16.87	128.34
0.59	128.35
0.48
0.50
0.54
1.31
0.74
0.75
0.72
0.37
0.43
0.42
0.38
0.55
0.56
0.52
0.54
0.50
0.49
0.45
0.46
0.38
0.41
0.42
0.46
0.44
0.47
0.39
0.35
0.55
0.57
0.54
0.58
CorWatt	PkgWatt
16.34	128.35
0.58	128.34
0.47
0.48
0.45
1.47
0.70
0.73
0.70
0.38
0.43
0.37
0.37
0.55
0.50
0.50
0.56
0.45
0.45
0.47
0.45
0.40
0.42
0.40
0.47
0.44
0.41
0.36
0.35
0.50
0.51
0.50
0.51
CorWatt	PkgWatt
17.42	129.69
0.56	129.69
0.46
0.45
0.47
3.25
0.49
0.51
0.49
0.38
0.42
0.37
0.37
0.53
0.50
0.49
0.54
0.49
0.47
0.47
0.48
0.38
0.41
0.39
0.45
0.38
0.40
0.36
0.36
0.53
0.52
0.50
0.52
CorWatt	PkgWatt
17.31	129.79
0.56	129.79
0.50
0.50
0.45
3.26
0.49
0.51
0.51
0.37
0.42
0.39
0.37
0.52
0.50
0.48
0.53
0.46
0.46
0.45
0.48
0.39
0.41
0.38
0.44
0.38
0.39
0.35
0.35
0.50
0.50
0.50
0.50
CorWatt	PkgWatt
17.76	130.18
0.58	130.18
0.47
0.51
0.47
3.27
0.51
0.53
0.51
0.39
0.44
0.37
0.40
0.53
0.51
0.49
0.53
0.48
0.47
0.48
0.47
0.41
0.44
0.41
0.46
0.40
0.41
0.38
0.37
0.52
0.52
0.51
0.52
CorWatt	PkgWatt
17.22	129.64
0.56	129.63
0.46
0.49
0.45
3.26
0.49
0.51
0.50
0.37
0.42
0.36
0.38
0.52
0.50
0.48
0.52
0.46
0.46
0.44
0.46
0.39
0.40
0.39
0.45
0.40
0.39
0.35
0.35
0.50
0.52
0.50
0.50
CorWatt	PkgWatt
17.48	129.84
0.57	129.85
0.44
0.51
0.46
3.27
0.50
0.51
0.49
0.38
0.44
0.39
0.41
0.52
0.50
0.49
0.53
0.46
0.46
0.48
0.47
0.38
0.41
0.39
0.46
0.39
0.40
0.36
0.35
0.51
0.50
0.53
0.51
CorWatt	PkgWatt
17.12	129.59
0.55	129.59
0.42
0.48
0.45
3.28
0.49
0.51
0.49
0.37
0.42
0.37
0.37
0.52
0.50
0.48
0.52
0.44
0.45
0.44
0.45
0.39
0.41
0.38
0.44
0.38
0.39
0.36
0.35
0.50
0.49
0.50
0.50
CorWatt	PkgWatt
17.38	129.95
0.56	129.95
0.43
0.47
0.45
3.28
0.50
0.53
0.52
0.37
0.42
0.38
0.37
0.53
0.52
0.48
0.53
0.45
0.46
0.46
0.46
0.39
0.43
0.42
0.46
0.38
0.39
0.37
0.35
0.51
0.50
0.50
0.50
CorWatt	PkgWatt
17.39	129.77
0.57	129.78
0.45
0.50
0.51
3.27
0.49
0.51
0.50
0.38
0.42
0.36
0.37
0.54
0.52
0.50
0.53
0.45
0.45
0.44
0.49
0.39
0.41
0.39
0.44
0.38
0.41
0.36
0.35
0.50
0.50
0.50
0.50
CorWatt	PkgWatt
17.46	129.80
0.57	129.80
0.44
0.45
0.50
3.25
0.50
0.52
0.50
0.38
0.43
0.43
0.37
0.53
0.51
0.49
0.51
0.47
0.48
0.47
0.49
0.39
0.42
0.39
0.46
0.38
0.40
0.37
0.35
0.51
0.50
0.50
0.51
CorWatt	PkgWatt
17.34	129.73
0.56	129.74
0.45
0.46
0.50
3.27
0.50
0.51
0.49
0.36
0.42
0.37
0.37
0.54
0.50
0.48
0.50
0.45
0.45
0.46
0.46
0.39
0.40
0.38
0.45
0.40
0.39
0.38
0.37
0.51
0.55
0.51
0.51
CorWatt	PkgWatt
17.23	129.82
0.56	129.82
0.43
0.47
0.46
3.26
0.50
0.51
0.49
0.38
0.42
0.37
0.36
0.53
0.50
0.48
0.50
0.45
0.48
0.46
0.47
0.38
0.40
0.38
0.44
0.39
0.41
0.37
0.36
0.50
0.50
0.50
0.51
CorWatt	PkgWatt
17.24	129.67
0.56	129.67
0.43
0.47
0.50
3.17
0.49
0.51
0.50
0.39
0.42
0.36
0.37
0.53
0.50
0.50
0.50
0.47
0.46
0.46
0.45
0.39
0.41
0.40
0.45
0.38
0.40
0.35
0.37
0.50
0.50
0.52
0.51
CorWatt	PkgWatt
18.31	129.72
0.84	129.73
0.53
0.57
0.55
0.91
0.94
0.74
0.71
0.46
0.49
0.44
0.46
0.61
0.58
0.89
0.58
0.52
0.52
0.51
0.54
0.46
0.48
0.45
0.51
0.45
0.47
0.42
0.42
0.57
0.56
0.56
0.57
CorWatt	PkgWatt
16.73	128.51
0.59	128.49
0.46
0.49
0.48
1.01
1.44
0.83
0.83
0.37
0.42
0.38
0.38
0.54
0.52
0.49
0.51
0.47
0.46
0.45
0.46
0.39
0.41
0.39
0.44
0.40
0.41
0.35
0.35
0.51
0.51
0.50
0.51
CorWatt	PkgWatt
16.79	128.40
0.58	128.40
0.46
0.50
0.46
0.89
1.55
0.83
0.83
0.39
0.42
0.36
0.37
0.54
0.52
0.49
0.50
0.46
0.46
0.48
0.51
0.38
0.41
0.39
0.44
0.40
0.42
0.36
0.35
0.51
0.51
0.50
0.51
CorWatt	PkgWatt
16.54	128.25
0.58	128.25
0.43
0.49
0.45
0.96
1.48
0.83
0.83
0.37
0.42
0.36
0.38
0.53
0.51
0.49
0.51
0.44
0.45
0.44
0.46
0.39
0.40
0.38
0.46
0.39
0.40
0.35
0.35
0.50
0.53
0.50
0.50
CorWatt	PkgWatt
16.75	128.60
0.59	128.60
0.45
0.49
0.46
1.25
1.17
0.84
0.83
0.38
0.42
0.37
0.38
0.53
0.52
0.51
0.50
0.47
0.47
0.46
0.46
0.38
0.41
0.39
0.44
0.41
0.40
0.38
0.37
0.51
0.50
0.50
0.51
CorWatt	PkgWatt
16.87	128.48
0.59	128.48
0.46
0.50
0.45
0.87
1.54
0.84
0.84
0.39
0.43
0.38
0.40
0.53
0.52
0.50
0.52
0.44
0.45
0.47
0.46
0.39
0.41
0.39
0.45
0.40
0.43
0.38
0.37
0.55
0.52
0.51
0.50
CorWatt	PkgWatt
18.05	129.46
0.60	129.46
0.45
0.49
0.48
1.06
2.14
1.04
1.02
0.37
0.42
0.41
0.38
0.51
0.52
0.48
0.51
0.46
0.48
0.47
0.47
0.41
0.42
0.40
0.47
0.39
0.43
0.37
0.35
0.51
0.51
0.50
0.52
CorWatt	PkgWatt
19.69	130.98
0.59	130.98
0.43
0.50
0.45
1.33
3.14
1.34
1.33
0.37
0.43
0.37
0.37
0.51
0.52
0.50
0.52
0.48
0.47
0.46
0.47
0.40
0.41
0.39
0.45
0.38
0.40
0.35
0.35
0.50
0.50
0.50
0.49
CorWatt	PkgWatt
20.01	131.36
0.59	131.37
0.45
0.51
0.47
1.51
2.96
1.34
1.33
0.40
0.44
0.39
0.39
0.53
0.54
0.51
0.54
0.47
0.47
0.46
0.47
0.39
0.42
0.39
0.45
0.38
0.40
0.36
0.35
0.53
0.51
0.53
0.52
CorWatt	PkgWatt
19.79	131.17
0.58	131.16
0.45
0.50
0.46
1.34
3.12
1.34
1.33
0.39
0.46
0.39
0.39
0.51
0.53
0.49
0.52
0.46
0.46
0.45
0.46
0.39
0.41
0.39
0.45
0.38
0.40
0.35
0.35
0.51
0.52
0.50
0.50
CorWatt	PkgWatt
19.85	131.15
0.60	131.15
0.46
0.53
0.46
1.39
3.08
1.34
1.33
0.37
0.43
0.36
0.38
0.51
0.53
0.49
0.51
0.48
0.47
0.45
0.47
0.39
0.41
0.39
0.47
0.39
0.39
0.35
0.35
0.51
0.53
0.51
0.52
CorWatt	PkgWatt
19.68	131.03
0.58	131.03
0.45
0.50
0.45
1.34
3.13
1.34
1.33
0.37
0.42
0.37
0.37
0.51
0.53
0.48
0.52
0.46
0.47
0.45
0.47
0.39
0.41
0.39
0.45
0.39
0.39
0.35
0.35
0.50
0.50
0.50
0.51
CorWatt	PkgWatt
20.09	131.55
0.60	131.56
0.44
0.51
0.49
3.11
1.35
1.34
1.33
0.41
0.44
0.40
0.40
0.52
0.56
0.52
0.54
0.47
0.47
0.47
0.48
0.39
0.42
0.40
0.46
0.38
0.39
0.35
0.38
0.53
0.51
0.50
0.51
CorWatt	PkgWatt
19.70	131.14
0.60	131.13
0.44
0.50
0.50
1.34
3.12
1.34
1.33
0.37
0.42
0.37
0.37
0.50
0.53
0.48
0.52
0.45
0.46
0.46
0.46
0.40
0.42
0.38
0.46
0.38
0.39
0.35
0.35
0.50
0.50
0.50
0.50
CorWatt	PkgWatt
19.61	131.04
0.58	131.04
0.43
0.45
0.49
1.34
3.13
1.34
1.33
0.38
0.42
0.36
0.37
0.51
0.52
0.48
0.52
0.46
0.47
0.45
0.46
0.38
0.41
0.39
0.45
0.38
0.40
0.35
0.35
0.50
0.49
0.50
0.51
CorWatt	PkgWatt
19.74	131.21
0.58	131.21
0.43
0.45
0.51
1.33
3.14
1.34
1.33
0.38
0.43
0.36
0.39
0.53
0.51
0.48
0.53
0.45
0.46
0.45
0.48
0.39
0.42
0.40
0.47
0.39
0.40
0.35
0.35
0.51
0.51
0.50
0.51
CorWatt	PkgWatt
20.17	131.66
0.58	131.67
0.45
0.47
0.53
1.83
2.65
1.34
1.33
0.38
0.43
0.43
0.37
0.55
0.52
0.50
0.54
0.46
0.47
0.45
0.48
0.40
0.41
0.39
0.45
0.39
0.44
0.38
0.36
0.55
0.54
0.53
0.57
CorWatt	PkgWatt
19.41	130.97
0.65	130.96
0.53
0.83
0.57
1.00
2.02
1.03
1.01
0.41
0.48
0.42
0.43
0.60
0.57
0.56
0.58
0.48
0.49
0.48
0.50
0.45
0.47
0.45
0.49
0.43
0.45
0.40
0.39
0.54
0.61
0.54
0.54
CorWatt	PkgWatt
16.38	128.15
0.52	128.17
0.44
0.46
0.47
0.56
0.57
0.53
0.54
0.38
0.43
0.38
0.38
0.54
0.52
0.51
0.54
0.48
0.47
0.47
0.48
0.39
0.41
0.40
0.45
0.81
0.87
0.57
0.58
0.52
0.72
0.51
0.51
CorWatt	PkgWatt
16.03	127.82
0.50	127.82
0.45
0.46
0.44
0.54
0.55
0.49
0.56
0.37
0.42
0.39
0.37
0.52
0.50
0.51
0.53
0.46
0.46
0.44
0.45
0.39
0.41
0.39
0.44
0.62
1.02
0.60
0.61
0.52
0.63
0.50
0.49
CorWatt	PkgWatt
16.32	128.11
0.51	128.11
0.43
0.47
0.45
0.53
0.55
0.52
0.54
0.37
0.42
0.37
0.39
0.53
0.52
0.50
0.53
0.45
0.47
0.45
0.50
0.40
0.43
0.41
0.47
0.66
1.01
0.62
0.62
0.52
0.64
0.52
0.52
CorWatt	PkgWatt
16.16	127.91
0.49	127.90
0.44
0.44
0.45
0.55
0.55
0.49
0.53
0.37
0.43
0.37
0.39
0.53
0.51
0.49
0.53
0.47
0.47
0.45
0.48
0.40
0.42
0.39
0.46
0.65
1.00
0.60
0.61
0.52
0.65
0.51
0.51
CorWatt	PkgWatt
16.16	128.00
0.51	128.01
0.44
0.47
0.44
0.56
0.54
0.49
0.47
0.38
0.44
0.38
0.44
0.52
0.50
0.49
0.53
0.45
0.46
0.45
0.45
0.38
0.41
0.39
0.45
1.10
0.64
0.59
0.61
0.51
0.63
0.52
0.51
CorWatt	PkgWatt
18.44	132.93
0.52	132.93
0.42
0.44
0.43
0.57
0.48
0.48
0.48
0.38
0.43
0.37
0.39
0.52
0.50
0.49
0.53
0.45
0.45
0.44
0.45
0.38
0.40
0.39
0.44
4.31
0.42
0.36
0.38
0.51
0.62
0.50
0.50
CorWatt	PkgWatt
18.90	133.45
0.52	133.45
0.43
0.45
0.45
0.54
0.50
0.52
0.52
0.40
0.43
0.39
0.38
0.54
0.53
0.50
0.57
0.46
0.47
0.45
0.46
0.40
0.44
0.43
0.45
4.32
0.44
0.39
0.39
0.52
0.60
0.51
0.53
CorWatt	PkgWatt
18.63	133.29
0.53	133.29
0.44
0.47
0.45
0.53
0.48
0.49
0.48
0.38
0.43
0.37
0.38
0.54
0.54
0.50
0.54
0.45
0.45
0.44
0.45
0.39
0.42
0.39
0.44
4.33
0.41
0.38
0.39
0.52
0.62
0.50
0.51
CorWatt	PkgWatt
18.74	133.37
0.52	133.38
0.42
0.44
0.45
0.54
0.50
0.50
0.49
0.39
0.43
0.43
0.38
0.54
0.52
0.49
0.51
0.47
0.46
0.46
0.53
0.38
0.40
0.38
0.46
4.32
0.42
0.37
0.38
0.52
0.60
0.51
0.52
CorWatt	PkgWatt
18.65	133.46
0.52	133.46
0.44
0.44
0.44
0.53
0.48
0.48
0.48
0.38
0.43
0.38
0.38
0.53
0.52
0.49
0.51
0.44
0.45
0.44
0.52
0.39
0.41
0.38
0.44
4.32
0.43
0.39
0.40
0.53
0.63
0.52
0.54
CorWatt	PkgWatt
18.82	133.56
0.53	133.56
0.44
0.45
0.44
0.55
0.50
0.49
0.48
0.40
0.43
0.38
0.38
0.53
0.52
0.49
0.51
0.46
0.49
0.47
0.49
0.39
0.42
0.39
0.44
4.32
0.46
0.39
0.41
0.52
0.61
0.52
0.52
CorWatt	PkgWatt
18.62	133.32
0.51	133.32
0.42
0.44
0.44
0.52
0.48
0.48
0.48
0.39
0.43
0.37
0.38
0.53
0.52
0.52
0.51
0.47
0.46
0.45
0.45
0.39
0.40
0.40
0.44
4.33
0.43
0.38
0.40
0.52
0.62
0.53
0.53
CorWatt	PkgWatt
18.57	133.14
0.52	133.14
0.42
0.44
0.43
0.53
0.51
0.50
0.48
0.38
0.43
0.37
0.39
0.53
0.52
0.51
0.51
0.45
0.46
0.45
0.45
0.38
0.40
0.38
0.44
4.31
0.42
0.37
0.39
0.53
0.63
0.51
0.53
CorWatt	PkgWatt
18.71	133.42
0.53	133.42
0.45
0.45
0.45
0.48
0.54
0.49
0.49
0.39
0.43
0.37
0.39
0.53
0.53
0.49
0.52
0.47
0.47
0.45
0.46
0.39
0.41
0.40
0.44
4.32
0.42
0.38
0.40
0.52
0.62
0.52
0.52
CorWatt	PkgWatt
18.84	133.32
0.52	133.32
0.44
0.46
0.45
0.51
0.53
0.49
0.48
0.40
0.43
0.38
0.38
0.54
0.52
0.50
0.52
0.45
0.47
0.48
0.54
0.38
0.41
0.39
0.44
4.32
0.42
0.38
0.39
0.53
0.62
0.51
0.52
CorWatt	PkgWatt
18.56	133.17
0.52	133.17
0.42
0.44
0.43
0.49
0.49
0.55
0.48
0.37
0.42
0.37
0.39
0.52
0.52
0.49
0.50
0.44
0.45
0.45
0.51
0.39
0.41
0.38
0.44
4.32
0.42
0.37
0.39
0.52
0.63
0.51
0.51
CorWatt	PkgWatt
18.63	133.21
0.52	133.21
0.43
0.44
0.43
0.49
0.50
0.53
0.47
0.39
0.42
0.37
0.38
0.54
0.54
0.51
0.51
0.45
0.46
0.45
0.47
0.38
0.41
0.39
0.44
4.33
0.42
0.39
0.40
0.52
0.63
0.51
0.52
CorWatt	PkgWatt
18.67	130.91
0.58	130.93
0.51
0.75
0.52
0.71
0.66
0.66
0.81
0.45
0.48
0.44
0.47
0.61
0.65
0.64
0.63
0.51
0.51
0.51
0.51
0.46
0.49
0.45
0.80
0.89
0.48
0.46
0.48
0.66
0.67
0.60
0.61
CorWatt	PkgWatt
16.46	128.32
0.52	128.31
0.44
0.57
0.45
1.25
0.77
0.73
0.76
0.40
0.43
0.42
0.39
0.52
0.57
0.56
0.52
0.48
0.50
0.48
0.47
0.41
0.41
0.39
0.41
0.39
0.41
0.39
0.36
0.52
0.51
0.51
0.54
CorWatt	PkgWatt
16.05	128.09
0.50	128.09
0.42
0.56
0.44
1.23
0.76
0.72
0.77
0.37
0.43
0.37
0.39
0.51
0.53
0.56
0.52
0.46
0.48
0.46
0.46
0.39
0.41
0.39
0.38
0.36
0.39
0.42
0.35
0.52
0.51
0.51
0.50
CorWatt	PkgWatt
16.24	128.47
0.49	128.47
0.43
0.58
0.44
1.23
0.74
0.75
0.76
0.39
0.45
0.38
0.39
0.52
0.54
0.59
0.55
0.45
0.46
0.45
0.48
0.39
0.42
0.38
0.38
0.35
0.39
0.42
0.35
0.53
0.52
0.53
0.51
CorWatt	PkgWatt
16.15	128.20
0.49	128.20
0.44
0.58
0.45
1.21
0.72
0.75
0.77
0.39
0.46
0.39
0.40
0.52
0.53
0.57
0.53
0.46
0.46
0.45
0.46
0.39
0.41
0.39
0.39
0.35
0.39
0.42
0.35
0.52
0.53
0.50
0.50
CorWatt	PkgWatt
16.46	128.38
0.52	128.38
0.45
0.57
0.44
0.93
0.72
0.74
1.32
0.39
0.43
0.37
0.39
0.54
0.53
0.58
0.55
0.45
0.46
0.45
0.46
0.38
0.42
0.39
0.38
0.36
0.39
0.41
0.36
0.52
0.55
0.50
0.52
CorWatt	PkgWatt
17.91	130.03
0.52	130.03
0.45
0.58
0.45
3.18
0.63
0.65
0.68
0.38
0.43
0.37
0.40
0.52
0.53
0.58
0.52
0.48
0.46
0.45
0.46
0.40
0.41
0.40
0.39
0.36
0.39
0.41
0.36
0.53
0.51
0.51
0.50
CorWatt	PkgWatt
17.88	130.21
0.54	130.21
0.43
0.58
0.47
3.16
0.64
0.64
0.65
0.40
0.43
0.41
0.39
0.53
0.56
0.58
0.53
0.45
0.46
0.46
0.45
0.38
0.40
0.38
0.38
0.35
0.39
0.41
0.37
0.52
0.51
0.50
0.52
CorWatt	PkgWatt
17.69	130.00
0.54	129.98
0.44
0.58
0.47
2.21
0.62
0.67
1.61
0.37
0.42
0.36
0.38
0.51
0.52
0.56
0.52
0.44
0.46
0.46
0.46
0.40
0.41
0.38
0.39
0.35
0.38
0.40
0.35
0.51
0.51
0.50
0.51
CorWatt	PkgWatt
17.82	130.08
0.53	130.09
0.44
0.56
0.45
0.67
0.63
0.66
3.15
0.39
0.43
0.37
0.39
0.51
0.52
0.57
0.54
0.46
0.47
0.45
0.49
0.39
0.42
0.40
0.39
0.35
0.39
0.42
0.35
0.52
0.51
0.50
0.51
CorWatt	PkgWatt
17.69	129.90
0.83	129.91
0.44
0.58
0.47
2.88
0.60
0.64
0.65
0.38
0.42
0.36
0.39
0.55
0.52
0.56
0.51
0.44
0.45
0.45
0.46
0.39
0.41
0.40
0.39
0.35
0.38
0.40
0.35
0.52
0.52
0.50
0.50
CorWatt	PkgWatt
17.95	130.24
3.08	130.25
0.62
0.68
0.62
0.53
0.57
0.54
0.53
0.38
0.42
0.42
0.38
0.52
0.52
0.56
0.50
0.45
0.46
0.44
0.46
0.39
0.41
0.39
0.38
0.35
0.41
0.42
0.35
0.54
0.54
0.53
0.57
CorWatt	PkgWatt
17.58	129.84
3.09	129.83
0.61
0.69
0.58
0.53
0.55
0.49
0.52
0.38
0.42
0.37
0.37
0.52
0.52
0.55
0.50
0.44
0.45
0.44
0.45
0.39
0.43
0.40
0.38
0.36
0.38
0.41
0.35
0.51
0.51
0.50
0.50
CorWatt	PkgWatt
17.83	130.06
1.70	130.05
2.03
0.67
0.60
0.53
0.56
0.49
0.52
0.39
0.44
0.38
0.38
0.53
0.53
0.55
0.51
0.48
0.47
0.47
0.49
0.39
0.42
0.39
0.39
0.35
0.39
0.40
0.35
0.51
0.51
0.50
0.52
CorWatt	PkgWatt
17.65	130.06
1.01	130.06
2.74
0.64
0.63
0.52
0.52
0.54
0.54
0.38
0.43
0.39
0.38
0.52
0.52
0.55
0.50
0.45
0.46
0.44
0.46
0.39
0.41
0.38
0.38
0.35
0.38
0.40
0.35
0.51
0.50
0.50
0.50
CorWatt	PkgWatt
17.76	130.04
0.65	130.03
3.06
0.59
0.67
0.52
0.49
0.56
0.54
0.38
0.43
0.36
0.39
0.52
0.53
0.55
0.50
0.45
0.46
0.44
0.46
0.40
0.42
0.40
0.40
0.35
0.39
0.42
0.36
0.51
0.53
0.51
0.51
CorWatt	PkgWatt
17.62	129.95
0.64	129.96
3.06
0.58
0.67
0.55
0.49
0.54
0.52
0.37
0.42
0.36
0.38
0.52
0.52
0.55
0.51
0.46
0.46
0.45
0.46
0.39
0.41
0.39
0.38
0.35
0.38
0.41
0.35
0.51
0.52
0.50
0.50
CorWatt	PkgWatt
17.26	129.42
0.61	129.42
2.29
0.58
0.66
0.54
0.52
0.51
0.55
0.40
0.45
0.39
0.42
0.52
0.53
0.58
0.52
0.45
0.47
0.46
0.46
0.40
0.43
0.40
0.40
0.35
0.53
0.42
0.35
0.51
0.51
0.52
0.51
CorWatt	PkgWatt
17.65	129.55
0.77	129.56
0.50
0.49
0.49
1.21
0.76
0.72
0.76
0.41
0.47
0.43
0.42
0.55
0.55
0.59
0.55
0.49
0.51
0.50
0.51
0.50
0.48
0.45
0.44
0.42
0.58
0.42
0.40
0.57
0.56
0.56
0.56
CorWatt	PkgWatt
16.25	128.05
0.58	128.04
0.44
0.45
0.44
1.28
0.77
0.73
0.78
0.39
0.42
0.39
0.37
0.54
0.56
0.57
0.52
0.46
0.47
0.44
0.50
0.46
0.47
0.42
0.38
0.35
0.35
0.36
0.35
0.51
0.51
0.50
0.51
CorWatt	PkgWatt
16.15	127.99
0.59	127.99
0.45
0.46
0.47
1.30
0.76
0.72
0.76
0.38
0.42
0.37
0.38
0.53
0.52
0.58
0.54
0.46
0.45
0.44
0.46
0.44
0.44
0.39
0.39
0.36
0.35
0.36
0.35
0.51
0.51
0.50
0.50
CorWatt	PkgWatt
16.35	128.13
0.59	128.13
0.44
0.45
0.46
1.33
0.78
0.72
0.76
0.37
0.43
0.43
0.39
0.53
0.50
0.56
0.52
0.47
0.46
0.47
0.48
0.44
0.44
0.39
0.40
0.38
0.36
0.36
0.35
0.53
0.54
0.51
0.52
CorWatt	PkgWatt
16.02	128.09
0.57	128.09
0.44
0.44
0.44
1.33
0.76
0.72
0.75
0.38
0.42
0.36
0.37
0.53
0.50
0.55
0.51
0.44
0.45
0.44
0.45
0.44
0.44
0.38
0.38
0.37
0.35
0.37
0.37
0.52
0.51
0.50
0.52
CorWatt	PkgWatt
17.26	129.61
0.57	129.62
0.42
0.45
0.44
0.71
0.59
0.55
2.88
0.37
0.42
0.38
0.37
0.53
0.50
0.55
0.52
0.46
0.48
0.46
0.47
0.43
0.44
0.38
0.38
0.36
0.37
0.38
0.37
0.52
0.51
0.51
0.51
CorWatt	PkgWatt
17.41	129.95
0.57	129.95
0.43
0.44
0.44
0.50
0.53
0.49
3.36
0.39
0.42
0.37
0.38
0.53
0.50
0.57
0.52
0.47
0.46
0.44
0.45
0.45
0.44
0.40
0.38
0.35
0.36
0.35
0.37
0.51
0.50
0.52
0.52
CorWatt	PkgWatt
17.46	130.13
0.57	130.12
0.45
0.45
0.45
0.51
0.55
0.50
3.37
0.39
0.42
0.37
0.38
0.53
0.50
0.55
0.52
0.46
0.46
0.45
0.49
0.43
0.43
0.38
0.38
0.35
0.35
0.36
0.35
0.51
0.51
0.50
0.51
CorWatt	PkgWatt
17.34	129.97
0.58	129.96
0.45
0.45
0.46
0.49
0.56
0.49
3.36
0.37
0.42
0.36
0.37
0.53
0.50
0.55
0.52
0.46
0.46
0.44
0.45
0.44
0.44
0.38
0.38
0.35
0.35
0.35
0.35
0.51
0.50
0.50
0.50
CorWatt	PkgWatt
17.51	130.05
0.59	130.07
0.44
0.46
0.45
0.53
0.52
0.49
3.36
0.38
0.42
0.37
0.37
0.53
0.50
0.56
0.52
0.47
0.46
0.47
0.49
0.44
0.43
0.38
0.38
0.37
0.35
0.35
0.35
0.51
0.55
0.50
0.51
CorWatt	PkgWatt
17.25	129.84
0.58	129.83
0.43
0.45
0.45
0.49
0.51
0.49
3.36
0.37
0.42
0.37
0.37
0.53
0.50
0.55
0.52
0.44
0.45
0.44
0.46
0.45
0.44
0.38
0.38
0.35
0.35
0.35
0.35
0.50
0.51
0.50
0.51
CorWatt	PkgWatt
17.48	130.04
0.59	130.04
0.44
0.45
0.45
0.51
0.51
0.49
3.37
0.38
0.43
0.38
0.37
0.54
0.51
0.56
0.52
0.46
0.47
0.45
0.46
0.43
0.45
0.39
0.38
0.36
0.35
0.37
0.37
0.51
0.51
0.50
0.51
CorWatt	PkgWatt
17.63	130.20
0.59	130.19
0.44
0.45
0.47
0.49
0.51
0.49
3.37
0.39
0.42
0.38
0.41
0.51
0.51
0.56
0.53
0.44
0.46
0.45
0.48
0.43
0.44
0.38
0.38
0.36
0.38
0.39
0.38
0.54
0.53
0.52
0.52
CorWatt	PkgWatt
17.71	130.05
0.55	130.06
0.54
0.45
0.46
0.50
0.51
0.49
3.38
0.38
0.42
0.42
0.38
0.51
0.52
0.58
0.53
0.46
0.49
0.47
0.50
0.45
0.44
0.39
0.39
0.37
0.38
0.37
0.36
0.52
0.51
0.50
0.53
CorWatt	PkgWatt
17.35	129.91
0.53	129.90
0.53
0.44
0.44
0.49
0.51
0.49
3.38
0.37
0.42
0.36
0.37
0.51
0.51
0.56
0.53
0.46
0.48
0.45
0.45
0.44
0.44
0.38
0.39
0.35
0.35
0.36
0.35
0.51
0.51
0.50
0.50
CorWatt	PkgWatt
17.74	130.14
0.53	130.14
0.53
0.46
0.46
0.51
0.51
0.49
3.38
0.41
0.45
0.38
0.39
0.53
0.54
0.59
0.55
0.46
0.47
0.45
0.46
0.44
0.43
0.38
0.39
0.36
0.35
0.36
0.35
0.54
0.56
0.52
0.51
CorWatt	PkgWatt
17.48	129.89
0.55	129.89
0.56
0.46
0.46
0.49
0.51
0.49
3.38
0.39
0.45
0.38
0.39
0.52
0.51
0.55
0.52
0.45
0.46
0.45
0.47
0.44
0.43
0.38
0.40
0.35
0.35
0.35
0.35
0.51
0.51
0.50
0.50
CorWatt	PkgWatt
18.45	130.23
0.59	130.25
0.64
0.57
0.56
0.59
0.60
0.56
1.28
0.47
0.49
0.48
0.47
0.57
0.58
0.63
0.59
0.50
0.51
0.49
0.51
0.50
0.51
0.46
0.47
0.42
0.41
0.61
0.74
0.65
0.61
0.60
0.80
CorWatt	PkgWatt
16.88	128.58
0.49	128.57
0.49
0.46
0.45
0.48
0.50
0.50
0.50
0.38
0.43
0.37
0.38
0.52
0.53
0.56
0.54
0.45
0.46
0.44
0.48
0.45
0.44
0.38
0.39
0.37
0.35
0.49
0.35
1.61
0.89
0.86
0.90
CorWatt	PkgWatt
17.78	129.34
0.54	129.35
0.52
0.51
0.53
0.50
0.51
0.50
0.50
0.42
0.47
0.45
0.45
0.55
0.57
0.62
0.55
0.50
0.51
0.51
0.52
0.45
0.45
0.39
0.39
0.37
0.38
0.49
0.39
1.47
0.87
0.86
1.05
CorWatt	PkgWatt
16.75	128.61
0.51	128.61
0.48
0.44
0.47
0.48
0.48
0.48
0.48
0.38
0.42
0.37
0.38
0.51
0.52
0.56
0.53
0.45
0.45
0.46
0.46
0.44
0.44
0.38
0.40
0.36
0.35
0.47
0.36
1.60
0.86
0.85
0.90
CorWatt	PkgWatt
16.82	128.51
0.49	128.51
0.45
0.49
0.46
0.49
0.48
0.48
0.47
0.39
0.43
0.37
0.39
0.53
0.52
0.57
0.55
0.46
0.46
0.44
0.45
0.43
0.44
0.41
0.40
0.35
0.35
0.47
0.35
1.16
0.88
0.86
1.33
CorWatt	PkgWatt
16.68	128.47
0.49	128.47
0.45
0.50
0.45
0.48
0.48
0.49
0.48
0.37
0.43
0.36
0.38
0.53
0.52
0.57
0.51
0.44
0.45
0.44
0.45
0.43
0.44
0.40
0.38
0.37
0.35
0.47
0.35
0.89
0.87
0.86
1.57
CorWatt	PkgWatt
17.56	129.17
0.52	129.18
0.46
0.52
0.48
0.49
0.51
0.51
0.47
0.39
0.43
0.43
0.41
0.53
0.53
0.57
0.52
0.46
0.46
0.45
0.46
0.45
0.44
0.39
0.38
0.38
0.39
0.49
0.36
1.69
0.95
0.94
1.09
CorWatt	PkgWatt
20.08	131.49
0.50	131.48
0.45
0.50
0.45
0.49
0.48
0.48
0.47
0.39
0.45
0.38
0.39
0.53
0.54
0.56
0.52
0.44
0.45
0.44
0.48
0.44
0.45
0.41
0.38
0.37
0.37
0.49
0.36
3.28
1.38
1.38
1.37
CorWatt	PkgWatt
20.12	131.51
0.51	131.51
0.43
0.50
0.46
0.49
0.49
0.49
0.47
0.40
0.44
0.39
0.40
0.54
0.54
0.57
0.52
0.47
0.46
0.45
0.47
0.44
0.44
0.39
0.38
0.37
0.37
0.49
0.36
3.27
1.38
1.38
1.38
CorWatt	PkgWatt
19.98	131.45
0.52	131.45
0.45
0.50
0.45
0.48
0.48
0.49
0.50
0.38
0.43
0.40
0.39
0.52
0.53
0.56
0.52
0.47
0.46
0.44
0.45
0.44
0.44
0.38
0.38
0.37
0.36
0.48
0.36
2.30
1.37
1.38
2.31
CorWatt	PkgWatt
20.26	131.56
0.53	131.56
0.43
0.51
0.46
0.49
0.49
0.52
0.49
0.40
0.44
0.38
0.42
0.53
0.53
0.58
0.52
0.46
0.47
0.45
0.46
0.46
0.45
0.40
0.41
0.37
0.38
0.50
0.38
2.54
1.37
1.37
2.09
CorWatt	PkgWatt
19.82	131.15
0.51	131.14
0.43
0.48
0.44
0.48
0.48
0.48
0.48
0.38
0.42
0.37
0.40
0.53
0.53
0.55
0.50
0.45
0.46
0.44
0.46
0.44
0.44
0.38
0.38
0.36
0.36
0.47
0.35
1.38
1.37
1.37
3.23
CorWatt	PkgWatt
20.16	131.39
0.52	131.40
0.44
0.51
0.45
0.49
0.48
0.49
0.47
0.41
0.48
0.38
0.42
0.57
0.54
0.56
0.51
0.46
0.46
0.45
0.47
0.44
0.44
0.38
0.38
0.37
0.37
0.51
0.36
2.84
1.38
1.38
1.78
CorWatt	PkgWatt
19.83	131.29
0.51	131.29
0.43
0.48
0.44
0.48
0.48
0.49
0.48
0.38
0.43
0.37
0.39
0.52
0.53
0.56
0.52
0.45
0.45
0.44
0.45
0.44
0.44
0.39
0.38
0.36
0.36
0.47
0.35
1.39
1.37
1.37
3.22
CorWatt	PkgWatt
20.12	131.22
0.51	131.23
0.44
0.49
0.45
0.49
0.49
0.50
0.50
0.39
0.43
0.39
0.38
0.53
0.57
0.58
0.54
0.46
0.47
0.45
0.46
0.45
0.46
0.41
0.38
0.36
0.37
0.48
0.37
1.38
2.77
1.37
1.80
CorWatt	PkgWatt
20.01	131.35
0.52	131.35
0.44
0.50
0.46
0.48
0.48
0.49
0.49
0.38
0.43
0.37
0.39
0.54
0.52
0.58
0.55
0.45
0.45
0.45
0.47
0.45
0.44
0.39
0.38
0.37
0.36
0.48
0.36
1.38
1.37
1.36
3.22
CorWatt	PkgWatt
20.05	131.53
0.52	131.53
0.43
0.49
0.45
0.49
0.48
0.48
0.48
0.38
0.43
0.44
0.38
0.54
0.51
0.56
0.54
0.46
0.48
0.46
0.48
0.43
0.45
0.39
0.40
0.38
0.36
0.48
0.37
1.38
3.00
1.37
1.59
CorWatt	PkgWatt
18.94	130.49
0.51	130.49
0.43
0.49
0.45
0.48
0.48
0.48
0.48
0.38
0.43
0.37
0.38
0.55
0.50
0.57
0.53
0.44
0.45
0.44
0.51
0.43
0.40
0.39
0.39
0.36
0.36
0.47
0.39
1.23
2.75
1.20
1.23
CorWatt	PkgWatt
20.04	134.15
0.76	134.17
0.51
0.56
0.49
0.58
3.30
0.61
0.59
0.76
0.49
0.42
0.43
0.60
0.57
0.62
0.63
0.52
0.55
0.53
0.56
0.45
0.46
0.44
0.44
0.45
0.43
0.49
0.44
0.59
0.57
0.57
0.62
CorWatt	PkgWatt
20.31	137.63
0.58	137.62
0.43
0.49
0.45
0.50
6.02
0.53
0.50
0.40
0.43
0.37
0.38
0.54
0.50
0.57
0.58
0.47
0.46
0.45
0.49
0.39
0.41
0.40
0.39
0.38
0.37
0.35
0.37
0.52
0.53
0.52
0.57
CorWatt	PkgWatt
20.23	137.68
0.59	137.68
0.45
0.49
0.47
0.51
6.01
0.54
0.50
0.38
0.43
0.36
0.38
0.55
0.50
0.56
0.56
0.46
0.46
0.45
0.49
0.38
0.41
0.39
0.38
0.37
0.35
0.35
0.36
0.52
0.51
0.51
0.55
CorWatt	PkgWatt
20.06	137.45
0.57	137.44
0.46
0.48
0.46
0.50
6.02
0.53
0.49
0.37
0.43
0.37
0.38
0.53
0.50
0.56
0.55
0.47
0.47
0.45
0.50
0.39
0.41
0.38
0.38
0.36
0.35
0.35
0.35
0.51
0.50
0.51
0.51
CorWatt	PkgWatt
20.64	137.93
0.58	137.93
0.48
0.52
0.47
0.54
6.02
0.54
0.51
0.39
0.44
0.38
0.39
0.54
0.51
0.56
0.53
0.53
0.48
0.47
0.56
0.40
0.42
0.40
0.40
0.38
0.36
0.37
0.36
0.53
0.54
0.53
0.51
CorWatt	PkgWatt
20.17	137.73
0.58	137.72
0.46
0.50
0.46
0.50
6.02
0.53
0.50
0.37
0.43
0.36
0.38
0.53
0.51
0.56
0.52
0.49
0.46
0.45
0.52
0.39
0.41
0.39
0.38
0.36
0.35
0.37
0.36
0.51
0.52
0.51
0.49
CorWatt	PkgWatt
20.20	137.56
0.58	137.56
0.48
0.45
0.46
0.52
6.01
0.53
0.49
0.39
0.43
0.37
0.38
0.56
0.51
0.56
0.53
0.50
0.47
0.45
0.50
0.38
0.41
0.39
0.38
0.35
0.35
0.37
0.36
0.52
0.52
0.51
0.50
CorWatt	PkgWatt
20.39	137.80
0.60	137.80
0.51
0.46
0.47
0.50
6.01
0.54
0.51
0.38
0.44
0.38
0.40
0.51
0.52
0.57
0.54
0.49
0.45
0.45
0.49
0.40
0.41
0.39
0.39
0.36
0.37
0.39
0.36
0.53
0.52
0.52
0.51
CorWatt	PkgWatt
20.51	138.06
0.59	138.06
0.48
0.46
0.46
0.51
6.02
0.53
0.50
0.39
0.44
0.43
0.40
0.51
0.52
0.56
0.53
0.52
0.48
0.48
0.51
0.41
0.43
0.41
0.40
0.36
0.38
0.37
0.35
0.53
0.51
0.51
0.52
CorWatt	PkgWatt
20.13	137.64
0.57	137.63
0.48
0.45
0.45
0.50
6.01
0.53
0.50
0.38
0.42
0.37
0.38
0.51
0.52
0.55
0.54
0.52
0.48
0.46
0.53
0.39
0.41
0.39
0.38
0.35
0.35
0.35
0.35
0.51
0.50
0.50
0.49
CorWatt	PkgWatt
20.30	137.72
0.58	137.72
0.47
0.47
0.45
0.51
6.01
0.53
0.49
0.40
0.44
0.38
0.40
0.53
0.54
0.58
0.56
0.50
0.46
0.45
0.52
0.38
0.41
0.38
0.38
0.35
0.35
0.35
0.35
0.54
0.53
0.52
0.50
CorWatt	PkgWatt
20.23	137.82
0.58	137.82
0.50
0.47
0.46
0.50
6.02
0.53
0.50
0.40
0.45
0.39
0.40
0.52
0.51
0.56
0.54
0.50
0.46
0.45
0.49
0.39
0.41
0.39
0.38
0.36
0.35
0.35
0.35
0.51
0.52
0.51
0.49
CorWatt	PkgWatt
20.42	138.11
0.59	138.11
0.52
0.48
0.46
0.53
6.02
0.54
0.51
0.39
0.43
0.37
0.39
0.53
0.52
0.59
0.53
0.51
0.47
0.46
0.49
0.39
0.41
0.39
0.39
0.35
0.35
0.38
0.36
0.52
0.50
0.51
0.50
CorWatt	PkgWatt
20.22	137.83
0.58	137.83
0.49
0.47
0.47
0.50
6.02
0.53
0.51
0.38
0.42
0.37
0.38
0.52
0.53
0.57
0.53
0.52
0.48
0.46
0.50
0.39
0.41
0.39
0.38
0.35
0.35
0.36
0.35
0.51
0.50
0.51
0.49
CorWatt	PkgWatt
20.97	138.17
0.59	138.18
0.52
0.51
0.47
0.53
6.01
0.53
0.49
0.44
0.43
0.41
0.42
0.57
0.58
0.60
0.54
0.51
0.49
0.49
0.50
0.41
0.50
0.41
0.41
0.37
0.37
0.39
0.39
0.53
0.51
0.50
0.53
CorWatt	PkgWatt
20.21	137.83
0.59	137.82
0.48
0.47
0.47
0.50
6.02
0.53
0.50
0.39
0.42
0.37
0.38
0.51
0.51
0.56
0.52
0.44
0.46
0.47
0.50
0.40
0.44
0.43
0.42
0.35
0.35
0.36
0.35
0.51
0.50
0.50
0.49
CorWatt	PkgWatt
20.44	138.09
0.58	138.10
0.48
0.46
0.46
0.51
6.01
0.53
0.50
0.41
0.43
0.38
0.40
0.52
0.55
0.56
0.53
0.46
0.47
0.46
0.51
0.41
0.46
0.45
0.41
0.36
0.36
0.36
0.35
0.52
0.54
0.51
0.50
CorWatt	PkgWatt
19.32	133.46
0.65	133.47
0.71
0.54
0.51
0.55
2.81
0.59
0.55
0.44
0.48
0.44
0.46
0.56
0.55
0.62
0.60
0.51
0.51
0.50
0.52
0.47
0.52
0.52
0.46
0.74
0.41
0.43
0.42
0.57
0.56
0.56
0.56
CorWatt	PkgWatt
18.25	130.80
0.61	130.80
0.57
0.55
0.50
0.54
2.00
1.84
0.53
0.42
0.44
0.44
0.40
0.55
0.52
0.52
0.55
0.47
0.47
0.46
0.46
0.40
0.45
0.45
0.39
0.37
0.40
0.39
0.36
0.55
0.55
0.54
0.56
CorWatt	PkgWatt
17.67	130.47
0.58	130.46
0.57
0.52
0.46
0.51
0.60
3.19
0.52
0.39
0.43
0.38
0.38
0.52
0.52
0.51
0.54
0.46
0.48
0.45
0.46
0.40
0.46
0.48
0.39
0.37
0.36
0.36
0.35
0.51
0.50
0.51
0.50
CorWatt	PkgWatt
17.66	130.35
0.56	130.35
0.57
0.49
0.47
0.52
0.60
3.17
0.51
0.40
0.43
0.38
0.39
0.52
0.51
0.50
0.52
0.49
0.49
0.48
0.48
0.40
0.45
0.46
0.39
0.37
0.36
0.37
0.35
0.52
0.50
0.52
0.50
CorWatt	PkgWatt
17.54	130.50
0.56	130.49
0.57
0.51
0.49
0.52
0.59
3.17
0.53
0.38
0.44
0.39
0.38
0.51
0.51
0.50
0.52
0.46
0.48
0.45
0.48
0.40
0.45
0.44
0.39
0.35
0.35
0.37
0.35
0.51
0.50
0.51
0.49
CorWatt	PkgWatt
17.69	130.54
0.59	130.55
0.55
0.52
0.47
0.52
0.59
3.17
0.52
0.39
0.43
0.37
0.39
0.51
0.50
0.50
0.51
0.46
0.49
0.45
0.48
0.41
0.46
0.45
0.40
0.36
0.36
0.38
0.36
0.52
0.56
0.51
0.50
CorWatt	PkgWatt
17.39	130.27
0.57	130.26
0.58
0.47
0.45
0.51
0.57
3.19
0.52
0.38
0.43
0.37
0.40
0.51
0.50
0.49
0.51
0.45
0.49
0.45
0.46
0.40
0.44
0.44
0.38
0.35
0.35
0.36
0.35
0.51
0.50
0.52
0.49
CorWatt	PkgWatt
17.59	130.44
0.56	130.44
0.58
0.46
0.46
0.52
0.59
3.16
0.51
0.41
0.45
0.37
0.42
0.51
0.51
0.53
0.53
0.45
0.49
0.46
0.46
0.39
0.45
0.44
0.39
0.35
0.35
0.37
0.36
0.52
0.50
0.52
0.50
CorWatt	PkgWatt
17.54	130.36
0.56	130.35
0.58
0.45
0.45
0.52
0.59
3.17
0.53
0.38
0.43
0.38
0.40
0.51
0.51
0.50
0.52
0.46
0.49
0.46
0.46
0.41
0.46
0.45
0.39
0.36
0.36
0.36
0.36
0.52
0.51
0.51
0.50
CorWatt	PkgWatt
17.53	130.38
0.56	130.40
0.57
0.46
0.45
0.52
0.60
3.17
0.52
0.39
0.44
0.38
0.38
0.52
0.53
0.50
0.54
0.46
0.51
0.45
0.46
0.40
0.46
0.46
0.38
0.35
0.35
0.35
0.35
0.51
0.50
0.51
0.50
CorWatt	PkgWatt
17.46	130.13
0.57	130.12
0.58
0.48
0.46
0.51
3.20
0.53
0.52
0.38
0.43
0.36
0.39
0.52
0.52
0.52
0.53
0.46
0.46
0.45
0.48
0.39
0.43
0.46
0.38
0.37
0.35
0.36
0.35
0.51
0.50
0.51
0.49
CorWatt	PkgWatt
17.66	130.24
0.57	130.24
0.57
0.46
0.46
0.53
3.19
0.54
0.52
0.39
0.43
0.42
0.38
0.52
0.50
0.49
0.51
0.48
0.48
0.46
0.48
0.39
0.45
0.45
0.41
0.37
0.36
0.38
0.38
0.54
0.53
0.52
0.52
CorWatt	PkgWatt
17.20	130.01
0.56	130.00
0.57
0.46
0.45
0.51
3.19
0.51
0.51
0.38
0.43
0.37
0.38
0.51
0.50
0.49
0.51
0.44
0.45
0.45
0.46
0.40
0.43
0.44
0.38
0.35
0.35
0.35
0.35
0.51
0.50
0.51
0.49
CorWatt	PkgWatt
17.33	130.04
0.57	130.04
0.50
0.57
0.44
0.52
3.18
0.51
0.50
0.37
0.43
0.36
0.38
0.51
0.50
0.49
0.50
0.45
0.47
0.47
0.47
0.39
0.44
0.46
0.38
0.35
0.35
0.35
0.37
0.51
0.50
0.51
0.50
CorWatt	PkgWatt
17.42	130.06
0.57	130.06
0.49
0.57
0.44
0.51
3.20
0.51
0.51
0.40
0.43
0.36
0.38
0.53
0.50
0.50
0.51
0.46
0.46
0.44
0.46
0.39
0.43
0.48
0.39
0.37
0.36
0.37
0.35
0.51
0.50
0.52
0.51
CorWatt	PkgWatt
17.44	129.94
0.57	129.94
0.49
0.59
0.47
0.52
3.19
0.52
0.51
0.39
0.44
0.37
0.39
0.52
0.50
0.49
0.52
0.46
0.46
0.45
0.47
0.39
0.43
0.45
0.39
0.36
0.37
0.37
0.35
0.52
0.50
0.51
0.50
CorWatt	PkgWatt
17.24	129.86
0.56	129.86
0.44
0.58
0.49
0.51
3.18
0.51
0.51
0.37
0.43
0.36
0.38
0.51
0.50
0.48
0.51
0.45
0.45
0.45
0.46
0.39
0.44
0.46
0.38
0.36
0.35
0.36
0.35
0.52
0.51
0.50
0.49
CorWatt	PkgWatt
17.29	129.90
0.57	129.90
0.44
0.57
0.49
0.54
3.16
0.51
0.51
0.39
0.42
0.37
0.38
0.51
0.50
0.48
0.51
0.45
0.46
0.46
0.48
0.38
0.43
0.45
0.38
0.36
0.35
0.35
0.35
0.51
0.52
0.50
0.50
CorWatt	PkgWatt
18.30	130.09
0.64	130.11
0.51
0.58
0.57
0.56
0.65
0.54
0.55
0.44
0.52
0.46
0.45
0.58
0.58
0.58
0.60
0.53
0.52
0.50
0.51
0.46
0.52
0.53
0.48
0.55
0.88
0.60
0.55
0.58
0.57
0.57
1.12
CorWatt	PkgWatt
16.49	128.43
0.54	128.41
0.44
0.45
0.49
0.51
0.57
0.49
0.49
0.39
0.44
0.37
0.38
0.51
0.50
0.49
0.52
0.47
0.46
0.45
0.46
0.38
0.44
0.48
0.40
0.67
0.75
1.13
0.63
0.53
0.52
0.52
0.62
CorWatt	PkgWatt
16.79	128.56
0.57	128.57
0.46
0.45
0.52
0.55
0.55
0.50
0.49
0.43
0.44
0.38
0.41
0.51
0.50
0.50
0.51
0.45
0.47
0.44
0.49
0.41
0.44
0.44
0.42
1.25
0.66
0.65
0.63
0.54
0.56
0.53
0.65
CorWatt	PkgWatt
16.43	128.22
0.55	128.21
0.44
0.45
0.49
0.50
0.56
0.50
0.48
0.37
0.43
0.41
0.37
0.51
0.50
0.48
0.51
0.46
0.48
0.46
0.45
0.39
0.44
0.44
0.41
0.75
0.65
1.16
0.62
0.52
0.52
0.51
0.63
CorWatt	PkgWatt
16.67	128.43
0.64	128.45
0.47
0.44
0.48
0.51
0.55
0.50
0.49
0.43
0.44
0.37
0.38
0.51
0.50
0.51
0.51
0.48
0.49
0.45
0.46
0.39
0.44
0.45
0.41
0.66
0.64
1.27
0.62
0.52
0.53
0.51
0.63
CorWatt	PkgWatt
17.51	129.18
0.60	129.19
0.47
0.50
0.50
0.50
0.55
0.51
0.51
0.43
0.46
0.40
0.39
0.53
0.53
0.52
0.53
0.47
0.47
0.45
0.47
0.39
0.45
0.45
0.41
0.71
0.72
1.60
0.71
0.54
0.54
0.53
0.66
CorWatt	PkgWatt
19.51	130.94
0.56	130.91
0.45
0.46
0.50
0.48
0.54
0.48
0.48
0.39
0.47
0.39
0.41
0.51
0.50
0.49
0.52
0.46
0.47
0.44
0.46
0.39
0.44
0.43
0.40
1.04
1.05
3.10
1.03
0.52
0.52
0.51
0.62
CorWatt	PkgWatt
19.67	131.23
0.60	131.23
0.45
0.46
0.46
0.51
0.54
0.49
0.50
0.40
0.45
0.37
0.39
0.52
0.51
0.50
0.51
0.46
0.47
0.44
0.47
0.38
0.44
0.44
0.40
1.23
1.09
2.94
1.08
0.52
0.52
0.51
0.63
CorWatt	PkgWatt
19.73	131.05
0.58	131.05
0.48
0.46
0.46
0.48
0.53
0.52
0.51
0.37
0.44
0.39
0.38
0.52
0.55
0.51
0.54
0.46
0.47
0.44
0.45
0.38
0.44
0.44
0.40
2.04
1.09
2.13
1.09
0.52
0.54
0.51
0.60
CorWatt	PkgWatt
19.77	131.30
0.57	131.31
0.47
0.46
0.49
0.49
0.54
0.51
0.48
0.40
0.45
0.42
0.41
0.53
0.54
0.52
0.53
0.46
0.49
0.46
0.46
0.38
0.43
0.43
0.41
1.37
1.06
2.77
1.05
0.53
0.53
0.52
0.63
CorWatt	PkgWatt
19.83	131.21
0.59	131.21
0.50
0.45
0.47
0.49
0.53
0.51
0.49
0.39
0.44
0.38
0.39
0.52
0.51
0.50
0.53
0.45
0.48
0.46
0.49
0.41
0.44
0.44
0.44
1.09
1.09
3.08
1.08
0.53
0.55
0.52
0.61
CorWatt	PkgWatt
19.61	131.20
0.56	131.19
0.46
0.44
0.46
0.49
0.48
0.49
0.47
0.41
0.44
0.37
0.40
0.52
0.50
0.49
0.51
0.46
0.47
0.44
0.46
0.39
0.45
0.45
0.42
3.07
1.09
1.11
1.09
0.52
0.55
0.52
0.62
CorWatt	PkgWatt
19.55	131.02
0.56	131.02
0.47
0.44
0.44
0.48
0.48
0.51
0.49
0.40
0.44
0.37
0.38
0.52
0.50
0.49
0.51
0.45
0.47
0.45
0.50
0.39
0.43
0.44
0.41
2.85
1.10
1.33
1.09
0.52
0.52
0.51
0.61
CorWatt	PkgWatt
19.79	131.22
0.55	131.23
0.47
0.47
0.51
0.49
0.50
0.51
0.47
0.38
0.43
0.44
0.38
0.52
0.51
0.49
0.52
0.46
0.47
0.45
0.46
0.39
0.43
0.43
0.41
2.95
1.09
1.22
1.08
0.55
0.55
0.54
0.67
CorWatt	PkgWatt
19.40	131.11
0.56	131.11
0.45
0.46
0.48
0.48
0.48
0.49
0.48
0.37
0.43
0.37
0.37
0.52
0.52
0.49
0.50
0.44
0.47
0.44
0.45
0.39
0.44
0.46
0.41
2.63
1.06
1.53
1.06
0.52
0.52
0.52
0.61
CorWatt	PkgWatt
19.51	131.00
0.56	131.00
0.43
0.44
0.51
0.49
0.48
0.49
0.48
0.39
0.43
0.37
0.37
0.52
0.50
0.49
0.51
0.47
0.47
0.46
0.47
0.38
0.44
0.43
0.40
1.09
1.10
3.08
1.09
0.52
0.52
0.52
0.62
CorWatt	PkgWatt
19.47	130.98
0.57	130.98
0.44
0.46
0.44
0.48
0.48
0.49
0.50
0.37
0.44
0.39
0.38
0.51
0.50
0.49
0.52
0.45
0.47
0.44
0.46
0.39
0.43
0.43
0.40
2.86
1.10
1.32
1.09
0.52
0.52
0.52
0.62
CorWatt	PkgWatt
19.48	130.68
0.65	130.71
0.49
0.50
0.48
0.53
0.51
0.60
0.53
0.44
0.48
0.42
0.47
0.56
0.54
0.53
0.58
0.55
0.64
0.52
0.62
0.50
0.55
0.54
0.51
0.78
0.81
1.85
0.79
0.60
0.65
0.59
0.67
