CorWatt	PkgWatt
15.15	127.89
0.53	127.88
0.49
0.47
0.44
0.52
0.54
0.52
0.53
0.49
0.48
0.50
0.42
0.55
0.53
0.52
0.53
0.45
0.46
0.46
0.47
0.40
0.43
0.39
0.42
0.37
0.38
0.40
0.35
0.52
0.51
0.53
0.52
CorWatt	PkgWatt
14.99	127.59
0.50	127.58
0.47
0.51
0.46
0.51
0.53
0.51
0.51
0.46
0.49
0.47
0.42
0.53
0.52
0.52
0.52
0.45
0.47
0.46
0.47
0.40
0.42
0.39
0.41
0.36
0.37
0.40
0.35
0.54
0.53
0.53
0.50
CorWatt	PkgWatt
71.30	185.60
2.81	185.70
2.33
2.31
2.29
2.36
2.36
2.28
2.49
2.19
2.21
2.21
2.15
2.34
2.33
2.31
2.32
2.22
2.18
2.01
2.08
2.16
2.21
2.00
1.93
2.15
2.10
1.96
2.00
2.35
2.38
2.13
2.16
