CorWatt	PkgWatt
15.72	129.14
0.58	129.16
0.48
0.50
0.48
0.53
0.54
0.53
0.54
0.45
0.46
0.40
0.43
0.65
0.59
0.60
0.56
0.47
0.48
0.52
0.49
0.42
0.44
0.42
0.41
0.39
0.40
0.39
0.38
0.56
0.54
0.57
0.54
CorWatt	PkgWatt
15.41	128.34
0.56	128.83
0.47
0.49
0.47
0.52
0.56
0.52
0.51
0.44
0.46
0.39
0.40
0.52
0.56
0.59
0.57
0.48
0.48
0.49
0.48
0.43
0.43
0.43
0.41
0.39
0.38
0.38
0.37
0.61
0.53
0.57
0.52
CorWatt	PkgWatt
69.31	164.42
0.90	188.02
2.29
2.31
2.30
2.34
2.36
2.35
2.30
2.26
2.29
2.27
2.22
2.42
2.41
2.42
2.44
2.30
2.34
2.17
2.18
2.31
2.32
2.12
2.08
2.29
2.33
2.12
2.15
2.61
4.22
2.37
2.33
