CorWatt	PkgWatt
15.34	127.89
0.53	127.90
0.44
0.48
0.47
0.63
0.53
0.52
0.49
0.42
0.44
0.40
0.39
0.52
0.52
0.54
0.54
0.47
0.50
0.49
0.58
0.43
0.43
0.42
0.45
0.39
0.37
0.41
0.36
0.57
0.51
0.53
0.56
CorWatt	PkgWatt
15.06	127.35
0.51	127.79
0.46
0.47
0.47
0.49
0.51
0.51
0.49
0.42
0.44
0.38
0.40
0.51
0.52
0.52
0.52
0.47
0.48
0.49
0.55
0.45
0.42
0.45
0.44
0.39
0.37
0.41
0.36
0.58
0.53
0.54
0.55
CorWatt	PkgWatt
72.22	187.74
1.63	187.14
2.25
2.34
2.33
2.34
2.36
2.30
2.24
2.18
2.18
2.16
2.14
2.35
2.31
2.32
2.32
2.28
2.27
2.11
2.14
2.23
2.24
2.01
1.99
2.24
3.26
2.22
2.05
2.42
2.44
2.24
2.19
