CorWatt	PkgWatt
15.05	127.23
0.51	127.23
0.46
0.55
0.46
0.53
0.54
0.50
0.48
0.41
0.43
0.41
0.39
0.51
0.50
0.50
0.51
0.48
0.49
0.49
0.48
0.42
0.43
0.54
0.45
0.37
0.35
0.39
0.38
0.52
0.52
0.53
0.51
CorWatt	PkgWatt
14.86	126.92
0.49	127.11
0.47
0.54
0.46
0.53
0.52
0.51
0.52
0.40
0.43
0.41
0.38
0.51
0.51
0.50
0.53
0.47
0.47
0.48
0.50
0.42
0.41
0.46
0.44
0.37
0.36
0.36
0.36
0.53
0.51
0.51
0.52
CorWatt	PkgWatt
17.53	129.63
0.58	129.46
0.51
0.59
0.50
0.60
0.57
0.58
0.56
0.55
0.67
0.54
0.51
0.62
0.63
0.61
0.65
0.53
0.62
0.56
0.52
0.55
0.52
0.53
0.60
0.43
0.40
0.41
0.43
0.55
0.50
0.54
0.56
CorWatt	PkgWatt
14.87	127.01
0.49	126.97
0.50
0.52
0.45
0.55
0.51
0.50
0.53
0.38
0.46
0.44
0.38
0.50
0.52
0.50
0.53
0.44
0.47
0.47
0.46
0.44
0.46
0.47
0.45
0.35
0.35
0.36
0.36
0.53
0.51
0.50
0.51
