CorWatt	PkgWatt
15.39	127.55
0.55	127.58
0.46
0.52
0.50
0.55
0.56
0.49
0.53
0.43
0.52
0.51
0.45
0.52
0.56
0.55
0.58
0.46
0.52
0.46
0.47
0.42
0.40
0.39
0.41
0.36
0.37
0.38
0.36
0.53
0.52
0.52
0.52
CorWatt	PkgWatt
15.21	126.91
0.57	127.54
0.46
0.50
0.45
0.55
0.55
0.50
0.52
0.42
0.50
0.45
0.43
0.52
0.53
0.53
0.57
0.45
0.52
0.47
0.46
0.41
0.41
0.42
0.41
0.37
0.36
0.38
0.36
0.54
0.55
0.53
0.53
CorWatt	PkgWatt
21.07	133.73
0.61	133.07
0.88
2.38
0.51
0.62
0.61
0.58
0.66
0.45
0.59
0.45
0.56
0.62
0.63
0.60
0.71
0.66
0.75
0.65
0.73
0.56
0.61
0.64
0.54
0.42
0.43
0.45
0.53
0.64
0.66
0.70
0.61
CorWatt	PkgWatt
16.29	128.32
0.51	128.29
0.46
0.57
0.44
0.79
1.23
0.76
0.74
0.40
0.44
0.40
0.41
0.51
0.52
0.49
0.52
0.49
0.49
0.50
0.52
0.40
0.39
0.41
0.42
0.35
0.35
0.36
0.36
0.53
0.53
0.52
0.51
CorWatt	PkgWatt
16.43	128.66
0.50	128.67
0.50
0.56
0.44
0.78
1.20
0.85
0.72
0.39
0.44
0.37
0.42
0.50
0.52
0.50
0.52
0.48
0.51
0.51
0.48
0.41
0.43
0.43
0.40
0.37
0.38
0.37
0.35
0.53
0.52
0.52
0.53
CorWatt	PkgWatt
17.28	129.18
0.51	129.21
0.54
0.59
0.44
0.78
1.30
0.77
0.75
0.39
0.45
0.37
0.43
0.58
0.61
0.61
0.60
0.55
0.54
0.54
0.54
0.44
0.41
0.48
0.43
0.35
0.36
0.37
0.40
0.53
0.52
0.54
0.55
CorWatt	PkgWatt
16.19	128.59
0.52	128.56
0.51
0.56
0.47
0.73
1.31
0.74
0.72
0.39
0.44
0.38
0.40
0.50
0.52
0.50
0.52
0.48
0.48
0.49
0.47
0.40
0.39
0.41
0.39
0.35
0.35
0.36
0.36
0.52
0.52
0.51
0.50
CorWatt	PkgWatt
16.40	128.79
0.55	128.79
0.48
0.56
0.44
0.69
1.57
0.71
0.69
0.39
0.43
0.37
0.39
0.50
0.51
0.49
0.52
0.49
0.48
0.51
0.49
0.41
0.40
0.41
0.39
0.36
0.35
0.36
0.35
0.54
0.53
0.51
0.51
CorWatt	PkgWatt
17.35	130.30
0.54	130.30
0.47
0.56
0.44
0.50
3.30
0.53
0.49
0.39
0.43
0.38
0.39
0.50
0.51
0.49
0.51
0.47
0.48
0.48
0.48
0.39
0.39
0.41
0.39
0.35
0.35
0.36
0.35
0.51
0.54
0.50
0.50
CorWatt	PkgWatt
17.46	130.47
0.54	130.47
0.44
0.55
0.44
0.50
3.30
0.52
0.49
0.40
0.43
0.38
0.39
0.50
0.51
0.51
0.52
0.48
0.46
0.47
0.46
0.40
0.40
0.43
0.40
0.36
0.37
0.39
0.37
0.52
0.52
0.51
0.50
CorWatt	PkgWatt
17.61	130.44
0.53	130.44
0.45
0.56
0.45
0.50
3.30
0.53
0.51
0.40
0.44
0.38
0.41
0.50
0.51
0.51
0.52
0.50
0.49
0.47
0.48
0.41
0.39
0.42
0.40
0.36
0.39
0.39
0.36
0.52
0.51
0.51
0.53
CorWatt	PkgWatt
17.66	130.46
0.54	130.47
0.49
0.57
0.46
0.49
3.30
0.53
0.49
0.39
0.43
0.42
0.40
0.51
0.50
0.49
0.51
0.48
0.47
0.47
0.46
0.41
0.38
0.43
0.40
0.37
0.37
0.38
0.38
0.53
0.56
0.52
0.54
CorWatt	PkgWatt
17.32	130.23
0.52	130.22
0.47
0.55
0.46
0.51
3.30
0.53
0.51
0.39
0.43
0.37
0.39
0.50
0.51
0.48
0.50
0.47
0.46
0.49
0.45
0.41
0.38
0.42
0.39
0.35
0.35
0.36
0.35
0.51
0.51
0.51
0.50
CorWatt	PkgWatt
17.50	130.32
0.52	130.32
0.46
0.56
0.49
0.50
3.30
0.53
0.50
0.40
0.43
0.39
0.39
0.51
0.51
0.53
0.51
0.49
0.46
0.47
0.46
0.40
0.38
0.41
0.38
0.35
0.35
0.36
0.36
0.56
0.53
0.51
0.52
CorWatt	PkgWatt
17.44	130.12
0.52	130.12
0.48
0.56
0.44
0.49
3.30
0.52
0.49
0.40
0.44
0.37
0.40
0.52
0.53
0.51
0.54
0.47
0.46
0.46
0.45
0.43
0.38
0.42
0.41
0.35
0.35
0.36
0.35
0.51
0.53
0.50
0.50
CorWatt	PkgWatt
17.31	130.13
0.52	130.13
0.49
0.57
0.46
0.50
3.30
0.52
0.50
0.38
0.44
0.38
0.41
0.50
0.51
0.51
0.52
0.47
0.46
0.46
0.46
0.40
0.38
0.40
0.38
0.35
0.35
0.36
0.35
0.51
0.50
0.50
0.50
CorWatt	PkgWatt
17.69	130.48
0.53	130.48
0.47
0.59
0.48
0.52
3.30
0.57
0.50
0.42
0.43
0.38
0.40
0.50
0.51
0.49
0.51
0.48
0.47
0.50
0.46
0.43
0.41
0.44
0.41
0.35
0.35
0.36
0.35
0.54
0.51
0.54
0.52
CorWatt	PkgWatt
17.78	130.43
0.55	130.43
0.49
0.57
0.47
0.50
3.30
0.53
0.51
0.41
0.47
0.42
0.43
0.55
0.53
0.51
0.53
0.47
0.48
0.50
0.47
0.41
0.39
0.41
0.40
0.36
0.35
0.37
0.37
0.52
0.51
0.51
0.50
CorWatt	PkgWatt
17.35	130.06
0.52	130.05
0.48
0.57
0.46
0.49
3.30
0.52
0.49
0.40
0.43
0.38
0.39
0.50
0.51
0.48
0.51
0.47
0.46
0.50
0.48
0.40
0.38
0.41
0.39
0.35
0.36
0.36
0.35
0.52
0.50
0.50
0.50
CorWatt	PkgWatt
17.29	130.15
0.53	130.14
0.46
0.56
0.44
0.49
3.30
0.51
0.49
0.39
0.43
0.37
0.38
0.50
0.51
0.48
0.51
0.47
0.46
0.47
0.46
0.40
0.38
0.43
0.39
0.35
0.35
0.35
0.35
0.56
0.51
0.50
0.53
CorWatt	PkgWatt
17.93	129.88
0.56	129.89
0.51
0.57
0.54
0.53
0.58
0.57
0.55
0.46
0.49
0.43
0.47
0.55
0.54
0.55
0.56
0.53
0.52
0.52
0.51
0.49
0.44
0.46
0.47
0.42
0.41
0.42
0.95
1.00
0.89
0.73
0.72
CorWatt	PkgWatt
17.37	128.99
0.54	128.97
0.46
0.47
0.52
0.52
0.51
0.52
0.51
0.42
0.45
0.46
0.40
0.52
0.52
0.51
0.53
0.49
0.49
0.48
0.47
0.43
0.41
0.41
0.39
0.41
0.40
0.40
0.48
1.58
0.92
0.89
0.86
CorWatt	PkgWatt
16.72	128.72
0.49	128.71
0.44
0.45
0.51
0.48
0.50
0.50
0.48
0.41
0.44
0.37
0.38
0.51
0.51
0.49
0.51
0.47
0.48
0.49
0.46
0.43
0.39
0.41
0.38
0.35
0.36
0.37
0.47
1.59
0.89
0.86
0.86
CorWatt	PkgWatt
16.64	128.63
0.50	128.62
0.48
0.46
0.43
0.48
0.49
0.49
0.48
0.41
0.44
0.40
0.38
0.50
0.50
0.49
0.50
0.49
0.50
0.46
0.48
0.42
0.38
0.40
0.38
0.35
0.35
0.36
0.47
0.92
1.53
0.86
0.86
CorWatt	PkgWatt
16.70	128.57
0.52	128.58
0.47
0.47
0.45
0.48
0.49
0.50
0.48
0.39
0.43
0.38
0.39
0.54
0.51
0.49
0.51
0.47
0.47
0.46
0.47
0.42
0.38
0.41
0.38
0.35
0.36
0.36
0.47
0.92
1.55
0.86
0.86
CorWatt	PkgWatt
16.80	128.72
0.53	128.72
0.46
0.48
0.43
0.49
0.51
0.50
0.49
0.39
0.44
0.37
0.39
0.50
0.51
0.50
0.52
0.48
0.47
0.46
0.47
0.41
0.40
0.41
0.41
0.36
0.37
0.37
0.48
0.89
1.55
0.87
0.87
CorWatt	PkgWatt
17.97	129.83
0.49	129.83
0.47
0.44
0.43
0.48
0.49
0.49
0.48
0.39
0.43
0.38
0.38
0.50
0.51
0.49
0.51
0.47
0.47
0.46
0.46
0.42
0.38
0.40
0.38
0.35
0.37
0.38
0.48
1.33
2.06
1.09
1.08
CorWatt	PkgWatt
19.73	131.11
0.54	131.14
0.50
0.46
0.43
0.48
0.48
0.49
0.50
0.39
0.44
0.37
0.38
0.50
0.51
0.49
0.51
0.47
0.46
0.47
0.46
0.41
0.38
0.39
0.38
0.36
0.36
0.37
0.48
1.52
3.05
1.37
1.36
CorWatt	PkgWatt
19.75	131.12
0.51	131.10
0.48
0.44
0.43
0.48
0.49
0.49
0.48
0.40
0.44
0.40
0.40
0.50
0.51
0.49
0.52
0.46
0.46
0.46
0.45
0.41
0.40
0.40
0.38
0.36
0.37
0.37
0.49
1.38
3.16
1.37
1.36
CorWatt	PkgWatt
20.02	131.57
0.52	131.57
0.50
0.45
0.43
0.49
0.51
0.52
0.50
0.40
0.44
0.39
0.39
0.52
0.51
0.52
0.52
0.48
0.46
0.46
0.46
0.43
0.41
0.42
0.40
0.36
0.37
0.38
0.48
1.51
3.04
1.37
1.37
CorWatt	PkgWatt
20.09	131.57
0.52	131.57
0.48
0.46
0.46
0.48
0.50
0.50
0.50
0.41
0.45
0.39
0.39
0.51
0.52
0.51
0.53
0.47
0.47
0.46
0.46
0.41
0.39
0.41
0.42
0.37
0.37
0.37
0.48
3.24
1.38
1.38
1.38
CorWatt	PkgWatt
19.86	131.34
0.52	131.34
0.48
0.44
0.44
0.49
0.49
0.49
0.48
0.40
0.44
0.43
0.39
0.51
0.51
0.50
0.52
0.47
0.47
0.46
0.45
0.38
0.39
0.41
0.38
0.37
0.36
0.37
0.48
2.04
1.37
2.55
1.37
CorWatt	PkgWatt
20.10	131.62
0.53	131.63
0.46
0.45
0.46
0.48
0.50
0.52
0.49
0.41
0.44
0.39
0.40
0.52
0.52
0.50
0.52
0.46
0.46
0.50
0.45
0.41
0.39
0.42
0.38
0.37
0.40
0.41
0.48
3.18
1.38
1.44
1.38
CorWatt	PkgWatt
20.06	131.77
0.52	131.76
0.47
0.44
0.43
0.50
0.49
0.51
0.51
0.42
0.44
0.41
0.39
0.51
0.52
0.51
0.53
0.48
0.47
0.47
0.47
0.39
0.39
0.41
0.38
0.38
0.37
0.38
0.48
3.23
1.38
1.39
1.38
CorWatt	PkgWatt
19.90	131.49
0.51	131.49
0.47
0.44
0.43
0.48
0.48
0.49
0.48
0.41
0.44
0.39
0.39
0.51
0.53
0.50
0.52
0.47
0.47
0.47
0.46
0.40
0.38
0.40
0.38
0.38
0.39
0.40
0.48
3.22
1.38
1.39
1.38
CorWatt	PkgWatt
19.85	131.53
0.51	131.53
0.47
0.44
0.42
0.48
0.48
0.49
0.48
0.40
0.44
0.38
0.40
0.51
0.52
0.52
0.52
0.47
0.46
0.46
0.45
0.38
0.40
0.42
0.38
0.37
0.37
0.37
0.49
3.24
1.38
1.38
1.38
CorWatt	PkgWatt
20.03	131.52
0.54	131.53
0.50
0.45
0.45
0.48
0.48
0.49
0.48
0.40
0.44
0.39
0.39
0.51
0.53
0.51
0.52
0.47
0.47
0.46
0.45
0.39
0.38
0.41
0.38
0.39
0.40
0.40
0.50
3.24
1.38
1.39
1.38
CorWatt	PkgWatt
19.66	131.57
0.59	131.55
0.53
0.50
0.48
0.52
0.53
0.57
0.52
0.45
0.48
0.42
0.45
0.57
0.56
0.55
0.58
0.85
0.55
0.52
0.53
0.46
0.45
0.46
0.44
0.44
0.41
0.43
0.54
2.12
1.08
1.04
1.04
CorWatt	PkgWatt
16.47	128.44
0.49	128.46
0.51
0.47
0.44
0.51
0.52
0.52
0.50
0.41
0.44
0.40
0.39
0.54
0.53
0.50
0.52
0.74
0.51
0.49
0.49
0.81
0.90
0.61
0.60
0.37
0.37
0.37
0.36
0.55
0.59
0.51
0.51
CorWatt	PkgWatt
15.95	128.03
0.51	128.02
0.49
0.44
0.42
0.48
0.49
0.50
0.47
0.39
0.44
0.37
0.38
0.50
0.51
0.51
0.50
0.58
0.50
0.47
0.46
0.78
0.94
0.67
0.63
0.36
0.36
0.37
0.37
0.51
0.57
0.50
0.50
CorWatt	PkgWatt
15.99	127.95
0.48	127.94
0.48
0.44
0.42
0.48
0.48
0.50
0.48
0.39
0.45
0.36
0.40
0.51
0.51
0.50
0.52
0.58
0.51
0.46
0.47
0.78
0.90
0.65
0.64
0.35
0.38
0.37
0.36
0.55
0.59
0.51
0.50
CorWatt	PkgWatt
16.59	128.48
0.53	128.49
0.48
0.47
0.46
0.50
0.50
0.53
0.49
0.41
0.45
0.44
0.39
0.54
0.51
0.52
0.52
0.57
0.52
0.47
0.48
0.81
0.70
0.85
0.66
0.41
0.38
0.41
0.38
0.54
0.61
0.54
0.54
CorWatt	PkgWatt
15.92	128.11
0.51	128.11
0.47
0.44
0.43
0.50
0.50
0.51
0.49
0.39
0.43
0.37
0.37
0.51
0.51
0.48
0.51
0.55
0.50
0.46
0.46
0.66
0.62
1.19
0.62
0.35
0.35
0.36
0.35
0.52
0.52
0.50
0.50
CorWatt	PkgWatt
18.49	133.26
0.53	133.26
0.47
0.46
0.45
0.48
0.49
0.50
0.48
0.41
0.43
0.41
0.37
0.50
0.50
0.52
0.50
0.55
0.50
0.47
0.47
0.44
0.40
4.28
0.39
0.35
0.35
0.35
0.36
0.52
0.59
0.50
0.50
CorWatt	PkgWatt
18.45	133.45
0.53	133.45
0.47
0.44
0.43
0.49
0.49
0.49
0.48
0.39
0.44
0.37
0.38
0.52
0.52
0.51
0.52
0.56
0.49
0.47
0.46
0.47
0.41
4.28
0.42
0.35
0.35
0.35
0.35
0.52
0.51
0.51
0.50
CorWatt	PkgWatt
18.69	133.45
0.53	133.45
0.49
0.47
0.45
0.49
0.51
0.50
0.50
0.41
0.44
0.39
0.40
0.53
0.52
0.52
0.52
0.54
0.49
0.47
0.48
0.44
0.41
4.29
0.40
0.36
0.36
0.37
0.36
0.52
0.55
0.51
0.50
CorWatt	PkgWatt
18.42	133.28
0.51	133.28
0.47
0.47
0.45
0.48
0.49
0.50
0.49
0.39
0.43
0.37
0.37
0.50
0.51
0.48
0.50
0.55
0.50
0.47
0.46
0.44
0.40
4.29
0.40
0.35
0.36
0.35
0.35
0.52
0.56
0.52
0.50
CorWatt	PkgWatt
18.63	133.53
0.53	133.53
0.46
0.47
0.45
0.49
0.50
0.49
0.48
0.39
0.46
0.40
0.39
0.54
0.52
0.51
0.52
0.54
0.49
0.48
0.46
0.46
0.40
4.29
0.42
0.39
0.35
0.37
0.36
0.51
0.51
0.50
0.50
CorWatt	PkgWatt
18.38	133.39
0.52	133.39
0.47
0.47
0.45
0.48
0.49
0.49
0.48
0.39
0.43
0.36
0.37
0.50
0.50
0.48
0.50
0.45
0.58
0.47
0.49
0.45
0.40
4.29
0.40
0.35
0.35
0.35
0.35
0.52
0.53
0.50
0.50
CorWatt	PkgWatt
18.50	133.40
0.53	133.39
0.47
0.45
0.43
0.49
0.50
0.49
0.49
0.39
0.44
0.37
0.38
0.50
0.50
0.49
0.50
0.45
0.57
0.47
0.48
0.47
0.42
4.29
0.41
0.36
0.35
0.36
0.35
0.52
0.55
0.50
0.50
CorWatt	PkgWatt
18.44	133.32
0.52	133.32
0.46
0.44
0.43
0.48
0.49
0.49
0.48
0.39
0.44
0.39
0.39
0.52
0.51
0.51
0.52
0.44
0.57
0.47
0.47
0.44
0.43
4.29
0.41
0.35
0.35
0.36
0.35
0.52
0.51
0.50
0.50
CorWatt	PkgWatt
18.76	133.67
0.54	133.67
0.47
0.47
0.47
0.50
0.49
0.51
0.49
0.38
0.43
0.45
0.38
0.51
0.51
0.49
0.50
0.44
0.58
0.47
0.47
0.42
0.43
4.29
0.40
0.39
0.38
0.37
0.35
0.53
0.59
0.56
0.51
CorWatt	PkgWatt
18.42	133.30
0.52	133.30
0.49
0.46
0.44
0.48
0.49
0.49
0.48
0.39
0.43
0.37
0.37
0.50
0.51
0.49
0.51
0.44
0.58
0.47
0.47
0.44
0.44
4.29
0.40
0.35
0.35
0.35
0.35
0.51
0.51
0.54
0.50
CorWatt	PkgWatt
18.58	133.50
0.55	133.49
0.48
0.48
0.43
0.49
0.49
0.49
0.48
0.40
0.43
0.37
0.38
0.51
0.51
0.51
0.52
0.47
0.59
0.47
0.49
0.42
0.43
4.29
0.41
0.35
0.36
0.37
0.36
0.52
0.51
0.50
0.50
CorWatt	PkgWatt
18.36	133.40
0.53	133.41
0.47
0.47
0.45
0.49
0.49
0.50
0.48
0.39
0.42
0.36
0.37
0.50
0.51
0.48
0.50
0.45
0.58
0.47
0.47
0.43
0.42
4.29
0.41
0.35
0.35
0.35
0.35
0.51
0.50
0.50
0.50
CorWatt	PkgWatt
18.09	130.41
0.73	130.42
0.56
0.53
0.48
0.60
0.80
0.70
0.61
0.45
0.49
0.41
0.46
0.89
0.56
0.54
0.56
0.52
0.64
0.54
0.53
0.47
0.48
1.01
0.47
0.42
0.42
0.44
0.43
0.58
0.66
0.57
0.57
CorWatt	PkgWatt
15.93	127.95
0.58	127.94
0.48
0.44
0.43
0.72
0.75
1.23
0.73
0.40
0.44
0.38
0.38
0.50
0.51
0.49
0.51
0.45
0.50
0.47
0.46
0.39
0.41
0.41
0.39
0.35
0.36
0.36
0.35
0.52
0.57
0.51
0.50
CorWatt	PkgWatt
16.06	128.03
0.58	128.03
0.50
0.46
0.43
0.72
0.75
1.23
0.74
0.40
0.44
0.38
0.39
0.51
0.51
0.49
0.51
0.44
0.48
0.48
0.46
0.39
0.41
0.40
0.39
0.37
0.36
0.36
0.35
0.52
0.58
0.51
0.50
CorWatt	PkgWatt
15.96	128.17
0.57	128.18
0.48
0.44
0.43
0.72
0.75
1.22
0.73
0.40
0.43
0.40
0.41
0.50
0.51
0.48
0.52
0.45
0.50
0.46
0.45
0.39
0.42
0.40
0.38
0.35
0.36
0.36
0.35
0.51
0.57
0.52
0.50
CorWatt	PkgWatt
16.66	128.35
0.60	128.36
0.49
0.46
0.45
0.74
0.77
1.15
0.82
0.40
0.46
0.40
0.42
0.53
0.50
0.51
0.53
0.47
0.52
0.49
0.48
0.42
0.47
0.45
0.46
0.38
0.38
0.38
0.37
0.55
0.59
0.53
0.52
CorWatt	PkgWatt
16.30	128.40
0.57	128.40
0.49
0.46
0.46
0.70
0.73
1.48
0.82
0.39
0.43
0.37
0.38
0.52
0.52
0.52
0.51
0.45
0.52
0.46
0.46
0.41
0.38
0.42
0.40
0.35
0.35
0.36
0.35
0.53
0.51
0.50
0.50
CorWatt	PkgWatt
17.74	130.01
0.58	130.01
0.49
0.45
0.44
0.61
0.65
0.65
3.17
0.40
0.43
0.45
0.38
0.50
0.51
0.51
0.51
0.45
0.50
0.47
0.46
0.39
0.39
0.41
0.40
0.37
0.35
0.36
0.35
0.55
0.55
0.52
0.51
CorWatt	PkgWatt
17.79	130.13
0.60	130.13
0.49
0.47
0.45
0.62
0.67
0.62
3.15
0.39
0.44
0.38
0.38
0.50
0.51
0.49
0.51
0.45
0.50
0.48
0.46
0.41
0.40
0.41
0.39
0.36
0.38
0.39
0.38
0.56
0.53
0.53
0.51
CorWatt	PkgWatt
17.50	129.89
0.58	129.89
0.47
0.44
0.44
0.64
0.64
0.63
3.15
0.40
0.44
0.37
0.38
0.50
0.50
0.48
0.51
0.44
0.51
0.48
0.47
0.38
0.38
0.40
0.38
0.36
0.35
0.36
0.35
0.53
0.53
0.52
0.50
CorWatt	PkgWatt
17.50	129.80
0.57	129.81
0.47
0.44
0.43
0.61
0.65
0.63
3.15
0.40
0.43
0.36
0.38
0.50
0.50
0.48
0.51
0.45
0.49
0.47
0.46
0.39
0.38
0.41
0.40
0.36
0.35
0.37
0.36
0.53
0.51
0.52
0.52
CorWatt	PkgWatt
17.59	129.96
0.58	129.96
0.47
0.45
0.44
0.61
0.64
0.61
3.17
0.40
0.44
0.37
0.40
0.50
0.51
0.52
0.52
0.44
0.50
0.46
0.46
0.39
0.40
0.42
0.39
0.35
0.36
0.37
0.36
0.53
0.52
0.51
0.50
CorWatt	PkgWatt
17.52	129.79
0.59	129.79
0.50
0.47
0.44
0.61
0.65
3.16
0.69
0.39
0.43
0.38
0.38
0.50
0.50
0.48
0.50
0.45
0.50
0.46
0.45
0.39
0.38
0.40
0.38
0.35
0.35
0.35
0.35
0.53
0.51
0.51
0.50
CorWatt	PkgWatt
17.49	129.72
0.58	129.72
0.47
0.44
0.43
0.61
0.64
3.17
0.64
0.40
0.43
0.36
0.38
0.50
0.50
0.48
0.50
0.46
0.50
0.49
0.46
0.38
0.38
0.41
0.41
0.36
0.35
0.35
0.35
0.53
0.51
0.50
0.50
CorWatt	PkgWatt
17.50	129.74
0.58	129.74
0.51
0.46
0.44
0.62
0.66
2.21
1.61
0.39
0.43
0.36
0.38
0.50
0.51
0.49
0.51
0.45
0.48
0.46
0.48
0.39
0.38
0.41
0.38
0.35
0.35
0.35
0.35
0.53
0.50
0.50
0.50
CorWatt	PkgWatt
17.63	129.82
0.58	129.82
0.47
0.45
0.44
0.62
0.64
0.63
3.17
0.39
0.44
0.37
0.39
0.51
0.52
0.52
0.51
0.45
0.49
0.47
0.46
0.38
0.38
0.42
0.40
0.36
0.37
0.36
0.37
0.53
0.51
0.50
0.50
CorWatt	PkgWatt
17.50	129.95
0.58	129.96
0.48
0.44
0.43
0.61
0.64
0.62
3.15
0.38
0.43
0.36
0.40
0.50
0.53
0.51
0.50
0.46
0.50
0.47
0.47
0.38
0.38
0.38
0.40
0.35
0.37
0.37
0.36
0.53
0.50
0.50
0.50
CorWatt	PkgWatt
17.74	129.87
0.59	129.87
0.49
0.46
0.45
0.61
0.64
0.63
3.15
0.39
0.43
0.42
0.38
0.51
0.50
0.48
0.50
0.44
0.49
0.46
0.46
0.41
0.38
0.40
0.41
0.38
0.36
0.40
0.37
0.54
0.55
0.52
0.54
CorWatt	PkgWatt
16.84	129.04
0.61	129.04
0.50
0.46
0.45
0.60
0.63
0.60
2.43
0.40
0.43
0.37
0.39
0.50
0.59
0.49
0.50
0.45
0.49
0.45
0.45
0.40
0.39
0.39
0.40
0.35
0.35
0.36
0.35
0.53
0.52
0.51
0.51
CorWatt	PkgWatt
18.01	129.64
0.57	129.65
0.54
0.52
0.50
0.55
0.56
0.56
0.62
0.65
0.64
0.60
1.08
0.55
1.03
0.59
0.57
0.51
0.55
0.52
0.51
0.44
0.45
0.44
0.46
0.42
0.42
0.42
0.41
0.60
0.61
0.57
0.57
CorWatt	PkgWatt
16.07	127.83
0.50	127.82
0.50
0.44
0.44
0.48
0.48
0.48
0.56
1.01
0.68
0.61
0.80
0.52
0.65
0.51
0.52
0.44
0.50
0.45
0.45
0.40
0.38
0.38
0.42
0.35
0.36
0.36
0.35
0.54
0.51
0.50
0.50
CorWatt	PkgWatt
16.01	127.84
0.49	127.84
0.51
0.45
0.44
0.48
0.50
0.48
0.56
1.13
0.67
0.62
0.69
0.51
0.63
0.50
0.51
0.44
0.49
0.46
0.45
0.38
0.38
0.38
0.40
0.35
0.35
0.35
0.36
0.54
0.51
0.50
0.50
CorWatt	PkgWatt
15.98	127.95
0.51	127.94
0.47
0.46
0.44
0.48
0.49
0.50
0.52
0.87
0.65
0.61
0.99
0.50
0.63
0.49
0.52
0.45
0.49
0.45
0.45
0.38
0.38
0.38
0.40
0.35
0.36
0.36
0.35
0.54
0.51
0.51
0.50
CorWatt	PkgWatt
16.19	127.98
0.50	127.99
0.48
0.47
0.46
0.49
0.50
0.49
0.48
0.65
0.68
0.64
1.21
0.55
0.63
0.51
0.53
0.45
0.49
0.47
0.46
0.38
0.38
0.38
0.41
0.35
0.35
0.37
0.37
0.55
0.50
0.50
0.51
CorWatt	PkgWatt
16.95	129.29
0.51	129.28
0.49
0.46
0.45
0.48
0.48
0.48
0.47
0.49
0.49
0.43
2.74
0.50
0.61
0.49
0.51
0.44
0.50
0.45
0.48
0.38
0.38
0.38
0.40
0.35
0.35
0.36
0.35
0.54
0.50
0.51
0.50
CorWatt	PkgWatt
17.27	129.80
0.51	129.80
0.49
0.44
0.43
0.49
0.49
0.48
0.47
0.42
0.44
0.38
3.25
0.50
0.61
0.49
0.51
0.44
0.48
0.45
0.46
0.38
0.38
0.39
0.41
0.35
0.35
0.35
0.35
0.55
0.51
0.54
0.50
CorWatt	PkgWatt
17.28	130.02
0.51	130.02
0.47
0.44
0.42
0.52
0.49
0.49
0.48
0.42
0.44
0.39
3.25
0.50
0.60
0.50
0.50
0.44
0.49
0.45
0.45
0.41
0.38
0.40
0.41
0.35
0.35
0.35
0.35
0.51
0.50
0.51
0.50
CorWatt	PkgWatt
17.68	130.05
0.53	130.05
0.48
0.47
0.49
0.50
0.49
0.50
0.49
0.41
0.43
0.44
3.25
0.51
0.61
0.49
0.52
0.45
0.49
0.46
0.46
0.39
0.38
0.39
0.41
0.40
0.38
0.38
0.36
0.54
0.55
0.55
0.51
CorWatt	PkgWatt
17.51	129.97
0.53	129.97
0.48
0.47
0.44
0.49
0.49
0.49
0.49
0.42
0.43
0.39
3.25
0.51
0.62
0.50
0.52
0.45
0.49
0.46
0.46
0.41
0.40
0.41
0.41
0.36
0.37
0.37
0.36
0.52
0.51
0.51
0.51
CorWatt	PkgWatt
17.23	129.91
0.51	129.91
0.47
0.45
0.42
0.48
0.48
0.48
0.48
0.41
0.43
0.37
3.26
0.51
0.62
0.49
0.51
0.46
0.50
0.45
0.47
0.38
0.38
0.39
0.40
0.35
0.35
0.35
0.35
0.51
0.50
0.50
0.50
CorWatt	PkgWatt
17.34	129.96
0.52	129.97
0.48
0.47
0.44
0.48
0.48
0.49
0.48
0.42
0.44
0.37
3.25
0.50
0.62
0.50
0.51
0.44
0.49
0.45
0.45
0.39
0.38
0.39
0.41
0.35
0.35
0.35
0.35
0.51
0.52
0.53
0.50
CorWatt	PkgWatt
17.58	130.09
0.52	130.09
0.49
0.46
0.43
0.49
0.51
0.49
0.49
0.43
0.45
0.38
3.25
0.51
0.62
0.50
0.52
0.45
0.49
0.46
0.46
0.38
0.40
0.41
0.43
0.36
0.38
0.37
0.37
0.52
0.55
0.51
0.50
CorWatt	PkgWatt
17.23	129.75
0.51	129.75
0.47
0.44
0.42
0.48
0.49
0.48
0.48
0.42
0.43
0.39
3.25
0.50
0.61
0.49
0.51
0.45
0.49
0.46
0.46
0.38
0.38
0.39
0.41
0.35
0.36
0.35
0.35
0.51
0.51
0.51
0.50
CorWatt	PkgWatt
17.26	129.89
0.52	129.89
0.46
0.44
0.48
0.48
0.48
0.49
0.49
0.42
0.44
0.37
3.25
0.50
0.60
0.49
0.51
0.44
0.49
0.46
0.46
0.38
0.38
0.39
0.41
0.35
0.35
0.35
0.35
0.51
0.51
0.50
0.50
CorWatt	PkgWatt
17.21	129.74
0.51	129.74
0.43
0.44
0.46
0.48
0.48
0.48
0.49
0.42
0.45
0.39
3.25
0.50
0.61
0.49
0.51
0.44
0.48
0.45
0.45
0.38
0.40
0.40
0.42
0.35
0.35
0.35
0.35
0.51
0.50
0.50
0.50
CorWatt	PkgWatt
17.70	130.12
0.51	130.13
0.45
0.45
0.49
0.49
0.50
0.52
0.51
0.43
0.45
0.40
3.25
0.52
0.60
0.51
0.52
0.45
0.50
0.46
0.46
0.40
0.42
0.42
0.47
0.36
0.36
0.36
0.36
0.54
0.51
0.54
0.51
CorWatt	PkgWatt
18.03	130.12
0.55	130.14
0.47
0.72
0.56
0.57
0.57
0.56
0.77
0.46
0.49
0.42
1.23
0.57
0.68
0.58
0.57
0.50
0.55
0.85
0.52
0.47
0.45
0.48
0.49
0.40
0.41
0.42
0.43
0.58
0.55
0.59
0.59
CorWatt	PkgWatt
16.72	128.68
0.50	128.67
0.43
0.57
0.48
1.28
0.84
0.83
1.11
0.39
0.44
0.44
0.40
0.50
0.51
0.49
0.53
0.44
0.51
0.46
0.46
0.40
0.40
0.41
0.41
0.36
0.35
0.35
0.35
0.55
0.54
0.51
0.51
CorWatt	PkgWatt
16.96	128.70
0.51	128.70
0.44
0.56
0.50
1.13
0.85
0.84
1.28
0.42
0.44
0.38
0.39
0.51
0.52
0.50
0.51
0.45
0.51
0.48
0.46
0.41
0.41
0.41
0.39
0.36
0.38
0.38
0.39
0.57
0.54
0.53
0.52
CorWatt	PkgWatt
16.75	128.69
0.51	128.69
0.43
0.56
0.47
0.87
0.84
0.85
1.52
0.39
0.43
0.38
0.39
0.52
0.51
0.52
0.53
0.45
0.54
0.47
0.48
0.39
0.40
0.40
0.39
0.37
0.35
0.36
0.36
0.52
0.52
0.51
0.51
CorWatt	PkgWatt
16.53	128.63
0.50	128.62
0.47
0.56
0.47
0.83
0.83
0.83
1.51
0.38
0.43
0.36
0.37
0.50
0.51
0.50
0.50
0.44
0.50
0.46
0.46
0.39
0.39
0.41
0.39
0.35
0.35
0.37
0.37
0.52
0.52
0.53
0.51
CorWatt	PkgWatt
16.37	128.24
0.51	128.25
0.47
0.57
0.43
0.95
0.84
0.83
1.41
0.38
0.43
0.36
0.37
0.50
0.50
0.51
0.51
0.44
0.49
0.46
0.45
0.38
0.39
0.41
0.39
0.35
0.35
0.35
0.35
0.52
0.50
0.50
0.50
CorWatt	PkgWatt
16.75	128.60
0.51	128.60
0.50
0.58
0.43
0.88
0.88
0.88
1.65
0.39
0.43
0.37
0.39
0.50
0.51
0.49
0.50
0.45
0.50
0.45
0.46
0.39
0.38
0.41
0.38
0.35
0.35
0.35
0.35
0.52
0.52
0.50
0.50
CorWatt	PkgWatt
19.78	131.32
0.51	131.32
0.49
0.55
0.44
2.43
1.34
1.33
2.01
0.40
0.43
0.37
0.39
0.50
0.50
0.53
0.51
0.47
0.51
0.48
0.47
0.39
0.39
0.41
0.39
0.38
0.36
0.36
0.35
0.52
0.54
0.50
0.51
CorWatt	PkgWatt
19.54	130.97
0.52	130.98
0.49
0.57
0.43
3.09
1.34
1.34
1.33
0.38
0.43
0.37
0.38
0.50
0.50
0.48
0.50
0.46
0.50
0.46
0.48
0.39
0.38
0.41
0.38
0.35
0.35
0.35
0.35
0.52
0.51
0.50
0.50
CorWatt	PkgWatt
19.64	130.98
0.52	130.98
0.48
0.57
0.44
3.09
1.34
1.34
1.33
0.39
0.43
0.37
0.37
0.50
0.51
0.51
0.51
0.44
0.49
0.46
0.46
0.38
0.38
0.43
0.40
0.35
0.36
0.37
0.36
0.53
0.51
0.50
0.49
CorWatt	PkgWatt
19.64	131.03
0.51	131.04
0.48
0.56
0.43
3.09
1.34
1.33
1.33
0.40
0.43
0.36
0.39
0.50
0.51
0.51
0.51
0.46
0.51
0.46
0.48
0.39
0.38
0.38
0.41
0.35
0.37
0.37
0.36
0.52
0.51
0.51
0.50
CorWatt	PkgWatt
20.05	131.37
0.53	131.37
0.49
0.58
0.47
3.11
1.35
1.34
1.34
0.37
0.42
0.43
0.39
0.51
0.51
0.50
0.51
0.46
0.50
0.46
0.46
0.40
0.39
0.41
0.44
0.39
0.38
0.40
0.37
0.54
0.55
0.53
0.54
CorWatt	PkgWatt
19.53	130.77
0.52	130.77
0.49
0.55
0.44
2.68
1.76
1.34
1.34
0.38
0.42
0.37
0.37
0.50
0.51
0.48
0.50
0.44
0.49
0.46
0.47
0.39
0.38
0.38
0.41
0.35
0.36
0.36
0.35
0.52
0.49
0.50
0.50
CorWatt	PkgWatt
19.63	130.89
0.52	130.89
0.49
0.57
0.46
1.34
2.86
1.35
1.58
0.39
0.42
0.40
0.36
0.50
0.50
0.52
0.50
0.44
0.48
0.46
0.46
0.39
0.39
0.38
0.41
0.35
0.35
0.35
0.35
0.52
0.54
0.50
0.50
CorWatt	PkgWatt
19.62	130.88
0.53	130.88
0.49
0.56
0.44
1.34
1.35
1.34
3.09
0.38
0.45
0.36
0.37
0.52
0.52
0.51
0.51
0.44
0.49
0.46
0.46
0.41
0.38
0.39
0.43
0.35
0.35
0.35
0.35
0.52
0.49
0.50
0.50
CorWatt	PkgWatt
19.74	131.05
0.52	131.04
0.51
0.57
0.45
1.34
3.11
1.34
1.34
0.39
0.44
0.38
0.39
0.51
0.50
0.52
0.52
0.45
0.49
0.46
0.46
0.39
0.39
0.39
0.42
0.35
0.36
0.36
0.36
0.52
0.50
0.51
0.50
CorWatt	PkgWatt
19.57	130.77
0.53	130.77
0.49
0.56
0.45
1.34
3.13
1.35
1.34
0.39
0.43
0.38
0.37
0.50
0.51
0.49
0.50
0.45
0.49
0.45
0.46
0.39
0.38
0.38
0.40
0.35
0.35
0.35
0.35
0.52
0.50
0.50
0.50
CorWatt	PkgWatt
18.87	130.28
0.53	130.28
0.49
0.56
0.45
1.19
1.20
1.19
2.68
0.37
0.46
0.39
0.40
0.54
0.52
0.52
0.52
0.44
0.49
0.46
0.46
0.38
0.38
0.39
0.42
0.35
0.35
0.37
0.37
0.52
0.49
0.50
0.49
CorWatt	PkgWatt
19.63	133.97
0.58	133.99
0.54
0.82
0.54
0.59
0.59
0.55
3.20
0.47
0.50
0.44
0.47
0.90
0.58
0.57
0.58
0.48
0.53
0.51
0.52
0.45
0.44
0.45
0.48
0.40
0.41
0.40
0.40
0.56
0.57
0.55
0.56
CorWatt	PkgWatt
20.07	137.37
0.52	137.35
0.47
0.56
0.46
0.53
0.52
0.50
5.95
0.39
0.44
0.37
0.40
0.50
0.50
0.49
0.51
0.45
0.49
0.46
0.46
0.39
0.40
0.39
0.44
0.35
0.35
0.36
0.35
0.53
0.54
0.50
0.50
CorWatt	PkgWatt
19.94	137.09
0.52	137.09
0.43
0.56
0.48
0.53
0.50
0.49
5.96
0.39
0.43
0.39
0.38
0.50
0.51
0.50
0.51
0.44
0.49
0.45
0.45
0.40
0.38
0.39
0.38
0.35
0.35
0.35
0.35
0.53
0.54
0.51
0.50
CorWatt	PkgWatt
21.02	138.04
0.57	138.05
0.47
0.51
0.61
0.58
0.54
0.54
5.95
0.41
0.46
0.45
0.41
0.50
0.53
0.52
0.54
0.47
0.53
0.49
0.49
0.39
0.41
0.39
0.39
0.43
0.41
0.40
0.38
0.58
0.58
0.58
0.53
CorWatt	PkgWatt
19.99	137.20
0.53	137.19
0.44
0.47
0.56
0.53
0.51
0.50
5.95
0.38
0.43
0.38
0.37
0.50
0.51
0.50
0.50
0.44
0.49
0.45
0.45
0.40
0.39
0.41
0.38
0.37
0.35
0.35
0.37
0.53
0.52
0.50
0.52
CorWatt	PkgWatt
20.34	137.56
0.54	137.55
0.45
0.50
0.56
0.54
0.52
0.51
5.96
0.41
0.44
0.38
0.39
0.52
0.51
0.51
0.52
0.47
0.51
0.47
0.49
0.40
0.41
0.40
0.40
0.36
0.36
0.36
0.36
0.55
0.51
0.51
0.51
CorWatt	PkgWatt
19.86	137.36
0.56	137.36
0.44
0.47
0.57
0.53
0.50
0.50
5.95
0.38
0.43
0.37
0.37
0.50
0.50
0.48
0.50
0.44
0.48
0.45
0.46
0.38
0.38
0.39
0.39
0.35
0.35
0.35
0.36
0.53
0.50
0.50
0.50
CorWatt	PkgWatt
20.06	137.40
0.55	137.40
0.46
0.47
0.55
0.52
0.52
0.51
5.95
0.38
0.44
0.36
0.38
0.50
0.51
0.48
0.51
0.44
0.49
0.45
0.46
0.38
0.40
0.41
0.40
0.35
0.37
0.37
0.37
0.53
0.51
0.51
0.54
CorWatt	PkgWatt
19.98	137.29
0.52	137.28
0.44
0.46
0.56
0.53
0.51
0.50
5.96
0.40
0.45
0.37
0.37
0.50
0.51
0.49
0.52
0.45
0.49
0.45
0.46
0.39
0.38
0.39
0.38
0.36
0.35
0.35
0.35
0.54
0.51
0.54
0.50
CorWatt	PkgWatt
20.07	137.65
0.53	137.65
0.46
0.47
0.59
0.53
0.52
0.51
5.95
0.38
0.44
0.37
0.39
0.50
0.50
0.50
0.51
0.45
0.50
0.46
0.46
0.38
0.38
0.40
0.39
0.36
0.35
0.36
0.35
0.54
0.53
0.50
0.51
CorWatt	PkgWatt
19.89	137.31
0.52	137.31
0.44
0.45
0.55
0.54
0.50
0.50
5.95
0.40
0.44
0.39
0.39
0.50
0.51
0.48
0.51
0.44
0.49
0.46
0.46
0.38
0.39
0.39
0.38
0.35
0.35
0.35
0.35
0.53
0.51
0.50
0.50
CorWatt	PkgWatt
20.11	137.45
0.53	137.45
0.44
0.45
0.56
0.54
0.51
0.53
5.95
0.39
0.44
0.39
0.39
0.51
0.50
0.51
0.51
0.44
0.49
0.46
0.46
0.41
0.41
0.41
0.43
0.35
0.35
0.35
0.35
0.55
0.51
0.50
0.50
CorWatt	PkgWatt
19.97	137.38
0.52	137.37
0.44
0.47
0.59
0.53
0.52
0.50
5.95
0.39
0.43
0.37
0.38
0.50
0.51
0.50
0.52
0.44
0.50
0.46
0.45
0.40
0.38
0.40
0.42
0.35
0.35
0.35
0.35
0.51
0.50
0.50
0.50
CorWatt	PkgWatt
20.19	137.63
0.54	137.64
0.45
0.46
0.56
0.53
0.51
0.50
5.95
0.41
0.43
0.45
0.38
0.50
0.50
0.49
0.51
0.44
0.49
0.46
0.46
0.38
0.40
0.40
0.40
0.38
0.35
0.36
0.35
0.53
0.53
0.51
0.55
CorWatt	PkgWatt
20.07	137.49
0.52	137.50
0.45
0.45
0.55
0.53
0.51
0.50
5.95
0.38
0.43
0.37
0.38
0.50
0.51
0.49
0.51
0.44
0.48
0.48
0.45
0.40
0.40
0.41
0.40
0.35
0.37
0.38
0.38
0.52
0.53
0.55
0.51
CorWatt	PkgWatt
20.02	137.44
0.53	137.43
0.44
0.45
0.58
0.55
0.50
0.52
5.95
0.39
0.43
0.37
0.39
0.50
0.50
0.49
0.51
0.45
0.51
0.47
0.47
0.38
0.38
0.40
0.40
0.36
0.35
0.36
0.36
0.52
0.51
0.51
0.50
CorWatt	PkgWatt
20.03	137.55
0.52	137.55
0.45
0.45
0.56
0.54
0.50
0.50
5.94
0.39
0.43
0.37
0.39
0.50
0.50
0.52
0.50
0.45
0.49
0.46
0.45
0.39
0.39
0.41
0.41
0.35
0.36
0.37
0.36
0.51
0.51
0.52
0.52
CorWatt	PkgWatt
19.53	133.58
0.59	133.59
0.53
0.84
0.80
0.60
0.66
0.58
2.76
0.48
0.49
0.47
0.47
0.58
0.59
0.57
0.58
0.49
0.53
0.53
0.50
0.45
0.48
0.49
0.52
0.40
0.40
0.42
0.42
0.57
0.58
0.57
0.57
CorWatt	PkgWatt
17.49	130.07
0.54	130.06
0.47
0.48
0.59
0.53
3.28
0.54
0.55
0.40
0.43
0.39
0.40
0.50
0.51
0.49
0.50
0.45
0.50
0.47
0.46
0.39
0.38
0.41
0.40
0.35
0.35
0.35
0.35
0.51
0.51
0.50
0.50
CorWatt	PkgWatt
17.36	129.95
0.52	129.95
0.44
0.45
0.58
0.53
3.21
0.55
0.53
0.40
0.43
0.36
0.39
0.50
0.50
0.49
0.50
0.46
0.50
0.48
0.47
0.38
0.38
0.41
0.41
0.37
0.35
0.36
0.35
0.51
0.54
0.51
0.52
CorWatt	PkgWatt
17.22	129.82
0.52	129.82
0.45
0.46
0.58
0.52
3.19
0.54
0.52
0.38
0.44
0.36
0.38
0.50
0.51
0.49
0.50
0.44
0.49
0.46
0.47
0.39
0.38
0.41
0.40
0.35
0.36
0.36
0.35
0.51
0.51
0.51
0.50
CorWatt	PkgWatt
17.43	129.85
0.51	129.85
0.44
0.45
0.58
0.51
3.20
0.54
0.53
0.41
0.43
0.38
0.40
0.50
0.51
0.52
0.51
0.45
0.49
0.47
0.46
0.38
0.38
0.43
0.43
0.35
0.37
0.37
0.37
0.53
0.51
0.50
0.51
CorWatt	PkgWatt
17.30	129.93
0.51	129.93
0.43
0.44
0.57
0.51
3.21
0.54
0.52
0.40
0.43
0.37
0.40
0.50
0.51
0.50
0.52
0.46
0.50
0.46
0.47
0.39
0.38
0.38
0.40
0.35
0.37
0.37
0.36
0.53
0.51
0.50
0.50
CorWatt	PkgWatt
17.56	130.00
0.52	130.02
0.45
0.47
0.59
0.51
3.19
0.56
0.52
0.39
0.43
0.42
0.38
0.52
0.50
0.49
0.51
0.45
0.50
0.46
0.45
0.40
0.38
0.40
0.44
0.38
0.37
0.38
0.37
0.53
0.57
0.51
0.53
CorWatt	PkgWatt
17.20	129.75
0.52	129.72
0.43
0.44
0.57
0.53
0.60
3.17
0.54
0.39
0.43
0.37
0.37
0.50
0.51
0.50
0.51
0.44
0.48
0.46
0.45
0.39
0.38
0.38
0.41
0.35
0.35
0.35
0.35
0.52
0.51
0.50
0.50
CorWatt	PkgWatt
17.80	130.03
0.52	130.04
0.44
0.55
0.53
0.52
0.60
2.20
1.59
0.41
0.43
0.41
0.39
0.51
0.51
0.53
0.52
0.48
0.50
0.47
0.48
0.39
0.39
0.39
0.42
0.36
0.36
0.36
0.36
0.55
0.58
0.52
0.54
CorWatt	PkgWatt
17.47	129.91
0.53	129.92
0.43
0.56
0.47
0.52
0.57
0.54
3.31
0.41
0.44
0.36
0.38
0.51
0.52
0.50
0.53
0.44
0.48
0.46
0.46
0.41
0.38
0.38
0.43
0.35
0.35
0.35
0.35
0.52
0.51
0.50
0.50
CorWatt	PkgWatt
17.74	130.07
0.53	130.06
0.46
0.61
0.52
0.55
0.58
3.17
0.54
0.44
0.49
0.38
0.40
0.50
0.50
0.49
0.51
0.44
0.49
0.49
0.47
0.42
0.43
0.42
0.41
0.35
0.35
0.35
0.35
0.56
0.51
0.53
0.53
CorWatt	PkgWatt
17.31	129.77
0.53	129.77
0.45
0.58
0.50
0.52
0.57
3.18
0.52
0.39
0.43
0.37
0.37
0.50
0.52
0.48
0.50
0.45
0.50
0.46
0.46
0.39
0.39
0.38
0.41
0.35
0.36
0.36
0.35
0.53
0.51
0.50
0.50
CorWatt	PkgWatt
17.58	130.05
0.53	130.06
0.43
0.58
0.49
0.51
0.59
3.17
0.51
0.43
0.47
0.40
0.41
0.55
0.52
0.51
0.52
0.44
0.49
0.47
0.46
0.38
0.38
0.38
0.42
0.36
0.35
0.37
0.37
0.53
0.51
0.52
0.50
CorWatt	PkgWatt
17.20	129.49
0.52	129.48
0.43
0.57
0.48
0.51
0.59
3.19
0.50
0.39
0.43
0.36
0.37
0.50
0.51
0.48
0.50
0.44
0.49
0.46
0.48
0.39
0.38
0.38
0.40
0.35
0.36
0.36
0.35
0.53
0.51
0.50
0.50
CorWatt	PkgWatt
17.19	129.66
0.52	129.66
0.43
0.56
0.47
0.50
0.58
3.18
0.50
0.40
0.44
0.36
0.37
0.50
0.50
0.48
0.50
0.44
0.49
0.46
0.45
0.38
0.38
0.39
0.43
0.35
0.35
0.35
0.35
0.54
0.53
0.51
0.50
CorWatt	PkgWatt
17.16	129.54
0.53	129.55
0.43
0.56
0.47
0.52
0.58
3.18
0.50
0.38
0.42
0.38
0.38
0.50
0.50
0.50
0.50
0.44
0.49
0.46
0.45
0.40
0.38
0.39
0.38
0.35
0.35
0.36
0.35
0.53
0.50
0.50
0.50
CorWatt	PkgWatt
17.67	130.07
0.54	130.07
0.47
0.57
0.53
0.53
0.58
3.17
0.51
0.39
0.43
0.43
0.39
0.51
0.51
0.50
0.50
0.44
0.49
0.46
0.46
0.39
0.38
0.40
0.39
0.40
0.38
0.38
0.35
0.56
0.56
0.55
0.51
CorWatt	PkgWatt
17.11	129.62
0.52	129.61
0.43
0.58
0.48
0.53
0.58
3.10
0.50
0.38
0.42
0.37
0.37
0.52
0.50
0.48
0.50
0.44
0.48
0.46
0.45
0.38
0.39
0.41
0.38
0.35
0.35
0.35
0.35
0.54
0.51
0.50
0.50
CorWatt	PkgWatt
18.19	129.67
0.60	129.68
0.53
0.81
0.53
0.68
0.74
0.72
1.04
0.48
0.51
0.46
0.47
0.58
0.58
0.57
0.91
0.52
0.57
0.51
0.53
0.45
0.46
0.46
0.46
0.41
0.41
0.41
0.40
0.63
0.61
0.58
0.57
CorWatt	PkgWatt
16.15	128.16
0.51	128.14
0.43
0.57
0.49
1.34
0.80
0.79
0.77
0.41
0.44
0.36
0.37
0.50
0.52
0.48
0.50
0.44
0.49
0.46
0.45
0.39
0.38
0.39
0.38
0.35
0.36
0.37
0.35
0.53
0.50
0.51
0.50
CorWatt	PkgWatt
16.41	128.07
0.52	128.07
0.45
0.58
0.47
1.36
0.81
0.77
0.77
0.39
0.46
0.37
0.38
0.50
0.50
0.49
0.52
0.45
0.49
0.46
0.47
0.38
0.40
0.42
0.41
0.35
0.37
0.38
0.37
0.55
0.55
0.52
0.51
CorWatt	PkgWatt
16.06	127.78
0.51	127.78
0.43
0.57
0.49
1.37
0.80
0.75
0.76
0.39
0.42
0.38
0.37
0.50
0.51
0.48
0.51
0.45
0.49
0.45
0.45
0.39
0.38
0.39
0.38
0.35
0.35
0.36
0.35
0.53
0.50
0.50
0.50
CorWatt	PkgWatt
16.12	127.99
0.52	127.99
0.44
0.57
0.49
1.38
0.80
0.76
0.77
0.39
0.44
0.36
0.37
0.52
0.51
0.51
0.50
0.44
0.49
0.45
0.45
0.38
0.38
0.39
0.39
0.35
0.35
0.36
0.35
0.53
0.49
0.51
0.50
CorWatt	PkgWatt
16.85	128.58
0.50	128.58
0.43
0.56
0.49
1.79
0.90
0.87
0.87
0.38
0.44
0.39
0.38
0.49
0.51
0.49
0.51
0.45
0.50
0.45
0.45
0.39
0.39
0.39
0.38
0.35
0.35
0.35
0.35
0.53
0.50
0.51
0.50
CorWatt	PkgWatt
19.51	130.85
0.53	130.85
0.44
0.56
0.48
1.81
1.18
1.18
2.62
0.41
0.43
0.40
0.37
0.51
0.50
0.51
0.51
0.45
0.50
0.46
0.47
0.40
0.42
0.43
0.45
0.35
0.36
0.35
0.35
0.55
0.50
0.52
0.50
CorWatt	PkgWatt
19.32	130.79
0.51	130.79
0.43
0.58
0.50
3.16
1.23
1.22
1.23
0.38
0.43
0.36
0.36
0.49
0.51
0.50
0.51
0.44
0.51
0.47
0.47
0.41
0.38
0.40
0.43
0.35
0.35
0.35
0.35
0.51
0.49
0.50
0.50
CorWatt	PkgWatt
19.45	130.90
0.52	130.90
0.43
0.56
0.50
3.17
1.23
1.22
1.22
0.40
0.43
0.44
0.38
0.49
0.50
0.48
0.50
0.44
0.49
0.46
0.46
0.39
0.39
0.40
0.42
0.36
0.35
0.36
0.35
0.56
0.53
0.51
0.50
CorWatt	PkgWatt
19.66	131.11
0.52	131.11
0.44
0.55
0.47
1.23
1.23
1.22
3.26
0.42
0.45
0.37
0.37
0.50
0.52
0.51
0.51
0.44
0.49
0.47
0.46
0.40
0.40
0.41
0.42
0.36
0.37
0.39
0.38
0.57
0.53
0.52
0.51
CorWatt	PkgWatt
19.46	130.88
0.51	130.88
0.44
0.57
0.50
3.16
1.23
1.23
1.24
0.39
0.43
0.37
0.37
0.50
0.50
0.49
0.51
0.45
0.52
0.46
0.48
0.39
0.39
0.40
0.43
0.37
0.36
0.36
0.36
0.51
0.50
0.53
0.51
CorWatt	PkgWatt
19.48	130.85
0.52	130.85
0.44
0.57
0.47
1.20
1.19
1.18
3.27
0.41
0.43
0.37
0.38
0.50
0.51
0.50
0.50
0.46
0.51
0.46
0.46
0.39
0.40
0.41
0.42
0.36
0.37
0.36
0.38
0.51
0.50
0.53
0.53
CorWatt	PkgWatt
19.32	130.95
0.52	130.95
0.43
0.57
0.46
1.23
1.23
1.23
3.26
0.38
0.44
0.36
0.37
0.50
0.50
0.49
0.50
0.44
0.50
0.46
0.46
0.38
0.38
0.39
0.41
0.35
0.35
0.35
0.35
0.51
0.50
0.51
0.50
CorWatt	PkgWatt
19.47	130.86
0.55	130.86
0.45
0.58
0.48
1.23
1.23
1.22
3.26
0.39
0.43
0.37
0.39
0.50
0.52
0.48
0.50
0.45
0.50
0.46
0.46
0.39
0.38
0.39
0.41
0.35
0.36
0.35
0.35
0.52
0.50
0.51
0.50
CorWatt	PkgWatt
19.38	130.82
0.53	130.82
0.44
0.57
0.44
3.15
1.23
1.23
1.23
0.38
0.42
0.37
0.37
0.50
0.50
0.49
0.50
0.46
0.51
0.48
0.47
0.39
0.39
0.40
0.43
0.37
0.35
0.35
0.36
0.52
0.52
0.51
0.50
CorWatt	PkgWatt
19.13	130.66
0.53	130.66
0.44
0.58
0.44
3.17
1.20
1.19
1.20
0.38
0.42
0.36
0.36
0.50
0.50
0.48
0.50
0.45
0.49
0.46
0.47
0.39
0.38
0.39
0.41
0.35
0.36
0.35
0.35
0.51
0.51
0.51
0.50
CorWatt	PkgWatt
19.25	130.67
0.52	130.67
0.43
0.58
0.44
3.16
1.22
1.22
1.22
0.41
0.42
0.36
0.37
0.50
0.50
0.50
0.50
0.44
0.48
0.46
0.46
0.38
0.38
0.40
0.43
0.35
0.37
0.37
0.37
0.51
0.49
0.51
0.50
CorWatt	PkgWatt
19.15	129.35
0.56	130.36
0.47
0.63
0.49
0.93
0.95
0.93
2.03
0.46
0.49
0.44
0.48
0.57
0.56
0.55
0.58
0.46
0.55
0.48
0.52
0.46
0.46
0.45
0.51
0.56
0.46
0.45
0.48
0.61
0.57
0.54
0.56
