CorWatt	PkgWatt
4.69	152.52
0.09	76.78
0.08
0.09
0.08
0.08
0.08
0.08
0.08
0.08
0.08
0.07
0.08
0.07
0.07
0.07
0.07
0.08
0.08
0.08
0.08
0.10
0.09
0.17
0.09
0.08
0.08
0.08
0.08
0.08
0.08
0.08
0.08
0.07	75.91
0.07
0.07
0.07
0.07
0.07
0.07
0.07
0.06
0.06
0.06
0.06
0.06
0.06
0.06
0.06
0.07
0.07
0.07
0.07
0.07
0.07
0.07
0.07
0.07
0.07
0.07
0.07
0.06
0.06
0.06
0.06
CorWatt	PkgWatt
5.02	153.17
0.08	76.57
0.08
0.08
0.08
0.08
0.08
0.08
0.08
0.07
0.07
0.06
0.07
0.07
0.11
0.10
0.08
0.08
0.08
0.08
0.08
0.09
0.08
0.08
0.08
0.08
0.08
0.08
0.08
0.07
0.07
0.07
0.07
0.08	76.65
0.08
0.08
0.12
0.08
0.08
0.07
0.09
0.06
0.06
0.06
0.07
0.08
0.07
0.09
0.08
0.08
0.08
0.07
0.08
0.09
0.08
0.08
0.08
0.08
0.07
0.07
0.07
0.09
0.07
0.08
0.08
CorWatt	PkgWatt
102.85	263.27
0.56	156.89
1.67
1.85
1.80
1.83
1.81
1.71
1.72
3.58
1.76
1.77
1.80
1.78
1.79
1.73
1.70
1.78
1.82
1.82
1.79
1.87
1.82
1.71
1.73
1.84
1.91
1.87
1.86
1.81
1.86
1.74
1.73
1.78	153.16
1.77
1.75
1.75
1.80
1.78
1.66
1.66
1.79
1.78
1.77
1.79
1.80
1.79
1.66
1.66
1.80
1.77
1.82
1.82
1.86
1.85
1.71
1.72
1.84
1.82
1.84
1.81
1.80
1.79
1.64
1.61
