CorWatt	PkgWatt
15.32	129.38
0.53	127.41
0.46
0.48
0.45
0.50
0.49
0.58
0.50
0.49
0.47
0.42
0.46
0.51
0.52
0.50
0.52
0.49
0.46
0.49
0.48
0.38
0.40
0.40
0.42
0.43
0.37
0.40
0.41
0.54
0.54
0.52
0.51
CorWatt	PkgWatt
15.30	127.21
0.51	127.58
0.47
0.45
0.44
0.51
0.52
0.57
0.50
0.41
0.46
0.39
0.45
0.54
0.53
0.50
0.52
0.52
0.49
0.48
0.48
0.40
0.43
0.41
0.42
0.41
0.40
0.41
0.44
0.61
0.57
0.56
0.51
CorWatt	PkgWatt
18.12	130.54
0.57	130.19
0.56
0.60
0.56
0.58
0.56
0.62
0.58
0.50
0.56
0.47
0.52
0.53
0.58
0.57
0.51
0.59
0.66
0.65
0.53
0.49
0.52
0.56
0.48
0.52
0.49
0.52
0.55
0.68
0.67
0.62
0.65
CorWatt	PkgWatt
15.29	127.45
0.56	127.35
0.45
0.50
0.45
0.50
0.50
0.54
0.50
0.41
0.44
0.39
0.47
0.55
0.52
0.51
0.52
0.46
0.56
0.47
0.48
0.45
0.40
0.43
0.40
0.37
0.37
0.41
0.51
0.60
0.54
0.53
0.52
