CorWatt	PkgWatt
15.47	127.78
0.52	127.80
0.55
0.47
0.46
0.56
0.51
0.51
0.51
0.40
0.45
0.38
0.40
0.52
0.54
0.53
0.54
0.47
0.53
0.54
0.52
0.41
0.42
0.43
0.44
0.39
0.38
0.47
0.39
0.56
0.55
0.54
0.56
CorWatt	PkgWatt
14.75	127.17
0.49	127.18
0.51
0.46
0.45
0.52
0.52
0.53
0.51
0.38
0.43
0.38
0.38
0.50
0.52
0.50
0.51
0.44
0.48
0.50
0.46
0.44
0.38
0.41
0.39
0.35
0.37
0.44
0.37
0.54
0.51
0.53
0.53
CorWatt	PkgWatt
21.34	133.00
0.65	133.00
0.60
0.61
2.28
0.69
0.72
0.63
0.60
0.54
0.85
0.50
0.49
0.61
0.67
0.65
0.65
0.59
0.57
0.68
0.65
0.54
0.60
0.58
0.53
0.52
0.48
0.63
0.51
0.69
0.69
0.73
0.64
CorWatt	PkgWatt
16.89	128.87
0.51	128.85
0.50
0.45
0.53
0.76
1.26
0.74
0.73
0.42
0.44
0.39
0.39
0.51
0.52
0.51
0.52
0.51
0.54
0.61
0.55
0.41
0.40
0.46
0.40
0.38
0.40
0.54
0.37
0.56
0.51
0.56
0.52
CorWatt	PkgWatt
16.56	128.68
0.50	128.69
0.51
0.48
0.56
0.76
1.29
0.73
0.72
0.40
0.45
0.40
0.38
0.50
0.51
0.50
0.52
0.44
0.53
0.56
0.53
0.43
0.38
0.41
0.41
0.35
0.36
0.48
0.36
0.57
0.50
0.53
0.50
CorWatt	PkgWatt
16.45	128.47
0.51	128.47
0.46
0.49
0.55
0.74
1.31
0.73
0.72
0.39
0.44
0.37
0.38
0.50
0.51
0.53
0.52
0.47
0.50
0.56
0.48
0.42
0.38
0.44
0.40
0.37
0.38
0.47
0.37
0.54
0.51
0.51
0.50
CorWatt	PkgWatt
16.25	128.47
0.50	128.46
0.47
0.50
0.54
0.75
1.33
0.73
0.72
0.38
0.43
0.37
0.38
0.50
0.51
0.51
0.51
0.44
0.50
0.53
0.49
0.42
0.38
0.41
0.38
0.35
0.35
0.46
0.37
0.52
0.50
0.52
0.50
CorWatt	PkgWatt
16.79	128.91
0.51	128.92
0.47
0.48
0.55
0.71
0.89
1.53
0.68
0.39
0.45
0.39
0.38
0.51
0.52
0.52
0.51
0.47
0.50
0.53
0.50
0.40
0.39
0.42
0.39
0.38
0.39
0.47
0.37
0.54
0.51
0.52
0.51
CorWatt	PkgWatt
17.66	130.27
0.52	130.27
0.51
0.47
0.54
0.52
0.52
3.28
0.50
0.39
0.43
0.38
0.40
0.53
0.51
0.49
0.52
0.44
0.52
0.51
0.49
0.40
0.39
0.42
0.38
0.36
0.37
0.46
0.39
0.53
0.50
0.51
0.50
CorWatt	PkgWatt
18.69	131.06
0.57	131.08
0.51
0.49
0.59
0.56
0.55
3.29
0.53
0.42
0.49
0.42
0.44
0.54
0.54
0.53
0.56
0.52
0.54
0.54
0.50
0.43
0.39
0.43
0.43
0.42
0.40
0.44
0.41
0.56
0.54
0.56
0.55
CorWatt	PkgWatt
17.62	130.43
0.52	130.42
0.47
0.46
0.53
0.52
0.52
3.28
0.49
0.38
0.43
0.37
0.39
0.50
0.51
0.49
0.51
0.50
0.49
0.51
0.47
0.40
0.38
0.41
0.39
0.39
0.37
0.45
0.38
0.54
0.52
0.53
0.51
CorWatt	PkgWatt
17.64	130.34
0.52	130.33
0.48
0.45
0.56
0.53
0.53
3.29
0.52
0.39
0.43
0.38
0.38
0.50
0.52
0.52
0.53
0.46
0.50
0.52
0.48
0.40
0.39
0.41
0.39
0.35
0.36
0.41
0.38
0.53
0.51
0.50
0.51
CorWatt	PkgWatt
17.61	130.34
0.52	130.35
0.48
0.47
0.55
0.53
0.51
3.29
0.49
0.39
0.46
0.39
0.40
0.54
0.53
0.51
0.54
0.44
0.49
0.51
0.47
0.40
0.38
0.41
0.38
0.36
0.36
0.41
0.37
0.53
0.51
0.50
0.50
CorWatt	PkgWatt
17.42	130.46
0.52	130.46
0.47
0.45
0.55
0.52
0.50
3.29
0.49
0.38
0.44
0.39
0.38
0.52
0.51
0.49
0.52
0.45
0.49
0.51
0.47
0.40
0.38
0.41
0.39
0.35
0.35
0.42
0.38
0.52
0.50
0.50
0.50
CorWatt	PkgWatt
17.49	130.22
0.53	130.21
0.49
0.44
0.55
0.52
0.51
3.29
0.49
0.38
0.43
0.39
0.39
0.55
0.51
0.50
0.52
0.45
0.50
0.51
0.47
0.39
0.38
0.41
0.38
0.35
0.35
0.41
0.38
0.53
0.50
0.51
0.50
CorWatt	PkgWatt
17.68	130.44
0.55	130.43
0.47
0.45
0.54
0.53
0.51
3.28
0.51
0.40
0.43
0.37
0.39
0.53
0.52
0.52
0.54
0.46
0.49
0.53
0.48
0.41
0.40
0.41
0.40
0.35
0.37
0.41
0.38
0.52
0.50
0.51
0.50
CorWatt	PkgWatt
17.54	130.23
0.53	130.23
0.45
0.46
0.55
0.52
0.54
3.29
0.49
0.38
0.45
0.39
0.40
0.52
0.52
0.51
0.52
0.45
0.49
0.52
0.47
0.39
0.38
0.40
0.38
0.35
0.35
0.41
0.37
0.57
0.50
0.50
0.50
CorWatt	PkgWatt
17.55	130.30
0.54	130.31
0.45
0.46
0.54
0.51
0.55
3.29
0.49
0.38
0.43
0.37
0.38
0.52
0.51
0.50
0.51
0.46
0.50
0.53
0.51
0.40
0.38
0.41
0.38
0.36
0.36
0.41
0.37
0.53
0.50
0.51
0.50
CorWatt	PkgWatt
17.51	130.29
0.52	130.30
0.45
0.45
0.53
0.53
0.54
3.29
0.49
0.39
0.45
0.37
0.38
0.50
0.51
0.50
0.52
0.44
0.54
0.50
0.47
0.40
0.40
0.45
0.39
0.35
0.35
0.41
0.38
0.53
0.50
0.51
0.50
CorWatt	PkgWatt
17.47	130.12
0.54	130.12
0.46
0.45
0.53
0.52
0.51
3.08
0.49
0.39
0.48
0.40
0.38
0.51
0.51
0.51
0.52
0.45
0.52
0.53
0.49
0.41
0.39
0.42
0.40
0.37
0.36
0.41
0.35
0.53
0.51
0.51
0.50
CorWatt	PkgWatt
18.78	130.65
0.59	130.67
0.54
0.55
0.60
0.56
0.55
0.58
0.54
0.45
0.49
0.44
0.46
0.65
0.59
0.58
0.59
0.51
0.59
1.11
0.55
0.62
0.62
0.90
0.84
0.44
0.43
0.47
0.43
0.63
0.61
0.64
0.62
CorWatt	PkgWatt
16.86	129.14
0.52	129.12
0.46
0.46
0.45
0.49
0.49
0.51
0.49
0.39
0.43
0.37
0.38
0.56
0.50
0.50
0.51
0.45
0.51
0.62
0.47
0.75
0.76
1.45
0.76
0.35
0.36
0.40
0.36
0.53
0.50
0.57
0.50
CorWatt	PkgWatt
16.99	129.02
0.54	129.02
0.45
0.47
0.44
0.50
0.50
0.50
0.48
0.37
0.43
0.36
0.38
0.60
0.50
0.52
0.54
0.46
0.53
0.64
0.49
0.74
0.75
0.74
1.45
0.35
0.36
0.39
0.40
0.58
0.50
0.51
0.52
CorWatt	PkgWatt
16.92	129.00
0.55	128.99
0.47
0.47
0.46
0.50
0.51
0.52
0.50
0.39
0.43
0.37
0.38
0.51
0.51
0.50
0.51
0.46
0.51
0.63
0.48
0.75
0.75
0.74
1.44
0.35
0.36
0.39
0.41
0.53
0.50
0.51
0.51
CorWatt	PkgWatt
16.81	129.05
0.51	129.06
0.46
0.47
0.44
0.49
0.50
0.50
0.49
0.38
0.43
0.38
0.38
0.50
0.50
0.49
0.50
0.47
0.50
0.62
0.48
0.75
0.76
0.78
1.40
0.35
0.35
0.42
0.44
0.53
0.52
0.51
0.52
CorWatt	PkgWatt
16.74	128.80
0.55	128.80
0.46
0.46
0.47
0.49
0.50
0.49
0.51
0.37
0.43
0.37
0.38
0.52
0.50
0.49
0.51
0.45
0.49
0.62
0.47
0.74
0.75
0.88
1.31
0.35
0.37
0.40
0.40
0.52
0.50
0.50
0.50
CorWatt	PkgWatt
18.25	130.28
0.52	130.27
0.45
0.45
0.44
0.49
0.51
0.52
0.49
0.40
0.46
0.39
0.40
0.51
0.50
0.50
0.50
0.46
0.50
0.61
0.47
0.98
0.99
2.07
1.12
0.35
0.35
0.40
0.40
0.53
0.50
0.50
0.50
CorWatt	PkgWatt
20.00	132.01
0.53	132.01
0.45
0.46
0.45
0.50
0.50
0.52
0.52
0.39
0.44
0.38
0.38
0.52
0.52
0.50
0.53
0.46
0.50
0.62
0.48
1.24
1.24
2.92
1.36
0.35
0.38
0.39
0.40
0.54
0.50
0.50
0.50
CorWatt	PkgWatt
19.95	132.02
0.52	132.02
0.46
0.46
0.46
0.49
0.50
0.50
0.51
0.38
0.43
0.39
0.38
0.54
0.50
0.50
0.53
0.47
0.53
0.61
0.47
1.24
1.24
2.58
1.69
0.35
0.35
0.39
0.43
0.55
0.51
0.50
0.50
CorWatt	PkgWatt
19.90	131.99
0.54	131.99
0.46
0.46
0.44
0.50
0.49
0.49
0.49
0.38
0.47
0.39
0.40
0.51
0.51
0.50
0.51
0.47
0.49
0.62
0.50
1.24
1.24
3.03
1.24
0.35
0.35
0.39
0.40
0.54
0.50
0.50
0.51
CorWatt	PkgWatt
20.14	132.07
0.53	132.07
0.47
0.46
0.44
0.50
0.50
0.49
0.50
0.39
0.46
0.37
0.40
0.54
0.52
0.51
0.52
0.46
0.49
0.63
0.50
1.24
1.24
2.63
1.65
0.37
0.37
0.41
0.43
0.55
0.52
0.53
0.52
CorWatt	PkgWatt
19.93	132.16
0.52	132.16
0.47
0.45
0.44
0.52
0.51
0.50
0.52
0.39
0.44
0.37
0.38
0.50
0.51
0.49
0.52
0.46
0.49
0.63
0.48
1.24
1.24
2.15
2.12
0.35
0.38
0.39
0.41
0.53
0.50
0.51
0.51
CorWatt	PkgWatt
19.87	131.83
0.52	131.83
0.47
0.45
0.44
0.50
0.49
0.49
0.49
0.37
0.43
0.36
0.38
0.51
0.50
0.49
0.51
0.46
0.52
0.63
0.50
1.24
1.24
3.02
1.24
0.38
0.38
0.40
0.42
0.54
0.50
0.50
0.51
CorWatt	PkgWatt
19.77	131.86
0.53	131.86
0.45
0.45
0.44
0.49
0.49
0.48
0.48
0.40
0.43
0.36
0.38
0.50
0.50
0.51
0.51
0.47
0.49
0.62
0.48
1.24
1.24
1.36
2.90
0.35
0.36
0.40
0.42
0.52
0.50
0.50
0.50
CorWatt	PkgWatt
19.85	131.96
0.55	131.96
0.48
0.46
0.46
0.49
0.49
0.49
0.48
0.38
0.43
0.37
0.38
0.50
0.50
0.51
0.51
0.47
0.49
0.61
0.50
1.24
1.24
1.64
2.63
0.35
0.38
0.39
0.41
0.53
0.50
0.50
0.50
CorWatt	PkgWatt
20.03	132.20
0.52	132.20
0.49
0.45
0.46
0.51
0.50
0.50
0.49
0.38
0.43
0.37
0.38
0.52
0.51
0.51
0.52
0.46
0.50
0.57
0.55
1.24
1.23
1.23
3.05
0.37
0.40
0.40
0.43
0.52
0.50
0.50
0.51
CorWatt	PkgWatt
19.86	131.91
0.51	131.91
0.50
0.46
0.44
0.52
0.50
0.49
0.48
0.38
0.43
0.37
0.38
0.51
0.50
0.49
0.51
0.45
0.51
0.52
0.60
1.24
1.24
1.61
2.67
0.35
0.36
0.39
0.42
0.53
0.50
0.50
0.50
CorWatt	PkgWatt
19.81	131.80
0.60	131.81
0.51
0.50
0.50
0.54
0.55
0.54
0.54
0.47
0.49
0.45
0.44
0.57
0.60
0.59
0.58
0.54
0.54
0.59
0.65
0.90
0.88
1.79
0.89
0.43
0.44
0.47
0.47
1.07
0.56
0.55
0.56
CorWatt	PkgWatt
16.52	128.64
0.54	128.64
0.48
0.44
0.44
0.51
0.52
0.50
0.50
0.40
0.43
0.39
0.40
0.53
0.57
0.51
0.53
0.46
0.52
0.46
0.55
0.40
0.41
0.40
0.48
0.57
1.03
0.71
0.61
0.68
0.51
0.52
0.51
CorWatt	PkgWatt
16.54	128.47
0.54	128.46
0.46
0.45
0.47
0.50
0.50
0.49
0.49
0.40
0.47
0.39
0.41
0.50
0.57
0.51
0.52
0.47
0.50
0.49
0.54
0.43
0.41
0.41
0.46
0.62
1.03
0.63
0.62
0.65
0.54
0.53
0.53
CorWatt	PkgWatt
16.46	128.47
0.53	128.47
0.45
0.46
0.45
0.50
0.51
0.49
0.49
0.39
0.46
0.37
0.39
0.52
0.58
0.51
0.52
0.47
0.50
0.46
0.54
0.41
0.42
0.41
0.46
0.61
0.97
0.64
0.71
0.66
0.53
0.53
0.52
CorWatt	PkgWatt
16.15	128.31
0.51	128.31
0.43
0.45
0.47
0.51
0.50
0.50
0.50
0.38
0.45
0.39
0.38
0.51
0.58
0.51
0.53
0.44
0.49
0.47
0.52
0.39
0.40
0.38
0.44
0.60
1.01
0.62
0.61
0.66
0.51
0.50
0.51
CorWatt	PkgWatt
16.49	128.93
0.52	128.93
0.46
0.45
0.44
0.50
0.50
0.50
0.49
0.39
0.45
0.38
0.39
0.53
0.53
0.50
0.53
0.44
0.49
0.47
0.53
0.40
0.41
0.39
0.45
0.57
1.38
0.59
0.59
0.66
0.56
0.50
0.50
CorWatt	PkgWatt
18.83	133.36
0.54	133.35
0.43
0.45
0.45
0.50
0.50
0.49
0.51
0.39
0.46
0.41
0.38
0.52
0.52
0.50
0.52
0.44
0.50
0.47
0.53
0.40
0.42
0.39
0.39
0.38
4.31
0.40
0.39
0.63
0.57
0.51
0.52
CorWatt	PkgWatt
18.67	133.40
0.55	133.41
0.44
0.44
0.44
0.49
0.49
0.48
0.49
0.38
0.43
0.39
0.39
0.52
0.51
0.51
0.51
0.45
0.49
0.46
0.52
0.39
0.41
0.39
0.38
0.37
4.31
0.39
0.39
0.65
0.56
0.51
0.51
CorWatt	PkgWatt
18.78	133.53
0.56	133.53
0.43
0.45
0.46
0.50
0.49
0.49
0.50
0.39
0.44
0.37
0.40
0.55
0.53
0.52
0.53
0.44
0.49
0.47
0.52
0.39
0.41
0.38
0.38
0.37
4.31
0.40
0.39
0.65
0.56
0.51
0.51
CorWatt	PkgWatt
18.76	133.59
0.54	133.60
0.44
0.45
0.44
0.49
0.49
0.48
0.48
0.39
0.47
0.39
0.41
0.52
0.52
0.51
0.52
0.45
0.49
0.46
0.53
0.39
0.41
0.39
0.38
0.37
4.32
0.40
0.39
0.68
0.56
0.51
0.52
CorWatt	PkgWatt
18.93	133.62
0.53	133.61
0.48
0.46
0.46
0.50
0.49
0.49
0.50
0.39
0.44
0.38
0.39
0.55
0.52
0.50
0.53
0.45
0.50
0.48
0.55
0.41
0.41
0.39
0.39
0.38
4.31
0.40
0.39
0.65
0.56
0.52
0.52
CorWatt	PkgWatt
18.76	133.49
0.52	133.50
0.48
0.44
0.43
0.49
0.49
0.48
0.48
0.39
0.45
0.38
0.39
0.51
0.51
0.50
0.52
0.45
0.50
0.46
0.55
0.41
0.42
0.41
0.41
0.37
4.31
0.41
0.39
0.64
0.56
0.51
0.51
CorWatt	PkgWatt
18.77	133.63
0.53	133.63
0.49
0.44
0.45
0.49
0.49
0.48
0.48
0.38
0.48
0.41
0.38
0.50
0.51
0.50
0.52
0.45
0.50
0.47
0.55
0.40
0.41
0.39
0.39
0.37
4.31
0.39
0.37
0.65
0.56
0.51
0.53
CorWatt	PkgWatt
18.96	133.82
0.53	133.83
0.49
0.47
0.45
0.49
0.49
0.50
0.49
0.38
0.44
0.40
0.38
0.52
0.52
0.51
0.52
0.44
0.48
0.48
0.54
0.41
0.44
0.41
0.39
0.40
4.31
0.40
0.37
0.66
0.59
0.52
0.52
CorWatt	PkgWatt
18.89	133.63
0.54	133.62
0.46
0.46
0.45
0.50
0.50
0.49
0.49
0.40
0.44
0.38
0.39
0.52
0.53
0.51
0.52
0.45
0.49
0.47
0.52
0.43
0.44
0.40
0.39
0.38
4.31
0.40
0.37
0.65
0.58
0.52
0.52
CorWatt	PkgWatt
18.74	133.48
0.53	133.48
0.45
0.46
0.44
0.49
0.50
0.48
0.48
0.38
0.48
0.37
0.38
0.51
0.51
0.51
0.52
0.45
0.51
0.47
0.54
0.39
0.42
0.39
0.39
0.37
4.31
0.40
0.37
0.66
0.56
0.51
0.52
CorWatt	PkgWatt
18.94	133.84
0.56	133.84
0.47
0.47
0.45
0.49
0.53
0.51
0.49
0.39
0.43
0.37
0.38
0.55
0.52
0.51
0.52
0.47
0.50
0.46
0.54
0.41
0.41
0.40
0.42
0.37
4.32
0.39
0.37
0.66
0.57
0.51
0.52
CorWatt	PkgWatt
18.80	133.62
0.53	133.62
0.45
0.45
0.43
0.49
0.50
0.49
0.48
0.39
0.43
0.38
0.40
0.51
0.51
0.51
0.51
0.47
0.50
0.47
0.53
0.40
0.41
0.40
0.39
0.37
4.31
0.41
0.38
0.65
0.58
0.53
0.54
CorWatt	PkgWatt
18.23	130.45
0.88	130.47
0.75
0.50
0.49
0.63
0.91
0.64
0.64
0.42
0.48
0.43
0.43
0.59
0.60
0.60
0.63
0.53
0.54
0.53
0.59
0.45
0.46
0.44
0.48
0.44
0.71
0.46
0.44
0.71
0.62
0.58
0.61
CorWatt	PkgWatt
16.36	128.74
0.49	128.73
0.58
0.46
0.44
0.74
1.25
0.75
0.72
0.42
0.45
0.39
0.38
0.51
0.52
0.52
0.58
0.45
0.50
0.46
0.53
0.40
0.42
0.40
0.45
0.36
0.38
0.37
0.35
0.57
0.51
0.51
0.51
CorWatt	PkgWatt
16.35	128.49
0.57	128.48
0.52
0.45
0.44
0.74
1.24
0.77
0.73
0.38
0.43
0.37
0.38
0.52
0.53
0.50
0.54
0.46
0.50
0.47
0.53
0.40
0.45
0.40
0.45
0.35
0.37
0.36
0.35
0.56
0.57
0.50
0.52
CorWatt	PkgWatt
16.54	128.70
0.58	128.70
0.49
0.49
0.47
0.73
1.23
0.74
0.73
0.39
0.44
0.39
0.38
0.55
0.52
0.50
0.53
0.46
0.52
0.45
0.56
0.43
0.45
0.39
0.47
0.35
0.37
0.37
0.37
0.59
0.57
0.50
0.51
CorWatt	PkgWatt
16.43	128.64
0.59	128.64
0.45
0.49
0.45
0.74
1.23
0.75
0.72
0.41
0.48
0.39
0.40
0.52
0.52
0.51
0.52
0.46
0.51
0.49
0.54
0.40
0.41
0.40
0.45
0.36
0.35
0.37
0.37
0.57
0.57
0.51
0.51
CorWatt	PkgWatt
17.08	129.33
0.59	129.32
0.45
0.51
0.44
0.71
0.73
1.68
0.70
0.39
0.46
0.39
0.40
0.53
0.52
0.52
0.53
0.47
0.51
0.48
0.54
0.43
0.44
0.41
0.47
0.38
0.39
0.39
0.38
0.60
0.59
0.53
0.54
CorWatt	PkgWatt
17.86	130.45
0.59	130.45
0.44
0.50
0.44
0.63
0.65
3.19
0.62
0.39
0.44
0.37
0.38
0.50
0.51
0.50
0.52
0.46
0.50
0.46
0.53
0.40
0.41
0.39
0.43
0.35
0.37
0.36
0.38
0.56
0.56
0.51
0.50
CorWatt	PkgWatt
18.11	130.70
0.59	130.71
0.49
0.52
0.48
0.62
0.63
3.17
0.61
0.38
0.44
0.40
0.38
0.51
0.51
0.55
0.52
0.47
0.53
0.46
0.54
0.39
0.41
0.40
0.43
0.38
0.37
0.38
0.38
0.58
0.55
0.50
0.52
CorWatt	PkgWatt
18.14	130.91
0.59	130.90
0.51
0.46
0.46
0.63
1.30
2.60
0.62
0.40
0.45
0.38
0.39
0.50
0.52
0.53
0.52
0.49
0.52
0.47
0.54
0.40
0.43
0.40
0.45
0.36
0.36
0.37
0.37
0.55
0.55
0.51
0.52
CorWatt	PkgWatt
17.98	130.72
0.60	130.72
0.51
0.47
0.47
0.62
1.60
2.26
0.61
0.39
0.45
0.39
0.38
0.53
0.51
0.51
0.52
0.47
0.51
0.47
0.53
0.39
0.41
0.39
0.43
0.35
0.35
0.36
0.36
0.58
0.55
0.50
0.51
CorWatt	PkgWatt
17.90	130.75
0.59	130.75
0.51
0.46
0.46
0.63
3.17
0.65
0.62
0.38
0.44
0.37
0.38
0.51
0.51
0.50
0.52
0.48
0.52
0.49
0.53
0.40
0.41
0.39
0.43
0.37
0.37
0.36
0.37
0.56
0.55
0.50
0.50
CorWatt	PkgWatt
18.08	130.88
0.58	130.89
0.51
0.48
0.45
0.63
3.18
0.66
0.62
0.39
0.45
0.38
0.40
0.55
0.53
0.57
0.53
0.46
0.53
0.46
0.54
0.39
0.42
0.41
0.42
0.35
0.35
0.36
0.37
0.58
0.55
0.50
0.51
CorWatt	PkgWatt
18.59	131.33
0.59	131.34
0.50
0.49
0.45
0.63
1.70
2.18
0.62
0.42
0.55
0.41
0.47
0.56
0.56
0.54
0.53
0.49
0.52
0.49
0.56
0.40
0.42
0.39
0.43
0.38
0.37
0.38
0.38
0.58
0.57
0.51
0.51
CorWatt	PkgWatt
18.12	130.82
0.58	130.80
0.46
0.51
0.44
0.63
0.88
3.03
0.62
0.40
0.45
0.40
0.40
0.52
0.51
0.50
0.52
0.46
0.53
0.48
0.54
0.39
0.43
0.39
0.42
0.35
0.37
0.39
0.40
0.56
0.55
0.50
0.50
CorWatt	PkgWatt
18.12	130.83
0.61	130.83
0.48
0.50
0.46
0.63
0.64
3.17
0.62
0.39
0.48
0.40
0.41
0.51
0.51
0.50
0.52
0.46
0.49
0.48
0.53
0.41
0.41
0.41
0.44
0.37
0.35
0.36
0.39
0.57
0.57
0.53
0.53
CorWatt	PkgWatt
17.89	130.51
0.58	130.50
0.46
0.51
0.44
0.62
3.18
0.68
0.61
0.38
0.43
0.37
0.39
0.50
0.51
0.50
0.51
0.46
0.48
0.45
0.52
0.39
0.42
0.39
0.43
0.36
0.36
0.38
0.37
0.59
0.57
0.52
0.51
CorWatt	PkgWatt
18.13	130.57
0.59	130.57
0.47
0.52
0.47
0.65
3.18
0.68
0.64
0.38
0.45
0.40
0.40
0.51
0.53
0.53
0.54
0.47
0.48
0.47
0.53
0.41
0.41
0.39
0.43
0.36
0.36
0.36
0.38
0.57
0.56
0.51
0.51
CorWatt	PkgWatt
17.47	129.96
0.62	129.97
0.49
0.54
0.47
0.59
2.27
0.62
0.58
0.43
0.46
0.41
0.42
0.53
0.53
0.52
0.53
0.47
0.48
0.47
0.77
0.41
0.41
0.39
0.43
0.35
0.35
0.36
0.37
0.58
0.57
0.50
0.53
CorWatt	PkgWatt
18.17	130.25
0.57	130.25
0.53
0.57
0.53
0.55
0.58
0.56
0.53
0.45
0.54
0.47
0.48
0.58
0.60
0.56
0.58
0.52
0.54
0.52
0.85
0.63
1.15
0.65
0.66
0.41
0.40
0.41
0.45
0.61
0.56
0.55
0.57
CorWatt	PkgWatt
16.41	128.56
0.50	128.55
0.48
0.49
0.44
0.50
0.51
0.51
0.49
0.39
0.48
0.42
0.44
0.52
0.53
0.52
0.52
0.47
0.49
0.47
0.59
0.62
1.17
0.66
0.67
0.35
0.35
0.37
0.38
0.56
0.50
0.50
0.51
CorWatt	PkgWatt
17.02	129.27
0.58	129.27
0.53
0.50
0.50
0.52
0.52
0.50
0.51
0.40
0.53
0.39
0.45
0.56
0.54
0.55
0.55
0.50
0.54
0.52
0.62
0.64
1.20
0.66
0.67
0.36
0.35
0.37
0.38
0.57
0.51
0.51
0.51
CorWatt	PkgWatt
16.34	128.51
0.49	128.51
0.48
0.45
0.44
0.50
0.50
0.49
0.48
0.38
0.50
0.41
0.44
0.51
0.52
0.50
0.52
0.47
0.49
0.46
0.58
0.62
1.11
0.79
0.66
0.35
0.35
0.36
0.37
0.59
0.51
0.50
0.51
CorWatt	PkgWatt
16.25	128.54
0.51	128.54
0.49
0.45
0.46
0.50
0.50
0.48
0.48
0.39
0.48
0.38
0.38
0.51
0.51
0.50
0.52
0.45
0.48
0.47
0.59
0.63
1.21
0.66
0.66
0.35
0.35
0.36
0.37
0.55
0.55
0.50
0.51
CorWatt	PkgWatt
17.44	130.28
0.51	130.28
0.51
0.45
0.44
0.49
0.51
0.49
0.48
0.38
0.49
0.37
0.39
0.50
0.52
0.51
0.52
0.48
0.48
0.47
0.57
0.45
2.95
0.49
0.45
0.35
0.35
0.36
0.38
0.55
0.55
0.50
0.50
CorWatt	PkgWatt
18.07	131.03
0.54	131.03
0.51
0.48
0.46
0.50
0.50
0.50
0.50
0.40
0.53
0.42
0.41
0.50
0.52
0.50
0.52
0.47
0.50
0.51
0.56
0.41
3.26
0.45
0.41
0.37
0.37
0.38
0.37
0.57
0.58
0.51
0.54
CorWatt	PkgWatt
17.78	130.70
0.52	130.70
0.50
0.47
0.45
0.50
0.50
0.51
0.49
0.39
0.48
0.38
0.39
0.54
0.52
0.50
0.51
0.46
0.49
0.48
0.58
0.40
3.27
0.44
0.40
0.38
0.37
0.36
0.35
0.58
0.58
0.51
0.51
CorWatt	PkgWatt
17.86	130.76
0.52	130.76
0.50
0.47
0.46
0.50
0.51
0.49
0.49
0.39
0.49
0.38
0.39
0.51
0.52
0.51
0.52
0.47
0.49
0.49
0.59
0.44
3.27
0.46
0.40
0.36
0.36
0.37
0.36
0.55
0.57
0.51
0.52
CorWatt	PkgWatt
17.71	130.65
0.52	130.65
0.50
0.47
0.44
0.49
0.50
0.49
0.48
0.38
0.47
0.37
0.38
0.51
0.51
0.51
0.52
0.46
0.51
0.49
0.59
0.40
3.27
0.45
0.40
0.35
0.35
0.36
0.35
0.61
0.55
0.50
0.52
CorWatt	PkgWatt
17.96	131.00
0.55	131.00
0.51
0.49
0.50
0.50
0.53
0.51
0.49
0.40
0.50
0.37
0.39
0.50
0.52
0.51
0.52
0.47
0.49
0.49
0.57
0.43
3.27
0.47
0.40
0.36
0.36
0.37
0.35
0.55
0.55
0.51
0.51
CorWatt	PkgWatt
17.73	130.61
0.52	130.61
0.46
0.45
0.49
0.49
0.51
0.49
0.48
0.39
0.48
0.38
0.38
0.50
0.52
0.50
0.52
0.46
0.50
0.49
0.58
0.40
3.27
0.45
0.40
0.35
0.35
0.38
0.37
0.56
0.58
0.51
0.52
CorWatt	PkgWatt
17.67	130.64
0.54	130.64
0.48
0.45
0.49
0.49
0.50
0.49
0.50
0.38
0.48
0.39
0.38
0.50
0.51
0.50
0.52
0.46
0.49
0.48
0.58
0.40
3.27
0.45
0.40
0.35
0.35
0.36
0.35
0.55
0.58
0.50
0.50
CorWatt	PkgWatt
17.65	130.78
0.52	130.78
0.45
0.44
0.48
0.49
0.50
0.49
0.48
0.41
0.50
0.39
0.38
0.54
0.52
0.51
0.52
0.47
0.49
0.47
0.58
0.40
3.27
0.45
0.40
0.35
0.35
0.36
0.35
0.56
0.55
0.51
0.50
CorWatt	PkgWatt
17.85	130.88
0.52	130.87
0.48
0.47
0.48
0.50
0.51
0.52
0.51
0.39
0.47
0.38
0.38
0.52
0.53
0.51
0.54
0.46
0.49
0.48
0.58
0.41
3.27
0.46
0.40
0.36
0.37
0.37
0.36
0.55
0.55
0.51
0.51
CorWatt	PkgWatt
17.86	130.75
0.52	130.75
0.48
0.47
0.50
0.49
0.50
0.49
0.50
0.40
0.47
0.38
0.38
0.53
0.52
0.50
0.53
0.46
0.51
0.47
0.58
0.43
3.27
0.44
0.44
0.35
0.35
0.36
0.37
0.60
0.56
0.50
0.51
CorWatt	PkgWatt
17.67	130.65
0.53	130.65
0.45
0.47
0.49
0.50
0.51
0.48
0.48
0.39
0.51
0.38
0.38
0.50
0.52
0.49
0.52
0.47
0.50
0.47
0.58
0.41
3.27
0.44
0.40
0.35
0.35
0.36
0.37
0.55
0.55
0.50
0.50
CorWatt	PkgWatt
18.29	130.45
0.74	130.47
0.51
0.50
0.53
0.83
0.63
0.61
0.60
0.50
0.53
0.46
0.47
0.56
0.91
0.57
0.58
0.52
0.55
0.55
0.65
0.45
1.05
0.49
0.46
0.39
0.40
0.42
0.45
0.63
0.60
0.57
0.59
CorWatt	PkgWatt
17.48	129.36
0.60	129.35
0.48
0.48
0.46
1.35
1.12
0.86
0.86
0.45
0.49
0.41
0.40
0.53
0.53
0.52
0.54
0.48
0.50
0.49
0.50
0.42
0.43
0.44
0.42
0.37
0.38
0.39
0.41
0.57
0.54
0.53
0.54
CorWatt	PkgWatt
16.96	128.91
0.60	128.91
0.46
0.46
0.44
0.89
1.55
0.84
0.83
0.38
0.49
0.38
0.38
0.52
0.51
0.52
0.53
0.47
0.50
0.47
0.49
0.39
0.39
0.42
0.39
0.39
0.37
0.37
0.39
0.56
0.57
0.50
0.53
CorWatt	PkgWatt
17.04	128.99
0.62	128.99
0.47
0.49
0.46
1.54
0.86
0.84
0.83
0.42
0.49
0.37
0.40
0.54
0.51
0.52
0.52
0.49
0.47
0.47
0.50
0.40
0.41
0.42
0.40
0.35
0.35
0.36
0.42
0.56
0.57
0.50
0.50
CorWatt	PkgWatt
16.90	129.11
0.61	129.11
0.49
0.47
0.46
0.92
1.51
0.84
0.83
0.39
0.48
0.38
0.38
0.51
0.52
0.52
0.52
0.48
0.48
0.46
0.47
0.39
0.38
0.42
0.39
0.35
0.35
0.36
0.39
0.59
0.55
0.50
0.50
CorWatt	PkgWatt
17.00	129.08
0.59	129.08
0.48
0.50
0.45
1.54
0.88
0.84
0.84
0.38
0.49
0.39
0.38
0.50
0.52
0.52
0.55
0.46
0.49
0.49
0.47
0.40
0.38
0.42
0.39
0.38
0.38
0.37
0.38
0.55
0.56
0.51
0.51
CorWatt	PkgWatt
17.37	129.36
0.59	129.36
0.51
0.47
0.45
1.00
1.77
0.93
0.92
0.39
0.48
0.38
0.38
0.51
0.51
0.51
0.52
0.46
0.50
0.46
0.48
0.39
0.39
0.41
0.39
0.35
0.35
0.35
0.38
0.56
0.57
0.50
0.50
CorWatt	PkgWatt
19.99	131.66
0.60	131.66
0.51
0.47
0.44
1.34
3.16
1.35
1.34
0.40
0.47
0.40
0.38
0.51
0.52
0.52
0.52
0.47
0.48
0.47
0.47
0.40
0.39
0.41
0.39
0.37
0.36
0.37
0.37
0.55
0.55
0.50
0.51
CorWatt	PkgWatt
19.98	131.83
0.59	131.83
0.53
0.45
0.44
1.39
3.10
1.35
1.34
0.38
0.47
0.38
0.40
0.51
0.51
0.50
0.52
0.47
0.50
0.48
0.49
0.39
0.39
0.42
0.39
0.35
0.36
0.38
0.39
0.55
0.55
0.50
0.50
CorWatt	PkgWatt
20.30	132.02
0.60	132.02
0.50
0.48
0.46
1.34
3.14
1.35
1.34
0.41
0.51
0.40
0.40
0.50
0.52
0.51
0.53
0.49
0.49
0.49
0.48
0.42
0.39
0.43
0.42
0.39
0.36
0.37
0.38
0.56
0.58
0.54
0.52
CorWatt	PkgWatt
19.92	131.59
0.59	131.59
0.50
0.46
0.44
3.02
1.49
1.35
1.34
0.38
0.49
0.37
0.38
0.51
0.51
0.50
0.52
0.46
0.47
0.47
0.47
0.39
0.39
0.41
0.39
0.36
0.36
0.37
0.37
0.58
0.56
0.52
0.51
CorWatt	PkgWatt
20.08	131.87
0.60	131.87
0.48
0.48
0.47
2.60
1.35
1.90
1.34
0.39
0.50
0.40
0.38
0.51
0.52
0.53
0.55
0.46
0.49
0.47
0.46
0.41
0.39
0.42
0.40
0.35
0.35
0.36
0.37
0.56
0.57
0.50
0.51
CorWatt	PkgWatt
19.99	131.72
0.59	131.72
0.51
0.47
0.44
3.14
1.35
1.35
1.34
0.39
0.49
0.38
0.40
0.53
0.53
0.51
0.55
0.46
0.47
0.48
0.46
0.41
0.39
0.41
0.39
0.35
0.35
0.36
0.38
0.56
0.56
0.51
0.50
CorWatt	PkgWatt
20.12	131.86
0.62	131.86
0.49
0.47
0.47
3.14
1.35
1.35
1.34
0.40
0.49
0.41
0.39
0.53
0.52
0.51
0.55
0.46
0.48
0.48
0.47
0.41
0.40
0.42
0.40
0.36
0.35
0.37
0.37
0.56
0.56
0.51
0.51
CorWatt	PkgWatt
19.89	131.74
0.60	131.74
0.50
0.47
0.44
1.35
1.36
3.14
1.34
0.38
0.48
0.38
0.38
0.52
0.51
0.50
0.52
0.47
0.48
0.48
0.47
0.39
0.39
0.41
0.39
0.35
0.35
0.36
0.37
0.56
0.54
0.50
0.50
CorWatt	PkgWatt
20.16	131.85
0.63	131.85
0.51
0.47
0.47
3.15
1.35
1.35
1.33
0.42
0.50
0.38
0.41
0.55
0.54
0.53
0.54
0.46
0.47
0.49
0.47
0.40
0.39
0.42
0.39
0.35
0.35
0.37
0.37
0.55
0.56
0.50
0.50
CorWatt	PkgWatt
19.97	131.74
0.60	131.74
0.49
0.47
0.45
2.69
1.35
1.82
1.34
0.38
0.49
0.38
0.39
0.52
0.51
0.50
0.53
0.46
0.47
0.48
0.47
0.39
0.39
0.41
0.39
0.35
0.35
0.36
0.37
0.58
0.56
0.50
0.50
CorWatt	PkgWatt
18.92	130.83
0.58	130.84
0.50
0.47
0.46
2.55
1.16
1.16
1.13
0.40
0.49
0.42
0.38
0.52
0.52
0.51
0.53
0.50
0.48
0.48
0.48
0.41
0.39
0.42
0.39
0.35
0.35
0.36
0.38
0.56
0.56
0.51
0.51
CorWatt	PkgWatt
20.74	135.30
0.64	135.33
0.59
0.55
0.56
0.54
0.58
0.61
0.53
0.44
0.57
0.43
0.45
0.59
0.60
0.60
0.63
0.56
0.52
0.54
0.52
0.49
0.44
0.49
0.49
0.45
0.45
0.45
0.98
0.62
3.59
0.63
0.63
CorWatt	PkgWatt
20.57	138.12
0.54	138.10
0.52
0.49
0.47
0.50
0.50
0.55
0.48
0.38
0.52
0.40
0.39
0.52
0.52
0.51
0.53
0.46
0.49
0.48
0.48
0.40
0.38
0.41
0.40
0.36
0.37
0.40
0.47
0.57
5.93
0.59
0.59
CorWatt	PkgWatt
20.43	138.06
0.52	138.06
0.51
0.46
0.44
0.50
0.50
0.56
0.50
0.41
0.48
0.38
0.38
0.51
0.52
0.50
0.52
0.46
0.47
0.46
0.47
0.39
0.38
0.41
0.39
0.39
0.38
0.39
0.45
0.57
5.94
0.62
0.57
CorWatt	PkgWatt
20.70	138.20
0.52	138.19
0.50
0.50
0.47
0.51
0.52
0.50
0.50
0.40
0.48
0.39
0.39
0.51
0.53
0.51
0.54
0.48
0.49
0.48
0.49
0.43
0.41
0.44
0.40
0.38
0.38
0.40
0.47
0.56
5.95
0.60
0.57
CorWatt	PkgWatt
20.39	138.20
0.53	138.20
0.51
0.46
0.45
0.52
0.50
0.50
0.48
0.38
0.47
0.37
0.38
0.57
0.51
0.50
0.52
0.46
0.49
0.48
0.48
0.39
0.38
0.41
0.39
0.36
0.36
0.39
0.48
0.57
5.95
0.58
0.56
CorWatt	PkgWatt
20.51	138.24
0.54	138.24
0.52
0.48
0.45
0.49
0.52
0.51
0.49
0.40
0.48
0.37
0.38
0.55
0.51
0.50
0.52
0.47
0.48
0.47
0.50
0.43
0.38
0.43
0.40
0.36
0.36
0.39
0.47
0.55
5.95
0.59
0.56
CorWatt	PkgWatt
20.36	138.06
0.52	138.07
0.50
0.46
0.44
0.49
0.50
0.50
0.48
0.38
0.50
0.39
0.38
0.52
0.51
0.50
0.52
0.47
0.48
0.46
0.47
0.39
0.39
0.41
0.39
0.36
0.36
0.41
0.48
0.55
5.95
0.59
0.59
CorWatt	PkgWatt
20.47	138.24
0.55	138.24
0.52
0.47
0.46
0.50
0.50
0.49
0.51
0.39
0.48
0.38
0.38
0.50
0.52
0.51
0.53
0.46
0.48
0.48
0.47
0.40
0.39
0.42
0.40
0.37
0.37
0.40
0.46
0.54
5.95
0.61
0.56
CorWatt	PkgWatt
20.40	138.20
0.52	138.20
0.50
0.45
0.45
0.49
0.51
0.51
0.49
0.41
0.49
0.40
0.40
0.51
0.52
0.51
0.53
0.46
0.48
0.46
0.47
0.39
0.39
0.41
0.39
0.37
0.37
0.40
0.48
0.55
5.95
0.60
0.57
CorWatt	PkgWatt
20.45	138.18
0.53	138.19
0.50
0.46
0.44
0.50
0.50
0.52
0.50
0.38
0.48
0.42
0.38
0.53
0.53
0.50
0.54
0.46
0.48
0.47
0.47
0.40
0.41
0.43
0.39
0.36
0.37
0.39
0.46
0.55
5.94
0.60
0.56
CorWatt	PkgWatt
20.58	138.37
0.52	138.37
0.50
0.46
0.47
0.49
0.50
0.49
0.50
0.40
0.48
0.39
0.38
0.56
0.51
0.50
0.53
0.48
0.50
0.47
0.47
0.43
0.41
0.41
0.43
0.36
0.37
0.39
0.48
0.58
5.96
0.59
0.56
CorWatt	PkgWatt
20.56	138.31
0.53	138.31
0.52
0.47
0.44
0.49
0.50
0.50
0.50
0.39
0.52
0.41
0.38
0.51
0.52
0.50
0.54
0.46
0.50
0.49
0.48
0.41
0.39
0.42
0.41
0.37
0.37
0.38
0.47
0.55
5.96
0.60
0.58
CorWatt	PkgWatt
20.48	138.23
0.52	138.23
0.50
0.46
0.44
0.49
0.50
0.50
0.49
0.39
0.49
0.38
0.40
0.52
0.51
0.50
0.52
0.46
0.48
0.49
0.49
0.39
0.40
0.41
0.41
0.37
0.38
0.38
0.49
0.57
5.95
0.60
0.58
CorWatt	PkgWatt
20.50	138.53
0.52	138.52
0.51
0.47
0.45
0.52
0.52
0.48
0.50
0.40
0.49
0.38
0.38
0.50
0.52
0.51
0.54
0.46
0.48
0.48
0.47
0.41
0.39
0.42
0.40
0.36
0.39
0.37
0.48
0.55
5.95
0.60
0.57
CorWatt	PkgWatt
20.79	138.60
0.52	138.62
0.52
0.47
0.52
0.52
0.52
0.51
0.49
0.40
0.48
0.39
0.39
0.52
0.53
0.51
0.54
0.49
0.50
0.49
0.48
0.44
0.39
0.42
0.41
0.40
0.40
0.39
0.49
0.57
5.95
0.56
0.57
CorWatt	PkgWatt
20.53	138.48
0.53	138.47
0.50
0.46
0.50
0.51
0.50
0.49
0.49
0.42
0.48
0.40
0.40
0.51
0.52
0.52
0.52
0.47
0.48
0.48
0.48
0.40
0.41
0.42
0.41
0.38
0.38
0.38
0.48
0.55
5.96
0.56
0.54
CorWatt	PkgWatt
20.48	138.39
0.54	138.39
0.52
0.48
0.49
0.50
0.51
0.49
0.48
0.40
0.48
0.40
0.38
0.58
0.51
0.50
0.52
0.47
0.49
0.48
0.47
0.39
0.39
0.42
0.39
0.36
0.36
0.37
0.48
0.57
5.96
0.55
0.53
CorWatt	PkgWatt
19.61	133.98
0.59	133.99
0.55
0.72
0.55
0.61
0.56
0.60
0.82
0.46
0.56
0.46
0.47
0.59
0.58
0.57
0.92
0.50
0.53
0.55
0.54
0.46
0.45
0.48
0.45
0.45
0.44
0.45
0.51
0.59
2.42
0.60
0.60
CorWatt	PkgWatt
17.91	131.02
0.53	131.00
0.48
0.62
0.44
0.56
0.55
0.55
3.26
0.40
0.50
0.38
0.38
0.51
0.52
0.51
0.53
0.47
0.50
0.47
0.50
0.40
0.39
0.41
0.39
0.36
0.37
0.38
0.37
0.54
0.59
0.53
0.52
CorWatt	PkgWatt
17.99	130.90
0.55	130.91
0.49
0.59
0.47
0.57
0.53
0.52
3.21
0.42
0.48
0.38
0.39
0.51
0.53
0.52
0.53
0.47
0.49
0.49
0.48
0.41
0.40
0.42
0.40
0.39
0.40
0.39
0.37
0.53
0.56
0.56
0.52
CorWatt	PkgWatt
17.86	130.87
0.54	130.88
0.47
0.56
0.50
0.55
0.55
0.52
3.20
0.40
0.49
0.39
0.40
0.51
0.51
0.50
0.52
0.48
0.52
0.49
0.49
0.39
0.40
0.41
0.39
0.37
0.37
0.38
0.38
0.53
0.56
0.56
0.52
CorWatt	PkgWatt
18.09	130.99
0.56	131.00
0.46
0.60
0.51
0.56
0.52
0.52
3.20
0.39
0.53
0.41
0.39
0.51
0.51
0.50
0.53
0.48
0.49
0.50
0.48
0.43
0.40
0.44
0.41
0.39
0.38
0.39
0.37
0.53
0.59
0.60
0.53
CorWatt	PkgWatt
17.83	130.75
0.52	130.73
0.44
0.58
0.50
3.20
0.54
0.52
0.60
0.39
0.48
0.38
0.38
0.53
0.51
0.50
0.52
0.48
0.48
0.49
0.47
0.39
0.40
0.42
0.40
0.36
0.37
0.38
0.36
0.57
0.57
0.59
0.52
CorWatt	PkgWatt
18.01	130.86
0.53	130.86
0.45
0.61
0.48
3.21
0.55
0.55
0.61
0.39
0.49
0.40
0.38
0.51
0.54
0.52
0.54
0.48
0.50
0.49
0.47
0.41
0.40
0.42
0.40
0.37
0.37
0.37
0.36
0.54
0.57
0.57
0.52
CorWatt	PkgWatt
17.91	130.89
0.53	130.89
0.47
0.61
0.45
3.20
0.54
0.53
0.58
0.40
0.49
0.39
0.40
0.53
0.53
0.51
0.54
0.48
0.48
0.49
0.47
0.43
0.39
0.41
0.40
0.37
0.37
0.37
0.36
0.56
0.55
0.56
0.52
CorWatt	PkgWatt
17.74	130.68
0.54	130.68
0.47
0.59
0.47
3.20
0.52
0.53
0.58
0.39
0.51
0.40
0.38
0.51
0.52
0.50
0.53
0.47
0.48
0.49
0.47
0.41
0.39
0.41
0.39
0.36
0.36
0.36
0.36
0.52
0.55
0.56
0.51
CorWatt	PkgWatt
18.47	131.15
0.58	131.16
0.48
0.61
0.47
3.20
0.56
0.55
0.60
0.42
0.51
0.42
0.42
0.56
0.55
0.54
0.56
0.51
0.51
0.51
0.50
0.39
0.39
0.41
0.39
0.40
0.36
0.40
0.39
0.57
0.59
0.59
0.54
CorWatt	PkgWatt
18.08	130.94
0.58	130.94
0.48
0.58
0.47
3.21
0.53
0.53
0.60
0.41
0.49
0.40
0.42
0.58
0.55
0.53
0.55
0.48
0.49
0.51
0.48
0.40
0.40
0.42
0.40
0.37
0.36
0.37
0.36
0.53
0.54
0.56
0.53
CorWatt	PkgWatt
17.70	130.56
0.56	130.56
0.45
0.57
0.47
3.20
0.53
0.53
0.57
0.39
0.50
0.38
0.39
0.51
0.51
0.50
0.52
0.48
0.49
0.48
0.48
0.39
0.39
0.41
0.39
0.36
0.36
0.36
0.35
0.54
0.55
0.56
0.51
CorWatt	PkgWatt
17.58	130.49
0.54	130.50
0.45
0.58
0.45
3.20
0.52
0.53
0.58
0.38
0.48
0.38
0.38
0.50
0.51
0.50
0.53
0.48
0.49
0.49
0.47
0.40
0.39
0.41
0.39
0.36
0.35
0.36
0.35
0.52
0.54
0.57
0.51
CorWatt	PkgWatt
17.67	130.45
0.55	130.45
0.46
0.57
0.46
3.20
0.53
0.53
0.58
0.39
0.49
0.39
0.39
0.51
0.51
0.50
0.52
0.48
0.48
0.48
0.47
0.40
0.38
0.42
0.41
0.36
0.35
0.36
0.35
0.53
0.54
0.56
0.51
CorWatt	PkgWatt
17.92	130.76
0.56	130.76
0.49
0.58
0.49
3.21
0.52
0.53
0.56
0.40
0.52
0.42
0.40
0.51
0.52
0.50
0.53
0.48
0.50
0.47
0.48
0.40
0.39
0.42
0.40
0.37
0.36
0.37
0.35
0.55
0.55
0.56
0.55
CorWatt	PkgWatt
17.66	130.45
0.54	130.45
0.47
0.59
0.45
3.20
0.53
0.53
0.57
0.39
0.50
0.39
0.38
0.52
0.51
0.50
0.52
0.47
0.48
0.45
0.47
0.39
0.39
0.41
0.39
0.38
0.37
0.36
0.35
0.54
0.54
0.56
0.51
CorWatt	PkgWatt
17.65	130.47
0.53	130.47
0.47
0.61
0.45
3.20
0.52
0.52
0.57
0.39
0.48
0.38
0.38
0.50
0.52
0.50
0.52
0.48
0.50
0.47
0.48
0.41
0.40
0.43
0.39
0.36
0.35
0.36
0.35
0.53
0.54
0.57
0.50
CorWatt	PkgWatt
17.52	130.21
0.55	130.21
0.49
0.59
0.47
2.99
0.52
0.52
0.57
0.39
0.48
0.38
0.38
0.52
0.52
0.51
0.52
0.48
0.48
0.47
0.47
0.40
0.38
0.41
0.39
0.36
0.35
0.36
0.35
0.57
0.56
0.55
0.52
CorWatt	PkgWatt
18.72	130.59
0.73	130.60
0.69
0.91
0.94
0.58
0.60
0.59
1.13
0.48
0.52
0.47
0.46
0.60
0.58
0.58
0.62
0.57
0.56
0.54
0.57
0.49
0.47
0.50
0.47
0.43
0.42
0.43
0.42
0.59
0.60
0.57
0.59
CorWatt	PkgWatt
16.59	128.88
0.75	128.86
0.73
0.88
1.21
0.51
0.51
0.51
0.64
0.40
0.43
0.39
0.38
0.52
0.52
0.50
0.53
0.49
0.49
0.47
0.53
0.40
0.38
0.42
0.39
0.36
0.35
0.38
0.37
0.54
0.57
0.52
0.54
CorWatt	PkgWatt
16.43	128.72
0.78	128.72
0.75
0.77
1.31
0.49
0.50
0.51
0.64
0.39
0.43
0.38
0.38
0.52
0.51
0.50
0.53
0.48
0.48
0.47
0.52
0.40
0.38
0.41
0.39
0.35
0.35
0.36
0.35
0.52
0.54
0.50
0.51
CorWatt	PkgWatt
16.46	128.68
0.77	128.68
0.73
0.95
1.15
0.50
0.51
0.50
0.63
0.42
0.45
0.40
0.38
0.51
0.51
0.50
0.52
0.48
0.47
0.45
0.52
0.39
0.38
0.42
0.39
0.35
0.35
0.37
0.35
0.53
0.55
0.52
0.51
CorWatt	PkgWatt
16.68	129.07
0.77	129.07
0.73
0.74
1.34
0.52
0.50
0.54
0.65
0.40
0.44
0.38
0.38
0.52
0.53
0.50
0.54
0.48
0.48
0.47
0.47
0.40
0.40
0.45
0.40
0.36
0.37
0.38
0.36
0.53
0.55
0.56
0.52
CorWatt	PkgWatt
17.43	129.64
0.89	129.64
0.84
0.88
1.82
0.51
0.50
0.50
0.63
0.40
0.43
0.39
0.38
0.53
0.51
0.50
0.54
0.49
0.49
0.47
0.47
0.43
0.40
0.41
0.43
0.35
0.36
0.36
0.35
0.54
0.56
0.56
0.51
CorWatt	PkgWatt
19.37	131.56
1.14	131.56
1.11
3.13
1.14
0.50
0.50
0.50
0.62
0.39
0.48
0.39
0.38
0.52
0.51
0.50
0.52
0.48
0.49
0.48
0.47
0.40
0.39
0.41
0.39
0.35
0.35
0.36
0.35
0.52
0.56
0.55
0.51
CorWatt	PkgWatt
19.63	131.81
1.18	131.80
2.87
1.19
1.40
0.50
0.51
0.50
0.63
0.39
0.43
0.37
0.39
0.52
0.51
0.50
0.53
0.48
0.47
0.48
0.49
0.39
0.41
0.41
0.40
0.35
0.37
0.38
0.36
0.55
0.57
0.56
0.53
CorWatt	PkgWatt
19.65	131.73
1.18	131.73
1.36
1.18
2.92
0.53
0.52
0.51
0.63
0.39
0.43
0.38
0.38
0.51
0.51
0.50
0.52
0.48
0.48
0.49
0.48
0.40
0.39
0.44
0.41
0.36
0.37
0.37
0.36
0.53
0.55
0.55
0.52
CorWatt	PkgWatt
19.68	131.72
1.15	131.72
2.38
1.14
1.86
0.53
0.51
0.51
0.60
0.40
0.43
0.38
0.39
0.53
0.51
0.51
0.52
0.50
0.51
0.49
0.49
0.41
0.40
0.43
0.40
0.38
0.37
0.38
0.37
0.55
0.57
0.55
0.53
CorWatt	PkgWatt
19.48	131.61
1.19	131.61
3.10
1.18
1.18
0.51
0.50
0.49
0.61
0.42
0.43
0.37
0.38
0.50
0.51
0.52
0.51
0.50
0.48
0.48
0.47
0.40
0.41
0.44
0.39
0.35
0.35
0.36
0.35
0.53
0.55
0.55
0.50
CorWatt	PkgWatt
19.46	131.57
1.19	131.57
2.74
1.18
1.55
0.50
0.51
0.50
0.61
0.40
0.43
0.38
0.38
0.51
0.51
0.50
0.51
0.49
0.48
0.48
0.47
0.39
0.39
0.42
0.39
0.35
0.35
0.36
0.35
0.55
0.55
0.54
0.52
CorWatt	PkgWatt
19.65	131.61
1.19	131.61
2.40
1.18
1.88
0.50
0.51
0.51
0.60
0.40
0.43
0.38
0.38
0.53
0.51
0.50
0.52
0.48
0.51
0.50
0.49
0.41
0.39
0.42
0.39
0.38
0.39
0.37
0.35
0.53
0.55
0.55
0.51
CorWatt	PkgWatt
19.41	131.45
1.17	131.45
1.71
1.16
2.55
0.53
0.51
0.51
0.61
0.38
0.43
0.38
0.39
0.51
0.51
0.50
0.52
0.48
0.50
0.47
0.48
0.40
0.39
0.42
0.39
0.35
0.35
0.36
0.35
0.53
0.55
0.54
0.50
CorWatt	PkgWatt
19.42	131.37
1.17	131.37
1.15
1.15
3.10
0.50
0.50
0.50
0.61
0.39
0.43
0.37
0.38
0.51
0.52
0.51
0.53
0.47
0.49
0.49
0.47
0.43
0.39
0.42
0.39
0.37
0.37
0.37
0.35
0.52
0.56
0.52
0.50
CorWatt	PkgWatt
19.53	131.50
1.19	131.50
1.29
1.18
2.98
0.50
0.52
0.50
0.61
0.40
0.43
0.39
0.39
0.51
0.51
0.51
0.54
0.48
0.50
0.48
0.48
0.42
0.39
0.42
0.39
0.35
0.36
0.38
0.37
0.52
0.55
0.50
0.50
CorWatt	PkgWatt
19.89	131.96
1.19	131.96
1.18
1.18
3.09
0.52
0.52
0.51
0.59
0.39
0.47
0.40
0.40
0.52
0.51
0.51
0.54
0.47
0.50
0.49
0.47
0.46
0.39
0.45
0.41
0.39
0.38
0.39
0.36
0.54
0.60
0.55
0.53
CorWatt	PkgWatt
19.22	130.83
0.91	130.86
0.84
0.84
1.81
0.55
0.56
0.55
0.65
0.44
0.48
0.42
0.44
0.61
0.57
0.56
0.60
0.49
0.48
0.54
0.51
0.50
0.45
0.45
0.41
0.52
0.46
0.50
0.49
0.67
0.67
0.64
0.63
