CorWatt	PkgWatt
15.14	127.96
0.51	127.94
0.52
0.47
0.48
0.54
0.54
0.53
0.50
0.45
0.44
0.41
0.45
0.51
0.54
0.53
0.53
0.45
0.49
0.47
0.51
0.41
0.44
0.39
0.40
0.38
0.37
0.38
0.37
0.53
0.54
0.54
0.52
CorWatt	PkgWatt
14.75	127.25
0.53	127.40
0.50
0.50
0.48
0.50
0.53
0.50
0.49
0.45
0.46
0.38
0.41
0.51
0.52
0.51
0.53
0.44
0.46
0.45
0.48
0.40
0.45
0.39
0.40
0.37
0.37
0.37
0.35
0.53
0.50
0.51
0.50
CorWatt	PkgWatt
68.42	183.14
0.93	182.99
2.16
2.18
2.19
2.24
2.25
2.26
2.15
2.11
2.12
2.14
2.08
2.21
2.20
2.19
2.26
2.17
2.12
1.94
2.01
2.08
2.14
1.90
1.88
2.10
2.09
1.95
3.35
2.29
2.28
2.12
2.30
