CorWatt	PkgWatt
15.41	127.40
0.59	127.39
0.52
0.51
0.52
0.53
0.54
0.52
0.51
0.45
0.47
0.43
0.44
0.53
0.54
0.52
0.55
0.47
0.49
0.47
0.48
0.42
0.42
0.42
0.41
0.37
0.36
0.39
0.36
0.55
0.59
0.51
0.51
CorWatt	PkgWatt
15.45	127.53
0.55	127.79
0.51
0.50
0.53
0.52
0.57
0.50
0.49
0.43
0.46
0.43
0.39
0.60
0.59
0.58
0.59
0.46
0.53
0.47
0.48
0.39
0.42
0.43
0.41
0.36
0.37
0.40
0.36
0.58
0.55
0.51
0.52
CorWatt	PkgWatt
17.84	129.68
0.61	129.45
0.56
0.54
0.54
0.57
0.61
0.51
0.52
0.54
0.52
0.50
0.48
0.67
0.53
0.52
0.55
0.59
0.60
0.67
0.62
0.60
0.57
0.54
0.48
0.44
0.46
0.46
0.44
0.63
0.75
0.60
0.57
CorWatt	PkgWatt
15.71	127.73
0.53	127.63
0.44
0.48
0.46
0.54
0.57
0.52
0.50
0.54
0.45
0.40
0.39
0.56
0.52
0.52
0.55
0.48
0.47
0.47
0.54
0.54
0.63
0.45
0.49
0.37
0.37
0.40
0.37
0.54
0.57
0.52
0.52
