CorWatt	PkgWatt
146.39	319.68
2.26	157.49
2.28
2.46
2.28
2.26
2.40
2.39
2.25
2.18
2.16
2.33
2.32
2.22
2.23
2.26
2.23
2.16
2.48
2.39
2.13
2.36
2.39
2.38
2.36
2.26
2.36
2.44
2.45
5.26
2.37
2.36
2.20
2.17	142.50
2.04
2.01
2.01
2.02
2.04
1.95
1.96
1.99
2.05
1.91
2.08
1.98
1.89
1.93
1.91
1.75
1.71
1.73
1.93
1.97
2.11
2.07
2.05
1.83
1.89
1.89
1.97
2.04
2.04
1.91
1.88
CorWatt	PkgWatt
17.19	173.92
0.32	93.53
0.27
0.27
0.27
0.23
0.23
0.26
0.28
0.23
0.21
0.20
0.25
0.22
0.23
0.20
0.26
0.23
0.34
0.24
0.24
0.30
0.27
0.27
0.22
0.23
0.27
0.22
0.24
5.58
0.30
0.26
0.29
0.15	80.43
0.12
0.12
0.11
0.13
0.11
0.11
0.21
0.12
0.14
0.10
0.10
0.10
0.09
0.09
0.12
0.11
0.10
0.10
0.13
0.13
0.13
0.12
0.14
0.11
0.12
0.11
0.11
0.10
0.11
0.11
0.11
CorWatt	PkgWatt
19.09	180.19
0.30	97.10
0.38
0.25
0.28
0.41
0.27
0.32
0.34
0.32
0.20
0.20
0.39
0.27
0.22
0.23
0.29
0.32
0.43
0.26
0.31
0.37
0.27
0.31
0.26
0.30
0.24
0.30
0.28
5.60
0.26
0.26
0.45
0.15	83.05
0.13
0.13
0.14
0.13
0.12
0.13
0.12
0.13
0.10
0.10
0.11
0.12
0.13
0.11
0.12
0.13
0.12
0.15
0.14
0.13
0.13
0.13
0.18
0.13
0.18
0.12
0.12
0.11
0.10
0.11
0.28
CorWatt	PkgWatt
45.06	202.67
0.73	106.74
0.71
0.73
0.72
0.76
0.75
0.70
0.70
0.66
0.63
0.67
0.72
0.67
0.69
0.69
0.67
0.67
0.70
0.70
0.70
0.73
0.75
0.71
0.70
0.71
0.71
0.70
0.70
5.50
0.74
0.74
0.70
0.58	95.76
0.52
0.55
0.57
0.59
0.56
0.58
0.58
0.55
0.52
0.53
0.54
0.53
0.54
0.54
0.55
0.53
0.46
0.56
0.55
0.56
0.60
0.52
0.60
0.55
0.57
0.54
0.56
0.56
0.63
0.53
0.55
CorWatt	PkgWatt
176.52	331.71
2.98	173.29
2.97
3.20
3.18
3.31
3.31
2.80
2.82
2.88
2.72
2.86
3.15
2.96
2.98
2.97
2.86
2.71
2.96
2.98
2.93
2.80
3.06
2.81
2.79
2.97
3.00
2.98
2.98
4.36
2.99
2.99
2.74
2.55	158.38
2.38
2.41
2.38
2.90
2.64
2.68
2.77
2.54
2.40
2.43
2.72
2.56
2.58
2.58
2.46
2.39
2.25
2.26
2.54
2.57
2.62
2.31
2.64
2.49
2.60
2.30
2.47
2.48
2.61
2.37
2.58
