CorWatt	PkgWatt
15.58	127.81
0.54	127.82
0.52
0.46
0.48
0.51
0.50
0.55
0.50
0.40
0.45
0.44
0.41
0.58
0.55
0.54
0.59
0.56
0.49
0.48
0.48
0.41
0.40
0.39
0.43
0.39
0.37
0.47
0.41
0.61
0.57
0.53
0.56
CorWatt	PkgWatt
14.85	127.31
0.51	127.40
0.48
0.46
0.45
0.48
0.50
0.54
0.48
0.40
0.49
0.40
0.40
0.56
0.57
0.53
0.54
0.51
0.46
0.46
0.46
0.41
0.39
0.38
0.44
0.35
0.36
0.37
0.37
0.54
0.52
0.52
0.53
CorWatt	PkgWatt
20.64	132.32
0.64	132.26
0.57
0.59
0.63
0.66
0.59
0.67
0.64
0.53
0.61
0.55
0.54
0.64
0.73
0.70
0.69
0.66
0.57
0.61
0.56
0.53
0.50
0.56
0.62
0.69
0.68
0.73
0.75
0.84
0.77
0.76
0.86
CorWatt	PkgWatt
16.03	128.38
0.51	128.34
0.50
0.46
0.47
0.52
0.53
0.56
0.50
0.46
0.46
0.40
0.39
0.53
0.53
0.54
0.57
0.56
0.50
0.51
0.53
0.43
0.52
0.44
0.46
0.45
0.45
0.43
0.47
0.61
0.58
0.54
0.60
CorWatt	PkgWatt
16.05	128.16
0.51	128.16
0.48
0.50
0.49
0.49
0.52
0.59
0.51
0.45
0.47
0.42
0.42
0.54
0.57
0.55
0.59
0.55
0.49
0.48
0.51
0.43
0.41
0.40
0.45
0.44
0.44
0.54
0.46
0.59
0.59
0.57
0.60
CorWatt	PkgWatt
16.57	128.72
0.56	128.74
0.55
0.55
0.50
0.55
0.55
0.61
0.53
0.49
0.53
0.50
0.48
0.67
0.62
0.60
0.59
0.53
0.46
0.46
0.47
0.40
0.40
0.38
0.45
0.44
0.45
0.46
0.43
0.56
0.61
0.56
0.63
CorWatt	PkgWatt
15.71	127.92
0.51	127.88
0.54
0.50
0.49
0.49
0.50
0.55
0.52
0.45
0.54
0.45
0.44
0.55
0.57
0.58
0.53
0.52
0.46
0.47
0.49
0.41
0.42
0.39
0.46
0.38
0.44
0.38
0.46
0.53
0.56
0.54
0.58
CorWatt	PkgWatt
15.92	128.36
0.54	128.36
0.55
0.49
0.58
0.58
0.56
0.58
0.57
0.42
0.48
0.45
0.43
0.52
0.52
0.53
0.58
0.51
0.47
0.50
0.50
0.42
0.44
0.41
0.47
0.37
0.45
0.40
0.39
0.56
0.56
0.55
0.56
CorWatt	PkgWatt
16.05	128.24
0.51	128.24
0.49
0.51
0.47
0.55
0.54
0.55
0.51
0.45
0.49
0.41
0.43
0.53
0.54
0.55
0.57
0.59
0.54
0.49
0.52
0.54
0.45
0.44
0.47
0.40
0.43
0.44
0.42
0.55
0.56
0.54
0.59
CorWatt	PkgWatt
15.58	128.02
0.53	128.02
0.48
0.47
0.48
0.57
0.51
0.48
0.48
0.42
0.44
0.41
0.43
0.54
0.52
0.54
0.55
0.52
0.51
0.45
0.46
0.43
0.41
0.39
0.45
0.43
0.43
0.45
0.45
0.56
0.64
0.55
0.59
CorWatt	PkgWatt
15.55	127.83
0.52	127.83
0.44
0.50
0.49
0.58
0.51
0.52
0.48
0.44
0.45
0.38
0.39
0.51
0.54
0.53
0.53
0.52
0.50
0.46
0.48
0.39
0.41
0.38
0.45
0.42
0.43
0.45
0.51
0.61
0.56
0.58
0.63
CorWatt	PkgWatt
15.69	128.02
0.56	128.02
0.45
0.46
0.46
0.53
0.53
0.55
0.51
0.42
0.47
0.41
0.41
0.55
0.55
0.52
0.56
0.51
0.48
0.46
0.50
0.43
0.40
0.39
0.45
0.43
0.43
0.46
0.44
0.64
0.56
0.57
0.59
CorWatt	PkgWatt
18.76	130.32
0.65	130.32
0.49
0.57
0.52
0.60
0.51
0.50
0.51
0.54
0.57
0.54
0.61
0.62
0.58
0.59
0.63
0.52
0.50
0.52
0.51
0.46
0.46
0.49
0.49
0.65
0.77
0.73
0.71
0.75
0.71
0.74
0.72
