CorWatt	PkgWatt
15.12	126.94
0.51	126.94
0.51
0.46
0.43
0.49
0.51
0.50
0.49
0.40
0.49
0.40
0.40
0.53
0.62
0.59
0.54
0.50
0.51
0.47
0.52
0.41
0.39
0.39
0.40
0.36
0.38
0.37
0.39
0.53
0.52
0.55
0.56
CorWatt	PkgWatt
14.61	126.24
0.52	126.40
0.46
0.47
0.44
0.50
0.50
0.48
0.48
0.42
0.45
0.39
0.39
0.51
0.54
0.57
0.52
0.48
0.47
0.44
0.47
0.39
0.39
0.38
0.39
0.36
0.35
0.36
0.37
0.51
0.49
0.59
0.53
CorWatt	PkgWatt
62.44	174.79
0.91	174.71
1.93
1.97
1.95
2.01
2.05
2.05
2.03
1.95
3.48
1.91
1.97
2.09
2.05
2.09
2.14
1.93
1.90
1.75
1.86
1.87
1.85
1.71
1.72
1.91
1.86
1.72
1.73
2.08
2.06
1.95
1.99
CorWatt	PkgWatt
47.19	161.14
0.64	161.07
1.52
1.56
1.52
1.56
1.59
1.56
1.52
1.46
2.17
1.47
1.44
1.60
1.58
1.62
1.65
1.52
1.50
1.36
1.39
1.44
1.44
1.32
1.28
1.43
1.39
1.27
1.26
1.60
1.59
1.46
1.46
