CorWatt	PkgWatt
15.09	126.95
0.51	126.95
0.47
0.49
0.57
0.51
0.49
0.52
0.48
0.43
0.44
0.40
0.37
0.54
0.53
0.49
0.53
0.48
0.47
0.46
0.48
0.43
0.41
0.43
0.45
0.36
0.36
0.39
0.37
0.59
0.52
0.61
0.52
CorWatt	PkgWatt
15.26	126.38
0.52	126.99
0.49
0.51
0.44
0.53
0.50
0.53
0.49
0.41
0.48
0.42
0.38
0.51
0.54
0.52
0.53
0.52
0.50
0.47
0.49
0.43
0.41
0.45
0.41
0.39
0.39
0.38
0.40
0.60
0.51
0.59
0.57
CorWatt	PkgWatt
17.40	129.69
0.60	129.08
0.52
0.61
0.52
0.56
0.51
0.50
0.48
0.53
0.54
0.55
0.48
0.69
0.80
0.80
0.73
0.53
0.53
0.51
0.57
0.45
0.46
0.44
0.47
0.36
0.39
0.39
0.40
0.59
0.56
0.61
0.65
CorWatt	PkgWatt
17.93	129.25
0.61	128.81
0.57
0.63
0.53
0.59
0.59
0.59
0.58
0.48
0.51
0.48
0.49
0.61
0.66
0.63
0.62
0.55
0.56
0.55
0.57
0.53
0.49
0.50
0.57
0.45
0.47
0.49
0.46
0.63
0.61
0.63
0.67
