CorWatt	PkgWatt
15.61	128.18
0.51	128.18
0.52
0.49
0.46
0.54
0.58
0.56
0.50
0.49
0.44
0.52
0.45
0.53
0.56
0.52
0.54
0.47
0.53
0.49
0.49
0.43
0.41
0.43
0.46
0.38
0.39
0.40
0.38
0.55
0.53
0.54
0.53
CorWatt	PkgWatt
14.80	127.36
0.50	127.60
0.49
0.47
0.48
0.51
0.54
0.50
0.51
0.45
0.44
0.42
0.41
0.52
0.56
0.51
0.53
0.44
0.48
0.47
0.47
0.42
0.39
0.38
0.44
0.35
0.36
0.38
0.35
0.53
0.52
0.50
0.51
CorWatt	PkgWatt
69.04	182.73
0.95	182.45
3.56
2.23
2.20
2.27
2.29
2.26
2.43
2.15
2.18
2.10
2.14
2.23
2.26
2.28
2.31
2.13
2.16
1.97
2.02
2.12
2.13
1.90
1.91
2.09
2.13
1.94
1.96
2.29
2.26
2.08
2.09
