CorWatt	PkgWatt
4.37	153.41
0.09	77.01
0.09
0.09
0.08
0.08
0.08
0.08
0.08
0.07
0.07
0.07
0.07
0.07
0.07
0.06
0.07
0.08
0.10
0.08
0.08
0.09
0.08
0.08
0.08
0.07
0.07
0.07
0.07
0.08
0.07
0.08
0.07
0.06	76.39
0.06
0.06
0.06
0.06
0.06
0.06
0.06
0.06
0.06
0.06
0.06
0.06
0.06
0.06
0.06
0.06
0.06
0.07
0.06
0.07
0.06
0.06
0.06
0.07
0.06
0.06
0.06
0.06
0.06
0.06
0.06
CorWatt	PkgWatt
4.65	151.19
0.09	75.96
0.10
0.09
0.08
0.08
0.18
0.08
0.08
0.07
0.07
0.07
0.09
0.09
0.07
0.07
0.07
0.08
0.08
0.09
0.09
0.09
0.08
0.08
0.09
0.07
0.07
0.07
0.08
0.07
0.08
0.08
0.07
0.06	75.28
0.06
0.06
0.06
0.06
0.06
0.06
0.06
0.06
0.06
0.06
0.06
0.06
0.06
0.06
0.06
0.06
0.06
0.07
0.06
0.07
0.07
0.07
0.06
0.07
0.06
0.06
0.06
0.06
0.06
0.06
0.06
CorWatt	PkgWatt
7.31	162.38
0.14	81.66
0.17
0.13
0.12
0.10
0.11
0.11
0.13
0.14
0.10
0.09
0.12
0.14
0.10
0.09
0.09
0.11
0.11
0.17
0.16
0.19
0.17
0.12
0.18
0.11
0.10
0.09
0.12
0.13
0.09
0.15
0.10
0.10	80.78
0.11
0.09
0.12
0.11
0.10
0.09
0.09
0.12
0.11
0.14
0.14
0.09
0.10
0.08
0.10
0.08
0.08
0.12
0.09
0.09
0.13
0.11
0.11
0.12
0.08
0.08
0.12
0.10
0.09
0.08
0.13
CorWatt	PkgWatt
5.10	152.63
0.09	76.14
0.10
0.09
0.09
0.08
0.09
0.08
0.08
0.07
0.07
0.07
0.07
0.07
0.07
0.07
0.07
0.09
0.09
0.10
0.09
0.10
0.10
0.08
0.08
0.08
0.08
0.08
0.08
0.07
0.07
0.07
0.07
0.08	76.24
0.08
0.08
0.08
0.08
0.08
0.08
0.07
0.09
0.07
0.09
0.07
0.07
0.07
0.07
0.07
0.08
0.08
0.08
0.08
0.08
0.08
0.08
0.08
0.08
0.08
0.07
0.08
0.09
0.07
0.07
0.08
