CorWatt	PkgWatt
15.38	127.90
0.55	127.91
0.49
0.48
0.55
0.52
0.53
0.57
0.51
0.40
0.45
0.41
0.40
0.55
0.54
0.54
0.64
0.46
0.46
0.50
0.48
0.41
0.38
0.43
0.39
0.40
0.36
0.42
0.37
0.57
0.54
0.55
0.54
CorWatt	PkgWatt
15.20	127.40
0.53	127.47
0.54
0.49
0.52
0.55
0.53
0.53
0.50
0.41
0.46
0.39
0.40
0.56
0.55
0.51
0.55
0.46
0.46
0.49
0.47
0.42
0.39
0.44
0.40
0.38
0.37
0.38
0.36
0.55
0.52
0.57
0.51
CorWatt	PkgWatt
21.65	133.55
0.72	133.49
0.68
0.61
0.62
0.59
0.66
0.63
0.59
0.56
0.60
0.53
0.54
0.73
0.73
0.69
0.66
0.62
0.64
0.65
0.61
0.60
0.55
0.64
0.59
0.50
0.47
0.49
0.46
2.42
0.63
0.65
0.98
CorWatt	PkgWatt
16.67	128.92
0.56	128.90
0.54
0.46
0.52
0.49
0.57
0.51
0.50
0.39
0.45
0.38
0.39
0.59
0.53
0.54
0.57
0.45
0.47
0.48
0.46
0.44
0.38
0.44
0.39
0.93
0.84
0.63
0.60
0.65
0.53
0.51
0.51
CorWatt	PkgWatt
16.92	128.82
0.52	128.82
0.55
0.44
0.55
0.48
0.57
0.51
0.48
0.42
0.45
0.41
0.41
0.61
0.59
0.59
0.58
0.45
0.49
0.50
0.46
0.44
0.39
0.46
0.39
1.14
0.64
0.61
0.59
0.65
0.52
0.51
0.51
CorWatt	PkgWatt
16.51	128.57
0.51	128.57
0.52
0.47
0.52
0.50
0.56
0.50
0.48
0.38
0.43
0.37
0.38
0.54
0.54
0.50
0.62
0.45
0.45
0.47
0.47
0.47
0.38
0.43
0.38
0.61
1.17
0.62
0.59
0.64
0.54
0.51
0.51
CorWatt	PkgWatt
16.44	128.66
0.53	128.65
0.49
0.45
0.50
0.49
0.56
0.51
0.49
0.39
0.43
0.39
0.38
0.53
0.52
0.51
0.54
0.45
0.47
0.49
0.46
0.47
0.40
0.45
0.39
0.60
1.19
0.62
0.59
0.62
0.52
0.51
0.52
CorWatt	PkgWatt
16.58	128.68
0.51	128.68
0.47
0.45
0.50
0.49
0.56
0.49
0.48
0.41
0.46
0.38
0.40
0.56
0.51
0.52
0.54
0.48
0.46
0.47
0.46
0.44
0.38
0.45
0.41
0.58
1.39
0.60
0.57
0.63
0.52
0.50
0.50
CorWatt	PkgWatt
17.80	130.55
0.56	130.55
0.49
0.48
0.52
0.49
0.55
0.52
0.49
0.38
0.47
0.41
0.38
0.50
0.50
0.50
0.53
0.46
0.47
0.46
0.46
0.44
0.39
0.43
0.39
0.38
3.14
0.39
0.36
0.65
0.53
0.53
0.56
CorWatt	PkgWatt
17.43	130.25
0.54	130.24
0.45
0.46
0.44
0.49
0.55
0.50
0.49
0.39
0.44
0.37
0.38
0.50
0.50
0.49
0.53
0.47
0.45
0.45
0.46
0.45
0.40
0.45
0.38
0.36
3.14
0.38
0.36
0.63
0.52
0.51
0.50
CorWatt	PkgWatt
17.72	130.78
0.55	130.78
0.47
0.46
0.44
0.49
0.55
0.50
0.49
0.40
0.44
0.37
0.39
0.53
0.51
0.50
0.53
0.47
0.48
0.48
0.48
0.44
0.40
0.45
0.39
0.38
3.14
0.39
0.36
0.63
0.57
0.51
0.53
CorWatt	PkgWatt
17.42	130.28
0.55	130.27
0.48
0.44
0.45
0.48
0.56
0.50
0.48
0.39
0.42
0.37
0.38
0.50
0.50
0.50
0.52
0.46
0.46
0.46
0.46
0.43
0.38
0.43
0.38
0.36
3.14
0.39
0.36
0.63
0.54
0.50
0.50
CorWatt	PkgWatt
17.95	130.58
0.54	130.59
0.48
0.48
0.44
0.49
0.59
0.52
0.50
0.41
0.43
0.38
0.39
0.53
0.52
0.53
0.54
0.48
0.48
0.47
0.47
0.48
0.40
0.45
0.43
0.37
3.14
0.41
0.38
0.62
0.53
0.53
0.54
CorWatt	PkgWatt
17.47	130.39
0.53	130.38
0.45
0.45
0.47
0.48
0.56
0.49
0.48
0.40
0.42
0.38
0.38
0.54
0.51
0.50
0.53
0.46
0.47
0.45
0.46
0.44
0.38
0.44
0.38
0.36
3.14
0.39
0.36
0.63
0.52
0.51
0.51
CorWatt	PkgWatt
17.64	130.58
0.53	130.58
0.49
0.45
0.49
0.49
0.56
0.50
0.51
0.39
0.43
0.37
0.38
0.51
0.51
0.50
0.53
0.48
0.49
0.47
0.46
0.45
0.39
0.43
0.39
0.37
3.14
0.40
0.36
0.62
0.52
0.51
0.52
CorWatt	PkgWatt
17.46	130.35
0.52	130.35
0.46
0.44
0.47
0.48
0.55
0.49
0.48
0.42
0.44
0.39
0.38
0.53
0.51
0.52
0.53
0.46
0.46
0.46
0.46
0.44
0.38
0.44
0.38
0.36
3.14
0.39
0.35
0.62
0.52
0.50
0.50
CorWatt	PkgWatt
17.66	130.43
0.52	130.43
0.46
0.44
0.47
0.51
0.55
0.52
0.50
0.39
0.42
0.38
0.38
0.52
0.50
0.50
0.54
0.46
0.47
0.46
0.46
0.46
0.42
0.45
0.39
0.36
3.14
0.40
0.35
0.64
0.56
0.50
0.51
CorWatt	PkgWatt
17.60	130.58
0.52	130.59
0.45
0.46
0.50
0.48
0.55
0.50
0.50
0.40
0.42
0.37
0.38
0.55
0.52
0.49
0.55
0.46
0.48
0.47
0.46
0.45
0.39
0.44
0.41
0.36
3.14
0.39
0.36
0.64
0.51
0.50
0.50
CorWatt	PkgWatt
17.64	130.40
0.52	130.39
0.46
0.45
0.48
0.49
0.55
0.49
0.49
0.40
0.47
0.40
0.39
0.50
0.51
0.49
0.56
0.46
0.48
0.48
0.47
0.45
0.39
0.43
0.39
0.38
3.14
0.39
0.36
0.63
0.51
0.51
0.52
CorWatt	PkgWatt
17.52	130.37
0.52	130.36
0.43
0.44
0.47
0.48
0.55
0.49
0.49
0.39
0.43
0.37
0.38
0.54
0.51
0.49
0.54
0.46
0.45
0.49
0.48
0.43
0.39
0.43
0.40
0.38
3.09
0.41
0.37
0.65
0.53
0.52
0.52
CorWatt	PkgWatt
18.43	130.33
0.78	130.34
0.53
0.51
0.55
0.70
0.77
0.88
0.94
0.45
0.49
0.43
0.44
0.58
0.57
0.56
0.93
0.53
0.61
0.56
0.54
0.47
0.44
0.48
0.45
0.43
0.47
0.46
0.44
0.66
0.59
0.59
0.60
CorWatt	PkgWatt
16.80	128.68
0.58	128.67
0.45
0.44
0.49
0.84
0.88
1.05
1.38
0.40
0.43
0.37
0.38
0.50
0.50
0.49
0.55
0.47
0.53
0.51
0.46
0.39
0.38
0.41
0.38
0.35
0.36
0.37
0.37
0.52
0.51
0.52
0.51
CorWatt	PkgWatt
17.27	129.05
0.60	129.06
0.46
0.46
0.50
0.95
0.89
1.03
1.33
0.41
0.44
0.38
0.40
0.54
0.52
0.51
0.55
0.49
0.54
0.52
0.47
0.42
0.41
0.42
0.42
0.37
0.38
0.37
0.36
0.53
0.56
0.51
0.54
CorWatt	PkgWatt
16.72	128.75
0.62	128.75
0.45
0.47
0.46
1.00
0.89
0.89
1.39
0.38
0.43
0.38
0.38
0.50
0.50
0.49
0.54
0.46
0.51
0.51
0.46
0.39
0.38
0.41
0.39
0.35
0.35
0.35
0.35
0.52
0.52
0.51
0.50
CorWatt	PkgWatt
16.67	128.95
0.60	128.95
0.45
0.45
0.44
1.54
0.88
0.88
0.84
0.39
0.43
0.37
0.38
0.50
0.50
0.49
0.52
0.46
0.53
0.52
0.47
0.40
0.38
0.40
0.38
0.36
0.39
0.35
0.35
0.51
0.51
0.50
0.51
CorWatt	PkgWatt
16.68	128.65
0.62	128.65
0.45
0.46
0.44
1.54
0.90
0.88
0.84
0.38
0.42
0.37
0.38
0.52
0.50
0.49
0.53
0.46
0.52
0.51
0.48
0.39
0.38
0.41
0.38
0.35
0.35
0.35
0.35
0.52
0.53
0.50
0.49
CorWatt	PkgWatt
18.03	129.77
0.59	129.77
0.44
0.45
0.48
2.15
1.08
1.05
1.05
0.40
0.43
0.38
0.38
0.52
0.52
0.51
0.52
0.47
0.53
0.52
0.46
0.40
0.39
0.41
0.39
0.37
0.37
0.38
0.35
0.52
0.51
0.50
0.51
CorWatt	PkgWatt
19.81	131.62
0.59	131.62
0.45
0.47
0.47
3.14
1.35
1.34
1.33
0.38
0.43
0.39
0.39
0.50
0.50
0.49
0.52
0.48
0.56
0.50
0.47
0.39
0.39
0.41
0.40
0.35
0.37
0.38
0.36
0.52
0.51
0.50
0.49
CorWatt	PkgWatt
20.15	132.00
0.61	132.01
0.47
0.52
0.46
3.13
1.35
1.34
1.33
0.39
0.47
0.38
0.40
0.52
0.51
0.49
0.52
0.48
0.53
0.49
0.46
0.42
0.38
0.42
0.41
0.41
0.38
0.37
0.35
0.52
0.56
0.55
0.54
CorWatt	PkgWatt
19.61	131.42
0.58	131.41
0.45
0.49
0.44
2.74
1.35
1.34
1.72
0.38
0.43
0.36
0.38
0.51
0.50
0.49
0.52
0.48
0.50
0.49
0.46
0.39
0.38
0.41
0.39
0.35
0.35
0.35
0.35
0.52
0.51
0.51
0.49
CorWatt	PkgWatt
20.10	131.82
0.59	131.82
0.46
0.53
0.48
2.44
1.35
1.34
2.03
0.40
0.44
0.41
0.38
0.52
0.53
0.52
0.55
0.48
0.53
0.50
0.48
0.41
0.40
0.41
0.40
0.36
0.36
0.36
0.36
0.54
0.53
0.51
0.53
CorWatt	PkgWatt
19.85	131.78
0.59	131.78
0.47
0.52
0.44
2.76
1.35
1.34
1.71
0.39
0.44
0.37
0.39
0.57
0.52
0.49
0.55
0.48
0.52
0.49
0.46
0.41
0.38
0.41
0.39
0.35
0.35
0.35
0.35
0.52
0.51
0.50
0.50
CorWatt	PkgWatt
19.87	131.63
0.60	131.64
0.49
0.50
0.46
3.12
1.35
1.34
1.33
0.41
0.43
0.38
0.38
0.53
0.51
0.49
0.53
0.47
0.52
0.49
0.46
0.41
0.39
0.41
0.40
0.39
0.35
0.35
0.35
0.52
0.51
0.50
0.51
CorWatt	PkgWatt
19.71	131.58
0.60	131.58
0.47
0.49
0.46
1.34
1.35
1.34
3.11
0.39
0.43
0.38
0.39
0.51
0.51
0.49
0.54
0.47
0.51
0.48
0.46
0.39
0.39
0.41
0.39
0.35
0.35
0.35
0.35
0.52
0.50
0.51
0.50
CorWatt	PkgWatt
20.39	131.93
0.62	131.94
0.49
0.54
0.49
2.44
1.35
1.34
2.02
0.41
0.47
0.40
0.41
0.56
0.55
0.55
0.55
0.51
0.54
0.52
0.49
0.40
0.39
0.41
0.39
0.41
0.36
0.36
0.36
0.52
0.51
0.50
0.52
CorWatt	PkgWatt
19.75	131.73
0.61	131.73
0.49
0.52
0.44
2.65
1.34
1.34
1.81
0.40
0.43
0.37
0.37
0.51
0.50
0.50
0.53
0.48
0.50
0.48
0.48
0.39
0.38
0.41
0.39
0.35
0.35
0.35
0.35
0.52
0.51
0.50
0.49
CorWatt	PkgWatt
19.69	131.40
0.59	131.39
0.46
0.50
0.44
1.60
1.35
1.34
2.86
0.39
0.42
0.37
0.38
0.50
0.50
0.49
0.52
0.48
0.53
0.50
0.46
0.40
0.39
0.41
0.39
0.36
0.35
0.36
0.35
0.52
0.51
0.50
0.51
CorWatt	PkgWatt
19.31	131.30
0.65	131.29
0.50
0.51
0.59
1.02
1.04
1.03
2.03
0.45
0.47
0.42
0.42
0.52
0.52
0.52
0.55
0.54
0.58
0.56
0.51
0.44
0.43
0.45
0.44
0.40
0.39
0.40
0.39
0.56
0.55
0.88
0.57
CorWatt	PkgWatt
17.02	128.68
0.55	128.71
0.50
0.50
0.70
0.74
0.93
1.06
0.75
0.41
0.49
0.43
0.39
0.53
0.52
0.53
0.55
0.49
0.49
0.53
0.52
0.41
0.40
0.43
0.41
0.40
0.39
0.39
0.38
0.57
0.55
0.55
0.56
CorWatt	PkgWatt
15.98	128.10
0.49	128.09
0.47
0.46
0.56
0.76
0.78
1.16
0.78
0.39
0.43
0.37
0.37
0.50
0.50
0.48
0.52
0.45
0.45
0.49
0.51
0.40
0.40
0.42
0.38
0.35
0.35
0.36
0.35
0.53
0.51
0.50
0.49
CorWatt	PkgWatt
16.09	128.01
0.51	128.02
0.45
0.46
0.55
0.77
0.88
1.07
0.78
0.39
0.44
0.39
0.37
0.52
0.50
0.49
0.52
0.46
0.49
0.51
0.52
0.39
0.38
0.42
0.38
0.37
0.35
0.36
0.35
0.51
0.51
0.50
0.50
CorWatt	PkgWatt
15.92	127.92
0.50	127.91
0.48
0.45
0.56
0.75
0.79
1.15
0.77
0.38
0.42
0.36
0.37
0.51
0.50
0.50
0.52
0.45
0.46
0.50
0.52
0.38
0.39
0.40
0.38
0.36
0.35
0.35
0.35
0.52
0.51
0.50
0.49
CorWatt	PkgWatt
16.50	128.29
0.54	128.29
0.47
0.49
0.56
0.74
0.84
1.20
0.75
0.40
0.44
0.38
0.40
0.51
0.52
0.50
0.53
0.46
0.47
0.51
0.52
0.44
0.40
0.44
0.41
0.36
0.36
0.38
0.37
0.52
0.53
0.52
0.54
CorWatt	PkgWatt
18.70	133.45
0.54	133.44
0.47
0.46
0.55
0.50
0.62
4.39
0.53
0.41
0.44
0.40
0.39
0.50
0.50
0.48
0.52
0.45
0.47
0.51
0.52
0.39
0.38
0.41
0.39
0.35
0.37
0.37
0.37
0.52
0.50
0.51
0.50
CorWatt	PkgWatt
18.58	133.31
0.56	133.32
0.48
0.45
0.54
0.51
0.56
4.41
0.53
0.38
0.43
0.37
0.37
0.52
0.50
0.50
0.52
0.45
0.47
0.52
0.51
0.40
0.38
0.41
0.39
0.35
0.35
0.36
0.35
0.51
0.50
0.50
0.51
CorWatt	PkgWatt
18.49	133.20
0.53	133.19
0.46
0.45
0.54
0.50
0.56
4.41
0.52
0.40
0.44
0.38
0.37
0.51
0.50
0.50
0.52
0.45
0.46
0.49
0.51
0.39
0.38
0.42
0.39
0.35
0.35
0.35
0.35
0.52
0.50
0.50
0.49
CorWatt	PkgWatt
18.96	133.80
0.55	133.81
0.46
0.46
0.52
0.55
0.60
4.41
0.53
0.39
0.42
0.38
0.38
0.58
0.51
0.49
0.56
0.47
0.48
0.51
0.51
0.42
0.43
0.43
0.42
0.39
0.35
0.36
0.35
0.52
0.51
0.51
0.51
CorWatt	PkgWatt
18.64	133.48
0.53	133.47
0.45
0.47
0.56
0.50
0.57
4.41
0.54
0.39
0.43
0.37
0.37
0.53
0.50
0.48
0.54
0.47
0.48
0.51
0.50
0.40
0.39
0.41
0.40
0.35
0.35
0.36
0.36
0.52
0.51
0.50
0.50
CorWatt	PkgWatt
18.63	133.43
0.56	133.44
0.44
0.46
0.54
0.51
0.56
4.41
0.52
0.39
0.47
0.39
0.39
0.50
0.50
0.48
0.53
0.46
0.47
0.52
0.52
0.40
0.39
0.42
0.39
0.35
0.35
0.36
0.35
0.51
0.50
0.51
0.52
CorWatt	PkgWatt
18.65	133.45
0.53	133.45
0.44
0.45
0.54
0.50
0.56
4.42
0.53
0.39
0.43
0.37
0.38
0.50
0.50
0.48
0.53
0.46
0.46
0.52
0.52
0.39
0.40
0.41
0.40
0.35
0.36
0.38
0.37
0.54
0.52
0.51
0.51
CorWatt	PkgWatt
18.87	133.76
0.54	133.77
0.45
0.46
0.54
0.53
0.58
4.41
0.55
0.39
0.43
0.37
0.38
0.51
0.51
0.50
0.53
0.49
0.50
0.52
0.52
0.40
0.39
0.45
0.39
0.38
0.37
0.37
0.36
0.52
0.51
0.51
0.51
CorWatt	PkgWatt
18.64	133.43
0.54	133.42
0.43
0.45
0.53
0.50
0.59
4.41
0.52
0.40
0.43
0.37
0.38
0.50
0.50
0.50
0.53
0.48
0.47
0.51
0.51
0.39
0.40
0.42
0.39
0.36
0.37
0.36
0.37
0.52
0.50
0.51
0.52
CorWatt	PkgWatt
18.57	133.33
0.53	133.34
0.44
0.45
0.56
0.50
0.57
4.41
0.52
0.39
0.42
0.37
0.38
0.50
0.50
0.49
0.52
0.47
0.47
0.51
0.50
0.40
0.39
0.42
0.39
0.39
0.35
0.35
0.35
0.52
0.51
0.50
0.51
CorWatt	PkgWatt
18.59	133.38
0.55	133.38
0.44
0.48
0.56
0.50
0.57
4.41
0.52
0.39
0.42
0.38
0.38
0.50
0.50
0.48
0.52
0.47
0.47
0.50
0.51
0.40
0.39
0.41
0.39
0.35
0.35
0.37
0.35
0.52
0.51
0.51
0.50
CorWatt	PkgWatt
18.76	133.68
0.54	133.68
0.46
0.46
0.53
0.52
0.59
4.41
0.52
0.39
0.42
0.37
0.38
0.50
0.51
0.49
0.53
0.48
0.49
0.52
0.52
0.40
0.39
0.42
0.39
0.38
0.37
0.36
0.35
0.52
0.52
0.51
0.51
CorWatt	PkgWatt
18.31	130.46
0.59	130.47
0.52
0.53
0.59
0.57
0.65
1.04
0.59
0.77
0.54
0.49
0.49
0.58
0.57
0.78
0.59
0.53
0.53
0.56
0.56
0.46
0.46
0.47
0.47
0.43
0.41
0.41
0.74
0.60
0.63
0.60
0.58
CorWatt	PkgWatt
16.23	128.23
0.52	128.22
0.43
0.44
0.49
0.50
0.56
0.51
0.48
0.65
0.65
1.13
0.61
0.52
0.51
0.64
0.54
0.47
0.47
0.49
0.45
0.39
0.38
0.40
0.38
0.38
0.37
0.37
0.35
0.52
0.58
0.54
0.51
CorWatt	PkgWatt
16.19	128.39
0.50	128.38
0.44
0.45
0.51
0.48
0.56
0.50
0.50
0.77
0.65
1.02
0.62
0.51
0.51
0.62
0.53
0.48
0.49
0.46
0.47
0.38
0.38
0.40
0.38
0.35
0.37
0.37
0.36
0.53
0.57
0.54
0.49
CorWatt	PkgWatt
16.66	128.40
0.53	128.42
0.46
0.46
0.54
0.50
0.57
0.49
0.49
1.11
0.70
0.64
0.63
0.52
0.51
0.63
0.53
0.49
0.48
0.46
0.46
0.41
0.38
0.43
0.40
0.41
0.41
0.39
0.36
0.53
0.62
0.59
0.54
CorWatt	PkgWatt
16.04	128.17
0.49	128.16
0.44
0.44
0.53
0.49
0.57
0.50
0.50
0.63
0.66
1.10
0.61
0.51
0.50
0.62
0.52
0.48
0.46
0.45
0.45
0.38
0.38
0.41
0.38
0.35
0.35
0.35
0.35
0.52
0.58
0.54
0.50
CorWatt	PkgWatt
16.42	128.54
0.50	128.55
0.44
0.47
0.55
0.50
0.57
0.49
0.48
1.13
0.66
0.88
0.59
0.52
0.52
0.63
0.54
0.48
0.47
0.45
0.45
0.38
0.38
0.41
0.38
0.35
0.35
0.35
0.35
0.53
0.59
0.54
0.51
CorWatt	PkgWatt
17.80	130.29
0.51	130.28
0.46
0.46
0.50
0.48
0.58
0.49
0.48
3.06
0.57
0.50
0.51
0.52
0.53
0.62
0.58
0.47
0.46
0.46
0.45
0.40
0.38
0.41
0.38
0.36
0.35
0.36
0.35
0.52
0.56
0.54
0.49
CorWatt	PkgWatt
17.84	130.18
0.53	130.19
0.47
0.45
0.52
0.49
0.56
0.49
0.49
3.05
0.57
0.52
0.51
0.52
0.51
0.61
0.54
0.48
0.47
0.46
0.46
0.39
0.38
0.41
0.38
0.36
0.35
0.36
0.35
0.52
0.56
0.54
0.51
CorWatt	PkgWatt
17.97	130.29
0.55	130.29
0.46
0.45
0.51
0.49
0.56
0.54
0.51
3.05
0.56
0.52
0.52
0.53
0.52
0.62
0.55
0.48
0.47
0.47
0.46
0.39
0.42
0.41
0.38
0.36
0.35
0.36
0.35
0.52
0.56
0.54
0.51
CorWatt	PkgWatt
17.91	130.29
0.54	130.29
0.44
0.44
0.49
0.49
0.56
0.48
0.48
2.28
0.58
1.31
0.52
0.55
0.53
0.64
0.56
0.48
0.49
0.47
0.45
0.39
0.38
0.41
0.38
0.36
0.36
0.35
0.35
0.51
0.58
0.54
0.51
CorWatt	PkgWatt
17.76	130.18
0.55	130.17
0.45
0.46
0.49
0.48
0.56
0.49
0.48
0.56
0.57
3.06
0.50
0.54
0.51
0.62
0.53
0.48
0.46
0.45
0.47
0.38
0.38
0.41
0.39
0.35
0.35
0.35
0.35
0.52
0.56
0.53
0.49
CorWatt	PkgWatt
18.05	130.26
0.54	130.26
0.46
0.46
0.48
0.50
0.56
0.49
0.49
3.05
0.59
0.54
0.51
0.53
0.55
0.63
0.56
0.50
0.49
0.48
0.46
0.40
0.38
0.43
0.40
0.37
0.36
0.38
0.35
0.52
0.56
0.54
0.51
CorWatt	PkgWatt
17.87	130.25
0.53	130.25
0.44
0.48
0.49
0.48
0.55
0.49
0.48
3.05
0.59
0.52
0.52
0.54
0.52
0.63
0.56
0.46
0.47
0.48
0.45
0.39
0.38
0.42
0.41
0.35
0.35
0.37
0.35
0.52
0.57
0.53
0.49
CorWatt	PkgWatt
18.04	130.40
0.54	130.40
0.44
0.49
0.51
0.49
0.56
0.51
0.48
3.05
0.60
0.55
0.50
0.50
0.51
0.62
0.53
0.46
0.47
0.46
0.45
0.38
0.38
0.40
0.39
0.37
0.37
0.37
0.35
0.56
0.57
0.57
0.56
CorWatt	PkgWatt
17.81	130.08
0.53	130.09
0.45
0.48
0.48
0.48
0.55
0.49
0.48
3.07
0.55
0.50
0.50
0.53
0.51
0.64
0.53
0.47
0.48
0.48
0.49
0.42
0.39
0.40
0.38
0.35
0.35
0.35
0.35
0.52
0.55
0.54
0.50
CorWatt	PkgWatt
17.96	130.30
0.55	130.30
0.43
0.49
0.47
0.49
0.56
0.49
0.49
0.60
0.56
3.04
0.52
0.52
0.52
0.63
0.55
0.45
0.49
0.48
0.48
0.39
0.38
0.41
0.38
0.36
0.38
0.36
0.35
0.52
0.55
0.54
0.52
CorWatt	PkgWatt
17.70	130.22
0.55	130.22
0.44
0.47
0.50
0.48
0.55
0.49
0.48
0.56
0.55
3.04
0.50
0.51
0.51
0.61
0.53
0.45
0.46
0.47
0.46
0.38
0.38
0.40
0.38
0.36
0.35
0.35
0.35
0.52
0.56
0.54
0.50
CorWatt	PkgWatt
17.32	129.96
0.53	129.98
0.43
0.50
0.50
0.49
0.57
0.65
0.49
0.51
0.53
2.25
0.47
0.51
0.52
0.64
0.54
0.48
0.47
0.47
0.45
0.41
0.40
0.43
0.40
0.35
0.35
0.38
0.37
0.53
0.58
0.56
0.54
CorWatt	PkgWatt
18.17	130.33
0.73	130.33
0.67
1.17
0.73
0.55
0.64
0.98
0.56
0.46
0.50
0.45
0.45
0.59
0.58
0.61
0.61
0.50
0.53
0.52
0.51
0.46
0.45
0.48
0.45
0.40
0.40
0.41
0.40
0.58
0.63
0.62
0.56
CorWatt	PkgWatt
16.26	128.39
0.74	128.38
0.70
1.22
0.74
0.50
0.57
0.61
0.51
0.39
0.44
0.38
0.39
0.51
0.51
0.49
0.53
0.46
0.48
0.47
0.46
0.39
0.38
0.41
0.39
0.36
0.35
0.36
0.36
0.52
0.54
0.56
0.52
CorWatt	PkgWatt
16.05	128.17
0.71	128.17
0.69
0.92
1.04
0.49
0.57
0.61
0.48
0.38
0.45
0.40
0.38
0.52
0.50
0.50
0.54
0.44
0.48
0.47
0.45
0.38
0.38
0.40
0.38
0.35
0.35
0.35
0.35
0.52
0.54
0.55
0.49
CorWatt	PkgWatt
16.39	128.52
0.72	128.52
0.69
1.27
0.77
0.52
0.56
0.62
0.48
0.39
0.43
0.39
0.39
0.52
0.51
0.49
0.55
0.45
0.48
0.49
0.45
0.41
0.42
0.43
0.42
0.35
0.37
0.36
0.35
0.51
0.54
0.55
0.50
CorWatt	PkgWatt
16.15	128.12
0.98	128.12
0.68
1.03
0.75
0.49
0.57
0.60
0.50
0.38
0.43
0.37
0.38
0.53
0.50
0.49
0.55
0.44
0.48
0.48
0.45
0.40
0.38
0.41
0.40
0.35
0.35
0.35
0.35
0.51
0.54
0.55
0.49
CorWatt	PkgWatt
17.41	129.79
0.56	129.79
0.47
2.97
0.58
0.50
0.56
0.59
0.49
0.38
0.48
0.39
0.39
0.50
0.50
0.50
0.55
0.45
0.48
0.48
0.46
0.39
0.38
0.41
0.38
0.35
0.35
0.37
0.36
0.52
0.55
0.56
0.52
CorWatt	PkgWatt
17.55	130.15
0.54	130.14
0.44
3.32
0.50
0.49
0.54
0.59
0.49
0.38
0.43
0.37
0.38
0.52
0.50
0.48
0.53
0.44
0.47
0.49
0.47
0.39
0.39
0.40
0.39
0.35
0.36
0.37
0.37
0.53
0.56
0.56
0.51
CorWatt	PkgWatt
17.53	130.03
0.53	130.03
0.43
3.32
0.49
0.52
0.57
0.60
0.50
0.38
0.43
0.38
0.38
0.52
0.50
0.49
0.54
0.45
0.49
0.48
0.48
0.39
0.38
0.40
0.38
0.37
0.37
0.36
0.35
0.51
0.53
0.55
0.51
CorWatt	PkgWatt
17.57	130.09
0.53	130.09
0.44
3.32
0.50
0.49
0.57
0.59
0.49
0.39
0.43
0.37
0.38
0.53
0.50
0.50
0.53
0.46
0.48
0.48
0.46
0.38
0.40
0.41
0.39
0.35
0.36
0.36
0.36
0.51
0.54
0.57
0.51
CorWatt	PkgWatt
17.56	129.91
0.53	129.91
0.45
3.32
0.49
0.51
0.56
0.58
0.49
0.39
0.43
0.37
0.38
0.50
0.50
0.49
0.54
0.44
0.48
0.48
0.46
0.39
0.38
0.41
0.38
0.36
0.41
0.36
0.35
0.51
0.54
0.56
0.51
CorWatt	PkgWatt
17.50	130.11
0.55	130.11
0.44
3.32
0.53
0.49
0.56
0.59
0.48
0.37
0.43
0.38
0.37
0.51
0.50
0.48
0.55
0.45
0.48
0.47
0.45
0.39
0.38
0.40
0.39
0.35
0.35
0.35
0.35
0.52
0.53
0.55
0.51
CorWatt	PkgWatt
17.44	129.96
0.52	129.97
0.43
3.32
0.50
0.49
0.55
0.59
0.48
0.38
0.43
0.36
0.38
0.50
0.50
0.49
0.54
0.44
0.47
0.49
0.48
0.39
0.38
0.41
0.38
0.37
0.36
0.35
0.35
0.51
0.54
0.54
0.51
CorWatt	PkgWatt
17.33	129.83
0.54	129.83
0.44
3.32
0.47
0.49
0.55
0.59
0.48
0.38
0.42
0.36
0.37
0.50
0.50
0.48
0.54
0.44
0.47
0.47
0.47
0.38
0.38
0.40
0.38
0.35
0.35
0.35
0.35
0.51
0.53
0.55
0.49
CorWatt	PkgWatt
17.65	130.02
0.55	130.02
0.45
3.32
0.48
0.50
0.56
0.58
0.50
0.38
0.43
0.37
0.38
0.50
0.51
0.51
0.55
0.44
0.48
0.50
0.46
0.39
0.38
0.41
0.38
0.38
0.37
0.37
0.35
0.51
0.55
0.57
0.52
CorWatt	PkgWatt
17.48	129.95
0.54	129.95
0.45
3.32
0.46
0.49
0.55
0.59
0.49
0.38
0.43
0.39
0.39
0.54
0.50
0.48
0.54
0.44
0.50
0.46
0.47
0.38
0.38
0.41
0.38
0.35
0.37
0.37
0.36
0.51
0.53
0.54
0.49
CorWatt	PkgWatt
17.80	130.22
0.55	130.23
0.46
3.32
0.51
0.50
0.56
0.59
0.49
0.39
0.47
0.39
0.39
0.50
0.50
0.48
0.54
0.44
0.47
0.45
0.45
0.41
0.38
0.43
0.40
0.37
0.42
0.37
0.35
0.51
0.59
0.58
0.54
CorWatt	PkgWatt
17.34	129.87
0.52	129.86
0.44
3.32
0.49
0.49
0.57
0.60
0.51
0.37
0.43
0.36
0.37
0.50
0.50
0.50
0.54
0.44
0.46
0.46
0.45
0.38
0.38
0.40
0.38
0.35
0.35
0.35
0.35
0.51
0.53
0.54
0.49
CorWatt	PkgWatt
18.64	130.43
0.59	130.44
0.52
1.26
0.57
0.58
0.62
0.67
0.61
0.98
0.53
0.47
0.46
0.64
0.66
0.86
0.71
0.49
0.52
0.51
0.50
0.46
0.47
0.47
0.45
0.43
0.43
0.43
0.42
0.57
0.64
0.58
0.58
CorWatt	PkgWatt
16.76	128.67
0.49	128.66
0.46
0.46
0.46
0.49
0.49
0.49
0.54
0.50
0.45
0.39
0.40
0.93
0.91
1.53
0.91
0.44
0.47
0.47
0.45
0.40
0.38
0.40
0.38
0.36
0.35
0.36
0.35
0.51
0.54
0.51
0.49
CorWatt	PkgWatt
16.72	128.52
0.52	128.51
0.46
0.45
0.48
0.50
0.49
0.48
0.55
0.51
0.43
0.38
0.38
0.87
0.87
1.57
0.91
0.44
0.47
0.45
0.45
0.39
0.38
0.41
0.38
0.35
0.35
0.35
0.35
0.51
0.54
0.55
0.51
CorWatt	PkgWatt
16.93	128.51
0.52	128.50
0.46
0.45
0.53
0.49
0.50
0.49
0.56
0.53
0.43
0.39
0.39
0.87
0.87
1.57
0.90
0.44
0.47
0.45
0.46
0.39
0.38
0.41
0.38
0.36
0.38
0.36
0.35
0.52
0.55
0.57
0.50
CorWatt	PkgWatt
17.03	128.92
0.52	128.93
0.45
0.45
0.49
0.49
0.51
0.49
0.54
0.51
0.47
0.39
0.40
1.57
0.89
0.93
0.92
0.45
0.48
0.46
0.46
0.39
0.38
0.41
0.38
0.36
0.37
0.36
0.37
0.52
0.54
0.56
0.52
CorWatt	PkgWatt
16.77	128.45
0.51	128.44
0.44
0.47
0.52
0.48
0.50
0.48
0.55
0.49
0.44
0.38
0.38
1.08
0.86
1.37
0.90
0.44
0.47
0.45
0.48
0.38
0.38
0.41
0.38
0.35
0.37
0.35
0.35
0.52
0.53
0.55
0.50
CorWatt	PkgWatt
17.06	128.74
0.51	128.74
0.44
0.44
0.44
0.48
0.49
0.48
0.54
0.50
0.44
0.38
0.38
1.77
0.93
0.96
0.97
0.44
0.48
0.46
0.45
0.39
0.39
0.41
0.38
0.35
0.35
0.36
0.35
0.51
0.54
0.55
0.51
CorWatt	PkgWatt
19.79	131.05
0.53	131.05
0.45
0.44
0.44
0.48
0.49
0.48
0.53
0.50
0.46
0.40
0.40
3.19
1.36
1.35
1.36
0.44
0.46
0.46
0.45
0.39
0.38
0.41
0.40
0.35
0.35
0.36
0.35
0.52
0.55
0.55
0.50
CorWatt	PkgWatt
20.95	131.93
0.58	131.95
0.53
0.49
0.50
0.52
0.52
0.54
0.57
0.52
0.51
0.45
0.42
1.44
2.80
1.35
1.67
0.47
0.49
0.49
0.50
0.40
0.39
0.41
0.39
0.42
0.40
0.41
0.39
0.61
0.60
0.60
0.57
CorWatt	PkgWatt
19.79	130.93
0.52	130.92
0.48
0.46
0.44
0.48
0.49
0.48
0.55
0.50
0.45
0.38
0.38
1.36
3.18
1.35
1.37
0.44
0.46
0.46
0.45
0.39
0.40
0.40
0.38
0.36
0.35
0.36
0.36
0.52
0.54
0.55
0.50
CorWatt	PkgWatt
19.86	131.12
0.53	131.13
0.45
0.46
0.42
0.48
0.49
0.48
0.53
0.48
0.44
0.39
0.38
1.36
3.21
1.35
1.37
0.44
0.49
0.48
0.47
0.39
0.38
0.42
0.38
0.35
0.37
0.36
0.35
0.52
0.54
0.55
0.52
CorWatt	PkgWatt
19.82	131.09
0.55	131.08
0.47
0.44
0.44
0.48
0.49
0.49
0.55
0.50
0.43
0.38
0.38
1.36
3.21
1.35
1.37
0.44
0.47
0.47
0.45
0.38
0.39
0.41
0.38
0.36
0.35
0.36
0.35
0.53
0.55
0.55
0.50
CorWatt	PkgWatt
20.12	131.32
0.54	131.33
0.47
0.48
0.43
0.49
0.52
0.52
0.55
0.48
0.44
0.38
0.41
1.36
3.13
1.35
1.44
0.45
0.47
0.46
0.46
0.42
0.38
0.42
0.41
0.36
0.36
0.39
0.37
0.52
0.57
0.56
0.54
CorWatt	PkgWatt
19.78	131.06
0.51	131.06
0.46
0.44
0.43
0.48
0.51
0.48
0.53
0.49
0.45
0.39
0.38
1.36
3.19
1.35
1.37
0.44
0.48
0.46
0.45
0.38
0.38
0.41
0.38
0.36
0.35
0.36
0.35
0.54
0.55
0.55
0.50
CorWatt	PkgWatt
19.80	130.98
0.55	130.98
0.49
0.44
0.48
0.49
0.49
0.50
0.56
1.10
2.41
1.24
1.09
0.66
0.67
0.68
1.05
0.44
0.47
0.46
0.45
0.40
0.38
0.40
0.38
0.35
0.35
0.36
0.35
0.51
0.54
0.55
0.52
CorWatt	PkgWatt
19.57	130.86
0.51	130.85
0.45
0.44
0.46
0.48
0.49
0.49
0.55
1.23
1.23
3.03
1.22
0.51
0.53
0.51
0.56
0.44
0.46
0.47
0.45
0.38
0.38
0.40
0.38
0.36
0.35
0.36
0.35
0.53
0.54
0.56
0.50
CorWatt	PkgWatt
20.00	131.19
0.53	131.20
0.47
0.45
0.47
0.52
0.49
0.53
0.55
1.23
3.04
1.23
1.23
0.53
0.52
0.52
0.57
0.45
0.47
0.47
0.46
0.41
0.42
0.43
0.42
0.37
0.38
0.37
0.36
0.52
0.54
0.55
0.52
CorWatt	PkgWatt
18.76	130.11
0.50	130.11
0.42
0.45
0.49
0.48
0.49
0.48
0.55
1.08
2.58
1.06
1.07
0.54
0.51
0.50
0.58
0.44
0.48
0.47
0.45
0.40
0.38
0.40
0.39
0.36
0.35
0.36
0.36
0.52
0.55
0.55
0.50
CorWatt	PkgWatt
20.21	134.02
0.58	134.03
0.49
0.51
0.54
0.54
0.57
0.54
0.61
0.52
0.58
0.46
0.48
0.58
0.58
0.57
0.64
0.52
0.54
0.55
0.52
0.47
0.52
0.48
0.47
0.43
0.43
3.06
0.45
0.59
0.64
0.57
1.15
CorWatt	PkgWatt
20.12	137.41
0.51	137.39
0.43
0.44
0.46
0.48
0.49
0.48
0.54
0.38
0.46
0.37
0.37
0.49
0.51
0.52
0.54
0.45
0.47
0.48
0.46
0.38
0.44
0.41
0.39
0.38
0.38
5.77
0.40
0.54
0.56
0.52
0.62
CorWatt	PkgWatt
20.29	137.43
0.51	137.44
0.43
0.44
0.46
0.50
0.52
0.49
0.56
0.39
0.47
0.39
0.39
0.49
0.52
0.50
0.53
0.46
0.50
0.48
0.48
0.39
0.43
0.43
0.39
0.38
0.39
5.75
0.40
0.52
0.56
0.51
0.62
CorWatt	PkgWatt
20.03	137.31
0.52	137.31
0.42
0.44
0.47
0.48
0.49
0.48
0.54
0.39
0.43
0.37
0.37
0.49
0.50
0.51
0.53
0.46
0.47
0.49
0.46
0.38
0.44
0.40
0.38
0.36
0.38
5.76
0.39
0.52
0.54
0.53
0.61
CorWatt	PkgWatt
19.93	137.41
0.52	137.40
0.43
0.44
0.47
0.48
0.50
0.48
0.54
0.38
0.42
0.36
0.37
0.48
0.51
0.48
0.53
0.44
0.46
0.47
0.45
0.39
0.38
0.40
0.38
0.36
0.41
5.76
0.38
0.52
0.55
0.55
0.62
CorWatt	PkgWatt
20.10	137.47
0.54	137.47
0.48
0.46
0.47
0.48
0.49
0.48
0.54
0.38
0.42
0.37
0.37
0.51
0.51
0.56
0.54
0.44
0.47
0.48
0.45
0.38
0.38
0.42
0.39
0.36
0.38
5.75
0.38
0.52
0.54
0.55
0.61
CorWatt	PkgWatt
20.36	137.53
0.53	137.53
0.50
0.45
0.43
0.49
0.50
0.50
0.55
0.38
0.43
0.38
0.38
0.50
0.51
0.54
0.53
0.45
0.48
0.51
0.48
0.41
0.39
0.41
0.40
0.39
0.40
5.76
0.40
0.53
0.55
0.56
0.62
CorWatt	PkgWatt
19.88	137.28
0.51	137.29
0.48
0.45
0.42
0.48
0.49
0.49
0.54
0.37
0.42
0.36
0.36
0.49
0.51
0.49
0.52
0.44
0.47
0.48
0.47
0.38
0.38
0.40
0.38
0.36
0.37
5.75
0.39
0.52
0.53
0.55
0.62
CorWatt	PkgWatt
20.15	137.70
0.53	137.71
0.47
0.44
0.43
0.52
0.50
0.49
0.59
0.37
0.42
0.37
0.37
0.49
0.51
0.50
0.54
0.44
0.48
0.51
0.46
0.39
0.38
0.41
0.38
0.39
0.39
5.76
0.38
0.53
0.58
0.56
0.62
CorWatt	PkgWatt
19.99	137.42
0.51	137.41
0.48
0.44
0.42
0.48
0.50
0.48
0.55
0.37
0.42
0.38
0.39
0.49
0.51
0.49
0.54
0.44
0.49
0.46
0.46
0.38
0.38
0.40
0.38
0.36
0.39
5.75
0.39
0.52
0.54
0.55
0.61
CorWatt	PkgWatt
20.44	137.74
0.54	137.75
0.51
0.45
0.46
0.49
0.50
0.49
0.54
0.38
0.46
0.38
0.39
0.49
0.51
0.51
0.55
0.45
0.47
0.46
0.46
0.42
0.38
0.42
0.40
0.43
0.41
5.75
0.39
0.53
0.59
0.59
0.62
CorWatt	PkgWatt
19.97	137.42
0.51	137.41
0.44
0.44
0.47
0.50
0.50
0.50
0.56
0.38
0.42
0.36
0.37
0.52
0.50
0.49
0.55
0.44
0.46
0.46
0.45
0.38
0.38
0.41
0.38
0.36
0.37
5.76
0.38
0.52
0.54
0.55
0.61
CorWatt	PkgWatt
20.09	137.62
0.53	137.61
0.44
0.46
0.48
0.49
0.49
0.49
0.56
0.38
0.44
0.38
0.38
0.50
0.52
0.50
0.57
0.44
0.47
0.45
0.45
0.39
0.38
0.41
0.38
0.36
0.37
5.76
0.38
0.52
0.57
0.55
0.62
CorWatt	PkgWatt
20.30	137.74
0.52	137.74
0.47
0.47
0.46
0.49
0.49
0.50
0.57
0.40
0.45
0.38
0.37
0.52
0.52
0.50
0.57
0.44
0.48
0.47
0.46
0.41
0.39
0.41
0.39
0.37
0.37
5.76
0.39
0.54
0.56
0.57
0.61
CorWatt	PkgWatt
20.35	137.68
0.55	137.69
0.48
0.45
0.48
0.50
0.50
0.50
0.56
0.40
0.44
0.38
0.37
0.51
0.52
0.50
0.59
0.45
0.49
0.47
0.47
0.41
0.40
0.42
0.40
0.37
0.37
5.76
0.40
0.53
0.54
0.52
0.62
CorWatt	PkgWatt
20.07	137.59
0.52	137.58
0.46
0.44
0.48
0.48
0.48
0.49
0.57
0.38
0.42
0.38
0.38
0.51
0.51
0.52
0.60
0.44
0.47
0.46
0.45
0.38
0.38
0.41
0.38
0.37
0.37
5.76
0.39
0.52
0.53
0.50
0.61
CorWatt	PkgWatt
20.30	137.89
0.54	137.89
0.44
0.44
0.49
0.48
0.49
0.49
0.54
0.40
0.44
0.39
0.38
0.54
0.55
0.57
0.60
0.44
0.47
0.46
0.46
0.40
0.38
0.41
0.38
0.40
0.37
5.76
0.40
0.52
0.52
0.51
0.63
CorWatt	PkgWatt
19.30	133.44
0.72	133.45
0.81
0.50
0.51
0.57
0.57
0.67
0.63
0.43
0.46
0.41
0.41
0.55
0.56
0.60
0.64
0.50
0.52
0.53
0.53
0.45
0.45
0.46
0.44
0.45
0.43
2.57
0.46
0.61
0.60
0.59
0.68
CorWatt	PkgWatt
17.76	130.48
0.60	130.47
0.46
0.45
0.44
0.58
0.55
3.26
0.61
0.40
0.44
0.38
0.39
0.51
0.51
0.53
0.57
0.46
0.49
0.47
0.46
0.40
0.39
0.42
0.39
0.36
0.36
0.42
0.37
0.52
0.52
0.51
0.52
CorWatt	PkgWatt
17.51	130.09
0.58	130.08
0.46
0.45
0.44
0.55
0.53
3.21
0.59
0.39
0.45
0.38
0.40
0.50
0.50
0.55
0.55
0.44
0.47
0.48
0.46
0.40
0.38
0.40
0.40
0.35
0.35
0.42
0.40
0.53
0.51
0.50
0.49
CorWatt	PkgWatt
17.79	130.20
0.62	130.21
0.47
0.47
0.48
0.52
0.52
3.20
0.58
0.38
0.49
0.41
0.38
0.51
0.52
0.54
0.54
0.44
0.48
0.47
0.46
0.40
0.39
0.41
0.39
0.37
0.37
0.40
0.40
0.58
0.55
0.54
0.54
CorWatt	PkgWatt
17.43	130.01
0.59	130.00
0.47
0.46
0.44
0.51
0.52
3.20
0.58
0.40
0.43
0.37
0.38
0.51
0.50
0.54
0.53
0.44
0.47
0.47
0.46
0.41
0.40
0.41
0.39
0.35
0.35
0.41
0.41
0.53
0.51
0.50
0.49
CorWatt	PkgWatt
17.63	130.24
0.60	130.24
0.46
0.47
0.44
0.51
0.53
3.20
0.59
0.39
0.43
0.37
0.39
0.53
0.51
0.54
0.52
0.45
0.49
0.50
0.48
0.40
0.39
0.42
0.40
0.39
0.37
0.40
0.40
0.52
0.52
0.51
0.51
CorWatt	PkgWatt
17.35	129.91
0.61	129.91
0.49
0.45
0.45
0.51
0.52
3.20
0.58
0.38
0.43
0.36
0.38
0.51
0.50
0.54
0.53
0.44
0.47
0.48
0.46
0.38
0.38
0.41
0.38
0.36
0.35
0.40
0.41
0.52
0.51
0.50
0.49
CorWatt	PkgWatt
17.51	130.04
0.60	130.04
0.47
0.48
0.44
0.51
0.54
3.19
0.60
0.39
0.43
0.36
0.39
0.50
0.50
0.53
0.53
0.45
0.47
0.47
0.46
0.40
0.38
0.42
0.40
0.35
0.35
0.41
0.42
0.52
0.53
0.51
0.53
CorWatt	PkgWatt
17.30	129.91
0.59	129.92
0.47
0.44
0.43
0.51
0.53
3.20
0.58
0.37
0.43
0.37
0.38
0.51
0.50
0.54
0.53
0.44
0.47
0.47
0.45
0.38
0.38
0.41
0.38
0.35
0.35
0.40
0.40
0.52
0.50
0.50
0.50
CorWatt	PkgWatt
17.84	130.28
0.62	130.27
0.50
0.46
0.45
0.58
0.54
0.57
3.19
0.41
0.45
0.39
0.40
0.52
0.52
0.55
0.54
0.46
0.48
0.48
0.47
0.42
0.39
0.42
0.39
0.37
0.37
0.40
0.41
0.53
0.52
0.51
0.52
CorWatt	PkgWatt
17.39	129.93
0.60	129.93
0.46
0.45
0.44
0.58
0.52
0.56
3.19
0.39
0.43
0.37
0.38
0.53
0.50
0.55
0.53
0.44
0.46
0.47
0.45
0.38
0.38
0.41
0.38
0.37
0.35
0.39
0.40
0.52
0.52
0.50
0.50
CorWatt	PkgWatt
17.53	129.93
0.60	129.93
0.47
0.45
0.43
0.60
0.52
0.58
3.19
0.37
0.42
0.38
0.38
0.52
0.50
0.53
0.54
0.45
0.47
0.48
0.45
0.40
0.42
0.42
0.42
0.35
0.35
0.39
0.40
0.51
0.51
0.50
0.50
CorWatt	PkgWatt
17.47	129.94
0.59	129.94
0.45
0.46
0.47
0.58
0.52
1.58
2.19
0.39
0.44
0.37
0.38
0.54
0.50
0.53
0.54
0.44
0.49
0.48
0.45
0.39
0.38
0.41
0.40
0.35
0.35
0.39
0.40
0.52
0.51
0.50
0.49
CorWatt	PkgWatt
17.66	130.16
0.59	130.17
0.47
0.45
0.44
0.58
0.53
3.21
0.55
0.38
0.48
0.39
0.40
0.51
0.51
0.56
0.54
0.45
0.48
0.50
0.48
0.39
0.40
0.41
0.40
0.35
0.35
0.40
0.41
0.52
0.51
0.50
0.52
CorWatt	PkgWatt
17.43	129.86
0.58	129.86
0.47
0.44
0.43
0.57
0.52
3.19
0.54
0.37
0.43
0.37
0.38
0.50
0.50
0.53
0.54
0.44
0.46
0.48
0.46
0.38
0.38
0.41
0.38
0.36
0.36
0.42
0.41
0.54
0.53
0.52
0.51
CorWatt	PkgWatt
17.48	129.85
0.59	129.85
0.48
0.44
0.43
0.59
0.54
3.21
0.55
0.38
0.43
0.36
0.38
0.53
0.51
0.54
0.53
0.44
0.48
0.47
0.47
0.39
0.38
0.40
0.38
0.37
0.36
0.39
0.41
0.51
0.51
0.51
0.50
CorWatt	PkgWatt
17.50	130.07
0.58	130.07
0.49
0.44
0.43
0.57
0.52
3.20
0.55
0.39
0.43
0.36
0.38
0.50
0.50
0.55
0.53
0.46
0.48
0.49
0.45
0.38
0.39
0.40
0.39
0.38
0.37
0.42
0.41
0.52
0.50
0.52
0.51
CorWatt	PkgWatt
17.42	129.86
0.58	129.85
0.48
0.45
0.43
0.57
0.53
3.13
0.54
0.39
0.44
0.37
0.39
0.51
0.51
0.55
0.55
0.45
0.48
0.48
0.46
0.40
0.39
0.41
0.39
0.35
0.35
0.40
0.40
0.52
0.52
0.50
0.51
CorWatt	PkgWatt
18.43	130.16
0.63	130.18
0.56
0.55
0.54
0.62
0.61
0.58
0.58
0.46
0.49
0.45
0.45
0.58
0.59
0.63
0.62
0.51
0.55
0.88
0.76
0.59
0.58
0.58
0.95
0.45
0.43
0.48
0.48
0.58
0.57
0.56
0.55
CorWatt	PkgWatt
16.53	128.35
0.50	128.33
0.49
0.45
0.43
0.55
0.52
0.51
0.50
0.38
0.45
0.37
0.38
0.50
0.50
0.55
0.56
0.44
0.48
0.50
0.60
0.79
0.66
0.67
1.17
0.36
0.37
0.39
0.40
0.51
0.53
0.52
0.51
CorWatt	PkgWatt
16.68	128.62
0.51	128.62
0.48
0.47
0.43
0.55
0.52
0.51
0.52
0.40
0.44
0.38
0.39
0.54
0.51
0.55
0.55
0.45
0.49
0.50
0.59
0.69
0.66
0.69
1.28
0.36
0.36
0.41
0.41
0.53
0.52
0.51
0.50
CorWatt	PkgWatt
16.74	128.54
0.52	128.53
0.46
0.46
0.50
0.55
0.52
0.50
0.50
0.38
0.44
0.38
0.39
0.50
0.51
0.56
0.56
0.45
0.50
0.51
0.56
0.79
0.65
0.68
1.22
0.38
0.38
0.42
0.42
0.52
0.54
0.50
0.52
CorWatt	PkgWatt
16.53	128.33
0.50	128.33
0.44
0.44
0.47
0.55
0.49
0.48
0.50
0.38
0.43
0.39
0.40
0.51
0.50
0.58
0.57
0.44
0.51
0.46
0.60
0.67
0.65
0.67
1.30
0.39
0.37
0.40
0.43
0.53
0.51
0.50
0.50
CorWatt	PkgWatt
17.37	129.11
0.54	129.12
0.45
0.45
0.52
0.55
0.51
0.48
0.49
0.38
0.47
0.39
0.40
0.50
0.50
0.54
0.56
0.45
0.47
0.47
0.57
0.81
0.74
0.77
1.65
0.37
0.36
0.42
0.41
0.53
0.57
0.53
0.51
CorWatt	PkgWatt
19.43	131.36
0.52	131.36
0.44
0.45
0.47
0.56
0.51
0.50
0.52
0.38
0.43
0.36
0.38
0.50
0.50
0.54
0.55
0.45
0.48
0.46
0.57
3.12
1.07
1.07
1.08
0.35
0.35
0.39
0.42
0.51
0.51
0.50
0.50
CorWatt	PkgWatt
19.86	131.43
0.53	131.43
0.46
0.47
0.49
0.56
0.51
0.50
0.50
0.39
0.45
0.39
0.40
0.55
0.55
0.55
0.58
0.45
0.49
0.46
0.57
3.09
1.11
1.11
1.13
0.35
0.35
0.40
0.40
0.52
0.54
0.50
0.51
CorWatt	PkgWatt
19.62	131.42
0.51	131.42
0.51
0.46
0.44
0.55
0.49
0.49
0.50
0.40
0.45
0.40
0.37
0.52
0.51
0.53
0.56
0.45
0.48
0.47
0.56
3.10
1.11
1.12
1.13
0.36
0.35
0.39
0.41
0.51
0.51
0.50
0.49
CorWatt	PkgWatt
19.40	131.11
0.54	131.11
0.50
0.44
0.43
0.56
0.50
0.49
0.50
0.37
0.43
0.37
0.38
0.50
0.50
0.53
0.54
0.45
0.47
0.46
0.57
1.09
1.08
1.08
3.11
0.35
0.35
0.39
0.40
0.51
0.51
0.50
0.50
CorWatt	PkgWatt
19.97	131.72
0.56	131.74
0.55
0.49
0.49
0.57
0.51
0.50
0.51
0.38
0.45
0.37
0.38
0.52
0.51
0.50
0.54
0.49
0.51
0.50
0.61
1.12
1.11
1.11
3.10
0.41
0.36
0.39
0.41
0.51
0.51
0.50
0.49
CorWatt	PkgWatt
19.88	131.41
0.54	131.41
0.50
0.45
0.45
0.56
0.50
0.50
0.50
0.40
0.45
0.40
0.39
0.55
0.55
0.52
0.57
0.45
0.49
0.48
0.58
2.75
1.12
1.12
1.48
0.36
0.35
0.39
0.42
0.51
0.51
0.50
0.52
CorWatt	PkgWatt
19.63	131.42
0.54	131.42
0.50
0.46
0.45
0.56
0.50
0.49
0.51
0.38
0.42
0.37
0.38
0.54
0.52
0.49
0.55
0.45
0.47
0.47
0.59
2.30
1.12
1.12
1.93
0.37
0.36
0.39
0.40
0.52
0.51
0.50
0.49
CorWatt	PkgWatt
19.47	131.24
0.53	131.24
0.50
0.45
0.43
0.56
0.50
0.49
0.49
0.38
0.43
0.36
0.38
0.50
0.51
0.49
0.57
0.45
0.48
0.48
0.58
3.10
1.11
1.11
1.12
0.35
0.35
0.39
0.40
0.51
0.50
0.50
0.51
CorWatt	PkgWatt
19.41	131.39
0.52	131.38
0.49
0.44
0.43
0.55
0.49
0.48
0.50
0.38
0.44
0.39
0.39
0.51
0.51
0.49
0.54
0.45
0.47
0.48
0.58
1.11
1.09
1.09
3.09
0.35
0.35
0.39
0.40
0.51
0.50
0.50
0.49
CorWatt	PkgWatt
19.96	131.81
0.54	131.82
0.52
0.47
0.48
0.56
0.52
0.51
0.50
0.38
0.47
0.40
0.38
0.50
0.51
0.49
0.54
0.46
0.49
0.48
0.57
2.23
1.12
1.12
2.00
0.38
0.37
0.40
0.40
0.55
0.51
0.55
0.55
CorWatt	PkgWatt
19.49	131.48
0.52	131.47
0.51
0.46
0.44
0.55
0.50
0.49
0.49
0.38
0.43
0.37
0.37
0.50
0.50
0.48
0.52
0.45
0.47
0.48
0.59
3.10
1.12
1.12
1.13
0.37
0.35
0.39
0.40
0.52
0.50
0.50
0.49
CorWatt	PkgWatt
19.24	131.19
0.57	131.22
0.54
0.52
0.49
0.62
0.59
0.52
0.52
0.47
0.48
0.46
0.45
0.58
0.59
0.59
0.56
0.55
0.56
0.53
0.67
1.93
0.83
0.86
0.95
0.40
0.35
0.42
0.41
0.57
0.54
0.57
0.55
