CorWatt	PkgWatt
4.62	151.48
0.09	76.05
0.09
0.09
0.09
0.09
0.09
0.08
0.08
0.08
0.07
0.07
0.07
0.07
0.07
0.07
0.07
0.08
0.08
0.09
0.08
0.09
0.08
0.08
0.08
0.08
0.08
0.08
0.08
0.09
0.07
0.07
0.07
0.07	75.47
0.07
0.06
0.06
0.07
0.06
0.06
0.06
0.06
0.07
0.06
0.06
0.06
0.06
0.06
0.06
0.06
0.06
0.06
0.06
0.07
0.07
0.07
0.07
0.07
0.07
0.07
0.06
0.06
0.06
0.06
0.06
CorWatt	PkgWatt
5.00	152.00
0.09	76.39
0.11
0.11
0.09
0.10
0.08
0.08
0.08
0.07
0.07
0.14
0.09
0.08
0.07
0.07
0.08
0.09
0.17
0.09
0.09
0.09
0.10
0.08
0.09
0.09
0.10
0.08
0.08
0.07
0.09
0.08
0.07
0.07	75.67
0.07
0.07
0.07
0.07
0.07
0.07
0.06
0.07
0.07
0.06
0.06
0.06
0.06
0.06
0.06
0.07
0.06
0.06
0.06
0.07
0.07
0.07
0.07
0.07
0.07
0.07
0.07
0.06
0.06
0.06
0.06
CorWatt	PkgWatt
7.25	162.49
0.17	82.12
0.15
0.13
0.12
0.15
0.13
0.11
0.11
0.12
0.09
0.09
0.14
0.09
0.16
0.13
0.10
0.19
0.16
0.16
0.19
0.11
0.16
0.13
0.14
0.11
0.12
0.12
0.17
0.11
0.17
0.12
0.11
0.10	80.42
0.15
0.13
0.09
0.08
0.08
0.08
0.10
0.09
0.10
0.08
0.08
0.11
0.14
0.10
0.15
0.08
0.08
0.09
0.08
0.09
0.09
0.08
0.08
0.09
0.08
0.08
0.08
0.08
0.08
0.08
0.09
CorWatt	PkgWatt
4.60	151.64
0.08	75.58
0.09
0.08
0.08
0.08
0.08
0.08
0.08
0.06
0.06
0.06
0.06
0.06
0.06
0.06
0.06
0.09
0.08
0.08
0.09
0.08
0.08
0.08
0.07
0.08
0.08
0.07
0.07
0.06
0.06
0.06
0.06
0.08	75.89
0.08
0.07
0.08
0.07
0.07
0.07
0.07
0.08
0.07
0.07
0.07
0.07
0.08
0.07
0.07
0.07
0.07
0.07
0.07
0.08
0.08
0.07
0.07
0.08
0.07
0.07
0.07
0.07
0.06
0.06
0.06
CorWatt	PkgWatt
5.07	152.43
0.10	76.07
0.09
0.09
0.09
0.08
0.08
0.08
0.08
0.07
0.07
0.07
0.07
0.07
0.07
0.07
0.07
0.09
0.09
0.09
0.09
0.09
0.09
0.09
0.09
0.08
0.09
0.08
0.08
0.07
0.07
0.07
0.07
0.08	76.04
0.09
0.08
0.08
0.08
0.08
0.07
0.08
0.09
0.08
0.07
0.07
0.07
0.07
0.07
0.07
0.08
0.08
0.07
0.07
0.08
0.08
0.08
0.08
0.08
0.08
0.07
0.07
0.07
0.07
0.07
0.08
