CorWatt	PkgWatt
5.95	157.76
0.11	78.87
0.10
0.10
0.10
0.10
0.10
0.10
0.10
0.09
0.09
0.09
0.09
0.08
0.09
0.08
0.08
0.10
0.10
0.10
0.10
0.11
0.10
0.10
0.10
0.10
0.10
0.10
0.10
0.09
0.09
0.09
0.09
0.10	78.91
0.10
0.09
0.09
0.10
0.10
0.10
0.11
0.08
0.08
0.08
0.08
0.08
0.08
0.08
0.08
0.10
0.10
0.10
0.09
0.09
0.10
0.10
0.10
0.09
0.09
0.09
0.09
0.08
0.08
0.08
0.08
CorWatt	PkgWatt
5.70	154.49
0.10	77.42
0.10
0.10
0.10
0.09
0.09
0.09
0.10
0.08
0.08
0.08
0.08
0.08
0.15
0.08
0.08
0.09
0.09
0.09
0.10
0.11
0.10
0.10
0.10
0.09
0.09
0.09
0.09
0.08
0.08
0.08
0.08
0.09	77.08
0.09
0.09
0.09
0.09
0.10
0.09
0.09
0.07
0.07
0.08
0.07
0.07
0.07
0.08
0.07
0.09
0.09
0.09
0.12
0.09
0.09
0.09
0.09
0.08
0.11
0.09
0.08
0.07
0.07
0.08
0.08
CorWatt	PkgWatt
16.37	187.38
0.20	90.92
0.18
0.25
0.16
0.27
0.27
0.33
0.31
0.21
0.16
0.16
0.15
0.17
0.15
0.14
0.17
0.17
0.16
0.16
0.19
0.17
0.17
0.18
0.21
0.15
0.18
0.14
0.18
0.15
0.16
0.14
0.24
0.30	96.64
0.31
0.24
0.25
0.29
0.24
0.23
0.30
0.22
0.23
0.21
0.24
0.27
0.20
0.23
0.26
0.22
0.33
0.20
0.25
0.29
0.36
0.34
2.37
0.22
0.25
0.32
0.25
0.24
0.21
0.24
0.22
