CorWatt	PkgWatt
4.47	153.16
0.08	76.95
0.08
0.08
0.08
0.08
0.08
0.08
0.08
0.07
0.07
0.07
0.07
0.06
0.06
0.06
0.06
0.08
0.08
0.08
0.08
0.09
0.08
0.17
0.08
0.08
0.08
0.08
0.08
0.07
0.07
0.07
0.07
0.07	76.29
0.07
0.07
0.07
0.07
0.07
0.07
0.07
0.05
0.06
0.05
0.05
0.06
0.06
0.06
0.06
0.07
0.07
0.06
0.07
0.07
0.07
0.07
0.07
0.06
0.06
0.06
0.06
0.06
0.06
0.06
0.06
CorWatt	PkgWatt
4.67	152.24
0.09	76.09
0.08
0.08
0.08
0.08
0.08
0.08
0.08
0.07
0.07
0.06
0.07
0.07
0.07
0.06
0.07
0.08
0.08
0.08
0.08
0.09
0.08
0.08
0.08
0.08
0.08
0.07
0.07
0.06
0.06
0.07
0.06
0.08	76.23
0.08
0.07
0.07
0.08
0.07
0.09
0.07
0.07
0.06
0.06
0.06
0.06
0.06
0.06
0.06
0.07
0.07
0.09
0.07
0.07
0.07
0.08
0.10
0.08
0.13
0.06
0.06
0.07
0.06
0.06
0.07
CorWatt	PkgWatt
104.13	296.76
0.54	143.28
1.62
1.66
1.64
1.60
1.61
1.52
1.52
1.58
1.55
1.55
1.57
1.57
1.55
1.45
1.47
1.57
1.57
1.59
1.57
1.66
1.62
1.53
1.53
1.58
1.57
1.57
1.59
1.61
1.60
1.50
1.55
1.68	153.21
1.66
1.64
1.66
1.67
1.65
1.58
1.56
1.70
3.58
1.69
1.71
1.69
1.67
1.56
1.58
1.64
1.60
1.64
1.63
1.69
1.68
1.58
1.59
1.71
1.70
1.72
1.72
1.73
1.75
1.61
1.56
CorWatt	PkgWatt
129.45	340.71
0.32	166.35
2.01
2.28
2.22
2.04
2.05
1.91
1.92
2.03
2.00
1.99
2.01
2.03
1.99
1.83
1.84
2.03
2.02
2.02
2.01
2.02
2.01
1.88
1.88
2.03
2.00
2.01
1.98
2.00
2.01
1.85
1.84
2.18	174.64
2.11
2.08
2.07
2.13
2.10
1.95
1.94
2.15
3.24
2.14
2.14
2.16
2.12
1.97
1.97
2.08
2.05
2.09
2.08
2.11
2.12
1.96
1.96
2.12
2.09
2.13
2.12
2.14
2.13
1.99
1.88
