CorWatt	PkgWatt
3.94	150.32
0.08	75.38
0.08
0.08
0.08
0.08
0.07
0.07
0.07
0.06
0.06
0.06
0.06
0.06
0.06
0.06
0.06
0.07
0.07
0.07
0.07
0.09
0.08
0.07
0.08
0.07
0.07
0.07
0.08
0.06
0.06
0.06
0.06
0.05	74.88
0.05
0.05
0.05
0.06
0.05
0.05
0.06
0.05
0.05
0.05
0.05
0.05
0.05
0.05
0.05
0.06
0.05
0.05
0.05
0.06
0.06
0.06
0.06
0.05
0.05
0.05
0.05
0.05
0.05
0.05
0.05
CorWatt	PkgWatt
4.44	150.82
0.10	75.83
0.09
0.10
0.11
0.11
0.09
0.08
0.08
0.07
0.07
0.07
0.06
0.08
0.08
0.07
0.11
0.08
0.08
0.08
0.08
0.12
0.08
0.08
0.08
0.09
0.08
0.08
0.08
0.11
0.08
0.08
0.07
0.06	74.99
0.05
0.05
0.05
0.06
0.06
0.06
0.06
0.05
0.05
0.05
0.05
0.05
0.05
0.05
0.05
0.06
0.06
0.05
0.06
0.06
0.06
0.06
0.06
0.05
0.05
0.05
0.05
0.05
0.05
0.05
0.05
CorWatt	PkgWatt
109.17	304.50
0.57	149.86
1.64
1.85
1.83
1.79
1.70
1.58
1.69
1.73
1.73
1.62
1.75
1.78
1.70
1.59
1.53
1.85
1.66
1.66
1.84
1.80
1.66
1.56
1.78
1.81
1.81
1.91
2.04
1.79
1.63
1.51
1.65
1.70	154.63
1.67
1.66
1.66
1.72
1.69
1.57
1.57
1.71
1.70
1.68
1.70
1.71
1.70
1.59
1.59
3.52
1.67
1.69
1.69
1.70
1.70
1.61
1.60
1.71
1.69
1.71
1.70
1.70
1.70
1.59
1.55
