CorWatt	PkgWatt
6.73	158.96
0.13	79.96
0.12
0.12
0.13
0.11
0.12
0.11
0.11
0.10
0.10
0.10
0.10
0.10
0.10
0.10
0.10
0.12
0.11
0.12
0.12
0.13
0.21
0.12
0.12
0.11
0.11
0.11
0.11
0.10
0.10
0.10
0.10
0.10	79.18
0.10
0.10
0.10
0.11
0.11
0.10
0.10
0.09
0.09
0.09
0.09
0.09
0.10
0.09
0.09
0.10
0.10
0.10
0.10
0.10
0.10
0.10
0.10
0.09
0.09
0.09
0.09
0.09
0.09
0.09
0.09
CorWatt	PkgWatt
6.55	156.58
0.12	78.09
0.11
0.11
0.11
0.11
0.11
0.11
0.11
0.09
0.09
0.09
0.09
0.09
0.09
0.09
0.09
0.11
0.11
0.11
0.11
0.12
0.11
0.11
0.11
0.11
0.11
0.11
0.11
0.09
0.09
0.09
0.09
0.10	78.31
0.10
0.12
0.10
0.11
0.10
0.10
0.12
0.09
0.09
0.09
0.10
0.09
0.09
0.09
0.09
0.10
0.10
0.10
0.12
0.10
0.10
0.12
0.12
0.10
0.11
0.09
0.09
0.09
0.09
0.09
0.17
CorWatt	PkgWatt
16.23	185.60
0.22	88.78
0.19
0.17
0.24
0.17
0.16
0.15
0.17
0.14
0.14
0.14
0.16
0.14
0.14
0.13
0.15
0.16
0.15
0.18
0.16
0.17
0.16
0.18
0.16
0.15
0.16
0.15
0.16
0.15
0.15
0.14
0.15
0.28	96.94
0.26
0.36
0.30
0.33
0.31
0.26
0.32
0.29
0.33
0.26
2.27
0.24
0.31
0.30
0.40
0.24
0.28
0.25
0.29
0.26
0.25
0.29
0.40
0.24
0.25
0.28
0.29
0.24
0.21
0.24
0.26
