CorWatt	PkgWatt
15.66	128.94
0.55	128.94
0.52
0.49
0.48
0.52
0.54
0.54
0.54
0.42
0.46
0.40
0.43
0.57
0.68
0.55
0.58
0.46
0.48
0.53
0.48
0.42
0.46
0.43
0.40
0.39
0.37
0.39
0.38
0.54
0.54
0.54
0.54
CorWatt	PkgWatt
15.24	127.72
0.51	128.38
0.50
0.51
0.45
0.52
0.54
0.54
0.51
0.39
0.47
0.40
0.40
0.56
0.56
0.55
0.59
0.47
0.49
0.51
0.48
0.43
0.41
0.42
0.40
0.39
0.37
0.38
0.39
0.54
0.54
0.53
0.52
CorWatt	PkgWatt
68.85	166.08
0.93	188.19
2.23
2.30
2.26
2.31
2.33
2.34
2.27
2.22
2.24
2.27
2.20
2.42
2.41
2.43
2.43
2.32
2.33
2.13
2.16
2.29
2.30
2.08
2.04
2.33
2.32
2.15
2.11
2.51
2.47
4.01
2.32
