CorWatt	PkgWatt
15.42	129.07
0.53	127.99
0.51
0.47
0.49
0.57
0.54
0.51
0.51
0.48
0.44
0.49
0.41
0.53
0.54
0.54
0.58
0.47
0.49
0.49
0.48
0.42
0.41
0.45
0.40
0.37
0.37
0.41
0.36
0.54
0.53
0.53
0.51
CorWatt	PkgWatt
15.15	127.90
0.50	127.91
0.49
0.47
0.56
0.54
0.52
0.55
0.51
0.48
0.45
0.43
0.39
0.53
0.52
0.53
0.56
0.45
0.49
0.51
0.47
0.43
0.40
0.42
0.40
0.37
0.37
0.40
0.36
0.54
0.51
0.51
0.50
CorWatt	PkgWatt
68.28	182.29
0.90	182.36
2.13
2.18
2.19
2.21
2.26
2.22
2.20
2.16
2.15
2.21
2.10
2.28
2.33
2.33
3.94
2.11
2.12
1.99
1.99
2.08
2.04
1.93
1.89
2.05
2.00
1.91
1.90
2.24
2.19
2.04
2.03
