CorWatt	PkgWatt
15.31	128.02
0.57	128.02
0.48
0.48
0.46
0.52
0.53
0.53
0.52
0.42
0.45
0.52
0.44
0.52
0.54
0.58
0.53
0.47
0.48
0.46
0.51
0.40
0.40
0.39
0.40
0.39
0.39
0.38
0.36
0.55
0.56
0.53
0.53
CorWatt	PkgWatt
14.83	127.40
0.53	127.44
0.51
0.49
0.47
0.54
0.52
0.49
0.50
0.39
0.43
0.42
0.41
0.52
0.52
0.59
0.52
0.46
0.46
0.46
0.51
0.39
0.38
0.38
0.39
0.40
0.35
0.37
0.35
0.56
0.51
0.50
0.50
CorWatt	PkgWatt
67.39	181.69
0.92	181.70
2.28
2.17
2.12
2.16
2.19
2.14
2.12
2.05
2.02
2.10
2.04
2.22
2.17
2.14
2.18
2.16
2.15
1.96
2.02
3.51
2.06
1.87
1.88
2.07
2.06
1.91
1.96
2.28
2.25
2.12
2.11
