CorWatt	PkgWatt
4.85	154.97
0.09	77.68
0.09
0.08
0.09
0.08
0.09
0.08
0.08
0.08
0.08
0.08
0.08
0.08
0.08
0.08
0.08
0.08
0.08
0.08
0.09
0.10
0.09
0.08
0.08
0.08
0.08
0.08
0.08
0.08
0.08
0.08
0.08
0.07	77.15
0.07
0.07
0.07
0.07
0.07
0.07
0.07
0.06
0.06
0.06
0.06
0.07
0.10
0.06
0.07
0.07
0.07
0.07
0.07
0.07
0.07
0.07
0.07
0.07
0.07
0.07
0.07
0.06
0.06
0.06
0.06
CorWatt	PkgWatt
4.95	152.85
0.09	76.53
0.09
0.08
0.09
0.08
0.08
0.08
0.08
0.08
0.08
0.08
0.08
0.08
0.08
0.08
0.08
0.08
0.08
0.08
0.08
0.10
0.09
0.08
0.09
0.08
0.08
0.08
0.08
0.08
0.08
0.08
0.08
0.11	76.44
0.08
0.08
0.07
0.07
0.07
0.08
0.07
0.06
0.06
0.07
0.06
0.06
0.07
0.07
0.07
0.07
0.07
0.07
0.08
0.08
0.07
0.07
0.08
0.07
0.11
0.08
0.07
0.06
0.07
0.06
0.06
CorWatt	PkgWatt
73.51	259.85
0.52	123.33
1.13
1.13
1.11
1.16
1.16
1.09
1.11
1.03
1.02
1.02
1.03
1.04
1.03
0.99
0.99
1.06
1.04
1.05
1.05
1.05
1.05
1.00
1.00
1.04
1.03
1.05
1.03
1.02
1.03
0.97
0.97
1.22	136.42
1.22
1.22
1.15
1.21
1.21
1.19
1.23
1.18
1.16
1.19
1.24
1.30
1.23
1.18
1.29
1.26
1.23
1.18
1.25
1.21
1.19
1.17
1.16
1.19
1.33
1.23
2.97
1.23
1.19
1.12
1.10
CorWatt	PkgWatt
160.73	383.96
0.37	187.97
2.64
2.67
2.62
2.66
2.66
2.49
2.47
2.56
2.52
2.50
2.54
2.51
2.48
2.28
2.29
2.54
2.53
2.54
2.52
2.52
2.54
2.35
2.35
2.54
2.50
2.52
2.49
2.45
2.49
2.28
2.27
2.62	196.75
2.58
2.56
2.55
2.62
2.60
2.41
2.40
2.66
2.64
2.60
2.64
2.67
2.63
2.44
2.43
2.60
2.54
2.58
2.59
2.62
2.65
2.42
2.42
2.65
2.62
2.63
3.99
2.61
2.59
2.38
2.31
