CorWatt	PkgWatt
4.37	151.15
0.08	75.59
0.08
0.09
0.09
0.08
0.08
0.08
0.08
0.07
0.08
0.06
0.07
0.06
0.06
0.06
0.06
0.08
0.08
0.08
0.08
0.08
0.08
0.07
0.07
0.07
0.07
0.07
0.07
0.07
0.07
0.06
0.06
0.06	75.46
0.07
0.06
0.11
0.07
0.06
0.06
0.06
0.06
0.06
0.06
0.06
0.06
0.06
0.06
0.06
0.07
0.06
0.07
0.07
0.06
0.06
0.06
0.06
0.06
0.06
0.06
0.06
0.06
0.06
0.06
0.06
CorWatt	PkgWatt
4.62	151.11
0.09	76.06
0.12
0.09
0.09
0.08
0.09
0.09
0.08
0.07
0.09
0.07
0.07
0.07
0.07
0.11
0.07
0.10
0.09
0.09
0.09
0.09
0.08
0.09
0.08
0.07
0.08
0.08
0.08
0.08
0.07
0.07
0.08
0.06	75.30
0.06
0.06
0.06
0.06
0.06
0.06
0.06
0.06
0.06
0.06
0.06
0.06
0.06
0.06
0.06
0.06
0.06
0.07
0.06
0.06
0.06
0.06
0.06
0.06
0.06
0.06
0.06
0.06
0.06
0.06
0.06
CorWatt	PkgWatt
12.66	174.65
0.22	86.23
0.30
0.18
0.20
0.19
0.13
0.13
0.21
0.14
0.19
0.13
0.15
0.11
0.11
0.26
0.19
0.17
0.13
0.12
0.13
0.14
0.20
0.19
0.19
0.19
0.15
0.17
0.12
0.15
0.17
0.14
0.16
0.20	88.33
0.22
0.35
0.26
0.21
0.21
0.19
0.17
0.46
0.23
0.25
0.24
0.24
0.17
0.27
0.23
0.26
0.20
0.17
0.21
0.30
0.33
0.13
0.16
0.27
0.32
0.12
0.15
0.27
0.25
0.10
0.20
CorWatt	PkgWatt
5.42	156.56
0.11	78.61
0.10
0.10
0.12
0.12
0.09
0.09
0.09
0.09
0.08
0.08
0.12
0.08
0.08
0.10
0.08
0.10
0.10
0.10
0.10
0.10
0.10
0.13
0.09
0.09
0.09
0.08
0.10
0.12
0.08
0.08
0.12
0.07	77.79
0.07
0.07
0.07
0.08
0.07
0.07
0.07
0.08
0.07
0.10
0.07
0.07
0.07
0.07
0.07
0.07
0.07
0.08
0.07
0.07
0.07
0.07
0.07
0.07
0.07
0.07
0.07
0.07
0.07
0.06
0.07
CorWatt	PkgWatt
5.05	151.82
0.11	76.53
0.09
0.10
0.11
0.09
0.09
0.09
0.10
0.09
0.12
0.16
0.08
0.08
0.08
0.10
0.08
0.09
0.13
0.09
0.09
0.09
0.10
0.10
0.09
0.09
0.10
0.09
0.10
0.09
0.12
0.09
0.11
0.06	75.36
0.07
0.06
0.06
0.06
0.06
0.06
0.06
0.06
0.06
0.06
0.07
0.06
0.06
0.06
0.06
0.06
0.06
0.07
0.06
0.06
0.06
0.06
0.06
0.06
0.06
0.06
0.06
0.06
0.06
0.06
0.06
CorWatt	PkgWatt
6.76	162.26
0.17	81.37
0.16
0.18
0.16
0.11
0.10
0.10
0.15
0.12
0.12
0.12
0.11
0.17
0.10
0.16
0.10
0.10
0.09
0.10
0.10
0.10
0.10
0.09
0.09
0.09
0.10
0.09
0.10
0.08
0.09
0.08
0.08
0.10	80.96
0.10
0.10
0.10
0.10
0.10
0.10
0.09
0.10
0.10
0.10
0.11
0.09
0.10
0.10
0.09
0.10
0.10
0.11
0.10
0.11
0.10
0.10
0.10
0.09
0.09
0.10
0.10
0.10
0.10
0.09
0.09
CorWatt	PkgWatt
4.94	152.06
0.10	76.60
0.10
0.10
0.10
0.09
0.11
0.10
0.09
0.10
0.08
0.07
0.08
0.08
0.08
0.13
0.09
0.10
0.09
0.09
0.09
0.10
0.09
0.08
0.08
0.09
0.09
0.08
0.09
0.08
0.08
0.15
0.08
0.06	75.39
0.06
0.06
0.06
0.07
0.06
0.06
0.06
0.06
0.06
0.06
0.06
0.06
0.06
0.06
0.06
0.06
0.06
0.07
0.06
0.07
0.06
0.06
0.06
0.06
0.06
0.06
0.06
0.06
0.06
0.06
0.06
CorWatt	PkgWatt
5.20	154.31
0.11	78.68
0.16
0.11
0.10
0.10
0.10
0.11
0.11
0.08
0.08
0.08
0.10
0.09
0.08
0.09
0.13
0.12
0.10
0.09
0.09
0.10
0.11
0.10
0.09
0.08
0.09
0.08
0.10
0.08
0.09
0.09
0.08
0.07	75.56
0.07
0.07
0.07
0.07
0.07
0.07
0.07
0.06
0.06
0.06
0.07
0.06
0.06
0.06
0.06
0.07
0.07
0.07
0.07
0.07
0.07
0.07
0.07
0.06
0.07
0.06
0.06
0.06
0.06
0.06
0.06
CorWatt	PkgWatt
4.92	151.80
0.10	76.48
0.09
0.11
0.10
0.09
0.11
0.10
0.09
0.08
0.09
0.08
0.08
0.08
0.08
0.12
0.11
0.09
0.11
0.09
0.09
0.13
0.09
0.10
0.08
0.08
0.08
0.08
0.09
0.07
0.09
0.07
0.07
0.06	75.37
0.06
0.06
0.06
0.07
0.06
0.06
0.06
0.06
0.06
0.06
0.06
0.06
0.06
0.06
0.06
0.06
0.06
0.07
0.06
0.06
0.06
0.06
0.06
0.06
0.06
0.06
0.06
0.06
0.06
0.06
0.06
CorWatt	PkgWatt
4.80	155.24
0.09	77.97
0.09
0.11
0.09
0.09
0.10
0.10
0.09
0.08
0.07
0.07
0.13
0.07
0.07
0.09
0.08
0.10
0.09
0.09
0.08
0.09
0.09
0.09
0.08
0.11
0.08
0.08
0.09
0.07
0.07
0.07
0.08
0.08	77.22
0.07
0.08
0.07
0.07
0.06
0.06
0.06
0.06
0.06
0.06
0.06
0.06
0.06
0.06
0.06
0.06
0.06
0.07
0.06
0.06
0.06
0.06
0.06
0.06
0.06
0.06
0.06
0.06
0.06
0.06
0.06
CorWatt	PkgWatt
4.82	155.19
0.10	77.66
0.09
0.10
0.09
0.08
0.08
0.09
0.08
0.07
0.07
0.07
0.07
0.07
0.07
0.07
0.08
0.08
0.08
0.08
0.08
0.09
0.08
0.08
0.08
0.07
0.07
0.07
0.07
0.07
0.07
0.07
0.07
0.07	77.54
0.08
0.07
0.07
0.09
0.07
0.06
0.07
0.07
0.06
0.06
0.11
0.06
0.06
0.08
0.06
0.07
0.07
0.10
0.07
0.07
0.07
0.07
0.08
0.06
0.10
0.10
0.06
0.07
0.07
0.06
0.06
CorWatt	PkgWatt
5.17	154.01
0.11	78.45
0.10
0.11
0.11
0.09
0.09
0.12
0.10
0.08
0.12
0.09
0.08
0.08
0.08
0.08
0.11
0.11
0.10
0.09
0.09
0.11
0.10
0.10
0.10
0.09
0.13
0.12
0.09
0.08
0.08
0.08
0.09
0.07	75.57
0.07
0.07
0.06
0.07
0.06
0.06
0.06
0.06
0.06
0.06
0.06
0.06
0.06
0.06
0.06
0.07
0.07
0.07
0.07
0.07
0.07
0.07
0.07
0.06
0.06
0.06
0.06
0.06
0.06
0.06
0.06
CorWatt	PkgWatt
6.66	158.43
0.12	79.90
0.10
0.12
0.14
0.10
0.14
0.13
0.11
0.13
0.16
0.12
0.10
0.09
0.09
0.20
0.11
0.12
0.12
0.11
0.12
0.13
0.12
0.11
0.12
0.11
0.10
0.11
0.21
0.13
0.09
0.10
0.09
0.08	78.57
0.09
0.11
0.08
0.09
0.08
0.08
0.10
0.09
0.08
0.09
0.09
0.07
0.08
0.07
0.07
0.10
0.09
0.10
0.12
0.09
0.08
0.10
0.10
0.09
0.08
0.08
0.09
0.08
0.08
0.08
0.08
