CorWatt	PkgWatt
15.21	127.81
0.51	127.81
0.52
0.48
0.51
0.57
0.54
0.55
0.54
0.46
0.47
0.40
0.42
0.52
0.53
0.53
0.54
0.47
0.47
0.48
0.47
0.41
0.39
0.43
0.41
0.37
0.37
0.38
0.38
0.54
0.52
0.53
0.51
CorWatt	PkgWatt
15.20	127.72
0.53	127.88
0.55
0.51
0.51
0.59
0.55
0.53
0.52
0.45
0.44
0.39
0.42
0.52
0.55
0.56
0.53
0.48
0.48
0.48
0.47
0.41
0.40
0.42
0.40
0.37
0.36
0.38
0.37
0.53
0.52
0.51
0.51
CorWatt	PkgWatt
21.83	134.50
0.69	134.35
0.62
0.60
0.64
0.64
0.69
0.63
0.69
0.65
0.64
0.56
0.57
0.66
0.67
0.68
0.65
0.64
0.67
0.61
0.63
0.61
0.61
0.64
0.55
0.51
0.53
2.47
0.49
0.71
0.63
0.60
0.63
CorWatt	PkgWatt
17.03	129.59
0.50	129.58
0.50
0.47
0.54
0.55
0.58
0.49
0.57
0.50
0.52
0.47
0.48
0.52
0.56
0.52
0.53
0.45
0.53
0.47
0.47
0.41
0.38
0.48
0.39
0.37
0.36
0.50
0.37
1.30
0.76
0.75
0.74
CorWatt	PkgWatt
17.03	129.34
0.55	129.33
0.49
0.51
0.55
0.59
0.56
0.51
0.51
0.40
0.51
0.43
0.41
0.50
0.51
0.50
0.56
0.49
0.52
0.50
0.51
0.40
0.38
0.45
0.46
0.40
0.40
0.48
0.37
1.33
0.76
0.75
0.74
CorWatt	PkgWatt
17.11	129.48
0.52	129.48
0.46
0.54
0.50
0.55
0.56
0.50
0.52
0.45
0.52
0.50
0.43
0.55
0.57
0.55
0.53
0.46
0.48
0.49
0.48
0.41
0.38
0.44
0.44
0.38
0.37
0.50
0.38
1.36
0.77
0.75
0.75
CorWatt	PkgWatt
16.50	128.77
0.50	128.76
0.47
0.50
0.48
0.56
0.57
0.49
0.49
0.39
0.43
0.40
0.40
0.50
0.51
0.50
0.52
0.47
0.48
0.46
0.49
0.40
0.38
0.45
0.44
0.35
0.36
0.48
0.36
1.26
0.90
0.74
0.74
CorWatt	PkgWatt
16.60	128.82
0.50	128.82
0.46
0.49
0.46
0.55
0.56
0.48
0.49
0.40
0.45
0.39
0.41
0.51
0.52
0.50
0.52
0.46
0.47
0.47
0.49
0.40
0.38
0.44
0.44
0.39
0.36
0.48
0.37
1.15
1.18
0.72
0.74
CorWatt	PkgWatt
17.71	130.67
0.53	130.66
0.46
0.48
0.47
0.54
0.56
0.49
0.49
0.39
0.45
0.41
0.40
0.50
0.51
0.52
0.52
0.45
0.46
0.47
0.47
0.41
0.38
0.46
0.43
0.36
0.36
0.47
0.37
0.55
3.33
0.51
0.52
CorWatt	PkgWatt
18.00	131.00
0.53	131.01
0.47
0.48
0.53
0.53
0.55
0.51
0.50
0.40
0.48
0.41
0.40
0.51
0.52
0.50
0.52
0.46
0.47
0.46
0.47
0.40
0.38
0.44
0.45
0.38
0.39
0.48
0.38
0.59
3.34
0.55
0.52
CorWatt	PkgWatt
17.67	130.63
0.54	130.62
0.46
0.46
0.52
0.50
0.55
0.49
0.49
0.40
0.43
0.39
0.40
0.50
0.54
0.50
0.52
0.46
0.46
0.47
0.47
0.40
0.38
0.45
0.43
0.37
0.37
0.47
0.36
0.55
3.33
0.51
0.51
CorWatt	PkgWatt
17.66	130.65
0.53	130.65
0.45
0.46
0.50
0.48
0.55
0.48
0.48
0.38
0.43
0.39
0.39
0.50
0.57
0.50
0.52
0.47
0.46
0.47
0.49
0.41
0.39
0.44
0.43
0.36
0.39
0.47
0.36
0.54
3.33
0.51
0.51
CorWatt	PkgWatt
17.73	130.54
0.55	130.54
0.46
0.47
0.50
0.49
0.55
0.49
0.51
0.39
0.43
0.39
0.39
0.50
0.52
0.50
0.52
0.47
0.46
0.47
0.49
0.39
0.38
0.45
0.44
0.36
0.37
0.47
0.37
0.55
3.33
0.51
0.52
CorWatt	PkgWatt
17.87	130.87
0.54	130.88
0.45
0.48
0.49
0.51
0.56
0.49
0.51
0.40
0.45
0.39
0.40
0.52
0.53
0.50
0.52
0.46
0.46
0.46
0.47
0.40
0.42
0.45
0.43
0.37
0.40
0.47
0.37
0.56
3.33
0.53
0.53
CorWatt	PkgWatt
17.62	130.58
0.53	130.58
0.44
0.44
0.48
0.49
0.55
0.49
0.49
0.38
0.44
0.39
0.40
0.51
0.51
0.51
0.52
0.46
0.47
0.47
0.47
0.40
0.38
0.44
0.43
0.36
0.40
0.49
0.38
0.55
3.33
0.51
0.52
CorWatt	PkgWatt
17.61	130.52
0.53	130.52
0.46
0.46
0.52
0.48
0.55
0.49
0.49
0.39
0.45
0.39
0.40
0.50
0.53
0.50
0.52
0.46
0.46
0.46
0.47
0.39
0.38
0.43
0.43
0.36
0.36
0.47
0.36
0.56
3.33
0.51
0.51
CorWatt	PkgWatt
17.68	130.55
0.54	130.56
0.44
0.44
0.49
0.49
0.56
0.49
0.49
0.42
0.46
0.39
0.41
0.50
0.52
0.52
0.53
0.46
0.46
0.47
0.47
0.39
0.38
0.45
0.45
0.36
0.36
0.47
0.37
0.54
3.33
0.52
0.52
CorWatt	PkgWatt
17.93	130.96
0.53	130.96
0.46
0.45
0.49
0.51
0.55
0.51
0.53
0.41
0.43
0.41
0.41
0.54
0.52
0.50
0.54
0.47
0.48
0.47
0.49
0.40
0.40
0.43
0.46
0.37
0.42
0.46
0.37
0.56
3.33
0.52
0.52
CorWatt	PkgWatt
17.82	130.58
0.53	130.59
0.46
0.48
0.52
0.49
0.55
0.49
0.51
0.38
0.43
0.43
0.40
0.52
0.51
0.50
0.52
0.47
0.46
0.46
0.47
0.41
0.39
0.44
0.46
0.36
0.39
0.47
0.37
0.56
3.33
0.51
0.52
CorWatt	PkgWatt
17.52	130.46
0.52	130.46
0.47
0.44
0.49
0.49
0.56
0.50
0.50
0.39
0.47
0.40
0.40
0.51
0.52
0.50
0.51
0.45
0.47
0.46
0.47
0.39
0.38
0.43
0.44
0.36
0.38
0.47
0.37
0.54
3.22
0.51
0.54
CorWatt	PkgWatt
18.29	130.47
0.54	130.49
0.82
0.76
0.52
0.77
0.76
0.71
1.09
0.43
0.48
0.43
0.45
0.54
0.55
0.56
0.57
0.54
0.52
0.56
0.54
0.46
0.48
0.53
0.49
0.44
0.45
0.50
0.45
0.61
0.60
0.57
0.57
CorWatt	PkgWatt
17.22	129.44
0.51	129.42
0.48
0.59
0.47
1.55
0.89
0.86
0.90
0.41
0.44
0.39
0.41
0.52
0.53
0.51
0.53
0.47
0.48
0.49
0.49
0.40
0.44
0.45
0.40
0.38
0.37
0.38
0.37
0.52
0.55
0.52
0.52
CorWatt	PkgWatt
17.07	129.17
0.51	129.18
0.46
0.59
0.46
1.10
0.88
0.84
1.31
0.39
0.44
0.40
0.42
0.52
0.51
0.52
0.52
0.46
0.48
0.50
0.50
0.39
0.45
0.46
0.39
0.36
0.39
0.39
0.39
0.51
0.51
0.50
0.53
CorWatt	PkgWatt
17.14	129.26
0.51	129.26
0.48
0.58
0.50
0.95
0.89
0.84
1.47
0.40
0.46
0.39
0.41
0.52
0.54
0.52
0.53
0.47
0.47
0.47
0.48
0.40
0.45
0.47
0.41
0.36
0.38
0.38
0.36
0.52
0.52
0.52
0.51
CorWatt	PkgWatt
17.72	129.79
0.57	129.81
0.51
0.61
0.54
1.02
0.90
0.86
1.41
0.42
0.46
0.43
0.40
0.53
0.55
0.53
0.55
0.49
0.51
0.50
0.50
0.39
0.47
0.47
0.39
0.38
0.39
0.40
0.42
0.52
0.53
0.53
0.54
CorWatt	PkgWatt
17.05	129.10
0.51	129.09
0.47
0.57
0.50
0.85
0.88
0.84
1.53
0.40
0.44
0.40
0.41
0.52
0.52
0.50
0.52
0.49
0.49
0.49
0.48
0.40
0.44
0.45
0.40
0.38
0.40
0.37
0.36
0.52
0.51
0.51
0.51
CorWatt	PkgWatt
18.08	130.02
0.50	130.02
0.48
0.58
0.51
1.24
1.07
1.04
1.99
0.40
0.44
0.39
0.42
0.50
0.51
0.50
0.51
0.45
0.49
0.48
0.49
0.39
0.44
0.45
0.39
0.35
0.35
0.36
0.35
0.51
0.50
0.50
0.50
CorWatt	PkgWatt
19.93	132.06
0.52	132.06
0.47
0.56
0.51
3.14
1.35
1.34
1.34
0.39
0.43
0.39
0.39
0.50
0.52
0.52
0.51
0.46
0.48
0.47
0.49
0.40
0.45
0.44
0.39
0.35
0.37
0.38
0.37
0.51
0.50
0.50
0.50
CorWatt	PkgWatt
19.92	131.99
0.54	131.99
0.45
0.56
0.50
3.13
1.35
1.34
1.33
0.39
0.43
0.39
0.40
0.50
0.51
0.52
0.52
0.46
0.48
0.47
0.49
0.39
0.44
0.45
0.40
0.35
0.37
0.38
0.35
0.51
0.50
0.50
0.50
CorWatt	PkgWatt
20.41	132.20
0.54	132.21
0.47
0.58
0.55
2.29
1.35
1.34
2.17
0.41
0.48
0.39
0.41
0.51
0.53
0.50
0.52
0.46
0.48
0.48
0.48
0.42
0.44
0.46
0.42
0.38
0.42
0.40
0.39
0.53
0.55
0.52
0.55
CorWatt	PkgWatt
19.86	131.89
0.53	131.89
0.44
0.56
0.51
2.89
1.35
1.34
1.59
0.39
0.44
0.39
0.40
0.50
0.51
0.50
0.51
0.46
0.46
0.47
0.47
0.40
0.43
0.45
0.39
0.35
0.38
0.38
0.36
0.51
0.50
0.50
0.51
CorWatt	PkgWatt
19.98	132.10
0.52	132.10
0.45
0.57
0.52
1.35
1.35
1.34
3.13
0.40
0.43
0.39
0.41
0.51
0.54
0.54
0.52
0.45
0.46
0.46
0.47
0.40
0.46
0.44
0.39
0.35
0.35
0.36
0.37
0.53
0.52
0.50
0.50
CorWatt	PkgWatt
20.02	131.94
0.55	131.94
0.46
0.57
0.52
3.13
1.35
1.34
1.33
0.39
0.45
0.39
0.41
0.52
0.51
0.52
0.54
0.46
0.47
0.48
0.49
0.41
0.44
0.45
0.39
0.35
0.35
0.36
0.35
0.51
0.51
0.50
0.51
CorWatt	PkgWatt
20.16	132.27
0.54	132.27
0.47
0.58
0.52
2.12
2.36
1.34
1.33
0.41
0.45
0.42
0.39
0.54
0.53
0.53
0.53
0.45
0.47
0.47
0.47
0.40
0.43
0.44
0.40
0.36
0.39
0.37
0.36
0.52
0.51
0.52
0.53
CorWatt	PkgWatt
19.92	132.04
0.55	132.04
0.44
0.58
0.52
1.34
3.13
1.35
1.33
0.39
0.43
0.40
0.40
0.50
0.53
0.52
0.52
0.45
0.47
0.46
0.47
0.39
0.43
0.45
0.39
0.35
0.36
0.38
0.35
0.51
0.50
0.50
0.51
CorWatt	PkgWatt
20.13	132.17
0.55	132.17
0.45
0.58
0.54
2.65
1.83
1.34
1.33
0.40
0.45
0.43
0.41
0.55
0.55
0.53
0.52
0.46
0.47
0.47
0.49
0.39
0.43
0.45
0.39
0.35
0.37
0.38
0.37
0.51
0.50
0.50
0.50
CorWatt	PkgWatt
19.98	132.05
0.53	132.04
0.45
0.57
0.51
1.73
2.76
1.35
1.33
0.40
0.43
0.39
0.42
0.51
0.54
0.52
0.53
0.47
0.48
0.47
0.49
0.39
0.44
0.45
0.39
0.35
0.35
0.36
0.35
0.51
0.50
0.50
0.52
CorWatt	PkgWatt
20.08	131.98
0.56	131.98
0.53
0.78
0.57
1.95
1.04
0.99
1.01
0.45
0.49
0.48
0.44
0.60
0.59
0.61
0.65
0.54
0.53
0.53
0.52
0.45
0.48
0.50
0.44
0.43
0.43
0.43
0.45
0.58
0.56
0.56
0.90
CorWatt	PkgWatt
16.64	128.89
0.55	128.89
0.46
0.60
0.48
0.76
0.77
0.71
1.24
0.41
0.46
0.47
0.41
0.52
0.52
0.55
0.54
0.47
0.47
0.47
0.48
0.42
0.40
0.42
0.39
0.43
0.37
0.37
0.42
0.52
0.52
0.52
0.51
CorWatt	PkgWatt
16.68	128.82
0.54	128.82
0.48
0.59
0.51
0.76
0.80
0.75
1.14
0.40
0.47
0.47
0.46
0.52
0.53
0.55
0.51
0.45
0.47
0.46
0.47
0.40
0.38
0.41
0.39
0.43
0.40
0.38
0.43
0.55
0.54
0.53
0.50
CorWatt	PkgWatt
16.66	128.59
0.51	128.61
0.47
0.58
0.48
0.77
0.78
0.74
1.15
0.48
0.48
0.47
0.43
0.51
0.58
0.55
0.53
0.46
0.46
0.50
0.47
0.41
0.38
0.43
0.39
0.43
0.39
0.37
0.41
0.52
0.50
0.51
0.51
CorWatt	PkgWatt
16.42	128.76
0.51	128.76
0.45
0.58
0.48
0.77
0.78
0.74
1.15
0.40
0.44
0.42
0.41
0.51
0.56
0.53
0.53
0.49
0.47
0.49
0.49
0.40
0.39
0.42
0.40
0.40
0.39
0.37
0.41
0.53
0.51
0.51
0.50
CorWatt	PkgWatt
16.65	128.86
0.53	128.84
0.45
0.58
0.55
1.26
0.76
0.72
0.93
0.41
0.44
0.45
0.40
0.50
0.57
0.56
0.52
0.46
0.47
0.49
0.50
0.39
0.38
0.41
0.39
0.39
0.35
0.36
0.40
0.51
0.50
0.50
0.50
CorWatt	PkgWatt
19.74	134.30
0.54	134.32
0.46
0.62
0.50
4.43
0.59
0.52
0.55
0.41
0.52
0.47
0.42
0.58
0.60
0.57
0.64
0.47
0.48
0.49
0.48
0.41
0.41
0.43
0.41
0.43
0.37
0.42
0.42
0.52
0.52
0.53
0.51
CorWatt	PkgWatt
18.93	133.90
0.54	133.88
0.44
0.58
0.48
4.43
0.58
0.51
0.51
0.39
0.44
0.44
0.43
0.51
0.54
0.50
0.52
0.46
0.48
0.48
0.48
0.39
0.39
0.43
0.39
0.40
0.36
0.37
0.41
0.52
0.51
0.50
0.50
CorWatt	PkgWatt
19.08	133.92
0.52	133.92
0.47
0.61
0.52
4.43
0.59
0.51
0.50
0.41
0.44
0.45
0.45
0.51
0.56
0.50
0.53
0.47
0.48
0.47
0.48
0.40
0.39
0.41
0.40
0.40
0.36
0.37
0.41
0.52
0.50
0.51
0.51
CorWatt	PkgWatt
19.28	134.12
0.53	134.14
0.45
0.58
0.48
4.44
0.59
0.51
0.51
0.44
0.47
0.49
0.46
0.51
0.60
0.52
0.52
0.45
0.48
0.49
0.48
0.40
0.39
0.44
0.41
0.42
0.36
0.37
0.41
0.52
0.50
0.51
0.54
CorWatt	PkgWatt
19.09	134.03
0.53	134.01
0.45
0.58
0.49
4.43
0.57
0.52
0.54
0.39
0.44
0.40
0.42
0.54
0.57
0.52
0.55
0.46
0.47
0.47
0.48
0.40
0.42
0.42
0.42
0.39
0.41
0.37
0.41
0.53
0.51
0.51
0.50
CorWatt	PkgWatt
19.48	134.17
0.53	134.18
0.45
0.60
0.53
4.44
0.58
0.51
0.52
0.40
0.46
0.42
0.47
0.54
0.60
0.58
0.62
0.48
0.48
0.48
0.51
0.41
0.40
0.42
0.42
0.42
0.36
0.37
0.40
0.52
0.51
0.53
0.51
CorWatt	PkgWatt
19.11	134.18
0.53	134.16
0.46
0.56
0.51
4.44
0.58
0.51
0.51
0.40
0.48
0.41
0.46
0.53
0.53
0.52
0.56
0.46
0.48
0.47
0.48
0.40
0.40
0.41
0.40
0.40
0.37
0.38
0.42
0.52
0.51
0.52
0.51
CorWatt	PkgWatt
19.15	134.02
0.53	134.02
0.45
0.56
0.51
4.43
0.58
0.51
0.50
0.43
0.46
0.43
0.46
0.51
0.52
0.50
0.55
0.45
0.48
0.50
0.50
0.40
0.39
0.43
0.41
0.43
0.37
0.38
0.43
0.53
0.52
0.53
0.51
CorWatt	PkgWatt
19.33	134.17
0.53	134.18
0.46
0.56
0.52
4.44
0.59
0.52
0.52
0.43
0.47
0.46
0.46
0.52
0.59
0.52
0.54
0.46
0.48
0.49
0.48
0.40
0.39
0.42
0.40
0.44
0.38
0.37
0.41
0.52
0.50
0.53
0.53
CorWatt	PkgWatt
19.01	134.05
0.53	134.03
0.45
0.56
0.50
4.43
0.58
0.51
0.50
0.40
0.43
0.40
0.42
0.51
0.56
0.53
0.52
0.46
0.49
0.49
0.49
0.39
0.39
0.42
0.39
0.40
0.37
0.39
0.43
0.52
0.50
0.52
0.53
CorWatt	PkgWatt
19.35	134.24
0.53	134.24
0.45
0.55
0.51
4.43
0.60
0.51
0.51
0.42
0.45
0.40
0.44
0.53
0.61
0.58
0.57
0.48
0.47
0.48
0.49
0.41
0.41
0.43
0.41
0.41
0.42
0.37
0.41
0.52
0.51
0.53
0.52
CorWatt	PkgWatt
19.39	134.32
0.55	134.34
0.46
0.60
0.51
4.44
0.61
0.52
0.50
0.40
0.44
0.42
0.48
0.52
0.57
0.58
0.64
0.46
0.48
0.49
0.48
0.40
0.39
0.42
0.40
0.42
0.40
0.37
0.41
0.52
0.50
0.52
0.51
CorWatt	PkgWatt
18.57	131.10
0.88	131.09
0.60
0.67
0.62
0.90
0.84
0.58
0.57
0.49
0.50
0.45
0.49
0.57
0.66
0.63
0.58
0.55
0.56
0.56
0.54
0.47
0.47
0.53
0.48
0.49
0.43
0.43
0.76
0.57
0.56
0.58
0.56
CorWatt	PkgWatt
16.83	129.01
0.83	129.02
1.13
0.71
0.74
0.54
0.66
0.50
0.49
0.45
0.49
0.45
0.48
0.52
0.59
0.59
0.53
0.46
0.49
0.47
0.49
0.40
0.39
0.47
0.39
0.40
0.38
0.37
0.36
0.52
0.50
0.52
0.53
CorWatt	PkgWatt
16.83	129.20
0.77	129.19
1.18
0.71
0.73
0.51
0.65
0.50
0.49
0.42
0.50
0.40
0.45
0.54
0.62
0.60
0.54
0.47
0.49
0.48
0.48
0.41
0.39
0.42
0.40
0.40
0.43
0.39
0.38
0.52
0.52
0.54
0.51
CorWatt	PkgWatt
16.65	128.88
0.85	128.86
1.10
0.70
0.70
0.51
0.66
0.49
0.50
0.41
0.47
0.42
0.41
0.52
0.61
0.59
0.57
0.45
0.49
0.47
0.50
0.39
0.38
0.42
0.39
0.40
0.43
0.39
0.36
0.52
0.50
0.53
0.51
CorWatt	PkgWatt
17.14	129.18
0.77	129.20
1.16
0.71
0.71
0.50
0.66
0.50
0.49
0.47
0.51
0.40
0.42
0.59
0.65
0.56
0.61
0.46
0.47
0.47
0.50
0.42
0.39
0.44
0.42
0.43
0.45
0.41
0.39
0.53
0.55
0.55
0.54
CorWatt	PkgWatt
16.70	129.26
0.72	129.24
1.54
0.67
0.68
0.52
0.67
0.51
0.50
0.43
0.45
0.41
0.39
0.54
0.58
0.50
0.52
0.45
0.47
0.47
0.48
0.39
0.39
0.43
0.39
0.40
0.42
0.38
0.36
0.52
0.50
0.53
0.50
CorWatt	PkgWatt
18.31	130.78
0.67	130.79
3.10
0.59
0.64
0.50
0.65
0.49
0.49
0.47
0.48
0.43
0.42
0.57
0.58
0.55
0.53
0.46
0.47
0.46
0.47
0.41
0.39
0.42
0.40
0.43
0.42
0.37
0.36
0.53
0.52
0.53
0.52
CorWatt	PkgWatt
18.33	131.01
1.07	131.02
2.72
0.60
0.63
0.51
0.65
0.49
0.49
0.47
0.50
0.43
0.43
0.58
0.58
0.54
0.55
0.46
0.47
0.48
0.48
0.41
0.38
0.41
0.40
0.40
0.41
0.37
0.36
0.52
0.50
0.53
0.51
CorWatt	PkgWatt
18.23	130.79
0.68	130.79
3.09
0.61
0.64
0.50
0.65
0.49
0.50
0.42
0.45
0.46
0.40
0.58
0.60
0.56
0.55
0.46
0.47
0.46
0.47
0.40
0.38
0.41
0.39
0.40
0.41
0.37
0.36
0.52
0.51
0.53
0.50
CorWatt	PkgWatt
18.53	131.09
0.68	131.08
3.10
0.62
0.64
0.53
0.65
0.52
0.50
0.41
0.46
0.42
0.41
0.60
0.61
0.58
0.56
0.47
0.49
0.49
0.48
0.39
0.39
0.42
0.40
0.42
0.42
0.37
0.38
0.53
0.51
0.55
0.52
CorWatt	PkgWatt
18.74	131.09
0.68	131.09
3.11
0.61
0.65
0.51
0.66
0.50
0.50
0.49
0.49
0.44
0.44
0.64
0.61
0.61
0.57
0.47
0.49
0.48
0.48
0.40
0.40
0.42
0.41
0.40
0.41
0.39
0.39
0.53
0.51
0.53
0.52
CorWatt	PkgWatt
18.19	130.73
0.67	130.71
3.10
0.59
0.64
0.51
0.65
0.49
0.49
0.46
0.48
0.43
0.40
0.51
0.55
0.55
0.53
0.48
0.49
0.47
0.49
0.39
0.38
0.41
0.39
0.40
0.41
0.37
0.36
0.52
0.50
0.53
0.54
CorWatt	PkgWatt
18.20	130.93
0.75	130.94
3.03
0.60
0.61
0.51
0.65
0.49
0.49
0.45
0.47
0.43
0.45
0.52
0.59
0.54
0.54
0.46
0.47
0.48
0.47
0.40
0.38
0.41
0.39
0.39
0.40
0.37
0.37
0.52
0.50
0.55
0.50
CorWatt	PkgWatt
18.07	130.70
0.69	130.69
3.10
0.59
0.59
0.51
0.65
0.50
0.50
0.40
0.45
0.42
0.41
0.50
0.60
0.53
0.58
0.46
0.47
0.47
0.47
0.41
0.39
0.43
0.39
0.39
0.41
0.37
0.36
0.52
0.50
0.50
0.51
CorWatt	PkgWatt
18.49	130.94
1.64	130.95
2.17
0.61
0.64
0.52
0.64
0.51
0.50
0.41
0.48
0.41
0.40
0.54
0.62
0.56
0.60
0.46
0.47
0.46
0.47
0.41
0.40
0.41
0.40
0.41
0.43
0.41
0.37
0.57
0.54
0.53
0.51
CorWatt	PkgWatt
18.39	130.88
3.10	130.89
0.65
0.61
0.64
0.51
0.65
0.50
0.49
0.47
0.46
0.42
0.39
0.55
0.63
0.61
0.60
0.46
0.47
0.48
0.47
0.41
0.39
0.43
0.40
0.41
0.41
0.37
0.36
0.52
0.51
0.52
0.52
CorWatt	PkgWatt
18.06	130.85
3.12	130.84
0.65
0.61
0.63
0.49
0.63
0.49
0.49
0.43
0.45
0.39
0.40
0.51
0.57
0.52
0.55
0.48
0.47
0.48
0.49
0.40
0.38
0.41
0.39
0.42
0.41
0.37
0.36
0.52
0.50
0.52
0.52
CorWatt	PkgWatt
17.93	130.23
1.71	130.25
1.17
0.58
0.64
0.53
0.68
0.53
0.53
0.47
0.55
0.45
0.41
0.57
0.60
0.55
0.58
0.50
0.49
0.48
0.47
0.40
0.39
0.41
0.39
0.40
0.43
0.38
0.58
0.52
0.50
0.53
0.51
CorWatt	PkgWatt
18.45	130.69
0.56	130.68
0.51
0.56
0.57
0.56
0.59
0.59
0.54
0.49
0.51
0.46
0.46
0.60
0.65
0.63
0.61
0.51
0.51
0.52
0.52
0.46
0.47
0.48
0.46
0.41
0.43
0.44
0.78
0.99
0.75
0.75
1.06
CorWatt	PkgWatt
16.99	128.98
0.53	128.97
0.45
0.47
0.52
0.51
0.53
0.56
0.50
0.41
0.47
0.42
0.43
0.56
0.62
0.61
0.59
0.47
0.49
0.50
0.48
0.40
0.39
0.43
0.40
0.37
0.38
0.38
0.48
1.33
0.75
0.77
0.78
CorWatt	PkgWatt
16.86	128.94
0.51	128.96
0.47
0.48
0.54
0.49
0.51
0.54
0.49
0.42
0.47
0.39
0.40
0.60
0.61
0.64
0.60
0.47
0.47
0.49
0.47
0.41
0.38
0.41
0.39
0.36
0.36
0.38
0.48
0.79
0.75
0.75
1.34
CorWatt	PkgWatt
17.20	129.38
0.54	129.37
0.46
0.49
0.51
0.51
0.53
0.56
0.50
0.50
0.52
0.42
0.42
0.52
0.61
0.59
0.62
0.48
0.51
0.47
0.48
0.40
0.39
0.44
0.42
0.40
0.37
0.38
0.48
1.38
0.75
0.75
0.78
CorWatt	PkgWatt
17.05	129.00
0.54	128.99
0.45
0.48
0.53
0.49
0.52
0.57
0.52
0.46
0.49
0.44
0.39
0.54
0.60
0.57
0.57
0.47
0.49
0.49
0.47
0.41
0.43
0.42
0.44
0.37
0.37
0.37
0.46
1.13
0.75
0.75
1.04
CorWatt	PkgWatt
18.02	130.79
0.56	130.80
0.45
0.48
0.50
0.49
0.54
0.54
0.50
0.44
0.49
0.49
0.38
0.54
0.59
0.57
0.57
0.48
0.47
0.48
0.47
0.41
0.39
0.41
0.42
0.36
0.37
0.38
0.46
0.61
0.55
0.55
3.06
CorWatt	PkgWatt
18.13	130.98
0.56	130.98
0.45
0.46
0.47
0.49
0.52
0.55
0.49
0.45
0.50
0.40
0.41
0.53
0.60
0.60
0.55
0.46
0.47
0.47
0.47
0.40
0.39
0.41
0.39
0.37
0.38
0.38
0.48
0.56
0.52
0.52
3.44
CorWatt	PkgWatt
18.16	131.03
0.55	131.02
0.44
0.46
0.46
0.49
0.52
0.54
0.49
0.39
0.47
0.40
0.40
0.52
0.57
0.60
0.57
0.46
0.47
0.49
0.49
0.39
0.38
0.43
0.41
0.40
0.38
0.39
0.49
0.56
0.55
0.55
3.44
CorWatt	PkgWatt
18.56	131.35
0.55	131.36
0.45
0.46
0.47
0.49
0.55
0.56
0.51
0.40
0.52
0.45
0.40
0.58
0.57
0.62
0.65
0.47
0.48
0.50
0.53
0.42
0.40
0.42
0.40
0.41
0.39
0.39
0.48
0.56
0.53
0.53
3.44
CorWatt	PkgWatt
18.08	131.21
0.55	131.19
0.45
0.46
0.47
0.49
0.51
0.54
0.49
0.42
0.48
0.44
0.40
0.56
0.52
0.56
0.55
0.47
0.48
0.49
0.47
0.39
0.38
0.41
0.39
0.37
0.40
0.39
0.49
0.55
0.55
0.53
3.44
CorWatt	PkgWatt
18.03	130.98
0.54	131.00
0.44
0.46
0.47
0.50
0.51
0.56
0.49
0.42
0.50
0.44
0.40
0.56
0.54
0.56
0.56
0.46
0.46
0.48
0.47
0.40
0.38
0.43
0.39
0.37
0.37
0.38
0.46
0.55
0.52
0.52
3.44
CorWatt	PkgWatt
18.41	131.56
0.58	131.56
0.46
0.48
0.49
0.49
0.55
0.54
0.50
0.46
0.45
0.42
0.40
0.56
0.60
0.58
0.57
0.46
0.48
0.49
0.47
0.39
0.39
0.42
0.40
0.40
0.40
0.40
0.50
0.56
0.53
0.54
3.44
CorWatt	PkgWatt
18.25	131.27
0.53	131.26
0.45
0.49
0.47
0.50
0.52
0.54
0.50
0.41
0.47
0.40
0.41
0.56
0.59
0.59
0.59
0.49
0.50
0.51
0.48
0.40
0.39
0.41
0.40
0.39
0.37
0.37
0.47
0.56
0.53
0.53
3.44
CorWatt	PkgWatt
18.29	131.48
0.54	131.51
0.47
0.52
0.47
0.49
0.53
0.56
0.49
0.40
0.51
0.41
0.42
0.56
0.58
0.61
0.61
0.46
0.49
0.49
0.50
0.39
0.38
0.41
0.39
0.37
0.38
0.37
0.48
0.56
0.52
0.52
3.44
CorWatt	PkgWatt
18.27	131.78
0.54	131.78
0.45
0.50
0.49
0.49
0.51
0.54
0.49
0.41
0.51
0.42
0.40
0.57
0.55
0.60
0.61
0.46
0.48
0.48
0.47
0.40
0.38
0.41
0.39
0.37
0.39
0.39
0.50
0.57
0.54
0.53
3.45
CorWatt	PkgWatt
18.28	131.41
0.53	131.39
0.44
0.50
0.46
0.49
0.52
0.55
0.50
0.44
0.48
0.46
0.41
0.56
0.53
0.59
0.56
0.46
0.50
0.49
0.48
0.39
0.38
0.41
0.39
0.40
0.39
0.39
0.47
0.56
0.56
0.52
3.45
CorWatt	PkgWatt
18.88	131.98
0.55	132.00
0.48
0.53
0.49
0.49
0.54
0.56
0.51
0.45
0.56
0.44
0.43
0.56
0.60
0.61
0.57
0.47
0.49
0.49
0.48
0.43
0.39
0.43
0.41
0.43
0.40
0.42
0.50
0.57
0.59
0.56
3.45
CorWatt	PkgWatt
18.91	131.32
0.59	131.31
0.51
0.57
0.72
0.64
0.67
0.70
0.85
0.47
0.50
0.79
0.46
0.61
0.64
0.67
0.64
0.54
0.55
0.54
0.53
0.46
0.45
0.47
0.46
0.46
0.45
0.49
0.54
0.62
0.58
0.58
1.19
CorWatt	PkgWatt
17.39	129.61
0.52	129.60
0.45
0.51
0.59
1.43
0.85
0.87
1.01
0.41
0.46
0.39
0.42
0.53
0.60
0.65
0.57
0.46
0.47
0.49
0.49
0.40
0.39
0.42
0.39
0.38
0.37
0.40
0.38
0.53
0.52
0.51
0.53
CorWatt	PkgWatt
17.65	129.77
0.54	129.78
0.46
0.53
0.60
1.55
0.85
0.88
0.88
0.41
0.45
0.48
0.41
0.58
0.57
0.62
0.65
0.47
0.48
0.49
0.48
0.41
0.39
0.42
0.40
0.37
0.36
0.41
0.43
0.53
0.51
0.51
0.53
CorWatt	PkgWatt
17.30	129.59
0.53	129.57
0.47
0.49
0.61
1.55
0.85
0.87
0.88
0.40
0.45
0.45
0.41
0.54
0.56
0.56
0.54
0.47
0.47
0.47
0.47
0.41
0.39
0.43
0.40
0.39
0.37
0.40
0.41
0.53
0.51
0.51
0.52
CorWatt	PkgWatt
17.57	129.68
0.55	129.68
0.47
0.50
0.60
0.95
0.86
0.88
1.45
0.41
0.44
0.45
0.44
0.58
0.58
0.56
0.56
0.48
0.49
0.50
0.48
0.40
0.39
0.42
0.40
0.43
0.38
0.42
0.42
0.53
0.51
0.52
0.51
CorWatt	PkgWatt
17.66	129.74
0.56	129.75
0.46
0.54
0.58
1.54
0.85
0.87
0.88
0.40
0.45
0.47
0.44
0.67
0.62
0.58
0.57
0.48
0.50
0.50
0.47
0.40
0.38
0.42
0.39
0.36
0.37
0.42
0.44
0.53
0.51
0.51
0.52
CorWatt	PkgWatt
17.65	129.90
0.54	129.88
0.46
0.51
0.60
1.77
0.92
0.94
0.95
0.39
0.44
0.41
0.41
0.59
0.53
0.50
0.52
0.48
0.49
0.49
0.49
0.39
0.38
0.41
0.40
0.37
0.36
0.40
0.43
0.52
0.50
0.51
0.51
CorWatt	PkgWatt
20.49	132.27
0.54	132.28
0.47
0.53
0.59
3.15
1.35
1.35
1.34
0.40
0.44
0.41
0.41
0.64
0.61
0.52
0.59
0.47
0.49
0.49
0.49
0.40
0.40
0.44
0.41
0.36
0.37
0.40
0.40
0.52
0.51
0.51
0.50
CorWatt	PkgWatt
20.38	132.18
0.55	132.18
0.45
0.53
0.58
3.14
1.35
1.35
1.34
0.45
0.45
0.42
0.46
0.57
0.53
0.57
0.56
0.46
0.47
0.48
0.47
0.40
0.40
0.42
0.39
0.36
0.36
0.40
0.41
0.52
0.51
0.51
0.51
CorWatt	PkgWatt
20.50	132.37
0.55	132.36
0.48
0.53
0.60
3.02
1.35
1.35
1.44
0.45
0.49
0.43
0.45
0.54
0.54
0.53
0.54
0.45
0.48
0.47
0.47
0.41
0.39
0.41
0.39
0.39
0.38
0.42
0.41
0.56
0.54
0.53
0.49
CorWatt	PkgWatt
20.51	132.25
0.55	132.24
0.47
0.52
0.58
3.07
1.35
1.34
1.40
0.43
0.50
0.41
0.43
0.51
0.57
0.56
0.56
0.46
0.47
0.48
0.47
0.41
0.39
0.45
0.39
0.40
0.36
0.40
0.43
0.56
0.55
0.51
0.54
CorWatt	PkgWatt
20.35	132.23
0.54	132.22
0.47
0.53
0.57
1.61
1.35
1.35
2.89
0.41
0.46
0.40
0.39
0.51
0.58
0.56
0.54
0.48
0.48
0.48
0.50
0.40
0.40
0.42
0.40
0.38
0.37
0.40
0.41
0.53
0.51
0.51
0.50
CorWatt	PkgWatt
20.22	132.20
0.56	132.19
0.46
0.53
0.58
1.35
1.35
1.35
3.13
0.40
0.44
0.40
0.38
0.54
0.57
0.57
0.57
0.47
0.46
0.48
0.48
0.39
0.39
0.41
0.39
0.36
0.36
0.40
0.41
0.53
0.50
0.50
0.51
CorWatt	PkgWatt
20.32	132.28
0.55	132.30
0.45
0.54
0.58
3.13
1.35
1.35
1.34
0.39
0.45
0.39
0.41
0.52
0.58
0.59
0.58
0.46
0.47
0.47
0.48
0.40
0.41
0.43
0.39
0.36
0.38
0.42
0.42
0.52
0.52
0.51
0.49
CorWatt	PkgWatt
20.23	132.12
0.56	132.12
0.45
0.52
0.57
3.14
1.35
1.35
1.34
0.40
0.44
0.41
0.46
0.53
0.52
0.55
0.59
0.46
0.48
0.48
0.47
0.39
0.39
0.42
0.40
0.36
0.36
0.40
0.41
0.52
0.50
0.50
0.50
CorWatt	PkgWatt
20.59	132.46
0.53	132.47
0.48
0.55
0.59
1.36
3.13
1.35
1.33
0.48
0.50
0.41
0.48
0.57
0.55
0.54
0.54
0.47
0.48
0.50
0.48
0.41
0.40
0.42
0.40
0.39
0.36
0.40
0.42
0.53
0.51
0.52
0.50
CorWatt	PkgWatt
20.32	132.18
0.56	132.17
0.45
0.51
0.57
1.75
2.75
1.35
1.34
0.42
0.49
0.41
0.39
0.60
0.56
0.51
0.53
0.46
0.47
0.48
0.47
0.39
0.39
0.44
0.41
0.40
0.36
0.41
0.41
0.52
0.50
0.51
0.51
CorWatt	PkgWatt
19.23	131.44
0.55	131.43
0.45
0.53
0.56
2.25
1.51
1.17
1.17
0.39
0.43
0.41
0.39
0.67
0.56
0.50
0.57
0.47
0.47
0.49
0.47
0.41
0.42
0.42
0.43
0.36
0.36
0.40
0.42
0.52
0.50
0.50
0.50
CorWatt	PkgWatt
21.13	135.71
0.66	135.74
0.52
0.60
0.62
0.56
0.54
0.59
0.62
0.46
0.48
0.45
0.49
0.70
0.64
0.65
0.64
0.57
0.54
0.56
0.56
0.48
0.45
0.48
0.47
0.69
0.44
0.46
0.75
0.64
0.60
3.58
0.64
CorWatt	PkgWatt
20.89	139.04
0.55	139.02
0.46
0.52
0.46
0.51
0.52
0.55
0.55
0.41
0.48
0.40
0.45
0.52
0.53
0.54
0.56
0.46
0.48
0.47
0.47
0.40
0.39
0.42
0.40
0.49
0.37
0.41
0.39
0.56
0.53
6.09
0.57
CorWatt	PkgWatt
20.92	138.81
0.57	138.81
0.44
0.49
0.46
0.51
0.50
0.55
0.54
0.44
0.47
0.40
0.45
0.53
0.52
0.53
0.56
0.46
0.46
0.48
0.48
0.39
0.38
0.42
0.41
0.50
0.38
0.43
0.39
0.58
0.53
6.09
0.58
CorWatt	PkgWatt
21.01	138.98
0.56	139.00
0.45
0.50
0.45
0.50
0.52
0.57
0.56
0.43
0.51
0.40
0.47
0.52
0.56
0.53
0.57
0.46
0.48
0.49
0.49
0.40
0.39
0.41
0.40
0.49
0.37
0.41
0.39
0.57
0.53
6.09
0.56
CorWatt	PkgWatt
20.88	139.04
0.56	139.02
0.45
0.50
0.46
0.51
0.50
0.55
0.54
0.39
0.45
0.40
0.40
0.53
0.57
0.54
0.56
0.48
0.47
0.48
0.47
0.39
0.39
0.42
0.40
0.50
0.38
0.42
0.43
0.56
0.52
6.09
0.55
CorWatt	PkgWatt
21.12	139.04
0.57	139.05
0.45
0.50
0.46
0.49
0.51
0.54
0.56
0.41
0.44
0.40
0.42
0.55
0.61
0.60
0.66
0.47
0.48
0.47
0.48
0.41
0.40
0.42
0.40
0.48
0.37
0.41
0.43
0.57
0.55
6.09
0.53
CorWatt	PkgWatt
20.90	139.00
0.58	138.99
0.51
0.50
0.47
0.51
0.52
0.55
0.54
0.44
0.44
0.41
0.42
0.52
0.52
0.54
0.56
0.46
0.48
0.48
0.47
0.39
0.39
0.41
0.39
0.49
0.36
0.40
0.42
0.57
0.52
6.10
0.53
CorWatt	PkgWatt
21.02	139.12
0.57	139.12
0.53
0.46
0.46
0.50
0.51
0.56
0.53
0.46
0.48
0.41
0.42
0.52
0.53
0.55
0.56
0.48
0.49
0.49
0.47
0.41
0.40
0.42
0.40
0.49
0.37
0.41
0.41
0.58
0.53
6.09
0.53
CorWatt	PkgWatt
21.19	139.12
0.58	139.14
0.50
0.48
0.46
0.52
0.51
0.57
0.54
0.49
0.48
0.42
0.46
0.54
0.58
0.55
0.55
0.47
0.49
0.47
0.49
0.40
0.40
0.42
0.41
0.48
0.37
0.41
0.42
0.57
0.53
6.09
0.54
CorWatt	PkgWatt
20.82	139.02
0.56	139.00
0.48
0.46
0.46
0.50
0.51
0.54
0.49
0.41
0.45
0.40
0.40
0.52
0.58
0.56
0.54
0.48
0.48
0.48
0.47
0.40
0.39
0.42
0.40
0.47
0.39
0.42
0.43
0.57
0.53
6.09
0.53
CorWatt	PkgWatt
20.95	139.19
0.56	139.19
0.47
0.45
0.46
0.51
0.50
0.57
0.50
0.40
0.45
0.42
0.41
0.55
0.57
0.59
0.56
0.47
0.48
0.47
0.49
0.39
0.39
0.41
0.39
0.52
0.39
0.42
0.41
0.57
0.54
6.09
0.53
CorWatt	PkgWatt
21.42	139.38
0.57	139.40
0.52
0.48
0.48
0.49
0.51
0.55
0.52
0.42
0.48
0.40
0.48
0.58
0.60
0.59
0.58
0.46
0.48
0.47
0.47
0.42
0.40
0.44
0.42
0.53
0.39
0.44
0.43
0.59
0.58
6.09
0.56
CorWatt	PkgWatt
20.76	139.05
0.55	139.03
0.48
0.46
0.47
0.53
0.53
0.54
0.51
0.40
0.43
0.40
0.47
0.51
0.55
0.52
0.54
0.46
0.47
0.48
0.47
0.39
0.39
0.42
0.39
0.49
0.37
0.41
0.42
0.57
0.54
6.09
0.53
CorWatt	PkgWatt
21.12	139.01
0.56	139.03
0.51
0.46
0.49
0.50
0.51
0.54
0.51
0.47
0.48
0.41
0.53
0.53
0.59
0.57
0.54
0.47
0.47
0.47
0.47
0.40
0.40
0.42
0.40
0.47
0.37
0.41
0.42
0.58
0.56
6.09
0.53
CorWatt	PkgWatt
21.55	139.41
0.57	139.42
0.49
0.51
0.49
0.55
0.52
0.55
0.52
0.42
0.49
0.47
0.48
0.54
0.63
0.58
0.58
0.49
0.47
0.48
0.47
0.45
0.42
0.43
0.42
0.50
0.39
0.43
0.39
0.57
0.54
6.09
0.62
CorWatt	PkgWatt
20.89	138.95
0.56	138.93
0.49
0.48
0.50
0.53
0.50
0.54
0.50
0.40
0.44
0.41
0.40
0.57
0.59
0.57
0.59
0.45
0.47
0.46
0.47
0.40
0.39
0.41
0.39
0.50
0.37
0.38
0.43
0.56
0.52
6.09
0.54
CorWatt	PkgWatt
21.58	139.22
0.61	139.24
0.49
0.52
0.55
0.60
0.52
0.55
0.53
0.42
0.46
0.44
0.49
0.58
0.56
0.63
0.61
0.49
0.52
0.50
0.51
0.40
0.39
0.42
0.40
0.51
0.37
0.40
0.42
0.57
0.52
6.08
0.54
CorWatt	PkgWatt
20.27	134.26
0.91	134.26
0.71
0.55
0.55
0.63
0.58
0.62
0.81
0.50
0.53
0.48
0.51
0.63
0.64
0.65
0.60
0.53
0.55
0.55
0.54
0.47
0.46
0.49
0.47
0.54
0.45
0.46
0.48
0.65
0.60
2.52
0.62
CorWatt	PkgWatt
18.09	130.89
0.55	130.89
0.57
0.46
0.48
0.61
0.53
0.58
3.26
0.44
0.48
0.41
0.41
0.52
0.54
0.52
0.53
0.49
0.46
0.50
0.49
0.39
0.38
0.41
0.40
0.38
0.36
0.37
0.36
0.58
0.57
0.55
0.52
CorWatt	PkgWatt
17.61	130.31
0.53	130.29
0.56
0.46
0.49
0.59
0.52
0.56
3.22
0.39
0.44
0.39
0.39
0.51
0.52
0.50
0.52
0.46
0.46
0.47
0.46
0.40
0.38
0.42
0.39
0.36
0.37
0.37
0.35
0.58
0.55
0.52
0.50
CorWatt	PkgWatt
17.55	130.52
0.55	130.53
0.54
0.45
0.44
0.59
0.52
0.57
3.20
0.38
0.45
0.41
0.41
0.50
0.50
0.52
0.51
0.46
0.45
0.46
0.46
0.39
0.38
0.43
0.39
0.37
0.36
0.36
0.35
0.57
0.53
0.51
0.51
CorWatt	PkgWatt
17.94	130.42
0.55	130.41
0.57
0.47
0.48
0.61
0.55
0.59
3.20
0.39
0.47
0.40
0.41
0.53
0.52
0.49
0.51
0.46
0.47
0.46
0.46
0.40
0.38
0.41
0.39
0.39
0.37
0.39
0.37
0.62
0.58
0.53
0.50
CorWatt	PkgWatt
17.37	129.94
0.54	129.93
0.57
0.46
0.45
0.58
0.51
0.56
3.21
0.37
0.43
0.38
0.39
0.50
0.50
0.48
0.50
0.45
0.45
0.46
0.45
0.40
0.38
0.42
0.38
0.38
0.35
0.36
0.35
0.55
0.55
0.51
0.50
CorWatt	PkgWatt
17.33	129.87
0.54	129.87
0.55
0.46
0.48
0.55
0.51
0.56
3.20
0.38
0.42
0.38
0.38
0.51
0.50
0.48
0.50
0.46
0.45
0.48
0.47
0.38
0.38
0.41
0.38
0.35
0.35
0.35
0.35
0.55
0.56
0.51
0.49
CorWatt	PkgWatt
17.31	129.60
0.54	129.60
0.56
0.46
0.51
0.54
0.51
0.57
3.19
0.38
0.43
0.38
0.38
0.50
0.50
0.48
0.50
0.45
0.45
0.48
0.45
0.38
0.38
0.40
0.38
0.35
0.35
0.35
0.35
0.54
0.54
0.51
0.50
CorWatt	PkgWatt
17.54	129.83
0.54	129.84
0.55
0.48
0.46
0.55
0.54
0.57
3.20
0.38
0.45
0.38
0.38
0.50
0.51
0.49
0.50
0.46
0.47
0.46
0.46
0.39
0.40
0.43
0.38
0.37
0.37
0.37
0.36
0.54
0.56
0.52
0.49
CorWatt	PkgWatt
17.15	129.38
0.54	129.37
0.54
0.44
0.43
0.54
0.51
0.56
3.19
0.38
0.42
0.38
0.40
0.49
0.50
0.48
0.50
0.45
0.46
0.46
0.45
0.38
0.38
0.40
0.38
0.36
0.35
0.35
0.35
0.54
0.54
0.51
0.50
CorWatt	PkgWatt
17.39	129.67
0.54	129.67
0.56
0.47
0.45
0.54
0.52
0.56
3.19
0.38
0.43
0.38
0.38
0.50
0.53
0.49
0.51
0.45
0.46
0.46
0.46
0.39
0.39
0.41
0.39
0.36
0.35
0.36
0.36
0.56
0.55
0.51
0.50
CorWatt	PkgWatt
17.17	129.24
0.56	129.24
0.54
0.44
0.45
0.53
0.51
0.56
3.18
0.39
0.43
0.38
0.37
0.48
0.50
0.49
0.51
0.45
0.44
0.45
0.45
0.38
0.38
0.41
0.39
0.37
0.35
0.35
0.35
0.54
0.55
0.50
0.50
CorWatt	PkgWatt
17.50	129.43
0.54	129.43
0.54
0.47
0.47
0.53
0.51
0.56
3.19
0.39
0.43
0.40
0.39
0.51
0.52
0.51
0.53
0.48
0.46
0.46
0.45
0.39
0.42
0.41
0.42
0.37
0.36
0.36
0.35
0.55
0.55
0.50
0.49
CorWatt	PkgWatt
17.20	129.04
0.53	129.04
0.55
0.46
0.50
0.53
0.50
0.55
3.19
0.38
0.42
0.38
0.37
0.51
0.49
0.48
0.50
0.48
0.44
0.46
0.44
0.40
0.37
0.39
0.39
0.38
0.35
0.35
0.34
0.53
0.53
0.49
0.50
CorWatt	PkgWatt
17.07	128.87
0.53	128.87
0.54
0.44
0.46
0.53
0.51
0.55
3.18
0.38
0.46
0.37
0.38
0.49
0.49
0.47
0.49
0.45
0.45
0.45
0.44
0.39
0.38
0.39
0.38
0.37
0.35
0.35
0.35
0.53
0.53
0.49
0.49
CorWatt	PkgWatt
17.17	129.15
0.53	129.15
0.53
0.44
0.47
0.54
0.51
0.55
3.18
0.38
0.42
0.37
0.38
0.48
0.48
0.47
0.49
0.45
0.44
0.47
0.45
0.38
0.37
0.41
0.39
0.39
0.37
0.36
0.36
0.55
0.56
0.51
0.50
CorWatt	PkgWatt
17.22	128.98
0.52	128.98
0.54
0.44
0.47
0.54
0.52
0.58
3.18
0.38
0.42
0.38
0.38
0.49
0.49
0.48
0.49
0.46
0.46
0.47
0.47
0.39
0.37
0.40
0.38
0.39
0.35
0.37
0.35
0.54
0.52
0.52
0.49
CorWatt	PkgWatt
17.05	128.60
0.52	128.60
0.54
0.44
0.46
0.54
0.50
0.55
3.09
0.39
0.44
0.37
0.38
0.48
0.48
0.48
0.49
0.48
0.44
0.47
0.44
0.37
0.36
0.42
0.37
0.37
0.37
0.38
0.36
0.53
0.48
0.55
0.51
CorWatt	PkgWatt
17.50	128.66
0.59	128.67
0.54
0.75
0.51
0.68
0.66
0.70
1.10
0.45
0.46
0.43
0.41
0.54
0.54
0.54
0.56
0.51
0.56
0.51
0.52
0.44
0.42
0.77
0.43
0.41
0.41
0.41
0.39
0.59
0.54
0.56
0.54
CorWatt	PkgWatt
15.91	126.83
0.55	126.82
0.45
0.56
0.42
1.02
0.75
0.78
1.12
0.38
0.43
0.38
0.39
0.48
0.49
0.47
0.49
0.45
0.50
0.45
0.44
0.37
0.36
0.39
0.36
0.35
0.35
0.36
0.34
0.53
0.49
0.50
0.50
CorWatt	PkgWatt
16.31	127.10
0.51	127.09
0.43
0.56
0.49
0.81
0.75
0.77
1.33
0.39
0.43
0.39
0.38
0.51
0.51
0.50
0.52
0.48
0.50
0.48
0.46
0.39
0.38
0.41
0.38
0.38
0.37
0.37
0.37
0.56
0.50
0.50
0.49
CorWatt	PkgWatt
15.96	127.04
0.51	127.05
0.44
0.57
0.49
0.79
0.74
0.77
1.37
0.38
0.42
0.39
0.40
0.48
0.49
0.47
0.49
0.45
0.50
0.44
0.45
0.36
0.36
0.39
0.36
0.36
0.34
0.35
0.34
0.53
0.53
0.50
0.49
CorWatt	PkgWatt
15.92	126.73
0.50	126.73
0.42
0.55
0.45
0.80
0.74
0.77
1.38
0.38
0.42
0.39
0.38
0.50
0.51
0.49
0.49
0.45
0.44
0.44
0.44
0.37
0.36
0.39
0.36
0.35
0.36
0.37
0.36
0.54
0.54
0.49
0.49
CorWatt	PkgWatt
16.71	127.41
0.48	127.41
0.43
0.55
0.47
1.03
0.84
0.87
1.65
0.39
0.42
0.39
0.38
0.49
0.49
0.50
0.50
0.47
0.45
0.45
0.46
0.36
0.36
0.39
0.37
0.37
0.37
0.37
0.34
0.53
0.54
0.50
0.49
CorWatt	PkgWatt
20.03	130.45
0.54	130.46
0.48
0.59
0.49
1.19
1.17
1.17
3.19
0.42
0.47
0.41
0.39
0.50
0.53
0.52
0.53
0.49
0.49
0.47
0.48
0.40
0.41
0.42
0.40
0.42
0.40
0.41
0.41
0.57
0.61
0.52
0.52
CorWatt	PkgWatt
19.05	129.67
0.52	129.66
0.43
0.55
0.44
2.58
1.21
1.21
1.82
0.38
0.42
0.38
0.38
0.48
0.49
0.48
0.49
0.46
0.44
0.45
0.44
0.37
0.37
0.39
0.37
0.36
0.35
0.36
0.35
0.53
0.54
0.50
0.49
CorWatt	PkgWatt
19.27	129.75
0.51	129.75
0.44
0.55
0.47
3.18
1.22
1.21
1.21
0.40
0.42
0.38
0.40
0.53
0.52
0.51
0.50
0.46
0.44
0.44
0.44
0.37
0.37
0.39
0.37
0.37
0.35
0.35
0.35
0.54
0.57
0.49
0.49
CorWatt	PkgWatt
19.19	129.73
0.52	129.73
0.44
0.57
0.44
3.10
1.22
1.21
1.30
0.39
0.45
0.38
0.39
0.50
0.49
0.51
0.51
0.46
0.44
0.45
0.44
0.39
0.37
0.40
0.37
0.35
0.35
0.35
0.35
0.53
0.55
0.49
0.49
CorWatt	PkgWatt
19.28	129.75
0.49	129.75
0.46
0.56
0.48
1.76
1.22
1.22
2.66
0.40
0.43
0.39
0.39
0.50
0.50
0.50
0.50
0.46
0.46
0.45
0.45
0.38
0.37
0.40
0.38
0.37
0.35
0.36
0.36
0.54
0.55
0.50
0.48
CorWatt	PkgWatt
19.02	129.63
0.54	129.63
0.43
0.56
0.49
1.18
1.17
1.17
3.18
0.37
0.42
0.39
0.38
0.49
0.49
0.48
0.49
0.45
0.45
0.47
0.45
0.37
0.37
0.39
0.37
0.38
0.35
0.36
0.35
0.53
0.55
0.50
0.49
CorWatt	PkgWatt
19.38	129.81
0.53	129.81
0.43
0.56
0.50
1.22
1.21
1.22
3.17
0.39
0.44
0.39
0.40
0.53
0.54
0.52
0.49
0.47
0.45
0.45
0.44
0.38
0.37
0.39
0.37
0.38
0.35
0.37
0.36
0.54
0.55
0.48
0.50
CorWatt	PkgWatt
19.27	129.63
0.54	129.63
0.44
0.55
0.48
2.21
1.21
1.22
2.19
0.38
0.42
0.38
0.38
0.48
0.49
0.51
0.50
0.48
0.44
0.47
0.46
0.37
0.37
0.40
0.39
0.38
0.35
0.36
0.35
0.54
0.55
0.50
0.49
CorWatt	PkgWatt
19.51	129.89
0.52	129.89
0.47
0.56
0.52
3.18
1.22
1.21
1.21
0.40
0.45
0.38
0.38
0.50
0.51
0.50
0.53
0.49
0.44
0.45
0.45
0.41
0.37
0.40
0.37
0.39
0.38
0.39
0.36
0.51
0.58
0.49
0.49
CorWatt	PkgWatt
19.15	129.76
0.52	129.76
0.44
0.53
0.49
1.22
1.20
1.20
3.17
0.38
0.44
0.40
0.39
0.49
0.52
0.50
0.49
0.44
0.44
0.45
0.44
0.37
0.38
0.40
0.37
0.35
0.35
0.39
0.35
0.50
0.54
0.50
0.49
CorWatt	PkgWatt
19.43	129.80
0.50	129.81
0.47
0.57
0.51
1.87
1.20
1.20
2.52
0.38
0.46
0.42
0.39
0.49
0.53
0.48
0.49
0.43
0.45
0.44
0.44
0.38
0.37
0.39
0.37
0.39
0.36
0.41
0.36
0.56
0.57
0.52
0.49
CorWatt	PkgWatt
18.77	128.99
0.61	129.03
0.56
0.63
0.56
1.91
0.90
0.93
0.90
0.44
0.49
0.45
0.43
0.53
0.56
0.52
0.54
0.47
0.52
0.50
0.50
0.43
0.40
0.45
0.42
0.44
0.42
0.47
0.41
0.64
0.58
0.59
0.57
