CorWatt	PkgWatt
6.89	159.71
0.13	80.12
0.12
0.12
0.12
0.11
0.11
0.11
0.11
0.11
0.11
0.10
0.10
0.10
0.10
0.10
0.10
0.12
0.20
0.12
0.12
0.13
0.12
0.12
0.12
0.11
0.11
0.11
0.11
0.10
0.10
0.10
0.10
0.11	79.61
0.11
0.10
0.11
0.11
0.11
0.11
0.11
0.09
0.09
0.09
0.09
0.09
0.09
0.09
0.09
0.11
0.11
0.11
0.11
0.11
0.11
0.11
0.11
0.10
0.10
0.10
0.10
0.09
0.09
0.09
0.09
CorWatt	PkgWatt
6.77	157.81
0.12	78.79
0.12
0.11
0.11
0.11
0.11
0.11
0.11
0.10
0.10
0.10
0.10
0.09
0.10
0.09
0.10
0.11
0.11
0.11
0.11
0.12
0.11
0.11
0.11
0.11
0.11
0.11
0.11
0.10
0.10
0.10
0.10
0.12	78.97
0.12
0.12
0.11
0.12
0.12
0.11
0.15
0.09
0.09
0.09
0.10
0.09
0.09
0.09
0.09
0.11
0.11
0.12
0.12
0.11
0.11
0.12
0.11
0.10
0.10
0.10
0.10
0.09
0.09
0.09
0.09
