CorWatt	PkgWatt
4.28	154.14
0.08	77.30
0.08
0.08
0.09
0.08
0.08
0.08
0.08
0.06
0.07
0.06
0.07
0.07
0.07
0.07
0.06
0.08
0.08
0.08
0.08
0.09
0.08
0.08
0.07
0.07
0.07
0.07
0.07
0.07
0.07
0.07
0.07
0.06	76.89
0.06
0.06
0.06
0.06
0.07
0.06
0.06
0.05
0.06
0.06
0.05
0.06
0.06
0.05
0.05
0.06
0.06
0.05
0.06
0.06
0.06
0.06
0.06
0.06
0.06
0.06
0.06
0.06
0.06
0.06
0.07
CorWatt	PkgWatt
4.34	151.41
0.09	76.17
0.08
0.08
0.08
0.08
0.09
0.08
0.08
0.07
0.10
0.14
0.06
0.06
0.07
0.07
0.06
0.08
0.08
0.07
0.08
0.09
0.08
0.07
0.11
0.07
0.07
0.07
0.07
0.09
0.08
0.08
0.09
0.06	74.99
0.06
0.06
0.06
0.06
0.06
0.05
0.05
0.05
0.05
0.05
0.05
0.06
0.06
0.06
0.06
0.06
0.05
0.05
0.05
0.06
0.06
0.06
0.06
0.05
0.05
0.05
0.05
0.05
0.05
0.05
0.05
CorWatt	PkgWatt
107.89	304.32
0.57	147.83
1.62
1.79
1.72
1.76
1.76
1.68
1.94
1.60
1.59
1.77
1.79
1.62
1.78
1.49
1.67
1.74
1.66
1.63
1.70
1.70
1.72
1.64
1.52
1.62
1.71
1.80
1.60
1.77
1.61
1.50
1.58
1.70	156.59
1.66
1.73
1.66
1.71
1.68
1.56
1.55
1.70
1.69
1.67
1.71
1.71
1.68
1.59
1.57
1.69
1.65
1.69
1.69
1.69
1.68
1.63
1.60
3.57
1.66
1.71
1.73
1.86
1.70
1.57
1.55
CorWatt	PkgWatt
120.77	333.17
0.28	163.27
1.87
1.99
1.94
1.95
1.95
1.81
1.81
1.91
1.88
1.86
1.89
1.88
1.87
1.74
1.72
1.92
1.91
1.92
1.90
1.92
1.90
1.75
1.76
1.91
1.91
1.90
1.87
1.88
1.89
1.72
1.72
1.98	170.22
1.94
1.93
1.94
2.02
1.97
1.79
1.78
2.02
2.05
2.04
2.01
1.98
1.98
1.85
1.81
1.94
1.90
1.93
1.94
1.95
1.96
1.82
1.82
3.03
1.95
1.96
1.96
1.97
1.96
1.80
1.73
