CorWatt	PkgWatt
15.80	127.06
0.53	127.15
0.49
0.47
0.48
0.56
0.53
0.50
0.54
0.41
0.49
0.40
0.43
0.50
0.56
0.49
0.55
0.51
0.55
0.54
0.52
0.44
0.43
0.43
0.40
0.39
0.39
0.41
0.43
0.58
0.56
0.72
0.58
CorWatt	PkgWatt
14.75	126.49
0.52	126.42
0.44
0.46
0.43
0.53
0.49
0.48
0.54
0.41
0.44
0.39
0.38
0.51
0.53
0.49
0.52
0.50
0.50
0.46
0.50
0.42
0.38
0.40
0.42
0.35
0.36
0.37
0.36
0.52
0.52
0.58
0.55
CorWatt	PkgWatt
17.56	128.84
0.65	128.83
0.63
0.65
0.69
0.67
0.64
0.66
0.69
0.48
0.48
0.40
0.45
0.60
0.62
0.61
0.63
0.56
0.54
0.48
0.57
0.46
0.45
0.46
0.46
0.36
0.36
0.43
0.42
0.60
0.59
0.63
0.64
CorWatt	PkgWatt
15.35	126.96
0.58	126.88
0.67
0.55
0.52
0.58
0.59
0.49
0.53
0.45
0.43
0.40
0.40
0.54
0.51
0.50
0.53
0.46
0.46
0.46
0.47
0.44
0.40
0.39
0.41
0.36
0.37
0.36
0.37
0.52
0.50
0.59
0.52
