CorWatt	PkgWatt
15.04	127.80
0.52	127.79
0.48
0.49
0.46
0.54
0.60
0.52
0.51
0.49
0.46
0.39
0.41
0.52
0.53
0.52
0.54
0.45
0.48
0.47
0.49
0.40
0.40
0.39
0.42
0.36
0.38
0.40
0.37
0.52
0.51
0.51
0.52
CorWatt	PkgWatt
14.77	127.54
0.49	127.60
0.46
0.48
0.45
0.54
0.60
0.49
0.54
0.47
0.43
0.38
0.40
0.51
0.54
0.51
0.53
0.44
0.48
0.52
0.46
0.41
0.39
0.39
0.43
0.35
0.36
0.38
0.35
0.53
0.50
0.50
0.49
CorWatt	PkgWatt
67.73	182.39
0.93	182.38
2.10
2.19
2.16
2.22
2.27
2.18
2.17
2.07
2.03
2.06
2.06
2.24
2.19
2.17
2.24
2.14
2.18
1.98
2.04
2.11
2.06
3.51
1.90
2.04
2.03
1.91
1.88
2.33
2.24
2.07
2.05
