CorWatt	PkgWatt
15.26	127.80
0.52	127.80
0.50
0.49
0.49
0.53
0.52
0.51
0.52
0.41
0.45
0.41
0.41
0.59
0.53
0.53
0.55
0.49
0.52
0.46
0.50
0.41
0.40
0.42
0.43
0.39
0.41
0.38
0.38
0.53
0.53
0.53
0.52
CorWatt	PkgWatt
15.40	127.75
0.51	128.00
0.52
0.57
0.48
0.56
0.51
0.49
0.49
0.43
0.47
0.44
0.38
0.58
0.51
0.50
0.52
0.54
0.49
0.46
0.47
0.42
0.38
0.43
0.45
0.41
0.41
0.37
0.36
0.55
0.55
0.58
0.56
CorWatt	PkgWatt
21.72	133.85
0.70	133.61
0.64
2.27
0.55
0.72
0.68
0.61
0.61
0.92
0.59
0.55
0.57
0.72
0.65
0.62
0.68
0.61
0.69
0.76
0.59
0.53
0.55
0.52
0.54
0.53
0.51
0.53
0.58
0.66
0.67
0.68
0.67
CorWatt	PkgWatt
17.44	129.59
0.50	129.57
0.52
0.60
0.49
0.93
1.13
0.75
0.74
0.48
0.53
0.46
0.41
0.59
0.55
0.55
0.56
0.51
0.55
0.57
0.53
0.42
0.40
0.42
0.44
0.40
0.38
0.44
0.45
0.54
0.52
0.55
0.54
CorWatt	PkgWatt
16.80	128.96
0.51	128.95
0.56
0.57
0.45
0.92
1.18
0.73
0.74
0.47
0.51
0.42
0.40
0.58
0.53
0.51
0.54
0.48
0.49
0.47
0.48
0.39
0.38
0.40
0.42
0.40
0.37
0.42
0.42
0.51
0.50
0.52
0.51
CorWatt	PkgWatt
16.72	128.86
0.51	128.86
0.55
0.58
0.46
1.22
0.87
0.73
0.74
0.45
0.46
0.51
0.38
0.58
0.52
0.50
0.52
0.51
0.50
0.46
0.49
0.40
0.38
0.40
0.42
0.38
0.36
0.42
0.39
0.51
0.50
0.52
0.51
CorWatt	PkgWatt
16.48	128.93
0.51	128.92
0.56
0.55
0.47
1.32
0.77
0.73
0.73
0.41
0.43
0.40
0.38
0.57
0.52
0.51
0.52
0.46
0.48
0.46
0.47
0.39
0.38
0.41
0.42
0.38
0.38
0.42
0.40
0.51
0.50
0.51
0.51
CorWatt	PkgWatt
17.04	129.29
0.53	129.29
0.53
0.59
0.46
1.46
0.88
0.70
0.70
0.44
0.45
0.43
0.38
0.61
0.56
0.52
0.54
0.48
0.48
0.48
0.49
0.41
0.40
0.41
0.42
0.39
0.36
0.42
0.43
0.52
0.51
0.52
0.51
CorWatt	PkgWatt
17.71	130.56
0.53	130.55
0.54
0.56
0.45
3.28
0.54
0.49
0.50
0.42
0.43
0.41
0.38
0.51
0.53
0.51
0.51
0.46
0.50
0.46
0.50
0.40
0.38
0.40
0.42
0.38
0.36
0.41
0.39
0.51
0.50
0.50
0.51
CorWatt	PkgWatt
17.53	130.39
0.52	130.39
0.51
0.55
0.45
3.28
0.54
0.49
0.49
0.39
0.43
0.38
0.39
0.51
0.51
0.50
0.51
0.47
0.47
0.47
0.47
0.40
0.39
0.40
0.42
0.38
0.35
0.41
0.39
0.51
0.50
0.50
0.51
CorWatt	PkgWatt
17.71	130.80
0.52	130.80
0.52
0.55
0.45
3.28
0.53
0.49
0.50
0.40
0.46
0.41
0.39
0.51
0.51
0.50
0.52
0.46
0.48
0.45
0.47
0.40
0.39
0.43
0.44
0.38
0.38
0.41
0.43
0.51
0.50
0.51
0.51
CorWatt	PkgWatt
18.03	130.89
0.54	130.89
0.52
0.56
0.50
3.28
0.54
0.52
0.50
0.40
0.44
0.44
0.38
0.52
0.52
0.50
0.52
0.47
0.48
0.47
0.48
0.41
0.39
0.39
0.42
0.42
0.41
0.42
0.41
0.57
0.53
0.56
0.53
CorWatt	PkgWatt
17.58	130.56
0.53	130.55
0.50
0.60
0.45
3.28
0.53
0.50
0.50
0.40
0.43
0.38
0.38
0.51
0.51
0.50
0.51
0.46
0.47
0.45
0.47
0.41
0.40
0.38
0.42
0.39
0.39
0.41
0.39
0.52
0.50
0.51
0.51
CorWatt	PkgWatt
17.67	130.60
0.52	130.60
0.49
0.59
0.44
3.28
0.53
0.50
0.49
0.40
0.43
0.39
0.38
0.54
0.51
0.50
0.53
0.47
0.49
0.48
0.50
0.40
0.39
0.38
0.41
0.39
0.37
0.42
0.39
0.52
0.51
0.51
0.51
CorWatt	PkgWatt
17.67	130.70
0.54	130.70
0.54
0.56
0.49
3.28
0.54
0.51
0.50
0.39
0.43
0.39
0.38
0.52
0.52
0.51
0.52
0.47
0.48
0.46
0.47
0.40
0.38
0.38
0.42
0.38
0.38
0.41
0.38
0.51
0.50
0.51
0.52
CorWatt	PkgWatt
17.88	130.73
0.55	130.73
0.52
0.48
0.57
3.28
0.54
0.52
0.52
0.42
0.44
0.39
0.39
0.52
0.52
0.50
0.52
0.47
0.47
0.47
0.48
0.40
0.40
0.40
0.42
0.40
0.39
0.42
0.40
0.52
0.52
0.53
0.51
CorWatt	PkgWatt
17.59	130.57
0.53	130.57
0.52
0.47
0.54
3.28
0.53
0.49
0.50
0.41
0.43
0.39
0.38
0.51
0.51
0.50
0.52
0.46
0.48
0.45
0.47
0.39
0.38
0.38
0.42
0.38
0.42
0.41
0.39
0.51
0.50
0.51
0.51
CorWatt	PkgWatt
17.71	130.60
0.54	130.62
0.53
0.48
0.55
3.29
0.53
0.50
0.51
0.41
0.44
0.40
0.38
0.51
0.51
0.50
0.52
0.47
0.48
0.47
0.48
0.40
0.38
0.38
0.42
0.39
0.38
0.41
0.40
0.51
0.50
0.51
0.51
CorWatt	PkgWatt
17.64	130.73
0.53	130.72
0.49
0.50
0.55
3.28
0.53
0.50
0.50
0.44
0.46
0.41
0.38
0.50
0.51
0.50
0.52
0.46
0.47
0.45
0.48
0.39
0.38
0.38
0.42
0.38
0.38
0.41
0.39
0.51
0.50
0.51
0.51
CorWatt	PkgWatt
17.86	130.73
0.52	130.74
0.49
0.49
0.54
3.21
0.56
0.52
0.52
0.42
0.44
0.41
0.38
0.55
0.52
0.52
0.54
0.47
0.47
0.47
0.48
0.42
0.42
0.41
0.45
0.40
0.38
0.41
0.39
0.52
0.51
0.51
0.51
CorWatt	PkgWatt
18.53	130.67
0.57	130.68
0.56
0.78
0.64
0.72
0.73
0.72
1.12
0.49
0.51
0.47
0.49
0.57
0.58
0.59
0.59
0.52
0.53
0.51
0.55
0.48
0.45
0.46
0.48
0.45
0.46
0.45
0.75
0.58
0.57
0.57
0.58
CorWatt	PkgWatt
17.00	129.35
0.50	129.34
0.51
0.61
0.45
1.56
0.86
0.84
0.89
0.44
0.43
0.43
0.44
0.52
0.52
0.50
0.52
0.46
0.48
0.47
0.47
0.40
0.39
0.40
0.42
0.37
0.39
0.37
0.35
0.52
0.50
0.51
0.51
CorWatt	PkgWatt
17.14	129.30
0.51	129.31
0.51
0.60
0.45
1.55
0.86
0.84
0.89
0.43
0.44
0.38
0.44
0.51
0.52
0.50
0.52
0.47
0.48
0.47
0.49
0.39
0.39
0.40
0.43
0.39
0.41
0.39
0.39
0.53
0.51
0.53
0.54
CorWatt	PkgWatt
17.12	129.38
0.49	129.38
0.50
0.59
0.45
1.55
0.86
0.85
0.88
0.44
0.43
0.39
0.45
0.51
0.52
0.50
0.53
0.48
0.51
0.49
0.49
0.40
0.39
0.40
0.42
0.37
0.39
0.40
0.36
0.52
0.51
0.52
0.53
CorWatt	PkgWatt
17.15	129.54
0.52	129.53
0.51
0.59
0.44
1.36
0.85
0.84
1.07
0.45
0.44
0.40
0.45
0.51
0.52
0.51
0.52
0.49
0.48
0.47
0.48
0.40
0.39
0.41
0.42
0.37
0.39
0.41
0.39
0.52
0.51
0.53
0.54
CorWatt	PkgWatt
16.91	129.20
0.49	129.20
0.51
0.61
0.44
1.45
0.85
0.84
0.97
0.43
0.46
0.39
0.43
0.52
0.51
0.50
0.52
0.47
0.47
0.46
0.47
0.41
0.39
0.40
0.41
0.36
0.36
0.40
0.35
0.51
0.50
0.51
0.51
CorWatt	PkgWatt
18.28	130.29
0.53	130.29
0.52
0.61
0.48
2.02
1.06
1.05
1.27
0.44
0.44
0.40
0.44
0.50
0.51
0.50
0.52
0.46
0.48
0.45
0.47
0.39
0.39
0.41
0.42
0.36
0.37
0.40
0.35
0.51
0.50
0.51
0.51
CorWatt	PkgWatt
20.23	132.15
0.53	132.15
0.51
0.59
0.46
3.15
1.35
1.35
1.34
0.44
0.44
0.39
0.43
0.52
0.52
0.50
0.52
0.48
0.48
0.49
0.49
0.40
0.40
0.40
0.43
0.39
0.39
0.41
0.39
0.52
0.51
0.51
0.51
CorWatt	PkgWatt
20.06	132.18
0.53	132.18
0.53
0.58
0.48
3.14
1.35
1.35
1.34
0.44
0.43
0.39
0.43
0.50
0.51
0.50
0.52
0.46
0.53
0.46
0.48
0.39
0.39
0.40
0.42
0.36
0.37
0.40
0.35
0.51
0.50
0.51
0.52
CorWatt	PkgWatt
20.08	132.14
0.52	132.14
0.50
0.60
0.45
2.83
1.35
1.34
1.64
0.43
0.45
0.40
0.43
0.51
0.52
0.52
0.52
0.47
0.48
0.47
0.47
0.40
0.39
0.40
0.42
0.38
0.37
0.42
0.35
0.52
0.50
0.50
0.51
CorWatt	PkgWatt
20.10	132.03
0.52	132.03
0.50
0.58
0.45
3.15
1.35
1.34
1.34
0.44
0.43
0.38
0.47
0.51
0.51
0.51
0.52
0.46
0.51
0.46
0.49
0.39
0.39
0.42
0.43
0.38
0.38
0.39
0.36
0.51
0.51
0.50
0.51
CorWatt	PkgWatt
20.49	132.45
0.54	132.45
0.52
0.59
0.48
2.85
1.35
1.35
1.64
0.44
0.43
0.43
0.44
0.51
0.52
0.50
0.52
0.47
0.49
0.48
0.48
0.43
0.39
0.44
0.44
0.40
0.41
0.38
0.37
0.53
0.55
0.57
0.55
CorWatt	PkgWatt
19.98	132.25
0.52	132.25
0.50
0.59
0.45
1.35
1.35
1.35
3.13
0.42
0.44
0.38
0.44
0.50
0.51
0.50
0.51
0.48
0.49
0.48
0.47
0.39
0.39
0.41
0.42
0.39
0.36
0.36
0.36
0.51
0.50
0.51
0.51
CorWatt	PkgWatt
20.09	132.22
0.53	132.22
0.50
0.61
0.46
1.35
1.35
1.35
3.13
0.42
0.45
0.40
0.43
0.51
0.53
0.53
0.54
0.47
0.47
0.47
0.47
0.40
0.39
0.41
0.42
0.38
0.36
0.37
0.36
0.52
0.50
0.51
0.51
CorWatt	PkgWatt
20.12	132.31
0.56	132.31
0.51
0.59
0.45
1.66
2.20
1.35
1.97
0.43
0.45
0.40
0.45
0.53
0.53
0.51
0.53
0.48
0.48
0.46
0.47
0.39
0.39
0.41
0.42
0.37
0.37
0.37
0.35
0.51
0.50
0.51
0.52
CorWatt	PkgWatt
20.17	132.49
0.53	132.50
0.53
0.60
0.45
1.35
1.52
1.34
2.97
0.44
0.46
0.40
0.43
0.52
0.52
0.50
0.52
0.48
0.48
0.47
0.47
0.40
0.40
0.42
0.43
0.38
0.36
0.37
0.36
0.52
0.51
0.51
0.52
CorWatt	PkgWatt
20.03	132.10
0.54	132.09
0.53
0.58
0.47
1.35
1.35
1.35
3.14
0.43
0.44
0.42
0.45
0.50
0.52
0.50
0.52
0.46
0.48
0.46
0.48
0.39
0.39
0.41
0.41
0.37
0.35
0.36
0.35
0.51
0.50
0.51
0.51
CorWatt	PkgWatt
19.98	132.18
0.59	132.17
0.67
0.96
0.55
1.04
1.01
1.00
1.98
0.50
0.53
0.50
0.51
0.60
0.62
0.58
0.59
0.51
0.51
0.53
0.50
0.47
0.44
0.46
0.49
0.44
0.39
0.41
0.41
0.55
0.54
0.55
0.55
CorWatt	PkgWatt
16.61	129.12
0.51	129.13
0.65
0.58
0.46
0.77
1.07
0.72
0.92
0.44
0.45
0.41
0.44
0.52
0.52
0.52
0.53
0.47
0.50
0.46
0.50
0.40
0.39
0.42
0.43
0.38
0.37
0.37
0.36
0.52
0.51
0.52
0.52
CorWatt	PkgWatt
16.47	128.88
0.49	128.88
0.56
0.56
0.46
0.78
1.17
0.74
0.76
0.43
0.45
0.41
0.44
0.51
0.53
0.51
0.53
0.48
0.47
0.47
0.47
0.40
0.39
0.41
0.42
0.39
0.37
0.39
0.39
0.52
0.51
0.51
0.52
CorWatt	PkgWatt
16.27	128.75
0.50	128.74
0.56
0.53
0.45
0.79
1.16
0.73
0.76
0.43
0.44
0.40
0.45
0.51
0.51
0.50
0.52
0.46
0.47
0.47
0.48
0.40
0.38
0.42
0.44
0.38
0.36
0.39
0.35
0.51
0.50
0.51
0.51
CorWatt	PkgWatt
17.35	129.39
0.54	129.41
0.49
0.65
0.55
0.82
0.75
0.74
1.14
0.47
0.48
0.49
0.47
0.55
0.55
0.53
0.56
0.49
0.51
0.50
0.50
0.41
0.38
0.38
0.42
0.44
0.40
0.42
0.40
0.60
0.55
0.59
0.57
CorWatt	PkgWatt
16.31	128.94
0.50	128.93
0.47
0.61
0.48
0.77
0.73
0.72
1.30
0.43
0.44
0.39
0.44
0.50
0.51
0.50
0.52
0.46
0.48
0.45
0.47
0.41
0.40
0.38
0.41
0.38
0.36
0.39
0.35
0.52
0.50
0.51
0.52
CorWatt	PkgWatt
19.03	134.06
0.51	134.06
0.55
0.57
0.48
0.55
0.52
0.51
4.40
0.43
0.44
0.40
0.43
0.53
0.52
0.50
0.53
0.48
0.50
0.48
0.49
0.40
0.40
0.39
0.43
0.39
0.37
0.39
0.36
0.52
0.51
0.52
0.52
CorWatt	PkgWatt
19.03	134.15
0.55	134.15
0.54
0.57
0.47
0.54
0.54
0.52
4.41
0.44
0.44
0.40
0.43
0.51
0.52
0.51
0.53
0.49
0.48
0.47
0.48
0.40
0.39
0.39
0.43
0.38
0.37
0.40
0.36
0.52
0.51
0.52
0.52
CorWatt	PkgWatt
18.96	134.05
0.55	134.05
0.50
0.57
0.47
0.54
0.51
0.52
4.41
0.42
0.47
0.39
0.43
0.51
0.51
0.50
0.52
0.48
0.47
0.47
0.47
0.40
0.41
0.40
0.42
0.38
0.37
0.41
0.39
0.52
0.52
0.52
0.51
CorWatt	PkgWatt
18.79	134.03
0.54	134.03
0.50
0.55
0.45
0.56
0.52
0.51
4.41
0.43
0.44
0.39
0.44
0.54
0.51
0.50
0.52
0.46
0.48
0.46
0.47
0.39
0.39
0.39
0.42
0.37
0.36
0.39
0.36
0.51
0.50
0.52
0.52
CorWatt	PkgWatt
18.92	133.96
0.55	133.96
0.52
0.56
0.45
0.56
0.52
0.52
4.41
0.42
0.43
0.39
0.44
0.51
0.52
0.51
0.53
0.47
0.47
0.47
0.47
0.41
0.39
0.39
0.42
0.38
0.37
0.40
0.36
0.52
0.50
0.51
0.51
CorWatt	PkgWatt
18.76	133.78
0.53	133.77
0.50
0.56
0.45
0.54
0.53
0.54
4.41
0.44
0.45
0.41
0.42
0.50
0.51
0.50
0.52
0.46
0.48
0.46
0.47
0.39
0.39
0.39
0.42
0.37
0.36
0.39
0.35
0.51
0.50
0.51
0.51
CorWatt	PkgWatt
18.97	134.03
1.63	134.03
0.51
0.57
0.45
0.52
0.55
0.56
3.29
0.44
0.43
0.41
0.42
0.53
0.51
0.51
0.54
0.47
0.47
0.47
0.47
0.41
0.42
0.40
0.45
0.38
0.36
0.39
0.35
0.51
0.50
0.51
0.51
CorWatt	PkgWatt
18.92	134.02
4.38	134.03
0.54
0.57
0.46
0.57
0.53
0.54
0.54
0.43
0.44
0.39
0.42
0.51
0.54
0.52
0.54
0.46
0.47
0.46
0.47
0.42
0.39
0.40
0.42
0.38
0.36
0.38
0.35
0.51
0.50
0.51
0.51
CorWatt	PkgWatt
19.05	134.11
4.38	134.11
0.52
0.56
0.49
0.54
0.54
0.50
0.52
0.44
0.47
0.44
0.45
0.52
0.52
0.50
0.52
0.47
0.49
0.47
0.48
0.41
0.40
0.41
0.42
0.39
0.38
0.38
0.38
0.52
0.51
0.52
0.52
CorWatt	PkgWatt
19.02	133.94
4.38	133.94
0.50
0.56
0.51
0.52
0.52
0.54
0.52
0.43
0.44
0.40
0.44
0.54
0.51
0.50
0.52
0.46
0.47
0.48
0.48
0.39
0.40
0.42
0.43
0.40
0.37
0.40
0.37
0.54
0.51
0.52
0.53
CorWatt	PkgWatt
18.91	134.02
4.38	134.02
0.50
0.58
0.50
0.52
0.53
0.55
0.55
0.43
0.43
0.38
0.43
0.51
0.52
0.50
0.51
0.49
0.49
0.48
0.49
0.40
0.39
0.41
0.42
0.39
0.37
0.38
0.36
0.52
0.50
0.51
0.51
CorWatt	PkgWatt
18.96	134.17
4.38	134.17
0.51
0.57
0.50
0.51
0.52
0.54
0.52
0.45
0.44
0.39
0.44
0.50
0.51
0.52
0.52
0.48
0.48
0.47
0.48
0.40
0.40
0.42
0.42
0.39
0.38
0.39
0.36
0.51
0.50
0.52
0.53
CorWatt	PkgWatt
18.59	131.29
1.02	131.31
0.55
0.61
0.60
0.59
0.57
0.58
0.58
0.50
0.50
0.45
0.48
0.61
0.59
0.58
0.61
0.52
0.52
0.51
0.52
0.50
0.51
0.50
0.50
0.45
0.42
0.97
0.43
0.64
0.63
0.82
0.74
CorWatt	PkgWatt
16.47	129.10
0.53	129.08
0.48
0.48
0.52
0.52
0.52
0.49
0.50
0.42
0.43
0.40
0.38
0.50
0.51
0.50
0.52
0.46
0.49
0.46
0.48
0.39
0.45
0.44
0.42
0.39
0.36
0.49
0.39
0.76
0.75
1.28
0.76
CorWatt	PkgWatt
16.46	128.99
0.49	128.99
0.50
0.46
0.50
0.50
0.51
0.49
0.50
0.39
0.45
0.38
0.38
0.51
0.51
0.50
0.52
0.48
0.47
0.49
0.49
0.40
0.44
0.43
0.42
0.41
0.38
0.50
0.39
0.76
0.75
1.28
0.77
CorWatt	PkgWatt
16.43	128.95
0.50	128.95
0.51
0.47
0.52
0.52
0.52
0.50
0.49
0.41
0.43
0.39
0.38
0.51
0.51
0.50
0.51
0.46
0.49
0.45
0.48
0.39
0.44
0.43
0.42
0.39
0.36
0.50
0.38
0.76
0.75
1.27
0.77
CorWatt	PkgWatt
16.56	129.01
0.50	129.02
0.48
0.46
0.51
0.51
0.51
0.50
0.50
0.41
0.45
0.39
0.39
0.51
0.53
0.52
0.53
0.47
0.48
0.48
0.48
0.41
0.44
0.43
0.42
0.42
0.38
0.50
0.38
0.76
0.75
1.24
0.80
CorWatt	PkgWatt
17.15	129.55
0.52	129.60
0.49
0.46
0.57
0.63
0.55
0.49
0.49
0.42
0.45
0.39
0.40
0.51
0.53
0.58
0.55
0.46
0.51
0.46
0.49
0.39
0.45
0.45
0.42
0.38
0.39
0.50
0.40
0.74
0.73
1.60
0.76
CorWatt	PkgWatt
18.83	131.36
0.59	131.33
0.53
0.48
0.61
0.50
0.55
0.49
0.49
0.42
0.45
0.44
0.38
0.52
0.52
0.56
0.53
0.49
0.49
0.46
0.47
0.43
0.44
0.46
0.43
0.39
0.41
0.51
0.40
0.67
0.69
0.83
3.20
CorWatt	PkgWatt
18.21	131.40
0.53	131.38
0.47
0.45
0.51
0.52
0.54
0.49
0.49
0.41
0.45
0.39
0.38
0.52
0.52
0.50
0.52
0.48
0.49
0.47
0.47
0.39
0.46
0.44
0.42
0.37
0.37
0.51
0.38
0.67
0.66
3.28
0.69
CorWatt	PkgWatt
18.48	131.37
0.52	131.37
0.49
0.48
0.52
0.51
0.51
0.49
0.49
0.40
0.48
0.42
0.40
0.54
0.55
0.55
0.55
0.47
0.47
0.47
0.47
0.41
0.44
0.44
0.42
0.40
0.37
0.50
0.41
0.68
0.67
3.28
0.70
CorWatt	PkgWatt
18.32	131.26
0.54	131.29
0.49
0.48
0.51
0.51
0.52
0.48
0.49
0.41
0.47
0.40
0.40
0.54
0.54
0.51
0.54
0.47
0.47
0.46
0.47
0.39
0.46
0.44
0.42
0.38
0.37
0.51
0.37
0.66
0.65
3.31
0.68
CorWatt	PkgWatt
18.37	131.56
0.54	131.53
0.50
0.48
0.50
0.50
0.51
0.49
0.49
0.42
0.46
0.41
0.39
0.53
0.53
0.51
0.54
0.49
0.48
0.47
0.47
0.40
0.45
0.45
0.43
0.39
0.37
0.51
0.38
0.67
0.66
3.29
0.68
CorWatt	PkgWatt
18.26	131.28
0.55	131.28
0.52
0.45
0.51
0.53
0.52
0.50
0.49
0.40
0.45
0.40
0.38
0.51
0.52
0.50
0.52
0.46
0.49
0.45
0.47
0.39
0.46
0.44
0.42
0.38
0.37
0.51
0.37
0.67
0.66
3.28
0.68
CorWatt	PkgWatt
18.93	131.64
0.58	131.65
0.50
0.48
0.53
0.53
0.52
0.49
0.49
0.44
0.51
0.47
0.39
0.58
0.58
0.54
0.56
0.50
0.51
0.51
0.52
0.40
0.44
0.44
0.42
0.44
0.37
0.50
0.40
0.66
0.66
3.30
0.67
CorWatt	PkgWatt
18.15	131.15
0.52	131.14
0.44
0.48
0.50
0.53
0.52
0.48
0.49
0.39
0.44
0.39
0.39
0.52
0.52
0.51
0.54
0.46
0.49
0.47
0.49
0.40
0.45
0.44
0.42
0.39
0.36
0.49
0.36
0.65
0.65
0.73
3.22
CorWatt	PkgWatt
18.06	130.98
0.53	130.97
0.45
0.45
0.50
0.53
0.50
0.48
0.48
0.39
0.44
0.39
0.39
0.52
0.52
0.50
0.52
0.47
0.47
0.47
0.47
0.40
0.43
0.44
0.41
0.40
0.37
0.50
0.36
0.66
0.65
2.09
1.87
CorWatt	PkgWatt
18.21	131.34
0.52	131.34
0.44
0.45
0.50
0.54
0.51
0.48
0.49
0.41
0.44
0.41
0.40
0.51
0.52
0.50
0.53
0.46
0.47
0.45
0.47
0.40
0.44
0.45
0.44
0.40
0.37
0.51
0.37
3.29
0.66
0.70
0.68
CorWatt	PkgWatt
18.58	131.43
0.55	131.43
0.45
0.48
0.54
0.55
0.51
0.50
0.50
0.40
0.44
0.44
0.39
0.52
0.52
0.51
0.52
0.47
0.49
0.47
0.47
0.41
0.45
0.43
0.42
0.42
0.41
0.50
0.38
2.67
0.68
0.71
1.35
CorWatt	PkgWatt
17.43	130.08
0.52	130.07
0.46
0.47
0.50
0.55
0.53
0.48
0.49
0.42
0.45
0.41
0.40
0.50
0.51
0.50
0.52
0.46
0.47
0.46
0.48
0.56
0.46
0.42
0.43
0.41
0.39
0.53
0.38
0.61
0.60
0.63
2.43
CorWatt	PkgWatt
18.28	130.58
0.56	130.58
0.53
0.53
0.56
0.55
0.55
0.55
0.57
0.52
0.53
0.45
0.45
0.58
0.58
0.56
0.58
0.68
0.93
0.98
0.70
0.87
0.46
0.48
0.48
0.46
0.43
0.47
0.42
0.57
0.56
0.61
0.57
CorWatt	PkgWatt
16.55	128.97
0.50	128.96
0.51
0.47
0.52
0.51
0.51
0.49
0.50
0.46
0.44
0.40
0.38
0.51
0.51
0.51
0.52
0.70
1.08
0.92
0.70
0.52
0.39
0.43
0.44
0.38
0.36
0.40
0.35
0.53
0.51
0.56
0.52
CorWatt	PkgWatt
16.96	129.22
0.51	129.22
0.48
0.48
0.55
0.50
0.53
0.52
0.51
0.47
0.46
0.41
0.40
0.52
0.53
0.51
0.54
0.71
0.97
1.05
0.71
0.51
0.42
0.45
0.43
0.41
0.39
0.42
0.39
0.54
0.53
0.58
0.52
CorWatt	PkgWatt
16.40	128.82
0.49	128.82
0.47
0.46
0.54
0.50
0.52
0.49
0.50
0.44
0.44
0.40
0.38
0.50
0.51
0.50
0.52
0.69
0.71
1.29
0.70
0.51
0.39
0.44
0.43
0.37
0.36
0.40
0.37
0.51
0.51
0.56
0.51
CorWatt	PkgWatt
16.32	128.67
0.50	128.67
0.51
0.45
0.51
0.49
0.50
0.49
0.50
0.39
0.44
0.39
0.38
0.51
0.51
0.50
0.52
0.69
1.18
0.83
0.70
0.51
0.39
0.42
0.47
0.38
0.36
0.39
0.35
0.52
0.51
0.51
0.51
CorWatt	PkgWatt
17.63	130.82
0.53	130.83
0.51
0.45
0.51
0.51
0.52
0.49
0.50
0.42
0.46
0.40
0.38
0.52
0.51
0.50
0.52
0.50
3.00
0.55
0.52
0.50
0.39
0.43
0.47
0.39
0.36
0.39
0.37
0.51
0.51
0.50
0.52
CorWatt	PkgWatt
18.18	131.32
0.54	131.32
0.48
0.49
0.52
0.50
0.55
0.53
0.51
0.39
0.44
0.40
0.38
0.54
0.52
0.52
0.54
0.47
3.40
0.51
0.49
0.52
0.44
0.45
0.49
0.38
0.37
0.40
0.35
0.52
0.51
0.52
0.52
CorWatt	PkgWatt
17.96	131.13
0.53	131.13
0.44
0.50
0.53
0.53
0.53
0.50
0.52
0.40
0.44
0.39
0.38
0.51
0.52
0.54
0.53
0.47
3.39
0.50
0.48
0.51
0.40
0.44
0.46
0.38
0.36
0.38
0.35
0.51
0.52
0.50
0.51
CorWatt	PkgWatt
18.01	131.28
0.53	131.28
0.44
0.51
0.51
0.50
0.52
0.50
0.51
0.41
0.44
0.43
0.40
0.50
0.51
0.50
0.51
0.47
3.39
0.50
0.48
0.51
0.40
0.45
0.47
0.38
0.36
0.37
0.41
0.52
0.52
0.52
0.51
CorWatt	PkgWatt
17.98	131.15
0.53	131.14
0.45
0.50
0.51
0.51
0.51
0.50
0.50
0.39
0.44
0.39
0.38
0.50
0.51
0.50
0.52
0.47
3.39
0.50
0.49
0.50
0.41
0.45
0.48
0.40
0.37
0.39
0.37
0.53
0.52
0.52
0.53
CorWatt	PkgWatt
18.12	131.20
0.53	131.21
0.45
0.50
0.52
0.52
0.53
0.50
0.52
0.41
0.45
0.39
0.38
0.51
0.52
0.50
0.52
0.49
3.40
0.51
0.50
0.51
0.41
0.44
0.46
0.40
0.40
0.40
0.38
0.52
0.52
0.51
0.51
CorWatt	PkgWatt
17.99	131.38
0.53	131.38
0.44
0.49
0.51
0.51
0.52
0.49
0.50
0.42
0.46
0.39
0.40
0.51
0.51
0.53
0.52
0.47
3.39
0.50
0.48
0.51
0.41
0.46
0.46
0.38
0.37
0.39
0.36
0.52
0.51
0.52
0.53
CorWatt	PkgWatt
17.84	131.10
0.52	131.10
0.44
0.48
0.51
0.50
0.52
0.49
0.49
0.41
0.45
0.39
0.38
0.52
0.52
0.50
0.52
0.48
3.39
0.51
0.48
0.51
0.40
0.44
0.46
0.38
0.36
0.37
0.38
0.51
0.51
0.50
0.51
CorWatt	PkgWatt
17.86	131.09
0.55	131.09
0.49
0.48
0.54
0.51
0.51
0.49
0.50
0.40
0.44
0.41
0.38
0.50
0.51
0.50
0.52
0.47
3.40
0.49
0.48
0.51
0.40
0.44
0.46
0.38
0.36
0.37
0.35
0.52
0.51
0.50
0.51
CorWatt	PkgWatt
17.99	131.17
0.53	131.17
0.48
0.47
0.53
0.50
0.51
0.50
0.49
0.39
0.43
0.39
0.38
0.51
0.51
0.50
0.53
0.48
3.39
0.52
0.51
0.50
0.40
0.44
0.47
0.40
0.38
0.38
0.41
0.53
0.51
0.50
0.51
CorWatt	PkgWatt
17.77	131.15
0.53	131.15
0.46
0.47
0.51
0.51
0.52
0.53
0.50
0.39
0.43
0.38
0.38
0.50
0.51
0.50
0.52
0.47
3.39
0.49
0.50
0.50
0.40
0.44
0.47
0.37
0.36
0.36
0.35
0.51
0.51
0.50
0.51
CorWatt	PkgWatt
17.90	131.20
0.53	131.20
0.44
0.45
0.51
0.50
0.51
0.53
0.50
0.40
0.44
0.38
0.38
0.55
0.52
0.51
0.51
0.47
3.39
0.50
0.48
0.50
0.40
0.44
0.48
0.40
0.37
0.39
0.36
0.51
0.53
0.50
0.51
CorWatt	PkgWatt
18.70	130.93
0.76	130.95
0.50
0.52
0.56
0.78
0.62
0.63
0.64
0.51
0.53
0.47
0.46
0.57
0.57
0.59
0.58
0.53
1.28
0.55
0.55
0.57
0.79
0.52
0.54
0.43
0.44
0.48
0.45
0.57
0.59
0.56
0.56
CorWatt	PkgWatt
17.48	129.40
0.61	129.39
0.50
0.49
0.53
1.56
0.88
0.85
0.85
0.47
0.47
0.44
0.39
0.51
0.52
0.51
0.53
0.47
0.50
0.47
0.48
0.43
0.39
0.43
0.44
0.39
0.42
0.40
0.37
0.54
0.56
0.54
0.54
CorWatt	PkgWatt
16.92	129.21
0.60	129.20
0.45
0.47
0.50
0.89
0.88
1.55
0.84
0.44
0.46
0.39
0.38
0.50
0.51
0.50
0.51
0.48
0.51
0.47
0.47
0.39
0.39
0.41
0.43
0.36
0.36
0.37
0.35
0.52
0.51
0.50
0.50
CorWatt	PkgWatt
17.05	129.10
0.60	129.10
0.45
0.50
0.52
0.93
0.87
1.49
0.84
0.46
0.49
0.40
0.39
0.51
0.53
0.53
0.55
0.46
0.47
0.46
0.47
0.40
0.38
0.41
0.43
0.36
0.36
0.37
0.38
0.52
0.52
0.51
0.51
CorWatt	PkgWatt
17.00	129.16
0.60	129.15
0.49
0.51
0.51
1.49
0.87
0.89
0.84
0.46
0.49
0.42
0.39
0.52
0.52
0.50
0.53
0.46
0.48
0.46
0.47
0.39
0.39
0.41
0.43
0.35
0.35
0.37
0.36
0.51
0.51
0.51
0.51
CorWatt	PkgWatt
17.35	129.57
0.61	129.58
0.52
0.52
0.51
1.54
0.87
0.86
0.85
0.47
0.48
0.41
0.39
0.54
0.53
0.52
0.54
0.48
0.48
0.48
0.49
0.42
0.40
0.44
0.43
0.37
0.37
0.38
0.37
0.53
0.52
0.52
0.51
CorWatt	PkgWatt
17.32	129.42
0.60	129.42
0.49
0.50
0.53
0.94
0.93
1.75
0.91
0.45
0.47
0.40
0.38
0.50
0.52
0.50
0.51
0.46
0.50
0.46
0.47
0.39
0.38
0.40
0.42
0.35
0.35
0.38
0.35
0.51
0.51
0.50
0.50
CorWatt	PkgWatt
20.18	132.24
0.61	132.25
0.45
0.49
0.56
1.34
1.35
3.15
1.33
0.48
0.48
0.42
0.38
0.55
0.56
0.52
0.53
0.45
0.47
0.49
0.47
0.40
0.39
0.40
0.42
0.36
0.35
0.40
0.37
0.51
0.51
0.50
0.51
CorWatt	PkgWatt
19.95	131.97
0.61	131.97
0.46
0.50
0.52
1.34
1.35
3.14
1.33
0.46
0.46
0.40
0.38
0.50
0.51
0.50
0.52
0.45
0.49
0.47
0.49
0.40
0.39
0.41
0.42
0.35
0.35
0.36
0.35
0.51
0.50
0.50
0.50
CorWatt	PkgWatt
20.26	132.32
0.59	132.32
0.47
0.51
0.55
1.34
1.35
3.13
1.33
0.47
0.48
0.40
0.40
0.51
0.53
0.50
0.53
0.47
0.48
0.49
0.47
0.41
0.40
0.43
0.44
0.38
0.37
0.38
0.39
0.52
0.51
0.51
0.51
CorWatt	PkgWatt
20.20	132.11
0.61	132.11
0.47
0.49
0.52
1.34
1.35
3.15
1.33
0.48
0.47
0.43
0.40
0.52
0.53
0.51
0.53
0.46
0.49
0.47
0.47
0.41
0.40
0.42
0.46
0.37
0.37
0.38
0.36
0.51
0.52
0.50
0.50
CorWatt	PkgWatt
20.26	132.14
0.61	132.14
0.48
0.51
0.54
1.34
1.35
3.15
1.33
0.46
0.47
0.45
0.38
0.51
0.52
0.50
0.52
0.45
0.47
0.46
0.47
0.40
0.39
0.39
0.43
0.39
0.38
0.39
0.36
0.55
0.52
0.53
0.52
CorWatt	PkgWatt
19.89	131.99
0.60	131.99
0.49
0.51
0.51
1.34
1.35
3.14
1.33
0.44
0.45
0.39
0.38
0.50
0.51
0.50
0.52
0.46
0.47
0.45
0.47
0.41
0.40
0.38
0.43
0.35
0.35
0.36
0.35
0.51
0.51
0.50
0.50
CorWatt	PkgWatt
20.07	132.09
0.58	132.09
0.48
0.52
0.51
2.00
1.35
2.48
1.33
0.46
0.46
0.39
0.38
0.51
0.52
0.50
0.52
0.48
0.50
0.48
0.49
0.40
0.40
0.39
0.43
0.36
0.36
0.38
0.36
0.52
0.52
0.51
0.50
CorWatt	PkgWatt
19.87	132.03
0.60	132.03
0.50
0.51
0.55
3.13
1.35
1.35
1.33
0.44
0.45
0.38
0.38
0.50
0.51
0.50
0.51
0.46
0.47
0.46
0.47
0.39
0.39
0.38
0.43
0.35
0.35
0.37
0.35
0.51
0.50
0.50
0.50
CorWatt	PkgWatt
20.03	132.03
0.61	132.03
0.47
0.50
0.53
2.65
1.35
1.82
1.33
0.45
0.45
0.39
0.38
0.52
0.51
0.50
0.51
0.47
0.46
0.46
0.47
0.40
0.41
0.40
0.43
0.35
0.37
0.38
0.39
0.51
0.52
0.51
0.51
CorWatt	PkgWatt
19.89	132.01
0.59	132.01
0.47
0.49
0.51
3.15
1.35
1.35
1.33
0.47
0.46
0.39
0.38
0.50
0.51
0.50
0.51
0.47
0.48
0.46
0.47
0.39
0.39
0.39
0.43
0.35
0.36
0.37
0.35
0.51
0.51
0.50
0.51
CorWatt	PkgWatt
19.11	131.25
0.60	131.25
0.48
0.49
0.53
1.65
1.19
2.20
1.18
0.46
0.46
0.40
0.39
0.52
0.52
0.52
0.53
0.46
0.47
0.47
0.47
0.40
0.39
0.39
0.43
0.37
0.37
0.40
0.36
0.52
0.51
0.51
0.50
CorWatt	PkgWatt
19.90	134.75
0.70	134.77
0.57
0.55
3.20
0.60
0.58
0.60
1.12
0.51
0.52
0.45
0.44
0.57
0.57
0.57
0.58
0.53
0.52
0.49
0.50
0.46
0.47
0.44
0.49
0.40
0.40
0.42
0.40
0.56
0.56
0.55
0.58
CorWatt	PkgWatt
20.18	138.61
0.59	138.59
0.49
0.46
5.74
0.50
0.54
0.53
0.60
0.41
0.46
0.41
0.38
0.52
0.51
0.52
0.53
0.44
0.46
0.46
0.46
0.41
0.41
0.39
0.47
0.36
0.36
0.38
0.35
0.52
0.52
0.51
0.50
CorWatt	PkgWatt
20.04	138.67
0.59	138.67
0.49
0.46
5.74
0.51
0.51
0.53
0.61
0.43
0.46
0.40
0.38
0.52
0.52
0.53
0.54
0.44
0.47
0.44
0.45
0.39
0.38
0.38
0.41
0.35
0.36
0.38
0.35
0.51
0.51
0.50
0.51
CorWatt	PkgWatt
20.42	138.76
0.61	138.76
0.51
0.48
5.73
0.51
0.50
0.52
0.58
0.46
0.46
0.46
0.40
0.52
0.53
0.51
0.52
0.46
0.47
0.48
0.48
0.39
0.41
0.39
0.41
0.38
0.39
0.41
0.41
0.52
0.51
0.51
0.51
CorWatt	PkgWatt
20.04	138.58
0.57	138.58
0.48
0.46
5.74
0.50
0.50
0.52
0.59
0.46
0.46
0.39
0.38
0.50
0.51
0.50
0.52
0.44
0.47
0.44
0.46
0.38
0.39
0.38
0.41
0.38
0.37
0.41
0.37
0.53
0.52
0.52
0.52
CorWatt	PkgWatt
20.07	138.73
0.59	138.73
0.48
0.47
5.73
0.51
0.52
0.52
0.60
0.46
0.45
0.41
0.38
0.51
0.51
0.50
0.52
0.46
0.47
0.47
0.47
0.38
0.38
0.38
0.40
0.36
0.37
0.39
0.35
0.51
0.50
0.51
0.50
CorWatt	PkgWatt
20.05	138.51
0.59	138.51
0.46
0.46
5.73
0.49
0.50
0.52
0.59
0.46
0.46
0.39
0.40
0.50
0.51
0.52
0.52
0.44
0.47
0.45
0.46
0.38
0.39
0.40
0.41
0.36
0.37
0.41
0.35
0.51
0.50
0.52
0.53
CorWatt	PkgWatt
19.96	138.53
0.59	138.53
0.45
0.46
5.73
0.50
0.50
0.49
0.57
0.47
0.45
0.39
0.38
0.51
0.52
0.50
0.52
0.44
0.46
0.45
0.46
0.39
0.39
0.38
0.41
0.37
0.36
0.39
0.35
0.52
0.51
0.51
0.51
CorWatt	PkgWatt
20.36	138.99
0.61	138.99
0.51
0.50
5.73
0.52
0.51
0.51
0.60
0.48
0.46
0.41
0.40
0.55
0.52
0.51
0.53
0.46
0.48
0.46
0.46
0.39
0.40
0.39
0.41
0.37
0.37
0.39
0.36
0.53
0.51
0.51
0.52
CorWatt	PkgWatt
20.06	138.79
0.57	138.79
0.49
0.47
5.73
0.50
0.51
0.49
0.59
0.45
0.45
0.39
0.38
0.51
0.53
0.50
0.52
0.44
0.47
0.47
0.48
0.38
0.38
0.38
0.41
0.38
0.38
0.39
0.41
0.51
0.50
0.50
0.51
CorWatt	PkgWatt
19.89	138.66
0.57	138.66
0.48
0.47
5.73
0.50
0.50
0.50
0.60
0.46
0.45
0.39
0.38
0.50
0.51
0.50
0.52
0.44
0.47
0.44
0.46
0.38
0.38
0.38
0.41
0.36
0.36
0.38
0.35
0.51
0.51
0.50
0.51
CorWatt	PkgWatt
20.18	138.93
0.60	138.93
0.48
0.47
5.73
0.51
0.51
0.49
0.59
0.46
0.45
0.40
0.38
0.51
0.52
0.52
0.52
0.44
0.47
0.48
0.47
0.39
0.39
0.38
0.42
0.38
0.38
0.41
0.35
0.52
0.53
0.51
0.51
CorWatt	PkgWatt
19.99	138.89
0.59	138.89
0.45
0.46
5.74
0.50
0.51
0.51
0.59
0.45
0.45
0.38
0.39
0.50
0.51
0.52
0.52
0.44
0.48
0.44
0.48
0.38
0.39
0.38
0.41
0.36
0.38
0.40
0.37
0.51
0.50
0.50
0.51
CorWatt	PkgWatt
20.49	139.19
0.61	139.19
0.47
0.49
5.73
0.50
0.51
0.49
0.58
0.47
0.46
0.45
0.39
0.52
0.51
0.50
0.52
0.44
0.47
0.46
0.46
0.41
0.40
0.41
0.44
0.40
0.42
0.40
0.37
0.53
0.56
0.55
0.55
CorWatt	PkgWatt
20.36	139.01
0.59	139.02
0.46
0.47
5.73
0.51
0.54
0.50
0.60
0.41
0.50
0.41
0.43
0.56
0.51
0.50
0.54
0.47
0.49
0.49
0.46
0.39
0.39
0.41
0.43
0.37
0.37
0.39
0.36
0.52
0.53
0.51
0.52
CorWatt	PkgWatt
20.41	139.03
0.58	139.02
0.46
0.49
5.73
0.51
0.56
0.49
0.59
0.40
0.50
0.41
0.42
0.56
0.54
0.53
0.57
0.44
0.46
0.49
0.46
0.39
0.38
0.38
0.41
0.38
0.37
0.40
0.41
0.53
0.54
0.51
0.52
CorWatt	PkgWatt
20.20	139.01
0.59	139.01
0.47
0.48
5.75
0.50
0.57
0.50
0.60
0.43
0.51
0.42
0.38
0.54
0.52
0.50
0.53
0.44
0.47
0.49
0.45
0.38
0.39
0.38
0.41
0.36
0.36
0.40
0.36
0.52
0.53
0.50
0.52
CorWatt	PkgWatt
19.34	134.15
0.61	134.16
0.70
0.53
2.50
0.58
0.74
0.61
0.67
0.48
0.52
0.43
0.42
0.55
0.55
0.56
0.56
0.50
0.52
0.54
0.51
0.47
0.48
0.47
0.51
0.42
0.42
0.46
0.42
0.58
0.90
0.57
0.57
CorWatt	PkgWatt
18.22	131.18
0.73	131.17
0.59
0.47
0.49
0.61
3.10
0.62
0.55
0.42
0.45
0.40
0.40
0.52
0.53
0.51
0.53
0.48
0.50
0.52
0.50
0.41
0.41
0.41
0.47
0.37
0.38
0.40
0.36
0.53
0.53
0.52
0.53
CorWatt	PkgWatt
18.11	131.05
3.15	131.05
0.61
0.52
0.50
0.57
0.57
0.58
0.49
0.42
0.47
0.44
0.39
0.58
0.57
0.52
0.55
0.46
0.49
0.50
0.52
0.40
0.40
0.41
0.43
0.38
0.37
0.40
0.37
0.52
0.52
0.51
0.52
CorWatt	PkgWatt
17.71	130.80
3.15	130.80
0.62
0.51
0.49
0.57
0.56
0.52
0.54
0.40
0.45
0.39
0.38
0.53
0.51
0.50
0.52
0.45
0.50
0.49
0.53
0.40
0.39
0.38
0.43
0.36
0.36
0.39
0.35
0.51
0.51
0.50
0.51
CorWatt	PkgWatt
17.64	130.62
3.14	130.62
0.61
0.49
0.48
0.56
0.54
0.50
0.54
0.41
0.44
0.39
0.38
0.51
0.51
0.50
0.52
0.45
0.48
0.50
0.52
0.40
0.39
0.38
0.43
0.36
0.36
0.42
0.37
0.51
0.51
0.50
0.52
CorWatt	PkgWatt
17.68	130.66
3.14	130.66
0.60
0.49
0.47
0.55
0.54
0.53
0.56
0.42
0.43
0.42
0.42
0.50
0.51
0.50
0.51
0.45
0.48
0.49
0.52
0.40
0.39
0.41
0.45
0.36
0.36
0.37
0.35
0.51
0.51
0.50
0.51
CorWatt	PkgWatt
18.11	131.00
3.15	131.00
0.61
0.51
0.52
0.58
0.54
0.57
0.51
0.42
0.44
0.45
0.40
0.51
0.52
0.50
0.52
0.48
0.49
0.50
0.51
0.41
0.40
0.40
0.44
0.40
0.39
0.38
0.36
0.57
0.54
0.56
0.54
CorWatt	PkgWatt
17.60	130.58
3.14	130.57
0.60
0.51
0.47
0.55
0.54
0.54
0.52
0.41
0.43
0.39
0.38
0.51
0.51
0.50
0.52
0.52
0.48
0.50
0.47
0.41
0.41
0.38
0.43
0.36
0.36
0.37
0.35
0.52
0.51
0.50
0.51
CorWatt	PkgWatt
17.61	130.55
3.14	130.56
0.60
0.51
0.47
0.55
0.53
0.49
0.55
0.41
0.44
0.40
0.38
0.52
0.52
0.50
0.52
0.52
0.49
0.49
0.49
0.40
0.40
0.38
0.42
0.36
0.36
0.37
0.35
0.51
0.51
0.50
0.51
CorWatt	PkgWatt
17.68	130.60
3.14	130.60
0.61
0.52
0.49
0.55
0.54
0.56
0.50
0.41
0.44
0.39
0.38
0.51
0.51
0.52
0.52
0.50
0.49
0.49
0.47
0.39
0.39
0.40
0.44
0.36
0.36
0.37
0.35
0.51
0.53
0.52
0.51
CorWatt	PkgWatt
17.93	130.91
3.15	130.90
0.60
0.51
0.51
0.55
0.54
0.58
0.51
0.42
0.44
0.40
0.39
0.52
0.53
0.51
0.53
0.52
0.48
0.49
0.48
0.40
0.41
0.41
0.44
0.37
0.39
0.40
0.38
0.52
0.53
0.52
0.51
CorWatt	PkgWatt
17.65	130.59
2.22	130.59
1.53
0.53
0.48
0.55
0.54
0.57
0.49
0.40
0.44
0.40
0.38
0.50
0.51
0.50
0.52
0.52
0.49
0.50
0.48
0.40
0.39
0.38
0.43
0.36
0.37
0.38
0.35
0.51
0.51
0.50
0.52
CorWatt	PkgWatt
17.67	130.52
0.57	130.52
3.12
0.62
0.50
0.55
0.53
0.55
0.50
0.42
0.45
0.41
0.38
0.51
0.51
0.50
0.52
0.50
0.47
0.49
0.47
0.40
0.39
0.38
0.43
0.36
0.36
0.37
0.35
0.51
0.51
0.50
0.51
CorWatt	PkgWatt
17.61	130.55
0.58	130.55
3.12
0.60
0.47
0.55
0.54
0.56
0.50
0.42
0.44
0.41
0.38
0.50
0.51
0.50
0.52
0.50
0.49
0.49
0.48
0.39
0.39
0.38
0.43
0.36
0.36
0.36
0.35
0.51
0.51
0.50
0.51
CorWatt	PkgWatt
18.19	131.03
0.56	131.03
3.13
0.61
0.51
0.59
0.57
0.56
0.51
0.41
0.46
0.42
0.39
0.53
0.53
0.57
0.54
0.50
0.48
0.50
0.48
0.42
0.45
0.42
0.52
0.37
0.38
0.39
0.35
0.52
0.51
0.51
0.51
CorWatt	PkgWatt
17.85	130.75
0.55	130.75
3.12
0.60
0.54
0.57
0.55
0.51
0.51
0.44
0.45
0.39
0.38
0.51
0.52
0.56
0.54
0.49
0.48
0.49
0.47
0.42
0.40
0.41
0.45
0.36
0.36
0.39
0.37
0.52
0.52
0.50
0.51
CorWatt	PkgWatt
17.80	130.60
0.55	130.60
3.12
0.60
0.53
0.55
0.54
0.50
0.49
0.42
0.46
0.45
0.39
0.50
0.51
0.50
0.52
0.50
0.48
0.51
0.48
0.40
0.41
0.42
0.42
0.37
0.37
0.39
0.37
0.52
0.51
0.50
0.51
CorWatt	PkgWatt
17.69	130.52
0.55	130.52
3.12
0.60
0.51
0.56
0.53
0.51
0.49
0.43
0.45
0.39
0.38
0.51
0.51
0.50
0.52
0.49
0.48
0.50
0.47
0.39
0.39
0.39
0.42
0.38
0.37
0.41
0.36
0.53
0.51
0.52
0.53
CorWatt	PkgWatt
18.59	130.75
0.81	130.78
0.61
0.62
0.54
0.92
0.74
0.68
0.89
0.57
0.52
0.48
0.47
0.59
0.58
0.57
0.92
0.55
0.55
0.57
0.53
0.46
0.46
0.47
0.50
0.41
0.42
0.45
0.40
0.57
0.58
0.56
0.57
CorWatt	PkgWatt
16.65	129.02
0.60	129.01
0.45
0.56
0.45
1.30
0.80
0.77
0.88
0.49
0.44
0.39
0.39
0.50
0.51
0.52
0.52
0.45
0.48
0.50
0.47
0.40
0.40
0.40
0.42
0.35
0.38
0.40
0.36
0.51
0.51
0.52
0.53
CorWatt	PkgWatt
16.54	128.76
0.59	128.75
0.44
0.52
0.50
1.38
0.81
0.76
0.78
0.48
0.44
0.39
0.39
0.51
0.51
0.50
0.52
0.45
0.48
0.49
0.48
0.40
0.39
0.38
0.43
0.37
0.35
0.39
0.35
0.51
0.51
0.50
0.51
CorWatt	PkgWatt
16.60	128.80
0.61	128.80
0.47
0.55
0.51
0.78
0.81
0.77
1.39
0.46
0.44
0.40
0.38
0.50
0.51
0.50
0.51
0.45
0.49
0.50
0.49
0.39
0.38
0.38
0.42
0.36
0.35
0.39
0.38
0.51
0.51
0.50
0.51
CorWatt	PkgWatt
16.89	129.24
0.60	129.24
0.47
0.55
0.51
0.77
0.80
0.77
1.40
0.44
0.44
0.39
0.40
0.52
0.52
0.51
0.52
0.47
0.49
0.52
0.56
0.42
0.40
0.39
0.42
0.39
0.38
0.39
0.38
0.52
0.51
0.51
0.52
CorWatt	PkgWatt
17.17	129.38
0.59	129.38
0.44
0.52
0.49
0.86
0.89
0.88
1.76
0.42
0.43
0.44
0.39
0.51
0.51
0.50
0.52
0.45
0.48
0.49
0.52
0.39
0.39
0.38
0.42
0.36
0.35
0.38
0.35
0.51
0.51
0.50
0.51
CorWatt	PkgWatt
19.58	131.46
0.59	131.46
0.45
0.52
0.46
3.21
1.19
1.18
1.18
0.39
0.43
0.43
0.38
0.51
0.52
0.51
0.51
0.45
0.48
0.50
0.53
0.40
0.39
0.38
0.42
0.38
0.37
0.41
0.35
0.51
0.53
0.50
0.50
CorWatt	PkgWatt
19.73	131.89
0.60	131.89
0.44
0.52
0.44
1.23
1.23
1.23
3.19
0.41
0.43
0.39
0.39
0.50
0.51
0.53
0.52
0.45
0.50
0.49
0.53
0.39
0.39
0.38
0.43
0.36
0.38
0.40
0.37
0.52
0.53
0.51
0.52
CorWatt	PkgWatt
20.08	131.95
0.63	131.96
0.47
0.54
0.46
2.10
1.24
1.22
2.33
0.41
0.44
0.43
0.40
0.51
0.52
0.50
0.52
0.47
0.50
0.50
0.52
0.43
0.39
0.41
0.46
0.37
0.39
0.39
0.36
0.53
0.56
0.54
0.54
CorWatt	PkgWatt
19.66	131.62
0.60	131.61
0.44
0.53
0.45
3.20
1.24
1.23
1.23
0.40
0.44
0.39
0.38
0.50
0.51
0.50
0.52
0.47
0.50
0.51
0.53
0.40
0.39
0.39
0.43
0.35
0.35
0.38
0.35
0.51
0.52
0.50
0.51
CorWatt	PkgWatt
19.95	131.87
0.61	131.88
0.46
0.53
0.45
3.20
1.24
1.23
1.23
0.42
0.47
0.42
0.39
0.54
0.54
0.55
0.56
0.45
0.47
0.50
0.51
0.40
0.40
0.39
0.43
0.36
0.35
0.39
0.37
0.52
0.53
0.50
0.52
CorWatt	PkgWatt
19.63	131.83
0.61	131.83
0.50
0.54
0.45
1.20
1.20
1.19
3.20
0.41
0.46
0.42
0.38
0.51
0.51
0.50
0.53
0.45
0.48
0.50
0.52
0.39
0.39
0.40
0.45
0.35
0.35
0.38
0.35
0.51
0.51
0.50
0.51
CorWatt	PkgWatt
19.82	131.72
0.60	131.72
0.52
0.54
0.46
3.20
1.24
1.23
1.23
0.43
0.44
0.39
0.39
0.52
0.52
0.50
0.52
0.46
0.47
0.50
0.52
0.40
0.39
0.39
0.44
0.36
0.36
0.39
0.36
0.52
0.51
0.51
0.51
CorWatt	PkgWatt
19.71	131.84
0.60	131.83
0.52
0.52
0.48
2.24
1.24
1.23
2.18
0.40
0.43
0.39
0.38
0.50
0.52
0.50
0.52
0.45
0.48
0.50
0.53
0.39
0.39
0.39
0.44
0.35
0.36
0.39
0.36
0.51
0.51
0.50
0.50
CorWatt	PkgWatt
19.97	131.95
0.61	131.97
0.51
0.53
0.47
1.23
1.24
2.12
2.30
0.43
0.45
0.42
0.38
0.57
0.56
0.51
0.54
0.46
0.48
0.50
0.52
0.40
0.39
0.39
0.44
0.37
0.36
0.38
0.36
0.52
0.52
0.51
0.50
CorWatt	PkgWatt
19.65	131.79
0.58	131.79
0.55
0.53
0.44
1.21
1.22
1.21
3.19
0.42
0.43
0.39
0.38
0.51
0.51
0.50
0.53
0.45
0.50
0.49
0.52
0.40
0.39
0.38
0.43
0.35
0.35
0.37
0.35
0.51
0.52
0.50
0.51
CorWatt	PkgWatt
19.75	131.88
0.52	131.88
0.60
0.52
0.46
1.82
1.22
1.21
2.60
0.40
0.45
0.40
0.38
0.51
0.52
0.50
0.53
0.46
0.48
0.50
0.51
0.41
0.40
0.39
0.46
0.36
0.35
0.39
0.38
0.52
0.51
0.50
0.51
CorWatt	PkgWatt
19.30	131.12
0.60	131.15
0.62
0.58
0.49
1.92
0.90
0.88
0.93
0.47
0.52
0.51
0.48
0.55
0.56
0.54
0.58
0.56
0.58
0.61
0.69
0.49
0.50
0.49
0.56
0.35
0.36
0.43
0.36
0.54
0.57
0.53
0.55
