CorWatt	PkgWatt
15.26	128.15
0.54	128.14
0.55
0.49
0.47
0.54
0.53
0.53
0.51
0.43
0.48
0.41
0.45
0.52
0.52
0.57
0.54
0.52
0.48
0.46
0.49
0.41
0.40
0.39
0.41
0.38
0.37
0.38
0.38
0.53
0.53
0.53
0.52
CorWatt	PkgWatt
14.93	127.46
0.51	127.68
0.51
0.46
0.45
0.54
0.56
0.50
0.50
0.39
0.46
0.38
0.43
0.51
0.52
0.58
0.54
0.49
0.47
0.45
0.49
0.41
0.40
0.39
0.41
0.37
0.37
0.39
0.37
0.53
0.53
0.54
0.51
CorWatt	PkgWatt
68.66	183.05
0.87	182.84
2.14
2.18
2.15
2.27
2.28
2.24
2.20
2.21
2.14
2.16
2.21
2.32
3.82
2.35
2.36
2.17
2.14
2.00
1.99
2.10
2.07
1.93
1.87
2.05
2.05
1.84
1.89
2.23
2.23
2.06
2.08
