CorWatt	PkgWatt
15.39	127.23
0.60	127.23
0.46
0.49
0.49
0.52
0.56
0.51
0.50
0.41
0.45
0.50
0.43
0.52
0.53
0.58
0.52
0.47
0.52
0.49
0.50
0.44
0.41
0.40
0.41
0.39
0.38
0.38
0.37
0.53
0.55
0.54
0.55
CorWatt	PkgWatt
14.52	126.57
0.54	126.65
0.49
0.48
0.44
0.50
0.49
0.48
0.48
0.39
0.43
0.38
0.37
0.50
0.51
0.57
0.51
0.45
0.51
0.46
0.48
0.39
0.42
0.39
0.39
0.36
0.35
0.37
0.36
0.51
0.52
0.50
0.53
CorWatt	PkgWatt
62.05	175.19
1.00	175.23
1.91
1.98
1.92
1.97
1.96
1.97
2.14
1.92
1.88
1.82
1.81
1.97
2.01
1.98
1.99
1.96
1.99
1.86
3.22
1.87
1.86
1.80
1.70
1.95
1.92
1.76
1.79
2.14
2.08
1.97
1.91
CorWatt	PkgWatt
49.50	163.88
0.71	163.81
1.58
1.62
1.59
1.63
1.65
1.62
1.58
1.52
1.53
1.51
1.50
1.65
1.62
1.68
1.64
1.59
1.58
1.47
2.22
1.51
1.51
1.40
1.36
1.50
1.47
1.35
1.37
1.74
1.70
1.55
1.55
