CorWatt	PkgWatt
5.87	158.95
0.11	78.80
0.11
0.11
0.10
0.10
0.10
0.10
0.10
0.09
0.09
0.09
0.09
0.09
0.09
0.09
0.09
0.10
0.10
0.10
0.10
0.11
0.10
0.10
0.10
0.09
0.09
0.09
0.09
0.09
0.09
0.09
0.09
0.09	78.78
0.09
0.09
0.09
0.10
0.09
0.09
0.09
0.08
0.08
0.08
0.08
0.08
0.08
0.08
0.08
0.09
0.09
0.09
0.09
0.09
0.09
0.09
0.09
0.09
0.09
0.09
0.09
0.08
0.08
0.09
0.08
CorWatt	PkgWatt
6.13	155.20
0.11	77.33
0.10
0.11
0.10
0.10
0.09
0.09
0.09
0.09
0.09
0.09
0.09
0.09
0.09
0.09
0.09
0.10
0.09
0.09
0.10
0.11
0.10
0.10
0.10
0.09
0.09
0.09
0.09
0.09
0.09
0.09
0.09
0.12	77.82
0.10
0.09
0.09
0.18
0.10
0.09
0.09
0.09
0.08
0.11
0.09
0.09
0.08
0.08
0.09
0.09
0.11
0.09
0.09
0.11
0.10
0.09
0.10
0.11
0.10
0.09
0.10
0.11
0.09
0.09
0.08
