CorWatt	PkgWatt
15.19	127.33
0.52	127.33
0.45
0.51
0.46
0.53
0.50
0.50
0.49
0.41
0.45
0.40
0.42
0.58
0.55
0.54
0.55
0.51
0.48
0.48
0.50
0.44
0.43
0.42
0.44
0.43
0.37
0.37
0.39
0.52
0.53
0.53
0.51
CorWatt	PkgWatt
15.42	127.05
0.55	127.66
0.46
0.48
0.44
0.57
0.52
0.55
0.52
0.46
0.51
0.44
0.47
0.59
0.55
0.51
0.55
0.47
0.49
0.46
0.46
0.39
0.44
0.42
0.41
0.40
0.42
0.43
0.40
0.53
0.51
0.53
0.54
CorWatt	PkgWatt
17.47	129.96
0.63	129.38
0.62
0.56
0.55
0.59
0.69
0.60
0.65
0.45
0.57
0.43
0.41
0.68
0.62
0.63
0.63
0.62
0.52
0.49
0.53
0.44
0.52
0.41
0.45
0.48
0.45
0.49
0.45
0.68
0.53
0.54
0.51
CorWatt	PkgWatt
16.29	128.47
0.59	128.28
0.64
0.58
0.56
0.53
0.60
0.57
0.52
0.50
0.45
0.41
0.43
0.54
0.55
0.53
0.57
0.48
0.49
0.49
0.51
0.42
0.42
0.48
0.42
0.43
0.39
0.53
0.43
0.60
0.54
0.54
0.55
