CorWatt	PkgWatt
5.01	154.24
0.10	76.07
0.08
0.10
0.08
0.08
0.08
0.08
0.08
0.07
0.07
0.07
0.07
0.07
0.07
0.06
0.07
0.08
0.08
0.08
0.08
0.10
0.08
0.10
0.08
0.08
0.08
0.08
0.08
0.07
0.07
0.07
0.07
0.08	76.95
0.08
0.08
0.08
0.08
0.08
0.08
0.08
0.07
0.07
0.07
0.08
0.07
0.07
0.07
0.07
0.08
0.08
0.08
0.09
0.08
0.08
0.08
0.08
0.08
0.09
0.08
0.08
0.07
0.07
0.07
0.08
CorWatt	PkgWatt
5.36	152.78
0.09	76.30
0.09
0.08
0.10
0.10
0.09
0.08
0.08
0.08
0.07
0.08
0.09
0.08
0.07
0.07
0.16
0.09
0.09
0.08
0.10
0.09
0.11
0.10
0.08
0.10
0.08
0.08
0.10
0.07
0.09
0.07
0.07
0.08	76.45
0.09
0.08
0.08
0.08
0.08
0.08
0.08
0.07
0.07
0.07
0.08
0.07
0.07
0.07
0.07
0.08
0.08
0.08
0.08
0.08
0.08
0.08
0.08
0.08
0.09
0.09
0.08
0.08
0.08
0.08
0.09
CorWatt	PkgWatt
13.56	180.30
0.25	87.54
0.15
0.20
0.18
0.13
0.13
0.15
0.13
0.13
0.11
0.12
0.14
0.12
0.13
0.10
0.12
0.18
0.16
0.14
0.14
0.14
0.15
0.23
0.18
0.17
0.13
0.14
0.13
0.12
0.16
0.11
0.11
0.24	92.79
2.08
0.24
0.24
0.23
0.20
0.19
0.23
0.22
0.21
0.18
0.18
0.22
0.27
0.15
0.17
0.21
0.25
0.21
0.25
0.20
0.22
0.24
0.19
0.22
0.33
0.27
0.21
0.25
0.19
0.17
0.19
