CorWatt	PkgWatt
15.09	127.27
0.51	127.27
0.45
0.52
0.46
0.54
0.57
0.57
0.53
0.39
0.45
0.40
0.38
0.50
0.52
0.49
0.51
0.48
0.49
0.50
0.48
0.42
0.41
0.40
0.42
0.36
0.35
0.38
0.36
0.55
0.53
0.62
0.57
CorWatt	PkgWatt
14.89	126.60
0.50	127.23
0.45
0.53
0.47
0.53
0.60
0.52
0.53
0.39
0.43
0.41
0.38
0.51
0.51
0.50
0.53
0.46
0.49
0.47
0.49
0.41
0.40
0.40
0.44
0.36
0.35
0.38
0.37
0.54
0.53
0.52
0.55
CorWatt	PkgWatt
18.25	130.92
0.56	130.29
0.48
0.60
0.49
0.71
0.62
0.63
0.64
0.51
0.55
0.50
0.46
0.60
0.61
0.58
0.61
0.62
0.67
0.65
0.59
0.55
0.55
0.58
0.55
0.44
0.44
0.45
0.47
0.62
0.63
0.63
0.59
CorWatt	PkgWatt
16.31	128.54
0.55	128.32
0.49
0.54
0.48
0.54
0.54
0.57
0.53
0.48
0.48
0.45
0.42
0.55
0.55
0.58
0.55
0.49
0.51
0.56
0.51
0.48
0.43
0.62
0.51
0.40
0.41
0.41
0.40
0.57
0.55
0.58
0.57
