CorWatt	PkgWatt
14.98	127.42
0.51	127.42
0.43
0.45
0.44
0.50
0.49
0.55
0.51
0.45
0.47
0.43
0.47
0.53
0.53
0.52
0.52
0.45
0.49
0.49
0.49
0.43
0.41
0.38
0.39
0.38
0.37
0.41
0.38
0.53
0.51
0.55
0.52
CorWatt	PkgWatt
16.03	127.85
0.53	128.05
0.50
0.50
0.48
0.56
0.55
0.55
0.53
0.42
0.53
0.41
0.49
0.60
0.57
0.53
0.55
0.50
0.51
0.47
0.52
0.46
0.45
0.43
0.43
0.41
0.44
0.41
0.45
0.59
0.55
0.54
0.58
CorWatt	PkgWatt
18.20	130.51
0.68	130.35
0.57
0.65
0.59
0.78
0.74
0.72
0.69
0.51
0.62
0.50
0.53
0.59
0.57
0.53
0.62
0.56
0.52
0.56
0.56
0.48
0.52
0.45
0.39
0.51
0.44
0.44
0.51
0.63
0.58
0.57
0.58
CorWatt	PkgWatt
15.14	127.49
0.50	127.46
0.44
0.49
0.45
0.67
0.59
0.55
0.53
0.44
0.50
0.42
0.46
0.50
0.53
0.50
0.54
0.46
0.47
0.46
0.47
0.43
0.40
0.38
0.38
0.36
0.38
0.36
0.40
0.54
0.50
0.51
0.50
CorWatt	PkgWatt
14.77	126.96
0.51	126.96
0.43
0.45
0.44
0.64
0.53
0.51
0.52
0.39
0.52
0.37
0.45
0.54
0.50
0.50
0.54
0.45
0.46
0.45
0.47
0.43
0.39
0.38
0.40
0.36
0.37
0.39
0.37
0.51
0.50
0.51
0.50
CorWatt	PkgWatt
15.03	127.23
0.51	127.23
0.46
0.47
0.44
0.60
0.55
0.54
0.52
0.43
0.51
0.44
0.46
0.53
0.50
0.49
0.51
0.45
0.47
0.45
0.46
0.43
0.39
0.38
0.38
0.36
0.38
0.39
0.40
0.53
0.50
0.56
0.53
CorWatt	PkgWatt
14.70	126.88
0.49	126.87
0.44
0.46
0.42
0.61
0.53
0.51
0.52
0.38
0.48
0.44
0.42
0.53
0.50
0.48
0.55
0.45
0.47
0.49
0.45
0.42
0.38
0.38
0.38
0.35
0.37
0.40
0.37
0.51
0.50
0.52
0.50
CorWatt	PkgWatt
15.52	127.65
0.48	127.61
0.46
0.46
0.46
0.64
0.58
0.55
0.52
0.45
0.49
0.46
0.40
0.60
0.56
0.52
0.53
0.46
0.53
0.51
0.48
0.44
0.40
0.40
0.40
0.38
0.40
0.43
0.42
0.54
0.52
0.54
0.53
