CorWatt	PkgWatt
15.37	128.01
0.54	128.02
0.49
0.47
0.47
0.57
0.56
0.52
0.53
0.46
0.47
0.41
0.42
0.54
0.56
0.51
0.54
0.47
0.51
0.49
0.51
0.44
0.44
0.40
0.40
0.38
0.38
0.39
0.37
0.53
0.53
0.55
0.52
CorWatt	PkgWatt
14.84	127.08
0.51	127.53
0.50
0.46
0.45
0.51
0.54
0.49
0.50
0.45
0.45
0.44
0.38
0.52
0.53
0.50
0.52
0.46
0.47
0.48
0.49
0.39
0.46
0.38
0.41
0.36
0.36
0.37
0.41
0.54
0.51
0.52
0.50
CorWatt	PkgWatt
69.25	183.76
0.89	183.19
2.20
2.22
2.19
2.28
2.27
2.23
2.23
2.11
2.11
2.12
2.13
2.28
3.71
2.45
2.31
2.18
2.14
2.01
2.07
2.10
2.14
1.97
1.91
2.11
2.04
1.89
1.93
2.36
2.28
2.18
2.10
