CorWatt	PkgWatt
4.73	154.82
0.09	77.61
0.09
0.10
0.09
0.08
0.09
0.08
0.08
0.07
0.07
0.07
0.07
0.07
0.07
0.07
0.07
0.09
0.08
0.08
0.08
0.10
0.08
0.08
0.08
0.08
0.08
0.08
0.08
0.07
0.07
0.07
0.07
0.07	77.21
0.07
0.07
0.07
0.07
0.07
0.07
0.07
0.07
0.07
0.06
0.08
0.06
0.06
0.06
0.06
0.07
0.07
0.08
0.07
0.07
0.07
0.07
0.07
0.08
0.07
0.07
0.07
0.06
0.06
0.06
0.07
CorWatt	PkgWatt
4.66	151.21
0.10	75.94
0.08
0.09
0.08
0.10
0.09
0.08
0.08
0.07
0.07
0.23
0.08
0.08
0.07
0.07
0.08
0.09
0.09
0.08
0.08
0.09
0.08
0.09
0.08
0.09
0.08
0.07
0.07
0.07
0.07
0.08
0.07
0.06	75.29
0.06
0.06
0.06
0.06
0.06
0.06
0.06
0.06
0.06
0.06
0.06
0.06
0.06
0.06
0.06
0.06
0.06
0.06
0.07
0.07
0.07
0.07
0.07
0.07
0.06
0.06
0.06
0.06
0.06
0.06
0.06
CorWatt	PkgWatt
7.16	162.08
0.14	81.38
0.11
0.14
0.13
0.12
0.11
0.13
0.10
0.08
0.08
0.08
0.12
0.11
0.16
0.10
0.12
0.13
0.15
0.12
0.18
0.14
0.11
0.10
0.11
0.17
0.14
0.11
0.10
0.09
0.08
0.10
0.11
0.10	80.79
0.10
0.09
0.13
0.10
0.10
0.09
0.11
0.14
0.09
0.09
0.10
0.09
0.11
0.15
0.14
0.16
0.09
0.08
0.12
0.15
0.12
0.09
0.13
0.10
0.08
0.08
0.10
0.09
0.08
0.09
0.13
CorWatt	PkgWatt
4.57	151.56
0.09	75.91
0.08
0.09
0.08
0.08
0.08
0.08
0.08
0.07
0.07
0.07
0.07
0.07
0.07
0.07
0.07
0.08
0.08
0.08
0.09
0.09
0.08
0.08
0.08
0.08
0.08
0.08
0.07
0.07
0.07
0.07
0.07
0.07	75.62
0.07
0.07
0.06
0.07
0.07
0.06
0.06
0.07
0.06
0.06
0.06
0.06
0.06
0.07
0.06
0.07
0.07
0.06
0.07
0.07
0.07
0.07
0.07
0.07
0.06
0.06
0.07
0.07
0.08
0.07
0.08
CorWatt	PkgWatt
4.80	152.15
0.09	76.19
0.09
0.10
0.09
0.09
0.09
0.09
0.09
0.07
0.07
0.07
0.07
0.08
0.07
0.07
0.07
0.09
0.09
0.09
0.09
0.10
0.08
0.08
0.08
0.09
0.08
0.08
0.08
0.07
0.07
0.07
0.07
0.07	75.71
0.07
0.07
0.07
0.07
0.07
0.07
0.07
0.06
0.06
0.06
0.06
0.06
0.06
0.06
0.06
0.07
0.07
0.07
0.08
0.07
0.07
0.07
0.07
0.08
0.07
0.07
0.07
0.07
0.07
0.07
0.08
