CorWatt	PkgWatt
14.98	129.80
0.55	127.29
0.44
0.47
0.51
0.49
0.52
0.51
0.49
0.39
0.50
0.44
0.47
0.51
0.50
0.53
0.53
0.49
0.46
0.47
0.46
0.38
0.40
0.39
0.41
0.37
0.37
0.37
0.39
0.53
0.56
0.53
0.53
CorWatt	PkgWatt
15.16	126.83
0.53	127.34
0.44
0.45
0.45
0.51
0.52
0.49
0.51
0.39
0.49
0.41
0.45
0.53
0.51
0.55
0.54
0.51
0.49
0.47
0.47
0.41
0.46
0.39
0.44
0.37
0.39
0.43
0.40
0.55
0.55
0.59
0.55
CorWatt	PkgWatt
18.20	129.92
0.59	129.44
0.55
0.55
0.56
0.54
0.58
0.50
0.58
0.60
0.65
0.65
0.65
0.65
0.61
0.62
0.65
0.56
0.59
0.59
0.54
0.47
0.47
0.43
0.52
0.45
0.44
0.45
0.46
0.61
0.68
0.68
0.65
CorWatt	PkgWatt
15.71	127.72
0.53	127.58
0.46
0.47
0.48
0.52
0.53
0.51
0.50
0.44
0.46
0.49
0.57
0.54
0.53
0.53
0.59
0.47
0.52
0.58
0.49
0.41
0.41
0.41
0.46
0.38
0.38
0.39
0.38
0.55
0.55
0.56
0.59
