CorWatt	PkgWatt
4.69	154.76
0.08	76.93
0.08
0.08
0.08
0.07
0.07
0.07
0.07
0.07
0.06
0.06
0.06
0.06
0.06
0.06
0.06
0.07
0.07
0.07
0.07
0.09
0.08
0.08
0.08
0.07
0.07
0.07
0.07
0.06
0.06
0.06
0.06
0.08	77.49
0.08
0.08
0.08
0.08
0.08
0.08
0.08
0.08
0.07
0.07
0.07
0.08
0.07
0.07
0.07
0.08
0.07
0.07
0.07
0.08
0.08
0.08
0.08
0.08
0.08
0.08
0.08
0.07
0.07
0.07
0.07
CorWatt	PkgWatt
4.95	152.42
0.08	75.71
0.08
0.07
0.08
0.07
0.07
0.07
0.07
0.06
0.06
0.07
0.06
0.06
0.06
0.06
0.06
0.07
0.07
0.07
0.07
0.09
0.08
0.08
0.08
0.07
0.07
0.07
0.07
0.06
0.06
0.06
0.06
0.08	76.61
0.08
0.09
0.09
0.10
0.08
0.08
0.08
0.12
0.07
0.07
0.07
0.09
0.07
0.07
0.08
0.08
0.08
0.07
0.09
0.09
0.09
0.09
0.14
0.09
0.08
0.08
0.08
0.08
0.09
0.07
0.08
CorWatt	PkgWatt
14.81	183.05
0.18	88.52
0.14
0.13
0.13
0.13
0.13
0.15
0.16
0.22
0.17
0.11
0.16
0.18
0.19
0.20
0.22
0.17
0.20
0.18
0.20
0.14
0.19
0.15
0.14
0.21
0.12
0.12
0.11
0.11
0.15
0.15
0.11
0.23	94.83
0.23
0.20
0.23
0.28
0.21
0.18
0.29
0.25
0.21
0.17
0.18
0.25
0.31
0.20
0.19
0.20
0.17
0.18
0.27
2.32
0.25
0.32
0.31
0.26
0.35
0.33
0.32
0.20
0.27
0.20
0.23
