CorWatt	PkgWatt
15.47	127.56
0.55	127.55
0.54
0.55
0.51
0.50
0.56
0.50
0.52
0.45
0.45
0.40
0.42
0.52
0.60
0.51
0.53
0.48
0.49
0.47
0.49
0.46
0.43
0.46
0.44
0.38
0.39
0.38
0.38
0.53
0.53
0.53
0.52
CorWatt	PkgWatt
15.98	127.20
0.53	127.86
0.51
0.51
0.49
0.52
0.55
0.55
0.57
0.47
0.50
0.45
0.47
0.54
0.59
0.49
0.54
0.50
0.54
0.51
0.51
0.47
0.45
0.55
0.45
0.39
0.39
0.41
0.40
0.55
0.55
0.54
0.53
CorWatt	PkgWatt
17.62	130.28
0.60	129.65
0.65
0.63
0.60
0.59
0.65
0.63
0.70
0.49
0.49
0.43
0.56
0.74
0.62
0.60
0.61
0.50
0.52
0.50
0.59
0.48
0.47
0.52
0.54
0.39
0.39
0.41
0.48
0.54
0.63
0.51
0.53
CorWatt	PkgWatt
16.48	128.53
0.59	128.37
0.73
0.68
0.55
0.52
0.56
0.54
0.56
0.41
0.46
0.43
0.43
0.57
0.59
0.59
0.57
0.50
0.49
0.48
0.52
0.55
0.43
0.48
0.48
0.38
0.39
0.43
0.38
0.54
0.53
0.54
0.55
