CorWatt	PkgWatt
337.63	596.94
4.61	243.51
4.60
4.36
4.60
4.45
4.53
4.71
4.66
4.36
4.40
4.35
4.48
4.44
4.54
4.62
4.46
4.58
4.65
4.69
4.66
4.72
4.80
4.56
4.73
4.55
4.62
4.64
4.65
4.56
4.42
4.65
4.63
4.52	243.87
4.61
4.63
4.66
4.55
4.71
4.66
4.70
4.55
4.47
4.59
4.54
4.74
4.73
4.62
4.56
4.54
4.58
4.61
4.38
4.68
4.69
4.59
4.43
4.40
4.42
4.63
4.43
4.59
4.71
4.64
4.66
CorWatt	PkgWatt
257.80	408.12
4.70	243.17
4.62
4.43
4.64
4.49
4.61
4.68
4.75
4.37
4.49
4.49
4.50
4.44
4.65
4.47
4.50
4.64
4.68
4.65
4.54
4.74
4.61
4.61
4.67
4.61
4.70
4.73
4.63
4.64
4.45
4.59
4.73
4.53	243.33
4.65
4.49
4.78
4.67
4.76
4.68
4.66
4.45
4.36
4.68
4.50
4.72
4.59
4.62
4.56
4.42
4.28
4.60
4.49
4.70
4.66
4.56
4.47
4.32
4.45
4.69
4.49
4.59
4.71
4.42
4.63
CorWatt	PkgWatt
331.46	580.50
4.54	242.38
4.59
4.69
4.70
4.44
4.41
4.66
4.58
4.33
4.47
4.17
4.56
4.26
4.52
4.41
4.49
4.75
4.62
4.77
4.63
4.71
4.36
4.45
4.56
4.59
4.62
4.64
4.45
4.56
4.46
4.56
4.52
4.44	241.10
4.50
4.41
4.61
4.58
4.56
4.60
4.45
4.49
4.25
4.61
4.43
4.62
4.55
4.56
4.55
4.31
4.17
4.47
4.56
4.48
4.52
4.38
4.32
4.25
4.24
4.47
4.61
4.44
4.64
4.35
4.57
CorWatt	PkgWatt
288.11	482.65
4.40	241.08
4.54
4.55
4.52
4.34
4.30
4.54
4.55
4.58
4.44
4.13
4.54
4.29
4.59
4.49
4.48
4.64
4.52
4.64
4.51
4.65
4.44
4.58
4.69
4.46
4.61
4.51
4.57
4.38
4.45
4.54
4.48
4.68	241.55
4.40
4.45
4.44
4.64
4.66
4.59
4.60
4.45
4.34
4.47
4.53
4.71
4.67
4.65
4.38
4.28
4.28
4.52
4.62
4.61
4.62
4.36
4.51
4.35
4.29
4.47
4.62
4.50
4.64
4.37
4.47
CorWatt	PkgWatt
287.37	481.87
4.53	240.89
4.51
4.62
4.56
4.56
4.34
4.59
4.61
4.44
4.49
4.15
4.49
4.35
4.52
4.44
4.45
4.56
4.64
4.40
4.53
4.63
4.63
4.63
4.50
4.46
4.54
4.54
4.42
4.46
4.54
4.57
4.26
4.77	241.19
4.47
4.41
4.51
4.57
4.64
4.71
4.69
4.49
4.29
4.59
4.41
4.62
4.49
4.41
4.41
4.39
4.25
4.33
4.60
4.41
4.50
4.47
4.47
4.52
4.32
4.15
4.50
4.56
4.66
4.40
4.45
CorWatt	PkgWatt
288.27	483.25
4.56	241.79
4.65
4.59
4.51
4.63
4.30
4.70
4.62
4.49
4.43
4.19
4.49
4.52
4.45
4.37
4.54
4.56
4.58
4.35
4.46
4.74
4.73
4.61
4.67
4.32
4.35
4.67
4.49
4.52
4.64
4.62
4.49
4.67	241.27
4.41
4.39
4.58
4.62
4.72
4.65
4.68
4.63
4.32
4.62
4.49
4.65
4.46
4.37
4.55
4.32
4.24
4.36
4.50
4.40
4.54
4.56
4.41
4.39
4.32
4.38
4.36
4.57
4.53
4.31
4.37
CorWatt	PkgWatt
284.63	479.68
4.36	238.76
4.52
4.57
4.45
4.39
4.34
4.52
4.44
4.45
4.23
4.12
4.40
4.48
4.32
4.32
4.50
4.44
4.50
4.48
4.49
4.44
4.69
4.44
4.53
4.25
4.28
4.45
4.49
4.49
4.58
4.61
4.32
4.57	240.71
4.67
4.55
4.49
4.65
4.68
4.68
4.51
4.54
4.30
4.67
4.30
4.60
4.42
4.40
4.53
4.33
4.24
4.39
4.50
4.40
4.49
4.62
4.38
4.31
4.22
4.25
4.34
4.65
4.59
4.19
4.22
