CorWatt	PkgWatt
15.22	127.68
0.53	127.68
0.46
0.48
0.45
0.51
0.52
0.51
0.49
0.47
0.47
0.42
0.45
0.57
0.55
0.54
0.54
0.50
0.47
0.48
0.49
0.43
0.39
0.38
0.40
0.36
0.36
0.39
0.37
0.54
0.56
0.60
0.53
CorWatt	PkgWatt
14.58	126.95
0.50	127.10
0.48
0.45
0.42
0.48
0.49
0.50
0.50
0.45
0.46
0.40
0.41
0.58
0.51
0.52
0.53
0.45
0.46
0.49
0.46
0.43
0.38
0.38
0.38
0.35
0.35
0.37
0.35
0.52
0.52
0.51
0.51
CorWatt	PkgWatt
63.40	176.53
0.99	176.44
2.00
2.01
2.02
2.09
2.03
2.02
2.03
1.96
1.96
1.97
1.90
2.13
2.14
2.08
2.11
1.96
1.95
1.79
1.85
1.89
1.84
1.69
1.66
1.98
1.98
1.75
1.83
2.13
2.30
3.35
2.00
CorWatt	PkgWatt
47.47	162.40
0.65	162.35
1.52
1.52
1.50
1.56
1.56
1.57
1.52
1.48
1.47
1.51
1.43
1.59
1.59
1.60
1.64
1.51
1.54
1.39
1.43
1.46
1.47
1.32
1.28
1.43
1.46
1.29
1.29
1.64
1.59
2.18
1.46
