CorWatt	PkgWatt
15.05	127.60
0.53	127.60
0.47
0.46
0.46
0.53
0.53
0.51
0.53
0.45
0.43
0.40
0.40
0.54
0.53
0.53
0.54
0.48
0.47
0.47
0.47
0.39
0.38
0.40
0.43
0.36
0.36
0.40
0.38
0.54
0.63
0.52
0.51
CorWatt	PkgWatt
14.59	126.96
0.51	127.06
0.44
0.50
0.43
0.52
0.50
0.49
0.49
0.44
0.43
0.38
0.38
0.53
0.50
0.56
0.53
0.45
0.45
0.45
0.47
0.39
0.38
0.40
0.43
0.35
0.35
0.38
0.35
0.55
0.53
0.51
0.53
CorWatt	PkgWatt
62.42	176.75
1.00	176.73
1.93
2.06
2.00
1.99
2.01
2.00
2.00
1.93
1.89
1.92
1.91
2.03
1.99
1.99
2.04
1.93
1.91
1.78
1.80
1.87
3.26
1.80
1.77
1.88
1.85
1.83
1.81
2.08
2.08
1.96
2.14
CorWatt	PkgWatt
51.05	166.24
0.69	166.20
1.61
1.67
1.61
1.67
1.67
1.67
1.63
1.61
1.59
1.57
1.57
1.75
1.69
1.71
1.76
1.68
1.65
1.49
1.53
1.58
2.33
1.45
1.39
1.55
1.53
1.40
1.39
1.74
1.70
1.59
1.55
