CorWatt	PkgWatt
15.56	127.68
0.50	127.70
0.54
0.47
0.47
0.51
0.49
0.52
0.56
0.44
0.51
0.41
0.53
0.56
0.56
0.53
0.55
0.50
0.49
0.48
0.47
0.42
0.43
0.39
0.41
0.42
0.41
0.37
0.42
0.59
0.56
0.53
0.52
CorWatt	PkgWatt
14.89	126.97
0.50	127.11
0.52
0.46
0.42
0.49
0.49
0.51
0.55
0.38
0.50
0.37
0.43
0.53
0.51
0.51
0.57
0.46
0.46
0.47
0.48
0.38
0.43
0.40
0.38
0.38
0.41
0.38
0.40
0.55
0.55
0.53
0.52
CorWatt	PkgWatt
21.24	132.78
0.66	132.64
0.66
0.61
0.63
0.65
0.68
0.73
0.69
0.58
0.56
0.49
0.55
0.67
0.67
0.73
0.72
0.55
0.57
0.57
0.59
0.59
0.54
0.47
2.21
0.44
0.47
0.46
0.50
0.66
0.98
0.69
0.65
CorWatt	PkgWatt
16.63	128.60
0.52	128.58
0.54
0.51
0.49
0.51
0.51
0.58
0.56
0.48
0.45
0.37
0.42
0.50
0.50
0.56
0.55
0.68
0.95
0.99
0.72
0.39
0.41
0.39
0.51
0.40
0.37
0.37
0.36
0.53
0.50
0.54
0.50
CorWatt	PkgWatt
16.41	128.18
0.49	128.18
0.48
0.55
0.43
0.49
0.49
0.55
0.54
0.44
0.48
0.37
0.38
0.52
0.52
0.53
0.51
0.69
0.79
1.20
0.70
0.39
0.41
0.40
0.49
0.38
0.36
0.37
0.38
0.51
0.51
0.52
0.53
CorWatt	PkgWatt
16.37	128.32
0.54	128.32
0.48
0.57
0.52
0.52
0.49
0.57
0.54
0.43
0.47
0.37
0.39
0.51
0.51
0.48
0.51
0.69
0.71
1.27
0.70
0.38
0.41
0.38
0.50
0.35
0.35
0.36
0.36
0.52
0.49
0.51
0.49
CorWatt	PkgWatt
16.20	128.12
0.50	128.11
0.45
0.51
0.44
0.49
0.49
0.57
0.54
0.42
0.47
0.37
0.38
0.51
0.52
0.49
0.51
0.69
0.72
1.28
0.71
0.39
0.41
0.38
0.49
0.40
0.35
0.35
0.35
0.51
0.51
0.51
0.50
CorWatt	PkgWatt
16.36	128.19
0.49	128.20
0.50
0.51
0.42
0.49
0.49
0.57
0.48
0.45
0.46
0.37
0.39
0.51
0.51
0.49
0.51
0.66
0.79
1.41
0.70
0.38
0.42
0.39
0.49
0.36
0.36
0.36
0.35
0.52
0.49
0.50
0.55
CorWatt	PkgWatt
17.54	130.36
0.52	130.36
0.54
0.48
0.44
0.49
0.49
0.54
0.48
0.42
0.47
0.38
0.37
0.51
0.53
0.50
0.51
0.46
0.50
3.25
0.48
0.40
0.42
0.38
0.49
0.36
0.37
0.37
0.37
0.51
0.50
0.51
0.51
CorWatt	PkgWatt
17.48	130.44
0.53	130.43
0.52
0.49
0.43
0.48
0.49
0.55
0.49
0.40
0.47
0.39
0.39
0.50
0.50
0.50
0.50
0.46
0.50
3.26
0.49
0.39
0.42
0.39
0.49
0.35
0.38
0.36
0.35
0.51
0.49
0.50
0.49
CorWatt	PkgWatt
18.03	130.69
0.55	130.69
0.51
0.52
0.46
0.50
0.50
0.56
0.50
0.44
0.47
0.39
0.41
0.51
0.53
0.50
0.52
0.47
0.51
3.26
0.50
0.43
0.43
0.41
0.52
0.39
0.36
0.37
0.39
0.53
0.52
0.53
0.54
CorWatt	PkgWatt
17.64	130.48
0.53	130.48
0.50
0.49
0.43
0.49
0.49
0.56
0.49
0.41
0.50
0.38
0.38
0.50
0.51
0.50
0.51
0.47
0.49
3.26
0.48
0.40
0.42
0.39
0.51
0.39
0.38
0.38
0.36
0.52
0.51
0.51
0.50
CorWatt	PkgWatt
17.57	130.30
0.52	130.30
0.47
0.49
0.45
0.50
0.51
0.57
0.50
0.43
0.49
0.37
0.40
0.51
0.52
0.51
0.50
0.46
0.49
3.26
0.49
0.40
0.42
0.38
0.49
0.35
0.35
0.35
0.36
0.51
0.49
0.51
0.50
CorWatt	PkgWatt
17.59	130.45
0.53	130.45
0.48
0.48
0.44
0.49
0.49
0.55
0.48
0.43
0.46
0.38
0.42
0.52
0.50
0.52
0.53
0.46
0.48
3.26
0.50
0.40
0.42
0.39
0.50
0.35
0.36
0.35
0.36
0.52
0.51
0.51
0.53
CorWatt	PkgWatt
17.57	130.31
0.54	130.31
0.50
0.50
0.44
0.49
0.49
0.55
0.48
0.42
0.49
0.40
0.37
0.51
0.51
0.51
0.53
0.46
0.48
3.26
0.48
0.41
0.42
0.39
0.51
0.35
0.35
0.35
0.35
0.51
0.49
0.51
0.50
CorWatt	PkgWatt
17.48	130.34
0.55	130.35
0.46
0.51
0.45
0.49
0.49
0.57
0.49
0.41
0.46
0.38
0.39
0.50
0.50
0.49
0.51
0.47
0.50
3.26
0.48
0.40
0.42
0.39
0.49
0.36
0.36
0.35
0.36
0.51
0.49
0.50
0.49
CorWatt	PkgWatt
17.47	130.35
0.56	130.35
0.46
0.49
0.44
0.48
0.49
0.57
0.48
0.42
0.45
0.37
0.37
0.52
0.53
0.50
0.50
0.46
0.49
3.26
0.48
0.40
0.42
0.38
0.50
0.37
0.35
0.35
0.35
0.51
0.49
0.51
0.50
CorWatt	PkgWatt
17.64	130.45
0.57	130.46
0.45
0.51
0.47
0.48
0.49
0.56
0.48
0.42
0.47
0.41
0.40
0.54
0.53
0.51
0.50
0.46
0.49
3.26
0.48
0.39
0.42
0.39
0.51
0.36
0.35
0.37
0.37
0.51
0.50
0.51
0.49
CorWatt	PkgWatt
17.51	130.36
0.56	130.35
0.45
0.51
0.45
0.49
0.49
0.54
0.48
0.42
0.45
0.37
0.37
0.51
0.51
0.50
0.50
0.49
0.50
3.26
0.50
0.40
0.42
0.39
0.50
0.35
0.35
0.36
0.35
0.51
0.49
0.52
0.50
CorWatt	PkgWatt
17.48	130.27
0.56	130.27
0.46
0.51
0.43
0.48
0.49
0.55
0.48
0.40
0.47
0.39
0.37
0.50
0.50
0.50
0.50
0.46
0.48
3.26
0.49
0.41
0.44
0.39
0.50
0.35
0.35
0.35
0.35
0.51
0.49
0.50
0.53
CorWatt	PkgWatt
18.07	129.55
0.58	129.57
0.52
0.51
0.49
0.59
0.57
0.61
0.62
1.00
0.48
0.42
0.43
0.69
1.07
0.68
0.69
0.51
0.55
0.56
0.57
0.47
0.47
0.46
0.51
0.43
0.44
0.43
0.43
0.59
0.56
0.58
0.56
CorWatt	PkgWatt
17.05	128.76
0.51	128.76
0.47
0.54
0.46
0.54
0.50
0.53
0.58
0.50
0.47
0.40
0.40
0.85
0.92
1.57
0.86
0.44
0.45
0.44
0.48
0.39
0.41
0.39
0.38
0.38
0.38
0.38
0.36
0.55
0.53
0.52
0.49
CorWatt	PkgWatt
16.73	128.22
0.50	128.21
0.47
0.51
0.43
0.52
0.49
0.49
0.57
0.52
0.43
0.38
0.40
0.86
1.57
0.87
0.86
0.44
0.46
0.46
0.47
0.41
0.41
0.40
0.38
0.36
0.35
0.36
0.36
0.51
0.49
0.50
0.50
CorWatt	PkgWatt
16.72	128.38
0.49	128.38
0.45
0.52
0.43
0.52
0.48
0.49
0.58
0.50
0.44
0.39
0.39
0.86
0.91
1.55
0.86
0.47
0.48
0.44
0.49
0.39
0.41
0.39
0.38
0.35
0.36
0.36
0.35
0.51
0.49
0.50
0.49
CorWatt	PkgWatt
16.62	128.45
0.52	128.45
0.47
0.50
0.42
0.52
0.48
0.48
0.58
0.50
0.42
0.38
0.38
0.86
0.92
1.55
0.86
0.44
0.46
0.46
0.46
0.39
0.41
0.38
0.38
0.35
0.35
0.36
0.35
0.51
0.49
0.50
0.50
CorWatt	PkgWatt
16.83	128.34
0.50	128.35
0.45
0.51
0.43
0.54
0.50
0.50
0.57
0.50
0.44
0.38
0.40
0.86
0.90
1.54
0.86
0.45
0.49
0.46
0.47
0.38
0.43
0.41
0.39
0.36
0.37
0.37
0.37
0.50
0.51
0.51
0.51
CorWatt	PkgWatt
17.85	129.33
0.51	129.32
0.47
0.50
0.45
0.52
0.49
0.48
0.57
0.50
0.44
0.38
0.39
1.05
2.06
1.18
1.06
0.45
0.45
0.45
0.47
0.38
0.40
0.38
0.38
0.36
0.36
0.35
0.35
0.51
0.49
0.50
0.50
CorWatt	PkgWatt
19.79	131.02
0.51	131.03
0.45
0.51
0.42
0.52
0.48
0.49
0.57
0.41
0.54
0.38
0.40
1.37
1.37
3.17
1.37
0.45
0.46
0.44
0.46
0.38
0.41
0.40
0.40
0.36
0.36
0.36
0.35
0.51
0.49
0.50
0.50
CorWatt	PkgWatt
19.80	131.06
0.52	131.06
0.45
0.49
0.42
0.52
0.49
0.51
0.60
0.38
0.53
0.39
0.39
1.36
3.19
1.35
1.37
0.44
0.46
0.45
0.47
0.38
0.42
0.39
0.38
0.36
0.36
0.36
0.36
0.51
0.49
0.50
0.50
CorWatt	PkgWatt
19.85	131.01
0.52	131.01
0.47
0.51
0.44
0.52
0.48
0.49
0.59
0.38
0.53
0.40
0.38
1.36
3.20
1.35
1.37
0.46
0.45
0.44
0.46
0.40
0.44
0.38
0.39
0.35
0.36
0.35
0.36
0.51
0.49
0.50
0.49
CorWatt	PkgWatt
19.85	130.93
0.51	130.93
0.45
0.51
0.44
0.52
0.49
0.49
0.58
0.40
0.53
0.39
0.39
1.36
3.21
1.35
1.37
0.44
0.46
0.45
0.47
0.41
0.41
0.38
0.40
0.36
0.35
0.36
0.37
0.51
0.49
0.50
0.50
CorWatt	PkgWatt
20.11	131.21
0.52	131.22
0.46
0.51
0.42
0.52
0.49
0.50
0.57
0.38
0.55
0.39
0.41
1.36
3.20
1.35
1.37
0.46
0.46
0.46
0.50
0.38
0.43
0.39
0.41
0.40
0.39
0.38
0.38
0.55
0.50
0.52
0.52
CorWatt	PkgWatt
19.75	131.08
0.53	131.07
0.45
0.51
0.42
0.51
0.49
0.47
0.57
0.40
0.53
0.38
0.39
1.36
3.12
1.43
1.37
0.44
0.46
0.44
0.47
0.39
0.40
0.38
0.38
0.36
0.36
0.36
0.37
0.51
0.49
0.50
0.50
CorWatt	PkgWatt
19.94	131.04
0.52	131.04
0.46
0.52
0.43
0.53
0.50
0.51
0.58
0.38
0.53
0.39
0.39
1.36
3.20
1.35
1.37
0.46
0.47
0.46
0.50
0.38
0.40
0.39
0.38
0.40
0.36
0.36
0.37
0.51
0.50
0.51
0.49
CorWatt	PkgWatt
19.89	130.95
0.52	130.95
0.48
0.47
0.43
0.51
0.49
0.48
0.58
0.39
0.53
0.38
0.39
1.37
1.74
2.80
1.37
0.46
0.46
0.44
0.48
0.39
0.41
0.40
0.38
0.35
0.38
0.38
0.37
0.51
0.49
0.51
0.53
CorWatt	PkgWatt
19.78	131.03
0.54	131.03
0.48
0.50
0.45
0.52
0.49
0.49
0.56
0.38
0.53
0.38
0.39
1.36
1.48
3.06
1.36
0.45
0.46
0.44
0.47
0.38
0.40
0.39
0.38
0.36
0.36
0.36
0.36
0.51
0.49
0.50
0.50
CorWatt	PkgWatt
19.76	131.10
0.53	131.10
0.45
0.47
0.43
0.51
0.48
0.49
0.56
0.39
0.53
0.38
0.39
1.37
1.37
3.17
1.37
0.46
0.47
0.46
0.48
0.38
0.41
0.38
0.38
0.38
0.36
0.36
0.36
0.51
0.49
0.50
0.50
CorWatt	PkgWatt
19.25	130.67
0.57	130.66
0.51
0.51
0.46
0.87
0.54
0.53
0.60
0.44
0.59
0.44
0.44
1.05
1.07
2.11
1.04
0.48
0.52
0.47
0.55
0.43
0.44
0.42
0.41
0.41
0.41
0.42
0.41
0.54
0.53
0.53
0.53
CorWatt	PkgWatt
16.63	128.28
0.89	128.30
0.96
0.68
0.64
0.77
0.51
0.52
0.58
0.41
0.45
0.39
0.40
0.53
0.61
0.56
0.53
0.46
0.47
0.46
0.48
0.40
0.43
0.40
0.40
0.36
0.38
0.45
0.42
0.52
0.51
0.51
0.51
CorWatt	PkgWatt
16.04	127.83
0.87	127.83
1.00
0.72
0.68
0.60
0.49
0.49
0.55
0.37
0.43
0.40
0.41
0.50
0.57
0.51
0.50
0.45
0.47
0.44
0.49
0.38
0.41
0.38
0.38
0.35
0.38
0.43
0.40
0.50
0.49
0.50
0.49
CorWatt	PkgWatt
16.19	128.03
1.07	128.03
0.79
0.71
0.69
0.59
0.48
0.49
0.55
0.41
0.43
0.40
0.40
0.51
0.57
0.50
0.51
0.44
0.47
0.44
0.47
0.40
0.40
0.41
0.40
0.39
0.35
0.42
0.40
0.52
0.52
0.51
0.55
CorWatt	PkgWatt
16.16	127.82
0.82	127.82
1.04
0.70
0.68
0.60
0.49
0.51
0.56
0.38
0.47
0.39
0.38
0.51
0.55
0.49
0.51
0.45
0.46
0.45
0.47
0.40
0.41
0.39
0.39
0.37
0.38
0.45
0.40
0.52
0.51
0.51
0.50
CorWatt	PkgWatt
15.96	127.70
0.74	127.69
1.07
0.69
0.69
0.61
0.51
0.50
0.58
0.40
0.42
0.37
0.40
0.51
0.53
0.53
0.51
0.44
0.47
0.44
0.47
0.39
0.40
0.38
0.38
0.37
0.35
0.41
0.40
0.50
0.49
0.50
0.50
CorWatt	PkgWatt
18.66	133.12
0.55	133.12
4.30
0.50
0.47
0.58
0.49
0.49
0.54
0.39
0.45
0.38
0.43
0.54
0.51
0.52
0.53
0.46
0.46
0.49
0.48
0.39
0.41
0.39
0.38
0.35
0.36
0.42
0.39
0.51
0.51
0.50
0.49
CorWatt	PkgWatt
18.46	132.77
0.56	132.78
4.29
0.52
0.47
0.58
0.49
0.49
0.55
0.39
0.45
0.39
0.38
0.50
0.51
0.50
0.51
0.44
0.46
0.45
0.48
0.40
0.41
0.38
0.39
0.35
0.35
0.41
0.39
0.50
0.49
0.50
0.50
CorWatt	PkgWatt
18.83	133.14
0.59	133.14
4.28
0.54
0.49
0.61
0.50
0.49
0.56
0.38
0.46
0.37
0.38
0.50
0.52
0.49
0.54
0.48
0.50
0.48
0.50
0.39
0.41
0.38
0.38
0.45
0.38
0.40
0.40
0.50
0.49
0.50
0.49
CorWatt	PkgWatt
18.66	133.06
0.57	133.04
4.30
0.52
0.49
0.50
0.59
0.49
0.57
0.39
0.43
0.37
0.37
0.53
0.53
0.51
0.52
0.45
0.47
0.45
0.48
0.39
0.41
0.38
0.39
0.36
0.35
0.40
0.39
0.51
0.49
0.50
0.53
CorWatt	PkgWatt
18.64	133.06
0.57	133.07
4.29
0.50
0.49
0.49
0.60
0.49
0.54
0.39
0.44
0.41
0.39
0.52
0.52
0.50
0.50
0.45
0.46
0.45
0.48
0.38
0.42
0.39
0.38
0.37
0.36
0.44
0.41
0.51
0.50
0.50
0.50
CorWatt	PkgWatt
18.44	132.78
0.57	132.78
4.27
0.48
0.50
0.49
0.59
0.49
0.55
0.38
0.42
0.37
0.37
0.52
0.51
0.49
0.50
0.45
0.46
0.47
0.50
0.39
0.41
0.38
0.38
0.35
0.35
0.41
0.39
0.51
0.49
0.50
0.50
CorWatt	PkgWatt
18.39	132.87
0.55	132.88
4.25
0.48
0.48
0.49
0.59
0.49
0.54
0.37
0.43
0.40
0.38
0.50
0.51
0.51
0.50
0.45
0.46
0.45
0.47
0.40
0.42
0.39
0.38
0.35
0.35
0.41
0.39
0.51
0.50
0.50
0.49
CorWatt	PkgWatt
18.48	132.88
0.55	132.88
4.28
0.50
0.45
0.50
0.60
0.50
0.55
0.39
0.43
0.38
0.38
0.51
0.51
0.50
0.51
0.44
0.47
0.45
0.47
0.40
0.41
0.38
0.38
0.35
0.35
0.41
0.40
0.51
0.49
0.50
0.51
CorWatt	PkgWatt
18.78	133.26
0.56	133.27
4.28
0.51
0.50
0.51
0.59
0.52
0.56
0.37
0.47
0.39
0.38
0.50
0.51
0.49
0.51
0.45
0.46
0.45
0.47
0.39
0.41
0.38
0.38
0.37
0.42
0.43
0.39
0.57
0.53
0.52
0.50
CorWatt	PkgWatt
18.48	132.97
0.57	132.96
4.27
0.50
0.46
0.49
0.60
0.49
0.55
0.38
0.43
0.39
0.39
0.51
0.51
0.49
0.51
0.44
0.46
0.45
0.47
0.41
0.41
0.40
0.39
0.35
0.36
0.40
0.39
0.51
0.50
0.50
0.53
CorWatt	PkgWatt
18.54	132.91
0.57	132.92
4.30
0.51
0.46
0.49
0.60
0.49
0.57
0.39
0.44
0.37
0.40
0.51
0.50
0.49
0.50
0.47
0.48
0.46
0.49
0.38
0.41
0.39
0.38
0.35
0.35
0.40
0.38
0.51
0.50
0.50
0.49
CorWatt	PkgWatt
18.52	133.25
0.58	133.24
4.30
0.52
0.46
0.49
0.60
0.50
0.58
0.39
0.43
0.38
0.39
0.51
0.51
0.49
0.50
0.45
0.46
0.45
0.47
0.40
0.41
0.38
0.38
0.35
0.35
0.40
0.39
0.51
0.50
0.50
0.50
CorWatt	PkgWatt
18.25	130.38
0.58	130.40
1.03
0.57
0.70
0.80
0.71
0.96
0.84
0.44
0.49
0.44
0.44
0.54
0.55
0.56
0.57
0.52
0.52
0.50
0.52
0.46
0.49
0.46
0.46
0.44
0.43
0.48
0.47
0.57
0.57
0.56
0.55
CorWatt	PkgWatt
16.18	128.09
0.51	128.07
0.49
0.50
0.57
1.24
0.73
0.73
0.82
0.39
0.44
0.38
0.39
0.51
0.51
0.49
0.51
0.45
0.46
0.45
0.48
0.39
0.41
0.38
0.38
0.35
0.35
0.43
0.40
0.51
0.50
0.50
0.50
CorWatt	PkgWatt
16.13	128.20
0.50	128.20
0.45
0.48
0.56
1.23
0.72
0.73
0.82
0.41
0.45
0.39
0.41
0.50
0.52
0.49
0.52
0.44
0.46
0.45
0.48
0.38
0.41
0.40
0.40
0.35
0.39
0.41
0.39
0.51
0.50
0.50
0.50
CorWatt	PkgWatt
16.18	128.23
0.51	128.22
0.47
0.48
0.56
0.91
0.73
0.75
1.14
0.40
0.42
0.38
0.39
0.53
0.51
0.51
0.53
0.45
0.47
0.45
0.48
0.39
0.43
0.39
0.38
0.35
0.36
0.43
0.39
0.51
0.50
0.50
0.51
CorWatt	PkgWatt
16.04	128.04
0.50	128.05
0.46
0.50
0.58
0.81
0.72
0.72
1.21
0.37
0.43
0.39
0.38
0.50
0.50
0.49
0.51
0.46
0.46
0.45
0.47
0.40
0.43
0.38
0.41
0.35
0.35
0.40
0.39
0.52
0.50
0.50
0.50
CorWatt	PkgWatt
17.08	128.91
0.53	128.93
0.51
0.49
0.61
1.24
0.73
0.73
1.04
0.42
0.47
0.41
0.39
0.53
0.54
0.53
0.54
0.48
0.49
0.50
0.50
0.41
0.44
0.38
0.39
0.39
0.39
0.43
0.43
0.55
0.53
0.54
0.53
CorWatt	PkgWatt
18.10	130.30
0.54	130.29
0.47
0.46
0.59
0.71
0.63
0.62
3.17
0.39
0.48
0.39
0.40
0.51
0.51
0.50
0.51
0.46
0.47
0.47
0.50
0.39
0.43
0.41
0.40
0.38
0.38
0.43
0.42
0.54
0.52
0.52
0.51
CorWatt	PkgWatt
17.70	129.99
0.52	129.98
0.48
0.46
0.57
1.00
0.62
0.61
2.85
0.39
0.43
0.38
0.40
0.51
0.51
0.49
0.51
0.45
0.47
0.46
0.47
0.39
0.41
0.38
0.39
0.35
0.38
0.40
0.40
0.52
0.50
0.50
0.51
CorWatt	PkgWatt
17.72	129.95
0.53	129.96
0.45
0.46
0.58
3.16
0.63
0.63
0.66
0.39
0.44
0.37
0.39
0.51
0.50
0.48
0.51
0.46
0.47
0.48
0.49
0.39
0.41
0.38
0.38
0.38
0.36
0.43
0.39
0.51
0.50
0.51
0.50
CorWatt	PkgWatt
17.65	129.84
0.52	129.83
0.47
0.48
0.56
3.18
0.61
0.60
0.64
0.38
0.45
0.38
0.39
0.51
0.51
0.50
0.51
0.45
0.46
0.45
0.46
0.38
0.41
0.40
0.38
0.35
0.37
0.42
0.41
0.52
0.50
0.50
0.52
CorWatt	PkgWatt
17.58	130.00
0.53	130.00
0.48
0.51
0.58
3.16
0.62
0.61
0.65
0.38
0.43
0.38
0.39
0.50
0.50
0.48
0.50
0.45
0.46
0.45
0.47
0.38
0.40
0.38
0.38
0.35
0.35
0.41
0.40
0.51
0.50
0.50
0.49
CorWatt	PkgWatt
17.70	129.93
0.52	129.92
0.47
0.47
0.56
2.63
0.63
0.62
1.23
0.39
0.42
0.37
0.38
0.51
0.51
0.49
0.50
0.47
0.47
0.47
0.48
0.39
0.41
0.38
0.38
0.37
0.35
0.41
0.39
0.51
0.50
0.50
0.51
CorWatt	PkgWatt
17.59	129.86
0.53	129.87
0.47
0.48
0.56
2.28
0.62
0.61
1.59
0.37
0.44
0.37
0.38
0.50
0.50
0.48
0.50
0.45
0.47
0.45
0.48
0.38
0.41
0.39
0.38
0.35
0.35
0.41
0.39
0.51
0.50
0.50
0.50
CorWatt	PkgWatt
17.61	129.88
0.51	129.88
0.46
0.45
0.57
2.22
0.62
0.61
1.64
0.39
0.43
0.37
0.38
0.50
0.51
0.50
0.50
0.45
0.45
0.45
0.47
0.38
0.41
0.38
0.38
0.35
0.38
0.43
0.41
0.51
0.50
0.50
0.51
CorWatt	PkgWatt
17.65	130.04
0.52	130.03
0.48
0.47
0.57
3.16
0.62
0.62
0.65
0.39
0.43
0.38
0.40
0.50
0.50
0.51
0.50
0.44
0.47
0.44
0.48
0.38
0.42
0.39
0.38
0.35
0.37
0.45
0.39
0.51
0.50
0.50
0.49
CorWatt	PkgWatt
17.84	130.13
0.52	130.13
0.46
0.49
0.57
3.16
0.62
0.61
0.66
0.41
0.43
0.37
0.40
0.53
0.51
0.49
0.50
0.45
0.47
0.45
0.46
0.41
0.41
0.40
0.40
0.36
0.36
0.43
0.41
0.53
0.53
0.52
0.53
CorWatt	PkgWatt
17.72	130.06
0.89	130.06
0.46
0.49
0.58
0.72
0.60
0.60
2.78
0.38
0.47
0.37
0.38
0.50
0.50
0.48
0.50
0.44
0.45
0.45
0.46
0.38
0.41
0.39
0.38
0.37
0.40
0.44
0.39
0.51
0.53
0.50
0.50
CorWatt	PkgWatt
17.07	129.30
2.35	129.30
0.59
0.57
0.67
0.64
0.52
0.49
0.56
0.40
0.43
0.39
0.39
0.51
0.53
0.52
0.51
0.44
0.45
0.45
0.46
0.39
0.51
0.38
0.38
0.35
0.36
0.42
0.40
0.51
0.50
0.50
0.51
CorWatt	PkgWatt
18.33	130.12
0.58	130.13
0.56
0.59
0.55
0.55
0.53
0.55
0.61
0.47
0.53
0.45
0.47
0.59
0.62
0.60
0.60
0.68
0.71
1.16
0.71
0.45
0.92
0.45
0.44
0.44
0.43
0.42
0.45
0.56
0.55
0.55
0.55
CorWatt	PkgWatt
16.31	128.27
0.50	128.25
0.51
0.52
0.45
0.50
0.49
0.49
0.55
0.42
0.45
0.41
0.38
0.51
0.57
0.51
0.52
0.69
0.70
1.18
0.81
0.40
0.52
0.38
0.38
0.35
0.35
0.36
0.39
0.52
0.50
0.50
0.50
CorWatt	PkgWatt
16.26	128.23
0.53	128.25
0.54
0.52
0.48
0.51
0.48
0.49
0.54
0.38
0.44
0.39
0.39
0.50
0.56
0.49
0.51
0.69
0.70
1.27
0.73
0.38
0.52
0.38
0.38
0.36
0.35
0.36
0.39
0.51
0.50
0.50
0.49
CorWatt	PkgWatt
16.18	128.39
0.51	128.39
0.53
0.48
0.48
0.48
0.48
0.50
0.49
0.41
0.43
0.38
0.38
0.52
0.57
0.50
0.51
0.69
0.70
0.71
1.30
0.39
0.51
0.38
0.38
0.36
0.35
0.35
0.39
0.51
0.50
0.50
0.50
CorWatt	PkgWatt
16.33	128.45
0.52	128.45
0.53
0.49
0.49
0.49
0.50
0.49
0.47
0.39
0.44
0.42
0.41
0.51
0.52
0.51
0.51
0.70
0.70
1.29
0.75
0.38
0.50
0.39
0.38
0.42
0.35
0.38
0.41
0.51
0.50
0.50
0.49
CorWatt	PkgWatt
17.62	130.46
0.53	130.45
0.59
0.50
0.49
0.49
0.50
0.49
0.50
0.40
0.43
0.38
0.39
0.53
0.54
0.49
0.51
0.51
0.52
0.57
3.00
0.40
0.52
0.39
0.40
0.42
0.35
0.35
0.39
0.52
0.50
0.50
0.52
CorWatt	PkgWatt
18.22	131.13
0.54	131.14
0.57
0.51
0.50
0.53
0.52
0.50
0.53
0.41
0.48
0.41
0.39
0.53
0.52
0.56
0.51
0.50
0.47
0.49
3.40
0.43
0.51
0.40
0.40
0.44
0.38
0.35
0.39
0.51
0.53
0.53
0.49
CorWatt	PkgWatt
17.61	130.75
0.52	130.74
0.53
0.47
0.47
0.50
0.50
0.49
0.51
0.38
0.43
0.37
0.38
0.50
0.51
0.49
0.50
0.46
0.48
0.49
3.41
0.41
0.51
0.39
0.40
0.42
0.35
0.36
0.39
0.52
0.50
0.50
0.50
CorWatt	PkgWatt
18.09	131.02
0.54	131.03
0.56
0.49
0.51
0.52
0.50
0.51
0.51
0.40
0.47
0.39
0.39
0.50
0.51
0.49
0.50
0.46
0.47
0.49
3.41
0.40
0.50
0.40
0.39
0.44
0.38
0.41
0.41
0.59
0.53
0.53
0.49
CorWatt	PkgWatt
18.07	130.85
0.53	130.83
0.54
0.50
0.47
0.50
0.51
0.51
0.53
0.40
0.44
0.38
0.39
0.53
0.52
0.51
0.51
0.48
0.49
0.51
3.41
0.43
0.52
0.43
0.41
0.41
0.36
0.37
0.40
0.53
0.52
0.51
0.52
CorWatt	PkgWatt
17.75	130.63
0.53	130.64
0.55
0.49
0.48
0.49
0.50
0.49
0.51
0.38
0.42
0.37
0.38
0.50
0.50
0.48
0.50
0.49
0.47
0.50
3.41
0.40
0.51
0.40
0.40
0.43
0.41
0.36
0.38
0.51
0.50
0.50
0.50
CorWatt	PkgWatt
17.70	130.72
0.54	130.72
0.52
0.53
0.47
0.49
0.50
0.49
0.53
0.38
0.42
0.37
0.38
0.50
0.50
0.48
0.50
0.46
0.47
0.48
3.41
0.40
0.52
0.39
0.39
0.40
0.40
0.35
0.39
0.51
0.50
0.50
0.51
CorWatt	PkgWatt
17.82	130.71
0.55	130.71
0.50
0.52
0.46
0.52
0.51
0.50
0.50
0.37
0.44
0.38
0.39
0.50
0.50
0.48
0.50
0.47
0.48
0.49
3.41
0.40
0.53
0.42
0.42
0.40
0.37
0.38
0.40
0.51
0.52
0.51
0.49
CorWatt	PkgWatt
17.75	130.53
0.53	130.52
0.52
0.53
0.48
0.49
0.50
0.50
0.51
0.39
0.43
0.38
0.40
0.51
0.51
0.49
0.51
0.47
0.48
0.50
3.41
0.40
0.52
0.40
0.40
0.40
0.35
0.36
0.38
0.52
0.50
0.50
0.50
CorWatt	PkgWatt
17.62	130.53
0.54	130.54
0.50
0.51
0.48
0.49
0.49
0.49
0.48
0.40
0.44
0.38
0.38
0.50
0.50
0.48
0.51
0.46
0.47
0.49
3.41
0.39
0.50
0.41
0.42
0.40
0.35
0.35
0.39
0.51
0.50
0.50
0.49
CorWatt	PkgWatt
17.71	130.66
0.54	130.66
0.51
0.49
0.46
0.50
0.51
0.50
0.53
0.38
0.42
0.37
0.38
0.51
0.51
0.50
0.52
0.46
0.47
0.49
3.41
0.40
0.52
0.41
0.40
0.43
0.35
0.35
0.38
0.51
0.50
0.50
0.50
CorWatt	PkgWatt
17.84	130.70
0.54	130.69
0.52
0.52
0.50
0.50
0.50
0.49
0.50
0.39
0.43
0.39
0.38
0.51
0.50
0.50
0.51
0.48
0.47
0.50
3.41
0.43
0.52
0.40
0.42
0.40
0.36
0.35
0.38
0.51
0.50
0.50
0.53
CorWatt	PkgWatt
18.28	130.37
0.58	130.38
0.54
0.53
0.67
0.61
0.79
0.60
0.62
0.44
0.46
0.41
0.43
0.56
0.55
0.56
0.56
0.52
0.52
0.57
1.33
0.51
0.55
0.47
0.47
0.47
0.43
0.44
0.48
0.58
0.57
0.57
0.90
CorWatt	PkgWatt
17.03	128.80
0.52	128.80
0.52
0.46
0.56
0.87
1.21
1.22
0.83
0.39
0.47
0.37
0.40
0.51
0.51
0.49
0.51
0.45
0.47
0.50
0.48
0.39
0.43
0.41
0.40
0.38
0.38
0.43
0.41
0.54
0.51
0.53
0.51
CorWatt	PkgWatt
17.00	128.91
0.52	128.91
0.52
0.47
0.56
0.87
0.89
1.56
0.84
0.40
0.44
0.38
0.39
0.51
0.56
0.50
0.51
0.45
0.46
0.47
0.49
0.41
0.42
0.39
0.39
0.36
0.36
0.42
0.37
0.52
0.52
0.51
0.52
CorWatt	PkgWatt
16.83	128.66
0.52	128.67
0.52
0.46
0.55
0.88
0.90
1.55
0.83
0.37
0.43
0.38
0.39
0.50
0.54
0.48
0.51
0.46
0.48
0.49
0.47
0.38
0.42
0.39
0.38
0.41
0.35
0.42
0.36
0.51
0.50
0.50
0.50
CorWatt	PkgWatt
16.95	128.74
0.52	128.73
0.51
0.47
0.56
0.87
1.13
1.32
0.83
0.40
0.44
0.37
0.39
0.51
0.55
0.51
0.51
0.47
0.46
0.46
0.47
0.40
0.41
0.40
0.39
0.37
0.37
0.43
0.37
0.52
0.50
0.50
0.53
CorWatt	PkgWatt
16.81	128.69
0.54	128.70
0.53
0.48
0.57
0.88
1.08
1.37
0.83
0.37
0.44
0.37
0.39
0.50
0.54
0.48
0.50
0.45
0.47
0.49
0.47
0.38
0.41
0.38
0.38
0.36
0.36
0.42
0.36
0.51
0.50
0.50
0.50
CorWatt	PkgWatt
17.15	129.15
0.51	129.15
0.52
0.46
0.57
0.92
1.30
1.41
0.89
0.38
0.43
0.37
0.38
0.50
0.54
0.50
0.51
0.46
0.47
0.50
0.47
0.39
0.41
0.38
0.38
0.37
0.35
0.41
0.37
0.52
0.50
0.50
0.50
CorWatt	PkgWatt
19.80	131.51
0.54	131.52
0.51
0.48
0.55
1.33
3.16
1.34
1.33
0.38
0.44
0.37
0.40
0.50
0.54
0.54
0.50
0.45
0.48
0.48
0.48
0.39
0.41
0.39
0.38
0.35
0.35
0.36
0.36
0.51
0.50
0.50
0.49
CorWatt	PkgWatt
19.92	131.53
0.53	131.52
0.52
0.47
0.55
1.33
1.35
3.13
1.34
0.38
0.44
0.38
0.38
0.51
0.55
0.56
0.52
0.46
0.47
0.48
0.47
0.40
0.41
0.39
0.39
0.35
0.37
0.38
0.38
0.52
0.50
0.50
0.51
CorWatt	PkgWatt
19.85	131.55
0.56	131.56
0.52
0.47
0.56
1.34
1.35
3.14
1.33
0.37
0.43
0.39
0.39
0.51
0.53
0.55
0.50
0.45
0.48
0.46
0.47
0.39
0.41
0.39
0.38
0.36
0.37
0.37
0.35
0.51
0.50
0.50
0.49
CorWatt	PkgWatt
19.98	131.75
0.51	131.75
0.53
0.49
0.57
1.33
1.35
3.08
1.39
0.40
0.45
0.38
0.38
0.51
0.54
0.53
0.50
0.45
0.47
0.46
0.47
0.41
0.41
0.40
0.41
0.38
0.35
0.37
0.37
0.52
0.53
0.52
0.53
CorWatt	PkgWatt
19.80	131.39
0.52	131.39
0.51
0.46
0.57
1.34
1.35
2.44
2.05
0.37
0.44
0.37
0.39
0.50
0.54
0.53
0.51
0.45
0.46
0.47
0.46
0.39
0.42
0.39
0.39
0.37
0.37
0.37
0.37
0.51
0.51
0.50
0.50
CorWatt	PkgWatt
19.96	131.64
0.52	131.63
0.54
0.47
0.57
2.01
1.35
2.47
1.33
0.39
0.44
0.38
0.39
0.53
0.55
0.55
0.51
0.46
0.46
0.46
0.48
0.40
0.42
0.39
0.40
0.36
0.36
0.36
0.36
0.52
0.51
0.50
0.51
CorWatt	PkgWatt
19.90	131.56
0.59	131.57
0.54
0.47
0.48
3.13
1.35
1.34
1.33
0.39
0.46
0.38
0.41
0.52
0.53
0.57
0.53
0.46
0.46
0.48
0.46
0.41
0.41
0.39
0.39
0.35
0.35
0.35
0.35
0.52
0.51
0.50
0.49
CorWatt	PkgWatt
19.81	131.53
0.53	131.52
0.52
0.46
0.57
1.34
1.35
3.13
1.33
0.40
0.44
0.40
0.39
0.51
0.54
0.55
0.51
0.45
0.46
0.46
0.46
0.40
0.41
0.38
0.39
0.36
0.35
0.35
0.36
0.51
0.50
0.50
0.50
CorWatt	PkgWatt
19.72	131.44
0.53	131.44
0.54
0.49
0.58
2.67
1.34
1.80
1.33
0.37
0.42
0.37
0.39
0.50
0.54
0.54
0.50
0.45
0.47
0.46
0.46
0.39
0.41
0.38
0.38
0.36
0.35
0.35
0.36
0.51
0.50
0.50
0.50
CorWatt	PkgWatt
19.94	131.52
0.54	131.52
0.52
0.48
0.58
3.14
1.35
1.34
1.33
0.39
0.42
0.38
0.38
0.52
0.56
0.56
0.52
0.46
0.47
0.48
0.46
0.41
0.43
0.38
0.39
0.35
0.35
0.36
0.36
0.52
0.50
0.50
0.50
CorWatt	PkgWatt
19.05	130.84
0.54	130.84
0.52
0.48
0.57
2.71
1.20
1.21
1.18
0.38
0.44
0.40
0.41
0.52
0.55
0.57
0.50
0.45
0.47
0.48
0.46
0.39
0.41
0.39
0.38
0.35
0.35
0.37
0.37
0.51
0.50
0.50
0.49
CorWatt	PkgWatt
19.83	134.25
0.77	134.27
0.57
0.53
0.58
0.63
0.61
0.60
3.21
0.43
0.48
0.41
0.45
0.54
0.61
0.56
0.56
0.55
0.53
0.60
0.55
0.45
0.46
0.43
0.44
0.42
0.74
0.42
0.43
0.57
0.56
0.56
0.56
CorWatt	PkgWatt
20.15	137.55
0.82	137.53
0.52
0.46
0.47
0.57
0.55
0.50
5.67
0.38
0.44
0.40
0.39
0.50
0.54
0.50
0.51
0.45
0.46
0.52
0.46
0.40
0.42
0.40
0.38
0.37
0.35
0.36
0.36
0.51
0.50
0.50
0.49
CorWatt	PkgWatt
20.07	138.25
5.82	138.24
0.56
0.48
0.47
0.54
0.55
0.50
0.50
0.41
0.46
0.39
0.39
0.51
0.54
0.49
0.51
0.44
0.46
0.50
0.46
0.39
0.41
0.38
0.39
0.39
0.35
0.36
0.37
0.52
0.50
0.50
0.51
CorWatt	PkgWatt
20.06	138.47
5.83	138.48
0.58
0.49
0.50
0.53
0.53
0.50
0.48
0.38
0.44
0.39
0.39
0.50
0.54
0.50
0.51
0.44
0.45
0.50
0.45
0.38
0.40
0.37
0.38
0.37
0.38
0.38
0.36
0.56
0.53
0.52
0.50
CorWatt	PkgWatt
20.13	138.34
5.82	138.34
0.58
0.50
0.47
0.50
0.53
0.50
0.49
0.40
0.44
0.39
0.39
0.52
0.56
0.56
0.52
0.45
0.46
0.45
0.46
0.41
0.42
0.40
0.39
0.36
0.36
0.37
0.36
0.54
0.53
0.51
0.51
CorWatt	PkgWatt
19.93	138.30
5.83	138.30
0.60
0.49
0.47
0.53
0.57
0.48
0.47
0.38
0.43
0.38
0.39
0.50
0.54
0.54
0.51
0.47
0.45
0.48
0.47
0.38
0.40
0.39
0.38
0.35
0.35
0.36
0.35
0.51
0.50
0.50
0.49
CorWatt	PkgWatt
20.02	138.43
5.83	138.43
0.60
0.50
0.46
0.49
0.54
0.49
0.52
0.39
0.43
0.39
0.39
0.51
0.54
0.54
0.52
0.44
0.46
0.46
0.46
0.39
0.40
0.38
0.38
0.35
0.38
0.36
0.36
0.53
0.50
0.51
0.52
CorWatt	PkgWatt
19.99	138.40
5.82	138.40
0.59
0.52
0.47
0.50
0.54
0.49
0.48
0.38
0.44
0.38
0.40
0.50
0.54
0.56
0.51
0.45
0.46
0.45
0.45
0.38
0.42
0.39
0.39
0.35
0.37
0.37
0.37
0.52
0.51
0.51
0.49
CorWatt	PkgWatt
20.01	138.40
5.82	138.39
0.61
0.49
0.49
0.50
0.55
0.49
0.48
0.41
0.43
0.39
0.39
0.52
0.54
0.55
0.52
0.45
0.46
0.45
0.45
0.38
0.40
0.38
0.38
0.35
0.36
0.37
0.35
0.52
0.50
0.51
0.54
CorWatt	PkgWatt
19.88	138.37
5.83	138.37
0.59
0.47
0.48
0.49
0.54
0.49
0.47
0.41
0.45
0.39
0.38
0.51
0.54
0.54
0.52
0.44
0.45
0.45
0.45
0.38
0.41
0.40
0.40
0.35
0.35
0.36
0.35
0.51
0.50
0.50
0.49
CorWatt	PkgWatt
20.16	138.69
5.83	138.68
0.59
0.47
0.48
0.51
0.58
0.51
0.52
0.40
0.44
0.39
0.39
0.54
0.54
0.55
0.54
0.45
0.46
0.45
0.46
0.39
0.42
0.39
0.41
0.35
0.36
0.36
0.36
0.52
0.50
0.50
0.50
CorWatt	PkgWatt
20.10	138.59
5.82	138.59
0.61
0.50
0.51
0.51
0.53
0.49
0.49
0.39
0.43
0.40
0.39
0.52
0.54
0.54
0.52
0.47
0.45
0.46
0.45
0.41
0.43
0.38
0.42
0.35
0.38
0.36
0.36
0.52
0.50
0.50
0.49
CorWatt	PkgWatt
19.93	138.48
5.83	138.47
0.61
0.47
0.44
0.53
0.49
0.48
0.48
0.39
0.45
0.38
0.39
0.51
0.54
0.54
0.52
0.44
0.46
0.44
0.45
0.38
0.40
0.37
0.38
0.37
0.37
0.38
0.38
0.51
0.50
0.50
0.50
CorWatt	PkgWatt
20.26	138.70
5.83	138.69
0.60
0.48
0.46
0.50
0.54
0.49
0.48
0.39
0.45
0.38
0.40
0.51
0.55
0.55
0.52
0.45
0.45
0.48
0.48
0.38
0.41
0.41
0.40
0.38
0.41
0.39
0.39
0.54
0.50
0.52
0.52
CorWatt	PkgWatt
20.42	138.95
5.83	138.95
0.61
0.53
0.47
0.51
0.55
0.50
0.51
0.41
0.44
0.39
0.39
0.55
0.59
0.52
0.54
0.46
0.46
0.48
0.47
0.39
0.42
0.39
0.39
0.38
0.36
0.39
0.38
0.53
0.50
0.51
0.55
CorWatt	PkgWatt
20.13	138.71
5.83	138.72
0.61
0.50
0.46
0.50
0.54
0.50
0.50
0.38
0.48
0.39
0.42
0.50
0.58
0.51
0.52
0.46
0.48
0.48
0.48
0.38
0.40
0.39
0.38
0.37
0.35
0.37
0.37
0.51
0.51
0.50
0.50
CorWatt	PkgWatt
20.31	138.74
5.83	138.75
0.61
0.52
0.44
0.50
0.55
0.48
0.49
0.40
0.48
0.39
0.43
0.53
0.65
0.53
0.53
0.46
0.46
0.45
0.46
0.39
0.40
0.39
0.39
0.35
0.41
0.39
0.37
0.52
0.50
0.50
0.52
CorWatt	PkgWatt
19.64	134.29
2.71	134.30
0.64
0.60
0.99
0.60
0.55
0.56
0.68
0.42
0.48
0.45
0.48
0.63
0.69
0.63
0.57
0.53
0.53
0.51
0.52
0.46
0.50
0.47
0.48
0.42
0.43
0.42
0.44
0.57
0.55
0.56
0.56
CorWatt	PkgWatt
18.15	130.89
0.56	130.86
0.53
0.54
0.57
0.57
0.54
0.56
3.37
0.40
0.43
0.39
0.40
0.52
0.54
0.51
0.53
0.48
0.49
0.50
0.49
0.41
0.42
0.39
0.44
0.40
0.37
0.37
0.36
0.53
0.51
0.51
0.51
CorWatt	PkgWatt
17.85	130.75
0.57	130.75
0.55
0.55
0.57
0.56
0.53
0.53
3.34
0.39
0.43
0.39
0.41
0.50
0.53
0.50
0.52
0.46
0.48
0.47
0.48
0.39
0.41
0.39
0.39
0.35
0.38
0.37
0.37
0.51
0.52
0.52
0.51
CorWatt	PkgWatt
17.79	130.74
0.57	130.74
0.53
0.54
0.56
0.55
0.52
0.51
3.33
0.40
0.43
0.39
0.39
0.53
0.53
0.52
0.52
0.46
0.46
0.47
0.47
0.40
0.41
0.38
0.38
0.35
0.37
0.39
0.37
0.52
0.51
0.50
0.51
CorWatt	PkgWatt
17.73	130.65
0.56	130.65
0.53
0.52
0.58
0.55
0.52
0.52
3.33
0.39
0.43
0.40
0.40
0.51
0.52
0.52
0.51
0.45
0.48
0.47
0.48
0.39
0.42
0.38
0.38
0.35
0.37
0.38
0.35
0.51
0.51
0.51
0.49
CorWatt	PkgWatt
18.20	130.86
0.57	130.87
0.54
0.55
0.58
0.56
0.53
0.53
3.33
0.43
0.46
0.39
0.40
0.52
0.56
0.51
0.53
0.46
0.48
0.48
0.47
0.42
0.42
0.40
0.42
0.36
0.39
0.39
0.39
0.53
0.53
0.52
0.54
CorWatt	PkgWatt
17.72	130.51
0.57	130.51
0.53
0.54
0.56
0.55
0.52
0.53
3.34
0.38
0.44
0.38
0.39
0.50
0.51
0.50
0.51
0.45
0.46
0.47
0.47
0.39
0.42
0.39
0.39
0.37
0.37
0.39
0.37
0.51
0.52
0.50
0.50
CorWatt	PkgWatt
17.71	130.65
0.57	130.65
0.52
0.52
0.57
0.56
0.56
0.54
3.33
0.39
0.43
0.38
0.39
0.51
0.54
0.52
0.51
0.45
0.46
0.46
0.47
0.40
0.42
0.38
0.39
0.35
0.35
0.36
0.36
0.51
0.50
0.50
0.50
CorWatt	PkgWatt
18.13	130.86
0.57	130.85
0.55
0.54
0.57
0.57
0.53
0.54
3.34
0.40
0.46
0.41
0.42
0.54
0.52
0.54
0.55
0.47
0.47
0.48
0.47
0.42
0.42
0.39
0.40
0.38
0.37
0.36
0.37
0.53
0.53
0.50
0.51
CorWatt	PkgWatt
17.81	130.67
0.56	130.67
0.52
0.53
0.57
0.56
0.53
0.52
3.33
0.42
0.45
0.41
0.39
0.51
0.53
0.52
0.53
0.45
0.47
0.47
0.47
0.40
0.41
0.38
0.39
0.35
0.35
0.37
0.36
0.52
0.50
0.50
0.51
CorWatt	PkgWatt
17.68	130.49
0.58	130.48
0.53
0.53
0.57
0.56
0.52
0.53
3.33
0.39
0.43
0.39
0.39
0.50
0.51
0.50
0.52
0.46
0.47
0.47
0.47
0.39
0.41
0.39
0.39
0.37
0.36
0.36
0.35
0.51
0.50
0.50
0.49
CorWatt	PkgWatt
17.73	130.59
0.58	130.59
0.54
0.53
0.59
0.54
0.52
0.52
3.33
0.38
0.43
0.39
0.39
0.53
0.54
0.52
0.52
0.45
0.47
0.47
0.47
0.40
0.41
0.38
0.39
0.35
0.35
0.36
0.36
0.51
0.50
0.50
0.50
CorWatt	PkgWatt
17.84	130.60
0.57	130.61
0.56
0.51
0.59
0.55
0.54
0.52
3.33
0.40
0.45
0.41
0.40
0.52
0.53
0.54
0.54
0.46
0.47
0.47
0.47
0.39
0.41
0.38
0.39
0.35
0.35
0.38
0.38
0.51
0.51
0.50
0.49
CorWatt	PkgWatt
17.88	130.62
0.60	130.60
0.54
0.50
0.57
0.56
0.53
0.52
3.34
0.38
0.43
0.39
0.39
0.52
0.53
0.51
0.52
0.50
0.48
0.49
0.49
0.40
0.41
0.39
0.39
0.37
0.37
0.37
0.36
0.52
0.50
0.50
0.51
CorWatt	PkgWatt
17.79	130.59
0.58	130.60
0.55
0.50
0.57
0.59
0.52
0.52
3.33
0.39
0.46
0.40
0.39
0.51
0.53
0.52
0.51
0.47
0.47
0.47
0.48
0.41
0.42
0.39
0.39
0.35
0.35
0.36
0.36
0.51
0.50
0.50
0.49
CorWatt	PkgWatt
17.72	130.45
0.57	130.45
0.53
0.50
0.56
0.56
0.53
0.52
3.33
0.38
0.47
0.39
0.39
0.51
0.52
0.50
0.52
0.46
0.47
0.46
0.47
0.40
0.42
0.38
0.39
0.38
0.36
0.37
0.36
0.52
0.50
0.50
0.50
CorWatt	PkgWatt
17.87	130.60
0.58	130.60
0.56
0.52
0.58
0.59
0.52
0.55
3.33
0.38
0.44
0.40
0.39
0.50
0.51
0.50
0.52
0.46
0.46
0.47
0.47
0.39
0.42
0.39
0.39
0.37
0.38
0.38
0.35
0.55
0.52
0.52
0.49
CorWatt	PkgWatt
17.78	130.48
0.58	130.47
0.54
0.52
0.56
0.56
0.53
0.52
3.31
0.40
0.44
0.39
0.40
0.51
0.52
0.50
0.52
0.46
0.46
0.46
0.47
0.43
0.43
0.40
0.40
0.36
0.36
0.37
0.36
0.52
0.51
0.51
0.50
CorWatt	PkgWatt
18.40	130.52
0.59	130.54
0.60
0.58
0.79
0.77
0.68
0.69
1.06
0.46
0.46
0.44
0.47
0.57
0.55
0.56
0.59
0.89
0.55
0.56
0.55
0.46
0.48
0.46
0.46
0.47
0.49
0.45
0.46
0.58
0.58
0.57
0.57
CorWatt	PkgWatt
16.58	128.79
0.54	128.78
0.58
0.53
0.55
1.33
0.77
0.76
0.89
0.40
0.43
0.39
0.39
0.51
0.52
0.50
0.53
0.45
0.46
0.47
0.47
0.40
0.42
0.38
0.39
0.35
0.42
0.37
0.37
0.52
0.50
0.50
0.50
CorWatt	PkgWatt
16.68	128.83
0.51	128.83
0.57
0.52
0.58
1.38
0.78
0.77
0.83
0.39
0.46
0.41
0.40
0.50
0.51
0.50
0.52
0.46
0.47
0.47
0.46
0.39
0.42
0.40
0.39
0.37
0.42
0.38
0.38
0.51
0.52
0.51
0.49
CorWatt	PkgWatt
16.66	128.95
0.53	128.96
0.59
0.52
0.59
1.08
0.77
0.76
1.12
0.40
0.43
0.39
0.40
0.51
0.53
0.50
0.52
0.47
0.46
0.47
0.47
0.40
0.42
0.38
0.39
0.36
0.42
0.37
0.36
0.52
0.51
0.51
0.51
CorWatt	PkgWatt
16.45	128.69
0.52	128.69
0.53
0.51
0.59
1.41
0.76
0.76
0.81
0.40
0.45
0.39
0.40
0.50
0.51
0.50
0.52
0.46
0.46
0.47
0.46
0.39
0.41
0.40
0.41
0.35
0.35
0.37
0.35
0.51
0.50
0.50
0.50
CorWatt	PkgWatt
17.20	129.29
0.55	129.29
0.52
0.52
0.59
1.07
0.87
0.87
1.61
0.40
0.44
0.38
0.38
0.53
0.52
0.50
0.54
0.46
0.46
0.47
0.46
0.40
0.43
0.39
0.41
0.35
0.36
0.36
0.35
0.51
0.50
0.50
0.51
CorWatt	PkgWatt
19.67	131.73
0.54	131.74
0.53
0.57
0.61
2.64
1.18
1.18
1.77
0.40
0.43
0.41
0.38
0.53
0.51
0.50
0.52
0.48
0.46
0.47
0.47
0.42
0.43
0.39
0.43
0.35
0.36
0.37
0.35
0.51
0.50
0.50
0.49
CorWatt	PkgWatt
19.80	131.78
0.54	131.77
0.52
0.55
0.60
1.24
1.23
1.23
3.20
0.40
0.47
0.39
0.40
0.51
0.52
0.50
0.52
0.46
0.47
0.47
0.47
0.41
0.42
0.39
0.40
0.37
0.38
0.37
0.37
0.52
0.50
0.50
0.51
CorWatt	PkgWatt
19.79	131.66
0.53	131.66
0.52
0.52
0.63
1.23
1.23
1.22
3.19
0.39
0.44
0.39
0.39
0.50
0.51
0.50
0.52
0.46
0.46
0.49
0.48
0.39
0.41
0.41
0.40
0.37
0.37
0.39
0.37
0.53
0.52
0.52
0.50
CorWatt	PkgWatt
19.64	131.64
0.54	131.63
0.52
0.51
0.61
1.64
1.23
1.23
2.80
0.38
0.44
0.39
0.39
0.52
0.53
0.50
0.52
0.45
0.46
0.46
0.47
0.40
0.42
0.39
0.39
0.37
0.35
0.37
0.36
0.51
0.50
0.51
0.50
CorWatt	PkgWatt
19.75	131.74
0.52	131.74
0.52
0.51
0.62
2.73
1.70
1.23
1.23
0.39
0.43
0.39
0.39
0.50
0.51
0.50
0.52
0.47
0.48
0.50
0.49
0.39
0.42
0.39
0.39
0.38
0.37
0.38
0.36
0.51
0.51
0.51
0.51
CorWatt	PkgWatt
19.74	131.81
0.53	131.82
0.52
0.54
0.59
3.20
1.20
1.18
1.19
0.39
0.45
0.39
0.40
0.51
0.53
0.52
0.53
0.49
0.47
0.47
0.48
0.41
0.43
0.40
0.40
0.36
0.38
0.38
0.37
0.52
0.50
0.50
0.52
CorWatt	PkgWatt
19.69	131.80
0.56	131.80
0.54
0.54
0.59
1.24
3.21
1.23
1.23
0.39
0.43
0.39
0.41
0.50
0.51
0.50
0.52
0.46
0.47
0.47
0.47
0.39
0.42
0.39
0.40
0.35
0.38
0.36
0.36
0.51
0.50
0.50
0.49
CorWatt	PkgWatt
19.76	131.79
0.59	131.79
0.53
0.50
0.55
1.23
3.21
1.23
1.23
0.43
0.43
0.38
0.39
0.52
0.52
0.50
0.53
0.48
0.48
0.49
0.48
0.42
0.41
0.38
0.39
0.37
0.36
0.36
0.35
0.51
0.50
0.50
0.50
CorWatt	PkgWatt
19.65	131.65
0.61	131.65
0.53
0.52
0.51
2.78
1.67
1.23
1.22
0.39
0.43
0.38
0.39
0.51
0.52
0.50
0.52
0.46
0.48
0.48
0.49
0.39
0.41
0.39
0.40
0.35
0.35
0.36
0.36
0.51
0.52
0.50
0.50
CorWatt	PkgWatt
19.81	131.84
0.61	131.84
0.53
0.51
0.52
1.22
3.21
1.21
1.21
0.39
0.45
0.40
0.39
0.51
0.53
0.52
0.52
0.46
0.47
0.49
0.49
0.41
0.42
0.40
0.41
0.36
0.37
0.39
0.37
0.52
0.51
0.51
0.52
CorWatt	PkgWatt
19.67	131.61
0.61	131.62
0.54
0.51
0.53
2.31
2.12
1.21
1.20
0.39
0.43
0.40
0.40
0.50
0.51
0.52
0.51
0.46
0.48
0.47
0.49
0.39
0.42
0.39
0.39
0.35
0.38
0.39
0.36
0.51
0.50
0.50
0.49
CorWatt	PkgWatt
19.57	131.54
0.69	131.57
0.64
0.61
0.60
2.01
1.04
0.95
0.96
0.49
0.52
0.45
0.43
0.57
0.54
0.52
0.54
0.50
0.56
0.54
0.52
0.49
0.47
0.48
0.48
0.40
0.42
0.47
0.46
0.62
0.57
0.52
0.54
