CorWatt	PkgWatt
15.56	128.18
0.56	128.19
0.47
0.46
0.62
0.52
0.55
0.52
0.49
0.42
0.45
0.42
0.46
0.52
0.55
0.53
0.55
0.48
0.52
0.48
0.52
0.44
0.43
0.42
0.42
0.38
0.37
0.38
0.40
0.60
0.54
0.53
0.53
CorWatt	PkgWatt
15.15	127.34
0.57	128.01
0.45
0.47
0.46
0.51
0.54
0.50
0.49
0.40
0.48
0.40
0.45
0.54
0.53
0.53
0.54
0.47
0.54
0.47
0.51
0.43
0.42
0.41
0.42
0.38
0.38
0.38
0.38
0.59
0.55
0.52
0.51
CorWatt	PkgWatt
18.59	131.23
0.66	130.56
0.55
0.59
0.55
0.57
0.60
0.56
0.56
0.52
0.52
0.51
0.54
0.59
0.60
0.58
0.61
0.56
0.57
0.56
0.55
0.52
0.51
0.53
0.49
0.57
0.59
0.57
0.54
0.69
0.72
0.75
0.67
CorWatt	PkgWatt
16.78	129.61
0.58	129.40
0.52
0.51
0.53
0.54
0.59
0.57
0.53
0.42
0.48
0.44
0.43
0.55
0.59
0.56
0.61
0.52
0.52
0.52
0.51
0.46
0.45
0.47
0.44
0.41
0.45
0.44
0.43
0.67
0.62
0.78
0.61
