CorWatt	PkgWatt
15.41	128.54
0.56	128.55
0.52
0.51
0.48
0.54
0.55
0.52
0.52
0.42
0.45
0.39
0.42
0.65
0.63
0.51
0.56
0.46
0.48
0.49
0.47
0.42
0.40
0.41
0.43
0.37
0.37
0.38
0.36
0.55
0.54
0.54
0.52
CorWatt	PkgWatt
15.19	127.47
0.52	128.03
0.52
0.56
0.48
0.56
0.53
0.52
0.50
0.41
0.44
0.40
0.41
0.54
0.55
0.53
0.58
0.46
0.48
0.49
0.48
0.43
0.41
0.40
0.40
0.37
0.38
0.38
0.38
0.53
0.51
0.53
0.52
CorWatt	PkgWatt
67.79	161.74
0.94	185.76
2.21
2.28
2.23
2.34
2.31
2.29
2.24
2.20
2.20
2.22
2.20
2.34
2.32
2.36
2.37
2.30
2.31
2.14
2.16
2.25
2.24
2.04
2.03
2.29
2.27
2.09
2.12
4.05
2.66
2.32
2.33
