CorWatt	PkgWatt
4.50	152.35
0.09	76.43
0.08
0.09
0.08
0.08
0.08
0.08
0.08
0.08
0.07
0.07
0.07
0.07
0.07
0.07
0.07
0.08
0.08
0.08
0.08
0.09
0.08
0.08
0.08
0.08
0.08
0.08
0.08
0.07
0.08
0.08
0.08
0.07	75.96
0.07
0.07
0.07
0.07
0.07
0.07
0.07
0.06
0.06
0.05
0.06
0.05
0.05
0.06
0.05
0.07
0.07
0.07
0.07
0.07
0.07
0.07
0.07
0.07
0.06
0.06
0.06
0.06
0.06
0.06
0.06
CorWatt	PkgWatt
4.76	151.85
0.09	76.02
0.08
0.08
0.08
0.08
0.08
0.08
0.08
0.07
0.07
0.07
0.07
0.07
0.07
0.07
0.07
0.08
0.08
0.08
0.08
0.09
0.08
0.08
0.08
0.08
0.08
0.08
0.08
0.07
0.07
0.08
0.07
0.07	75.79
0.07
0.08
0.08
0.08
0.08
0.07
0.07
0.06
0.06
0.06
0.07
0.06
0.06
0.06
0.06
0.09
0.07
0.07
0.07
0.07
0.09
0.08
0.07
0.12
0.07
0.07
0.07
0.11
0.06
0.06
0.07
