CorWatt	PkgWatt
15.27	127.51
0.54	127.60
0.59
0.51
0.50
0.53
0.52
0.52
0.49
0.42
0.57
0.44
0.42
0.52
0.56
0.55
0.55
0.46
0.47
0.48
0.50
0.40
0.39
0.39
0.40
0.36
0.35
0.38
0.36
0.53
0.54
0.51
0.52
CorWatt	PkgWatt
14.96	127.06
0.57	127.48
0.55
0.50
0.50
0.49
0.51
0.52
0.50
0.40
0.47
0.43
0.39
0.53
0.53
0.53
0.52
0.46
0.49
0.48
0.50
0.39
0.39
0.40
0.39
0.36
0.35
0.37
0.35
0.53
0.52
0.52
0.55
CorWatt	PkgWatt
21.49	133.78
0.80	133.27
0.71
0.75
0.68
0.66
0.71
0.73
0.67
2.52
0.54
0.59
0.48
0.59
0.69
0.68
0.62
0.59
0.60
0.64
0.58
0.48
0.47
0.48
0.55
0.54
0.44
0.45
0.47
0.67
0.70
0.71
0.67
CorWatt	PkgWatt
16.52	128.80
0.59	128.79
0.58
0.56
0.52
0.49
0.52
0.49
0.49
0.49
0.48
0.41
0.40
0.76
0.77
0.80
1.24
0.47
0.46
0.47
0.46
0.39
0.39
0.38
0.38
0.36
0.35
0.38
0.37
0.53
0.51
0.51
0.53
CorWatt	PkgWatt
16.35	128.48
0.54	128.48
0.56
0.51
0.54
0.49
0.51
0.49
0.48
0.49
0.44
0.38
0.40
0.75
0.77
0.79
1.30
0.47
0.47
0.46
0.47
0.39
0.39
0.39
0.38
0.36
0.35
0.36
0.35
0.52
0.51
0.52
0.54
CorWatt	PkgWatt
17.54	129.21
0.59	129.27
0.59
0.53
0.53
0.53
0.55
0.56
0.52
0.50
0.48
0.43
0.44
0.73
0.70
0.71
1.04
0.53
0.50
0.50
0.50
0.43
0.43
0.43
0.42
0.48
0.48
0.49
0.69
0.56
0.55
0.56
0.57
CorWatt	PkgWatt
16.42	128.63
0.52	128.57
0.47
0.49
0.45
0.49
0.52
0.51
0.50
0.41
0.47
0.38
0.39
0.63
0.53
0.54
0.52
0.47
0.49
0.48
0.47
0.39
0.39
0.39
0.38
0.61
0.60
0.61
1.20
0.52
0.52
0.52
0.54
CorWatt	PkgWatt
16.68	128.79
0.55	128.80
0.46
0.53
0.50
0.51
0.51
0.52
0.50
0.39
0.46
0.38
0.38
0.62
0.52
0.53
0.52
0.47
0.45
0.48
0.47
0.39
0.38
0.38
0.38
0.60
0.59
0.58
1.44
0.58
0.54
0.54
0.52
CorWatt	PkgWatt
17.41	130.45
0.53	130.44
0.45
0.50
0.45
0.48
0.51
0.50
0.48
0.40
0.45
0.37
0.38
0.61
0.51
0.52
0.51
0.47
0.47
0.46
0.46
0.39
0.40
0.40
0.38
0.37
0.36
0.37
3.11
0.55
0.52
0.50
0.52
CorWatt	PkgWatt
17.36	130.32
0.53	130.32
0.45
0.51
0.46
0.48
0.50
0.50
0.48
0.38
0.46
0.38
0.38
0.62
0.51
0.52
0.52
0.49
0.47
0.46
0.47
0.39
0.38
0.38
0.38
0.37
0.36
0.37
3.11
0.52
0.51
0.51
0.52
CorWatt	PkgWatt
17.48	130.44
0.54	130.43
0.45
0.51
0.47
0.49
0.52
0.51
0.49
0.40
0.44
0.38
0.38
0.61
0.52
0.53
0.52
0.48
0.47
0.46
0.46
0.39
0.39
0.38
0.38
0.37
0.37
0.38
3.11
0.52
0.51
0.50
0.51
CorWatt	PkgWatt
18.38	131.20
0.58	131.22
0.50
0.56
0.50
0.52
0.55
0.54
0.49
0.42
0.48
0.42
0.42
0.64
0.51
0.55
0.54
0.51
0.50
0.50
0.50
0.39
0.42
0.38
0.40
2.83
0.41
0.40
0.73
0.56
0.55
0.55
0.54
CorWatt	PkgWatt
17.39	130.34
0.55	130.33
0.47
0.50
0.46
0.48
0.52
0.50
0.48
0.39
0.43
0.38
0.38
0.61
0.52
0.52
0.51
0.47
0.46
0.46
0.49
0.40
0.38
0.38
0.38
3.12
0.36
0.37
0.37
0.52
0.51
0.50
0.52
CorWatt	PkgWatt
17.33	130.23
0.54	130.23
0.44
0.48
0.45
0.48
0.51
0.50
0.48
0.40
0.42
0.40
0.40
0.61
0.50
0.52
0.51
0.46
0.46
0.46
0.46
0.38
0.40
0.38
0.38
3.12
0.36
0.37
0.36
0.52
0.51
0.50
0.55
CorWatt	PkgWatt
17.57	130.59
0.53	130.59
0.45
0.49
0.45
0.52
0.51
0.53
0.52
0.40
0.43
0.39
0.39
0.61
0.52
0.53
0.52
0.47
0.46
0.46
0.46
0.39
0.41
0.38
0.41
3.12
0.38
0.37
0.37
0.55
0.51
0.51
0.53
CorWatt	PkgWatt
17.50	130.44
0.54	130.44
0.46
0.50
0.47
0.49
0.50
0.52
0.50
0.38
0.44
0.40
0.39
0.61
0.51
0.53
0.52
0.50
0.46
0.46
0.46
0.42
0.39
0.38
0.40
3.12
0.37
0.37
0.37
0.52
0.51
0.50
0.52
CorWatt	PkgWatt
17.37	130.36
0.53	130.36
0.46
0.48
0.46
0.48
0.50
0.51
0.48
0.40
0.47
0.38
0.38
0.60
0.52
0.53
0.52
0.48
0.47
0.46
0.46
0.40
0.38
0.38
0.38
3.12
0.37
0.37
0.38
0.52
0.51
0.50
0.51
CorWatt	PkgWatt
17.58	130.50
0.54	130.51
0.47
0.48
0.46
0.50
0.53
0.51
0.49
0.38
0.46
0.38
0.38
0.61
0.52
0.53
0.51
0.47
0.46
0.47
0.48
0.40
0.38
0.38
0.38
3.12
0.38
0.40
0.39
0.52
0.54
0.53
0.52
CorWatt	PkgWatt
17.48	130.59
0.53	130.58
0.48
0.45
0.48
0.50
0.51
0.51
0.50
0.39
0.44
0.38
0.38
0.60
0.52
0.53
0.52
0.48
0.47
0.48
0.47
0.40
0.39
0.38
0.38
3.12
0.37
0.38
0.37
0.53
0.52
0.51
0.52
CorWatt	PkgWatt
17.43	130.43
0.53	130.43
0.47
0.49
0.46
0.49
0.51
0.51
0.49
0.38
0.43
0.37
0.39
0.60
0.51
0.52
0.52
0.47
0.48
0.49
0.49
0.38
0.38
0.38
0.38
3.10
0.37
0.38
0.36
0.52
0.51
0.51
0.57
CorWatt	PkgWatt
18.02	129.97
0.55	129.99
0.51
0.50
0.53
0.52
0.56
0.55
0.52
0.79
0.81
0.56
0.60
0.65
0.83
0.60
0.60
0.55
0.54
0.52
0.53
0.78
0.45
0.44
0.44
0.46
0.42
0.43
0.42
0.63
0.56
0.58
0.59
CorWatt	PkgWatt
17.12	129.07
0.54	129.05
0.49
0.48
0.54
0.50
0.51
0.52
0.49
1.26
0.96
0.73
0.73
0.52
0.65
0.52
0.54
0.49
0.48
0.48
0.48
0.39
0.39
0.39
0.39
0.37
0.37
0.38
0.37
0.58
0.52
0.52
0.53
CorWatt	PkgWatt
16.84	128.89
0.49	128.88
0.46
0.45
0.51
0.49
0.52
0.53
0.51
0.76
1.42
0.73
0.73
0.51
0.65
0.51
0.53
0.48
0.48
0.48
0.50
0.40
0.38
0.38
0.38
0.36
0.36
0.37
0.36
0.58
0.51
0.51
0.52
CorWatt	PkgWatt
16.62	128.69
0.50	128.69
0.47
0.44
0.49
0.49
0.50
0.53
0.49
1.40
0.79
0.73
0.73
0.50
0.63
0.50
0.52
0.47
0.49
0.46
0.48
0.38
0.38
0.38
0.38
0.35
0.35
0.36
0.35
0.57
0.51
0.50
0.52
CorWatt	PkgWatt
16.66	128.78
0.52	128.78
0.47
0.44
0.50
0.48
0.51
0.51
0.48
1.40
0.77
0.72
0.73
0.51
0.64
0.50
0.52
0.47
0.47
0.46
0.47
0.39
0.38
0.38
0.38
0.35
0.37
0.38
0.37
0.58
0.51
0.50
0.51
CorWatt	PkgWatt
16.68	128.83
0.53	128.83
0.44
0.44
0.45
0.48
0.50
0.53
0.49
1.39
0.78
0.73
0.73
0.52
0.64
0.50
0.51
0.50
0.46
0.47
0.49
0.38
0.38
0.38
0.38
0.37
0.40
0.37
0.36
0.54
0.50
0.50
0.53
CorWatt	PkgWatt
18.23	129.91
0.55	129.91
0.45
0.47
0.47
0.49
0.51
0.51
0.49
1.74
1.31
0.96
0.95
0.51
0.66
0.51
0.54
0.48
0.48
0.47
0.47
0.41
0.39
0.40
0.40
0.37
0.38
0.37
0.38
0.54
0.54
0.51
0.53
CorWatt	PkgWatt
19.71	131.24
0.55	131.24
0.43
0.45
0.46
0.48
0.51
0.50
0.48
3.00
1.23
1.23
1.23
0.51
0.64
0.50
0.52
0.47
0.46
0.47
0.49
0.38
0.38
0.38
0.38
0.37
0.38
0.39
0.36
0.52
0.52
0.51
0.54
CorWatt	PkgWatt
19.72	131.38
0.54	131.38
0.44
0.46
0.45
0.50
0.53
0.53
0.49
1.23
2.98
1.23
1.23
0.51
0.65
0.52
0.52
0.47
0.47
0.47
0.48
0.40
0.38
0.38
0.38
0.36
0.36
0.36
0.35
0.52
0.52
0.51
0.51
CorWatt	PkgWatt
19.75	131.31
0.58	131.31
0.46
0.44
0.46
0.48
0.51
0.50
0.48
2.98
1.23
1.23
1.23
0.53
0.65
0.53
0.54
0.47
0.45
0.47
0.47
0.38
0.39
0.38
0.39
0.36
0.36
0.36
0.35
0.52
0.53
0.51
0.52
CorWatt	PkgWatt
19.80	131.23
0.55	131.22
0.45
0.45
0.45
0.49
0.51
0.51
0.49
2.99
1.23
1.23
1.23
0.52
0.64
0.53
0.53
0.48
0.47
0.46
0.47
0.39
0.38
0.38
0.39
0.38
0.37
0.37
0.36
0.54
0.52
0.52
0.53
CorWatt	PkgWatt
19.80	131.39
0.55	131.39
0.45
0.46
0.52
0.49
0.50
0.53
0.49
1.23
2.99
1.23
1.23
0.51
0.65
0.51
0.53
0.47
0.47
0.47
0.47
0.38
0.38
0.38
0.38
0.36
0.36
0.37
0.36
0.52
0.51
0.51
0.53
CorWatt	PkgWatt
19.82	131.44
0.52	131.44
0.47
0.47
0.53
0.51
0.50
0.51
0.50
1.68
2.52
1.23
1.23
0.51
0.67
0.51
0.54
0.47
0.46
0.47
0.50
0.39
0.38
0.38
0.38
0.36
0.36
0.36
0.36
0.53
0.51
0.51
0.53
CorWatt	PkgWatt
19.69	131.23
0.56	131.23
0.44
0.46
0.48
0.48
0.51
0.50
0.48
2.98
1.23
1.23
1.23
0.52
0.67
0.52
0.52
0.47
0.46
0.46
0.47
0.38
0.38
0.38
0.38
0.36
0.36
0.38
0.37
0.52
0.52
0.51
0.51
CorWatt	PkgWatt
19.82	131.39
0.56	131.38
0.47
0.47
0.51
0.49
0.50
0.51
0.49
2.98
1.23
1.23
1.23
0.51
0.64
0.51
0.53
0.48
0.47
0.46
0.49
0.39
0.40
0.39
0.38
0.36
0.36
0.37
0.36
0.52
0.52
0.51
0.52
CorWatt	PkgWatt
19.63	131.22
0.55	131.22
0.46
0.44
0.49
0.48
0.50
0.51
0.48
2.99
1.23
1.23
1.23
0.51
0.64
0.50
0.52
0.47
0.46
0.45
0.47
0.40
0.38
0.38
0.38
0.36
0.36
0.36
0.35
0.53
0.51
0.51
0.51
CorWatt	PkgWatt
19.63	131.29
0.52	131.29
0.46
0.44
0.50
0.49
0.50
0.52
0.48
2.81
1.41
1.24
1.23
0.51
0.64
0.50
0.53
0.47
0.47
0.45
0.46
0.39
0.38
0.38
0.38
0.36
0.36
0.36
0.37
0.52
0.51
0.51
0.51
CorWatt	PkgWatt
19.73	131.49
0.58	131.47
0.51
0.51
0.58
0.54
0.54
0.58
0.53
1.73
1.13
0.92
0.89
0.57
0.72
0.59
0.58
0.55
0.52
0.52
0.52
0.75
0.43
0.42
0.43
0.41
0.41
0.42
0.41
0.61
0.59
0.59
0.63
CorWatt	PkgWatt
16.65	128.65
0.73	128.67
0.48
0.51
0.51
0.91
1.00
0.72
0.69
0.48
0.49
0.40
0.40
0.53
0.56
0.52
0.54
0.49
0.48
0.47
0.49
0.43
0.41
0.41
0.40
0.36
0.36
0.39
0.36
0.54
0.52
0.53
0.51
CorWatt	PkgWatt
16.01	128.21
0.58	128.21
0.47
0.46
0.51
1.03
0.88
0.75
0.72
0.45
0.46
0.39
0.38
0.52
0.51
0.49
0.53
0.50
0.49
0.45
0.48
0.38
0.38
0.38
0.38
0.35
0.35
0.36
0.35
0.51
0.51
0.50
0.52
CorWatt	PkgWatt
15.98	128.33
0.59	128.32
0.46
0.47
0.52
0.76
1.14
0.75
0.72
0.46
0.47
0.39
0.39
0.51
0.52
0.49
0.52
0.48
0.47
0.45
0.46
0.39
0.38
0.38
0.38
0.35
0.35
0.36
0.35
0.55
0.51
0.50
0.50
CorWatt	PkgWatt
16.42	128.45
0.60	128.46
0.52
0.47
0.49
0.77
1.14
0.76
0.73
0.45
0.46
0.39
0.40
0.52
0.52
0.52
0.54
0.49
0.48
0.46
0.47
0.39
0.40
0.39
0.40
0.36
0.39
0.39
0.38
0.56
0.52
0.52
0.54
CorWatt	PkgWatt
16.17	128.32
0.59	128.32
0.50
0.47
0.47
0.74
1.25
0.76
0.72
0.40
0.45
0.39
0.38
0.51
0.52
0.50
0.53
0.48
0.47
0.46
0.47
0.40
0.39
0.38
0.38
0.35
0.35
0.37
0.36
0.57
0.52
0.51
0.52
CorWatt	PkgWatt
18.69	133.61
0.60	133.61
0.50
0.45
0.48
0.54
4.45
0.53
0.49
0.38
0.45
0.40
0.40
0.51
0.55
0.50
0.52
0.48
0.48
0.46
0.47
0.40
0.40
0.38
0.38
0.35
0.35
0.36
0.35
0.58
0.51
0.50
0.51
CorWatt	PkgWatt
18.62	133.45
0.58	133.45
0.48
0.46
0.46
0.55
4.45
0.56
0.52
0.40
0.45
0.38
0.38
0.51
0.51
0.50
0.52
0.48
0.48
0.45
0.47
0.40
0.41
0.38
0.40
0.35
0.35
0.36
0.35
0.52
0.50
0.50
0.51
CorWatt	PkgWatt
18.68	133.55
0.59	133.56
0.50
0.47
0.48
0.53
4.45
0.53
0.51
0.39
0.45
0.40
0.40
0.51
0.51
0.52
0.52
0.50
0.46
0.45
0.46
0.42
0.39
0.39
0.41
0.35
0.35
0.36
0.35
0.51
0.50
0.50
0.51
CorWatt	PkgWatt
18.78	133.73
0.58	133.73
0.50
0.46
0.46
0.53
4.46
0.52
0.51
0.40
0.45
0.42
0.38
0.52
0.52
0.51
0.53
0.48
0.48
0.46
0.48
0.40
0.39
0.39
0.40
0.36
0.37
0.37
0.36
0.57
0.51
0.51
0.51
CorWatt	PkgWatt
18.72	133.58
0.60	133.58
0.49
0.47
0.47
0.55
4.45
0.52
0.50
0.38
0.45
0.39
0.38
0.50
0.51
0.50
0.52
0.48
0.47
0.47
0.47
0.41
0.39
0.38
0.39
0.36
0.38
0.40
0.37
0.56
0.53
0.52
0.51
CorWatt	PkgWatt
18.58	133.38
0.59	133.38
0.48
0.46
0.46
0.56
4.45
0.50
0.51
0.39
0.45
0.38
0.39
0.50
0.53
0.50
0.52
0.47
0.47
0.47
0.47
0.40
0.39
0.38
0.39
0.36
0.35
0.36
0.36
0.52
0.51
0.50
0.50
CorWatt	PkgWatt
18.64	133.54
0.60	133.58
0.50
0.46
0.46
0.53
4.46
0.51
0.49
0.38
0.44
0.38
0.39
0.50
0.51
0.50
0.53
0.48
0.49
0.47
0.48
0.39
0.39
0.38
0.39
0.37
0.35
0.37
0.35
0.56
0.51
0.51
0.53
CorWatt	PkgWatt
18.82	133.83
0.54	133.79
0.55
0.47
0.50
0.53
4.45
0.51
0.50
0.40
0.45
0.38
0.39
0.51
0.54
0.52
0.52
0.50
0.50
0.46
0.47
0.40
0.40
0.41
0.40
0.37
0.35
0.37
0.36
0.52
0.51
0.52
0.52
CorWatt	PkgWatt
18.61	133.62
0.57	133.61
0.57
0.49
0.51
0.52
4.45
0.50
0.49
0.39
0.44
0.39
0.38
0.50
0.52
0.50
0.53
0.48
0.48
0.45
0.47
0.39
0.39
0.39
0.39
0.35
0.35
0.36
0.35
0.51
0.50
0.50
0.51
CorWatt	PkgWatt
18.70	133.83
0.54	133.83
0.57
0.46
0.48
0.55
4.45
0.51
0.51
0.38
0.44
0.38
0.38
0.50
0.52
0.50
0.52
0.48
0.49
0.47
0.48
0.40
0.39
0.39
0.39
0.35
0.35
0.37
0.35
0.56
0.51
0.50
0.52
CorWatt	PkgWatt
18.61	133.54
0.54	133.54
0.58
0.46
0.47
0.53
4.45
0.52
0.50
0.38
0.43
0.38
0.38
0.50
0.53
0.50
0.52
0.48
0.49
0.45
0.48
0.39
0.39
0.38
0.39
0.35
0.35
0.36
0.35
0.55
0.50
0.50
0.51
CorWatt	PkgWatt
18.82	133.69
0.54	133.69
0.54
0.46
0.50
0.54
4.45
0.52
0.50
0.40
0.44
0.39
0.40
0.51
0.53
0.50
0.52
0.49
0.49
0.46
0.47
0.41
0.40
0.39
0.39
0.36
0.38
0.38
0.37
0.54
0.52
0.51
0.52
CorWatt	PkgWatt
18.16	130.64
0.59	130.65
0.62
0.54
0.57
0.58
1.09
0.61
0.55
0.44
0.49
0.98
0.46
0.73
0.66
0.65
0.84
0.55
0.52
0.51
0.53
0.44
0.44
0.43
0.44
0.40
0.40
0.40
0.41
0.62
0.56
0.56
0.58
CorWatt	PkgWatt
16.56	128.87
0.51	128.86
0.50
0.46
0.48
0.49
0.51
0.51
0.48
0.42
0.49
0.51
0.41
0.77
0.78
0.75
1.27
0.48
0.48
0.45
0.47
0.43
0.40
0.41
0.40
0.39
0.38
0.40
0.40
0.52
0.54
0.50
0.53
CorWatt	PkgWatt
16.08	128.43
0.50	128.43
0.50
0.45
0.46
0.49
0.51
0.51
0.48
0.39
0.45
0.50
0.38
0.74
0.76
0.74
1.26
0.48
0.47
0.45
0.46
0.39
0.39
0.38
0.38
0.37
0.37
0.39
0.36
0.52
0.51
0.50
0.54
CorWatt	PkgWatt
16.34	128.83
0.50	128.84
0.53
0.46
0.48
0.51
0.52
0.54
0.50
0.41
0.44
0.51
0.39
0.75
0.79
0.76
1.25
0.48
0.48
0.46
0.47
0.40
0.39
0.38
0.39
0.36
0.36
0.37
0.36
0.55
0.53
0.51
0.51
CorWatt	PkgWatt
16.15	128.58
0.53	128.58
0.52
0.45
0.46
0.48
0.50
0.51
0.48
0.39
0.45
0.51
0.38
1.02
0.78
0.75
1.02
0.47
0.46
0.46
0.47
0.39
0.38
0.38
0.40
0.35
0.35
0.36
0.35
0.53
0.52
0.50
0.52
CorWatt	PkgWatt
16.34	128.89
0.50	128.89
0.51
0.45
0.45
0.48
0.50
0.51
0.48
0.41
0.45
0.52
0.38
1.56
0.75
0.73
0.79
0.47
0.47
0.45
0.47
0.40
0.39
0.38
0.38
0.35
0.35
0.36
0.35
0.52
0.51
0.50
0.51
CorWatt	PkgWatt
18.35	131.04
0.58	131.05
0.53
0.51
0.51
0.54
0.50
0.56
0.49
0.42
0.48
0.52
0.38
3.22
0.66
0.63
0.69
0.47
0.47
0.49
0.46
0.39
0.40
0.38
0.39
0.36
0.37
0.37
0.38
0.58
0.55
0.54
0.55
CorWatt	PkgWatt
18.29	131.19
0.53	131.18
0.51
0.48
0.50
0.51
0.51
0.51
0.51
0.42
0.45
0.52
0.42
3.19
0.71
0.65
0.73
0.48
0.48
0.48
0.47
0.41
0.41
0.39
0.40
0.37
0.37
0.38
0.36
0.53
0.53
0.52
0.52
CorWatt	PkgWatt
17.81	130.74
0.53	130.73
0.49
0.46
0.45
0.48
0.50
0.51
0.48
0.39
0.46
0.53
0.39
3.20
0.69
0.64
0.70
0.48
0.46
0.46
0.46
0.39
0.38
0.38
0.38
0.36
0.36
0.39
0.37
0.52
0.52
0.50
0.51
CorWatt	PkgWatt
17.82	130.70
0.54	130.71
0.50
0.47
0.47
0.48
0.50
0.50
0.48
0.39
0.44
0.51
0.40
1.92
0.68
0.63
2.01
0.47
0.47
0.45
0.48
0.39
0.38
0.38
0.38
0.35
0.35
0.36
0.36
0.54
0.52
0.50
0.51
CorWatt	PkgWatt
18.14	130.97
0.57	130.98
0.51
0.48
0.49
0.49
0.50
0.54
0.48
0.40
0.48
0.54
0.40
3.19
0.66
0.66
0.73
0.48
0.47
0.45
0.46
0.43
0.42
0.39
0.38
0.38
0.35
0.36
0.35
0.52
0.54
0.51
0.51
CorWatt	PkgWatt
17.93	130.68
0.55	130.67
0.48
0.45
0.46
0.49
0.50
0.51
0.49
0.39
0.48
0.50
0.39
0.70
0.69
0.65
3.20
0.48
0.48
0.46
0.47
0.41
0.39
0.38
0.39
0.36
0.36
0.37
0.38
0.53
0.52
0.51
0.51
CorWatt	PkgWatt
17.91	130.55
0.55	130.56
0.48
0.47
0.48
0.50
0.50
0.53
0.50
0.38
0.44
0.51
0.40
0.63
0.67
0.62
3.23
0.48
0.46
0.45
0.46
0.39
0.38
0.38
0.38
0.38
0.37
0.39
0.36
0.56
0.53
0.54
0.51
CorWatt	PkgWatt
17.66	130.62
0.53	130.61
0.48
0.46
0.45
0.50
0.50
0.52
0.48
0.40
0.44
0.49
0.38
0.64
0.67
0.63
3.21
0.47
0.46
0.45
0.46
0.39
0.40
0.40
0.38
0.35
0.35
0.36
0.35
0.52
0.51
0.50
0.51
CorWatt	PkgWatt
17.69	130.56
0.54	130.56
0.48
0.47
0.45
0.48
0.50
0.52
0.49
0.38
0.44
0.50
0.38
0.64
0.67
0.64
3.21
0.49
0.48
0.45
0.48
0.39
0.38
0.38
0.38
0.35
0.35
0.36
0.36
0.52
0.52
0.50
0.51
CorWatt	PkgWatt
17.89	130.48
0.56	130.48
0.49
0.49
0.48
0.49
0.51
0.52
0.50
0.40
0.45
0.50
0.39
0.64
0.67
0.65
3.21
0.48
0.47
0.46
0.46
0.40
0.39
0.38
0.39
0.36
0.37
0.37
0.36
0.52
0.51
0.51
0.51
CorWatt	PkgWatt
17.79	130.62
0.55	130.62
0.45
0.51
0.45
0.48
0.50
0.51
0.49
0.39
0.45
0.49
0.39
0.65
0.68
0.63
3.21
0.47
0.47
0.45
0.46
0.39
0.39
0.38
0.40
0.35
0.37
0.39
0.37
0.52
0.51
0.51
0.53
CorWatt	PkgWatt
17.16	129.96
0.55	129.96
0.47
0.51
0.47
0.49
0.50
0.52
0.49
0.40
0.46
0.53
0.40
0.61
0.63
0.59
2.46
0.49
0.48
0.47
0.46
0.39
0.50
0.38
0.38
0.35
0.35
0.37
0.38
0.52
0.52
0.51
0.52
CorWatt	PkgWatt
18.27	130.44
0.59	130.45
0.52
0.53
0.52
0.56
0.56
0.58
0.54
0.47
0.50
0.49
0.48
0.58
0.58
0.59
0.66
0.70
0.69
1.01
0.87
0.45
0.91
0.44
0.45
0.41
0.42
0.43
0.41
0.61
0.57
0.56
0.58
CorWatt	PkgWatt
16.44	128.57
0.53	128.56
0.46
0.46
0.45
0.52
0.50
0.55
0.52
0.39
0.44
0.39
0.40
0.51
0.54
0.52
0.59
0.72
0.71
0.71
1.24
0.41
0.52
0.39
0.41
0.36
0.36
0.38
0.36
0.54
0.52
0.51
0.52
CorWatt	PkgWatt
16.32	128.72
0.54	128.72
0.44
0.48
0.48
0.49
0.50
0.53
0.50
0.40
0.44
0.41
0.41
0.51
0.51
0.52
0.58
0.72
0.71
1.12
0.88
0.43
0.50
0.38
0.41
0.35
0.35
0.36
0.35
0.52
0.51
0.50
0.51
CorWatt	PkgWatt
16.12	128.41
0.53	128.41
0.44
0.46
0.45
0.48
0.50
0.50
0.48
0.38
0.48
0.38
0.39
0.51
0.53
0.50
0.56
0.70
0.72
1.26
0.72
0.41
0.50
0.38
0.39
0.35
0.35
0.38
0.35
0.51
0.51
0.50
0.51
CorWatt	PkgWatt
16.20	128.51
0.54	128.50
0.44
0.47
0.45
0.50
0.50
0.52
0.49
0.38
0.43
0.39
0.40
0.50
0.51
0.50
0.52
0.71
0.70
0.72
1.27
0.41
0.50
0.39
0.39
0.36
0.37
0.40
0.37
0.53
0.53
0.52
0.51
CorWatt	PkgWatt
17.43	130.44
0.55	130.44
0.44
0.47
0.46
0.51
0.52
0.52
0.50
0.40
0.44
0.39
0.40
0.50
0.52
0.50
0.54
0.54
0.54
2.92
0.55
0.40
0.50
0.40
0.40
0.36
0.36
0.38
0.36
0.53
0.51
0.52
0.51
CorWatt	PkgWatt
17.78	131.11
0.56	131.12
0.44
0.48
0.45
0.49
0.50
0.50
0.48
0.38
0.44
0.38
0.41
0.50
0.53
0.50
0.52
0.51
0.50
3.39
0.50
0.40
0.50
0.39
0.39
0.38
0.38
0.38
0.37
0.53
0.53
0.57
0.52
CorWatt	PkgWatt
17.68	130.89
0.55	130.89
0.44
0.47
0.45
0.49
0.50
0.50
0.48
0.39
0.44
0.38
0.40
0.51
0.53
0.53
0.52
0.49
0.49
3.39
0.49
0.40
0.51
0.41
0.40
0.35
0.35
0.36
0.36
0.52
0.51
0.52
0.51
CorWatt	PkgWatt
17.64	130.86
0.57	130.86
0.46
0.49
0.50
0.49
0.50
0.50
0.48
0.38
0.44
0.39
0.39
0.51
0.52
0.50
0.52
0.49
0.48
3.38
0.47
0.40
0.50
0.39
0.40
0.35
0.35
0.37
0.35
0.51
0.52
0.51
0.50
CorWatt	PkgWatt
18.02	131.39
0.56	131.39
0.46
0.48
0.50
0.50
0.53
0.52
0.51
0.40
0.44
0.39
0.40
0.51
0.53
0.51
0.52
0.51
0.51
3.38
0.52
0.42
0.50
0.41
0.41
0.37
0.37
0.37
0.36
0.54
0.55
0.52
0.52
CorWatt	PkgWatt
17.58	130.81
0.55	130.81
0.46
0.48
0.50
0.50
0.50
0.52
0.49
0.38
0.42
0.38
0.39
0.50
0.51
0.50
0.51
0.49
0.50
3.38
0.50
0.40
0.51
0.39
0.39
0.35
0.35
0.36
0.35
0.51
0.51
0.50
0.50
CorWatt	PkgWatt
17.65	130.90
0.54	130.90
0.45
0.47
0.50
0.50
0.50
0.50
0.49
0.39
0.43
0.38
0.39
0.50
0.55
0.50
0.51
0.50
0.48
3.39
0.48
0.40
0.50
0.39
0.39
0.35
0.37
0.38
0.36
0.55
0.51
0.50
0.51
CorWatt	PkgWatt
17.80	131.06
0.55	131.07
0.44
0.48
0.49
0.50
0.51
0.52
0.49
0.38
0.43
0.41
0.40
0.51
0.51
0.50
0.51
0.51
0.48
3.38
0.50
0.40
0.50
0.39
0.39
0.37
0.39
0.38
0.36
0.52
0.51
0.56
0.50
CorWatt	PkgWatt
18.09	131.21
0.55	131.21
0.45
0.50
0.51
0.50
0.50
0.52
0.50
0.41
0.48
0.38
0.41
0.52
0.53
0.52
0.52
0.49
0.49
3.38
0.50
0.43
0.50
0.42
0.42
0.38
0.36
0.39
0.38
0.53
0.55
0.54
0.54
CorWatt	PkgWatt
17.60	130.92
0.53	130.91
0.44
0.48
0.49
0.50
0.50
0.51
0.48
0.38
0.43
0.38
0.39
0.50
0.51
0.50
0.52
0.49
0.48
3.39
0.47
0.40
0.51
0.40
0.40
0.37
0.37
0.38
0.35
0.52
0.52
0.50
0.52
CorWatt	PkgWatt
17.76	131.07
0.53	131.07
0.46
0.49
0.49
0.51
0.53
0.54
0.49
0.41
0.44
0.39
0.40
0.51
0.54
0.53
0.52
0.48
0.49
3.39
0.48
0.40
0.49
0.39
0.39
0.35
0.35
0.36
0.35
0.52
0.53
0.50
0.50
CorWatt	PkgWatt
17.73	131.07
0.54	131.08
0.46
0.48
0.49
0.50
0.50
0.52
0.49
0.40
0.44
0.39
0.40
0.52
0.55
0.53
0.54
0.50
0.48
3.39
0.47
0.40
0.50
0.39
0.41
0.35
0.35
0.36
0.35
0.52
0.52
0.50
0.50
CorWatt	PkgWatt
18.45	130.72
0.56	130.73
0.50
0.53
0.54
0.54
0.56
0.56
0.54
0.45
0.49
0.46
0.43
0.55
0.58
0.57
0.59
0.76
0.55
1.32
0.57
0.53
0.79
0.52
0.51
0.42
0.79
0.44
0.42
0.60
0.60
0.60
0.59
CorWatt	PkgWatt
16.96	129.06
0.52	129.05
0.44
0.48
0.49
0.51
0.51
0.53
0.49
0.39
0.44
0.39
0.42
0.53
0.52
0.51
0.52
0.60
0.50
0.48
0.48
0.74
1.43
0.74
0.73
0.35
0.36
0.37
0.35
0.54
0.55
0.53
0.51
CorWatt	PkgWatt
17.18	129.35
0.51	129.35
0.44
0.51
0.53
0.51
0.51
0.52
0.51
0.42
0.46
0.42
0.40
0.52
0.57
0.52
0.55
0.59
0.49
0.48
0.48
0.75
1.43
0.76
0.74
0.36
0.37
0.37
0.36
0.52
0.53
0.53
0.52
CorWatt	PkgWatt
16.80	128.97
0.53	128.97
0.44
0.51
0.45
0.49
0.50
0.51
0.48
0.40
0.47
0.40
0.39
0.50
0.51
0.50
0.52
0.59
0.48
0.46
0.47
0.74
0.79
1.43
0.74
0.35
0.36
0.38
0.36
0.51
0.52
0.52
0.51
CorWatt	PkgWatt
16.87	128.94
0.52	128.94
0.44
0.53
0.46
0.50
0.51
0.51
0.49
0.40
0.43
0.39
0.40
0.51
0.53
0.50
0.52
0.59
0.48
0.46
0.49
0.74
0.78
1.42
0.74
0.36
0.36
0.37
0.35
0.52
0.52
0.51
0.51
CorWatt	PkgWatt
16.70	128.94
0.52	128.94
0.44
0.50
0.45
0.49
0.50
0.53
0.48
0.39
0.44
0.39
0.40
0.50
0.51
0.49
0.52
0.60
0.46
0.46
0.47
0.75
0.78
1.41
0.74
0.35
0.35
0.37
0.35
0.51
0.51
0.51
0.50
CorWatt	PkgWatt
17.16	129.41
0.51	129.41
0.44
0.49
0.46
0.48
0.50
0.53
0.48
0.39
0.48
0.40
0.38
0.51
0.52
0.50
0.51
0.59
0.48
0.45
0.47
0.81
0.84
1.62
0.80
0.35
0.35
0.38
0.36
0.54
0.52
0.51
0.50
CorWatt	PkgWatt
19.98	132.07
0.54	132.07
0.44
0.51
0.47
0.50
0.50
0.54
0.50
0.40
0.44
0.38
0.38
0.51
0.51
0.50
0.51
0.59
0.47
0.46
0.47
1.24
1.24
3.03
1.24
0.38
0.37
0.38
0.35
0.54
0.52
0.55
0.51
CorWatt	PkgWatt
19.94	132.01
0.53	132.00
0.46
0.51
0.45
0.49
0.50
0.53
0.49
0.39
0.44
0.39
0.39
0.51
0.52
0.51
0.52
0.58
0.49
0.47
0.48
1.24
1.24
3.01
1.24
0.35
0.36
0.37
0.36
0.53
0.51
0.52
0.53
CorWatt	PkgWatt
19.75	132.02
0.53	132.02
0.44
0.51
0.46
0.49
0.50
0.52
0.48
0.38
0.44
0.38
0.38
0.50
0.51
0.50
0.51
0.60
0.49
0.46
0.49
1.24
1.24
3.00
1.24
0.35
0.35
0.36
0.35
0.51
0.52
0.52
0.50
CorWatt	PkgWatt
19.82	131.95
0.55	131.94
0.45
0.53
0.47
0.50
0.52
0.52
0.48
0.39
0.44
0.38
0.39
0.50
0.51
0.50
0.51
0.59
0.48
0.46
0.47
1.24
1.62
2.63
1.24
0.35
0.35
0.36
0.35
0.51
0.50
0.50
0.50
CorWatt	PkgWatt
19.87	132.08
0.54	132.08
0.44
0.50
0.45
0.49
0.50
0.52
0.49
0.38
0.45
0.39
0.38
0.50
0.51
0.50
0.51
0.59
0.48
0.46
0.47
1.24
1.24
3.02
1.24
0.36
0.36
0.38
0.38
0.54
0.52
0.52
0.52
CorWatt	PkgWatt
19.95	132.13
0.54	132.13
0.46
0.53
0.45
0.49
0.51
0.52
0.49
0.40
0.43
0.39
0.39
0.51
0.53
0.50
0.52
0.58
0.48
0.46
0.47
1.24
1.24
3.01
1.24
0.37
0.37
0.38
0.35
0.54
0.52
0.51
0.51
CorWatt	PkgWatt
19.84	132.05
0.54	132.05
0.44
0.51
0.46
0.49
0.51
0.52
0.48
0.39
0.43
0.40
0.41
0.50
0.51
0.51
0.51
0.59
0.48
0.46
0.47
1.24
2.56
1.69
1.24
0.36
0.35
0.36
0.35
0.54
0.52
0.51
0.50
CorWatt	PkgWatt
19.85	132.23
0.53	132.22
0.44
0.49
0.45
0.51
0.50
0.56
0.51
0.39
0.42
0.39
0.39
0.52
0.51
0.51
0.51
0.60
0.48
0.46
0.47
1.24
3.01
1.24
1.24
0.35
0.36
0.36
0.35
0.51
0.52
0.51
0.50
CorWatt	PkgWatt
19.88	132.10
0.55	132.10
0.44
0.53
0.48
0.49
0.50
0.52
0.50
0.39
0.44
0.40
0.39
0.50
0.51
0.52
0.52
0.60
0.48
0.46
0.47
1.24
3.02
1.24
1.24
0.35
0.35
0.36
0.35
0.51
0.52
0.51
0.50
CorWatt	PkgWatt
19.96	132.10
0.53	132.10
0.45
0.51
0.45
0.49
0.50
0.51
0.49
0.39
0.48
0.40
0.39
0.51
0.53
0.51
0.53
0.58
0.48
0.47
0.47
1.24
2.55
1.71
1.24
0.36
0.36
0.38
0.37
0.52
0.51
0.52
0.51
CorWatt	PkgWatt
19.08	131.49
0.54	131.50
0.44
0.52
0.45
0.50
0.50
0.52
0.49
0.39
0.43
0.42
0.38
0.50
0.51
0.51
0.52
0.58
0.48
0.49
0.48
1.08
2.57
1.09
1.08
0.36
0.37
0.40
0.36
0.53
0.56
0.53
0.51
CorWatt	PkgWatt
20.09	134.57
0.60	134.59
0.51
0.59
0.77
0.59
0.60
3.56
0.60
0.45
0.49
0.46
0.45
0.58
0.58
0.58
0.59
0.60
0.54
0.51
0.55
0.47
0.53
0.48
0.47
0.42
0.42
0.43
0.42
0.57
0.57
0.56
0.55
CorWatt	PkgWatt
20.48	138.12
0.54	138.10
0.47
0.51
0.55
0.50
0.53
5.98
0.52
0.39
0.44
0.39
0.40
0.51
0.52
0.50
0.53
0.51
0.49
0.47
0.49
0.40
0.43
0.40
0.39
0.39
0.36
0.37
0.36
0.54
0.53
0.52
0.53
CorWatt	PkgWatt
20.44	138.23
0.54	138.23
0.45
0.50
0.54
0.51
0.53
5.99
0.53
0.40
0.44
0.41
0.41
0.51
0.55
0.52
0.52
0.49
0.48
0.46
0.48
0.41
0.46
0.41
0.40
0.37
0.36
0.37
0.35
0.52
0.52
0.51
0.51
CorWatt	PkgWatt
20.25	138.03
0.56	138.03
0.46
0.52
0.56
0.50
0.52
5.97
0.52
0.39
0.43
0.39
0.39
0.51
0.52
0.50
0.52
0.48
0.48
0.45
0.47
0.39
0.43
0.38
0.39
0.35
0.36
0.37
0.35
0.55
0.53
0.51
0.50
CorWatt	PkgWatt
20.28	138.13
0.54	138.13
0.44
0.48
0.57
0.50
0.54
5.98
0.53
0.39
0.45
0.39
0.39
0.50
0.52
0.50
0.52
0.49
0.50
0.45
0.49
0.40
0.43
0.39
0.39
0.35
0.36
0.36
0.36
0.52
0.54
0.50
0.50
CorWatt	PkgWatt
20.38	138.34
0.56	138.34
0.46
0.48
0.58
0.51
0.53
5.98
0.53
0.39
0.44
0.39
0.39
0.51
0.52
0.51
0.52
0.49
0.50
0.46
0.49
0.40
0.41
0.39
0.40
0.37
0.37
0.37
0.36
0.52
0.53
0.52
0.51
CorWatt	PkgWatt
20.36	138.33
0.55	138.33
0.45
0.48
0.57
0.51
0.53
5.98
0.53
0.39
0.43
0.39
0.40
0.51
0.53
0.50
0.52
0.49
0.48
0.46
0.50
0.40
0.40
0.39
0.40
0.37
0.38
0.38
0.37
0.54
0.51
0.51
0.52
CorWatt	PkgWatt
20.38	138.28
0.55	138.28
0.44
0.53
0.56
0.50
0.53
5.97
0.53
0.39
0.43
0.40
0.40
0.52
0.51
0.52
0.52
0.51
0.47
0.45
0.49
0.39
0.39
0.38
0.39
0.37
0.38
0.39
0.36
0.56
0.53
0.50
0.51
CorWatt	PkgWatt
20.54	138.31
0.54	138.31
0.45
0.53
0.56
0.51
0.53
5.99
0.53
0.42
0.48
0.38
0.40
0.51
0.53
0.51
0.52
0.49
0.48
0.46
0.48
0.42
0.40
0.40
0.41
0.38
0.36
0.39
0.37
0.52
0.53
0.51
0.54
CorWatt	PkgWatt
20.26	138.42
0.54	138.41
0.44
0.52
0.56
0.50
0.54
5.98
0.53
0.40
0.43
0.38
0.38
0.50
0.51
0.50
0.51
0.49
0.47
0.45
0.47
0.39
0.39
0.39
0.40
0.37
0.37
0.38
0.35
0.53
0.52
0.54
0.52
CorWatt	PkgWatt
20.47	138.26
0.53	138.26
0.45
0.53
0.57
0.53
0.56
5.98
0.55
0.41
0.43
0.41
0.38
0.51
0.52
0.54
0.52
0.49
0.48
0.46
0.47
0.41
0.41
0.39
0.40
0.36
0.37
0.37
0.35
0.53
0.53
0.51
0.51
CorWatt	PkgWatt
20.34	138.26
0.54	138.26
0.46
0.52
0.56
0.50
0.54
5.99
0.53
0.39
0.45
0.41
0.39
0.52
0.53
0.52
0.54
0.49
0.48
0.45
0.47
0.39
0.39
0.39
0.41
0.36
0.36
0.37
0.35
0.52
0.52
0.50
0.51
CorWatt	PkgWatt
20.31	138.37
0.54	138.36
0.44
0.52
0.57
0.50
0.53
5.99
0.53
0.41
0.45
0.41
0.39
0.51
0.53
0.52
0.52
0.49
0.48
0.45
0.48
0.40
0.40
0.39
0.39
0.36
0.36
0.36
0.35
0.51
0.51
0.51
0.51
CorWatt	PkgWatt
20.37	138.35
0.54	138.35
0.46
0.53
0.57
0.56
0.54
5.98
0.54
0.38
0.43
0.39
0.38
0.52
0.54
0.51
0.52
0.48
0.48
0.45
0.47
0.39
0.39
0.39
0.39
0.36
0.36
0.36
0.36
0.55
0.52
0.51
0.51
CorWatt	PkgWatt
20.63	138.45
0.54	138.45
0.45
0.55
0.58
0.53
0.55
5.98
0.54
0.39
0.45
0.41
0.41
0.53
0.57
0.53
0.55
0.49
0.48
0.46
0.47
0.41
0.41
0.39
0.40
0.37
0.36
0.37
0.35
0.54
0.53
0.52
0.52
CorWatt	PkgWatt
20.44	138.32
0.54	138.32
0.44
0.54
0.57
0.50
0.54
5.99
0.53
0.39
0.46
0.41
0.40
0.51
0.53
0.52
0.53
0.48
0.48
0.46
0.48
0.39
0.39
0.39
0.39
0.36
0.36
0.38
0.36
0.52
0.53
0.54
0.51
CorWatt	PkgWatt
20.27	138.41
0.54	138.41
0.49
0.51
0.57
0.50
0.54
5.98
0.52
0.38
0.43
0.38
0.40
0.51
0.52
0.50
0.52
0.49
0.48
0.45
0.48
0.40
0.41
0.39
0.39
0.36
0.36
0.36
0.35
0.52
0.52
0.51
0.51
CorWatt	PkgWatt
19.85	134.34
0.62	134.35
0.54
0.57
0.62
0.56
0.60
2.77
0.59
0.63
0.51
0.49
0.80
0.60
0.60
0.65
0.61
0.56
0.54
0.53
0.57
0.46
0.46
0.49
0.45
0.44
0.41
0.42
0.40
0.57
0.58
0.59
0.58
CorWatt	PkgWatt
18.21	131.19
0.57	131.17
0.46
0.50
0.49
0.51
0.52
0.54
0.50
0.52
0.50
0.40
0.40
0.56
0.59
3.31
0.59
0.49
0.50
0.47
0.49
0.42
0.42
0.40
0.40
0.38
0.38
0.39
0.38
0.55
0.54
0.53
0.53
CorWatt	PkgWatt
17.70	130.63
0.55	130.62
0.44
0.49
0.46
0.52
0.51
0.53
0.50
0.50
0.44
0.40
0.38
0.53
0.56
3.25
0.58
0.48
0.48
0.45
0.47
0.39
0.39
0.39
0.39
0.38
0.38
0.39
0.35
0.55
0.53
0.53
0.51
CorWatt	PkgWatt
17.62	130.60
0.53	130.60
0.45
0.51
0.45
0.49
0.50
0.53
0.48
0.51
0.43
0.41
0.38
0.56
0.56
3.23
0.56
0.49
0.48
0.45
0.47
0.40
0.41
0.40
0.39
0.35
0.36
0.37
0.35
0.54
0.53
0.51
0.51
CorWatt	PkgWatt
17.49	130.43
0.53	130.43
0.45
0.51
0.46
0.49
0.50
0.52
0.48
0.51
0.43
0.39
0.39
0.54
0.55
3.23
0.56
0.49
0.48
0.45
0.48
0.39
0.39
0.38
0.39
0.35
0.36
0.36
0.35
0.52
0.52
0.52
0.50
CorWatt	PkgWatt
17.70	130.53
0.55	130.53
0.47
0.53
0.47
0.49
0.52
0.52
0.49
0.50
0.45
0.40
0.39
0.54
0.56
3.23
0.57
0.48
0.47
0.46
0.48
0.40
0.42
0.38
0.41
0.36
0.37
0.38
0.36
0.53
0.51
0.51
0.51
CorWatt	PkgWatt
17.45	130.36
0.54	130.36
0.45
0.48
0.45
0.49
0.51
0.51
0.48
0.51
0.44
0.39
0.38
0.54
0.56
3.22
0.56
0.47
0.47
0.45
0.46
0.39
0.38
0.38
0.39
0.35
0.37
0.39
0.37
0.53
0.51
0.51
0.52
CorWatt	PkgWatt
17.36	130.14
0.55	130.14
0.46
0.50
0.45
0.49
0.51
0.51
0.48
0.49
0.43
0.39
0.38
0.53
0.56
3.23
0.56
0.47
0.47
0.45
0.46
0.39
0.39
0.38
0.38
0.35
0.35
0.36
0.35
0.52
0.51
0.50
0.50
CorWatt	PkgWatt
17.62	130.35
0.55	130.35
0.45
0.49
0.46
0.49
0.52
0.52
0.49
0.50
0.45
0.41
0.41
0.54
0.55
3.23
0.58
0.47
0.47
0.46
0.46
0.39
0.41
0.38
0.39
0.36
0.36
0.37
0.36
0.55
0.52
0.51
0.52
CorWatt	PkgWatt
17.60	130.26
0.52	130.26
0.45
0.48
0.45
0.51
0.50
0.54
0.52
0.51
0.43
0.39
0.40
0.54
0.57
3.22
0.56
0.47
0.47
0.46
0.46
0.39
0.41
0.40
0.40
0.37
0.37
0.37
0.35
0.54
0.52
0.51
0.51
CorWatt	PkgWatt
17.45	130.11
0.53	130.11
0.44
0.51
0.48
0.48
0.50
0.49
0.51
0.50
0.44
0.41
0.41
0.54
0.54
3.22
0.57
0.49
0.46
0.45
0.46
0.42
0.38
0.38
0.40
0.35
0.35
0.36
0.35
0.52
0.51
0.50
0.50
CorWatt	PkgWatt
18.15	130.54
0.56	130.55
0.46
0.50
0.48
0.52
0.53
0.52
0.51
0.52
0.50
0.42
0.42
0.57
0.61
1.65
2.16
0.50
0.50
0.48
0.49
0.39
0.42
0.38
0.38
0.38
0.38
0.38
0.39
0.55
0.54
0.53
0.52
CorWatt	PkgWatt
17.39	130.05
0.55	130.04
0.43
0.47
0.45
0.50
0.49
0.50
0.49
0.50
0.43
0.39
0.39
0.52
0.56
0.56
3.24
0.47
0.46
0.46
0.46
0.40
0.38
0.38
0.38
0.36
0.37
0.39
0.37
0.54
0.52
0.52
0.51
CorWatt	PkgWatt
17.49	129.96
0.55	129.96
0.45
0.46
0.46
0.51
0.52
0.52
0.49
0.48
0.46
0.38
0.40
0.53
0.58
0.54
3.25
0.48
0.47
0.45
0.47
0.39
0.40
0.38
0.38
0.36
0.37
0.37
0.36
0.53
0.50
0.51
0.50
CorWatt	PkgWatt
17.28	129.91
0.55	129.91
0.44
0.45
0.44
0.48
0.50
0.48
0.47
0.38
0.53
0.37
0.39
0.52
0.55
0.54
3.24
0.47
0.48
0.47
0.47
0.38
0.38
0.38
0.38
0.38
0.35
0.37
0.36
0.53
0.50
0.52
0.52
CorWatt	PkgWatt
17.19	129.74
0.54	129.73
0.44
0.45
0.44
0.48
0.49
0.49
0.47
0.40
0.53
0.37
0.40
0.52
0.57
0.53
3.23
0.47
0.47
0.44
0.46
0.39
0.41
0.40
0.38
0.35
0.35
0.35
0.35
0.51
0.50
0.50
0.51
CorWatt	PkgWatt
17.25	129.70
0.55	129.70
0.48
0.48
0.45
0.48
0.49
0.49
0.47
0.40
0.52
0.37
0.37
0.52
0.56
2.49
1.32
0.47
0.47
0.44
0.47
0.38
0.38
0.40
0.39
0.35
0.35
0.35
0.36
0.50
0.51
0.51
0.50
CorWatt	PkgWatt
17.52	129.86
0.52	129.86
0.48
0.47
0.45
0.49
0.51
0.49
0.49
0.41
0.52
0.40
0.38
0.53
0.56
3.22
0.60
0.47
0.48
0.44
0.53
0.39
0.39
0.38
0.40
0.37
0.36
0.36
0.36
0.52
0.52
0.50
0.50
CorWatt	PkgWatt
17.59	129.64
0.67	129.66
0.78
0.83
0.59
0.54
0.55
0.76
0.53
0.44
0.51
0.43
0.41
0.54
0.55
0.64
0.62
0.54
0.53
0.49
0.55
0.45
0.44
0.43
0.45
0.42
0.41
0.41
0.73
0.59
0.58
0.59
0.58
CorWatt	PkgWatt
16.30	128.18
0.77	128.16
0.74
1.29
0.71
0.50
0.51
0.60
0.49
0.40
0.43
0.38
0.38
0.50
0.52
0.50
0.56
0.48
0.48
0.45
0.46
0.39
0.40
0.39
0.38
0.35
0.37
0.38
0.37
0.55
0.52
0.51
0.51
CorWatt	PkgWatt
16.14	128.01
0.76	128.01
0.73
1.31
0.70
0.48
0.50
0.60
0.49
0.37
0.43
0.39
0.39
0.52
0.50
0.51
0.56
0.48
0.46
0.44
0.47
0.39
0.38
0.38
0.38
0.36
0.37
0.37
0.36
0.54
0.52
0.50
0.50
CorWatt	PkgWatt
16.48	128.55
0.76	128.55
0.94
1.13
0.71
0.49
0.50
0.60
0.50
0.40
0.48
0.39
0.40
0.50
0.53
0.49
0.58
0.48
0.48
0.44
0.47
0.44
0.39
0.39
0.40
0.38
0.37
0.38
0.38
0.52
0.53
0.50
0.54
CorWatt	PkgWatt
15.92	127.75
0.77	127.74
0.72
1.33
0.71
0.48
0.49
0.60
0.49
0.37
0.42
0.37
0.37
0.49
0.50
0.48
0.56
0.47
0.46
0.44
0.45
0.38
0.38
0.38
0.38
0.36
0.36
0.36
0.35
0.50
0.51
0.49
0.50
CorWatt	PkgWatt
16.83	128.39
0.85	128.39
0.83
1.75
0.82
0.50
0.52
0.61
0.50
0.39
0.43
0.39
0.37
0.49
0.51
0.52
0.56
0.47
0.47
0.44
0.45
0.39
0.38
0.38
0.38
0.35
0.35
0.35
0.35
0.51
0.53
0.50
0.50
CorWatt	PkgWatt
18.94	130.25
1.14	130.25
2.06
2.17
1.11
0.48
0.49
0.61
0.49
0.39
0.44
0.37
0.37
0.50
0.51
0.51
0.53
0.46
0.46
0.44
0.45
0.39
0.38
0.38
0.39
0.35
0.35
0.35
0.35
0.50
0.51
0.51
0.50
CorWatt	PkgWatt
19.24	130.60
1.18	130.60
3.07
1.18
1.17
0.49
0.51
0.61
0.51
0.40
0.45
0.40
0.38
0.51
0.51
0.52
0.51
0.47
0.47
0.45
0.46
0.40
0.40
0.38
0.38
0.35
0.35
0.36
0.36
0.51
0.50
0.49
0.50
CorWatt	PkgWatt
19.06	130.24
1.18	130.24
3.08
1.19
1.16
0.49
0.50
0.60
0.49
0.38
0.43
0.37
0.37
0.48
0.53
0.50
0.50
0.47
0.46
0.44
0.46
0.38
0.38
0.38
0.38
0.35
0.35
0.36
0.35
0.53
0.52
0.51
0.50
CorWatt	PkgWatt
19.18	130.40
1.18	130.40
3.07
1.19
1.17
0.50
0.50
0.60
0.52
0.38
0.44
0.39
0.39
0.51
0.55
0.51
0.53
0.47
0.46
0.45
0.45
0.39
0.39
0.38
0.38
0.35
0.35
0.35
0.35
0.50
0.50
0.50
0.50
CorWatt	PkgWatt
18.97	130.18
1.18	130.17
2.48
1.18
1.74
0.49
0.50
0.60
0.50
0.37
0.44
0.38
0.38
0.48
0.51
0.49
0.52
0.47
0.46
0.44
0.46
0.38
0.38
0.38
0.38
0.35
0.35
0.36
0.36
0.50
0.50
0.50
0.50
CorWatt	PkgWatt
19.03	130.34
1.14	130.34
1.24
1.14
2.97
0.49
0.50
0.59
0.51
0.39
0.42
0.37
0.39
0.49
0.51
0.49
0.51
0.48
0.46
0.45
0.47
0.39
0.39
0.39
0.38
0.36
0.35
0.35
0.35
0.53
0.50
0.51
0.50
CorWatt	PkgWatt
18.97	130.27
1.18	130.27
1.17
1.18
3.07
0.48
0.49
0.59
0.48
0.37
0.44
0.39
0.39
0.48
0.50
0.48
0.51
0.47
0.46
0.45
0.46
0.40
0.39
0.38
0.38
0.35
0.35
0.35
0.35
0.50
0.50
0.49
0.50
CorWatt	PkgWatt
19.12	130.25
1.18	130.25
3.07
1.18
1.17
0.49
0.49
0.59
0.47
0.38
0.47
0.37
0.37
0.50
0.51
0.48
0.50
0.48
0.47
0.44
0.46
0.41
0.38
0.38
0.38
0.35
0.35
0.36
0.35
0.53
0.53
0.50
0.50
CorWatt	PkgWatt
19.02	130.36
1.18	130.36
3.06
1.18
1.16
0.50
0.49
0.60
0.49
0.37
0.42
0.37
0.37
0.48
0.50
0.48
0.50
0.48
0.45
0.44
0.45
0.38
0.38
0.38
0.38
0.37
0.36
0.37
0.35
0.53
0.50
0.51
0.52
CorWatt	PkgWatt
19.07	130.28
1.16	130.28
1.35
1.17
2.85
0.49
0.50
0.59
0.48
0.37
0.43
0.38
0.37
0.51
0.51
0.50
0.50
0.48
0.48
0.45
0.46
0.40
0.41
0.40
0.39
0.36
0.35
0.35
0.35
0.51
0.50
0.51
0.50
CorWatt	PkgWatt
18.86	130.04
1.16	130.04
3.07
1.17
1.15
0.48
0.50
0.59
0.47
0.39
0.42
0.37
0.37
0.48
0.50
0.48
0.50
0.47
0.46
0.44
0.47
0.38
0.39
0.38
0.38
0.35
0.35
0.35
0.35
0.50
0.51
0.50
0.50
CorWatt	PkgWatt
18.77	129.80
0.94	129.83
1.66
0.91
1.11
0.55
0.56
0.65
0.59
0.47
0.46
0.38
0.41
0.52
0.56
0.60
0.57
0.48
0.48
0.47
0.46
0.46
0.42
0.45
0.48
0.40
0.38
0.39
0.41
0.74
0.62
0.60
0.60
