CorWatt	PkgWatt
15.58	128.18
0.54	128.17
0.50
0.49
0.46
0.55
0.53
0.52
0.52
0.45
0.48
0.40
0.42
0.54
0.53
0.52
0.55
0.48
0.50
0.47
0.55
0.41
0.42
0.45
0.54
0.39
0.40
0.39
0.39
0.55
0.54
0.56
0.54
CorWatt	PkgWatt
14.90	126.93
0.50	127.42
0.48
0.46
0.44
0.53
0.56
0.51
0.49
0.42
0.50
0.38
0.39
0.53
0.53
0.52
0.52
0.45
0.47
0.47
0.54
0.41
0.39
0.40
0.41
0.39
0.38
0.38
0.36
0.53
0.53
0.51
0.52
CorWatt	PkgWatt
68.59	162.64
0.92	185.03
2.43
2.31
3.79
2.47
2.41
2.41
2.37
2.27
2.28
2.25
2.24
2.41
2.40
2.42
2.43
2.31
2.30
2.11
2.17
2.26
2.25
2.06
2.02
2.26
2.22
2.03
2.04
2.45
2.47
2.25
2.23
