CorWatt	PkgWatt
6.05	156.66
0.11	78.22
0.10
0.10
0.10
0.10
0.10
0.10
0.10
0.09
0.09
0.09
0.09
0.09
0.08
0.08
0.08
0.10
0.10
0.10
0.10
0.11
0.10
0.10
0.10
0.10
0.10
0.10
0.10
0.09
0.09
0.09
0.09
0.09	78.53
0.10
0.09
0.09
0.10
0.10
0.09
0.10
0.09
0.08
0.09
0.08
0.08
0.08
0.08
0.08
0.10
0.09
0.10
0.09
0.10
0.18
0.10
0.10
0.09
0.09
0.09
0.09
0.08
0.08
0.08
0.09
CorWatt	PkgWatt
5.70	154.63
0.10	77.44
0.10
0.10
0.10
0.09
0.09
0.10
0.09
0.09
0.08
0.08
0.08
0.08
0.08
0.08
0.08
0.09
0.09
0.09
0.10
0.11
0.10
0.10
0.10
0.09
0.09
0.09
0.09
0.08
0.08
0.09
0.08
0.09	77.58
0.10
0.09
0.09
0.10
0.09
0.09
0.10
0.07
0.08
0.08
0.08
0.08
0.11
0.08
0.08
0.12
0.09
0.09
0.09
0.09
0.10
0.10
0.09
0.08
0.08
0.09
0.08
0.08
0.08
0.08
0.08
CorWatt	PkgWatt
16.00	186.69
0.18	88.90
0.14
0.14
0.16
0.29
0.27
0.32
0.30
0.12
0.12
0.13
0.11
0.11
0.11
0.11
0.12
0.13
0.12
0.12
0.14
0.15
0.13
0.13
0.13
0.12
0.12
0.14
0.12
0.14
0.16
0.15
0.13
0.25	97.42
0.30
0.27
0.29
0.33
0.30
0.40
0.25
0.25
0.22
0.31
0.34
0.27
2.28
0.24
0.28
0.30
0.29
0.29
0.23
0.30
0.28
0.30
0.37
0.33
0.30
0.29
0.25
0.26
0.21
0.24
0.28
