CorWatt	PkgWatt
15.28	127.54
0.53	127.53
0.47
0.52
0.52
0.51
0.55
0.59
0.55
0.42
0.53
0.39
0.45
0.51
0.52
0.52
0.54
0.45
0.49
0.50
0.49
0.40
0.41
0.41
0.40
0.38
0.37
0.39
0.35
0.56
0.51
0.53
0.52
CorWatt	PkgWatt
15.00	127.30
0.52	127.47
0.45
0.48
0.55
0.50
0.56
0.52
0.53
0.43
0.47
0.40
0.43
0.50
0.53
0.52
0.52
0.46
0.46
0.48
0.47
0.41
0.39
0.40
0.41
0.39
0.36
0.37
0.35
0.57
0.54
0.51
0.52
CorWatt	PkgWatt
20.69	132.45
0.75	132.33
0.76
0.78
0.76
0.68
0.68
0.63
0.78
0.63
0.60
0.52
0.57
0.59
0.66
0.62
0.64
0.64
0.66
0.68
0.71
0.58
0.58
0.58
0.66
0.50
0.49
0.54
0.57
0.78
0.72
0.70
0.68
CorWatt	PkgWatt
16.62	128.70
0.61	128.68
0.57
0.55
0.62
0.66
0.57
0.55
0.54
0.47
0.47
0.42
0.49
0.54
0.60
0.58
0.56
0.49
0.51
0.49
0.51
0.42
0.39
0.43
0.43
0.44
0.40
0.42
0.43
0.63
0.57
0.61
0.64
CorWatt	PkgWatt
15.85	128.04
0.58	128.02
0.49
0.53
0.60
0.53
0.54
0.53
0.56
0.47
0.43
0.40
0.42
0.53
0.53
0.50
0.54
0.51
0.47
0.56
0.53
0.50
0.46
0.44
0.47
0.41
0.39
0.38
0.35
0.55
0.54
0.56
0.55
CorWatt	PkgWatt
17.32	129.13
0.62	129.22
0.49
0.60
0.61
0.57
0.58
0.53
0.58
0.51
0.53
0.47
0.48
0.56
0.55
0.60
0.60
0.55
0.54
0.53
0.54
0.50
0.49
0.49
0.47
0.46
0.47
0.46
0.47
0.61
0.67
0.61
0.60
CorWatt	PkgWatt
15.77	128.18
0.57	128.11
0.49
0.49
0.57
0.50
0.52
0.50
0.56
0.44
0.44
0.42
0.41
0.55
0.54
0.54
0.57
0.51
0.53
0.51
0.52
0.48
0.42
0.44
0.52
0.41
0.39
0.42
0.39
0.53
0.53
0.53
0.52
CorWatt	PkgWatt
16.05	128.15
0.55	128.15
0.50
0.52
0.53
0.54
0.51
0.51
0.55
0.46
0.50
0.47
0.46
0.54
0.65
0.56
0.57
0.50
0.47
0.46
0.51
0.44
0.48
0.45
0.44
0.43
0.38
0.39
0.38
0.58
0.57
0.58
0.57
CorWatt	PkgWatt
15.54	127.90
0.57	127.88
0.46
0.48
0.53
0.52
0.50
0.50
0.57
0.44
0.50
0.46
0.47
0.53
0.63
0.56
0.61
0.45
0.47
0.45
0.47
0.44
0.41
0.41
0.40
0.40
0.39
0.40
0.38
0.55
0.53
0.54
0.54
CorWatt	PkgWatt
15.67	127.89
0.56	127.91
0.47
0.48
0.53
0.51
0.50
0.49
0.52
0.43
0.44
0.41
0.46
0.55
0.56
0.56
0.56
0.46
0.46
0.46
0.50
0.44
0.43
0.45
0.41
0.43
0.43
0.43
0.40
0.65
0.59
0.55
0.58
CorWatt	PkgWatt
15.63	127.99
0.56	127.98
0.47
0.47
0.52
0.55
0.55
0.54
0.59
0.45
0.51
0.45
0.47
0.52
0.62
0.55
0.58
0.45
0.49
0.47
0.47
0.44
0.43
0.40
0.39
0.41
0.36
0.39
0.40
0.52
0.53
0.51
0.55
CorWatt	PkgWatt
15.48	127.88
0.55	127.88
0.50
0.52
0.57
0.54
0.52
0.60
0.53
0.42
0.46
0.42
0.42
0.55
0.52
0.51
0.52
0.51
0.51
0.50
0.49
0.45
0.42
0.44
0.39
0.41
0.38
0.39
0.35
0.52
0.51
0.52
0.54
CorWatt	PkgWatt
19.58	131.06
0.69	131.07
0.76
0.67
0.71
0.68
0.62
0.63
0.72
0.67
0.54
0.58
0.55
0.60
0.59
0.57
0.60
0.60
0.59
0.64
0.55
0.56
0.55
0.50
0.54
0.47
0.54
0.53
0.53
0.71
0.69
0.73
0.66
