CorWatt	PkgWatt
15.52	127.49
0.53	127.51
0.53
0.53
0.49
0.51
0.51
0.49
0.51
0.42
0.45
0.39
0.41
0.55
0.56
0.55
0.56
0.48
0.49
0.51
0.50
0.43
0.43
0.45
0.45
0.38
0.38
0.40
0.40
0.58
0.53
0.52
0.60
CorWatt	PkgWatt
14.86	126.66
0.50	127.25
0.45
0.53
0.46
0.49
0.51
0.48
0.49
0.42
0.44
0.38
0.39
0.52
0.54
0.52
0.57
0.47
0.47
0.49
0.50
0.42
0.41
0.40
0.43
0.37
0.38
0.38
0.37
0.53
0.52
0.54
0.53
CorWatt	PkgWatt
17.54	130.14
0.64	129.54
0.54
0.59
0.54
0.71
0.59
0.60
0.62
0.52
0.53
0.52
0.55
0.55
0.60
0.67
0.60
0.62
0.54
0.52
0.58
0.54
0.44
0.46
0.42
0.42
0.42
0.51
0.41
0.54
0.53
0.65
0.53
CorWatt	PkgWatt
15.92	127.84
0.52	127.75
0.50
0.54
0.49
0.52
0.53
0.52
0.53
0.42
0.45
0.50
0.41
0.53
0.55
0.59
0.55
0.59
0.59
0.54
0.67
0.43
0.42
0.41
0.41
0.38
0.41
0.41
0.39
0.54
0.53
0.55
0.53
