CorWatt	PkgWatt
15.66	128.85
0.55	128.86
0.47
0.47
0.45
0.52
0.52
0.52
0.53
0.39
0.44
0.40
0.40
0.52
0.55
0.54
0.55
0.50
0.50
0.50
0.57
0.43
0.46
0.42
0.42
0.44
0.43
0.44
0.42
0.54
0.54
0.59
0.64
CorWatt	PkgWatt
15.09	127.81
0.51	128.20
0.50
0.48
0.46
0.52
0.51
0.51
0.51
0.39
0.43
0.38
0.38
0.52
0.53
0.51
0.52
0.47
0.48
0.51
0.56
0.44
0.45
0.43
0.40
0.37
0.40
0.45
0.39
0.54
0.52
0.53
0.51
CorWatt	PkgWatt
73.48	189.55
0.95	189.05
2.34
4.07
2.35
2.43
2.45
2.47
2.40
2.28
2.29
2.28
2.23
2.40
2.35
2.40
2.43
2.29
2.30
2.11
2.15
2.24
2.25
2.05
1.99
2.25
2.23
2.04
2.05
2.44
2.40
2.23
2.19
