CorWatt	PkgWatt
5.01	156.77
0.10	77.70
0.09
0.10
0.09
0.09
0.09
0.09
0.09
0.08
0.08
0.07
0.08
0.07
0.08
0.07
0.07
0.09
0.09
0.09
0.09
0.10
0.09
0.09
0.09
0.09
0.08
0.09
0.09
0.08
0.08
0.08
0.08
0.08	79.12
0.08
0.07
0.08
0.08
0.08
0.08
0.07
0.06
0.06
0.07
0.07
0.06
0.06
0.06
0.07
0.08
0.08
0.07
0.08
0.08
0.08
0.08
0.08
0.07
0.07
0.07
0.07
0.07
0.07
0.06
0.07
CorWatt	PkgWatt
4.60	152.02
0.08	76.20
0.08
0.09
0.08
0.08
0.08
0.08
0.08
0.07
0.07
0.06
0.07
0.07
0.14
0.07
0.07
0.08
0.08
0.08
0.08
0.09
0.08
0.08
0.08
0.08
0.08
0.08
0.08
0.07
0.07
0.07
0.07
0.08	75.71
0.07
0.06
0.06
0.07
0.07
0.08
0.06
0.07
0.06
0.06
0.06
0.06
0.06
0.06
0.09
0.07
0.07
0.07
0.07
0.07
0.08
0.07
0.07
0.07
0.06
0.06
0.09
0.06
0.05
0.05
0.06
