CorWatt	PkgWatt
9.70	162.14
0.25	85.58
0.24
2.13
0.24
0.18
0.18
0.18
0.18
0.16
0.16
0.16
0.16
0.16
0.16
0.16
0.16
0.18
0.18
0.18
0.17
0.20
0.19
0.18
0.18
0.17
0.17
0.17
0.17
0.17
0.16
0.17
0.16
0.07	76.47
0.07
0.07
0.07
0.07
0.07
0.07
0.07
0.06
0.05
0.06
0.06
0.06
0.05
0.05
0.05
0.07
0.07
0.07
0.07
0.07
0.07
0.07
0.07
0.07
0.07
0.07
0.07
0.06
0.05
0.05
0.06
CorWatt	PkgWatt
10.17	161.86
0.26	85.37
0.25
2.16
0.24
0.19
0.18
0.18
0.18
0.17
0.16
0.16
0.16
0.16
0.16
0.16
0.16
0.18
0.18
0.18
0.18
0.20
0.19
0.18
0.18
0.17
0.17
0.17
0.17
0.17
0.17
0.17
0.17
0.07	76.34
0.08
0.07
0.08
0.07
0.07
0.08
0.08
0.06
0.07
0.07
0.06
0.06
0.06
0.07
0.06
0.08
0.08
0.07
0.07
0.09
0.08
0.08
0.08
0.08
0.08
0.12
0.08
0.07
0.06
0.06
0.08
CorWatt	PkgWatt
16.60	178.65
0.31	94.43
0.26
3.03
0.33
0.29
0.28
0.29
0.54
0.23
0.28
0.25
0.25
0.33
0.34
0.17
0.17
0.19
0.19
0.37
0.34
0.24
0.40
0.23
0.41
0.35
0.19
0.19
0.37
0.30
0.18
0.18
0.35
0.12	84.33
0.16
0.13
0.13
0.11
0.14
0.13
0.14
0.12
0.12
0.17
0.31
0.14
0.13
0.15
0.24
0.17
0.15
0.14
0.13
0.13
0.13
0.16
0.13
0.18
0.13
0.20
0.14
0.15
0.12
0.12
0.15
CorWatt	PkgWatt
11.29	161.94
0.25	86.02
0.24
3.57
0.24
0.18
0.18
0.18
0.18
0.16
0.16
0.16
0.16
0.16
0.16
0.16
0.16
0.18
0.18
0.18
0.18
0.20
0.18
0.18
0.18
0.17
0.17
0.17
0.17
0.16
0.17
0.17
0.16
0.07	75.87
0.07
0.07
0.07
0.07
0.07
0.07
0.07
0.06
0.06
0.06
0.07
0.06
0.06
0.06
0.06
0.07
0.07
0.07
0.07
0.07
0.07
0.07
0.08
0.07
0.07
0.07
0.07
0.07
0.07
0.07
0.06
CorWatt	PkgWatt
7.73	156.54
0.17	80.83
0.16
1.67
0.17
0.13
0.13
0.13
0.13
0.12
0.12
0.12
0.12
0.11
0.11
0.11
0.11
0.13
0.13
0.13
0.12
0.14
0.13
0.13
0.13
0.12
0.12
0.12
0.12
0.12
0.12
0.12
0.12
0.07	75.69
0.07
0.07
0.07
0.07
0.07
0.07
0.07
0.06
0.06
0.06
0.06
0.06
0.06
0.07
0.06
0.07
0.07
0.07
0.07
0.07
0.07
0.07
0.07
0.07
0.07
0.07
0.07
0.06
0.06
0.06
0.06
CorWatt	PkgWatt
8.46	157.20
0.11	76.63
0.10
0.10
0.10
0.09
0.09
0.09
0.09
0.09
0.08
0.08
0.08
0.08
0.08
0.08
0.09
0.09
0.09
0.09
0.09
0.10
0.09
0.09
0.09
0.08
0.08
0.08
0.08
0.09
0.08
0.08
0.08
0.13	80.36
0.13
2.34
0.12
0.11
0.11
0.11
0.11
0.09
0.10
0.09
0.10
0.10
0.10
0.10
0.10
0.11
0.11
0.11
0.11
0.12
0.11
0.11
0.12
0.11
0.11
0.11
0.10
0.10
0.10
0.10
0.10
