CorWatt	PkgWatt
15.36	127.31
0.53	127.32
0.44
0.49
0.46
0.52
0.50
0.53
0.51
0.43
0.47
0.42
0.44
0.53
0.53
0.52
0.60
0.46
0.55
0.58
0.51
0.44
0.43
0.39
0.40
0.38
0.38
0.40
0.40
0.54
0.50
0.53
0.56
CorWatt	PkgWatt
14.71	126.94
0.52	127.00
0.42
0.44
0.44
0.51
0.50
0.54
0.50
0.39
0.48
0.39
0.40
0.52
0.52
0.49
0.50
0.45
0.48
0.55
0.51
0.44
0.41
0.39
0.43
0.37
0.36
0.36
0.37
0.54
0.50
0.51
0.51
CorWatt	PkgWatt
20.70	131.94
0.59	131.91
0.64
0.54
0.54
0.67
0.65
0.77
0.75
0.65
0.59
0.58
0.58
0.74
0.77
0.75
0.72
0.58
0.64
0.71
0.64
0.62
0.56
0.51
0.59
0.63
0.67
0.58
0.61
0.68
0.69
0.74
0.72
CorWatt	PkgWatt
15.96	127.99
0.52	127.96
0.43
0.45
0.49
0.55
0.50
0.53
0.54
0.42
0.45
0.42
0.39
0.54
0.54
0.55
0.59
0.50
0.55
0.55
0.51
0.44
0.47
0.43
0.42
0.48
0.45
0.55
0.44
0.58
0.57
0.58
0.51
CorWatt	PkgWatt
15.75	127.70
0.52	127.71
0.46
0.48
0.45
0.56
0.49
0.52
0.53
0.42
0.45
0.41
0.41
0.54
0.50
0.56
0.54
0.49
0.55
0.56
0.54
0.43
0.44
0.42
0.42
0.42
0.46
0.50
0.45
0.57
0.56
0.56
0.54
CorWatt	PkgWatt
16.37	128.16
0.55	128.18
0.47
0.44
0.44
0.63
0.60
0.57
0.58
0.50
0.50
0.42
0.48
0.61
0.57
0.66
0.62
0.51
0.53
0.57
0.53
0.48
0.48
0.45
0.44
0.46
0.41
0.42
0.43
0.52
0.50
0.51
0.49
CorWatt	PkgWatt
15.78	127.80
0.54	127.77
0.50
0.53
0.48
0.60
0.54
0.55
0.63
0.42
0.48
0.41
0.42
0.56
0.54
0.54
0.53
0.47
0.48
0.53
0.50
0.44
0.43
0.43
0.43
0.41
0.39
0.38
0.48
0.55
0.51
0.52
0.54
CorWatt	PkgWatt
15.69	127.57
0.52	127.56
0.49
0.48
0.50
0.58
0.52
0.55
0.50
0.51
0.51
0.43
0.43
0.55
0.58
0.55
0.58
0.47
0.46
0.55
0.49
0.47
0.43
0.39
0.41
0.44
0.38
0.42
0.41
0.54
0.50
0.51
0.53
CorWatt	PkgWatt
15.35	127.47
0.58	127.47
0.48
0.50
0.50
0.52
0.54
0.61
0.56
0.44
0.47
0.38
0.38
0.55
0.56
0.54
0.54
0.44
0.47
0.54
0.49
0.44
0.42
0.38
0.38
0.39
0.41
0.39
0.42
0.52
0.50
0.50
0.53
CorWatt	PkgWatt
15.67	127.58
0.61	127.58
0.50
0.50
0.49
0.55
0.54
0.60
0.55
0.43
0.48
0.40
0.45
0.54
0.55
0.50
0.51
0.45
0.47
0.45
0.51
0.45
0.46
0.45
0.42
0.41
0.41
0.40
0.44
0.56
0.52
0.51
0.55
CorWatt	PkgWatt
15.42	127.43
0.55	127.43
0.47
0.50
0.50
0.55
0.56
0.64
0.55
0.41
0.49
0.41
0.41
0.53
0.54
0.52
0.54
0.44
0.45
0.45
0.49
0.44
0.42
0.38
0.40
0.42
0.43
0.37
0.40
0.54
0.56
0.54
0.53
CorWatt	PkgWatt
15.48	127.42
0.56	127.41
0.46
0.47
0.47
0.57
0.53
0.58
0.53
0.45
0.48
0.42
0.51
0.56
0.55
0.55
0.58
0.45
0.46
0.46
0.49
0.46
0.44
0.40
0.41
0.40
0.37
0.37
0.40
0.52
0.51
0.51
0.53
CorWatt	PkgWatt
18.79	129.88
0.64	130.22
0.56
0.61
0.49
0.68
0.70
0.69
0.66
0.59
0.61
0.61
0.57
0.70
0.72
0.74
0.69
0.62
0.54
0.59
0.66
0.48
0.44
0.39
0.49
0.48
0.45
0.49
0.52
0.63
0.59
0.56
0.60
