CorWatt	PkgWatt
15.22	127.24
0.52	127.26
0.49
0.48
0.44
0.51
0.50
0.53
0.48
0.40
0.44
0.38
0.42
0.54
0.52
0.52
0.61
0.54
0.52
0.48
0.49
0.46
0.44
0.42
0.45
0.37
0.37
0.43
0.36
0.53
0.52
0.54
0.51
CorWatt	PkgWatt
14.70	126.96
0.50	126.96
0.47
0.45
0.43
0.49
0.49
0.51
0.47
0.40
0.48
0.36
0.41
0.53
0.50
0.49
0.52
0.51
0.50
0.46
0.47
0.39
0.43
0.44
0.42
0.36
0.35
0.44
0.35
0.52
0.52
0.53
0.51
CorWatt	PkgWatt
22.12	133.33
0.70	133.34
0.65
0.60
0.58
0.70
0.69
0.66
0.75
0.59
0.54
0.52
0.52
0.68
0.70
0.68
0.73
2.30
0.73
0.63
0.64
0.64
0.61
0.69
0.92
0.49
0.47
0.54
0.52
0.67
0.66
0.69
0.60
CorWatt	PkgWatt
16.47	128.27
0.54	128.26
0.47
0.45
0.44
0.55
0.49
0.52
0.53
0.37
0.44
0.39
0.37
0.52
0.52
0.50
0.52
0.61
0.51
0.46
0.47
0.70
0.72
1.08
0.77
0.36
0.35
0.43
0.35
0.53
0.50
0.51
0.49
CorWatt	PkgWatt
16.34	128.34
0.51	128.33
0.48
0.46
0.44
0.58
0.49
0.49
0.54
0.39
0.43
0.37
0.41
0.52
0.50
0.50
0.50
0.57
0.50
0.45
0.46
0.65
0.72
0.69
1.15
0.36
0.35
0.43
0.35
0.52
0.55
0.51
0.50
CorWatt	PkgWatt
16.42	128.29
0.51	128.30
0.50
0.45
0.44
0.60
0.48
0.51
0.53
0.37
0.43
0.41
0.37
0.51
0.51
0.49
0.50
0.59
0.51
0.46
0.47
0.63
0.69
1.20
0.65
0.38
0.36
0.44
0.37
0.54
0.51
0.51
0.51
CorWatt	PkgWatt
16.12	127.94
0.50	127.93
0.47
0.45
0.43
0.57
0.49
0.49
0.52
0.38
0.42
0.37
0.38
0.51
0.50
0.50
0.51
0.56
0.49
0.45
0.47
0.63
0.84
1.04
0.63
0.36
0.35
0.42
0.35
0.51
0.51
0.51
0.50
CorWatt	PkgWatt
16.43	128.50
0.50	128.51
0.50
0.44
0.43
0.56
0.48
0.48
0.53
0.37
0.43
0.37
0.37
0.51
0.50
0.48
0.50
0.59
0.52
0.47
0.48
0.58
0.80
1.40
0.60
0.35
0.35
0.42
0.37
0.52
0.50
0.51
0.49
CorWatt	PkgWatt
17.36	129.92
0.51	129.92
0.47
0.45
0.42
0.55
0.48
0.48
0.52
0.39
0.42
0.37
0.38
0.51
0.50
0.51
0.50
0.57
0.48
0.47
0.47
0.40
0.43
3.14
0.41
0.37
0.36
0.42
0.35
0.51
0.50
0.51
0.52
CorWatt	PkgWatt
17.27	129.95
0.54	129.95
0.49
0.45
0.45
0.55
0.49
0.48
0.52
0.37
0.43
0.36
0.37
0.51
0.50
0.48
0.50
0.56
0.52
0.47
0.46
0.40
0.43
3.13
0.41
0.36
0.35
0.36
0.35
0.51
0.50
0.51
0.49
CorWatt	PkgWatt
17.40	130.04
0.52	130.03
0.49
0.45
0.44
0.55
0.50
0.49
0.54
0.37
0.42
0.37
0.37
0.51
0.50
0.49
0.51
0.55
0.48
0.49
0.48
0.40
0.44
3.12
0.41
0.37
0.40
0.35
0.35
0.51
0.50
0.50
0.50
CorWatt	PkgWatt
17.22	130.08
0.51	130.08
0.47
0.44
0.43
0.57
0.50
0.48
0.52
0.37
0.43
0.36
0.37
0.51
0.50
0.50
0.50
0.55
0.51
0.46
0.47
0.39
0.43
3.13
0.40
0.35
0.35
0.36
0.35
0.51
0.49
0.50
0.49
CorWatt	PkgWatt
17.34	129.98
0.51	129.99
0.48
0.45
0.42
0.55
0.48
0.48
0.52
0.38
0.42
0.37
0.37
0.51
0.51
0.50
0.51
0.55
0.53
0.47
0.46
0.41
0.45
3.15
0.41
0.36
0.35
0.37
0.37
0.51
0.49
0.51
0.50
CorWatt	PkgWatt
17.33	130.03
0.51	130.05
0.47
0.44
0.42
0.56
0.48
0.48
0.52
0.39
0.42
0.38
0.38
0.51
0.50
0.50
0.51
0.57
0.52
0.47
0.46
0.39
0.44
3.13
0.41
0.36
0.37
0.37
0.37
0.51
0.50
0.50
0.49
CorWatt	PkgWatt
17.50	130.22
0.53	130.19
0.47
0.46
0.46
0.55
0.49
0.49
0.52
0.38
0.43
0.37
0.37
0.51
0.50
0.49
0.51
0.55
0.47
0.47
0.46
0.43
0.45
3.14
0.44
0.37
0.36
0.38
0.36
0.53
0.52
0.53
0.53
CorWatt	PkgWatt
17.28	130.04
0.54	130.05
0.48
0.44
0.43
0.55
0.49
0.48
0.53
0.37
0.42
0.40
0.37
0.51
0.50
0.48
0.50
0.55
0.49
0.49
0.46
0.39
0.43
3.13
0.42
0.35
0.37
0.38
0.35
0.51
0.49
0.51
0.51
CorWatt	PkgWatt
17.36	130.05
0.52	130.04
0.47
0.46
0.44
0.55
0.50
0.48
0.52
0.38
0.42
0.37
0.38
0.51
0.50
0.50
0.52
0.57
0.48
0.48
0.46
0.40
0.44
3.15
0.42
0.35
0.40
0.35
0.35
0.51
0.49
0.51
0.50
CorWatt	PkgWatt
17.42	130.05
0.52	130.05
0.49
0.46
0.43
0.55
0.49
0.49
0.52
0.39
0.45
0.38
0.40
0.53
0.52
0.50
0.51
0.56
0.47
0.47
0.46
0.41
0.43
3.13
0.43
0.35
0.35
0.36
0.35
0.52
0.50
0.52
0.49
CorWatt	PkgWatt
17.38	130.16
0.52	130.14
0.47
0.45
0.43
0.56
0.49
0.49
0.53
0.39
0.45
0.39
0.39
0.51
0.50
0.49
0.51
0.55
0.49
0.47
0.46
0.40
0.43
3.12
0.45
0.35
0.35
0.36
0.35
0.51
0.50
0.51
0.50
CorWatt	PkgWatt
17.11	129.70
0.54	129.71
0.47
0.48
0.43
0.56
0.48
0.48
0.53
0.37
0.44
0.37
0.37
0.52
0.50
0.49
0.50
0.57
0.46
0.47
0.46
0.39
0.44
2.95
0.42
0.35
0.35
0.37
0.35
0.51
0.49
0.52
0.49
CorWatt	PkgWatt
18.10	129.67
0.55	129.69
0.51
0.51
0.53
0.61
0.54
0.55
0.57
0.43
0.48
0.42
0.67
1.07
0.75
1.09
0.83
0.58
0.53
0.56
0.52
0.47
0.49
0.47
0.49
0.39
0.39
0.39
0.38
0.62
0.56
0.58
0.58
CorWatt	PkgWatt
16.98	128.55
0.52	128.53
0.43
0.45
0.53
0.56
0.50
0.49
0.48
0.41
0.45
0.41
0.52
0.88
0.88
0.87
1.62
0.45
0.46
0.47
0.45
0.39
0.41
0.39
0.42
0.35
0.36
0.37
0.37
0.58
0.50
0.52
0.49
CorWatt	PkgWatt
16.92	128.60
0.51	128.59
0.44
0.46
0.53
0.56
0.55
0.49
0.48
0.38
0.43
0.37
0.49
0.86
0.86
0.86
1.61
0.47
0.46
0.48
0.47
0.42
0.42
0.41
0.41
0.36
0.38
0.36
0.35
0.51
0.50
0.52
0.51
CorWatt	PkgWatt
16.99	128.63
0.50	128.64
0.43
0.45
0.48
0.56
0.54
0.49
0.48
0.41
0.45
0.38
0.52
0.86
0.86
1.04
1.44
0.47
0.48
0.49
0.49
0.41
0.43
0.40
0.44
0.36
0.36
0.36
0.36
0.51
0.50
0.51
0.50
CorWatt	PkgWatt
16.60	128.20
0.49	128.20
0.42
0.44
0.47
0.57
0.55
0.48
0.47
0.38
0.44
0.37
0.50
0.86
0.85
0.86
1.60
0.45
0.47
0.45
0.46
0.39
0.41
0.38
0.42
0.36
0.35
0.37
0.35
0.51
0.49
0.50
0.51
CorWatt	PkgWatt
17.12	128.62
0.52	128.63
0.44
0.46
0.54
0.56
0.54
0.50
0.47
0.44
0.44
0.42
0.50
0.87
0.85
0.86
1.60
0.48
0.47
0.44
0.49
0.40
0.41
0.39
0.43
0.35
0.37
0.37
0.35
0.53
0.52
0.54
0.57
CorWatt	PkgWatt
18.31	129.77
0.51	129.75
0.45
0.46
0.47
0.56
0.56
0.49
0.48
0.49
0.44
0.38
0.41
1.27
1.10
1.09
2.21
0.46
0.47
0.44
0.46
0.41
0.42
0.40
0.42
0.36
0.36
0.36
0.35
0.51
0.51
0.52
0.51
CorWatt	PkgWatt
19.84	130.92
0.53	130.93
0.42
0.44
0.50
0.55
0.54
0.48
0.47
0.51
0.43
0.38
0.41
2.18
1.36
1.35
2.41
0.47
0.47
0.46
0.47
0.39
0.40
0.38
0.41
0.35
0.36
0.36
0.35
0.51
0.50
0.50
0.50
CorWatt	PkgWatt
19.83	131.01
0.52	131.01
0.44
0.46
0.46
0.57
0.53
0.49
0.49
0.49
0.44
0.41
0.38
3.17
1.36
1.35
1.37
0.46
0.46
0.44
0.45
0.39
0.41
0.38
0.41
0.36
0.38
0.36
0.36
0.52
0.50
0.51
0.51
CorWatt	PkgWatt
19.97	131.28
0.54	131.28
0.42
0.45
0.48
0.55
0.55
0.51
0.48
0.49
0.44
0.38
0.39
2.58
1.36
1.35
1.98
0.47
0.46
0.44
0.46
0.40
0.42
0.39
0.43
0.36
0.37
0.38
0.37
0.52
0.52
0.51
0.50
CorWatt	PkgWatt
19.97	130.97
0.51	130.96
0.43
0.47
0.48
0.55
0.54
0.49
0.47
0.50
0.44
0.39
0.40
1.91
1.36
1.35
2.69
0.46
0.47
0.45
0.46
0.39
0.41
0.40
0.43
0.36
0.36
0.36
0.36
0.52
0.50
0.54
0.52
CorWatt	PkgWatt
19.87	131.06
0.53	131.07
0.42
0.44
0.47
0.59
0.53
0.48
0.47
0.50
0.45
0.40
0.41
3.07
1.36
1.35
1.47
0.47
0.47
0.44
0.45
0.40
0.42
0.40
0.42
0.35
0.35
0.36
0.35
0.53
0.50
0.51
0.50
CorWatt	PkgWatt
19.88	131.01
0.51	131.01
0.42
0.44
0.47
0.56
0.54
0.50
0.51
0.50
0.43
0.38
0.38
1.37
1.37
1.35
3.29
0.44
0.46
0.44
0.45
0.39
0.42
0.39
0.42
0.36
0.36
0.36
0.35
0.52
0.50
0.51
0.50
CorWatt	PkgWatt
19.98	131.18
0.52	131.18
0.43
0.45
0.48
0.57
0.53
0.49
0.47
0.50
0.44
0.40
0.38
2.31
1.37
1.35
2.26
0.48
0.48
0.45
0.46
0.42
0.43
0.38
0.46
0.35
0.36
0.37
0.35
0.51
0.50
0.51
0.50
CorWatt	PkgWatt
19.94	131.37
0.51	131.36
0.43
0.45
0.49
0.56
0.55
0.50
0.48
0.50
0.44
0.42
0.39
2.88
1.36
1.35
1.67
0.45
0.48
0.47
0.46
0.41
0.41
0.38
0.40
0.38
0.38
0.37
0.36
0.52
0.50
0.51
0.51
CorWatt	PkgWatt
20.10	131.15
0.51	131.16
0.45
0.44
0.46
0.56
0.53
0.48
0.48
0.50
0.44
0.41
0.40
1.36
1.36
1.35
3.30
0.48
0.48
0.47
0.46
0.40
0.41
0.38
0.42
0.38
0.36
0.37
0.37
0.53
0.51
0.51
0.52
CorWatt	PkgWatt
19.72	130.97
0.52	130.96
0.43
0.44
0.46
0.56
0.53
0.48
0.47
0.50
0.43
0.38
0.39
3.10
1.37
1.35
1.44
0.45
0.47
0.46
0.45
0.39
0.41
0.38
0.41
0.36
0.35
0.36
0.36
0.51
0.50
0.51
0.50
CorWatt	PkgWatt
19.65	131.18
0.57	131.20
0.50
0.52
0.52
0.59
0.58
0.53
0.52
0.60
0.51
0.45
0.47
1.90
0.98
1.01
1.02
0.53
0.54
1.02
0.53
0.45
0.46
0.44
0.45
0.41
0.41
0.41
0.42
0.61
0.58
0.58
0.57
CorWatt	PkgWatt
16.40	128.29
0.51	128.28
0.44
0.46
0.48
0.56
0.51
0.49
0.51
0.41
0.44
0.39
0.39
0.53
0.51
0.52
0.59
0.49
0.48
0.59
0.47
0.68
0.62
0.61
1.11
0.38
0.37
0.38
0.37
0.52
0.57
0.51
0.53
CorWatt	PkgWatt
16.04	127.90
0.54	127.89
0.45
0.46
0.48
0.55
0.49
0.48
0.49
0.38
0.44
0.36
0.37
0.53
0.50
0.49
0.57
0.47
0.47
0.58
0.46
1.05
0.64
0.62
0.69
0.35
0.35
0.36
0.35
0.51
0.56
0.51
0.49
CorWatt	PkgWatt
16.02	127.89
0.49	127.90
0.42
0.44
0.49
0.56
0.50
0.48
0.48
0.37
0.44
0.36
0.38
0.52
0.50
0.48
0.57
0.46
0.47
0.60
0.49
1.05
0.64
0.64
0.66
0.37
0.35
0.35
0.35
0.51
0.56
0.51
0.50
CorWatt	PkgWatt
15.90	127.95
0.52	127.95
0.44
0.44
0.48
0.58
0.50
0.48
0.47
0.38
0.44
0.36
0.37
0.51
0.50
0.48
0.54
0.46
0.49
0.57
0.48
1.04
0.65
0.62
0.66
0.35
0.35
0.35
0.35
0.51
0.55
0.51
0.49
CorWatt	PkgWatt
16.30	128.42
0.49	128.42
0.43
0.44
0.47
0.56
0.55
0.49
0.48
0.40
0.44
0.37
0.37
0.52
0.51
0.51
0.51
0.45
0.48
0.58
0.49
1.34
0.62
0.60
0.66
0.38
0.36
0.37
0.37
0.51
0.50
0.51
0.50
CorWatt	PkgWatt
18.93	133.56
0.53	133.57
0.45
0.45
0.49
0.59
0.51
0.49
0.49
0.41
0.44
0.39
0.40
0.52
0.51
0.51
0.52
0.47
0.53
0.57
0.49
4.34
0.44
0.40
0.46
0.36
0.38
0.38
0.40
0.52
0.50
0.52
0.50
CorWatt	PkgWatt
18.78	133.73
0.55	133.73
0.44
0.46
0.49
0.58
0.50
0.49
0.48
0.38
0.43
0.39
0.37
0.52
0.50
0.48
0.51
0.46
0.47
0.57
0.46
4.34
0.42
0.41
0.48
0.36
0.36
0.39
0.39
0.54
0.52
0.52
0.52
CorWatt	PkgWatt
18.61	133.42
0.53	133.42
0.43
0.44
0.48
0.57
0.49
0.48
0.48
0.37
0.42
0.38
0.37
0.51
0.50
0.51
0.50
0.47
0.48
0.58
0.50
4.33
0.41
0.39
0.46
0.35
0.39
0.36
0.38
0.51
0.51
0.51
0.51
CorWatt	PkgWatt
18.75	133.54
0.52	133.54
0.44
0.46
0.49
0.57
0.51
0.50
0.49
0.38
0.43
0.37
0.39
0.52
0.50
0.50
0.53
0.52
0.48
0.58
0.48
4.34
0.42
0.40
0.46
0.36
0.35
0.35
0.39
0.51
0.50
0.51
0.51
CorWatt	PkgWatt
18.71	133.45
0.53	133.46
0.45
0.46
0.48
0.55
0.49
0.48
0.48
0.40
0.46
0.39
0.39
0.53
0.52
0.49
0.51
0.46
0.57
0.48
0.46
4.34
0.42
0.39
0.46
0.40
0.35
0.35
0.39
0.53
0.51
0.52
0.49
CorWatt	PkgWatt
18.58	133.47
0.53	133.46
0.43
0.45
0.48
0.55
0.49
0.49
0.48
0.42
0.44
0.38
0.40
0.51
0.50
0.48
0.51
0.46
0.57
0.47
0.46
4.34
0.42
0.39
0.45
0.40
0.35
0.35
0.38
0.51
0.50
0.50
0.50
CorWatt	PkgWatt
18.79	133.62
0.56	133.63
0.46
0.48
0.49
0.56
0.49
0.49
0.49
0.40
0.43
0.36
0.38
0.51
0.50
0.48
0.50
0.47
0.58
0.49
0.48
4.34
0.42
0.39
0.45
0.42
0.36
0.38
0.41
0.51
0.50
0.51
0.49
CorWatt	PkgWatt
18.87	133.68
0.52	133.68
0.49
0.45
0.48
0.56
0.52
0.50
0.51
0.38
0.43
0.37
0.38
0.53
0.54
0.51
0.53
0.47
0.56
0.48
0.47
4.35
0.43
0.40
0.45
0.41
0.36
0.36
0.39
0.52
0.50
0.51
0.50
CorWatt	PkgWatt
19.18	133.87
0.58	133.88
0.47
0.49
0.52
0.58
0.50
0.48
0.48
0.40
0.47
0.45
0.42
0.53
0.52
0.51
0.50
0.49
0.58
0.50
0.51
4.34
0.42
0.41
0.45
0.40
0.41
0.35
0.40
0.51
0.50
0.50
0.49
CorWatt	PkgWatt
18.55	133.71
0.54	133.70
0.44
0.45
0.48
0.56
0.49
0.48
0.48
0.37
0.42
0.37
0.37
0.51
0.50
0.48
0.51
0.45
0.56
0.47
0.48
4.32
0.43
0.39
0.45
0.40
0.35
0.36
0.38
0.51
0.50
0.51
0.50
CorWatt	PkgWatt
18.76	133.76
0.53	133.77
0.43
0.47
0.48
0.54
0.49
0.48
0.48
0.42
0.42
0.36
0.40
0.53
0.50
0.49
0.51
0.47
0.59
0.49
0.47
4.34
0.43
0.41
0.47
0.40
0.38
0.37
0.39
0.52
0.50
0.51
0.50
CorWatt	PkgWatt
18.83	133.92
0.52	133.91
0.46
0.45
0.47
0.56
0.53
0.50
0.48
0.38
0.43
0.40
0.38
0.52
0.50
0.50
0.53
0.47
0.58
0.49
0.48
4.34
0.43
0.41
0.44
0.44
0.35
0.36
0.40
0.52
0.51
0.52
0.50
CorWatt	PkgWatt
18.47	130.91
0.77	130.93
0.51
0.57
0.61
0.79
0.65
0.64
0.80
0.47
0.53
0.48
0.46
0.58
0.57
0.60
0.90
0.52
0.61
0.55
0.54
0.73
0.51
0.46
0.50
0.45
0.44
0.43
0.45
0.59
0.58
0.59
0.61
CorWatt	PkgWatt
16.18	128.47
0.58	128.45
0.45
0.46
0.48
1.01
0.73
0.72
1.00
0.38
0.47
0.37
0.38
0.52
0.50
0.50
0.52
0.45
0.53
0.48
0.46
0.43
0.43
0.40
0.41
0.38
0.35
0.36
0.39
0.52
0.50
0.51
0.50
CorWatt	PkgWatt
16.03	128.26
0.59	128.26
0.43
0.45
0.50
1.23
0.72
0.71
0.74
0.38
0.43
0.37
0.37
0.51
0.50
0.48
0.51
0.47
0.53
0.49
0.48
0.39
0.42
0.41
0.40
0.41
0.36
0.35
0.38
0.51
0.50
0.51
0.50
CorWatt	PkgWatt
16.17	128.21
0.58	128.20
0.45
0.48
0.48
1.23
0.73
0.73
0.74
0.40
0.43
0.39
0.38
0.51
0.50
0.49
0.51
0.46
0.53
0.48
0.47
0.41
0.42
0.39
0.40
0.41
0.35
0.36
0.39
0.52
0.50
0.51
0.51
CorWatt	PkgWatt
16.15	128.40
0.60	128.41
0.43
0.47
0.50
1.22
0.72
0.73
0.74
0.37
0.44
0.37
0.38
0.50
0.50
0.51
0.50
0.46
0.52
0.48
0.46
0.44
0.43
0.39
0.41
0.40
0.37
0.37
0.40
0.52
0.52
0.51
0.49
CorWatt	PkgWatt
16.40	128.50
0.58	128.49
0.43
0.49
0.48
0.86
0.70
0.70
1.54
0.36
0.43
0.36
0.40
0.50
0.50
0.48
0.51
0.46
0.52
0.47
0.47
0.40
0.41
0.38
0.39
0.41
0.37
0.35
0.39
0.52
0.50
0.52
0.50
CorWatt	PkgWatt
17.66	129.93
0.59	129.92
0.43
0.50
0.44
0.67
0.61
0.60
3.19
0.39
0.46
0.39
0.41
0.51
0.50
0.48
0.51
0.46
0.51
0.47
0.46
0.40
0.41
0.38
0.39
0.40
0.35
0.36
0.39
0.51
0.50
0.51
0.49
CorWatt	PkgWatt
17.79	129.96
0.59	129.97
0.43
0.50
0.43
0.68
0.64
0.63
3.17
0.37
0.44
0.37
0.39
0.52
0.52
0.50
0.53
0.45
0.51
0.47
0.46
0.40
0.44
0.42
0.40
0.40
0.36
0.36
0.39
0.52
0.50
0.51
0.50
CorWatt	PkgWatt
17.90	130.31
0.60	130.32
0.45
0.51
0.45
0.68
0.62
0.61
3.17
0.40
0.43
0.39
0.37
0.52
0.52
0.50
0.52
0.48
0.52
0.49
0.46
0.42
0.44
0.42
0.42
0.40
0.36
0.35
0.39
0.52
0.49
0.51
0.49
CorWatt	PkgWatt
17.70	130.03
0.59	130.03
0.43
0.49
0.45
0.67
0.62
0.61
3.16
0.37
0.44
0.40
0.38
0.51
0.50
0.49
0.52
0.47
0.52
0.45
0.47
0.39
0.42
0.39
0.41
0.41
0.35
0.36
0.39
0.52
0.51
0.51
0.50
CorWatt	PkgWatt
17.69	129.87
0.60	129.87
0.45
0.49
0.43
0.67
0.62
0.61
3.18
0.38
0.42
0.38
0.37
0.51
0.50
0.48
0.50
0.48
0.53
0.45
0.46
0.38
0.41
0.38
0.42
0.41
0.35
0.37
0.40
0.53
0.52
0.51
0.51
CorWatt	PkgWatt
17.73	129.84
0.59	129.84
0.44
0.49
0.44
3.17
0.62
0.61
0.69
0.39
0.44
0.38
0.38
0.51
0.50
0.49
0.51
0.45
0.52
0.45
0.46
0.39
0.42
0.39
0.41
0.42
0.35
0.36
0.39
0.52
0.52
0.50
0.50
CorWatt	PkgWatt
17.59	129.98
0.60	129.98
0.43
0.50
0.43
3.17
0.62
0.61
0.64
0.38
0.43
0.37
0.38
0.51
0.50
0.48
0.52
0.45
0.53
0.46
0.47
0.40
0.41
0.39
0.40
0.40
0.35
0.35
0.39
0.51
0.50
0.50
0.49
CorWatt	PkgWatt
17.66	129.87
0.59	129.87
0.43
0.51
0.43
3.18
0.62
0.61
0.65
0.39
0.43
0.37
0.38
0.52
0.50
0.50
0.51
0.46
0.52
0.45
0.46
0.40
0.41
0.42
0.40
0.42
0.36
0.37
0.39
0.51
0.51
0.50
0.50
CorWatt	PkgWatt
17.59	129.82
0.61	129.81
0.45
0.51
0.44
3.19
0.62
0.60
0.63
0.37
0.43
0.36
0.37
0.51
0.50
0.50
0.50
0.46
0.52
0.45
0.45
0.39
0.41
0.39
0.41
0.40
0.36
0.35
0.38
0.51
0.51
0.50
0.49
CorWatt	PkgWatt
17.82	129.92
0.59	129.92
0.43
0.52
0.45
2.64
0.63
0.61
1.22
0.38
0.43
0.37
0.38
0.51
0.52
0.49
0.52
0.47
0.53
0.47
0.50
0.40
0.41
0.39
0.41
0.42
0.35
0.36
0.39
0.52
0.50
0.50
0.50
CorWatt	PkgWatt
17.66	130.10
0.59	130.10
0.46
0.50
0.44
0.71
0.62
0.61
3.16
0.39
0.42
0.36
0.37
0.51
0.52
0.48
0.50
0.45
0.53
0.45
0.47
0.39
0.41
0.38
0.41
0.41
0.35
0.36
0.39
0.51
0.50
0.50
0.49
CorWatt	PkgWatt
17.17	129.14
0.62	129.16
0.48
0.51
0.46
1.74
0.57
0.56
1.19
0.37
0.43
0.36
0.37
0.76
0.53
0.52
0.51
0.44
0.52
0.45
0.46
0.43
0.43
0.42
0.43
0.43
0.37
0.37
0.40
0.54
0.51
0.50
0.50
CorWatt	PkgWatt
17.71	129.34
0.77	129.35
0.47
0.54
0.46
0.77
0.93
1.08
0.72
0.42
0.46
0.42
0.44
0.62
0.53
0.55
0.55
0.52
0.60
0.51
0.51
0.45
0.51
0.47
0.48
0.41
0.42
0.43
0.43
0.56
0.56
0.57
0.55
CorWatt	PkgWatt
16.73	128.43
0.60	128.42
0.46
0.52
0.47
0.77
0.76
1.28
0.73
0.38
0.44
0.42
0.39
0.52
0.51
0.50
0.52
0.47
0.52
0.48
0.48
0.44
0.47
0.45
0.45
0.38
0.38
0.39
0.37
0.55
0.54
0.55
0.54
CorWatt	PkgWatt
16.12	128.02
0.58	128.01
0.44
0.48
0.43
0.78
0.75
1.31
0.72
0.38
0.43
0.38
0.37
0.52
0.50
0.48
0.51
0.45
0.53
0.48
0.45
0.39
0.47
0.42
0.41
0.35
0.39
0.36
0.35
0.51
0.51
0.50
0.51
CorWatt	PkgWatt
16.18	127.90
0.58	127.90
0.44
0.49
0.47
0.78
0.75
1.32
0.72
0.37
0.43
0.37
0.39
0.51
0.50
0.50
0.52
0.49
0.53
0.48
0.46
0.39
0.46
0.41
0.40
0.35
0.35
0.35
0.35
0.52
0.50
0.50
0.50
CorWatt	PkgWatt
16.22	127.93
0.57	127.93
0.44
0.46
0.48
0.77
1.03
1.08
0.71
0.40
0.46
0.38
0.39
0.54
0.52
0.50
0.51
0.45
0.50
0.47
0.45
0.38
0.45
0.43
0.40
0.35
0.35
0.36
0.35
0.52
0.51
0.53
0.50
CorWatt	PkgWatt
17.55	129.94
0.57	129.94
0.44
0.52
0.49
0.60
3.08
0.56
0.53
0.40
0.44
0.40
0.39
0.51
0.50
0.51
0.53
0.46
0.47
0.47
0.46
0.41
0.46
0.42
0.41
0.36
0.39
0.37
0.36
0.51
0.50
0.51
0.51
CorWatt	PkgWatt
17.35	129.81
0.59	129.81
0.44
0.50
0.44
0.58
3.38
0.51
0.49
0.37
0.43
0.37
0.37
0.51
0.50
0.49
0.50
0.46
0.46
0.46
0.45
0.39
0.46
0.41
0.41
0.35
0.35
0.35
0.35
0.50
0.50
0.50
0.49
CorWatt	PkgWatt
17.44	129.84
0.57	129.85
0.45
0.51
0.43
0.58
3.38
0.52
0.50
0.37
0.43
0.37
0.37
0.52
0.53
0.51
0.51
0.45
0.46
0.47
0.45
0.39
0.45
0.42
0.41
0.35
0.35
0.35
0.35
0.50
0.50
0.50
0.50
CorWatt	PkgWatt
17.55	129.99
0.59	129.97
0.43
0.49
0.49
0.55
3.38
0.52
0.49
0.41
0.43
0.39
0.38
0.51
0.52
0.50
0.50
0.46
0.47
0.47
0.49
0.39
0.46
0.41
0.41
0.35
0.36
0.35
0.37
0.50
0.50
0.50
0.49
CorWatt	PkgWatt
17.56	130.11
0.58	130.11
0.44
0.45
0.48
0.55
3.38
0.53
0.51
0.38
0.42
0.37
0.37
0.51
0.50
0.49
0.51
0.49
0.46
0.48
0.48
0.42
0.46
0.42
0.41
0.36
0.35
0.35
0.35
0.51
0.51
0.50
0.51
CorWatt	PkgWatt
17.41	129.94
0.57	129.95
0.43
0.46
0.47
0.55
3.38
0.52
0.48
0.40
0.42
0.37
0.39
0.51
0.50
0.50
0.51
0.45
0.47
0.48
0.46
0.39
0.46
0.43
0.44
0.35
0.35
0.35
0.35
0.50
0.50
0.51
0.49
CorWatt	PkgWatt
17.43	129.80
0.56	129.80
0.42
0.49
0.45
0.57
3.38
0.52
0.49
0.38
0.42
0.41
0.37
0.52
0.50
0.48
0.50
0.47
0.47
0.45
0.47
0.39
0.45
0.42
0.42
0.36
0.35
0.35
0.35
0.51
0.50
0.51
0.51
CorWatt	PkgWatt
18.08	130.40
0.62	130.41
0.43
0.51
0.49
0.56
3.38
0.54
0.49
0.43
0.46
0.43
0.41
0.54
0.53
0.52
0.53
0.48
0.50
0.47
0.45
0.40
0.45
0.41
0.44
0.38
0.41
0.38
0.35
0.52
0.53
0.52
0.53
CorWatt	PkgWatt
17.50	129.94
0.57	129.93
0.45
0.49
0.43
0.57
3.38
0.52
0.50
0.38
0.43
0.37
0.38
0.51
0.51
0.49
0.51
0.46
0.46
0.45
0.46
0.40
0.47
0.43
0.40
0.36
0.36
0.39
0.35
0.51
0.51
0.51
0.51
CorWatt	PkgWatt
17.35	129.77
0.58	129.77
0.43
0.49
0.45
0.55
3.38
0.52
0.49
0.37
0.42
0.36
0.37
0.51
0.50
0.48
0.50
0.47
0.46
0.46
0.50
0.38
0.46
0.41
0.39
0.35
0.38
0.37
0.35
0.51
0.50
0.50
0.49
CorWatt	PkgWatt
17.60	130.13
0.58	130.13
0.45
0.53
0.45
0.58
3.38
0.53
0.51
0.38
0.42
0.39
0.37
0.51
0.50
0.49
0.51
0.50
0.46
0.45
0.46
0.41
0.45
0.42
0.40
0.36
0.35
0.37
0.35
0.51
0.50
0.52
0.51
CorWatt	PkgWatt
17.42	129.83
0.58	129.84
0.43
0.50
0.45
0.56
3.38
0.52
0.49
0.37
0.43
0.37
0.38
0.51
0.50
0.48
0.50
0.45
0.46
0.44
0.46
0.40
0.46
0.42
0.41
0.36
0.36
0.40
0.36
0.51
0.51
0.50
0.49
CorWatt	PkgWatt
18.38	130.15
0.66	130.16
0.53
0.58
0.54
0.60
1.13
0.57
0.54
0.46
0.50
0.43
0.47
0.57
0.57
0.57
0.61
1.03
0.53
0.51
0.52
0.56
0.57
0.70
0.65
0.43
0.41
0.43
0.42
0.57
0.56
0.61
0.55
CorWatt	PkgWatt
16.77	128.44
0.52	128.42
0.43
0.50
0.44
0.55
0.51
0.49
0.48
0.40
0.45
0.38
0.40
0.51
0.50
0.49
0.51
0.57
0.47
0.45
0.48
0.74
0.78
0.90
1.35
0.35
0.35
0.39
0.36
0.51
0.51
0.50
0.49
CorWatt	PkgWatt
16.68	128.55
0.51	128.55
0.43
0.49
0.42
0.56
0.51
0.50
0.51
0.37
0.42
0.36
0.37
0.51
0.52
0.50
0.54
0.56
0.46
0.44
0.48
0.74
0.78
0.79
1.45
0.36
0.35
0.37
0.35
0.51
0.51
0.50
0.50
CorWatt	PkgWatt
16.83	128.43
0.54	128.43
0.45
0.49
0.48
0.54
0.49
0.48
0.47
0.38
0.43
0.38
0.39
0.52
0.52
0.52
0.53
0.59
0.47
0.45
0.50
0.75
0.78
0.84
1.40
0.35
0.37
0.39
0.35
0.51
0.50
0.51
0.50
CorWatt	PkgWatt
17.06	128.50
0.54	128.50
0.44
0.47
0.49
0.56
0.50
0.50
0.51
0.38
0.44
0.43
0.38
0.52
0.51
0.50
0.54
0.58
0.48
0.47
0.49
0.75
0.78
0.96
1.27
0.38
0.36
0.37
0.36
0.52
0.52
0.53
0.53
CorWatt	PkgWatt
16.73	128.35
0.52	128.35
0.45
0.45
0.52
0.55
0.49
0.48
0.47
0.37
0.42
0.37
0.37
0.50
0.50
0.49
0.51
0.59
0.47
0.47
0.46
0.74
0.78
0.79
1.44
0.37
0.35
0.37
0.37
0.53
0.52
0.51
0.51
CorWatt	PkgWatt
17.03	128.98
0.53	128.98
0.44
0.44
0.46
0.56
0.50
0.48
0.48
0.38
0.42
0.37
0.37
0.51
0.50
0.48
0.51
0.58
0.46
0.45
0.46
0.82
0.84
0.88
1.67
0.38
0.35
0.35
0.35
0.51
0.50
0.50
0.50
CorWatt	PkgWatt
19.61	131.17
0.51	131.17
0.47
0.45
0.47
0.54
0.49
0.49
0.48
0.38
0.42
0.36
0.37
0.51
0.50
0.48
0.50
0.57
0.48
0.47
0.48
1.23
1.23
1.23
3.08
0.36
0.36
0.36
0.36
0.50
0.50
0.50
0.50
CorWatt	PkgWatt
19.79	131.18
0.51	131.19
0.46
0.45
0.47
0.54
0.50
0.49
0.49
0.41
0.43
0.37
0.38
0.52
0.52
0.51
0.51
0.58
0.48
0.46
0.47
1.23
1.23
1.62
2.66
0.37
0.37
0.37
0.35
0.51
0.51
0.51
0.51
CorWatt	PkgWatt
19.64	131.17
0.54	131.17
0.47
0.47
0.49
0.54
0.49
0.48
0.47
0.38
0.43
0.37
0.37
0.51
0.50
0.49
0.51
0.58
0.47
0.45
0.46
2.66
1.24
1.57
1.29
0.35
0.37
0.35
0.35
0.50
0.50
0.50
0.49
CorWatt	PkgWatt
19.60	131.17
0.51	131.17
0.46
0.46
0.47
0.54
0.50
0.48
0.49
0.38
0.42
0.36
0.37
0.51
0.50
0.48
0.50
0.57
0.48
0.48
0.48
2.99
1.23
1.29
1.24
0.37
0.35
0.35
0.35
0.50
0.50
0.50
0.50
CorWatt	PkgWatt
19.62	131.07
0.52	131.07
0.48
0.45
0.48
0.58
0.49
0.48
0.47
0.38
0.43
0.36
0.37
0.50
0.50
0.49
0.50
0.56
0.48
0.46
0.47
3.07
1.23
1.23
1.24
0.35
0.35
0.35
0.35
0.50
0.50
0.50
0.49
CorWatt	PkgWatt
19.76	131.21
0.53	131.21
0.45
0.45
0.48
0.56
0.50
0.49
0.49
0.37
0.43
0.37
0.37
0.51
0.51
0.50
0.51
0.56
0.47
0.48
0.47
3.05
1.23
1.23
1.24
0.38
0.35
0.37
0.37
0.51
0.51
0.51
0.51
CorWatt	PkgWatt
19.75	131.11
0.53	131.11
0.47
0.45
0.49
0.54
0.49
0.48
0.48
0.38
0.43
0.38
0.38
0.51
0.51
0.50
0.50
0.57
0.50
0.46
0.46
3.01
1.23
1.27
1.24
0.35
0.36
0.38
0.37
0.50
0.49
0.51
0.49
CorWatt	PkgWatt
19.87	131.44
0.53	131.44
0.45
0.46
0.50
0.54
0.49
0.48
0.47
0.38
0.43
0.41
0.38
0.50
0.50
0.49
0.50
0.59
0.47
0.45
0.47
2.40
1.42
1.70
1.24
0.37
0.37
0.39
0.37
0.53
0.52
0.53
0.53
CorWatt	PkgWatt
19.61	131.10
0.51	131.10
0.43
0.45
0.49
0.55
0.49
0.48
0.47
0.37
0.42
0.36
0.36
0.50
0.50
0.48
0.50
0.57
0.49
0.47
0.46
1.23
1.27
3.02
1.24
0.36
0.39
0.37
0.35
0.51
0.49
0.50
0.51
CorWatt	PkgWatt
19.85	131.25
0.51	131.25
0.44
0.47
0.49
0.55
0.51
0.49
0.48
0.38
0.43
0.38
0.38
0.51
0.51
0.51
0.53
0.58
0.51
0.47
0.47
1.23
1.24
3.05
1.24
0.36
0.35
0.37
0.36
0.53
0.50
0.52
0.50
CorWatt	PkgWatt
18.59	130.26
0.50	130.26
0.45
0.47
0.48
0.54
0.52
0.48
0.47
0.39
0.45
0.38
0.39
0.52
0.52
0.50
0.51
0.54
0.49
0.45
0.46
1.04
1.06
2.48
1.05
0.35
0.35
0.37
0.35
0.51
0.50
0.52
0.49
CorWatt	PkgWatt
19.94	134.60
0.57	134.62
0.48
0.50
0.73
0.61
0.61
3.53
0.57
0.42
0.47
0.42
0.42
0.56
0.53
0.54
0.55
0.57
0.55
0.53
0.54
0.48
0.48
0.47
0.48
0.42
0.41
0.41
0.73
0.59
0.58
0.62
0.57
CorWatt	PkgWatt
20.14	137.32
0.55	137.31
0.44
0.46
0.54
0.56
0.55
5.93
0.51
0.38
0.43
0.36
0.37
0.52
0.50
0.48
0.50
0.48
0.49
0.46
0.46
0.41
0.42
0.45
0.41
0.35
0.35
0.35
0.35
0.51
0.51
0.55
0.49
CorWatt	PkgWatt
20.42	137.60
0.54	137.60
0.46
0.47
0.54
0.57
0.56
6.00
0.54
0.37
0.44
0.38
0.38
0.54
0.55
0.52
0.52
0.45
0.50
0.47
0.47
0.40
0.41
0.42
0.41
0.37
0.36
0.36
0.35
0.51
0.51
0.55
0.51
CorWatt	PkgWatt
20.21	137.68
0.55	137.68
0.44
0.46
0.55
0.56
0.55
6.00
0.52
0.40
0.43
0.39
0.39
0.51
0.51
0.49
0.50
0.45
0.49
0.46
0.45
0.39
0.42
0.42
0.40
0.35
0.37
0.35
0.37
0.51
0.50
0.54
0.49
CorWatt	PkgWatt
20.06	137.45
0.55	137.45
0.45
0.44
0.55
0.56
0.55
6.00
0.57
0.37
0.42
0.36
0.37
0.51
0.50
0.48
0.50
0.44
0.47
0.46
0.47
0.42
0.41
0.41
0.40
0.35
0.35
0.35
0.35
0.51
0.50
0.50
0.50
CorWatt	PkgWatt
20.20	137.59
0.56	137.59
0.48
0.45
0.54
0.58
0.55
5.99
0.57
0.39
0.43
0.38
0.40
0.51
0.50
0.48
0.50
0.45
0.50
0.46
0.48
0.39
0.41
0.40
0.42
0.35
0.35
0.35
0.35
0.51
0.50
0.50
0.49
CorWatt	PkgWatt
20.39	137.88
0.53	137.88
0.48
0.45
0.55
0.57
0.56
6.00
0.57
0.38
0.45
0.42
0.38
0.53
0.52
0.50
0.50
0.45
0.46
0.47
0.48
0.41
0.41
0.39
0.41
0.38
0.38
0.36
0.35
0.53
0.51
0.50
0.51
CorWatt	PkgWatt
20.47	137.79
0.53	137.79
0.49
0.49
0.57
0.57
0.56
6.00
0.56
0.39
0.43
0.39
0.38
0.51
0.51
0.50
0.51
0.49
0.47
0.48
0.47
0.40
0.42
0.39
0.40
0.36
0.38
0.37
0.35
0.53
0.53
0.52
0.53
CorWatt	PkgWatt
20.18	137.48
0.52	137.47
0.50
0.47
0.54
0.57
0.56
5.95
0.57
0.38
0.42
0.37
0.38
0.52
0.53
0.49
0.51
0.44
0.46
0.48
0.46
0.41
0.42
0.40
0.41
0.35
0.35
0.36
0.35
0.51
0.51
0.50
0.50
CorWatt	PkgWatt
20.16	137.63
0.53	137.63
0.49
0.46
0.56
0.57
0.55
5.97
0.56
0.37
0.42
0.36
0.38
0.51
0.50
0.51
0.50
0.46
0.46
0.49
0.47
0.39
0.41
0.38
0.40
0.35
0.36
0.35
0.35
0.51
0.50
0.50
0.55
CorWatt	PkgWatt
20.30	137.74
0.54	137.74
0.49
0.49
0.55
0.58
0.56
5.94
0.57
0.40
0.42
0.39
0.38
0.51
0.50
0.49
0.51
0.46
0.47
0.48
0.47
0.42
0.43
0.39
0.41
0.36
0.35
0.36
0.35
0.52
0.51
0.50
0.50
CorWatt	PkgWatt
20.19	137.63
0.53	137.63
0.49
0.46
0.56
0.56
0.55
5.94
0.56
0.38
0.43
0.36
0.38
0.52
0.50
0.49
0.50
0.46
0.46
0.49
0.48
0.40
0.42
0.38
0.41
0.35
0.36
0.37
0.36
0.52
0.53
0.51
0.49
CorWatt	PkgWatt
20.11	137.53
0.52	137.53
0.48
0.48
0.54
0.56
0.56
5.94
0.56
0.38
0.44
0.37
0.38
0.51
0.50
0.49
0.50
0.45
0.46
0.48
0.48
0.41
0.41
0.38
0.40
0.35
0.35
0.35
0.35
0.51
0.51
0.52
0.50
CorWatt	PkgWatt
20.16	137.60
0.52	137.60
0.48
0.46
0.55
0.57
0.55
5.94
0.57
0.41
0.45
0.37
0.40
0.51
0.50
0.49
0.51
0.49
0.46
0.48
0.46
0.40
0.41
0.38
0.40
0.35
0.35
0.35
0.35
0.52
0.51
0.50
0.49
CorWatt	PkgWatt
21.03	138.34
0.52	138.35
0.52
0.50
0.55
0.59
0.57
5.98
0.59
0.40
0.45
0.40
0.41
0.52
0.56
0.53
0.53
0.47
0.48
0.48
0.48
0.48
0.45
0.43
0.43
0.38
0.38
0.39
0.39
0.54
0.59
0.52
0.52
CorWatt	PkgWatt
20.53	138.00
0.54	137.99
0.51
0.51
0.56
0.57
0.52
6.01
0.52
0.39
0.44
0.39
0.40
0.53
0.53
0.52
0.53
0.47
0.47
0.48
0.47
0.46
0.43
0.39
0.40
0.35
0.36
0.36
0.35
0.53
0.52
0.50
0.55
CorWatt	PkgWatt
20.26	137.83
0.53	137.83
0.48
0.49
0.55
0.56
0.52
6.02
0.53
0.39
0.44
0.41
0.38
0.51
0.50
0.49
0.51
0.46
0.47
0.45
0.48
0.45
0.42
0.38
0.40
0.36
0.35
0.35
0.35
0.52
0.52
0.50
0.50
CorWatt	PkgWatt
19.92	133.72
0.59	133.73
0.58
0.60
0.61
0.60
0.56
2.40
0.60
0.48
0.51
0.48
0.45
0.61
0.60
0.59
0.57
0.53
0.52
0.53
0.53
0.54
0.52
0.51
0.51
0.44
0.43
0.69
0.46
0.59
0.61
0.91
0.77
CorWatt	PkgWatt
17.98	130.55
0.56	130.54
0.51
0.49
0.48
0.56
0.52
0.53
0.50
0.41
0.43
0.38
0.39
0.52
0.51
0.51
0.52
0.46
0.48
0.47
0.49
0.42
0.44
0.39
0.45
0.41
0.40
3.09
0.40
0.53
0.53
0.52
0.65
CorWatt	PkgWatt
17.54	130.13
0.52	130.13
0.48
0.49
0.49
0.55
0.49
0.50
0.48
0.39
0.43
0.37
0.38
0.51
0.50
0.50
0.51
0.47
0.49
0.47
0.48
0.41
0.41
0.38
0.40
0.39
0.40
3.06
0.38
0.53
0.52
0.50
0.64
CorWatt	PkgWatt
17.44	130.27
0.52	130.26
0.48
0.49
0.49
0.56
0.50
0.50
0.48
0.40
0.43
0.37
0.39
0.51
0.50
0.52
0.50
0.46
0.47
0.45
0.45
0.41
0.41
0.39
0.40
0.39
0.38
3.04
0.38
0.52
0.51
0.50
0.63
CorWatt	PkgWatt
17.42	130.17
0.54	130.17
0.50
0.50
0.51
0.55
0.49
0.49
0.49
0.39
0.43
0.37
0.38
0.51
0.50
0.49
0.50
0.46
0.47
0.45
0.45
0.40
0.41
0.38
0.40
0.38
0.38
3.05
0.37
0.52
0.51
0.50
0.63
CorWatt	PkgWatt
17.60	130.10
0.52	130.11
0.49
0.52
0.49
0.55
0.51
0.49
0.49
0.38
0.43
0.37
0.40
0.51
0.51
0.51
0.51
0.46
0.48
0.48
0.48
0.41
0.41
0.38
0.40
0.41
0.38
3.05
0.38
0.53
0.51
0.51
0.64
CorWatt	PkgWatt
17.39	130.06
0.52	130.06
0.51
0.50
0.49
0.57
0.49
0.49
0.48
0.39
0.42
0.37
0.39
0.51
0.50
0.49
0.50
0.45
0.48
0.45
0.47
0.39
0.42
0.38
0.40
0.39
0.38
3.04
0.37
0.52
0.52
0.50
0.62
CorWatt	PkgWatt
17.38	130.08
0.52	130.08
0.49
0.48
0.49
0.56
0.49
0.48
0.48
0.38
0.43
0.37
0.38
0.51
0.51
0.50
0.51
0.45
0.47
0.45
0.47
0.40
0.41
0.38
0.40
0.41
0.38
3.05
0.39
0.52
0.51
0.50
0.63
CorWatt	PkgWatt
17.51	130.12
0.52	130.13
0.51
0.48
0.50
0.55
0.48
0.49
0.48
0.38
0.42
0.38
0.40
0.51
0.50
0.51
0.51
0.46
0.50
0.48
0.45
0.39
0.43
0.38
0.40
0.39
0.40
3.06
0.39
0.52
0.53
0.50
0.62
CorWatt	PkgWatt
17.79	130.22
0.55	130.22
0.49
0.49
0.52
0.54
0.49
0.49
0.48
0.39
0.43
0.43
0.38
0.51
0.51
0.49
0.51
0.47
0.48
0.48
0.46
0.42
0.43
0.41
0.43
0.42
0.40
3.04
0.40
0.54
0.54
0.52
0.64
CorWatt	PkgWatt
17.59	130.23
0.53	130.23
0.49
0.49
0.49
0.55
0.49
0.50
0.48
0.38
0.43
0.37
0.39
0.52
0.51
0.50
0.51
0.46
0.50
0.50
0.48
0.41
0.41
0.39
0.41
0.39
0.40
3.04
0.38
0.53
0.51
0.51
0.65
CorWatt	PkgWatt
17.48	130.01
0.52	130.01
0.47
0.49
0.50
0.55
0.49
0.48
0.48
0.38
0.45
0.38
0.39
0.51
0.50
0.50
0.52
0.46
0.48
0.49
0.46
0.41
0.42
0.38
0.40
0.38
0.38
3.04
0.37
0.53
0.52
0.52
0.62
CorWatt	PkgWatt
17.42	130.05
0.51	130.05
0.47
0.50
0.51
0.55
0.48
0.49
0.48
0.40
0.44
0.37
0.39
0.53
0.52
0.49
0.51
0.45
0.47
0.48
0.45
0.40
0.41
0.39
0.40
0.38
0.38
3.04
0.38
0.52
0.51
0.50
0.62
CorWatt	PkgWatt
17.55	130.24
0.52	130.24
0.47
0.49
0.49
0.55
0.50
0.49
0.48
0.40
0.45
0.39
0.40
0.53
0.51
0.50
0.52
0.45
0.47
0.48
0.47
0.41
0.41
0.38
0.40
0.39
0.39
3.05
0.38
0.52
0.51
0.51
0.63
CorWatt	PkgWatt
17.27	130.04
0.52	130.05
0.47
0.49
0.48
0.54
0.48
0.49
0.47
0.38
0.43
0.36
0.38
0.51
0.50
0.49
0.50
0.46
0.47
0.48
0.45
0.38
0.41
0.38
0.40
0.38
0.39
3.04
0.37
0.52
0.52
0.50
0.63
CorWatt	PkgWatt
17.52	130.22
0.52	130.23
0.49
0.49
0.49
0.56
0.49
0.49
0.50
0.37
0.43
0.38
0.38
0.55
0.55
0.54
0.51
0.45
0.47
0.48
0.45
0.40
0.41
0.38
0.40
0.39
0.38
3.04
0.38
0.52
0.52
0.50
0.64
CorWatt	PkgWatt
17.37	130.12
0.52	130.11
0.47
0.48
0.49
0.56
0.49
0.49
0.47
0.40
0.42
0.38
0.40
0.53
0.50
0.49
0.50
0.45
0.47
0.48
0.45
0.39
0.40
0.38
0.40
0.38
0.38
3.04
0.39
0.52
0.52
0.51
0.62
CorWatt	PkgWatt
17.34	130.09
0.53	130.09
0.46
0.48
0.52
0.55
0.49
0.49
0.48
0.39
0.43
0.37
0.38
0.51
0.51
0.49
0.50
0.45
0.47
0.47
0.48
0.42
0.42
0.39
0.40
0.39
0.38
2.92
0.38
0.52
0.52
0.51
0.64
CorWatt	PkgWatt
18.03	130.05
0.66	130.06
0.65
0.87
0.89
0.60
0.54
0.78
0.54
0.53
0.50
0.45
0.46
0.90
0.57
0.55
0.56
0.50
0.53
0.53
0.50
0.46
0.48
0.45
0.47
0.43
0.38
0.50
0.40
0.58
0.59
0.56
0.61
CorWatt	PkgWatt
16.43	128.26
0.75	128.25
0.71
0.77
1.29
0.55
0.51
0.61
0.48
0.43
0.44
0.43
0.38
0.53
0.50
0.49
0.50
0.46
0.49
0.45
0.46
0.40
0.41
0.38
0.41
0.38
0.35
0.43
0.35
0.53
0.52
0.51
0.52
CorWatt	PkgWatt
16.60	128.37
0.76	128.37
0.71
0.79
1.31
0.56
0.50
0.62
0.49
0.43
0.45
0.38
0.39
0.52
0.51
0.49
0.51
0.46
0.49
0.45
0.47
0.40
0.42
0.39
0.42
0.36
0.38
0.44
0.36
0.53
0.56
0.53
0.54
CorWatt	PkgWatt
16.39	128.28
0.74	128.28
0.72
0.80
1.32
0.55
0.50
0.61
0.50
0.46
0.43
0.38
0.38
0.51
0.50
0.49
0.50
0.45
0.48
0.46
0.47
0.41
0.43
0.40
0.41
0.36
0.35
0.38
0.35
0.51
0.52
0.51
0.53
CorWatt	PkgWatt
16.21	128.04
0.77	128.03
0.72
1.25
0.89
0.55
0.49
0.60
0.48
0.38
0.43
0.38
0.38
0.51
0.50
0.49
0.50
0.47
0.48
0.46
0.47
0.39
0.41
0.38
0.40
0.35
0.35
0.36
0.35
0.51
0.50
0.50
0.52
CorWatt	PkgWatt
17.05	128.73
0.88	128.73
0.84
0.91
1.78
0.55
0.49
0.61
0.49
0.36
0.43
0.38
0.38
0.51
0.51
0.48
0.50
0.45
0.48
0.44
0.48
0.43
0.43
0.39
0.41
0.35
0.35
0.35
0.35
0.51
0.50
0.50
0.52
CorWatt	PkgWatt
19.13	130.67
1.14	130.67
1.12
1.14
3.12
0.55
0.49
0.60
0.49
0.39
0.42
0.36
0.37
0.50
0.50
0.50
0.51
0.46
0.49
0.45
0.46
0.39
0.42
0.38
0.40
0.35
0.36
0.38
0.36
0.51
0.52
0.50
0.49
CorWatt	PkgWatt
19.35	130.92
1.18	130.92
1.16
1.91
2.37
0.56
0.50
0.60
0.49
0.37
0.44
0.37
0.38
0.51
0.51
0.50
0.52
0.47
0.49
0.46
0.46
0.41
0.42
0.39
0.40
0.36
0.35
0.36
0.36
0.51
0.52
0.50
0.50
CorWatt	PkgWatt
19.25	130.94
1.18	130.94
1.16
3.11
1.16
0.58
0.49
0.60
0.48
0.40
0.45
0.36
0.40
0.51
0.50
0.48
0.51
0.46
0.50
0.45
0.47
0.39
0.41
0.38
0.40
0.35
0.35
0.36
0.35
0.51
0.51
0.50
0.51
CorWatt	PkgWatt
19.30	130.94
1.19	130.94
1.16
3.11
1.16
0.56
0.51
0.61
0.52
0.38
0.43
0.36
0.37
0.51
0.53
0.48
0.52
0.46
0.48
0.45
0.47
0.41
0.42
0.40
0.40
0.36
0.36
0.35
0.35
0.51
0.50
0.50
0.50
CorWatt	PkgWatt
19.41	131.17
1.19	131.16
1.16
2.25
2.04
0.57
0.49
0.60
0.48
0.37
0.43
0.38
0.38
0.51
0.52
0.50
0.53
0.48
0.51
0.47
0.46
0.42
0.43
0.39
0.40
0.36
0.35
0.35
0.36
0.52
0.50
0.50
0.50
CorWatt	PkgWatt
19.37	130.83
1.15	130.83
1.13
1.81
2.44
0.56
0.50
0.59
0.49
0.37
0.44
0.44
0.38
0.52
0.50
0.50
0.54
0.46
0.46
0.47
0.46
0.42
0.41
0.39
0.41
0.41
0.35
0.36
0.36
0.52
0.52
0.50
0.51
CorWatt	PkgWatt
19.34	130.98
1.19	130.98
1.17
3.11
1.16
0.57
0.50
0.60
0.48
0.38
0.42
0.37
0.37
0.51
0.50
0.49
0.51
0.47
0.46
0.48
0.48
0.39
0.41
0.40
0.41
0.37
0.36
0.37
0.37
0.52
0.54
0.50
0.51
CorWatt	PkgWatt
19.25	130.78
1.19	130.78
1.17
3.11
1.16
0.56
0.50
0.61
0.48
0.36
0.43
0.37
0.37
0.51
0.50
0.48
0.50
0.45
0.46
0.46
0.48
0.40
0.41
0.38
0.40
0.37
0.35
0.35
0.37
0.52
0.51
0.50
0.52
CorWatt	PkgWatt
19.31	131.03
1.19	131.03
1.17
3.12
1.16
0.56
0.49
0.59
0.48
0.39
0.42
0.36
0.37
0.53
0.50
0.48
0.50
0.46
0.48
0.48
0.48
0.39
0.41
0.38
0.40
0.37
0.37
0.35
0.36
0.52
0.53
0.52
0.52
CorWatt	PkgWatt
19.31	130.79
1.17	130.79
1.14
3.12
1.14
0.56
0.50
0.59
0.49
0.40
0.43
0.37
0.38
0.52
0.50
0.51
0.50
0.48
0.47
0.47
0.47
0.41
0.42
0.40
0.41
0.36
0.35
0.36
0.35
0.51
0.51
0.50
0.51
CorWatt	PkgWatt
19.13	130.68
1.18	130.68
1.15
2.83
1.45
0.56
0.49
0.60
0.48
0.40
0.43
0.36
0.37
0.51
0.50
0.48
0.50
0.46
0.46
0.47
0.46
0.39
0.42
0.38
0.40
0.35
0.35
0.35
0.35
0.51
0.51
0.50
0.51
CorWatt	PkgWatt
18.96	130.34
0.91	130.37
0.84
0.87
1.71
0.64
0.54
0.63
0.53
0.46
0.47
0.45
0.42
0.61
0.58
0.54
0.55
0.54
0.58
0.55
0.63
0.60
0.56
0.51
0.49
0.42
0.37
0.41
0.37
0.55
0.55
0.55
0.53
