CorWatt	PkgWatt
15.27	127.36
0.51	127.36
0.45
0.49
0.48
0.49
0.51
0.54
0.51
0.47
0.45
0.40
0.40
0.52
0.56
0.57
0.54
0.49
0.50
0.47
0.49
0.39
0.41
0.40
0.47
0.38
0.42
0.38
0.49
0.53
0.53
0.53
0.52
CorWatt	PkgWatt
14.73	127.01
0.50	127.06
0.46
0.45
0.49
0.50
0.49
0.55
0.49
0.44
0.47
0.41
0.37
0.53
0.54
0.55
0.54
0.45
0.47
0.45
0.48
0.39
0.38
0.39
0.46
0.35
0.36
0.36
0.37
0.53
0.50
0.53
0.49
CorWatt	PkgWatt
20.83	132.28
0.71	132.27
0.57
0.60
0.65
0.75
0.67
0.67
0.71
0.63
0.65
0.56
0.52
0.65
0.64
0.71
0.69
0.62
0.75
0.60
0.61
0.60
0.55
0.58
0.56
0.66
0.62
0.66
0.71
0.71
0.79
0.72
0.71
CorWatt	PkgWatt
15.89	127.81
0.53	127.78
0.46
0.48
0.51
0.51
0.53
0.55
0.52
0.48
0.48
0.44
0.42
0.55
0.54
0.54
0.56
0.51
0.51
0.51
0.57
0.45
0.44
0.44
0.48
0.43
0.41
0.43
0.46
0.55
0.54
0.52
0.53
CorWatt	PkgWatt
15.73	127.74
0.49	127.74
0.44
0.47
0.50
0.51
0.49
0.54
0.52
0.51
0.50
0.37
0.38
0.52
0.51
0.53
0.54
0.50
0.51
0.49
0.57
0.45
0.44
0.39
0.47
0.45
0.47
0.44
0.46
0.56
0.55
0.59
0.57
CorWatt	PkgWatt
16.87	128.43
0.57	128.47
0.49
0.52
0.55
0.62
0.55
0.58
0.57
0.54
0.51
0.49
0.45
0.62
0.61
0.58
0.57
0.49
0.50
0.58
0.52
0.46
0.43
0.42
0.46
0.50
0.48
0.48
0.47
0.55
0.53
0.61
0.58
CorWatt	PkgWatt
15.70	127.66
0.51	127.63
0.46
0.48
0.51
0.52
0.49
0.53
0.53
0.48
0.58
0.44
0.45
0.55
0.57
0.57
0.57
0.48
0.49
0.51
0.49
0.46
0.39
0.38
0.38
0.41
0.40
0.41
0.47
0.55
0.52
0.54
0.58
CorWatt	PkgWatt
15.67	127.75
0.53	127.74
0.46
0.58
0.56
0.57
0.54
0.56
0.55
0.48
0.47
0.40
0.39
0.55
0.53
0.52
0.52
0.51
0.52
0.53
0.50
0.45
0.39
0.39
0.40
0.40
0.43
0.37
0.38
0.54
0.52
0.59
0.54
CorWatt	PkgWatt
15.15	127.24
0.50	127.24
0.43
0.46
0.45
0.54
0.54
0.56
0.53
0.48
0.46
0.37
0.38
0.50
0.53
0.51
0.50
0.49
0.49
0.46
0.56
0.47
0.44
0.43
0.43
0.40
0.42
0.36
0.37
0.54
0.50
0.51
0.53
CorWatt	PkgWatt
15.36	127.55
0.54	127.54
0.49
0.45
0.44
0.59
0.58
0.54
0.50
0.47
0.46
0.38
0.44
0.55
0.54
0.49
0.54
0.46
0.46
0.45
0.49
0.45
0.43
0.43
0.42
0.43
0.41
0.36
0.37
0.57
0.52
0.58
0.52
CorWatt	PkgWatt
15.82	127.67
0.53	127.68
0.46
0.48
0.44
0.55
0.53
0.58
0.52
0.49
0.45
0.40
0.39
0.53
0.52
0.52
0.56
0.47
0.48
0.48
0.49
0.44
0.42
0.42
0.42
0.46
0.44
0.46
0.44
0.64
0.55
0.56
0.67
CorWatt	PkgWatt
15.75	127.76
0.54	127.76
0.46
0.47
0.45
0.51
0.54
0.57
0.52
0.51
0.44
0.40
0.39
0.56
0.53
0.52
0.56
0.50
0.50
0.51
0.50
0.46
0.42
0.41
0.47
0.40
0.45
0.43
0.39
0.59
0.56
0.56
0.62
CorWatt	PkgWatt
19.05	130.19
0.55	130.21
0.44
0.55
0.44
0.54
0.56
0.59
0.51
0.60
0.59
0.63
0.54
0.62
0.65
0.62
0.66
0.66
0.66
0.63
0.69
0.61
0.52
0.62
0.68
0.52
0.54
0.50
0.52
0.68
0.71
0.77
0.67
