CorWatt	PkgWatt
15.11	126.77
0.50	126.76
0.45
0.50
0.44
0.54
0.49
0.48
0.49
0.43
0.42
0.40
0.38
0.52
0.53
0.53
0.52
0.52
0.53
0.47
0.60
0.43
0.40
0.39
0.42
0.37
0.38
0.38
0.37
0.55
0.53
0.60
0.51
CorWatt	PkgWatt
14.99	125.92
0.49	126.57
0.44
0.49
0.46
0.53
0.49
0.48
0.48
0.38
0.47
0.39
0.40
0.51
0.52
0.50
0.54
0.50
0.53
0.51
0.54
0.42
0.39
0.42
0.41
0.39
0.41
0.37
0.38
0.56
0.53
0.60
0.53
CorWatt	PkgWatt
17.56	129.50
0.69	128.84
0.59
0.67
0.60
0.58
0.55
0.56
0.50
0.54
0.50
0.51
0.54
0.65
0.62
0.61
0.63
0.51
0.54
0.49
0.62
0.45
0.40
0.44
0.43
0.44
0.47
0.46
0.40
0.61
0.61
0.68
0.63
CorWatt	PkgWatt
14.87	126.55
0.56	126.48
0.49
0.49
0.52
0.51
0.50
0.48
0.48
0.42
0.43
0.40
0.38
0.51
0.52
0.57
0.54
0.46
0.46
0.46
0.47
0.43
0.39
0.38
0.39
0.37
0.39
0.36
0.36
0.51
0.53
0.59
0.51
