CorWatt	PkgWatt
17.56	172.37
0.19	84.88
0.18
0.18
0.17
0.17
0.17
0.17
0.17
0.15
0.15
0.15
0.15
0.14
0.14
0.14
0.14
0.17
0.17
0.16
0.16
0.18
0.17
0.17
0.17
0.16
0.16
0.16
0.16
0.20
0.20
0.21
2.22
0.15	87.25
0.15
0.14
0.14
0.15
0.14
0.15
0.15
0.13
0.13
0.13
0.13
0.13
0.13
0.13
0.14
0.20
0.20
5.63
0.19
0.16
0.15
0.15
0.15
0.14
0.14
0.14
0.14
0.14
0.13
0.13
0.13
CorWatt	PkgWatt
21.62	175.67
0.19	85.21
0.17
0.17
0.17
0.17
0.16
0.17
0.17
0.15
0.15
0.15
0.15
0.14
0.14
0.14
0.14
0.17
0.17
0.16
0.16
0.18
0.17
0.17
0.17
0.16
0.16
0.16
0.16
0.22
0.23
0.20
2.82
0.18	90.47
3.01
0.18
0.17
0.16
0.17
0.17
0.17
0.14
0.14
0.14
0.14
0.17
0.15
0.15
0.19
0.19
0.20
5.68
0.19
0.17
0.17
0.19
0.19
0.15
0.15
0.15
0.16
0.15
0.16
0.15
0.15
CorWatt	PkgWatt
30.15	193.65
0.37	95.67
0.37
0.27
0.32
0.33
0.32
0.33
0.59
0.22
0.33
0.20
0.31
0.38
0.21
0.20
0.42
0.27
0.22
0.37
0.33
0.41
0.48
0.19
0.22
0.39
0.24
0.20
0.31
0.21
0.42
0.22
4.08
0.25	97.39
5.32
0.22
0.24
0.17
0.18
0.17
0.16
0.16
0.15
0.15
0.15
0.16
0.18
0.16
0.16
0.21
0.21
5.75
0.20
0.17
0.17
0.17
0.18
0.15
0.15
0.15
0.15
0.16
0.17
0.19
0.16
CorWatt	PkgWatt
24.97	177.91
0.18	85.81
0.18
0.17
0.17
0.17
0.17
0.17
0.17
0.15
0.15
0.15
0.15
0.15
0.15
0.15
0.15
0.17
0.17
0.17
0.16
0.18
0.17
0.17
0.17
0.16
0.16
0.16
0.16
0.20
0.20
0.21
4.05
0.21	91.98
5.26
0.20
0.20
0.16
0.16
0.16
0.15
0.14
0.14
0.14
0.14
0.14
0.14
0.14
0.14
0.19
0.20
5.74
0.19
0.16
0.16
0.16
0.16
0.14
0.15
0.14
0.14
0.14
0.15
0.15
0.16
CorWatt	PkgWatt
24.80	177.40
0.19	89.61
0.18
0.18
0.18
0.17
0.17
0.18
0.17
0.19
0.19
0.19
3.87
0.15
0.15
0.15
0.15
0.17
0.17
0.17
0.17
0.18
0.17
0.17
0.17
0.16
0.16
0.16
0.16
0.20
0.21
0.21
4.08
0.17	87.69
1.50
0.16
0.16
0.15
0.15
0.15
0.15
0.13
0.13
0.13
0.13
0.14
0.14
0.14
0.14
0.20
0.20
5.61
0.19
0.16
0.16
0.15
0.15
0.14
0.15
0.14
0.14
0.14
0.14
0.14
0.14
