CorWatt	PkgWatt
15.30	127.27
0.50	127.28
0.48
0.48
0.45
0.52
0.56
0.50
0.50
0.41
0.45
0.42
0.40
0.51
0.52
0.52
0.55
0.49
0.53
0.47
0.51
0.40
0.44
0.44
0.40
0.37
0.37
0.41
0.42
0.58
0.54
0.59
0.54
CorWatt	PkgWatt
14.78	126.85
0.49	126.99
0.43
0.45
0.44
0.49
0.53
0.49
0.47
0.40
0.45
0.41
0.40
0.50
0.50
0.49
0.53
0.49
0.54
0.47
0.49
0.42
0.47
0.43
0.41
0.36
0.35
0.44
0.39
0.53
0.53
0.52
0.51
CorWatt	PkgWatt
18.23	129.92
0.60	129.80
0.58
0.55
0.61
0.63
0.78
0.62
0.66
0.52
0.57
0.66
0.56
0.65
0.60
0.59
0.66
0.55
0.63
0.54
0.51
0.43
0.55
0.45
0.44
0.39
0.39
0.52
0.49
0.63
0.58
0.61
0.67
CorWatt	PkgWatt
15.18	127.29
0.52	127.26
0.44
0.47
0.49
0.57
0.58
0.60
0.56
0.40
0.45
0.49
0.38
0.53
0.52
0.51
0.53
0.47
0.53
0.46
0.46
0.41
0.42
0.39
0.38
0.35
0.35
0.41
0.37
0.52
0.55
0.50
0.56
CorWatt	PkgWatt
15.22	127.22
0.55	127.18
0.44
0.47
0.49
0.54
0.54
0.55
0.49
0.41
0.47
0.41
0.41
0.51
0.51
0.52
0.54
0.49
0.54
0.48
0.48
0.40
0.44
0.42
0.40
0.38
0.37
0.38
0.39
0.53
0.57
0.51
0.59
