CorWatt	PkgWatt
15.26	127.57
0.53	127.57
0.50
0.52
0.51
0.57
0.54
0.57
0.57
0.43
0.45
0.41
0.39
0.52
0.54
0.55
0.54
0.45
0.49
0.47
0.47
0.42
0.43
0.39
0.43
0.36
0.38
0.39
0.37
0.52
0.52
0.52
0.51
CorWatt	PkgWatt
14.84	127.11
0.53	127.10
0.50
0.48
0.52
0.57
0.51
0.56
0.49
0.38
0.44
0.41
0.39
0.51
0.53
0.49
0.51
0.46
0.48
0.48
0.47
0.38
0.43
0.39
0.41
0.36
0.36
0.39
0.35
0.52
0.51
0.51
0.54
CorWatt	PkgWatt
21.36	133.23
0.70	133.26
0.66
0.66
0.61
0.63
0.78
0.74
0.67
0.53
0.50
0.55
0.52
0.63
0.64
0.61
0.59
2.35
0.61
0.64
0.65
0.59
0.59
0.58
0.63
0.46
0.46
0.49
0.49
0.66
0.94
0.58
0.62
CorWatt	PkgWatt
16.61	128.44
0.54	128.41
0.57
0.53
0.48
0.50
0.53
0.58
0.52
0.39
0.44
0.40
0.39
0.51
0.53
0.50
0.53
0.57
0.48
0.46
0.47
1.01
0.79
0.70
0.69
0.36
0.35
0.36
0.39
0.52
0.51
0.50
0.50
CorWatt	PkgWatt
16.48	128.52
0.51	128.52
0.55
0.55
0.51
0.50
0.49
0.55
0.53
0.39
0.43
0.39
0.38
0.50
0.52
0.49
0.52
0.56
0.48
0.49
0.49
0.64
1.17
0.64
0.66
0.37
0.37
0.37
0.38
0.52
0.51
0.50
0.51
CorWatt	PkgWatt
16.38	128.42
0.53	128.42
0.54
0.50
0.50
0.51
0.50
0.56
0.51
0.38
0.43
0.39
0.39
0.50
0.53
0.49
0.51
0.56
0.49
0.46
0.48
0.64
0.94
0.99
0.63
0.35
0.35
0.36
0.35
0.51
0.50
0.50
0.50
CorWatt	PkgWatt
16.23	128.24
0.51	128.23
0.52
0.50
0.50
0.50
0.49
0.54
0.50
0.38
0.43
0.38
0.37
0.50
0.52
0.50
0.50
0.56
0.47
0.48
0.47
0.63
0.90
0.97
0.63
0.37
0.36
0.38
0.35
0.51
0.50
0.50
0.50
CorWatt	PkgWatt
16.44	128.71
0.49	128.71
0.54
0.53
0.48
0.48
0.49
0.55
0.49
0.39
0.43
0.39
0.40
0.50
0.54
0.51
0.50
0.57
0.47
0.45
0.51
0.63
0.65
1.36
0.61
0.35
0.36
0.38
0.36
0.51
0.50
0.50
0.50
CorWatt	PkgWatt
18.18	130.86
0.54	130.86
0.55
0.54
0.46
1.25
0.50
0.53
0.53
0.40
0.43
0.45
0.40
0.53
0.53
0.50
0.52
0.55
0.49
0.47
0.49
0.46
0.45
2.41
0.45
0.39
0.39
0.37
0.38
0.55
0.56
0.55
0.55
CorWatt	PkgWatt
17.37	130.37
0.51	130.36
0.52
0.52
0.45
3.22
0.51
0.49
0.49
0.38
0.42
0.39
0.38
0.51
0.51
0.49
0.50
0.55
0.47
0.47
0.47
0.41
0.43
0.38
0.39
0.36
0.36
0.36
0.40
0.52
0.51
0.51
0.51
CorWatt	PkgWatt
17.56	130.37
0.52	130.38
0.54
0.52
0.45
2.67
0.51
0.49
0.51
0.39
0.44
0.40
0.37
0.50
0.51
0.52
0.53
1.13
0.50
0.47
0.47
0.41
0.43
0.43
0.40
0.35
0.35
0.36
0.35
0.52
0.53
0.50
0.50
CorWatt	PkgWatt
17.50	130.49
0.54	130.48
0.54
0.53
0.44
0.49
0.49
0.48
0.49
0.38
0.44
0.39
0.38
0.52
0.53
0.51
0.52
3.23
0.57
0.47
0.48
0.43
0.44
0.38
0.40
0.35
0.35
0.37
0.35
0.51
0.51
0.51
0.50
CorWatt	PkgWatt
17.75	130.49
0.55	130.49
0.54
0.53
0.49
0.50
0.51
0.49
0.51
0.41
0.45
0.41
0.38
0.52
0.52
0.49
0.52
3.23
0.58
0.47
0.48
0.43
0.45
0.42
0.40
0.35
0.35
0.36
0.36
0.52
0.51
0.50
0.51
CorWatt	PkgWatt
17.47	130.24
0.52	130.23
0.52
0.49
0.48
0.49
0.49
0.49
0.49
0.39
0.44
0.41
0.38
0.50
0.52
0.49
0.52
3.24
0.58
0.46
0.49
0.42
0.44
0.42
0.40
0.35
0.35
0.36
0.35
0.51
0.50
0.50
0.50
CorWatt	PkgWatt
17.76	130.63
0.56	130.64
0.53
0.52
0.51
0.50
0.50
0.49
0.50
0.39
0.45
0.42
0.39
0.51
0.55
0.53
0.52
3.24
0.58
0.48
0.48
0.42
0.43
0.39
0.40
0.35
0.35
0.37
0.36
0.51
0.51
0.50
0.50
CorWatt	PkgWatt
17.66	130.44
0.54	130.43
0.53
0.50
0.49
0.49
0.50
0.50
0.51
0.39
0.44
0.38
0.38
0.52
0.54
0.50
0.51
3.24
0.58
0.48
0.49
0.42
0.43
0.40
0.41
0.35
0.35
0.36
0.41
0.51
0.50
0.50
0.50
CorWatt	PkgWatt
17.56	130.29
0.53	130.29
0.52
0.49
0.48
0.50
0.49
0.49
0.51
0.40
0.45
0.39
0.38
0.50
0.52
0.49
0.51
3.24
0.57
0.48
0.48
0.42
0.43
0.39
0.42
0.35
0.35
0.38
0.35
0.52
0.51
0.50
0.50
CorWatt	PkgWatt
17.94	130.73
0.56	130.74
0.53
0.52
0.53
0.49
0.49
0.49
0.49
0.38
0.46
0.44
0.40
0.50
0.54
0.49
0.54
3.24
0.60
0.50
0.48
0.44
0.47
0.45
0.46
0.36
0.38
0.35
0.37
0.51
0.50
0.50
0.50
CorWatt	PkgWatt
17.81	130.69
0.53	130.69
0.53
0.56
0.48
0.50
0.50
0.49
0.52
0.39
0.44
0.47
0.38
0.51
0.51
0.49
0.52
3.24
0.59
0.47
0.49
0.41
0.45
0.40
0.45
0.35
0.35
0.36
0.35
0.54
0.52
0.52
0.52
CorWatt	PkgWatt
17.62	130.43
0.53	130.43
0.54
0.52
0.45
0.51
0.50
0.51
0.51
0.38
0.44
0.40
0.37
0.51
0.51
0.49
0.51
3.18
0.58
0.47
0.53
0.41
0.48
0.41
0.41
0.37
0.36
0.35
0.35
0.53
0.52
0.50
0.50
CorWatt	PkgWatt
18.39	130.01
0.56	130.02
0.58
0.58
0.51
0.57
0.57
0.57
0.59
0.45
0.49
0.98
0.44
0.68
0.69
1.09
0.71
0.59
0.63
0.55
0.54
0.49
0.51
0.49
0.49
0.42
0.42
0.42
0.42
0.60
0.60
0.59
0.62
CorWatt	PkgWatt
16.95	128.79
0.52	128.78
0.51
0.54
0.48
0.49
0.49
0.50
0.49
0.39
0.45
0.50
0.39
1.57
0.86
0.90
0.87
0.46
0.47
0.47
0.47
0.39
0.42
0.39
0.40
0.36
0.35
0.37
0.36
0.52
0.51
0.50
0.57
CorWatt	PkgWatt
16.83	128.68
0.53	128.69
0.49
0.52
0.53
0.49
0.48
0.50
0.50
0.38
0.44
0.51
0.39
0.86
0.86
1.53
0.87
0.47
0.47
0.47
0.47
0.40
0.44
0.39
0.41
0.35
0.35
0.36
0.35
0.51
0.51
0.50
0.50
CorWatt	PkgWatt
16.81	128.65
0.51	128.65
0.51
0.48
0.49
0.48
0.48
0.48
0.48
0.39
0.45
0.51
0.38
1.06
0.86
1.38
0.88
0.44
0.47
0.46
0.46
0.38
0.44
0.39
0.39
0.37
0.36
0.38
0.37
0.51
0.53
0.51
0.50
CorWatt	PkgWatt
16.96	128.83
0.51	128.83
0.50
0.50
0.49
0.51
0.50
0.49
0.50
0.39
0.45
0.50
0.41
0.86
0.86
1.55
0.88
0.45
0.48
0.47
0.49
0.39
0.43
0.41
0.40
0.36
0.36
0.37
0.35
0.52
0.54
0.53
0.51
CorWatt	PkgWatt
16.65	128.58
0.50	128.58
0.50
0.48
0.48
0.48
0.48
0.48
0.48
0.40
0.46
0.52
0.40
0.86
0.86
1.55
0.87
0.44
0.46
0.45
0.47
0.38
0.41
0.41
0.39
0.35
0.35
0.36
0.35
0.51
0.51
0.50
0.50
CorWatt	PkgWatt
18.08	129.65
0.53	129.65
0.50
0.50
0.48
0.51
0.49
0.50
0.54
0.39
0.44
0.51
0.38
1.05
1.06
2.17
1.07
0.44
0.47
0.46
0.47
0.39
0.44
0.39
0.39
0.35
0.38
0.37
0.35
0.52
0.51
0.50
0.50
CorWatt	PkgWatt
19.99	131.35
0.52	131.35
0.54
0.48
0.53
0.48
0.51
0.48
0.48
0.39
0.44
0.52
0.38
1.36
1.36
3.18
1.37
0.45
0.46
0.45
0.46
0.41
0.45
0.38
0.41
0.37
0.36
0.36
0.35
0.51
0.51
0.52
0.51
CorWatt	PkgWatt
19.99	131.49
0.53	131.49
0.51
0.49
0.51
0.50
0.49
0.49
0.50
0.39
0.44
0.55
0.39
1.56
1.36
2.96
1.37
0.44
0.47
0.46
0.46
0.40
0.42
0.40
0.39
0.37
0.36
0.37
0.36
0.52
0.51
0.51
0.51
CorWatt	PkgWatt
20.16	131.40
0.52	131.40
0.50
0.48
0.52
0.49
0.50
0.49
0.48
0.40
0.45
0.52
0.39
3.17
1.36
1.36
1.37
0.49
0.47
0.47
0.48
0.39
0.42
0.40
0.41
0.39
0.38
0.39
0.37
0.54
0.54
0.52
0.53
CorWatt	PkgWatt
19.91	131.30
0.52	131.29
0.49
0.48
0.52
0.52
0.50
0.48
0.50
0.38
0.44
0.51
0.38
3.18
1.36
1.35
1.36
0.44
0.48
0.47
0.47
0.39
0.41
0.38
0.39
0.35
0.37
0.38
0.36
0.51
0.51
0.51
0.51
CorWatt	PkgWatt
19.98	131.34
0.52	131.35
0.51
0.48
0.52
0.48
0.49
0.50
0.48
0.38
0.43
0.51
0.38
1.36
1.36
3.17
1.37
0.46
0.48
0.48
0.48
0.38
0.41
0.38
0.39
0.36
0.37
0.40
0.36
0.51
0.51
0.52
0.52
CorWatt	PkgWatt
20.06	131.48
0.52	131.48
0.51
0.48
0.51
0.50
0.49
0.49
0.52
0.41
0.44
0.51
0.39
3.17
1.36
1.36
1.37
0.47
0.47
0.46
0.46
0.39
0.41
0.40
0.41
0.36
0.38
0.37
0.36
0.52
0.51
0.51
0.52
CorWatt	PkgWatt
19.86	131.24
0.54	131.24
0.51
0.49
0.52
0.48
0.48
0.48
0.47
0.39
0.44
0.52
0.39
3.17
1.37
1.36
1.37
0.44
0.48
0.45
0.46
0.38
0.42
0.39
0.39
0.37
0.35
0.36
0.35
0.51
0.51
0.50
0.51
CorWatt	PkgWatt
19.91	131.26
0.52	131.25
0.49
0.48
0.53
0.50
0.48
0.49
0.49
0.39
0.45
0.51
0.39
3.17
1.37
1.36
1.37
0.44
0.48
0.48
0.50
0.38
0.41
0.38
0.39
0.37
0.37
0.37
0.35
0.51
0.51
0.50
0.50
CorWatt	PkgWatt
19.81	131.17
0.51	131.17
0.52
0.49
0.50
0.48
0.49
0.49
0.47
0.39
0.44
0.51
0.38
1.93
1.36
2.60
1.36
0.44
0.49
0.45
0.48
0.38
0.41
0.38
0.39
0.37
0.35
0.36
0.35
0.52
0.51
0.50
0.51
CorWatt	PkgWatt
19.98	131.42
0.51	131.41
0.50
0.49
0.52
0.50
0.49
0.49
0.49
0.40
0.45
0.51
0.39
3.06
1.37
1.46
1.37
0.45
0.48
0.47
0.46
0.40
0.41
0.38
0.39
0.38
0.38
0.40
0.36
0.52
0.51
0.51
0.51
CorWatt	PkgWatt
19.73	131.21
0.56	131.20
0.92
0.53
0.58
0.53
0.53
0.54
0.55
0.49
0.51
0.59
0.46
2.07
1.03
1.03
1.06
0.47
0.53
0.51
0.52
0.45
0.47
0.42
0.45
0.42
0.43
0.44
0.44
0.55
0.55
0.54
0.55
CorWatt	PkgWatt
16.99	128.65
0.55	128.67
0.66
0.56
0.47
1.04
0.70
0.70
0.90
0.40
0.45
0.46
0.38
0.58
0.52
0.51
0.54
0.46
0.48
0.48
0.48
0.42
0.42
0.43
0.42
0.45
0.45
0.40
0.47
0.55
0.56
0.55
0.55
CorWatt	PkgWatt
16.29	128.37
0.50	128.35
0.56
0.53
0.44
1.16
0.75
0.73
0.74
0.40
0.45
0.39
0.39
0.57
0.51
0.50
0.55
0.47
0.48
0.47
0.48
0.39
0.42
0.39
0.41
0.42
0.36
0.36
0.41
0.52
0.51
0.51
0.51
CorWatt	PkgWatt
16.25	128.05
0.51	128.05
0.56
0.52
0.44
1.15
0.74
0.73
0.75
0.39
0.45
0.41
0.39
0.55
0.51
0.53
0.55
0.45
0.48
0.46
0.46
0.40
0.42
0.39
0.40
0.42
0.37
0.37
0.40
0.52
0.52
0.50
0.50
CorWatt	PkgWatt
16.04	128.03
0.51	128.03
0.55
0.53
0.44
1.00
0.73
0.72
0.89
0.38
0.44
0.38
0.37
0.56
0.52
0.51
0.55
0.44
0.46
0.45
0.46
0.39
0.41
0.38
0.39
0.43
0.35
0.37
0.42
0.51
0.50
0.50
0.50
CorWatt	PkgWatt
16.13	128.17
0.51	128.17
0.56
0.52
0.49
1.08
0.73
0.71
0.98
0.40
0.44
0.41
0.38
0.50
0.50
0.48
0.53
0.44
0.46
0.46
0.45
0.38
0.41
0.38
0.39
0.42
0.35
0.36
0.37
0.52
0.51
0.50
0.50
CorWatt	PkgWatt
18.53	133.15
0.52	133.16
0.54
0.49
0.51
4.38
0.50
0.49
0.52
0.37
0.44
0.41
0.39
0.51
0.51
0.49
0.53
0.44
0.47
0.45
0.46
0.38
0.42
0.43
0.39
0.42
0.35
0.35
0.35
0.51
0.51
0.51
0.50
CorWatt	PkgWatt
18.95	133.27
0.56	133.28
0.54
0.50
0.55
4.38
0.51
0.51
0.53
0.41
0.46
0.41
0.40
0.52
0.55
0.52
0.55
0.45
0.47
0.48
0.46
0.39
0.42
0.42
0.40
0.41
0.37
0.37
0.38
0.52
0.50
0.50
0.51
CorWatt	PkgWatt
18.53	133.09
0.53	133.08
0.54
0.50
0.54
4.38
0.50
0.49
0.51
0.38
0.43
0.38
0.38
0.52
0.50
0.49
0.52
0.44
0.48
0.45
0.48
0.38
0.41
0.42
0.40
0.41
0.35
0.35
0.36
0.51
0.50
0.50
0.50
CorWatt	PkgWatt
18.45	132.99
0.53	132.99
0.54
0.50
0.53
4.39
0.51
0.49
0.51
0.38
0.44
0.37
0.37
0.50
0.50
0.48
0.53
0.44
0.47
0.46
0.46
0.39
0.42
0.38
0.39
0.40
0.35
0.36
0.35
0.51
0.50
0.50
0.50
CorWatt	PkgWatt
18.57	133.24
0.52	133.24
0.54
0.49
0.52
4.38
0.51
0.50
0.52
0.40
0.43
0.39
0.40
0.50
0.52
0.50
0.53
0.44
0.46
0.45
0.46
0.38
0.43
0.41
0.42
0.41
0.35
0.35
0.35
0.51
0.50
0.50
0.50
CorWatt	PkgWatt
18.85	133.41
0.53	133.41
0.52
0.50
0.56
4.38
0.51
0.50
0.53
0.40
0.43
0.45
0.41
0.50
0.51
0.49
0.52
0.45
0.48
0.46
0.46
0.40
0.42
0.39
0.40
0.42
0.37
0.36
0.36
0.54
0.53
0.53
0.52
CorWatt	PkgWatt
18.53	133.22
0.53	133.22
0.53
0.48
0.52
4.39
0.50
0.51
0.53
0.40
0.43
0.38
0.38
0.50
0.51
0.48
0.51
0.45
0.46
0.45
0.46
0.38
0.42
0.39
0.39
0.42
0.36
0.35
0.35
0.52
0.52
0.50
0.50
CorWatt	PkgWatt
18.68	133.53
0.54	133.53
0.54
0.50
0.54
4.39
0.50
0.49
0.53
0.40
0.43
0.38
0.38
0.51
0.51
0.48
0.51
0.45
0.49
0.47
0.46
0.40
0.42
0.42
0.40
0.42
0.39
0.36
0.35
0.51
0.51
0.50
0.50
CorWatt	PkgWatt
18.52	133.28
0.53	133.28
0.54
0.50
0.54
4.38
0.50
0.50
0.51
0.38
0.44
0.37
0.38
0.50
0.51
0.50
0.50
0.44
0.47
0.46
0.49
0.39
0.42
0.38
0.40
0.42
0.35
0.36
0.35
0.51
0.50
0.50
0.50
CorWatt	PkgWatt
18.73	133.48
0.53	133.48
0.53
0.51
0.55
4.38
0.51
0.51
0.52
0.41
0.44
0.38
0.39
0.50
0.51
0.50
0.52
0.46
0.48
0.46
0.46
0.40
0.44
0.40
0.42
0.40
0.36
0.38
0.36
0.51
0.51
0.50
0.50
CorWatt	PkgWatt
18.53	133.33
0.52	133.33
0.53
0.49
0.53
4.38
0.51
0.50
0.51
0.39
0.43
0.39
0.40
0.50
0.51
0.49
0.51
0.44
0.47
0.46
0.46
0.38
0.42
0.38
0.40
0.41
0.36
0.36
0.36
0.51
0.52
0.50
0.50
CorWatt	PkgWatt
18.52	133.40
0.53	133.40
0.53
0.51
0.51
4.38
0.50
0.50
0.52
0.39
0.44
0.38
0.40
0.50
0.50
0.48
0.50
0.44
0.48
0.47
0.46
0.40
0.42
0.38
0.39
0.40
0.35
0.37
0.35
0.51
0.52
0.52
0.50
CorWatt	PkgWatt
18.13	130.49
0.60	130.51
0.57
0.55
0.56
1.00
0.58
0.55
0.58
0.51
0.73
0.46
0.51
0.64
0.88
0.63
0.97
0.52
0.51
0.52
0.52
0.45
0.48
0.47
0.46
0.46
0.39
0.40
0.44
0.55
0.55
0.54
0.55
CorWatt	PkgWatt
16.49	128.52
0.50	128.50
0.46
0.46
0.48
0.54
0.51
0.51
0.52
0.43
0.54
0.40
0.45
0.76
1.08
0.97
0.77
0.45
0.48
0.48
0.46
0.39
0.45
0.40
0.41
0.42
0.39
0.38
0.37
0.52
0.52
0.51
0.51
CorWatt	PkgWatt
16.33	128.38
0.52	128.38
0.43
0.45
0.49
0.50
0.51
0.49
0.48
0.44
0.54
0.40
0.45
0.75
0.96
1.11
0.79
0.45
0.46
0.45
0.47
0.41
0.45
0.38
0.41
0.42
0.36
0.36
0.35
0.51
0.52
0.50
0.50
CorWatt	PkgWatt
16.11	128.37
0.53	128.37
0.43
0.46
0.43
0.50
0.48
0.48
0.48
0.44
0.54
0.44
0.44
0.74
1.07
0.98
0.76
0.44
0.48
0.46
0.45
0.38
0.41
0.38
0.39
0.43
0.35
0.36
0.36
0.52
0.51
0.50
0.50
CorWatt	PkgWatt
16.40	128.45
0.52	128.45
0.44
0.45
0.44
0.49
0.50
0.50
0.48
0.44
0.53
0.40
0.44
0.75
1.20
0.82
0.76
0.47
0.47
0.48
0.46
0.40
0.41
0.40
0.42
0.47
0.38
0.38
0.37
0.54
0.53
0.53
0.53
CorWatt	PkgWatt
16.58	128.64
0.55	128.64
0.43
0.45
0.46
0.52
0.50
0.49
0.50
0.44
0.54
0.40
0.45
0.72
0.78
1.58
0.74
0.46
0.47
0.47
0.46
0.39
0.41
0.39
0.39
0.42
0.37
0.37
0.36
0.52
0.51
0.51
0.51
CorWatt	PkgWatt
17.76	130.38
0.53	130.38
0.43
0.45
0.47
0.48
0.48
0.48
0.48
0.44
0.53
0.38
0.46
0.63
0.66
3.21
0.64
0.45
0.47
0.47
0.47
0.38
0.40
0.38
0.39
0.42
0.36
0.39
0.36
0.51
0.50
0.52
0.52
CorWatt	PkgWatt
17.72	130.21
0.52	130.21
0.42
0.44
0.46
0.50
0.49
0.48
0.48
0.47
0.53
0.38
0.44
0.64
0.67
3.19
0.65
0.46
0.46
0.46
0.46
0.39
0.41
0.40
0.39
0.41
0.37
0.36
0.35
0.51
0.50
0.50
0.50
CorWatt	PkgWatt
17.69	130.21
0.54	130.21
0.45
0.46
0.49
0.48
0.49
0.49
0.48
0.44
0.53
0.39
0.46
0.64
0.67
3.19
0.66
0.44
0.46
0.45
0.45
0.38
0.42
0.38
0.39
0.41
0.35
0.35
0.35
0.51
0.50
0.51
0.50
CorWatt	PkgWatt
17.84	130.22
0.52	130.22
0.43
0.45
0.47
0.50
0.49
0.49
0.49
0.44
0.53
0.39
0.45
0.63
0.66
3.21
0.65
0.44
0.47
0.48
0.48
0.39
0.41
0.39
0.39
0.44
0.37
0.38
0.36
0.52
0.50
0.51
0.51
CorWatt	PkgWatt
17.65	130.23
0.52	130.23
0.44
0.46
0.46
0.48
0.49
0.49
0.48
0.43
0.53
0.38
0.44
0.64
0.66
3.19
0.65
0.45
0.48
0.45
0.47
0.38
0.41
0.38
0.39
0.41
0.35
0.36
0.35
0.51
0.50
0.51
0.50
CorWatt	PkgWatt
17.70	130.07
0.51	130.07
0.43
0.45
0.47
0.49
0.48
0.48
0.48
0.44
0.52
0.39
0.44
0.64
0.67
3.18
0.65
0.44
0.47
0.47
0.46
0.39
0.41
0.38
0.39
0.45
0.37
0.38
0.35
0.51
0.51
0.50
0.50
CorWatt	PkgWatt
17.81	130.14
0.52	130.15
0.42
0.44
0.47
0.48
0.48
0.49
0.48
0.44
0.53
0.40
0.47
0.63
0.98
2.94
0.66
0.44
0.48
0.45
0.49
0.38
0.43
0.38
0.41
0.41
0.37
0.37
0.38
0.51
0.50
0.50
0.50
CorWatt	PkgWatt
18.18	130.45
0.54	130.45
0.45
0.46
0.48
0.50
0.49
0.49
0.48
0.42
0.52
0.44
0.45
0.64
3.20
0.66
0.67
0.45
0.48
0.46
0.47
0.41
0.42
0.40
0.42
0.42
0.40
0.37
0.37
0.54
0.56
0.55
0.55
CorWatt	PkgWatt
17.68	130.15
0.52	130.15
0.43
0.44
0.47
0.49
0.50
0.48
0.47
0.42
0.53
0.38
0.44
0.64
3.20
0.65
0.66
0.46
0.48
0.47
0.46
0.38
0.42
0.38
0.39
0.41
0.38
0.35
0.35
0.51
0.51
0.50
0.51
CorWatt	PkgWatt
17.86	130.22
0.52	130.22
0.44
0.46
0.47
0.49
0.48
0.48
0.48
0.41
0.54
0.40
0.44
0.63
2.38
1.54
0.67
0.47
0.48
0.46
0.46
0.39
0.42
0.38
0.39
0.41
0.35
0.37
0.36
0.52
0.53
0.52
0.51
CorWatt	PkgWatt
17.72	130.15
0.55	130.15
0.44
0.47
0.46
0.48
0.48
0.48
0.47
0.42
0.53
0.39
0.46
0.66
0.67
3.19
0.67
0.44
0.46
0.46
0.46
0.40
0.42
0.39
0.39
0.41
0.35
0.36
0.35
0.51
0.50
0.50
0.50
CorWatt	PkgWatt
17.33	129.73
0.68	129.73
0.47
0.48
0.44
0.50
0.50
0.49
0.49
0.44
0.56
0.42
0.47
0.60
0.64
2.43
0.64
0.46
0.47
0.46
0.47
0.39
0.42
0.38
0.41
0.45
0.39
0.38
0.38
0.52
0.51
0.51
0.50
CorWatt	PkgWatt
17.73	129.41
0.71	129.41
0.75
0.48
0.48
0.75
0.73
0.71
1.19
0.45
0.46
0.43
0.45
0.56
0.56
0.59
0.58
0.50
0.53
0.50
0.51
0.43
0.47
0.43
0.45
0.48
0.47
0.44
0.41
0.57
0.56
0.55
0.55
CorWatt	PkgWatt
16.49	128.26
0.55	128.27
0.56
0.48
0.47
0.75
0.73
0.72
1.26
0.43
0.48
0.41
0.40
0.53
0.55
0.58
0.55
0.44
0.47
0.49
0.45
0.38
0.40
0.38
0.39
0.41
0.43
0.39
0.37
0.52
0.50
0.50
0.50
CorWatt	PkgWatt
16.21	128.02
0.54	128.02
0.54
0.46
0.44
1.30
0.73
0.72
0.75
0.41
0.46
0.37
0.39
0.53
0.50
0.55
0.53
0.47
0.49
0.45
0.48
0.38
0.41
0.38
0.40
0.41
0.41
0.36
0.35
0.51
0.50
0.50
0.50
CorWatt	PkgWatt
16.25	128.25
0.51	128.24
0.54
0.46
0.44
1.31
0.73
0.72
0.75
0.42
0.47
0.37
0.39
0.51
0.50
0.57
0.53
0.44
0.47
0.46
0.46
0.39
0.41
0.38
0.39
0.43
0.41
0.37
0.35
0.52
0.50
0.50
0.51
CorWatt	PkgWatt
16.11	128.00
0.51	127.99
0.53
0.45
0.44
1.32
0.72
0.72
0.73
0.42
0.48
0.39
0.40
0.53
0.50
0.55
0.53
0.44
0.46
0.45
0.46
0.38
0.41
0.40
0.41
0.44
0.35
0.35
0.35
0.51
0.50
0.50
0.49
CorWatt	PkgWatt
17.54	129.80
0.54	129.81
0.53
0.47
0.46
2.96
0.54
0.54
0.57
0.41
0.49
0.44
0.40
0.53
0.53
0.55
0.51
0.46
0.47
0.46
0.46
0.39
0.40
0.38
0.39
0.45
0.37
0.36
0.35
0.55
0.53
0.53
0.52
CorWatt	PkgWatt
17.40	129.98
0.53	129.97
0.53
0.46
0.44
3.39
0.50
0.50
0.52
0.42
0.47
0.37
0.39
0.52
0.50
0.51
0.50
0.44
0.46
0.45
0.45
0.39
0.40
0.39
0.39
0.42
0.35
0.35
0.35
0.52
0.51
0.50
0.50
CorWatt	PkgWatt
17.89	130.28
0.56	130.28
0.53
0.47
0.48
3.39
0.51
0.50
0.53
0.44
0.47
0.38
0.39
0.53
0.51
0.51
0.52
0.47
0.49
0.47
0.47
0.41
0.42
0.41
0.41
0.43
0.41
0.37
0.36
0.52
0.51
0.51
0.51
CorWatt	PkgWatt
17.38	129.90
0.55	129.91
0.54
0.47
0.45
3.39
0.49
0.49
0.51
0.42
0.47
0.38
0.39
0.53
0.50
0.48
0.50
0.44
0.46
0.46
0.46
0.38
0.41
0.38
0.39
0.41
0.35
0.36
0.35
0.51
0.49
0.50
0.50
CorWatt	PkgWatt
17.49	130.06
0.56	130.06
0.52
0.47
0.47
3.38
0.49
0.50
0.51
0.41
0.46
0.37
0.38
0.53
0.50
0.50
0.50
0.47
0.47
0.46
0.46
0.38
0.42
0.39
0.41
0.41
0.35
0.36
0.35
0.51
0.50
0.50
0.50
CorWatt	PkgWatt
17.42	129.95
0.53	129.95
0.53
0.44
0.45
3.39
0.49
0.49
0.51
0.42
0.46
0.37
0.38
0.52
0.51
0.49
0.51
0.44
0.47
0.45
0.48
0.38
0.41
0.38
0.39
0.41
0.37
0.36
0.36
0.51
0.51
0.51
0.50
CorWatt	PkgWatt
17.57	130.17
0.54	130.17
0.52
0.48
0.45
3.39
0.50
0.50
0.51
0.42
0.48
0.37
0.40
0.52
0.50
0.50
0.51
0.45
0.47
0.47
0.46
0.40
0.42
0.38
0.39
0.40
0.35
0.37
0.35
0.51
0.52
0.53
0.50
CorWatt	PkgWatt
17.32	129.93
0.52	129.93
0.54
0.44
0.44
3.39
0.49
0.49
0.51
0.43
0.49
0.37
0.40
0.52
0.50
0.48
0.51
0.44
0.46
0.46
0.46
0.38
0.41
0.38
0.39
0.40
0.35
0.35
0.35
0.51
0.49
0.50
0.50
CorWatt	PkgWatt
17.54	129.95
0.52	129.95
0.53
0.46
0.44
3.38
0.50
0.49
0.53
0.42
0.48
0.36
0.38
0.54
0.52
0.49
0.52
0.44
0.46
0.47
0.46
0.40
0.43
0.40
0.41
0.41
0.40
0.36
0.35
0.51
0.49
0.50
0.51
CorWatt	PkgWatt
17.56	130.04
0.53	130.04
0.52
0.44
0.46
3.39
0.52
0.49
0.51
0.43
0.47
0.37
0.38
0.54
0.52
0.50
0.55
0.47
0.46
0.45
0.46
0.42
0.42
0.39
0.41
0.43
0.35
0.35
0.35
0.51
0.50
0.50
0.50
CorWatt	PkgWatt
18.40	130.70
0.56	130.71
0.55
0.49
0.48
3.38
0.52
0.51
0.53
0.46
0.50
0.45
0.42
0.54
0.55
0.53
0.55
0.47
0.50
0.49
0.49
0.40
0.41
0.38
0.40
0.44
0.41
0.42
0.38
0.55
0.54
0.54
0.54
CorWatt	PkgWatt
17.60	130.05
0.54	130.04
0.52
0.44
0.44
3.39
0.50
0.49
0.52
0.42
0.48
0.37
0.38
0.51
0.50
0.50
0.52
0.44
0.46
0.46
0.49
0.40
0.40
0.40
0.41
0.42
0.37
0.39
0.37
0.52
0.52
0.51
0.51
CorWatt	PkgWatt
18.46	130.34
0.59	130.36
0.60
0.55
0.52
1.27
0.54
0.55
0.57
0.50
0.53
0.63
0.44
0.64
0.62
0.62
0.85
0.51
0.54
0.51
0.52
0.45
0.47
0.45
0.47
0.51
0.45
0.46
0.46
0.92
0.58
0.57
0.57
CorWatt	PkgWatt
16.87	128.81
0.50	128.80
0.45
0.49
0.43
0.50
0.49
0.49
0.49
0.41
0.46
0.50
0.39
0.87
0.86
0.84
1.59
0.46
0.48
0.47
0.47
0.38
0.41
0.38
0.39
0.46
0.41
0.38
0.36
0.52
0.51
0.53
0.52
CorWatt	PkgWatt
16.90	128.62
0.51	128.62
0.44
0.49
0.43
0.50
0.49
0.49
0.48
0.43
0.46
0.49
0.39
1.02
0.86
0.86
1.46
0.48
0.47
0.46
0.46
0.41
0.42
0.40
0.39
0.45
0.42
0.36
0.36
0.51
0.51
0.51
0.51
CorWatt	PkgWatt
16.72	128.47
0.53	128.47
0.47
0.48
0.45
0.48
0.48
0.48
0.47
0.42
0.44
0.50
0.42
1.28
0.85
0.85
1.20
0.44
0.47
0.45
0.45
0.38
0.41
0.38
0.39
0.46
0.39
0.35
0.35
0.51
0.50
0.50
0.50
CorWatt	PkgWatt
16.66	128.58
0.52	128.58
0.42
0.46
0.43
0.49
0.49
0.49
0.47
0.40
0.47
0.50
0.38
0.87
0.86
0.85
1.58
0.44
0.47
0.48
0.47
0.38
0.40
0.38
0.39
0.46
0.40
0.36
0.35
0.51
0.50
0.50
0.50
CorWatt	PkgWatt
16.70	128.45
0.53	128.45
0.44
0.46
0.43
0.48
0.49
0.50
0.47
0.41
0.44
0.50
0.38
1.27
0.85
0.84
1.20
0.46
0.49
0.45
0.49
0.38
0.42
0.38
0.39
0.45
0.39
0.35
0.35
0.51
0.50
0.50
0.50
CorWatt	PkgWatt
17.10	128.72
0.51	128.73
0.43
0.46
0.43
0.50
0.49
0.49
0.49
0.43
0.46
0.50
0.38
0.92
0.92
0.91
1.72
0.44
0.47
0.47
0.46
0.39
0.42
0.38
0.39
0.47
0.41
0.38
0.36
0.52
0.50
0.50
0.50
CorWatt	PkgWatt
19.89	131.20
0.53	131.20
0.42
0.45
0.43
0.48
0.48
0.49
0.47
0.43
0.46
0.51
0.41
3.19
1.37
1.35
1.37
0.45
0.48
0.44
0.47
0.38
0.41
0.38
0.39
0.47
0.41
0.37
0.38
0.51
0.51
0.50
0.50
CorWatt	PkgWatt
20.15	131.45
0.54	131.45
0.44
0.49
0.43
0.49
0.48
0.48
0.48
0.39
0.49
0.51
0.38
3.18
1.37
1.35
1.37
0.44
0.48
0.46
0.45
0.40
0.40
0.40
0.41
0.48
0.44
0.36
0.38
0.54
0.54
0.55
0.55
CorWatt	PkgWatt
19.80	131.13
0.52	131.12
0.42
0.49
0.42
0.49
0.50
0.48
0.47
0.39
0.48
0.49
0.39
2.77
1.37
1.35
1.77
0.46
0.48
0.46
0.46
0.38
0.40
0.38
0.39
0.46
0.39
0.36
0.36
0.51
0.50
0.50
0.50
CorWatt	PkgWatt
20.20	131.29
0.53	131.30
0.45
0.52
0.44
0.50
0.50
0.50
0.49
0.39
0.49
0.50
0.40
2.28
1.37
1.35
2.29
0.48
0.49
0.45
0.47
0.40
0.41
0.39
0.40
0.45
0.39
0.38
0.37
0.53
0.54
0.54
0.51
CorWatt	PkgWatt
19.81	131.14
0.53	131.14
0.44
0.51
0.43
0.48
0.48
0.48
0.47
0.39
0.46
0.49
0.39
3.19
1.37
1.35
1.37
0.44
0.46
0.46
0.46
0.39
0.41
0.38
0.39
0.45
0.39
0.36
0.35
0.51
0.50
0.50
0.51
CorWatt	PkgWatt
19.86	131.31
0.53	131.31
0.44
0.51
0.43
0.48
0.50
0.48
0.48
0.40
0.46
0.51
0.38
1.36
1.37
1.35
3.19
0.45
0.46
0.45
0.46
0.39
0.41
0.38
0.39
0.45
0.39
0.36
0.36
0.51
0.50
0.50
0.50
CorWatt	PkgWatt
19.74	131.06
0.52	131.05
0.43
0.49
0.44
0.48
0.48
0.48
0.47
0.39
0.46
0.51
0.39
2.76
1.37
1.35
1.79
0.44
0.47
0.44
0.45
0.38
0.41
0.38
0.39
0.44
0.40
0.36
0.35
0.51
0.50
0.50
0.50
CorWatt	PkgWatt
20.47	131.47
0.55	131.47
0.47
0.55
0.49
0.49
0.49
0.49
0.48
0.40
0.50
0.56
0.40
2.26
1.37
1.35
2.30
0.48
0.50
0.51
0.50
0.39
0.41
0.38
0.40
0.49
0.41
0.41
0.39
0.53
0.51
0.51
0.51
CorWatt	PkgWatt
19.83	131.15
0.54	131.14
0.44
0.51
0.43
0.48
0.48
0.48
0.47
0.39
0.45
0.49
0.39
3.19
1.36
1.35
1.37
0.44
0.48
0.45
0.48
0.38
0.42
0.38
0.39
0.45
0.39
0.37
0.37
0.51
0.50
0.50
0.50
CorWatt	PkgWatt
19.78	131.19
0.53	131.19
0.47
0.44
0.42
0.48
0.48
0.48
0.48
0.39
0.46
0.49
0.38
2.61
1.37
1.35
1.95
0.44
0.48
0.46
0.45
0.38
0.41
0.38
0.39
0.45
0.39
0.36
0.36
0.53
0.51
0.50
0.50
CorWatt	PkgWatt
18.88	130.35
0.52	130.35
0.47
0.44
0.43
0.48
0.48
0.48
0.47
0.40
0.47
0.49
0.41
2.70
1.21
1.19
1.21
0.47
0.46
0.44
0.46
0.38
0.41
0.40
0.41
0.45
0.39
0.36
0.36
0.51
0.51
0.51
0.51
CorWatt	PkgWatt
20.40	134.25
0.58	134.28
0.51
0.74
0.52
0.55
3.28
0.59
0.57
0.49
0.56
0.53
0.46
0.63
0.60
0.60
0.59
0.53
0.55
0.51
0.53
0.45
0.46
0.43
0.45
0.53
0.51
0.42
0.47
0.62
0.60
0.58
0.91
CorWatt	PkgWatt
20.21	137.69
0.53	137.67
0.45
0.57
0.45
0.50
6.01
0.53
0.49
0.40
0.47
0.37
0.39
0.56
0.52
0.49
0.53
0.44
0.46
0.45
0.46
0.39
0.41
0.40
0.39
0.46
0.39
0.35
0.35
0.51
0.50
0.50
0.50
CorWatt	PkgWatt
20.26	137.52
0.55	137.50
0.44
0.56
0.47
0.51
6.00
0.53
0.49
0.40
0.44
0.38
0.39
0.54
0.50
0.50
0.53
0.45
0.50
0.46
0.47
0.39
0.41
0.39
0.39
0.43
0.41
0.36
0.35
0.51
0.51
0.50
0.50
CorWatt	PkgWatt
20.20	137.53
0.56	137.55
0.46
0.58
0.46
0.50
6.01
0.54
0.49
0.41
0.44
0.37
0.38
0.55
0.50
0.49
0.53
0.46
0.47
0.46
0.46
0.38
0.41
0.38
0.39
0.44
0.39
0.35
0.35
0.51
0.50
0.50
0.50
CorWatt	PkgWatt
20.39	137.67
0.56	137.67
0.44
0.57
0.48
0.51
6.01
0.56
0.52
0.40
0.44
0.37
0.39
0.52
0.50
0.50
0.53
0.45
0.47
0.46
0.46
0.39
0.42
0.40
0.41
0.45
0.39
0.36
0.36
0.51
0.51
0.51
0.51
CorWatt	PkgWatt
20.21	137.71
0.53	137.71
0.44
0.56
0.45
0.50
6.01
0.53
0.49
0.39
0.46
0.39
0.38
0.51
0.51
0.48
0.55
0.44
0.47
0.45
0.46
0.38
0.41
0.43
0.39
0.45
0.40
0.36
0.35
0.51
0.52
0.50
0.50
CorWatt	PkgWatt
20.19	137.50
0.53	137.50
0.44
0.54
0.51
0.50
6.01
0.53
0.49
0.41
0.46
0.37
0.40
0.51
0.50
0.49
0.52
0.45
0.47
0.46
0.46
0.38
0.41
0.38
0.39
0.44
0.39
0.35
0.35
0.51
0.52
0.52
0.50
CorWatt	PkgWatt
20.15	137.56
0.52	137.56
0.44
0.49
0.54
0.50
6.01
0.52
0.49
0.41
0.47
0.37
0.41
0.51
0.50
0.49
0.54
0.44
0.47
0.45
0.46
0.38
0.41
0.38
0.39
0.46
0.39
0.35
0.35
0.51
0.51
0.50
0.50
CorWatt	PkgWatt
20.57	137.86
0.53	137.86
0.45
0.50
0.56
0.51
6.01
0.55
0.53
0.40
0.45
0.38
0.38
0.53
0.53
0.50
0.56
0.46
0.47
0.47
0.51
0.40
0.44
0.40
0.43
0.44
0.42
0.36
0.37
0.53
0.51
0.51
0.51
CorWatt	PkgWatt
20.29	137.90
0.52	137.90
0.44
0.48
0.56
0.50
6.01
0.53
0.49
0.41
0.44
0.37
0.38
0.52
0.54
0.52
0.57
0.46
0.48
0.46
0.47
0.41
0.41
0.38
0.40
0.44
0.39
0.35
0.35
0.51
0.52
0.50
0.50
CorWatt	PkgWatt
20.18	137.67
0.53	137.67
0.44
0.49
0.55
0.50
6.01
0.53
0.49
0.39
0.47
0.37
0.38
0.51
0.52
0.50
0.50
0.45
0.48
0.46
0.46
0.39
0.42
0.38
0.39
0.45
0.40
0.35
0.36
0.51
0.51
0.50
0.50
CorWatt	PkgWatt
20.35	137.83
0.53	137.83
0.44
0.49
0.55
0.50
6.01
0.53
0.50
0.40
0.46
0.38
0.38
0.50
0.54
0.51
0.50
0.44
0.47
0.47
0.46
0.40
0.41
0.40
0.42
0.46
0.40
0.38
0.37
0.53
0.53
0.50
0.51
CorWatt	PkgWatt
20.45	138.07
0.54	138.07
0.44
0.50
0.54
0.52
6.02
0.54
0.50
0.41
0.43
0.37
0.38
0.51
0.53
0.49
0.51
0.46
0.47
0.47
0.47
0.39
0.43
0.42
0.43
0.47
0.41
0.37
0.38
0.52
0.51
0.51
0.50
CorWatt	PkgWatt
20.29	137.78
0.54	137.78
0.44
0.49
0.55
0.50
6.01
0.53
0.49
0.40
0.45
0.37
0.39
0.51
0.53
0.49
0.51
0.47
0.47
0.48
0.47
0.39
0.41
0.38
0.39
0.46
0.41
0.37
0.36
0.51
0.50
0.52
0.51
CorWatt	PkgWatt
20.90	138.17
0.54	138.18
0.44
0.52
0.56
0.53
6.01
0.55
0.58
0.43
0.44
0.39
0.40
0.53
0.54
0.52
0.51
0.48
0.47
0.49
0.50
0.41
0.43
0.41
0.42
0.44
0.41
0.42
0.38
0.55
0.54
0.55
0.52
CorWatt	PkgWatt
20.28	137.86
0.54	137.85
0.46
0.51
0.56
0.50
6.02
0.53
0.50
0.39
0.44
0.38
0.40
0.50
0.52
0.49
0.50
0.44
0.47
0.45
0.48
0.38
0.41
0.38
0.39
0.42
0.36
0.37
0.40
0.51
0.51
0.54
0.50
CorWatt	PkgWatt
20.38	138.10
0.53	138.10
0.45
0.49
0.55
0.51
6.01
0.54
0.50
0.40
0.46
0.38
0.38
0.51
0.53
0.49
0.51
0.46
0.48
0.49
0.49
0.40
0.41
0.38
0.40
0.43
0.38
0.36
0.40
0.52
0.51
0.53
0.51
CorWatt	PkgWatt
19.29	133.37
0.58	133.38
0.53
0.58
0.61
0.53
2.63
0.57
0.53
0.46
0.48
0.41
0.45
0.58
0.57
0.55
0.56
0.52
0.57
0.52
0.57
0.44
0.45
0.45
0.46
0.95
0.42
0.41
0.47
0.72
0.57
0.58
0.56
CorWatt	PkgWatt
17.96	130.69
0.54	130.68
0.44
0.51
0.44
0.49
0.52
0.49
0.50
0.40
0.45
0.38
0.38
0.52
0.56
0.52
0.53
0.46
0.54
0.47
0.51
0.39
0.40
0.38
0.39
0.51
0.40
0.39
0.36
3.37
0.57
0.58
0.56
CorWatt	PkgWatt
17.84	130.72
0.53	130.72
0.44
0.48
0.44
0.48
0.51
0.50
0.49
0.43
0.45
0.39
0.41
0.51
0.54
0.50
0.54
0.44
0.53
0.45
0.48
0.38
0.41
0.38
0.39
0.50
0.41
0.39
0.38
3.32
0.57
0.57
0.59
CorWatt	PkgWatt
18.20	131.04
0.54	131.05
0.46
0.51
0.45
0.49
0.51
0.49
0.50
0.42
0.50
0.40
0.39
0.52
0.52
0.51
0.54
0.45
0.55
0.46
0.48
0.41
0.41
0.40
0.42
0.48
0.45
0.38
0.38
3.30
0.62
0.63
0.64
CorWatt	PkgWatt
17.68	130.55
0.52	130.54
0.43
0.48
0.43
0.49
0.51
0.48
0.48
0.42
0.45
0.39
0.39
0.51
0.52
0.50
0.53
0.46
0.56
0.47
0.45
0.38
0.41
0.38
0.39
0.49
0.38
0.37
0.36
3.30
0.57
0.58
0.59
CorWatt	PkgWatt
17.84	130.65
0.53	130.65
0.46
0.51
0.47
0.48
0.49
0.48
0.49
0.41
0.46
0.41
0.38
0.52
0.52
0.52
0.54
0.44
0.53
0.46
0.46
0.38
0.41
0.41
0.39
0.48
0.38
0.37
0.37
3.31
0.59
0.59
0.59
CorWatt	PkgWatt
18.01	130.93
0.55	130.93
0.46
0.47
0.49
0.49
0.49
0.49
0.49
0.42
0.45
0.40
0.39
0.54
0.54
0.53
0.56
0.47
0.54
0.47
0.46
0.41
0.41
0.39
0.40
0.43
0.46
0.38
0.38
3.31
0.58
0.58
0.59
CorWatt	PkgWatt
17.90	130.68
0.55	130.67
0.46
0.47
0.48
0.49
0.51
0.49
0.50
0.43
0.46
0.40
0.39
0.53
0.52
0.51
0.54
0.46
0.53
0.46
0.46
0.39
0.41
0.38
0.40
0.38
0.49
0.37
0.37
3.30
0.57
0.58
0.60
CorWatt	PkgWatt
17.66	130.70
0.54	130.70
0.44
0.44
0.49
0.48
0.48
0.49
0.48
0.41
0.44
0.39
0.39
0.51
0.52
0.50
0.53
0.44
0.54
0.46
0.46
0.39
0.41
0.38
0.39
0.39
0.49
0.37
0.36
3.32
0.57
0.57
0.59
CorWatt	PkgWatt
17.92	131.03
0.55	131.03
0.43
0.46
0.50
0.48
0.50
0.48
0.48
0.43
0.46
0.42
0.40
0.55
0.55
0.52
0.55
0.47
0.52
0.48
0.46
0.39
0.41
0.38
0.39
0.40
0.48
0.37
0.38
3.30
0.57
0.58
0.60
CorWatt	PkgWatt
17.71	130.79
0.54	130.78
0.43
0.48
0.47
0.48
0.48
0.48
0.48
0.41
0.44
0.38
0.39
0.52
0.51
0.51
0.54
0.44
0.55
0.47
0.48
0.38
0.41
0.39
0.42
0.38
0.48
0.37
0.36
3.30
0.56
0.57
0.58
CorWatt	PkgWatt
17.69	130.69
0.54	130.69
0.43
0.45
0.47
0.49
0.49
0.49
0.49
0.42
0.44
0.38
0.39
0.51
0.52
0.50
0.53
0.45
0.53
0.48
0.46
0.39
0.42
0.38
0.40
0.39
0.47
0.37
0.37
3.30
0.57
0.58
0.59
CorWatt	PkgWatt
18.03	130.88
0.54	130.89
0.42
0.49
0.49
0.48
0.48
0.48
0.48
0.43
0.48
0.39
0.41
0.51
0.55
0.50
0.58
0.44
0.54
0.49
0.45
0.41
0.44
0.42
0.42
0.39
0.51
0.37
0.39
3.30
0.58
0.57
0.59
CorWatt	PkgWatt
18.00	130.82
0.53	130.81
0.44
0.51
0.50
0.48
0.49
0.50
0.52
0.39
0.50
0.41
0.39
0.51
0.51
0.50
0.54
0.44
0.53
0.46
0.47
0.38
0.40
0.38
0.39
0.43
0.50
0.37
0.37
3.31
0.60
0.60
0.63
CorWatt	PkgWatt
17.59	130.39
0.50	130.38
0.43
0.48
0.47
0.48
0.48
0.48
0.47
0.38
0.44
0.39
0.39
0.51
0.51
0.51
0.54
0.44
0.51
0.45
0.45
0.40
0.41
0.39
0.39
0.39
0.49
0.37
0.36
3.30
0.57
0.58
0.61
CorWatt	PkgWatt
17.81	130.55
0.54	130.56
0.43
0.46
0.48
0.49
0.50
0.49
0.50
0.39
0.46
0.38
0.39
0.51
0.52
0.51
0.54
0.45
0.54
0.48
0.46
0.39
0.41
0.41
0.39
0.40
0.49
0.38
0.36
3.30
0.58
0.58
0.59
CorWatt	PkgWatt
17.65	130.38
0.55	130.38
0.45
0.49
0.46
0.48
0.48
0.49
0.47
0.40
0.46
0.38
0.40
0.51
0.51
0.50
0.54
0.45
0.52
0.46
0.46
0.38
0.41
0.38
0.39
0.40
0.48
0.37
0.36
3.30
0.57
0.57
0.59
CorWatt	PkgWatt
17.64	130.46
0.55	130.46
0.42
0.49
0.46
0.49
0.49
0.50
0.48
0.39
0.44
0.37
0.39
0.51
0.51
0.49
0.54
0.45
0.53
0.46
0.45
0.38
0.42
0.39
0.41
0.38
0.49
0.38
0.37
3.25
0.58
0.58
0.59
CorWatt	PkgWatt
18.07	129.86
0.64	129.87
0.52
0.56
0.76
1.00
0.74
0.67
0.66
0.44
0.49
0.76
0.46
0.57
0.56
0.56
0.60
0.50
0.58
0.50
0.52
0.45
0.46
0.44
0.46
0.44
0.47
0.43
0.42
0.64
0.59
0.60
0.58
CorWatt	PkgWatt
16.48	128.37
0.58	128.36
0.44
0.50
0.55
0.77
1.35
0.76
0.75
0.39
0.44
0.37
0.39
0.51
0.51
0.50
0.54
0.46
0.54
0.47
0.46
0.39
0.42
0.38
0.40
0.35
0.36
0.37
0.35
0.58
0.53
0.54
0.50
CorWatt	PkgWatt
16.67	128.58
0.59	128.58
0.44
0.48
0.55
0.78
1.37
0.76
0.75
0.41
0.47
0.41
0.41
0.52
0.51
0.49
0.54
0.46
0.52
0.47
0.47
0.41
0.42
0.39
0.40
0.38
0.36
0.37
0.36
0.59
0.52
0.54
0.52
CorWatt	PkgWatt
16.50	128.33
0.57	128.33
0.43
0.47
0.54
0.77
1.38
0.75
0.77
0.38
0.44
0.39
0.37
0.53
0.53
0.48
0.56
0.45
0.52
0.46
0.46
0.40
0.45
0.41
0.42
0.39
0.35
0.36
0.35
0.58
0.50
0.53
0.51
CorWatt	PkgWatt
16.37	128.26
0.54	128.26
0.43
0.47
0.56
0.77
1.40
0.75
0.74
0.37
0.43
0.37
0.37
0.51
0.52
0.52
0.56
0.46
0.52
0.47
0.46
0.40
0.42
0.38
0.39
0.35
0.35
0.35
0.35
0.58
0.51
0.53
0.55
CorWatt	PkgWatt
17.18	128.96
0.55	128.96
0.43
0.48
0.53
0.94
1.73
0.85
0.85
0.38
0.48
0.38
0.37
0.51
0.50
0.49
0.51
0.46
0.54
0.47
0.48
0.39
0.41
0.41
0.40
0.37
0.38
0.36
0.35
0.58
0.51
0.53
0.55
CorWatt	PkgWatt
19.42	130.90
0.55	130.90
0.44
0.47
0.54
1.17
3.21
1.17
1.16
0.38
0.44
0.37
0.37
0.50
0.50
0.48
0.50
0.44
0.53
0.48
0.46
0.40
0.41
0.40
0.42
0.37
0.37
0.37
0.36
0.54
0.53
0.53
0.55
CorWatt	PkgWatt
19.51	131.17
0.54	131.16
0.43
0.47
0.55
1.22
3.19
1.22
1.21
0.37
0.43
0.38
0.37
0.50
0.50
0.48
0.50
0.47
0.56
0.49
0.48
0.39
0.42
0.38
0.40
0.36
0.37
0.37
0.36
0.52
0.50
0.53
0.55
CorWatt	PkgWatt
19.75	131.28
0.54	131.28
0.45
0.48
0.57
1.22
3.20
1.22
1.21
0.38
0.44
0.37
0.38
0.51
0.51
0.49
0.51
0.48
0.54
0.48
0.47
0.40
0.43
0.40
0.41
0.37
0.37
0.38
0.36
0.52
0.52
0.55
0.58
CorWatt	PkgWatt
19.62	131.21
0.52	131.22
0.44
0.49
0.58
1.25
3.17
1.23
1.22
0.39
0.44
0.37
0.38
0.50
0.50
0.50
0.52
0.48
0.53
0.47
0.47
0.39
0.41
0.40
0.40
0.39
0.35
0.36
0.35
0.52
0.50
0.53
0.57
CorWatt	PkgWatt
19.52	131.13
0.53	131.13
0.46
0.50
0.57
1.22
3.19
1.22
1.21
0.37
0.44
0.37
0.38
0.50
0.50
0.48
0.50
0.45
0.53
0.46
0.47
0.41
0.42
0.39
0.40
0.36
0.36
0.36
0.35
0.51
0.50
0.53
0.57
CorWatt	PkgWatt
19.33	130.89
0.52	130.89
0.43
0.48
0.58
1.37
3.02
1.18
1.17
0.37
0.43
0.36
0.37
0.50
0.50
0.48
0.50
0.46
0.52
0.49
0.48
0.39
0.41
0.38
0.40
0.36
0.37
0.35
0.36
0.51
0.49
0.53
0.56
CorWatt	PkgWatt
19.48	131.07
0.53	131.07
0.45
0.50
0.57
3.19
1.24
1.22
1.22
0.38
0.43
0.36
0.38
0.52
0.50
0.50
0.50
0.44
0.53
0.46
0.48
0.40
0.41
0.38
0.40
0.35
0.35
0.35
0.35
0.51
0.51
0.53
0.55
CorWatt	PkgWatt
19.66	131.36
0.53	131.36
0.44
0.49
0.57
2.46
1.97
1.22
1.22
0.37
0.43
0.37
0.38
0.50
0.51
0.50
0.51
0.47
0.52
0.50
0.47
0.39
0.42
0.39
0.40
0.39
0.37
0.39
0.35
0.51
0.52
0.55
0.55
CorWatt	PkgWatt
19.56	131.06
0.52	131.06
0.44
0.48
0.56
1.23
3.19
1.22
1.22
0.39
0.45
0.38
0.39
0.50
0.50
0.48
0.52
0.45
0.55
0.48
0.48
0.39
0.42
0.38
0.40
0.35
0.37
0.37
0.36
0.51
0.50
0.53
0.55
CorWatt	PkgWatt
19.70	131.27
0.56	131.27
0.46
0.48
0.56
1.96
2.44
1.19
1.19
0.38
0.47
0.37
0.37
0.50
0.50
0.48
0.52
0.46
0.52
0.49
0.47
0.41
0.41
0.41
0.40
0.40
0.38
0.35
0.36
0.53
0.55
0.57
0.58
CorWatt	PkgWatt
19.34	130.98
0.59	130.99
0.43
0.45
0.48
1.21
3.20
1.21
1.20
0.36
0.44
0.36
0.37
0.50
0.50
0.48
0.52
0.46
0.54
0.49
0.46
0.39
0.41
0.38
0.40
0.35
0.35
0.35
0.35
0.51
0.50
0.53
0.56
CorWatt	PkgWatt
19.33	130.83
0.69	130.87
0.51
0.54
0.56
0.92
1.95
0.92
0.93
0.46
0.49
0.47
0.44
0.55
0.54
0.54
0.59
0.50
0.60
0.54
0.50
0.43
0.46
0.43
0.43
0.45
0.44
0.43
0.45
0.61
0.63
0.68
0.66
