CorWatt	PkgWatt
16.14	129.60
0.58	129.60
0.48
0.50
0.46
0.54
0.54
0.54
0.55
0.47
0.49
0.54
0.45
0.54
0.55
0.59
0.58
0.51
0.51
0.51
0.57
0.44
0.44
0.44
0.43
0.39
0.40
0.41
0.40
0.59
0.54
0.58
0.57
CorWatt	PkgWatt
15.22	128.12
0.54	128.63
0.45
0.47
0.49
0.53
0.53
0.52
0.51
0.39
0.48
0.40
0.42
0.52
0.53
0.53
0.53
0.46
0.51
0.51
0.55
0.42
0.41
0.42
0.42
0.36
0.38
0.38
0.36
0.56
0.56
0.54
0.56
CorWatt	PkgWatt
70.66	185.26
0.92	184.60
2.22
2.26
3.69
2.33
2.31
2.32
2.27
2.20
2.21
2.17
2.15
2.29
2.27
2.28
2.32
2.20
2.23
2.05
2.12
2.12
2.13
1.92
1.90
2.21
2.17
2.00
2.03
2.57
2.34
2.18
2.14
