CorWatt	PkgWatt
15.39	128.22
0.53	128.22
0.46
0.51
0.48
0.54
0.54
0.51
0.50
0.48
0.44
0.47
0.44
0.54
0.55
0.51
0.56
0.46
0.47
0.48
0.49
0.42
0.40
0.44
0.42
0.37
0.37
0.39
0.36
0.66
0.53
0.54
0.52
CorWatt	PkgWatt
14.90	127.18
0.54	127.55
0.52
0.46
0.46
0.52
0.52
0.55
0.52
0.46
0.43
0.39
0.40
0.53
0.58
0.50
0.54
0.44
0.47
0.46
0.47
0.40
0.39
0.43
0.40
0.35
0.37
0.39
0.39
0.52
0.53
0.50
0.50
CorWatt	PkgWatt
68.38	185.41
0.92	184.95
2.13
2.15
2.13
2.20
2.26
2.22
2.19
2.16
2.10
2.08
2.06
2.26
2.23
2.21
2.23
2.16
2.15
2.03
3.70
2.08
2.12
2.01
1.88
2.06
2.06
1.90
1.94
2.25
2.25
2.05
2.08
