CorWatt	PkgWatt
15.27	127.29
0.52	127.30
0.45
0.52
0.47
0.51
0.50
0.50
0.51
0.41
0.45
0.39
0.39
0.58
0.56
0.67
0.56
0.50
0.51
0.51
0.50
0.46
0.41
0.41
0.43
0.35
0.36
0.39
0.36
0.53
0.50
0.52
0.53
CorWatt	PkgWatt
14.94	126.35
0.50	126.99
0.45
0.52
0.45
0.49
0.49
0.49
0.49
0.41
0.48
0.40
0.41
0.55
0.52
0.53
0.56
0.50
0.48
0.49
0.50
0.43
0.43
0.39
0.42
0.36
0.37
0.39
0.37
0.54
0.52
0.51
0.54
CorWatt	PkgWatt
17.94	130.31
0.68	129.67
0.62
0.65
0.59
0.66
0.64
0.63
0.70
0.53
0.54
0.52
0.50
0.53
0.55
0.60
0.64
0.54
0.59
0.55
0.57
0.53
0.50
0.47
0.49
0.41
0.45
0.45
0.41
0.60
0.54
0.56
0.65
CorWatt	PkgWatt
15.28	127.31
0.56	127.24
0.48
0.53
0.47
0.51
0.50
0.50
0.49
0.39
0.44
0.38
0.40
0.53
0.54
0.53
0.55
0.47
0.53
0.48
0.50
0.50
0.45
0.50
0.46
0.36
0.36
0.41
0.36
0.53
0.51
0.51
0.53
