CorWatt	PkgWatt
276.32	570.14
4.08	237.97
4.52
3.83
4.40
3.71
3.67
2.96
4.50
4.25
3.04
3.52
4.30
5.17
5.33
4.47
4.47
4.20
2.39
4.41
2.89
3.28
5.10
3.30
3.11
6.25
3.49
6.95
3.38
3.73
5.09
6.55
4.19
2.73	202.38
4.23
2.78
2.30
2.75
2.46
2.45
2.64
2.47
2.36
3.04
4.84
2.39
2.38
2.39
2.37
2.32
2.36
4.66
2.30
2.40
2.40
2.45
3.62
2.29
4.42
3.03
2.92
4.59
2.80
2.73
3.80
CorWatt	PkgWatt
138.52	350.43
2.49	179.58
3.17
2.17
2.48
2.11
2.14
2.14
2.31
2.22
2.08
2.04
2.07
2.27
2.78
2.13
2.28
2.35
2.14
2.29
2.13
2.15
2.31
2.16
2.12
2.43
2.15
2.68
2.09
2.08
2.59
2.40
3.03
2.02	170.94
2.13
1.96
2.00
2.00
2.01
2.04
1.98
2.01
2.02
1.99
2.14
2.01
2.01
1.99
2.00
1.96
1.92
2.10
1.93
2.02
2.00
2.03
2.00
1.95
2.30
1.97
1.96
2.17
1.99
1.99
1.96
CorWatt	PkgWatt
129.14	340.10
2.07	170.93
2.13
2.15
2.12
1.99
2.13
2.14
2.12
2.06
2.07
2.03
2.06
2.02
1.98
1.82
2.07
1.87
2.12
2.13
2.13
1.87
2.15
2.16
2.13
1.83
2.13
2.13
2.07
2.05
2.10
2.11
1.95
2.01	169.11
1.97
1.95
1.99
1.98
2.00
2.02
1.97
2.00
2.00
1.98
1.96
2.00
2.00
1.98
1.99
1.95
1.91
1.96
1.92
2.02
1.99
2.02
1.98
1.94
1.97
1.96
1.95
1.99
1.97
1.98
1.95
CorWatt	PkgWatt
128.74	339.74
1.98	170.76
2.10
2.14
2.11
1.79
2.12
2.13
2.12
2.06
2.07
2.03
2.06
2.01
2.06
1.99
2.07
1.78
2.12
2.13
2.12
2.00
2.14
2.15
2.12
1.93
2.12
2.12
2.06
2.05
2.10
2.10
1.79
2.00	168.96
1.97
1.96
2.00
1.98
2.00
2.02
1.97
1.99
1.99
1.97
1.95
1.99
1.98
1.96
1.98
1.94
1.92
1.97
1.92
2.02
1.99
2.02
1.99
1.92
1.94
1.94
1.93
1.97
1.96
1.97
1.94
CorWatt	PkgWatt
128.85	339.34
2.00	171.08
2.14
2.14
2.10
1.78
2.12
2.12
2.11
2.05
2.06
2.03
2.05
2.01
2.05
2.08
2.07
1.87
2.12
2.12
2.12
2.15
2.14
2.15
2.12
2.10
2.11
2.11
2.06
2.05
2.10
2.10
1.78
2.00	168.60
1.96
1.96
2.00
1.98
1.99
2.02
1.97
1.97
1.97
1.96
1.95
1.97
1.97
1.94
1.97
1.93
1.92
1.97
1.93
2.02
1.98
2.02
2.00
1.89
1.92
1.93
1.92
1.96
1.95
1.97
1.94
