CorWatt	PkgWatt
15.37	127.75
0.53	127.76
0.46
0.49
0.45
0.51
0.56
0.49
0.51
0.43
0.46
0.50
0.45
0.52
0.54
0.56
0.56
0.54
0.52
0.48
0.50
0.44
0.39
0.41
0.39
0.38
0.39
0.40
0.37
0.54
0.52
0.53
0.55
CorWatt	PkgWatt
15.23	127.51
0.50	127.83
0.45
0.47
0.45
0.51
0.58
0.51
0.52
0.45
0.45
0.40
0.45
0.52
0.55
0.56
0.56
0.54
0.55
0.48
0.52
0.41
0.42
0.40
0.40
0.37
0.37
0.39
0.36
0.54
0.52
0.51
0.52
CorWatt	PkgWatt
21.42	133.70
0.76	133.38
0.65
0.64
0.57
0.76
0.77
0.73
0.74
0.59
0.53
0.50
0.50
0.62
0.63
0.64
0.71
0.56
0.61
0.56
0.70
0.48
0.48
0.48
0.55
2.50
0.47
0.48
0.55
0.63
0.72
0.60
0.66
CorWatt	PkgWatt
16.53	128.73
0.54	128.70
0.51
0.48
0.48
0.50
0.60
0.52
0.52
0.41
0.45
0.38
0.40
0.52
0.52
0.50
0.56
0.47
0.49
0.47
0.48
0.40
0.40
0.40
0.38
0.51
0.37
0.39
0.35
0.77
1.26
0.75
0.76
CorWatt	PkgWatt
16.48	128.76
0.58	128.76
0.48
0.50
0.48
0.50
0.61
0.52
0.49
0.39
0.44
0.37
0.39
0.56
0.51
0.50
0.53
0.47
0.47
0.46
0.49
0.39
0.39
0.42
0.39
0.47
0.36
0.39
0.35
0.76
1.30
0.75
0.76
CorWatt	PkgWatt
17.88	129.58
0.57	129.63
0.50
0.54
0.50
0.56
0.64
0.57
0.55
0.48
0.50
0.44
0.45
0.55
0.58
0.57
0.58
0.51
0.51
0.52
0.47
0.44
0.44
0.44
0.44
0.47
0.44
0.43
0.47
0.80
0.97
0.79
1.15
CorWatt	PkgWatt
16.37	128.66
0.54	128.62
0.45
0.46
0.44
0.52
0.55
0.53
0.50
0.39
0.44
0.39
0.41
0.51
0.52
0.52
0.54
0.45
0.46
0.46
0.48
0.39
0.39
0.40
0.39
0.36
0.38
0.40
0.49
0.76
0.76
0.75
1.34
CorWatt	PkgWatt
16.91	129.10
0.54	129.09
0.44
0.49
0.46
0.51
0.53
0.54
0.50
0.41
0.44
0.46
0.39
0.50
0.52
0.50
0.52
0.46
0.49
0.50
0.48
0.41
0.39
0.42
0.40
0.41
0.38
0.40
0.48
0.74
0.80
0.76
1.65
CorWatt	PkgWatt
17.65	130.64
0.55	130.64
0.45
0.49
0.45
0.51
0.55
0.53
0.50
0.39
0.44
0.37
0.39
0.52
0.52
0.50
0.52
0.45
0.47
0.47
0.48
0.40
0.39
0.40
0.38
0.37
0.36
0.39
0.46
0.52
0.56
0.53
3.33
CorWatt	PkgWatt
17.63	130.57
0.53	130.57
0.45
0.47
0.47
0.51
0.53
0.51
0.51
0.41
0.43
0.40
0.40
0.52
0.53
0.54
0.51
0.45
0.47
0.46
0.47
0.40
0.38
0.39
0.39
0.37
0.37
0.38
0.46
0.53
0.55
0.52
3.33
CorWatt	PkgWatt
17.52	130.68
0.56	130.68
0.46
0.46
0.45
0.51
0.53
0.51
0.49
0.39
0.44
0.38
0.39
0.53
0.52
0.51
0.54
0.44
0.46
0.46
0.47
0.41
0.38
0.40
0.38
0.36
0.36
0.37
0.47
0.52
0.53
0.51
3.34
CorWatt	PkgWatt
17.50	130.48
0.55	130.48
0.44
0.47
0.46
0.51
0.53
0.51
0.50
0.39
0.45
0.39
0.40
0.51
0.51
0.53
0.52
0.44
0.46
0.46
0.47
0.40
0.38
0.38
0.39
0.36
0.36
0.38
0.46
0.52
0.53
0.51
3.34
CorWatt	PkgWatt
18.05	130.80
0.57	130.81
0.49
0.51
0.48
0.51
0.57
0.54
0.49
0.42
0.46
0.40
0.38
0.54
0.55
0.50
0.56
0.49
0.50
0.50
0.49
0.40
0.39
0.40
0.38
0.41
0.36
0.37
0.47
0.53
0.54
0.51
3.34
CorWatt	PkgWatt
17.89	130.75
0.55	130.74
0.45
0.50
0.47
0.50
0.55
0.51
0.50
0.39
0.47
0.40
0.40
0.56
0.56
0.52
0.54
0.45
0.48
0.47
0.47
0.40
0.38
0.39
0.39
0.39
0.37
0.38
0.47
0.53
0.57
0.53
3.34
CorWatt	PkgWatt
17.46	130.45
0.55	130.45
0.45
0.48
0.46
0.50
0.52
0.51
0.49
0.39
0.43
0.38
0.39
0.50
0.51
0.52
0.52
0.44
0.46
0.47
0.48
0.39
0.38
0.40
0.38
0.36
0.36
0.38
0.46
0.52
0.54
0.51
3.33
CorWatt	PkgWatt
17.32	130.37
0.53	130.36
0.44
0.45
0.44
0.50
0.53
0.51
0.49
0.38
0.43
0.37
0.39
0.51
0.52
0.49
0.53
0.44
0.46
0.46
0.47
0.39
0.38
0.39
0.38
0.36
0.37
0.37
0.46
0.52
0.53
0.52
3.34
CorWatt	PkgWatt
17.43	130.47
0.54	130.47
0.44
0.46
0.44
0.51
0.54
0.49
0.50
0.39
0.43
0.38
0.40
0.50
0.51
0.52
0.53
0.44
0.46
0.46
0.46
0.41
0.38
0.40
0.38
0.36
0.36
0.37
0.45
0.52
0.53
0.51
3.34
CorWatt	PkgWatt
17.86	130.75
0.53	130.76
0.50
0.49
0.48
0.51
0.55
0.50
0.50
0.39
0.43
0.46
0.40
0.50
0.52
0.50
0.52
0.46
0.48
0.47
0.48
0.40
0.38
0.38
0.39
0.39
0.38
0.38
0.46
0.56
0.57
0.54
3.34
CorWatt	PkgWatt
17.53	130.57
0.55	130.56
0.46
0.51
0.45
0.51
0.54
0.49
0.49
0.38
0.43
0.38
0.39
0.50
0.51
0.50
0.52
0.44
0.46
0.46
0.47
0.39
0.38
0.39
0.38
0.37
0.37
0.39
0.46
0.53
0.57
0.53
3.34
CorWatt	PkgWatt
17.46	130.45
0.54	130.45
0.45
0.49
0.44
0.50
0.54
0.48
0.49
0.39
0.43
0.37
0.39
0.50
0.52
0.49
0.51
0.46
0.47
0.47
0.48
0.42
0.40
0.39
0.38
0.36
0.36
0.38
0.46
0.52
0.58
0.51
3.28
CorWatt	PkgWatt
17.99	130.01
1.07	130.03
0.54
0.55
0.47
0.73
0.90
0.96
0.74
0.43
0.48
0.42
0.45
0.54
0.55
0.56
0.57
0.50
0.52
0.52
0.53
0.44
0.44
0.46
0.44
0.45
0.44
0.44
0.48
0.59
0.61
0.58
0.60
CorWatt	PkgWatt
16.98	129.04
0.59	129.03
0.45
0.54
0.45
1.46
0.92
0.94
0.86
0.42
0.45
0.38
0.41
0.51
0.53
0.50
0.53
0.46
0.47
0.47
0.48
0.41
0.40
0.41
0.41
0.36
0.37
0.38
0.36
0.53
0.52
0.51
0.53
CorWatt	PkgWatt
16.71	128.81
0.59	128.81
0.45
0.52
0.44
1.52
0.91
0.84
0.85
0.39
0.43
0.39
0.39
0.50
0.52
0.50
0.52
0.44
0.47
0.47
0.48
0.39
0.38
0.39
0.38
0.37
0.37
0.38
0.36
0.52
0.52
0.51
0.51
CorWatt	PkgWatt
16.56	128.72
0.59	128.73
0.46
0.53
0.45
1.48
0.91
0.89
0.84
0.39
0.43
0.37
0.39
0.50
0.52
0.49
0.51
0.44
0.46
0.47
0.46
0.40
0.38
0.39
0.38
0.35
0.35
0.37
0.35
0.52
0.50
0.50
0.50
CorWatt	PkgWatt
16.60	128.64
0.58	128.64
0.45
0.50
0.44
0.86
0.91
1.51
0.84
0.39
0.45
0.41
0.40
0.50
0.51
0.49
0.52
0.44
0.47
0.46
0.46
0.38
0.40
0.39
0.38
0.39
0.35
0.36
0.35
0.51
0.51
0.51
0.50
CorWatt	PkgWatt
16.86	128.87
0.57	128.88
0.46
0.52
0.44
1.23
0.92
1.18
0.86
0.40
0.43
0.37
0.39
0.51
0.52
0.52
0.53
0.45
0.47
0.47
0.46
0.39
0.41
0.41
0.39
0.38
0.36
0.38
0.36
0.52
0.52
0.51
0.51
CorWatt	PkgWatt
18.06	130.12
0.58	130.13
0.45
0.51
0.48
2.22
1.11
1.09
1.07
0.39
0.43
0.38
0.39
0.50
0.51
0.50
0.52
0.46
0.48
0.46
0.47
0.41
0.40
0.40
0.42
0.35
0.35
0.37
0.35
0.52
0.50
0.50
0.50
CorWatt	PkgWatt
19.68	131.36
0.58	131.35
0.45
0.53
0.45
1.34
1.35
3.11
1.34
0.39
0.43
0.42
0.38
0.50
0.51
0.49
0.52
0.45
0.47
0.47
0.48
0.40
0.39
0.39
0.39
0.37
0.36
0.36
0.35
0.51
0.50
0.50
0.50
CorWatt	PkgWatt
19.98	131.70
0.59	131.70
0.46
0.52
0.45
1.35
1.35
3.09
1.34
0.38
0.44
0.39
0.40
0.52
0.53
0.50
0.52
0.46
0.47
0.50
0.47
0.41
0.40
0.42
0.40
0.37
0.37
0.42
0.39
0.54
0.53
0.51
0.52
CorWatt	PkgWatt
19.71	131.51
0.58	131.51
0.45
0.51
0.45
1.34
1.35
2.53
1.90
0.41
0.44
0.38
0.39
0.50
0.52
0.50
0.52
0.45
0.47
0.47
0.47
0.40
0.40
0.39
0.39
0.35
0.36
0.38
0.36
0.52
0.51
0.51
0.50
CorWatt	PkgWatt
19.71	131.49
0.59	131.49
0.45
0.50
0.44
1.34
1.35
3.11
1.34
0.38
0.44
0.38
0.39
0.50
0.51
0.49
0.51
0.45
0.48
0.47
0.48
0.39
0.39
0.40
0.39
0.39
0.36
0.38
0.37
0.51
0.52
0.52
0.52
CorWatt	PkgWatt
19.71	131.62
0.59	131.61
0.45
0.51
0.44
1.38
1.35
2.03
2.38
0.38
0.43
0.37
0.39
0.50
0.52
0.51
0.52
0.47
0.47
0.47
0.47
0.40
0.41
0.40
0.39
0.38
0.36
0.37
0.35
0.51
0.50
0.50
0.51
CorWatt	PkgWatt
19.75	131.65
0.60	131.65
0.48
0.53
0.47
3.09
1.35
1.35
1.34
0.39
0.43
0.39
0.38
0.50
0.52
0.50
0.52
0.45
0.47
0.46
0.47
0.39
0.39
0.41
0.39
0.38
0.37
0.38
0.35
0.51
0.51
0.50
0.50
CorWatt	PkgWatt
19.79	131.61
0.58	131.61
0.45
0.52
0.45
3.09
1.35
1.35
1.34
0.39
0.43
0.37
0.39
0.50
0.52
0.50
0.53
0.47
0.49
0.46
0.48
0.41
0.40
0.40
0.39
0.40
0.37
0.37
0.35
0.52
0.50
0.50
0.50
CorWatt	PkgWatt
19.67	131.58
0.58	131.58
0.47
0.51
0.44
2.83
1.35
1.35
1.60
0.38
0.43
0.39
0.39
0.50
0.51
0.49
0.51
0.45
0.50
0.47
0.48
0.39
0.39
0.39
0.39
0.35
0.35
0.38
0.35
0.51
0.54
0.50
0.50
CorWatt	PkgWatt
19.63	131.35
0.58	131.35
0.44
0.51
0.44
3.10
1.35
1.34
1.34
0.39
0.42
0.37
0.39
0.50
0.52
0.51
0.51
0.44
0.47
0.47
0.48
0.40
0.39
0.39
0.39
0.38
0.38
0.37
0.36
0.51
0.51
0.50
0.50
CorWatt	PkgWatt
19.66	131.59
0.58	131.59
0.45
0.51
0.44
2.54
1.35
1.35
1.91
0.38
0.43
0.38
0.40
0.50
0.50
0.51
0.51
0.44
0.47
0.46
0.48
0.39
0.39
0.39
0.39
0.35
0.38
0.39
0.36
0.52
0.50
0.50
0.50
CorWatt	PkgWatt
20.00	131.92
0.68	131.90
0.55
0.61
0.53
1.04
1.04
1.02
2.02
0.47
0.48
0.48
0.44
0.55
0.57
0.57
0.57
0.51
0.52
0.57
0.85
0.48
0.45
0.48
0.48
0.47
0.42
0.44
0.41
0.58
0.59
0.58
0.56
CorWatt	PkgWatt
16.60	128.78
0.52	128.80
0.47
0.57
0.46
0.57
0.57
0.54
0.52
0.41
0.44
0.39
0.40
0.53
0.52
0.51
0.53
0.46
0.48
0.70
0.49
0.62
0.60
0.62
1.10
0.37
0.37
0.41
0.38
0.53
0.52
0.52
0.51
CorWatt	PkgWatt
16.02	128.29
0.50	128.29
0.45
0.52
0.46
0.56
0.54
0.50
0.50
0.40
0.43
0.39
0.39
0.50
0.51
0.52
0.50
0.44
0.47
0.58
0.46
1.04
0.63
0.62
0.65
0.35
0.35
0.37
0.35
0.53
0.52
0.50
0.50
CorWatt	PkgWatt
16.05	128.44
0.52	128.44
0.47
0.51
0.44
0.56
0.54
0.50
0.49
0.39
0.44
0.37
0.38
0.51
0.52
0.51
0.52
0.44
0.46
0.57
0.46
1.04
0.63
0.65
0.65
0.37
0.35
0.37
0.35
0.52
0.51
0.52
0.50
CorWatt	PkgWatt
16.17	128.24
0.52	128.24
0.45
0.51
0.47
0.55
0.55
0.51
0.49
0.39
0.44
0.39
0.41
0.52
0.52
0.51
0.53
0.45
0.47
0.56
0.46
0.70
0.63
0.63
1.00
0.37
0.37
0.37
0.35
0.52
0.50
0.50
0.52
CorWatt	PkgWatt
15.94	128.34
0.50	128.34
0.45
0.51
0.44
0.52
0.54
0.50
0.48
0.37
0.42
0.38
0.38
0.50
0.50
0.49
0.51
0.44
0.47
0.57
0.47
0.67
0.61
0.62
1.19
0.35
0.35
0.36
0.35
0.52
0.50
0.50
0.50
CorWatt	PkgWatt
18.84	133.88
0.54	133.89
0.46
0.53
0.47
0.50
0.56
0.51
0.49
0.39
0.46
0.39
0.40
0.55
0.55
0.51
0.53
0.45
0.47
0.55
0.46
0.41
0.39
0.43
4.34
0.40
0.35
0.37
0.36
0.51
0.50
0.50
0.52
CorWatt	PkgWatt
18.46	133.74
0.52	133.73
0.46
0.51
0.45
0.49
0.54
0.51
0.49
0.38
0.43
0.39
0.39
0.50
0.50
0.49
0.51
0.45
0.47
0.55
0.49
0.40
0.39
0.41
4.33
0.35
0.35
0.36
0.35
0.52
0.50
0.50
0.50
CorWatt	PkgWatt
18.58	133.76
0.52	133.76
0.46
0.50
0.44
0.49
0.56
0.51
0.49
0.40
0.43
0.38
0.38
0.51
0.51
0.49
0.51
0.46
0.48
0.55
0.47
0.41
0.41
0.41
4.35
0.36
0.36
0.37
0.35
0.52
0.50
0.50
0.50
CorWatt	PkgWatt
18.51	133.58
0.52	133.58
0.45
0.49
0.43
0.51
0.54
0.51
0.48
0.38
0.43
0.40
0.41
0.50
0.50
0.50
0.51
0.45
0.46
0.56
0.47
0.43
0.41
0.41
4.33
0.35
0.35
0.36
0.35
0.52
0.54
0.50
0.50
CorWatt	PkgWatt
18.73	133.79
0.53	133.80
0.45
0.50
0.46
0.52
0.52
0.53
0.49
0.38
0.42
0.43
0.38
0.50
0.51
0.49
0.51
0.45
0.47
0.57
0.49
0.41
0.39
0.39
4.34
0.38
0.38
0.38
0.35
0.55
0.53
0.53
0.50
CorWatt	PkgWatt
18.50	133.81
0.52	133.81
0.45
0.53
0.44
0.51
0.52
0.51
0.49
0.38
0.42
0.37
0.39
0.50
0.50
0.49
0.51
0.45
0.46
0.56
0.47
0.42
0.41
0.41
4.35
0.35
0.35
0.37
0.35
0.52
0.50
0.50
0.50
CorWatt	PkgWatt
18.79	133.94
0.51	133.93
0.46
0.54
0.46
0.51
0.53
0.51
0.49
0.39
0.43
0.37
0.39
0.51
0.51
0.50
0.52
0.49
0.49
0.58
0.47
0.42
0.42
0.41
4.34
0.40
0.37
0.37
0.35
0.52
0.51
0.51
0.51
CorWatt	PkgWatt
18.55	133.78
0.54	133.77
0.48
0.53
0.43
0.51
0.52
0.52
0.51
0.39
0.42
0.37
0.39
0.51
0.50
0.50
0.50
0.46
0.47
0.57
0.47
0.41
0.40
0.42
4.33
0.35
0.35
0.37
0.35
0.53
0.50
0.50
0.50
CorWatt	PkgWatt
18.62	133.78
0.52	133.77
0.44
0.54
0.43
0.50
0.53
0.51
0.50
0.38
0.44
0.36
0.39
0.50
0.51
0.50
0.52
0.46
0.46
0.56
0.48
0.41
0.40
0.41
4.34
0.39
0.36
0.38
0.35
0.52
0.51
0.50
0.50
CorWatt	PkgWatt
18.67	133.79
0.52	133.79
0.45
0.51
0.43
0.51
0.52
0.51
0.49
0.38
0.43
0.37
0.38
0.50
0.50
0.49
0.50
0.45
0.47
0.56
0.48
0.41
0.40
0.42
4.35
0.37
0.39
0.40
0.39
0.52
0.55
0.50
0.51
CorWatt	PkgWatt
18.68	133.91
0.53	133.91
0.50
0.51
0.46
0.51
0.53
0.52
0.49
0.39
0.43
0.37
0.39
0.50
0.52
0.49
0.52
0.46
0.47
0.56
0.47
0.41
0.40
0.41
4.35
0.36
0.36
0.37
0.36
0.52
0.50
0.50
0.50
CorWatt	PkgWatt
18.55	133.65
0.53	133.66
0.48
0.46
0.43
0.51
0.53
0.51
0.49
0.38
0.44
0.38
0.40
0.50
0.50
0.49
0.53
0.45
0.46
0.56
0.47
0.40
0.41
0.41
4.34
0.35
0.35
0.38
0.35
0.51
0.52
0.52
0.51
CorWatt	PkgWatt
18.21	130.69
0.57	130.70
0.54
0.50
0.49
0.57
0.59
0.62
0.57
0.44
0.47
0.42
0.96
0.87
0.64
0.65
0.65
0.55
0.52
0.60
0.54
0.46
0.47
0.48
0.95
0.48
0.42
0.44
0.42
0.61
0.56
0.56
0.60
CorWatt	PkgWatt
16.21	128.38
0.50	128.37
0.44
0.45
0.46
0.51
0.55
0.49
0.50
0.39
0.43
0.40
0.51
0.84
1.25
0.74
0.76
0.47
0.48
0.46
0.47
0.42
0.39
0.40
0.42
0.35
0.36
0.37
0.35
0.52
0.51
0.51
0.50
CorWatt	PkgWatt
16.25	128.44
0.52	128.44
0.46
0.46
0.43
0.51
0.53
0.49
0.49
0.40
0.44
0.45
0.51
0.81
1.25
0.74
0.75
0.45
0.47
0.48
0.47
0.40
0.38
0.38
0.39
0.41
0.38
0.38
0.36
0.52
0.52
0.51
0.50
CorWatt	PkgWatt
16.15	128.55
0.50	128.55
0.44
0.49
0.44
0.52
0.55
0.48
0.50
0.39
0.43
0.39
0.50
0.80
1.24
0.73
0.75
0.45
0.45
0.47
0.46
0.41
0.40
0.41
0.38
0.36
0.37
0.41
0.37
0.54
0.52
0.51
0.51
CorWatt	PkgWatt
16.18	128.37
0.50	128.37
0.45
0.52
0.44
0.54
0.57
0.51
0.49
0.40
0.44
0.40
0.50
0.80
1.22
0.73
0.76
0.45
0.47
0.47
0.47
0.40
0.39
0.39
0.39
0.35
0.35
0.38
0.36
0.52
0.51
0.51
0.50
CorWatt	PkgWatt
16.29	128.43
0.52	128.44
0.45
0.45
0.43
0.52
0.53
0.49
0.48
0.39
0.43
0.39
0.51
0.77
1.59
0.71
0.73
0.46
0.47
0.46
0.46
0.39
0.38
0.39
0.38
0.36
0.37
0.38
0.37
0.51
0.50
0.52
0.52
CorWatt	PkgWatt
17.88	130.44
0.53	130.43
0.44
0.46
0.45
0.51
0.54
0.51
0.50
0.40
0.43
0.39
0.50
0.86
3.12
0.63
0.64
0.46
0.47
0.47
0.46
0.39
0.40
0.40
0.39
0.38
0.36
0.38
0.35
0.52
0.51
0.51
0.51
CorWatt	PkgWatt
17.60	130.31
0.55	130.31
0.47
0.48
0.43
0.52
0.52
0.49
0.48
0.38
0.43
0.39
0.50
0.69
3.20
0.62
0.64
0.44
0.46
0.46
0.46
0.39
0.38
0.40
0.38
0.35
0.35
0.36
0.35
0.52
0.50
0.50
0.50
CorWatt	PkgWatt
17.68	130.22
0.54	130.22
0.44
0.46
0.43
0.51
0.53
0.49
0.50
0.39
0.43
0.39
0.50
1.19
2.76
0.62
0.64
0.46
0.47
0.46
0.46
0.38
0.38
0.38
0.38
0.39
0.35
0.36
0.35
0.51
0.51
0.50
0.49
CorWatt	PkgWatt
17.59	130.16
0.53	130.16
0.46
0.45
0.43
0.51
0.53
0.49
0.48
0.39
0.43
0.39
0.50
2.30
1.63
0.63
0.63
0.44
0.47
0.46
0.47
0.38
0.38
0.40
0.38
0.35
0.35
0.36
0.35
0.51
0.52
0.50
0.50
CorWatt	PkgWatt
17.77	130.45
0.53	130.45
0.45
0.45
0.43
0.53
0.54
0.50
0.49
0.40
0.43
0.40
0.48
1.04
2.88
0.64
0.65
0.46
0.46
0.46
0.46
0.39
0.39
0.39
0.39
0.37
0.38
0.37
0.37
0.52
0.51
0.51
0.50
CorWatt	PkgWatt
17.64	130.30
0.51	130.30
0.47
0.45
0.43
0.49
0.54
0.50
0.48
0.39
0.43
0.40
0.50
3.19
0.71
0.64
0.64
0.44
0.49
0.46
0.48
0.38
0.38
0.39
0.38
0.35
0.37
0.38
0.35
0.51
0.50
0.50
0.50
CorWatt	PkgWatt
18.03	130.52
0.53	130.52
0.48
0.48
0.45
0.48
0.53
0.51
0.48
0.41
0.43
0.44
0.51
0.75
3.22
0.62
0.64
0.44
0.46
0.46
0.46
0.41
0.38
0.40
0.40
0.39
0.38
0.38
0.37
0.53
0.55
0.53
0.52
CorWatt	PkgWatt
17.56	130.12
0.53	130.12
0.44
0.45
0.43
0.49
0.55
0.51
0.50
0.39
0.43
0.40
0.50
0.70
3.21
0.62
0.64
0.44
0.45
0.46
0.45
0.39
0.38
0.39
0.38
0.35
0.35
0.36
0.35
0.51
0.51
0.50
0.50
CorWatt	PkgWatt
17.90	130.53
0.53	130.53
0.45
0.50
0.45
0.49
0.54
0.51
0.49
0.42
0.43
0.41
0.50
1.55
2.38
0.66
0.65
0.45
0.47
0.46
0.47
0.40
0.40
0.39
0.39
0.36
0.37
0.37
0.36
0.53
0.53
0.51
0.50
CorWatt	PkgWatt
17.58	130.08
0.55	130.08
0.45
0.47
0.43
0.48
0.54
0.50
0.48
0.38
0.45
0.39
0.50
3.19
0.70
0.64
0.66
0.45
0.45
0.46
0.45
0.40
0.38
0.40
0.38
0.35
0.35
0.36
0.35
0.51
0.50
0.50
0.50
CorWatt	PkgWatt
17.56	130.09
0.54	130.09
0.43
0.47
0.44
0.48
0.53
0.50
0.49
0.39
0.45
0.40
0.51
3.19
0.69
0.64
0.65
0.44
0.45
0.46
0.45
0.38
0.38
0.38
0.38
0.35
0.35
0.36
0.35
0.53
0.50
0.50
0.49
CorWatt	PkgWatt
17.04	129.62
0.55	129.62
0.47
0.47
0.44
0.48
0.54
0.51
0.48
0.41
0.44
0.42
0.53
2.41
0.64
0.60
0.60
0.45
0.46
0.46
0.47
0.39
0.38
0.41
0.39
0.36
0.36
0.36
0.35
0.66
0.51
0.51
0.50
CorWatt	PkgWatt
18.24	129.86
0.58	129.87
0.52
0.56
0.51
0.54
0.57
0.54
0.52
0.47
0.52
0.48
0.48
0.66
0.63
0.59
0.59
0.49
0.52
0.51
0.52
0.46
0.45
0.45
0.45
0.61
0.59
0.96
0.72
1.02
0.57
0.56
0.58
CorWatt	PkgWatt
16.16	128.20
0.53	128.19
0.45
0.49
0.45
0.50
0.55
0.50
0.49
0.39
0.43
0.38
0.39
0.59
0.51
0.49
0.51
0.44
0.45
0.47
0.48
0.38
0.38
0.40
0.38
0.59
0.59
0.90
0.90
0.64
0.50
0.50
0.50
CorWatt	PkgWatt
15.94	128.05
0.51	128.04
0.43
0.45
0.43
0.50
0.57
0.50
0.48
0.39
0.43
0.36
0.39
0.57
0.52
0.48
0.51
0.44
0.45
0.46
0.45
0.38
0.38
0.39
0.38
0.59
0.59
0.60
1.16
0.63
0.50
0.50
0.49
CorWatt	PkgWatt
15.94	128.15
0.53	128.15
0.44
0.46
0.42
0.51
0.53
0.51
0.48
0.39
0.43
0.38
0.40
0.51
0.51
0.50
0.51
0.44
0.45
0.46
0.45
0.40
0.38
0.40
0.38
0.59
0.59
0.59
1.17
0.63
0.50
0.50
0.50
CorWatt	PkgWatt
16.37	128.31
0.51	128.32
0.45
0.45
0.46
0.54
0.52
0.52
0.49
0.41
0.43
0.44
0.39
0.51
0.53
0.50
0.51
0.44
0.47
0.47
0.47
0.41
0.38
0.39
0.38
0.63
0.63
0.63
1.19
0.64
0.54
0.54
0.51
CorWatt	PkgWatt
17.04	129.74
0.53	129.73
0.43
0.48
0.43
0.52
0.52
0.50
0.48
0.37
0.44
0.37
0.39
0.50
0.51
0.49
0.50
0.44
0.45
0.46
0.45
0.40
0.39
0.42
0.38
0.40
0.40
0.41
2.87
0.63
0.50
0.50
0.50
CorWatt	PkgWatt
17.65	130.51
0.53	130.51
0.45
0.48
0.44
0.52
0.57
0.51
0.49
0.39
0.43
0.39
0.39
0.51
0.52
0.49
0.51
0.46
0.49
0.48
0.46
0.39
0.39
0.39
0.38
0.39
0.37
0.39
3.23
0.62
0.55
0.51
0.51
CorWatt	PkgWatt
17.28	130.09
0.55	130.09
0.44
0.48
0.42
0.51
0.52
0.50
0.50
0.38
0.42
0.37
0.38
0.50
0.51
0.49
0.50
0.44
0.45
0.45
0.45
0.38
0.38
0.40
0.38
0.36
0.35
0.37
3.24
0.62
0.50
0.50
0.50
CorWatt	PkgWatt
17.51	130.17
0.53	130.16
0.43
0.49
0.43
0.52
0.53
0.51
0.50
0.39
0.44
0.37
0.39
0.51
0.51
0.49
0.51
0.46
0.46
0.46
0.46
0.39
0.39
0.41
0.41
0.36
0.37
0.38
3.24
0.62
0.51
0.51
0.51
CorWatt	PkgWatt
17.30	130.15
0.51	130.15
0.44
0.51
0.43
0.51
0.52
0.50
0.48
0.37
0.42
0.38
0.38
0.50
0.51
0.49
0.50
0.44
0.46
0.47
0.46
0.38
0.38
0.39
0.38
0.36
0.37
0.37
3.24
0.62
0.51
0.50
0.50
CorWatt	PkgWatt
17.25	130.28
0.53	130.28
0.44
0.51
0.44
0.50
0.52
0.50
0.48
0.39
0.43
0.36
0.38
0.50
0.50
0.48
0.50
0.44
0.45
0.45
0.46
0.39
0.38
0.39
0.38
0.36
0.36
0.37
3.23
0.63
0.50
0.50
0.50
CorWatt	PkgWatt
17.35	130.14
0.51	130.14
0.43
0.49
0.42
0.51
0.52
0.50
0.48
0.39
0.44
0.39
0.40
0.51
0.51
0.48
0.51
0.44
0.45
0.45
0.45
0.38
0.40
0.41
0.38
0.41
0.36
0.37
3.24
0.63
0.51
0.50
0.51
CorWatt	PkgWatt
17.64	130.38
0.51	130.38
0.44
0.50
0.43
0.52
0.55
0.54
0.52
0.40
0.43
0.38
0.39
0.50
0.51
0.50
0.52
0.45
0.46
0.45
0.46
0.40
0.41
0.41
0.40
0.38
0.38
0.37
3.23
0.63
0.55
0.51
0.51
CorWatt	PkgWatt
17.40	130.16
0.52	130.16
0.43
0.49
0.46
0.49
0.53
0.51
0.49
0.38
0.43
0.37
0.38
0.50
0.51
0.51
0.52
0.45
0.47
0.45
0.46
0.40
0.38
0.39
0.40
0.36
0.37
0.37
3.23
0.62
0.51
0.50
0.51
CorWatt	PkgWatt
17.23	130.27
0.51	130.27
0.43
0.49
0.42
0.49
0.52
0.51
0.47
0.38
0.42
0.42
0.38
0.50
0.50
0.48
0.50
0.44
0.46
0.46
0.46
0.38
0.38
0.38
0.38
0.36
0.38
0.37
3.24
0.63
0.50
0.50
0.49
CorWatt	PkgWatt
17.39	130.14
0.51	130.15
0.43
0.49
0.44
0.49
0.53
0.51
0.49
0.37
0.42
0.37
0.38
0.50
0.51
0.48
0.51
0.44
0.45
0.47
0.45
0.40
0.40
0.40
0.38
0.36
0.38
0.40
3.24
0.64
0.53
0.52
0.51
CorWatt	PkgWatt
17.54	130.13
0.52	130.13
0.44
0.46
0.48
0.52
0.55
0.53
0.50
0.40
0.43
0.39
0.38
0.50
0.51
0.49
0.51
0.47
0.50
0.46
0.47
0.39
0.38
0.38
0.38
0.37
0.37
0.38
3.24
0.62
0.51
0.51
0.50
CorWatt	PkgWatt
18.05	130.14
0.53	130.15
0.66
0.82
0.53
0.64
0.81
0.68
0.61
0.46
0.48
0.43
0.44
0.53
0.55
0.55
0.55
0.50
0.52
0.51
0.52
0.44
0.44
0.46
0.44
0.49
0.44
0.43
1.18
0.67
0.59
0.58
0.59
CorWatt	PkgWatt
16.70	128.74
0.50	128.73
0.54
0.48
0.48
0.85
1.30
1.18
0.84
0.38
0.43
0.37
0.39
0.52
0.51
0.50
0.50
0.48
0.46
0.47
0.46
0.39
0.39
0.39
0.38
0.37
0.36
0.35
0.40
0.51
0.51
0.50
0.49
CorWatt	PkgWatt
16.54	128.32
0.53	128.32
0.56
0.49
0.48
0.83
1.31
1.12
0.83
0.38
0.42
0.37
0.39
0.51
0.51
0.48
0.50
0.44
0.47
0.47
0.46
0.38
0.38
0.40
0.38
0.35
0.35
0.36
0.36
0.51
0.51
0.50
0.50
CorWatt	PkgWatt
16.65	128.64
0.50	128.64
0.55
0.47
0.48
0.84
1.52
0.90
0.84
0.39
0.43
0.37
0.41
0.50
0.51
0.49
0.51
0.46
0.49
0.46
0.46
0.39
0.38
0.40
0.38
0.37
0.36
0.36
0.37
0.52
0.52
0.51
0.50
CorWatt	PkgWatt
16.45	128.47
0.50	128.47
0.56
0.48
0.48
0.84
1.52
0.88
0.83
0.37
0.42
0.41
0.38
0.50
0.51
0.48
0.50
0.44
0.49
0.45
0.47
0.38
0.38
0.39
0.38
0.35
0.35
0.35
0.35
0.51
0.52
0.50
0.50
CorWatt	PkgWatt
16.54	128.35
0.49	128.34
0.54
0.47
0.47
0.86
0.93
1.50
0.83
0.39
0.42
0.36
0.38
0.51
0.52
0.50
0.50
0.44
0.46
0.46
0.45
0.39
0.38
0.38
0.38
0.40
0.38
0.35
0.38
0.51
0.51
0.50
0.50
CorWatt	PkgWatt
17.01	128.91
0.52	128.91
0.54
0.47
0.46
0.92
1.63
1.12
0.91
0.37
0.43
0.38
0.40
0.50
0.50
0.51
0.51
0.44
0.48
0.46
0.47
0.38
0.38
0.39
0.38
0.35
0.37
0.37
0.36
0.51
0.51
0.50
0.50
CorWatt	PkgWatt
20.05	131.53
0.54	131.53
0.55
0.53
0.46
1.34
3.12
1.34
1.33
0.40
0.42
0.43
0.38
0.50
0.51
0.49
0.51
0.47
0.48
0.46
0.47
0.42
0.39
0.40
0.41
0.41
0.38
0.38
0.37
0.53
0.56
0.55
0.52
CorWatt	PkgWatt
19.52	131.27
0.51	131.26
0.55
0.52
0.44
1.34
2.79
1.66
1.33
0.38
0.43
0.37
0.39
0.51
0.50
0.48
0.50
0.44
0.46
0.47
0.46
0.39
0.38
0.40
0.39
0.35
0.35
0.35
0.36
0.51
0.51
0.50
0.50
CorWatt	PkgWatt
19.58	131.20
0.52	131.20
0.55
0.54
0.46
1.34
1.44
3.01
1.33
0.39
0.42
0.39
0.38
0.50
0.50
0.53
0.51
0.45
0.46
0.46
0.46
0.40
0.39
0.38
0.38
0.35
0.35
0.35
0.35
0.52
0.52
0.50
0.49
CorWatt	PkgWatt
19.85	131.29
0.53	131.29
0.55
0.52
0.49
1.33
1.35
1.82
2.62
0.38
0.45
0.38
0.39
0.53
0.53
0.52
0.53
0.45
0.46
0.46
0.47
0.40
0.40
0.42
0.40
0.35
0.35
0.36
0.37
0.52
0.52
0.50
0.51
CorWatt	PkgWatt
19.82	131.30
0.52	131.30
0.55
0.49
0.50
1.34
1.35
3.11
1.34
0.40
0.45
0.38
0.41
0.52
0.52
0.51
0.52
0.46
0.46
0.46
0.47
0.40
0.39
0.39
0.40
0.39
0.36
0.36
0.36
0.51
0.52
0.51
0.50
CorWatt	PkgWatt
19.57	131.37
0.53	131.37
0.55
0.49
0.50
1.34
1.35
3.10
1.33
0.36
0.43
0.37
0.38
0.51
0.50
0.48
0.50
0.44
0.46
0.46
0.46
0.39
0.38
0.40
0.39
0.35
0.36
0.36
0.36
0.51
0.51
0.50
0.50
CorWatt	PkgWatt
19.82	131.20
0.53	131.20
0.54
0.48
0.50
1.34
1.35
3.11
1.34
0.38
0.46
0.39
0.41
0.56
0.55
0.51
0.52
0.44
0.47
0.46
0.46
0.40
0.38
0.39
0.38
0.36
0.35
0.37
0.36
0.52
0.51
0.50
0.51
CorWatt	PkgWatt
19.58	131.08
0.53	131.08
0.54
0.49
0.49
1.34
1.35
1.54
2.91
0.36
0.43
0.39
0.38
0.53
0.50
0.48
0.51
0.44
0.46
0.46
0.48
0.38
0.38
0.41
0.38
0.35
0.35
0.36
0.36
0.51
0.50
0.50
0.50
CorWatt	PkgWatt
19.64	131.12
0.56	131.12
0.54
0.47
0.44
1.34
1.35
3.12
1.33
0.38
0.43
0.37
0.38
0.50
0.51
0.49
0.51
0.45
0.46
0.46
0.47
0.40
0.40
0.39
0.39
0.35
0.36
0.36
0.36
0.51
0.51
0.50
0.51
CorWatt	PkgWatt
19.56	131.04
0.55	131.04
0.55
0.46
0.43
1.34
1.35
3.11
1.34
0.39
0.43
0.39
0.39
0.51
0.51
0.50
0.51
0.44
0.46
0.45
0.46
0.40
0.39
0.40
0.38
0.35
0.35
0.35
0.35
0.51
0.52
0.50
0.50
CorWatt	PkgWatt
18.85	130.42
0.55	130.43
0.54
0.47
0.46
1.19
1.21
2.65
1.18
0.38
0.42
0.45
0.37
0.50
0.50
0.48
0.50
0.44
0.46
0.47
0.47
0.40
0.38
0.38
0.38
0.37
0.39
0.37
0.35
0.55
0.54
0.53
0.50
CorWatt	PkgWatt
19.65	133.89
0.77	133.90
0.57
0.54
0.51
0.59
3.37
0.60
0.59
0.43
0.46
0.40
0.44
0.53
0.55
0.57
0.56
0.49
0.51
0.50
0.51
0.45
0.45
0.49
0.44
0.43
0.44
0.44
0.43
0.59
0.56
0.56
0.90
CorWatt	PkgWatt
20.16	137.59
0.58	137.58
0.44
0.49
0.45
0.53
6.00
0.56
0.52
0.40
0.43
0.39
0.38
0.50
0.51
0.49
0.51
0.46
0.50
0.48
0.47
0.40
0.39
0.39
0.39
0.38
0.36
0.36
0.36
0.52
0.50
0.51
0.51
CorWatt	PkgWatt
20.47	137.63
0.61	137.63
0.48
0.52
0.47
0.54
6.00
0.57
0.56
0.38
0.44
0.39
0.40
0.53
0.52
0.51
0.52
0.46
0.47
0.48
0.47
0.40
0.39
0.41
0.40
0.37
0.37
0.37
0.37
0.53
0.52
0.51
0.52
CorWatt	PkgWatt
20.04	137.47
0.58	137.47
0.44
0.51
0.44
0.52
6.01
0.56
0.53
0.37
0.44
0.36
0.39
0.50
0.51
0.48
0.50
0.44
0.46
0.46
0.46
0.39
0.38
0.40
0.40
0.36
0.37
0.37
0.37
0.51
0.53
0.51
0.49
CorWatt	PkgWatt
19.94	137.54
0.59	137.54
0.46
0.49
0.44
0.52
6.01
0.57
0.52
0.38
0.43
0.37
0.38
0.50
0.50
0.49
0.51
0.44
0.46
0.47
0.47
0.38
0.38
0.39
0.38
0.36
0.35
0.35
0.36
0.51
0.50
0.50
0.50
CorWatt	PkgWatt
20.11	137.53
0.58	137.52
0.49
0.51
0.47
0.53
6.00
0.55
0.52
0.38
0.43
0.37
0.39
0.51
0.52
0.50
0.51
0.45
0.46
0.46
0.46
0.40
0.38
0.39
0.38
0.36
0.37
0.36
0.36
0.52
0.50
0.50
0.50
CorWatt	PkgWatt
19.98	137.35
0.57	137.36
0.49
0.47
0.45
0.52
6.01
0.55
0.52
0.38
0.44
0.38
0.40
0.50
0.50
0.51
0.51
0.44
0.46
0.46
0.46
0.38
0.40
0.39
0.38
0.35
0.35
0.35
0.35
0.51
0.50
0.50
0.50
CorWatt	PkgWatt
20.87	138.25
0.57	138.26
0.51
0.47
0.48
0.58
6.01
0.61
0.58
0.38
0.45
0.42
0.42
0.51
0.53
0.53
0.50
0.46
0.48
0.49
0.49
0.44
0.44
0.43
0.42
0.44
0.40
0.37
0.38
0.51
0.53
0.52
0.49
CorWatt	PkgWatt
20.20	137.73
0.58	137.72
0.48
0.48
0.47
0.51
6.01
0.57
0.54
0.38
0.43
0.39
0.39
0.50
0.51
0.51
0.53
0.46
0.49
0.46
0.46
0.41
0.39
0.41
0.41
0.36
0.37
0.35
0.36
0.52
0.50
0.50
0.50
CorWatt	PkgWatt
20.25	137.82
0.56	137.82
0.49
0.48
0.45
0.51
6.01
0.56
0.53
0.40
0.43
0.43
0.41
0.50
0.51
0.50
0.52
0.44
0.47
0.48
0.48
0.39
0.38
0.38
0.39
0.37
0.38
0.36
0.36
0.52
0.53
0.51
0.51
CorWatt	PkgWatt
20.15	137.92
0.57	137.92
0.49
0.48
0.45
0.50
6.01
0.57
0.52
0.38
0.43
0.37
0.39
0.50
0.50
0.49
0.51
0.44
0.45
0.47
0.46
0.40
0.39
0.41
0.38
0.36
0.38
0.40
0.37
0.53
0.52
0.50
0.51
CorWatt	PkgWatt
20.01	137.59
0.57	137.59
0.48
0.48
0.45
0.52
6.01
0.57
0.51
0.38
0.42
0.37
0.38
0.50
0.51
0.49
0.51
0.44
0.48
0.46
0.47
0.39
0.38
0.38
0.38
0.37
0.37
0.36
0.37
0.52
0.51
0.50
0.49
CorWatt	PkgWatt
20.18	137.94
0.58	137.93
0.50
0.49
0.45
0.51
6.01
0.56
0.53
0.39
0.43
0.37
0.38
0.50
0.52
0.50
0.51
0.44
0.46
0.46
0.46
0.39
0.39
0.40
0.39
0.36
0.38
0.37
0.37
0.51
0.51
0.53
0.53
CorWatt	PkgWatt
20.24	137.86
0.57	137.86
0.48
0.49
0.45
0.51
6.01
0.58
0.53
0.39
0.43
0.38
0.39
0.52
0.51
0.51
0.52
0.46
0.46
0.46
0.46
0.40
0.40
0.39
0.39
0.41
0.37
0.36
0.38
0.52
0.50
0.51
0.50
CorWatt	PkgWatt
20.86	138.32
0.61	138.34
0.55
0.54
0.47
0.50
6.01
0.59
0.56
0.42
0.44
0.41
0.38
0.54
0.54
0.52
0.54
0.47
0.50
0.50
0.49
0.39
0.41
0.39
0.38
0.40
0.40
0.39
0.36
0.55
0.54
0.54
0.53
CorWatt	PkgWatt
20.10	137.67
0.57	137.66
0.47
0.47
0.45
0.51
6.00
0.56
0.54
0.39
0.42
0.37
0.39
0.50
0.52
0.51
0.51
0.46
0.48
0.46
0.47
0.40
0.38
0.39
0.38
0.37
0.37
0.35
0.35
0.51
0.53
0.50
0.49
CorWatt	PkgWatt
20.06	137.69
0.58	137.68
0.50
0.48
0.44
0.51
6.01
0.58
0.53
0.38
0.43
0.37
0.40
0.50
0.51
0.50
0.52
0.44
0.47
0.46
0.48
0.39
0.38
0.39
0.38
0.35
0.36
0.35
0.36
0.51
0.50
0.50
0.50
CorWatt	PkgWatt
19.62	133.85
0.81	133.87
0.57
0.60
0.52
0.59
2.66
0.63
0.73
0.48
0.49
0.44
0.45
0.57
0.92
0.61
0.60
0.51
0.54
0.54
0.52
0.45
0.46
0.45
0.44
0.44
0.46
0.41
0.43
0.59
0.56
0.57
0.58
CorWatt	PkgWatt
17.57	130.29
0.60	130.27
0.44
0.53
0.45
3.25
0.54
0.60
0.57
0.38
0.43
0.40
0.41
0.50
0.51
0.51
0.53
0.44
0.47
0.46
0.47
0.39
0.38
0.39
0.38
0.37
0.40
0.37
0.36
0.51
0.50
0.51
0.50
CorWatt	PkgWatt
17.77	130.22
0.62	130.23
0.45
0.52
0.46
3.20
0.52
0.59
0.55
0.41
0.44
0.43
0.39
0.52
0.52
0.50
0.52
0.45
0.46
0.46
0.47
0.42
0.38
0.40
0.40
0.41
0.41
0.38
0.39
0.53
0.55
0.54
0.52
CorWatt	PkgWatt
17.34	130.23
0.61	130.23
0.44
0.48
0.45
3.18
0.54
0.58
0.57
0.39
0.43
0.37
0.38
0.51
0.51
0.50
0.52
0.44
0.45
0.46
0.46
0.38
0.38
0.40
0.38
0.39
0.37
0.36
0.36
0.51
0.51
0.51
0.50
CorWatt	PkgWatt
17.49	130.12
0.60	130.11
0.45
0.49
0.47
3.17
0.52
0.57
0.55
0.40
0.43
0.40
0.38
0.50
0.52
0.54
0.53
0.45
0.47
0.46
0.46
0.40
0.38
0.38
0.39
0.37
0.39
0.36
0.36
0.52
0.54
0.51
0.50
CorWatt	PkgWatt
17.45	130.02
0.62	130.01
0.46
0.49
0.46
3.17
0.52
0.58
0.55
0.39
0.45
0.37
0.39
0.52
0.53
0.52
0.54
0.44
0.46
0.46
0.47
0.40
0.38
0.40
0.38
0.36
0.37
0.36
0.36
0.52
0.50
0.51
0.50
CorWatt	PkgWatt
17.33	129.96
0.62	129.97
0.45
0.49
0.46
3.19
0.52
0.58
0.55
0.39
0.44
0.39
0.40
0.50
0.52
0.51
0.52
0.44
0.45
0.46
0.46
0.39
0.38
0.38
0.38
0.37
0.38
0.36
0.36
0.52
0.50
0.50
0.49
CorWatt	PkgWatt
17.86	130.40
0.63	130.42
0.54
0.54
0.50
3.18
0.56
0.58
0.55
0.41
0.46
0.37
0.38
0.54
0.55
0.49
0.55
0.47
0.50
0.49
0.46
0.38
0.38
0.40
0.38
0.37
0.37
0.35
0.36
0.53
0.51
0.54
0.51
CorWatt	PkgWatt
17.71	130.18
0.60	130.18
0.49
0.49
0.47
2.66
0.54
0.56
1.07
0.39
0.46
0.40
0.41
0.56
0.56
0.53
0.53
0.48
0.47
0.46
0.46
0.39
0.38
0.39
0.39
0.39
0.40
0.38
0.36
0.52
0.51
0.51
0.51
CorWatt	PkgWatt
17.25	129.94
0.59	129.93
0.48
0.49
0.45
0.53
0.52
0.57
3.18
0.41
0.43
0.37
0.39
0.50
0.50
0.49
0.51
0.45
0.45
0.46
0.47
0.38
0.38
0.39
0.38
0.38
0.37
0.36
0.36
0.52
0.50
0.50
0.50
CorWatt	PkgWatt
17.13	129.89
0.58	129.88
0.48
0.47
0.44
0.52
0.52
0.57
3.19
0.37
0.43
0.36
0.38
0.50
0.51
0.49
0.50
0.45
0.45
0.45
0.45
0.38
0.38
0.39
0.38
0.37
0.39
0.35
0.36
0.52
0.50
0.50
0.49
CorWatt	PkgWatt
17.23	129.81
0.59	129.82
0.48
0.46
0.43
0.51
0.52
0.58
3.17
0.38
0.43
0.39
0.42
0.50
0.50
0.53
0.50
0.44
0.45
0.46
0.46
0.39
0.39
0.39
0.38
0.37
0.35
0.35
0.36
0.52
0.52
0.51
0.50
CorWatt	PkgWatt
17.62	130.09
0.60	130.08
0.49
0.47
0.47
3.17
0.52
0.59
0.56
0.38
0.43
0.44
0.39
0.50
0.51
0.49
0.51
0.45
0.47
0.46
0.46
0.40
0.39
0.39
0.39
0.40
0.39
0.38
0.37
0.57
0.53
0.55
0.52
CorWatt	PkgWatt
17.32	129.85
0.59	129.85
0.50
0.49
0.45
3.17
0.52
0.58
0.54
0.37
0.42
0.37
0.38
0.50
0.50
0.50
0.50
0.46
0.45
0.46
0.46
0.40
0.39
0.44
0.38
0.40
0.35
0.35
0.37
0.52
0.51
0.50
0.50
CorWatt	PkgWatt
17.17	129.94
0.58	129.94
0.47
0.48
0.45
3.18
0.52
0.56
0.54
0.39
0.42
0.36
0.39
0.50
0.50
0.49
0.51
0.46
0.47
0.47
0.45
0.38
0.38
0.38
0.38
0.38
0.35
0.35
0.35
0.51
0.50
0.50
0.49
CorWatt	PkgWatt
17.22	129.80
0.60	129.80
0.52
0.50
0.45
3.17
0.52
0.57
0.56
0.37
0.43
0.36
0.38
0.50
0.50
0.48
0.51
0.45
0.45
0.45
0.46
0.38
0.38
0.40
0.38
0.39
0.35
0.35
0.35
0.51
0.51
0.50
0.50
CorWatt	PkgWatt
17.54	130.08
0.58	130.08
0.44
0.56
0.45
3.17
0.54
0.58
0.57
0.39
0.45
0.37
0.41
0.50
0.52
0.50
0.51
0.45
0.46
0.46
0.47
0.39
0.38
0.41
0.40
0.38
0.38
0.38
0.39
0.52
0.53
0.51
0.50
CorWatt	PkgWatt
17.11	129.77
0.58	129.77
0.44
0.52
0.44
3.15
0.52
0.57
0.54
0.36
0.43
0.38
0.40
0.50
0.50
0.48
0.50
0.44
0.46
0.46
0.46
0.38
0.38
0.39
0.38
0.37
0.35
0.35
0.37
0.52
0.50
0.50
0.50
CorWatt	PkgWatt
18.03	129.82
0.72	129.83
0.66
1.04
0.66
0.60
0.58
0.82
0.60
0.47
0.49
0.43
0.78
0.59
0.58
0.59
0.60
0.53
0.51
0.51
0.51
0.45
0.43
0.45
0.44
0.46
0.44
0.42
0.43
0.57
0.57
0.57
0.55
CorWatt	PkgWatt
16.19	128.18
0.75	128.18
0.73
0.88
1.17
0.52
0.50
0.63
0.54
0.39
0.44
0.38
0.41
0.52
0.50
0.50
0.53
0.44
0.46
0.45
0.46
0.38
0.39
0.39
0.38
0.39
0.35
0.35
0.35
0.51
0.50
0.50
0.50
CorWatt	PkgWatt
16.45	128.36
0.74	128.35
0.74
0.88
1.18
0.52
0.49
0.66
0.57
0.38
0.43
0.39
0.40
0.50
0.52
0.51
0.51
0.45
0.46
0.46
0.46
0.41
0.42
0.40
0.40
0.39
0.38
0.37
0.38
0.52
0.50
0.50
0.50
CorWatt	PkgWatt
16.18	128.24
0.75	128.24
0.74
0.88
1.19
0.49
0.49
0.63
0.56
0.38
0.43
0.36
0.38
0.50
0.50
0.52
0.53
0.46
0.47
0.46
0.46
0.40
0.38
0.39
0.39
0.35
0.38
0.35
0.36
0.51
0.50
0.51
0.50
CorWatt	PkgWatt
16.07	128.11
0.74	128.10
0.72
0.74
1.31
0.48
0.49
0.63
0.53
0.38
0.42
0.43
0.38
0.50
0.50
0.49
0.50
0.44
0.46
0.45
0.46
0.40
0.39
0.38
0.38
0.35
0.39
0.35
0.36
0.52
0.50
0.51
0.50
CorWatt	PkgWatt
17.02	128.74
0.84	128.75
0.83
0.84
1.73
0.49
0.50
0.62
0.54
0.37
0.44
0.37
0.37
0.50
0.50
0.51
0.50
0.46
0.45
0.47
0.46
0.39
0.39
0.41
0.39
0.38
0.39
0.39
0.37
0.53
0.56
0.52
0.50
CorWatt	PkgWatt
19.25	130.78
1.14	130.78
1.13
1.14
3.10
0.52
0.52
0.63
0.53
0.38
0.42
0.38
0.39
0.50
0.51
0.49
0.52
0.45
0.49
0.45
0.48
0.39
0.39
0.38
0.39
0.38
0.38
0.37
0.36
0.52
0.51
0.52
0.50
CorWatt	PkgWatt
19.23	130.73
1.18	130.72
1.17
1.71
2.56
0.49
0.49
0.62
0.52
0.36
0.42
0.38
0.38
0.50
0.50
0.50
0.50
0.45
0.46
0.45
0.46
0.38
0.39
0.41
0.38
0.38
0.40
0.37
0.37
0.51
0.49
0.52
0.53
CorWatt	PkgWatt
19.34	130.82
1.19	130.82
1.17
1.99
2.28
0.50
0.50
0.64
0.53
0.38
0.43
0.37
0.38
0.52
0.53
0.50
0.51
0.45
0.47
0.46
0.47
0.40
0.39
0.40
0.39
0.35
0.40
0.36
0.36
0.53
0.51
0.51
0.50
CorWatt	PkgWatt
19.12	130.65
1.44	130.65
1.17
1.19
2.83
0.49
0.49
0.63
0.52
0.38
0.42
0.37
0.38
0.50
0.50
0.49
0.50
0.44
0.46
0.45
0.46
0.38
0.38
0.39
0.38
0.35
0.39
0.35
0.35
0.52
0.49
0.51
0.51
CorWatt	PkgWatt
19.28	131.05
2.02	131.05
1.17
1.18
2.25
0.49
0.49
0.62
0.54
0.38
0.42
0.37
0.38
0.50
0.51
0.49
0.50
0.47
0.47
0.45
0.47
0.39
0.38
0.40
0.40
0.40
0.39
0.36
0.35
0.52
0.51
0.50
0.50
CorWatt	PkgWatt
19.03	130.69
2.64	130.69
1.12
1.14
1.60
0.49
0.50
0.63
0.52
0.37
0.43
0.38
0.38
0.50
0.50
0.49
0.51
0.44
0.47
0.45
0.48
0.38
0.38
0.39
0.38
0.35
0.37
0.35
0.35
0.51
0.51
0.52
0.50
CorWatt	PkgWatt
19.13	130.70
1.65	130.71
1.17
1.18
2.62
0.49
0.49
0.61
0.52
0.37
0.42
0.36
0.37
0.50
0.52
0.51
0.50
0.44
0.46
0.45
0.46
0.39
0.38
0.39
0.38
0.38
0.41
0.35
0.37
0.51
0.49
0.50
0.49
CorWatt	PkgWatt
19.21	130.88
2.83	130.88
1.17
1.19
1.44
0.49
0.50
0.63
0.49
0.37
0.43
0.39
0.39
0.50
0.50
0.52
0.51
0.44
0.48
0.45
0.47
0.38
0.38
0.39
0.38
0.38
0.37
0.37
0.36
0.51
0.50
0.50
0.50
CorWatt	PkgWatt
19.57	130.96
2.01	130.96
1.17
1.19
2.26
0.49
0.50
0.64
0.49
0.41
0.42
0.43
0.38
0.51
0.52
0.49
0.51
0.45
0.47
0.46
0.46
0.41
0.38
0.41
0.40
0.42
0.40
0.38
0.37
0.53
0.55
0.54
0.53
CorWatt	PkgWatt
19.03	130.68
3.09	130.68
1.14
1.15
1.14
0.49
0.51
0.62
0.51
0.37
0.42
0.37
0.38
0.51
0.50
0.49
0.50
0.46
0.46
0.46
0.46
0.38
0.38
0.39
0.38
0.38
0.35
0.35
0.36
0.51
0.51
0.51
0.50
CorWatt	PkgWatt
19.09	130.73
3.09	130.73
1.17
1.18
1.16
0.49
0.49
0.63
0.48
0.39
0.42
0.39
0.37
0.50
0.50
0.52
0.51
0.44
0.46
0.46
0.46
0.39
0.38
0.38
0.38
0.37
0.36
0.35
0.35
0.51
0.51
0.50
0.49
CorWatt	PkgWatt
19.27	130.57
1.91	130.60
0.94
0.89
0.88
0.59
0.58
0.77
0.61
0.48
0.47
0.39
0.42
0.62
0.60
0.60
0.58
0.60
0.53
0.51
0.54
0.46
0.43
0.51
0.46
0.39
0.43
0.40
0.40
0.56
0.55
0.61
0.57
