CorWatt	PkgWatt
156.94	378.63
2.49	187.11
2.47
2.51
2.44
2.48
2.48
2.46
2.48
2.40
2.40
2.37
2.40
2.41
2.37
2.39
2.40
2.46
2.47
2.51
2.43
2.50
2.53
2.52
2.48
2.43
2.47
2.45
2.48
2.41
2.42
2.43
2.43
2.42	187.14
2.45
2.44
2.44
2.44
2.45
2.46
2.42
2.38
2.41
2.41
2.39
2.43
2.43
2.38
2.39
2.39
2.41
2.36
2.42
2.42
2.45
2.47
2.44
2.39
2.42
2.42
2.42
2.43
2.44
2.42
2.40
CorWatt	PkgWatt
159.70	389.82
2.52	192.83
2.51
2.53
2.49
2.52
2.51
2.51
2.52
2.41
2.42
2.46
2.45
2.41
2.41
2.46
2.49
2.52
2.52
2.52
2.49
2.56
2.53
2.55
2.50
2.46
2.50
2.50
2.49
2.44
2.46
2.45
2.46
2.49	193.00
2.48
2.48
2.52
2.45
2.47
2.51
2.49
2.46
2.43
2.46
2.41
2.45
2.45
2.43
2.45
2.42
2.40
2.41
2.46
2.50
2.51
2.52
2.53
2.46
2.44
2.47
2.44
2.42
2.49
2.49
2.44
CorWatt	PkgWatt
157.08	370.77
2.62	189.12
2.58
2.60
2.50
2.53
2.48
2.54
2.52
2.43
2.47
2.40
2.57
2.46
2.44
2.46
2.42
2.53
2.58
2.55
2.52
2.59
2.58
2.58
2.57
2.48
2.54
2.50
2.48
2.48
2.50
2.50
2.47
2.44	186.44
2.47
2.50
2.48
2.44
2.48
2.48
2.45
2.45
2.42
2.39
2.42
2.43
2.45
2.43
2.41
2.41
2.44
2.39
2.44
2.46
2.46
2.47
2.46
2.40
2.41
2.42
2.42
2.43
2.46
2.43
2.42
CorWatt	PkgWatt
153.72	365.86
2.50	187.29
2.50
2.50
2.46
2.48
2.46
2.49
2.44
2.41
2.45
2.35
2.41
2.40
2.44
2.41
2.40
2.47
2.50
2.51
2.49
2.54
2.54
2.53
2.51
2.46
2.49
2.44
2.47
2.44
2.45
2.46
2.44
2.47	186.90
2.47
2.45
2.46
2.45
2.47
2.47
2.46
2.40
2.41
2.40
2.41
2.43
2.45
2.44
2.42
2.42
2.42
2.41
2.43
2.46
2.47
2.46
2.50
2.42
2.41
2.41
2.40
2.41
2.45
2.44
2.43
CorWatt	PkgWatt
156.41	369.85
2.49	185.32
2.50
2.49
2.46
2.46
2.47
2.48
2.46
2.38
2.43
2.34
2.43
2.41
2.41
2.39
2.39
2.45
2.47
2.52
2.45
2.51
2.51
2.49
2.49
2.43
2.47
2.44
2.44
2.43
2.44
2.42
2.44
2.46	185.77
2.44
2.46
2.45
2.43
2.47
2.48
2.46
2.40
2.44
2.41
2.42
2.43
2.43
2.43
2.39
2.40
2.43
2.39
2.39
2.46
2.43
2.49
2.47
2.40
2.37
2.41
2.40
2.42
2.45
2.38
2.40
CorWatt	PkgWatt
160.20	389.83
2.51	191.89
2.53
2.55
2.45
2.48
2.51
2.52
2.51
2.44
2.47
2.39
2.46
2.43
2.44
2.44
2.46
2.50
2.52
2.57
2.54
2.56
2.57
2.52
2.52
2.48
2.50
2.47
2.49
2.45
2.47
2.47
2.46
2.48	191.40
2.52
2.49
2.46
2.47
2.47
2.49
2.47
2.43
2.43
2.46
2.45
2.44
2.48
2.45
2.44
2.41
2.47
2.40
2.45
2.49
2.48
2.48
2.51
2.44
2.44
2.47
2.45
2.42
2.46
2.45
2.44
CorWatt	PkgWatt
160.10	387.36
2.47	185.82
2.47
2.49
2.44
2.45
2.46
2.47
2.50
2.38
2.41
2.35
2.43
2.37
2.42
2.38
2.40
2.46
2.52
2.50
2.45
2.52
2.52
2.50
2.49
2.44
2.47
2.47
2.46
2.37
2.46
2.45
2.40
2.41	184.93
2.46
2.44
2.43
2.41
2.45
2.45
2.45
2.40
2.40
2.38
2.39
2.39
2.41
2.38
2.40
2.35
2.38
2.36
2.38
2.42
2.44
2.44
2.45
2.36
2.41
2.39
2.37
2.39
2.42
2.42
2.38
CorWatt	PkgWatt
150.27	354.26
2.42	184.99
2.50
2.47
2.42
2.44
2.44
2.44
2.47
2.39
2.40
2.33
2.40
2.40
2.35
2.38
2.40
2.44
2.46
2.45
2.41
2.49
2.53
2.47
2.48
2.41
2.45
2.42
2.45
2.39
2.39
2.42
2.42
2.40	184.40
2.45
2.42
2.41
2.41
2.41
2.46
2.44
2.40
2.36
2.35
2.41
2.37
2.40
2.36
2.38
2.37
2.34
2.37
2.36
2.43
2.41
2.43
2.43
2.36
2.36
2.40
2.35
2.40
2.40
2.39
2.39
CorWatt	PkgWatt
157.69	382.74
2.48	188.35
2.50
2.49
2.46
2.44
2.42
2.46
2.44
2.40
2.40
2.34
2.43
2.40
2.36
2.39
2.40
2.47
2.51
2.46
2.45
2.52
2.50
2.47
2.47
2.40
2.47
2.46
2.47
2.38
2.43
2.43
2.43
2.43	188.12
2.46
2.43
2.45
2.44
2.45
2.47
2.46
2.41
2.39
2.37
2.39
2.41
2.41
2.42
2.39
2.37
2.37
2.40
2.39
2.43
2.43
2.46
2.48
2.40
2.41
2.39
2.40
2.42
2.41
2.40
2.39
CorWatt	PkgWatt
153.09	366.93
2.48	187.01
2.52
2.50
2.40
2.44
2.47
2.44
2.44
2.34
2.41
2.36
2.42
2.40
2.38
2.38
2.42
2.49
2.48
2.49
2.46
2.52
2.51
2.51
2.49
2.42
2.47
2.46
2.44
2.39
2.44
2.44
2.42
2.43	186.83
2.43
2.44
2.45
2.42
2.43
2.45
2.44
2.38
2.40
2.38
2.38
2.43
2.46
2.40
2.36
2.34
2.39
2.37
2.38
2.45
2.46
2.47
2.46
2.38
2.39
2.41
2.39
2.42
2.42
2.42
2.38
CorWatt	PkgWatt
157.07	383.23
2.51	189.78
2.48
2.46
2.43
2.47
2.45
2.44
2.46
2.38
2.44
2.41
2.45
2.42
2.42
2.42
2.42
2.47
2.52
2.47
2.47
2.53
2.51
2.47
2.50
2.38
2.49
2.45
2.45
2.37
2.49
2.42
2.48
2.43	190.79
2.48
2.42
2.46
2.44
2.46
2.48
2.46
2.44
2.41
2.36
2.45
2.43
2.47
2.38
2.41
2.39
2.41
2.36
2.41
2.44
2.48
2.48
2.47
2.35
2.39
2.42
2.43
2.40
2.46
2.45
2.40
