CorWatt	PkgWatt
6.64	157.36
0.12	78.95
0.12
0.12
0.12
0.11
0.11
0.12
0.11
0.10
0.10
0.10
0.10
0.10
0.10
0.10
0.10
0.11
0.11
0.11
0.12
0.13
0.12
0.13
0.12
0.11
0.11
0.11
0.11
0.10
0.10
0.10
0.10
0.10	78.50
0.10
0.10
0.10
0.11
0.10
0.10
0.10
0.09
0.09
0.10
0.10
0.09
0.09
0.09
0.10
0.11
0.10
0.10
0.10
0.11
0.10
0.10
0.11
0.09
0.09
0.09
0.09
0.09
0.09
0.09
0.09
CorWatt	PkgWatt
6.88	156.86
0.12	78.21
0.12
0.12
0.12
0.11
0.11
0.11
0.11
0.10
0.10
0.10
0.10
0.10
0.10
0.10
0.10
0.11
0.11
0.11
0.11
0.12
0.11
0.11
0.11
0.11
0.11
0.10
0.10
0.10
0.10
0.10
0.10
0.11	78.61
0.11
0.10
0.10
0.12
0.11
0.10
0.11
0.16
0.13
0.10
0.10
0.09
0.09
0.10
0.11
0.12
0.10
0.10
0.11
0.11
0.11
0.13
0.12
0.11
0.10
0.10
0.11
0.10
0.09
0.09
0.11
CorWatt	PkgWatt
15.89	185.03
0.22	89.55
0.17
0.16
0.20
0.17
0.15
0.15
0.21
0.15
0.14
0.14
0.17
0.13
0.13
0.13
0.15
0.15
0.15
0.18
0.17
0.17
0.17
0.18
0.16
0.18
0.20
0.17
0.19
0.16
0.19
0.15
0.14
0.29	95.43
0.28
0.37
0.37
0.25
0.34
0.26
0.23
0.27
0.25
0.25
0.21
0.30
0.22
0.21
0.26
0.37
0.28
0.26
0.24
0.33
0.28
0.30
2.15
0.26
0.24
0.26
0.24
0.22
0.26
0.24
0.29
