CorWatt	PkgWatt
15.26	128.37
0.53	128.37
0.46
0.50
0.48
0.52
0.54
0.54
0.50
0.53
0.46
0.39
0.44
0.53
0.54
0.54
0.54
0.45
0.47
0.46
0.47
0.43
0.44
0.40
0.41
0.38
0.43
0.39
0.39
0.52
0.52
0.53
0.52
CorWatt	PkgWatt
14.84	127.30
0.51	127.66
0.50
0.47
0.50
0.52
0.52
0.51
0.51
0.45
0.44
0.41
0.42
0.50
0.53
0.52
0.53
0.44
0.46
0.45
0.47
0.41
0.42
0.38
0.40
0.37
0.40
0.41
0.36
0.53
0.51
0.51
0.52
CorWatt	PkgWatt
69.89	184.87
0.91	184.43
2.19
2.45
2.22
2.27
2.31
2.33
2.28
2.22
2.17
2.15
2.16
2.27
2.28
2.29
2.30
2.24
2.18
1.99
2.03
2.13
2.20
1.98
1.91
2.12
2.07
3.37
1.91
2.31
2.31
2.10
2.15
