CorWatt	PkgWatt
330.16	598.86
4.53	236.26
4.21
5.14
5.20
5.13
4.31
4.59
4.23
4.84
4.62
3.93
4.39
4.50
4.99
4.46
4.10
3.81
4.55
4.18
4.32
4.30
4.12
4.58
3.86
4.55
4.57
4.34
4.35
4.38
4.14
5.00
3.88
4.00	230.43
3.87
4.42
3.84
4.19
3.74
3.84
3.67
4.94
5.03
5.05
4.88
3.85
4.25
4.14
3.87
4.37
4.90
4.37
4.65
4.97
4.09
4.02
4.10
4.12
4.10
4.28
3.83
4.46
3.90
4.05
3.80
CorWatt	PkgWatt
260.84	458.24
4.10	233.55
4.06
4.37
5.57
4.28
3.70
4.61
4.26
4.07
4.08
4.69
4.02
4.75
3.85
4.39
4.02
4.03
4.01
4.04
3.95
4.05
4.07
4.25
3.99
5.15
4.61
3.80
5.25
4.33
4.32
3.82
4.30
3.58	224.98
3.49
4.17
3.41
4.24
3.47
3.55
3.31
4.53
4.08
5.44
4.29
3.59
3.34
3.41
3.35
4.20
5.24
4.46
4.61
4.23
3.46
3.57
3.37
3.69
4.56
4.31
3.61
3.45
3.45
3.37
3.36
CorWatt	PkgWatt
281.61	474.12
4.56	245.43
3.94
4.68
4.70
4.48
4.93
4.56
4.45
3.56
4.64
4.22
5.10
4.91
3.96
4.91
3.93
5.12
4.89
5.71
3.98
4.15
4.78
4.46
5.07
6.49
4.41
4.85
4.40
5.25
5.42
6.18
5.01
4.41	228.67
3.82
4.00
3.82
4.03
3.57
4.48
3.89
3.45
3.57
4.77
3.52
4.62
3.71
4.36
3.69
4.82
3.59
4.83
4.94
3.75
4.62
3.77
3.92
3.61
4.86
3.79
3.83
3.65
3.87
3.56
4.80
CorWatt	PkgWatt
289.79	482.19
5.33	241.90
4.29
3.96
3.76
4.13
5.67
4.92
5.43
4.83
4.32
5.07
5.66
3.68
4.28
3.07
3.60
5.24
5.41
5.49
4.59
5.41
4.37
4.84
4.82
3.62
3.24
5.14
3.90
4.28
4.47
5.88
5.25
4.89	240.35
4.63
3.73
4.70
5.82
5.85
4.92
5.51
3.34
3.12
3.76
3.36
5.16
4.29
4.25
4.87
4.10
3.95
4.43
3.97
4.53
5.23
4.72
5.24
4.75
3.36
4.52
4.34
4.53
4.83
3.69
3.41
CorWatt	PkgWatt
291.44	483.68
4.30	238.41
4.83
5.04
3.79
4.71
5.36
5.54
4.79
5.70
5.71
3.87
3.96
2.01
2.97
2.10
2.15
5.54
4.75
5.32
4.87
3.93
5.43
5.69
5.60
4.67
3.90
3.63
5.26
4.09
4.83
5.00
4.09
5.27	244.92
5.38
4.73
4.83
5.22
5.28
3.80
5.16
4.06
3.13
3.84
3.48
4.97
5.18
5.03
5.27
4.32
4.19
3.97
3.97
5.13
5.14
5.18
5.30
4.26
3.80
5.38
4.97
4.13
5.38
5.09
3.03
CorWatt	PkgWatt
285.00	479.21
4.35	235.51
4.51
4.78
4.36
4.76
4.16
4.82
5.19
4.80
5.12
3.89
3.90
2.26
2.98
2.40
2.33
4.50
5.36
4.46
5.50
4.12
5.20
5.00
4.51
4.50
4.90
4.32
4.75
4.00
4.42
4.67
3.86
4.12	244.20
4.78
4.75
4.33
5.14
4.90
4.27
5.13
4.45
4.09
3.19
4.45
4.92
5.20
4.27
5.07
3.23
3.74
3.98
4.14
5.04
5.03
5.00
5.07
3.50
4.43
5.30
5.22
4.66
5.29
5.38
4.50
CorWatt	PkgWatt
254.42	450.55
4.13	225.33
5.56
4.31
3.91
4.06
4.41
4.40
4.72
3.95
4.76
3.69
3.84
2.71
2.66
2.23
2.47
3.78
4.05
3.85
4.86
3.65
4.04
5.26
3.97
4.14
4.40
4.20
4.41
3.51
4.34
4.16
3.73
3.15	225.16
3.53
3.98
3.86
3.54
3.38
3.22
3.55
3.23
3.94
3.36
3.59
5.02
3.94
3.41
4.25
3.51
3.17
4.11
3.80
3.94
3.41
4.28
3.91
3.80
4.03
4.56
3.55
4.76
5.72
5.23
5.50
CorWatt	PkgWatt
242.69	439.47
4.50	224.21
4.74
4.30
4.53
4.24
3.97
4.32
4.74
4.27
4.28
3.72
4.96
2.83
2.53
2.29
2.76
3.50
3.73
3.45
4.73
3.69
3.99
5.27
3.84
3.70
4.72
4.31
3.90
3.42
4.02
3.78
4.06
3.18	215.15
3.14
3.18
3.28
3.14
3.16
3.19
3.15
3.68
4.10
3.17
3.17
4.04
3.55
3.32
3.22
3.71
3.41
4.45
3.96
3.69
3.16
3.16
3.18
3.77
3.71
5.06
3.88
3.91
5.00
4.17
3.67
CorWatt	PkgWatt
254.40	450.20
5.15	240.48
4.57
5.48
5.15
5.36
4.82
5.14
5.81
4.79
5.36
4.78
5.78
2.42
2.61
2.36
2.40
3.30
4.47
3.91
4.67
4.91
5.19
4.68
4.64
3.93
5.54
5.43
4.35
4.31
4.14
4.02
4.64
3.41	210.00
3.08
4.25
3.11
3.04
3.08
3.26
3.06
3.87
3.88
3.02
3.72
3.13
3.05
3.98
3.01
4.04
3.83
4.20
3.65
3.09
3.20
3.08
3.24
3.60
3.68
3.43
3.16
3.87
3.64
3.68
3.06
