CorWatt	PkgWatt
7.79	161.61
0.14	81.12
0.14
0.14
0.13
0.13
0.13
0.13
0.13
0.12
0.12
0.12
0.12
0.11
0.11
0.11
0.11
0.13
0.13
0.13
0.13
0.23
0.14
0.14
0.14
0.13
0.13
0.13
0.13
0.12
0.12
0.12
0.12
0.12	80.57
0.12
0.12
0.11
0.12
0.12
0.12
0.12
0.11
0.11
0.11
0.10
0.11
0.10
0.10
0.10
0.12
0.12
0.11
0.12
0.12
0.12
0.12
0.12
0.11
0.11
0.12
0.12
0.10
0.11
0.11
0.11
CorWatt	PkgWatt
7.69	160.05
0.13	79.85
0.13
0.13
0.13
0.12
0.12
0.12
0.12
0.11
0.11
0.11
0.11
0.11
0.11
0.11
0.11
0.13
0.12
0.12
0.13
0.14
0.13
0.13
0.13
0.12
0.12
0.12
0.12
0.11
0.11
0.11
0.11
0.13	80.14
0.12
0.11
0.11
0.12
0.12
0.13
0.12
0.12
0.13
0.11
0.12
0.10
0.10
0.11
0.10
0.12
0.12
0.11
0.12
0.14
0.12
0.12
0.13
0.11
0.11
0.17
0.14
0.11
0.11
0.12
0.11
