CorWatt	PkgWatt
15.44	127.78
0.57	127.80
0.48
0.51
0.45
0.52
0.58
0.54
0.51
0.45
0.45
0.39
0.43
0.55
0.56
0.64
0.57
0.46
0.52
0.45
0.52
0.39
0.40
0.43
0.40
0.36
0.43
0.39
0.37
0.57
0.52
0.53
0.52
CorWatt	PkgWatt
14.88	126.89
0.52	127.05
0.44
0.51
0.44
0.54
0.57
0.55
0.52
0.46
0.47
0.38
0.42
0.52
0.54
0.52
0.55
0.45
0.49
0.44
0.46
0.39
0.38
0.41
0.39
0.37
0.37
0.37
0.35
0.54
0.50
0.51
0.50
CorWatt	PkgWatt
62.66	177.05
1.28	176.91
1.91
1.99
1.93
1.98
2.00
2.03
1.98
1.95
1.98
1.94
2.09
2.08
2.12
2.12
2.16
1.95
3.14
1.84
1.86
1.86
1.80
1.71
1.70
1.89
1.97
1.75
1.78
2.05
2.01
1.92
1.89
CorWatt	PkgWatt
46.96	161.90
1.56	161.86
1.50
1.52
1.47
1.54
1.54
1.52
1.50
1.46
1.48
1.46
1.41
1.58
1.57
1.56
1.58
1.54
1.52
1.40
1.43
1.43
1.44
1.28
1.25
1.42
1.40
1.27
1.27
1.62
1.57
1.44
1.45
