CorWatt	PkgWatt
15.14	127.09
0.53	127.08
0.49
0.49
0.47
0.52
0.53
0.52
0.49
0.41
0.45
0.41
0.49
0.56
0.53
0.55
0.55
0.50
0.47
0.46
0.54
0.41
0.39
0.42
0.40
0.38
0.36
0.37
0.36
0.52
0.53
0.53
0.51
CorWatt	PkgWatt
14.65	126.83
0.49	126.85
0.48
0.46
0.44
0.49
0.48
0.48
0.47
0.43
0.46
0.39
0.39
0.55
0.50
0.50
0.56
0.48
0.45
0.46
0.53
0.40
0.38
0.40
0.39
0.40
0.38
0.37
0.37
0.52
0.50
0.52
0.51
CorWatt	PkgWatt
23.51	134.64
2.34	134.66
0.71
0.73
0.88
0.66
0.70
0.68
0.72
0.60
0.62
0.51
0.54
0.67
0.71
0.72
0.72
0.67
0.67
0.66
1.07
0.54
0.65
0.57
0.55
0.66
0.65
0.65
0.58
0.74
0.78
0.75
0.80
CorWatt	PkgWatt
17.16	128.81
0.66	128.78
0.62
0.54
0.55
0.77
0.88
0.99
0.95
0.41
0.50
0.39
0.42
0.58
0.55
0.50
0.53
0.49
0.49
0.45
0.53
0.42
0.38
0.44
0.46
0.38
0.44
0.37
0.39
0.52
0.53
0.53
0.52
CorWatt	PkgWatt
17.38	128.78
0.64	128.77
0.53
0.52
0.47
0.74
0.92
1.11
0.74
0.54
0.52
0.51
0.45
0.56
0.56
0.56
0.56
0.46
0.52
0.48
0.53
0.45
0.40
0.43
0.43
0.40
0.38
0.37
0.36
0.55
0.56
0.55
0.56
CorWatt	PkgWatt
17.70	129.20
0.64	129.22
0.55
0.55
0.48
0.72
1.05
1.04
0.76
0.45
0.52
0.43
0.43
0.61
0.68
0.63
0.63
0.46
0.46
0.53
0.51
0.46
0.42
0.46
0.42
0.39
0.39
0.38
0.38
0.59
0.56
0.56
0.56
CorWatt	PkgWatt
16.90	128.47
0.62	128.45
0.48
0.48
0.48
0.73
0.75
0.96
1.10
0.49
0.49
0.41
0.42
0.55
0.56
0.56
0.57
0.49
0.51
0.48
0.52
0.44
0.38
0.45
0.40
0.41
0.38
0.35
0.37
0.50
0.53
0.50
0.51
CorWatt	PkgWatt
16.91	128.49
0.61	128.48
0.50
0.47
0.43
0.72
0.75
1.07
0.97
0.42
0.49
0.43
0.45
0.55
0.61
0.54
0.54
0.52
0.46
0.45
0.52
0.47
0.42
0.44
0.40
0.39
0.40
0.36
0.35
0.56
0.54
0.53
0.54
CorWatt	PkgWatt
18.05	130.34
0.59	130.34
0.46
0.48
0.45
0.50
3.17
0.55
0.52
0.40
0.48
0.40
0.42
0.52
0.51
0.51
0.54
0.51
0.52
0.51
0.53
0.44
0.48
0.47
0.44
0.37
0.36
0.39
0.35
0.54
0.55
0.54
0.54
CorWatt	PkgWatt
18.17	130.53
0.63	130.54
0.49
0.50
0.54
0.49
3.26
0.51
0.51
0.50
0.47
0.42
0.43
0.55
0.55
0.52
0.57
0.45
0.47
0.49
0.50
0.46
0.41
0.43
0.43
0.39
0.38
0.36
0.35
0.54
0.54
0.50
0.55
CorWatt	PkgWatt
18.06	130.28
0.60	130.28
0.48
0.48
0.50
0.49
3.25
0.49
0.52
0.48
0.47
0.41
0.42
0.56
0.55
0.53
0.57
0.48
0.49
0.51
0.50
0.46
0.38
0.44
0.43
0.39
0.39
0.35
0.35
0.50
0.54
0.53
0.51
CorWatt	PkgWatt
18.08	130.51
0.58	130.51
0.52
0.51
0.47
0.49
3.26
0.50
0.51
0.48
0.47
0.41
0.38
0.51
0.57
0.55
0.56
0.51
0.49
0.51
0.51
0.42
0.38
0.45
0.41
0.40
0.39
0.40
0.38
0.53
0.53
0.50
0.49
CorWatt	PkgWatt
20.51	132.05
0.65	132.06
0.68
0.57
0.56
0.59
3.01
0.61
0.61
0.53
0.49
0.51
0.51
0.65
0.75
0.72
0.72
0.52
0.48
0.52
0.54
0.43
0.39
0.50
0.47
0.51
0.47
0.46
0.46
0.58
0.69
0.74
0.61
