CorWatt	PkgWatt
5.98	156.33
0.11	78.12
0.11
0.10
0.10
0.11
0.10
0.11
0.10
0.10
0.10
0.09
0.10
0.09
0.09
0.09
0.09
0.10
0.10
0.10
0.10
0.12
0.10
0.10
0.10
0.10
0.10
0.10
0.10
0.09
0.09
0.10
0.09
0.09	77.65
0.09
0.09
0.09
0.10
0.09
0.09
0.09
0.08
0.08
0.08
0.08
0.08
0.08
0.08
0.08
0.09
0.09
0.09
0.09
0.09
0.10
0.09
0.09
0.09
0.09
0.09
0.09
0.08
0.08
0.08
0.08
CorWatt	PkgWatt
5.74	155.07
0.10	77.53
0.10
0.10
0.10
0.10
0.09
0.09
0.09
0.09
0.09
0.08
0.09
0.08
0.08
0.08
0.08
0.09
0.09
0.09
0.10
0.10
0.10
0.10
0.09
0.09
0.09
0.09
0.09
0.09
0.09
0.09
0.09
0.09	77.52
0.09
0.09
0.13
0.10
0.09
0.09
0.09
0.10
0.08
0.08
0.12
0.07
0.07
0.07
0.09
0.09
0.09
0.09
0.09
0.09
0.09
0.10
0.09
0.08
0.08
0.09
0.09
0.08
0.09
0.08
0.08
CorWatt	PkgWatt
16.33	187.41
0.27	89.95
0.23
0.26
0.23
0.21
0.20
0.27
0.21
0.13
0.12
0.14
0.14
0.12
0.11
0.12
0.12
0.17
0.14
0.13
0.15
0.21
0.15
0.14
0.15
0.14
0.13
0.14
0.14
0.13
0.12
0.13
0.15
0.29	97.79
0.29
0.25
0.36
0.38
0.40
0.31
0.25
0.27
0.24
0.26
0.27
0.30
0.23
0.20
0.24
0.27
0.24
0.26
0.33
0.31
0.36
0.34
2.41
0.23
0.27
0.28
0.24
0.31
0.25
0.26
0.27
