CorWatt	PkgWatt
14.87	127.15
0.51	127.16
0.47
0.48
0.44
0.50
0.49
0.49
0.49
0.40
0.45
0.38
0.41
0.53
0.55
0.51
0.55
0.48
0.47
0.50
0.53
0.43
0.42
0.41
0.40
0.37
0.38
0.39
0.36
0.52
0.54
0.53
0.51
CorWatt	PkgWatt
14.54	126.16
0.50	126.71
0.47
0.45
0.42
0.49
0.48
0.48
0.48
0.40
0.44
0.36
0.41
0.54
0.53
0.49
0.52
0.49
0.47
0.50
0.47
0.43
0.38
0.41
0.39
0.36
0.43
0.37
0.38
0.51
0.52
0.50
0.49
CorWatt	PkgWatt
31.58	144.31
1.34	140.05
1.03
0.92
0.82
0.82
0.61
0.60
0.96
1.00
0.89
0.76
0.85
1.01
1.02
1.00
1.05
0.98
0.81
0.88
1.07
0.91
0.63
0.78
0.80
1.39
1.01
0.81
1.10
1.29
1.69
1.01
1.43
