CorWatt	PkgWatt
5.00	152.78
0.09	76.16
0.10
0.08
0.09
0.08
0.08
0.08
0.08
0.07
0.07
0.07
0.07
0.07
0.07
0.07
0.07
0.08
0.08
0.08
0.08
0.18
0.08
0.08
0.08
0.08
0.08
0.08
0.09
0.07
0.07
0.07
0.07
0.08	76.69
0.08
0.08
0.08
0.08
0.08
0.08
0.08
0.08
0.07
0.07
0.07
0.07
0.06
0.06
0.06
0.08
0.08
0.07
0.08
0.08
0.08
0.08
0.08
0.08
0.09
0.09
0.08
0.07
0.07
0.07
0.07
CorWatt	PkgWatt
5.52	153.11
0.10	76.49
0.14
0.10
0.15
0.10
0.08
0.09
0.08
0.09
0.08
0.07
0.07
0.07
0.07
0.07
0.08
0.09
0.09
0.09
0.08
0.10
0.09
0.10
0.09
0.09
0.11
0.11
0.14
0.07
0.08
0.11
0.07
0.09	76.51
0.09
0.08
0.09
0.08
0.08
0.08
0.08
0.08
0.07
0.07
0.07
0.07
0.07
0.07
0.07
0.08
0.08
0.08
0.08
0.08
0.08
0.08
0.08
0.09
0.10
0.09
0.08
0.08
0.08
0.07
0.08
