CorWatt	PkgWatt
5.00	152.21
0.09	75.78
0.08
0.08
0.08
0.08
0.08
0.08
0.08
0.07
0.07
0.07
0.07
0.07
0.07
0.07
0.07
0.08
0.08
0.08
0.08
0.09
0.08
0.08
0.08
0.08
0.08
0.08
0.08
0.07
0.08
0.08
0.07
0.08	76.45
0.08
0.08
0.08
0.08
0.08
0.08
0.08
0.07
0.07
0.07
0.08
0.16
0.07
0.07
0.07
0.08
0.08
0.07
0.08
0.08
0.08
0.08
0.08
0.09
0.08
0.09
0.09
0.07
0.07
0.07
0.07
CorWatt	PkgWatt
5.33	152.58
0.11	76.40
0.09
0.09
0.09
0.09
0.09
0.09
0.12
0.08
0.15
0.07
0.08
0.07
0.12
0.07
0.07
0.09
0.09
0.09
0.09
0.10
0.10
0.09
0.09
0.09
0.10
0.09
0.09
0.09
0.08
0.09
0.08
0.08	76.27
0.08
0.08
0.08
0.08
0.08
0.08
0.07
0.07
0.07
0.07
0.08
0.07
0.07
0.07
0.07
0.07
0.07
0.07
0.07
0.08
0.08
0.08
0.08
0.10
0.08
0.08
0.09
0.07
0.07
0.07
0.07
CorWatt	PkgWatt
15.03	183.86
0.26	89.59
0.16
0.14
0.13
0.22
0.16
0.13
0.17
0.17
0.16
0.18
0.21
0.13
0.18
0.14
0.12
0.28
0.33
0.28
0.29
0.15
0.14
0.16
0.16
0.22
0.15
0.18
0.16
0.28
0.14
0.13
0.12
0.20	94.25
0.23
0.21
0.19
0.23
0.20
0.18
0.21
0.24
0.24
0.18
0.29
0.33
0.20
0.17
0.16
0.18
0.17
0.16
0.24
0.28
0.20
0.22
0.25
0.32
0.34
0.24
0.21
0.29
0.23
2.18
0.26
