CorWatt	PkgWatt
15.59	128.47
0.55	128.18
0.47
0.50
0.47
0.62
0.59
0.54
0.60
0.46
0.49
0.41
0.46
0.54
0.53
0.52
0.56
0.47
0.49
0.50
0.49
0.44
0.40
0.44
0.42
0.39
0.37
0.38
0.40
0.53
0.51
0.52
0.52
CorWatt	PkgWatt
15.12	127.76
0.54	127.82
0.47
0.46
0.52
0.53
0.60
0.59
0.54
0.45
0.47
0.39
0.45
0.54
0.52
0.50
0.53
0.44
0.46
0.46
0.47
0.42
0.39
0.42
0.39
0.39
0.37
0.39
0.37
0.52
0.52
0.52
0.50
CorWatt	PkgWatt
68.90	183.32
2.01	183.30
3.00
2.17
2.15
2.26
2.30
2.22
2.25
2.17
2.18
2.11
2.12
2.25
2.28
2.30
2.28
2.18
2.13
1.98
2.03
2.08
2.08
1.92
1.86
2.06
2.04
1.93
1.93
2.24
2.25
2.07
2.05
