CorWatt	PkgWatt
4.64	153.02
0.09	76.80
0.08
0.08
0.08
0.08
0.08
0.08
0.08
0.08
0.08
0.07
0.07
0.07
0.07
0.07
0.07
0.08
0.08
0.08
0.08
0.09
0.08
0.08
0.08
0.08
0.08
0.08
0.08
0.07
0.08
0.07
0.08
0.07	76.34
0.07
0.07
0.07
0.07
0.07
0.07
0.07
0.06
0.06
0.06
0.06
0.06
0.06
0.06
0.06
0.07
0.07
0.06
0.15
0.07
0.07
0.07
0.07
0.06
0.07
0.06
0.06
0.06
0.06
0.06
0.06
CorWatt	PkgWatt
5.06	152.20
0.10	76.41
0.09
0.09
0.09
0.08
0.09
0.08
0.08
0.09
0.12
0.09
0.10
0.07
0.07
0.07
0.11
0.08
0.09
0.08
0.09
0.09
0.09
0.08
0.09
0.08
0.08
0.08
0.09
0.08
0.12
0.12
0.09
0.07	75.71
0.07
0.07
0.07
0.07
0.09
0.07
0.07
0.06
0.06
0.07
0.06
0.06
0.06
0.06
0.06
0.07
0.07
0.06
0.07
0.07
0.07
0.07
0.07
0.06
0.06
0.06
0.06
0.06
0.06
0.06
0.06
CorWatt	PkgWatt
102.74	262.33
0.48	145.73
1.61
1.68
1.66
1.79
1.82
1.72
1.70
1.66
1.65
1.63
1.67
1.65
1.65
1.53
1.54
1.69
1.69
1.69
1.69
1.70
1.71
1.60
1.61
1.73
1.71
1.72
1.70
1.68
1.72
1.59
1.59
1.86	161.35
1.82
1.81
1.81
1.87
1.94
1.72
1.74
1.96
3.79
1.91
1.95
1.92
1.89
1.76
1.77
1.88
1.87
1.87
1.92
1.95
1.91
1.79
1.85
1.93
1.89
1.92
1.93
1.96
1.94
1.78
1.74
