CorWatt	PkgWatt
6.95	159.91
0.13	79.92
0.12
0.12
0.11
0.11
0.11
0.11
0.11
0.11
0.11
0.10
0.11
0.10
0.10
0.10
0.10
0.11
0.11
0.11
0.11
0.12
0.11
0.11
0.11
0.11
0.11
0.11
0.11
0.10
0.10
0.10
0.10
0.12	80.14
0.20
0.11
0.11
0.12
0.12
0.11
0.11
0.10
0.10
0.10
0.10
0.09
0.10
0.10
0.09
0.11
0.11
0.11
0.11
0.11
0.11
0.11
0.11
0.10
0.10
0.10
0.10
0.11
0.10
0.10
0.10
CorWatt	PkgWatt
7.33	158.93
0.13	79.38
0.13
0.12
0.12
0.12
0.12
0.12
0.12
0.11
0.11
0.10
0.11
0.10
0.11
0.10
0.10
0.12
0.12
0.12
0.12
0.13
0.12
0.12
0.12
0.11
0.11
0.11
0.11
0.11
0.11
0.11
0.11
0.12	79.56
0.11
0.12
0.11
0.14
0.15
0.13
0.13
0.10
0.10
0.10
0.11
0.10
0.10
0.10
0.10
0.11
0.11
0.12
0.11
0.11
0.11
0.13
0.12
0.11
0.11
0.15
0.11
0.13
0.10
0.11
0.10
