CorWatt	PkgWatt
15.25	127.80
0.54	127.81
0.53
0.46
0.44
0.49
0.50
0.50
0.50
0.50
0.46
0.44
0.40
0.54
0.54
0.58
0.55
0.51
0.49
0.47
0.49
0.42
0.42
0.41
0.41
0.40
0.37
0.40
0.38
0.55
0.54
0.53
0.51
CorWatt	PkgWatt
14.52	126.81
0.51	126.93
0.48
0.47
0.43
0.49
0.49
0.48
0.48
0.38
0.43
0.38
0.39
0.50
0.50
0.56
0.53
0.51
0.47
0.47
0.48
0.38
0.46
0.38
0.38
0.37
0.35
0.38
0.35
0.52
0.51
0.50
0.49
CorWatt	PkgWatt
64.52	178.39
1.88	178.34
1.98
2.26
2.00
2.83
2.10
2.05
2.02
1.96
2.02
2.00
1.97
2.11
2.12
2.22
2.16
2.00
2.08
1.85
1.92
1.90
1.92
1.77
1.78
1.95
2.02
1.78
1.82
2.12
2.07
1.93
1.92
CorWatt	PkgWatt
42.98	157.30
1.48	157.25
1.39
1.41
1.41
1.42
1.44
1.42
1.38
1.31
1.36
1.30
1.29
1.48
1.43
1.47
1.46
1.37
1.36
1.23
1.28
1.28
1.28
1.19
1.15
1.29
1.25
1.17
1.22
1.43
1.41
1.33
1.28
