CorWatt	PkgWatt
325.88	583.67
4.57	239.74
4.41
4.45
4.48
4.43
4.31
4.49
4.38
4.40
4.45
4.40
4.40
4.48
4.36
4.41
4.41
4.48
4.26
4.54
4.47
4.49
4.51
4.52
4.49
4.48
4.37
4.47
4.47
4.52
4.65
4.39
4.66
4.51	239.24
4.58
4.54
4.48
4.40
4.52
4.28
4.43
4.41
4.48
4.50
4.42
4.65
4.50
4.56
4.08
4.23
4.17
4.22
4.33
4.32
4.50
4.61
4.21
4.39
4.19
4.42
4.51
4.55
4.28
4.57
4.47
CorWatt	PkgWatt
283.56	479.00
4.68	239.96
4.74
4.57
4.59
4.38
4.66
4.48
4.46
4.48
4.38
4.40
4.32
4.33
4.25
4.43
4.28
4.33
4.10
4.48
4.34
4.62
4.41
4.66
4.40
4.53
4.58
4.61
4.40
4.44
4.54
4.30
4.43
4.61	238.73
4.54
4.58
4.50
4.53
4.52
4.35
4.45
4.43
4.50
4.43
4.36
4.44
4.57
4.58
4.41
4.17
4.27
4.27
4.19
4.17
4.48
4.43
4.35
4.21
4.29
4.37
4.34
4.41
4.24
4.40
4.41
CorWatt	PkgWatt
181.35	400.19
4.00	200.11
2.78
2.74
2.70
2.74
4.09
2.66
2.76
2.67
2.70
2.63
2.73
2.71
2.59
2.49
3.98
2.75
2.70
2.78
2.75
2.78
2.77
2.82
2.81
2.65
2.71
2.83
2.93
2.69
2.70
2.69
2.63
2.76	200.11
2.74
2.73
3.96
2.73
2.71
2.74
2.81
2.63
2.70
2.68
2.72
2.68
2.68
2.68
2.67
2.69
3.92
2.63
2.61
2.72
2.76
2.75
2.66
2.65
2.75
2.83
2.67
3.95
2.70
2.72
2.77
CorWatt	PkgWatt
165.87	380.70
3.97	191.22
2.50
2.52
2.49
2.50
3.85
2.50
2.48
2.42
2.43
2.41
2.44
2.41
2.41
2.40
3.93
2.50
2.50
2.52
2.53
2.53
2.52
2.54
2.48
2.46
2.49
2.52
2.50
2.94
2.46
2.44
2.42
2.46	189.66
3.27
2.47
2.48
2.47
2.47
2.47
2.46
2.45
2.46
2.42
2.42
2.44
2.44
2.44
2.44
2.41
3.88
2.39
2.43
2.48
2.48
2.52
2.52
2.40
2.40
2.39
2.45
3.80
2.43
2.45
2.42
CorWatt	PkgWatt
165.54	380.02
3.98	190.29
2.47
2.50
2.46
2.46
3.77
2.50
2.46
2.43
2.42
2.36
2.44
2.43
2.43
2.42
3.93
2.49
2.49
2.54
2.51
2.54
2.57
2.52
2.49
2.46
2.51
2.50
2.48
2.44
2.47
2.47
2.45
2.42	189.76
3.71
2.50
2.43
2.47
2.50
2.47
2.45
2.49
2.40
2.43
2.40
2.42
2.47
2.45
2.44
2.42
3.86
2.37
2.41
2.50
2.46
2.47
2.48
2.43
2.43
2.43
2.40
3.81
2.43
2.42
2.39
CorWatt	PkgWatt
154.80	368.13
2.78	183.94
2.41
2.45
2.41
2.43
2.43
2.47
2.42
2.33
2.35
2.29
2.36
2.37
2.39
2.37
2.39
2.45
2.47
2.46
2.43
2.46
2.46
2.44
2.44
2.38
2.45
2.44
2.44
2.40
2.42
2.37
2.39
2.36	184.02
2.85
2.38
2.37
2.38
2.40
2.44
2.42
2.39
2.35
2.34
2.36
2.35
2.40
2.38
2.33
2.34
2.61
2.34
2.35
2.45
2.43
2.42
2.43
2.32
2.38
2.33
2.34
2.90
2.37
2.36
2.33
CorWatt	PkgWatt
155.56	370.97
2.48	185.73
2.47
2.50
2.42
2.47
2.45
2.45
2.45
2.40
2.42
2.36
2.38
2.37
2.37
2.40
2.40
2.44
2.48
2.47
2.46
2.50
2.52
2.53
2.49
2.45
2.45
2.43
2.48
2.39
2.47
2.44
2.44
2.41	185.25
2.44
2.44
2.43
2.42
2.48
2.45
2.47
2.37
2.41
2.41
2.38
2.38
2.43
2.42
2.41
2.38
2.38
2.37
2.40
2.44
2.47
2.50
2.44
2.37
2.40
2.37
2.42
2.38
2.43
2.39
2.41
CorWatt	PkgWatt
153.02	365.89
2.38	183.27
2.42
2.44
2.41
2.42
2.39
2.43
2.45
2.35
2.37
2.32
2.35
2.38
2.38
2.38
2.36
2.41
2.42
2.47
2.42
2.49
2.44
2.48
2.42
2.40
2.41
2.44
2.43
2.41
2.41
2.37
2.40
2.38	182.64
2.41
2.41
2.39
2.39
2.41
2.40
2.37
2.31
2.37
2.35
2.34
2.39
2.35
2.37
2.36
2.35
2.34
2.32
2.35
2.41
2.42
2.40
2.40
2.35
2.36
2.38
2.38
2.37
2.41
2.37
2.37
CorWatt	PkgWatt
188.54	399.90
2.89	199.49
2.98
2.97
2.92
2.92
2.98
2.94
3.06
2.84
2.89
2.82
2.85
2.87
2.88
2.89
2.92
3.00
2.96
2.91
2.99
3.04
3.04
3.02
2.93
2.94
2.93
2.98
2.93
2.90
2.98
2.92
2.93
3.03	200.47
3.03
2.98
2.92
2.89
2.95
2.93
2.98
2.87
2.91
3.06
2.88
2.93
2.90
3.03
2.90
2.93
2.99
2.96
2.88
3.03
3.01
3.03
3.00
2.87
2.96
2.85
2.99
2.94
2.99
2.94
3.00
CorWatt	PkgWatt
285.41	479.01
4.37	239.12
4.52
4.48
4.45
4.48
4.47
4.47
4.52
4.36
4.34
4.27
4.28
4.53
4.50
4.53
4.48
4.45
4.45
4.34
4.56
4.43
4.57
4.50
4.17
4.54
4.51
4.46
4.54
4.49
4.55
4.40
4.47
4.44	240.12
4.64
4.47
4.52
4.28
4.51
4.33
4.42
4.33
4.54
4.54
4.30
4.55
4.49
4.59
4.55
4.54
4.57
4.43
4.42
4.54
4.47
4.58
4.41
4.27
4.53
4.19
4.56
4.29
4.58
4.63
4.52
CorWatt	PkgWatt
288.73	482.44
4.56	241.14
4.69
4.68
4.61
4.54
4.43
4.69
4.47
4.50
4.49
4.35
4.27
4.30
4.45
4.49
4.31
4.53
4.57
4.45
4.52
4.56
4.70
4.71
4.27
4.51
4.47
4.48
4.65
4.58
4.67
4.44
4.67
4.49	241.16
4.65
4.66
4.52
4.36
4.43
4.65
4.52
4.43
4.47
4.62
4.26
4.68
4.49
4.60
4.63
4.54
4.53
4.61
4.49
4.58
4.47
4.69
4.36
4.53
4.51
4.25
4.48
4.35
4.54
4.34
4.28
CorWatt	PkgWatt
288.17	482.25
4.65	240.71
4.65
4.60
4.58
4.57
4.56
4.61
4.29
4.38
4.52
4.34
4.34
4.38
4.56
4.44
4.36
4.53
4.50
4.43
4.52
4.66
4.46
4.56
4.27
4.64
4.62
4.57
4.56
4.45
4.56
4.25
4.47
4.51	242.16
4.70
4.56
4.57
4.30
4.59
4.59
4.48
4.26
4.45
4.55
4.27
4.59
4.53
4.39
4.46
4.58
4.59
4.55
4.57
4.38
4.38
4.60
4.27
4.45
4.65
4.58
4.68
4.47
4.75
4.56
4.66
CorWatt	PkgWatt
280.00	475.54
4.32	237.51
4.39
4.23
4.40
4.48
4.41
4.45
4.41
4.24
4.39
4.29
4.32
4.49
4.40
4.44
4.29
4.32
4.41
4.35
4.25
4.49
4.31
4.66
4.19
4.39
4.46
4.39
4.43
4.32
4.48
4.24
4.44
4.22	237.30
4.52
4.35
4.26
4.25
4.43
4.25
4.34
4.19
4.50
4.51
4.26
4.54
4.46
4.33
4.45
4.33
4.38
4.32
4.37
4.37
4.26
4.41
4.14
4.26
4.45
4.38
4.47
4.24
4.59
4.57
4.24
CorWatt	PkgWatt
283.74	477.26
4.61	238.19
4.53
4.35
4.50
4.64
4.58
4.49
4.59
4.12
4.15
4.07
4.25
4.41
4.48
4.43
4.33
4.34
4.53
4.38
4.37
4.51
4.22
4.57
4.13
4.47
4.64
4.40
4.62
4.61
4.54
4.32
4.44
4.52	239.67
4.61
4.46
4.45
4.22
4.56
4.54
4.40
4.26
4.53
4.51
4.43
4.46
4.48
4.38
4.57
4.34
4.42
4.39
4.56
4.47
4.43
4.55
4.31
4.30
4.43
4.31
4.47
4.28
4.68
4.58
4.38
CorWatt	PkgWatt
284.20	479.43
4.64	239.80
4.62
4.44
4.49
4.57
4.42
4.47
4.50
4.26
4.27
4.33
4.33
4.51
4.62
4.48
4.34
4.42
4.40
4.37
4.59
4.57
4.49
4.52
4.52
4.31
4.52
4.50
4.47
4.44
4.37
4.31
4.49
4.39	239.27
4.59
4.40
4.37
4.27
4.40
4.38
4.44
4.20
4.53
4.43
4.38
4.53
4.43
4.30
4.34
4.47
4.54
4.47
4.52
4.38
4.34
4.57
4.25
4.24
4.46
4.39
4.47
4.30
4.60
4.55
4.56
CorWatt	PkgWatt
289.94	483.75
4.59	241.56
4.68
4.36
4.53
4.57
4.47
4.36
4.54
4.53
4.34
4.34
4.54
4.57
4.49
4.47
4.26
4.66
4.51
4.66
4.81
4.72
4.51
4.54
4.56
4.44
4.60
4.61
4.68
4.53
4.61
4.50
4.46
4.49	242.24
4.74
4.64
4.70
4.52
4.39
4.58
4.57
4.47
4.51
4.63
4.51
4.67
4.48
4.41
4.44
4.59
4.54
4.52
4.50
4.49
4.64
4.64
4.32
4.48
4.52
4.24
4.49
4.38
4.62
4.67
4.55
CorWatt	PkgWatt
291.52	486.17
4.65	243.06
4.58
4.46
4.76
4.55
4.63
4.48
4.60
4.65
4.36
4.38
4.68
4.55
4.51
4.49
4.22
4.54
4.47
4.77
4.64
4.83
4.55
4.57
4.76
4.55
4.75
4.56
4.70
4.41
4.50
4.37
4.51
4.65	243.03
4.85
4.88
4.76
4.61
4.38
4.70
4.51
4.57
4.34
4.69
4.61
4.51
4.35
4.34
4.48
4.63
4.60
4.49
4.71
4.54
4.65
4.59
4.25
4.59
4.51
4.34
4.58
4.29
4.49
4.68
4.37
