CorWatt	PkgWatt
15.57	127.39
0.53	127.38
0.45
0.53
0.50
0.52
0.51
0.52
0.49
0.41
0.45
0.42
0.39
0.52
0.53
0.54
0.58
0.50
0.52
0.49
0.50
0.43
0.45
0.42
0.45
0.39
0.41
0.40
0.44
0.67
0.53
0.53
0.54
CorWatt	PkgWatt
14.80	126.31
0.51	126.98
0.45
0.53
0.49
0.49
0.49
0.49
0.48
0.39
0.46
0.37
0.38
0.52
0.51
0.51
0.53
0.46
0.50
0.48
0.48
0.43
0.40
0.41
0.45
0.44
0.38
0.40
0.39
0.52
0.50
0.52
0.50
CorWatt	PkgWatt
17.66	130.17
0.65	129.52
0.62
0.65
0.60
0.66
0.64
0.62
0.63
0.50
0.50
0.46
0.47
0.57
0.55
0.57
0.60
0.51
0.53
0.51
0.52
0.46
0.49
0.45
0.52
0.47
0.54
0.49
0.46
0.60
0.57
0.61
0.61
CorWatt	PkgWatt
16.13	128.08
0.52	127.89
0.47
0.59
0.48
0.75
0.53
0.55
0.60
0.42
0.52
0.41
0.41
0.54
0.55
0.53
0.56
0.54
0.50
0.50
0.50
0.45
0.42
0.43
0.43
0.40
0.40
0.41
0.43
0.56
0.55
0.59
0.59
