CorWatt	PkgWatt
15.44	128.48
0.55	128.48
0.51
0.48
0.47
0.54
0.52
0.54
0.53
0.46
0.46
0.48
0.51
0.55
0.55
0.52
0.55
0.45
0.48
0.49
0.48
0.41
0.40
0.40
0.42
0.41
0.42
0.40
0.36
0.54
0.52
0.53
0.52
CorWatt	PkgWatt
14.95	127.12
0.55	127.72
0.47
0.48
0.45
0.52
0.52
0.50
0.52
0.45
0.46
0.45
0.39
0.53
0.53
0.52
0.53
0.45
0.47
0.47
0.50
0.40
0.40
0.39
0.43
0.41
0.37
0.40
0.35
0.52
0.50
0.50
0.50
CorWatt	PkgWatt
68.53	161.77
0.91	185.81
2.23
2.29
2.27
2.35
2.36
2.35
2.32
2.28
2.29
2.47
2.26
2.44
2.42
2.43
4.01
2.32
2.33
2.14
2.17
2.30
2.31
2.10
2.05
2.28
2.25
2.05
2.05
2.48
2.50
2.28
2.28
