CorWatt	PkgWatt
15.24	127.36
0.51	127.37
0.44
0.48
0.46
0.50
0.50
0.51
0.50
0.43
0.45
0.40
0.42
0.52
0.55
0.52
0.57
0.54
0.53
0.53
0.50
0.43
0.40
0.46
0.43
0.37
0.37
0.39
0.39
0.58
0.53
0.54
0.54
CorWatt	PkgWatt
15.71	127.21
0.56	127.83
0.46
0.46
0.44
0.57
0.55
0.57
0.55
0.44
0.51
0.44
0.47
0.51
0.55
0.50
0.55
0.52
0.55
0.55
0.50
0.46
0.40
0.46
0.41
0.41
0.36
0.40
0.41
0.58
0.51
0.55
0.54
CorWatt	PkgWatt
17.32	129.78
0.58	129.19
0.57
0.51
0.52
0.51
0.55
0.52
0.62
0.56
0.58
0.50
0.60
0.57
0.66
0.58
0.61
0.48
0.50
0.62
0.52
0.49
0.54
0.55
0.50
0.38
0.37
0.40
0.52
0.62
0.52
0.65
0.60
CorWatt	PkgWatt
17.23	129.48
0.53	129.06
0.53
0.53
0.58
0.57
0.57
0.57
0.57
0.52
0.52
0.46
0.50
0.59
0.62
0.57
0.60
0.52
0.54
0.53
0.54
0.52
0.47
0.49
0.50
0.44
0.44
0.44
0.46
0.64
0.59
0.61
0.64
