CorWatt	PkgWatt
20.53	172.79
0.19	95.74
0.18
0.18
0.18
0.17
0.17
0.18
0.17
0.20
0.21
0.20
5.17
0.20
5.73
0.20
0.20
0.17
0.17
0.17
0.17
0.18
0.17
0.17
0.17
0.16
0.16
0.16
0.16
0.20
0.20
0.21
2.07
0.08	76.89
0.07
0.07
0.08
0.07
0.07
0.07
0.07
0.07
0.06
0.06
0.07
0.07
0.06
0.06
0.06
0.07
0.07
0.07
0.07
0.08
0.08
0.08
0.08
0.07
0.07
0.07
0.08
0.06
0.07
0.07
0.07
CorWatt	PkgWatt
20.88	171.44
0.19	95.00
0.18
0.18
0.18
0.17
0.17
0.17
0.17
0.20
0.21
0.20
5.16
0.19
5.74
0.20
0.20
0.18
0.17
0.17
0.20
0.19
0.17
0.17
0.17
0.16
0.16
0.16
0.16
0.20
0.20
0.21
2.07
0.11	76.90
0.08
0.09
0.11
0.15
0.08
0.08
0.08
0.08
0.08
0.07
0.07
0.07
0.08
0.09
0.08
0.08
0.09
0.07
0.08
0.09
0.11
0.11
0.09
0.09
0.07
0.07
0.07
0.07
0.08
0.06
0.07
CorWatt	PkgWatt
32.72	191.55
0.36	101.64
0.24
0.32
0.20
0.59
0.34
0.34
0.30
0.22
4.94
0.36
0.38
0.20
5.79
0.20
0.41
0.39
0.19
0.19
0.41
0.21
0.36
0.20
0.34
0.17
0.36
0.35
0.17
0.21
0.21
0.36
2.33
0.21	90.41
0.21
4.63
0.37
0.22
0.20
0.25
0.20
0.23
0.20
0.20
0.19
0.19
0.18
0.18
0.18
0.20
0.18
0.23
0.20
0.18
0.23
0.22
0.19
0.19
0.18
0.18
0.17
0.17
0.31
0.26
0.21
CorWatt	PkgWatt
30.15	182.92
0.19	95.86
0.18
0.18
0.17
0.17
0.17
0.18
0.17
0.21
5.18
0.20
0.22
0.19
5.76
0.20
0.20
0.17
0.17
0.17
0.17
0.18
0.17
0.17
0.17
0.16
0.16
0.16
0.16
0.20
0.21
0.21
3.43
0.20	86.85
0.20
5.73
0.20
0.16
0.16
0.16
0.15
0.15
0.15
0.15
0.14
0.14
0.14
0.14
0.14
0.15
0.15
0.15
0.15
0.16
0.16
0.16
0.16
0.15
0.15
0.15
0.14
0.14
0.15
0.15
0.14
