CorWatt	PkgWatt
147.89	364.05
2.11	184.53
2.13
2.11
2.07
4.74
2.10
2.68
2.12
1.97
2.06
2.06
2.06
2.02
2.14
2.02
3.80
2.07
2.08
3.09
2.08
2.12
2.11
3.73
2.08
2.73
2.05
2.05
2.09
2.65
2.07
2.62
2.05
2.14	182.92
4.87
2.08
2.73
2.64
2.08
2.05
2.03
1.98
3.05
1.98
2.04
2.10
2.06
2.05
2.02
2.04
2.78
2.04
2.05
2.09
2.08
2.10
2.07
2.03
2.90
2.10
2.04
2.90
2.03
2.00
2.04
CorWatt	PkgWatt
154.61	373.74
2.33	186.74
2.31
2.34
2.31
2.35
2.36
2.65
2.40
2.23
2.23
2.29
2.24
2.26
2.22
2.25
2.32
2.35
2.33
3.72
2.38
2.41
2.43
2.45
2.43
4.23
2.32
2.36
2.31
2.27
2.33
3.63
2.31
2.22	182.68
2.23
2.21
4.01
3.40
2.27
2.26
2.17
2.20
2.54
2.19
2.25
2.22
2.25
2.22
2.13
2.21
2.17
2.19
2.19
2.24
2.23
2.19
2.19
2.21
2.23
2.24
2.25
2.17
2.20
2.25
2.21
CorWatt	PkgWatt
176.70	382.20
2.79	195.16
2.73
2.48
2.40
2.51
2.67
2.66
2.50
2.45
2.48
2.63
2.46
2.71
2.52
2.62
2.74
2.66
2.96
2.72
2.72
2.53
2.67
2.86
3.32
3.37
3.36
3.18
2.80
2.79
2.56
4.09
2.61
2.75	200.48
2.67
2.58
3.36
4.39
2.85
2.87
3.03
2.34
4.33
2.79
2.85
2.61
2.48
2.59
3.03
2.63
2.76
2.76
2.64
2.93
2.78
2.58
2.63
2.86
2.70
2.69
2.63
2.59
2.47
2.56
2.55
CorWatt	PkgWatt
239.65	437.45
3.71	220.98
3.57
4.01
3.41
3.43
3.58
3.78
3.78
2.23
2.27
2.88
2.15
3.46
3.41
3.83
3.72
3.93
4.81
3.98
4.12
3.26
4.14
3.38
4.58
4.49
4.11
4.09
4.40
4.18
3.81
3.69
3.65
3.73	235.37
3.88
3.92
4.31
4.30
4.30
4.21
4.30
3.73
3.77
3.17
3.83
4.21
4.14
3.77
4.18
4.06
3.95
3.94
4.35
4.10
4.13
3.95
4.30
4.26
3.87
4.46
4.40
3.82
4.29
4.05
4.24
CorWatt	PkgWatt
270.67	524.46
3.76	220.22
4.11
3.76
3.74
3.03
3.09
3.44
4.33
1.93
2.22
2.27
2.04
3.81
3.52
3.50
4.17
3.93
4.75
4.33
4.42
3.89
4.23
3.48
4.15
3.89
4.51
4.18
4.11
3.60
3.54
3.67
3.90
4.50	234.56
4.70
4.51
4.12
4.08
3.84
4.09
3.90
4.66
4.39
3.81
3.83
4.01
3.90
3.91
3.92
4.32
3.76
3.61
3.87
3.87
3.81
4.30
4.17
3.88
3.59
3.87
3.89
4.58
3.73
4.07
4.16
CorWatt	PkgWatt
253.80	450.53
3.69	234.53
5.05
4.55
4.07
3.35
3.93
4.39
3.92
4.64
3.35
3.07
4.12
4.61
5.25
5.17
4.22
3.94
3.67
3.59
4.40
4.33
4.42
4.66
5.66
4.59
4.35
5.26
4.45
4.12
3.87
4.42
4.40
3.78	216.04
3.58
3.54
3.66
3.50
3.59
3.65
3.55
3.38
3.46
3.61
4.06
3.55
3.54
3.69
3.54
3.49
3.45
3.80
3.71
3.83
3.74
3.56
3.69
3.53
3.52
3.82
3.76
3.84
3.68
3.64
3.56
