CorWatt	PkgWatt
15.46	128.10
0.52	128.12
0.49
0.49
0.47
0.65
0.58
0.50
0.55
0.42
0.45
0.42
0.47
0.53
0.57
0.56
0.55
0.49
0.48
0.47
0.50
0.42
0.39
0.41
0.42
0.37
0.38
0.40
0.35
0.54
0.54
0.53
0.56
CorWatt	PkgWatt
15.15	127.18
0.51	127.74
0.48
0.46
0.45
0.51
0.54
0.53
0.51
0.44
0.48
0.42
0.50
0.51
0.56
0.57
0.53
0.50
0.50
0.46
0.47
0.46
0.40
0.41
0.43
0.35
0.37
0.38
0.35
0.53
0.52
0.52
0.52
CorWatt	PkgWatt
21.42	134.98
2.30	134.37
0.61
0.65
0.55
0.60
0.98
0.68
0.59
0.56
0.56
0.59
0.55
0.61
0.60
0.68
0.72
0.65
0.59
0.56
0.58
0.54
0.49
0.47
0.56
0.51
0.51
0.55
0.57
0.73
0.80
0.75
0.71
CorWatt	PkgWatt
16.64	129.16
0.62	129.14
0.45
0.49
0.48
0.76
0.77
0.74
1.22
0.41
0.44
0.42
0.44
0.50
0.52
0.50
0.52
0.47
0.48
0.45
0.47
0.40
0.39
0.38
0.39
0.38
0.40
0.39
0.36
0.60
0.62
0.59
0.59
CorWatt	PkgWatt
16.32	128.69
0.60	128.68
0.45
0.52
0.45
1.26
0.76
0.73
0.74
0.38
0.43
0.39
0.44
0.51
0.51
0.50
0.52
0.47
0.47
0.45
0.47
0.39
0.40
0.39
0.39
0.35
0.36
0.37
0.35
0.61
0.53
0.52
0.60
CorWatt	PkgWatt
17.30	129.37
0.63	129.42
0.44
0.53
0.49
1.29
0.78
0.76
0.72
0.48
0.50
0.46
0.50
0.54
0.56
0.55
0.58
0.53
0.54
0.49
0.53
0.44
0.42
0.39
0.43
0.35
0.37
0.36
0.35
0.55
0.58
0.58
0.59
CorWatt	PkgWatt
16.30	128.75
0.60	128.71
0.44
0.51
0.48
1.30
0.76
0.74
0.72
0.40
0.44
0.40
0.40
0.51
0.52
0.50
0.53
0.49
0.49
0.46
0.48
0.40
0.39
0.38
0.40
0.35
0.36
0.37
0.35
0.52
0.52
0.51
0.56
CorWatt	PkgWatt
16.70	129.03
0.58	129.03
0.47
0.55
0.48
1.53
0.73
0.71
0.70
0.42
0.45
0.40
0.39
0.50
0.52
0.52
0.53
0.47
0.48
0.46
0.48
0.40
0.39
0.40
0.40
0.39
0.41
0.38
0.37
0.55
0.57
0.53
0.55
CorWatt	PkgWatt
17.72	130.71
0.59	130.70
0.47
0.53
0.46
3.29
0.54
0.51
0.52
0.40
0.45
0.41
0.39
0.51
0.52
0.51
0.53
0.48
0.48
0.46
0.48
0.39
0.39
0.39
0.39
0.36
0.37
0.37
0.36
0.54
0.54
0.55
0.57
CorWatt	PkgWatt
17.35	130.30
0.57	130.30
0.44
0.48
0.44
3.29
0.53
0.50
0.49
0.39
0.43
0.41
0.40
0.50
0.52
0.50
0.52
0.48
0.47
0.45
0.47
0.40
0.40
0.38
0.39
0.35
0.36
0.36
0.35
0.52
0.51
0.51
0.54
CorWatt	PkgWatt
17.59	130.45
0.57	130.45
0.44
0.49
0.45
3.29
0.54
0.53
0.51
0.40
0.44
0.40
0.38
0.51
0.52
0.52
0.52
0.48
0.47
0.46
0.47
0.39
0.41
0.41
0.42
0.36
0.36
0.37
0.35
0.52
0.52
0.51
0.55
CorWatt	PkgWatt
17.57	130.52
0.57	130.53
0.44
0.50
0.47
3.29
0.53
0.50
0.50
0.40
0.45
0.41
0.39
0.51
0.52
0.52
0.52
0.48
0.49
0.45
0.47
0.43
0.38
0.38
0.40
0.35
0.38
0.37
0.35
0.53
0.51
0.51
0.56
CorWatt	PkgWatt
17.40	130.39
0.57	130.39
0.44
0.50
0.45
3.29
0.53
0.49
0.49
0.40
0.44
0.42
0.38
0.50
0.51
0.50
0.52
0.47
0.48
0.45
0.47
0.39
0.38
0.38
0.39
0.36
0.37
0.36
0.36
0.52
0.51
0.51
0.55
CorWatt	PkgWatt
17.57	130.46
0.57	130.46
0.44
0.49
0.44
3.29
0.55
0.49
0.50
0.38
0.43
0.41
0.38
0.50
0.52
0.50
0.51
0.47
0.47
0.47
0.46
0.42
0.40
0.38
0.39
0.35
0.40
0.40
0.37
0.54
0.59
0.54
0.54
CorWatt	PkgWatt
17.53	130.42
0.57	130.41
0.45
0.49
0.45
3.29
0.55
0.52
0.50
0.40
0.43
0.41
0.38
0.51
0.52
0.50
0.52
0.48
0.48
0.46
0.47
0.40
0.39
0.39
0.39
0.35
0.37
0.38
0.35
0.52
0.52
0.55
0.57
CorWatt	PkgWatt
17.37	130.46
0.56	130.46
0.45
0.48
0.44
3.29
0.53
0.50
0.49
0.38
0.43
0.39
0.38
0.50
0.52
0.50
0.51
0.48
0.48
0.48
0.48
0.40
0.38
0.38
0.38
0.36
0.38
0.36
0.35
0.53
0.52
0.51
0.54
CorWatt	PkgWatt
17.37	130.32
0.56	130.33
0.44
0.49
0.44
3.29
0.52
0.49
0.49
0.39
0.42
0.39
0.38
0.50
0.53
0.51
0.52
0.48
0.46
0.45
0.47
0.39
0.40
0.40
0.40
0.35
0.38
0.38
0.35
0.51
0.51
0.51
0.56
CorWatt	PkgWatt
17.44	130.41
0.58	130.41
0.46
0.51
0.46
3.29
0.53
0.50
0.49
0.41
0.43
0.39
0.39
0.50
0.52
0.50
0.51
0.47
0.48
0.45
0.47
0.39
0.38
0.38
0.38
0.35
0.38
0.36
0.35
0.52
0.54
0.52
0.55
CorWatt	PkgWatt
17.62	130.47
0.57	130.47
0.44
0.51
0.46
3.29
0.55
0.51
0.51
0.39
0.43
0.41
0.39
0.50
0.52
0.50
0.52
0.48
0.49
0.48
0.49
0.39
0.39
0.38
0.39
0.35
0.37
0.37
0.36
0.53
0.53
0.52
0.59
CorWatt	PkgWatt
17.41	130.45
0.57	130.45
0.45
0.51
0.44
3.21
0.55
0.50
0.49
0.40
0.44
0.40
0.38
0.50
0.52
0.50
0.52
0.48
0.47
0.45
0.49
0.39
0.38
0.38
0.38
0.35
0.41
0.36
0.35
0.52
0.56
0.51
0.56
CorWatt	PkgWatt
18.08	130.04
0.62	130.05
0.53
0.58
0.51
0.57
0.59
0.55
0.56
0.44
0.49
1.00
0.44
0.94
0.74
0.75
0.94
0.52
0.52
0.50
0.50
0.44
0.43
0.43
0.44
0.38
0.42
0.41
0.42
0.58
0.60
0.62
0.61
CorWatt	PkgWatt
17.04	129.12
0.50	129.11
0.44
0.49
0.44
0.50
0.52
0.49
0.50
0.42
0.45
0.51
0.41
1.54
0.88
0.87
0.89
0.50
0.49
0.45
0.48
0.40
0.38
0.38
0.39
0.35
0.41
0.39
0.37
0.52
0.55
0.56
0.54
CorWatt	PkgWatt
17.20	129.34
0.52	129.34
0.47
0.51
0.47
0.49
0.51
0.51
0.49
0.42
0.47
0.51
0.39
1.54
0.87
0.86
0.89
0.49
0.48
0.46
0.47
0.41
0.39
0.41
0.41
0.38
0.38
0.39
0.40
0.53
0.55
0.53
0.58
CorWatt	PkgWatt
16.78	128.91
0.51	128.90
0.44
0.49
0.44
0.49
0.51
0.49
0.48
0.42
0.45
0.50
0.38
1.54
0.88
0.85
0.89
0.48
0.47
0.46
0.47
0.40
0.38
0.38
0.39
0.35
0.39
0.38
0.36
0.52
0.54
0.50
0.56
CorWatt	PkgWatt
16.73	128.82
0.51	128.82
0.45
0.51
0.46
0.51
0.53
0.49
0.50
0.42
0.43
0.50
0.38
1.53
0.86
0.86
0.89
0.47
0.47
0.45
0.47
0.40
0.38
0.38
0.38
0.35
0.37
0.36
0.35
0.52
0.51
0.50
0.55
CorWatt	PkgWatt
16.85	129.10
0.51	129.10
0.45
0.48
0.44
0.49
0.51
0.48
0.48
0.43
0.45
0.51
0.39
1.37
0.88
0.87
1.08
0.47
0.47
0.45
0.47
0.41
0.39
0.39
0.40
0.35
0.40
0.36
0.35
0.52
0.54
0.52
0.54
CorWatt	PkgWatt
18.14	129.96
0.50	129.95
0.44
0.49
0.44
0.49
0.51
0.49
0.49
0.42
0.46
0.52
0.39
1.83
1.08
1.09
1.47
0.47
0.47
0.46
0.47
0.39
0.39
0.39
0.39
0.37
0.39
0.37
0.37
0.52
0.52
0.52
0.55
CorWatt	PkgWatt
20.69	132.09
0.56	132.10
0.47
0.53
0.48
0.52
0.54
0.53
0.52
0.46
0.46
0.53
0.42
3.15
1.38
1.36
1.38
0.50
0.51
0.48
0.50
0.40
0.41
0.38
0.39
0.39
0.42
0.39
0.40
0.56
0.55
0.55
0.57
CorWatt	PkgWatt
20.13	131.83
0.55	131.82
0.45
0.51
0.46
0.50
0.52
0.50
0.50
0.41
0.45
0.52
0.40
2.55
1.68
1.36
1.67
0.48
0.47
0.47
0.47
0.40
0.39
0.39
0.39
0.37
0.38
0.38
0.37
0.54
0.53
0.52
0.56
CorWatt	PkgWatt
19.98	131.59
0.53	131.59
0.44
0.50
0.46
0.49
0.51
0.48
0.48
0.42
0.47
0.52
0.39
3.13
1.38
1.36
1.38
0.48
0.47
0.46
0.47
0.40
0.38
0.38
0.39
0.35
0.38
0.39
0.37
0.52
0.52
0.52
0.55
CorWatt	PkgWatt
20.05	131.60
0.55	131.60
0.45
0.49
0.46
0.49
0.51
0.49
0.49
0.41
0.45
0.50
0.39
2.78
1.75
1.36
1.38
0.48
0.47
0.46
0.50
0.39
0.38
0.39
0.39
0.36
0.38
0.38
0.36
0.53
0.53
0.53
0.56
CorWatt	PkgWatt
19.93	131.69
0.54	131.69
0.44
0.46
0.44
0.49
0.50
0.48
0.48
0.40
0.46
0.52
0.39
2.69
1.82
1.37
1.38
0.48
0.47
0.45
0.46
0.41
0.38
0.38
0.38
0.36
0.41
0.37
0.37
0.53
0.55
0.51
0.55
CorWatt	PkgWatt
19.97	131.57
0.54	131.57
0.44
0.48
0.45
0.49
0.51
0.48
0.48
0.42
0.48
0.50
0.40
1.83
2.67
1.36
1.38
0.47
0.48
0.45
0.46
0.39
0.38
0.38
0.38
0.37
0.39
0.37
0.39
0.53
0.54
0.51
0.55
CorWatt	PkgWatt
20.08	131.68
0.52	131.68
0.45
0.50
0.47
0.51
0.52
0.50
0.49
0.41
0.45
0.51
0.39
1.37
3.15
1.37
1.38
0.47
0.46
0.45
0.46
0.39
0.38
0.38
0.38
0.38
0.42
0.39
0.36
0.55
0.56
0.53
0.52
CorWatt	PkgWatt
20.02	131.76
0.51	131.76
0.45
0.52
0.44
0.49
0.51
0.50
0.51
0.41
0.46
0.48
0.39
2.28
2.24
1.36
1.38
0.48
0.47
0.47
0.48
0.39
0.40
0.41
0.39
0.36
0.39
0.37
0.36
0.53
0.53
0.52
0.54
CorWatt	PkgWatt
19.92	131.58
0.51	131.58
0.45
0.49
0.44
0.48
0.50
0.48
0.48
0.41
0.44
0.50
0.39
3.16
1.38
1.37
1.38
0.49
0.48
0.45
0.49
0.39
0.38
0.38
0.38
0.36
0.42
0.37
0.35
0.52
0.55
0.51
0.52
CorWatt	PkgWatt
19.84	131.56
0.53	131.56
0.44
0.51
0.47
0.48
0.51
0.49
0.48
0.40
0.44
0.50
0.39
3.14
1.38
1.36
1.38
0.47
0.47
0.45
0.47
0.39
0.38
0.38
0.39
0.36
0.39
0.37
0.36
0.52
0.53
0.51
0.53
CorWatt	PkgWatt
19.58	131.36
0.55	131.35
0.51
0.49
0.52
0.51
0.54
0.51
0.51
0.47
0.50
0.57
0.45
1.38
1.64
1.02
1.05
0.66
0.54
0.52
0.52
0.77
0.44
0.44
0.44
0.40
0.46
0.42
0.45
0.57
0.61
0.56
0.56
CorWatt	PkgWatt
16.66	128.77
0.52	128.79
0.46
0.47
0.49
0.51
0.54
0.54
0.52
0.40
0.46
0.42
0.40
0.58
0.53
0.53
0.56
0.65
0.50
0.47
0.48
0.87
0.63
0.60
0.86
0.37
0.40
0.38
0.36
0.53
0.57
0.53
0.54
CorWatt	PkgWatt
16.30	128.66
0.50	128.66
0.44
0.47
0.49
0.49
0.52
0.49
0.49
0.41
0.45
0.40
0.41
0.58
0.53
0.51
0.53
0.59
0.49
0.47
0.48
0.65
0.66
0.63
1.05
0.36
0.40
0.37
0.36
0.53
0.54
0.51
0.53
CorWatt	PkgWatt
16.17	128.41
0.50	128.41
0.44
0.45
0.47
0.48
0.53
0.52
0.50
0.40
0.44
0.39
0.38
0.58
0.51
0.52
0.52
0.59
0.48
0.45
0.47
0.66
0.66
0.64
1.03
0.35
0.41
0.37
0.35
0.52
0.55
0.50
0.53
CorWatt	PkgWatt
16.18	128.40
0.48	128.40
0.44
0.46
0.53
0.49
0.51
0.48
0.50
0.40
0.45
0.40
0.39
0.57
0.52
0.52
0.52
0.59
0.49
0.45
0.47
1.00
0.65
0.64
0.68
0.35
0.39
0.37
0.35
0.52
0.55
0.50
0.53
CorWatt	PkgWatt
16.38	128.94
0.50	128.94
0.44
0.45
0.48
0.49
0.50
0.51
0.50
0.40
0.47
0.39
0.38
0.52
0.52
0.50
0.53
0.57
0.49
0.47
0.48
0.61
0.63
0.61
1.31
0.37
0.37
0.37
0.37
0.52
0.55
0.52
0.56
CorWatt	PkgWatt
18.84	134.10
0.52	134.10
0.44
0.45
0.48
0.49
0.52
0.49
0.49
0.40
0.44
0.42
0.38
0.50
0.52
0.50
0.52
0.58
0.47
0.47
0.47
0.42
0.44
0.39
4.35
0.36
0.42
0.40
0.37
0.53
0.56
0.52
0.54
CorWatt	PkgWatt
18.65	133.98
0.52	133.98
0.44
0.45
0.48
0.51
0.52
0.51
0.50
0.38
0.44
0.38
0.38
0.50
0.51
0.50
0.52
0.57
0.48
0.46
0.47
0.41
0.42
0.39
4.35
0.35
0.36
0.37
0.36
0.52
0.54
0.51
0.55
CorWatt	PkgWatt
18.74	134.02
0.52	134.02
0.46
0.45
0.47
0.49
0.51
0.49
0.49
0.39
0.44
0.39
0.38
0.50
0.52
0.50
0.52
0.57
0.50
0.48
0.48
0.41
0.42
0.40
4.36
0.37
0.37
0.37
0.35
0.51
0.56
0.52
0.54
CorWatt	PkgWatt
18.91	134.21
0.52	134.21
0.45
0.45
0.48
0.49
0.51
0.50
0.49
0.39
0.43
0.39
0.39
0.51
0.54
0.55
0.54
0.57
0.48
0.47
0.48
0.40
0.43
0.43
4.36
0.36
0.44
0.38
0.35
0.52
0.55
0.52
0.55
CorWatt	PkgWatt
18.75	133.99
0.54	133.99
0.45
0.47
0.50
0.50
0.50
0.49
0.48
0.39
0.44
0.39
0.40
0.50
0.52
0.50
0.53
0.57
0.49
0.46
0.47
0.41
0.43
0.40
4.36
0.36
0.37
0.37
0.35
0.52
0.58
0.51
0.53
CorWatt	PkgWatt
18.70	134.08
0.53	134.09
0.44
0.45
0.48
0.50
0.50
0.51
0.50
0.38
0.43
0.41
0.38
0.52
0.51
0.50
0.52
0.58
0.50
0.47
0.49
0.40
0.42
0.40
4.36
0.35
0.36
0.36
0.35
0.51
0.54
0.50
0.54
CorWatt	PkgWatt
18.81	134.08
0.52	134.08
0.45
0.48
0.47
0.49
0.53
0.51
0.49
0.39
0.44
0.38
0.38
0.50
0.53
0.52
0.52
0.58
0.48
0.46
0.50
0.42
0.42
0.40
4.36
0.36
0.39
0.36
0.35
0.52
0.57
0.50
0.53
CorWatt	PkgWatt
18.86	134.05
0.52	134.04
0.45
0.46
0.48
0.49
0.51
0.50
0.49
0.39
0.44
0.39
0.38
0.51
0.53
0.52
0.54
0.58
0.48
0.47
0.48
0.41
0.42
0.41
4.35
0.36
0.39
0.40
0.38
0.52
0.55
0.51
0.54
CorWatt	PkgWatt
18.78	134.05
0.52	134.05
0.44
0.45
0.47
0.49
0.50
0.49
0.49
0.40
0.44
0.39
0.40
0.50
0.54
0.52
0.53
0.59
0.49
0.46
0.49
0.41
0.42
0.40
4.36
0.36
0.40
0.38
0.36
0.51
0.55
0.50
0.55
CorWatt	PkgWatt
19.00	134.40
0.54	134.40
0.45
0.47
0.50
0.49
0.50
0.52
0.49
0.38
0.48
0.38
0.38
0.53
0.52
0.50
0.52
0.58
0.48
0.46
0.47
0.42
0.42
0.42
4.36
0.39
0.43
0.38
0.37
0.52
0.55
0.53
0.57
CorWatt	PkgWatt
18.81	134.07
0.52	134.06
0.44
0.45
0.48
0.49
0.51
0.49
0.49
0.40
0.44
0.41
0.38
0.50
0.53
0.53
0.53
0.59
0.48
0.46
0.47
0.41
0.42
0.40
4.36
0.37
0.40
0.38
0.35
0.52
0.57
0.50
0.56
CorWatt	PkgWatt
18.89	134.20
0.53	134.20
0.45
0.47
0.50
0.51
0.53
0.51
0.51
0.40
0.43
0.40
0.38
0.51
0.52
0.53
0.52
0.58
0.48
0.47
0.48
0.41
0.43
0.41
4.36
0.36
0.38
0.37
0.35
0.52
0.53
0.51
0.56
CorWatt	PkgWatt
18.25	130.90
0.58	130.92
0.50
0.52
0.51
0.53
0.56
0.56
0.53
0.78
0.58
0.52
0.51
0.79
0.59
0.60
0.59
0.62
0.53
0.54
0.54
0.48
0.49
0.46
0.88
0.43
0.50
0.42
0.74
0.58
0.61
0.58
0.63
CorWatt	PkgWatt
16.26	128.55
0.52	128.54
0.44
0.46
0.44
0.49
0.52
0.49
0.49
1.12
0.69
0.66
0.62
0.63
0.52
0.52
0.54
0.49
0.48
0.46
0.47
0.41
0.40
0.39
0.42
0.36
0.43
0.37
0.35
0.52
0.52
0.50
0.56
CorWatt	PkgWatt
16.73	128.87
0.52	128.88
0.48
0.47
0.49
0.52
0.54
0.50
0.49
1.08
0.76
0.66
0.61
0.64
0.53
0.50
0.54
0.48
0.48
0.49
0.47
0.40
0.42
0.39
0.44
0.36
0.42
0.41
0.36
0.57
0.55
0.55
0.59
CorWatt	PkgWatt
16.47	128.73
0.54	128.72
0.45
0.49
0.46
0.49
0.52
0.50
0.51
1.11
0.70
0.66
0.62
0.65
0.54
0.53
0.54
0.48
0.48
0.46
0.47
0.40
0.39
0.38
0.40
0.37
0.45
0.38
0.36
0.52
0.54
0.51
0.56
CorWatt	PkgWatt
16.39	128.54
0.52	128.54
0.44
0.47
0.45
0.49
0.51
0.49
0.49
0.70
1.07
0.65
0.63
0.65
0.53
0.51
0.53
0.49
0.48
0.47
0.48
0.41
0.40
0.39
0.40
0.36
0.44
0.41
0.38
0.53
0.54
0.51
0.56
CorWatt	PkgWatt
16.38	128.80
0.52	128.81
0.44
0.47
0.46
0.48
0.51
0.48
0.48
0.61
1.49
0.61
0.59
0.63
0.52
0.50
0.52
0.48
0.47
0.45
0.49
0.39
0.39
0.39
0.39
0.35
0.42
0.37
0.35
0.52
0.53
0.50
0.56
CorWatt	PkgWatt
17.79	130.58
0.53	130.59
0.44
0.45
0.44
0.48
0.50
0.48
0.48
0.53
3.07
0.54
0.50
0.63
0.52
0.52
0.52
0.49
0.47
0.45
0.47
0.41
0.39
0.39
0.39
0.36
0.45
0.37
0.35
0.54
0.55
0.51
0.56
CorWatt	PkgWatt
17.97	130.64
0.55	130.64
0.45
0.46
0.46
0.49
0.51
0.49
0.49
3.04
0.64
0.54
0.53
0.63
0.52
0.51
0.52
0.48
0.48
0.46
0.47
0.40
0.39
0.38
0.40
0.37
0.43
0.37
0.37
0.54
0.54
0.52
0.55
CorWatt	PkgWatt
17.92	130.61
0.54	130.62
0.45
0.47
0.47
0.50
0.51
0.50
0.50
3.05
0.58
0.55
0.51
0.63
0.52
0.50
0.52
0.47
0.47
0.45
0.47
0.40
0.38
0.38
0.39
0.38
0.44
0.38
0.35
0.54
0.55
0.53
0.52
CorWatt	PkgWatt
17.82	130.51
0.54	130.51
0.44
0.48
0.47
0.49
0.50
0.48
0.48
2.06
1.61
0.53
0.51
0.63
0.52
0.50
0.52
0.48
0.47
0.45
0.47
0.39
0.40
0.40
0.39
0.35
0.44
0.37
0.35
0.52
0.55
0.50
0.53
CorWatt	PkgWatt
17.74	130.43
0.52	130.43
0.44
0.46
0.44
0.48
0.51
0.49
0.48
2.55
1.15
0.53
0.50
0.62
0.52
0.50
0.52
0.50
0.48
0.45
0.48
0.40
0.38
0.38
0.39
0.35
0.43
0.36
0.35
0.52
0.53
0.50
0.51
CorWatt	PkgWatt
17.91	130.50
0.55	130.49
0.46
0.49
0.47
0.49
0.53
0.50
0.50
0.58
3.04
0.51
0.51
0.63
0.52
0.51
0.53
0.48
0.47
0.46
0.48
0.39
0.40
0.39
0.40
0.36
0.44
0.38
0.35
0.52
0.52
0.51
0.53
CorWatt	PkgWatt
17.75	130.44
0.53	130.44
0.44
0.47
0.44
0.48
0.51
0.49
0.48
0.54
3.04
0.51
0.51
0.63
0.52
0.51
0.52
0.48
0.48
0.45
0.47
0.40
0.39
0.38
0.39
0.36
0.45
0.38
0.37
0.53
0.55
0.52
0.52
CorWatt	PkgWatt
17.73	130.60
0.56	130.60
0.44
0.47
0.44
0.49
0.51
0.49
0.50
3.05
0.61
0.52
0.51
0.63
0.52
0.50
0.52
0.48
0.46
0.45
0.46
0.39
0.38
0.38
0.39
0.35
0.43
0.37
0.35
0.52
0.53
0.50
0.54
CorWatt	PkgWatt
17.78	130.37
0.54	130.37
0.43
0.47
0.44
0.49
0.50
0.48
0.48
1.91
1.77
0.53
0.53
0.63
0.52
0.52
0.52
0.48
0.46
0.45
0.47
0.39
0.40
0.38
0.38
0.35
0.43
0.36
0.35
0.52
0.54
0.50
0.52
CorWatt	PkgWatt
17.95	130.56
0.53	130.56
0.45
0.46
0.45
0.49
0.53
0.53
0.51
3.06
0.59
0.52
0.52
0.62
0.53
0.52
0.53
0.48
0.47
0.46
0.47
0.39
0.40
0.40
0.41
0.36
0.43
0.38
0.36
0.52
0.53
0.51
0.53
CorWatt	PkgWatt
17.91	130.59
0.54	130.59
0.44
0.46
0.47
0.49
0.50
0.49
0.51
0.58
3.04
0.52
0.53
0.65
0.54
0.52
0.53
0.48
0.48
0.46
0.47
0.41
0.40
0.38
0.41
0.35
0.43
0.37
0.35
0.53
0.55
0.50
0.54
CorWatt	PkgWatt
17.24	129.96
0.55	129.96
0.45
0.47
0.45
0.49
0.51
0.48
0.48
0.50
2.25
0.49
0.47
0.66
0.54
0.52
0.54
0.47
0.66
0.46
0.47
0.40
0.41
0.40
0.42
0.39
0.42
0.39
0.37
0.52
0.54
0.51
0.55
CorWatt	PkgWatt
18.22	130.35
0.56	130.35
0.50
0.52
0.54
0.54
0.56
0.53
0.53
0.47
0.52
0.45
0.44
0.57
0.59
0.57
0.58
0.54
0.94
0.54
0.53
0.64
0.64
0.83
0.95
0.41
0.49
0.45
0.42
0.60
0.60
0.58
0.61
CorWatt	PkgWatt
16.43	128.80
0.52	128.79
0.44
0.45
0.46
0.52
0.52
0.51
0.51
0.40
0.45
0.40
0.39
0.51
0.53
0.52
0.52
0.49
0.59
0.46
0.47
0.63
0.63
0.65
1.17
0.36
0.44
0.37
0.36
0.52
0.54
0.51
0.56
CorWatt	PkgWatt
16.27	128.52
0.51	128.52
0.44
0.44
0.44
0.49
0.50
0.49
0.48
0.41
0.44
0.38
0.38
0.50
0.53
0.50
0.52
0.49
0.59
0.47
0.49
0.63
0.63
0.64
1.19
0.37
0.43
0.40
0.36
0.52
0.54
0.51
0.55
CorWatt	PkgWatt
16.23	128.50
0.52	128.50
0.44
0.44
0.45
0.49
0.50
0.48
0.48
0.40
0.43
0.39
0.39
0.52
0.54
0.52
0.52
0.48
0.58
0.46
0.47
0.62
0.63
0.80
1.08
0.35
0.42
0.37
0.35
0.53
0.53
0.50
0.54
CorWatt	PkgWatt
16.22	128.46
0.53	128.46
0.45
0.46
0.46
0.48
0.51
0.48
0.48
0.41
0.45
0.38
0.39
0.51
0.53
0.50
0.52
0.48
0.58
0.45
0.47
0.63
0.63
1.20
0.65
0.36
0.38
0.36
0.35
0.52
0.54
0.52
0.53
CorWatt	PkgWatt
17.46	130.46
0.54	130.46
0.45
0.46
0.45
0.50
0.51
0.49
0.50
0.41
0.44
0.39
0.38
0.50
0.53
0.51
0.53
0.48
0.58
0.48
0.49
0.43
0.44
2.93
0.46
0.35
0.37
0.38
0.36
0.52
0.54
0.51
0.55
CorWatt	PkgWatt
17.72	130.76
0.53	130.76
0.47
0.48
0.44
0.50
0.53
0.49
0.49
0.40
0.44
0.38
0.38
0.50
0.54
0.50
0.52
0.48
0.57
0.46
0.49
0.41
0.41
3.26
0.42
0.35
0.40
0.37
0.35
0.53
0.59
0.50
0.53
CorWatt	PkgWatt
17.57	130.65
0.55	130.66
0.44
0.45
0.45
0.49
0.51
0.49
0.48
0.41
0.44
0.38
0.38
0.50
0.53
0.52
0.52
0.48
0.57
0.46
0.47
0.40
0.40
3.26
0.41
0.35
0.38
0.38
0.36
0.51
0.55
0.50
0.55
CorWatt	PkgWatt
17.60	130.89
0.53	130.89
0.45
0.45
0.44
0.49
0.51
0.49
0.49
0.40
0.43
0.38
0.40
0.50
0.53
0.51
0.52
0.50
0.59
0.46
0.49
0.40
0.40
3.26
0.41
0.35
0.40
0.38
0.36
0.51
0.53
0.50
0.55
CorWatt	PkgWatt
17.95	131.11
0.55	131.11
0.46
0.47
0.48
0.51
0.51
0.51
0.49
0.41
0.48
0.39
0.38
0.51
0.52
0.50
0.52
0.49
0.57
0.46
0.48
0.42
0.41
3.26
0.45
0.40
0.38
0.38
0.37
0.53
0.54
0.53
0.58
CorWatt	PkgWatt
17.60	130.87
0.52	130.87
0.44
0.45
0.51
0.49
0.50
0.49
0.48
0.39
0.44
0.39
0.38
0.50
0.53
0.50
0.52
0.48
0.57
0.46
0.47
0.40
0.40
3.26
0.42
0.36
0.40
0.38
0.35
0.52
0.53
0.51
0.56
CorWatt	PkgWatt
17.74	131.15
0.52	131.15
0.44
0.47
0.49
0.52
0.52
0.51
0.50
0.41
0.44
0.40
0.39
0.52
0.53
0.54
0.52
0.49
0.56
0.46
0.47
0.40
0.40
3.26
0.42
0.35
0.38
0.37
0.35
0.52
0.54
0.50
0.57
CorWatt	PkgWatt
17.74	131.05
0.53	131.05
0.45
0.46
0.47
0.49
0.52
0.49
0.48
0.41
0.45
0.38
0.39
0.52
0.55
0.53
0.54
0.48
0.58
0.46
0.47
0.42
0.41
3.26
0.43
0.35
0.40
0.36
0.35
0.51
0.56
0.50
0.54
CorWatt	PkgWatt
17.68	130.93
0.52	130.92
0.45
0.46
0.49
0.49
0.52
0.50
0.50
0.40
0.45
0.41
0.38
0.51
0.52
0.52
0.53
0.49
0.57
0.46
0.48
0.40
0.40
3.26
0.43
0.36
0.38
0.37
0.35
0.52
0.51
0.51
0.56
CorWatt	PkgWatt
17.53	130.87
0.52	130.87
0.45
0.46
0.49
0.49
0.50
0.49
0.49
0.40
0.44
0.38
0.38
0.50
0.53
0.50
0.52
0.48
0.57
0.47
0.48
0.40
0.40
3.26
0.41
0.35
0.38
0.37
0.35
0.51
0.52
0.52
0.53
CorWatt	PkgWatt
17.71	131.06
0.55	131.06
0.44
0.48
0.50
0.49
0.51
0.49
0.50
0.40
0.44
0.40
0.38
0.54
0.54
0.51
0.53
0.48
0.57
0.46
0.47
0.40
0.40
3.26
0.42
0.35
0.37
0.36
0.35
0.51
0.51
0.50
0.55
CorWatt	PkgWatt
17.67	130.93
0.52	130.93
0.44
0.45
0.48
0.50
0.51
0.49
0.48
0.41
0.48
0.40
0.38
0.51
0.55
0.51
0.52
0.48
0.57
0.46
0.47
0.40
0.41
3.26
0.42
0.35
0.38
0.38
0.36
0.51
0.52
0.50
0.54
CorWatt	PkgWatt
18.86	131.26
0.61	131.27
0.54
0.57
0.73
0.97
0.64
0.61
0.82
0.47
0.51
0.46
0.46
0.58
0.60
0.58
0.60
0.54
0.62
0.52
0.55
0.48
0.46
1.15
0.51
0.48
0.48
0.43
0.47
0.58
0.62
0.59
0.62
CorWatt	PkgWatt
17.09	129.28
0.55	129.27
0.45
0.45
0.56
1.41
0.85
0.84
1.01
0.42
0.46
0.42
0.39
0.51
0.52
0.52
0.52
0.48
0.49
0.47
0.47
0.42
0.40
0.40
0.39
0.37
0.44
0.37
0.36
0.53
0.56
0.50
0.56
CorWatt	PkgWatt
16.92	129.17
0.54	129.17
0.44
0.45
0.56
1.53
0.85
0.84
0.88
0.42
0.50
0.42
0.39
0.50
0.51
0.50
0.52
0.48
0.48
0.45
0.48
0.40
0.39
0.38
0.39
0.36
0.38
0.37
0.37
0.53
0.55
0.51
0.53
CorWatt	PkgWatt
16.99	129.18
0.53	129.18
0.45
0.46
0.56
1.51
0.85
0.85
0.92
0.40
0.44
0.38
0.38
0.50
0.53
0.51
0.51
0.47
0.46
0.46
0.48
0.40
0.39
0.38
0.39
0.41
0.41
0.38
0.35
0.52
0.57
0.57
0.54
CorWatt	PkgWatt
16.90	129.10
0.54	129.10
0.45
0.48
0.54
1.52
0.86
0.85
0.89
0.40
0.46
0.39
0.38
0.50
0.52
0.50
0.52
0.48
0.47
0.46
0.48
0.40
0.41
0.41
0.39
0.36
0.39
0.37
0.35
0.52
0.53
0.51
0.55
CorWatt	PkgWatt
16.82	129.04
0.54	129.04
0.48
0.49
0.55
1.52
0.85
0.84
0.87
0.39
0.43
0.38
0.39
0.51
0.52
0.51
0.51
0.50
0.48
0.47
0.49
0.40
0.39
0.40
0.39
0.35
0.40
0.37
0.35
0.51
0.54
0.50
0.51
CorWatt	PkgWatt
17.21	129.28
0.52	129.28
0.46
0.49
0.59
1.60
0.93
0.92
1.11
0.40
0.43
0.39
0.38
0.50
0.51
0.50
0.51
0.47
0.47
0.45
0.47
0.39
0.40
0.39
0.40
0.36
0.39
0.37
0.35
0.51
0.52
0.50
0.52
CorWatt	PkgWatt
19.90	131.94
0.52	131.94
0.46
0.46
0.57
1.81
1.35
1.35
2.65
0.40
0.44
0.39
0.38
0.50
0.52
0.50
0.52
0.48
0.47
0.46
0.47
0.40
0.39
0.40
0.39
0.36
0.42
0.38
0.36
0.52
0.56
0.53
0.52
CorWatt	PkgWatt
19.90	131.92
0.54	131.92
0.47
0.47
0.58
2.90
1.35
1.35
1.54
0.40
0.44
0.39
0.38
0.51
0.52
0.50
0.52
0.48
0.47
0.46
0.47
0.39
0.39
0.39
0.39
0.36
0.41
0.37
0.35
0.52
0.53
0.51
0.53
CorWatt	PkgWatt
19.79	131.83
0.52	131.83
0.45
0.45
0.58
2.09
1.35
1.35
2.34
0.41
0.44
0.40
0.40
0.50
0.52
0.50
0.52
0.48
0.47
0.46
0.46
0.40
0.41
0.38
0.39
0.35
0.38
0.36
0.35
0.51
0.54
0.51
0.51
CorWatt	PkgWatt
20.03	131.93
2.03	131.93
0.94
0.96
1.00
1.60
0.86
0.88
0.88
0.40
0.44
0.39
0.39
0.54
0.53
0.52
0.53
0.49
0.47
0.46
0.48
0.41
0.41
0.41
0.41
0.36
0.39
0.38
0.36
0.52
0.53
0.51
0.53
CorWatt	PkgWatt
19.74	131.76
1.55	131.76
2.77
1.30
1.28
0.53
0.51
0.49
0.51
0.40
0.43
0.40
0.39
0.51
0.52
0.52
0.52
0.49
0.48
0.46
0.47
0.42
0.41
0.39
0.43
0.35
0.40
0.36
0.35
0.51
0.54
0.50
0.53
CorWatt	PkgWatt
19.69	131.56
1.52	131.56
2.78
1.29
1.28
0.52
0.51
0.50
0.50
0.40
0.49
0.40
0.38
0.50
0.52
0.50
0.53
0.49
0.48
0.46
0.48
0.40
0.40
0.39
0.40
0.37
0.36
0.37
0.36
0.52
0.54
0.51
0.54
CorWatt	PkgWatt
19.69	131.70
3.02	131.70
1.28
1.30
1.28
0.52
0.53
0.49
0.50
0.39
0.43
0.39
0.38
0.50
0.52
0.50
0.51
0.48
0.47
0.48
0.47
0.42
0.40
0.39
0.39
0.36
0.41
0.40
0.36
0.54
0.55
0.52
0.53
CorWatt	PkgWatt
19.63	131.76
3.03	131.76
1.28
1.30
1.28
0.53
0.53
0.51
0.52
0.40
0.45
0.38
0.38
0.50
0.51
0.50
0.52
0.48
0.48
0.46
0.49
0.40
0.40
0.39
0.39
0.35
0.35
0.37
0.35
0.52
0.53
0.51
0.55
CorWatt	PkgWatt
19.65	131.53
1.29	131.53
1.63
2.67
1.27
0.53
0.51
0.50
0.49
0.39
0.43
0.38
0.39
0.50
0.52
0.50
0.51
0.48
0.49
0.48
0.49
0.40
0.39
0.39
0.40
0.38
0.38
0.38
0.35
0.51
0.55
0.52
0.55
CorWatt	PkgWatt
19.71	131.75
1.29	131.75
2.44
1.30
1.86
0.53
0.52
0.50
0.49
0.40
0.43
0.39
0.39
0.50
0.54
0.52
0.52
0.49
0.47
0.46
0.47
0.40
0.41
0.41
0.41
0.37
0.37
0.37
0.35
0.52
0.55
0.51
0.55
CorWatt	PkgWatt
18.59	130.83
1.14	130.83
2.54
1.14
1.13
0.53
0.51
0.49
0.49
0.39
0.43
0.39
0.38
0.50
0.52
0.50
0.52
0.48
0.48
0.46
0.47
0.40
0.39
0.39
0.39
0.35
0.36
0.37
0.35
0.51
0.55
0.52
0.53
CorWatt	PkgWatt
20.04	134.43
0.64	134.44
0.58
0.52
0.55
0.58
0.57
0.57
0.57
0.78
0.72
0.44
0.44
3.37
0.61
0.62
0.62
0.54
0.54
0.53
0.54
0.44
0.44
0.45
0.45
0.41
0.40
0.41
0.41
0.59
0.59
0.55
0.59
CorWatt	PkgWatt
20.24	137.64
0.52	137.63
0.52
0.47
0.49
0.50
0.53
0.49
0.49
0.42
0.51
0.39
0.38
5.96
0.55
0.51
0.53
0.48
0.47
0.45
0.48
0.40
0.38
0.38
0.39
0.35
0.38
0.35
0.35
0.52
0.55
0.51
0.52
CorWatt	PkgWatt
20.47	138.57
0.53	138.57
0.50
2.38
0.48
0.50
0.51
0.50
0.49
0.42
0.52
0.40
0.42
3.98
0.56
0.55
0.53
0.48
0.48
0.47
0.47
0.40
0.40
0.39
0.40
0.37
0.40
0.39
0.38
0.53
0.55
0.52
0.55
CorWatt	PkgWatt
20.00	139.06
0.53	139.06
0.48
5.54
0.48
0.48
0.50
0.48
0.48
0.59
0.53
0.39
0.40
0.52
0.54
0.53
0.52
0.48
0.48
0.44
0.47
0.38
0.38
0.38
0.38
0.35
0.43
0.38
0.36
0.51
0.54
0.50
0.53
CorWatt	PkgWatt
20.37	137.82
0.56	137.83
0.50
0.49
0.49
0.50
0.50
0.51
0.48
5.78
0.54
0.44
0.39
0.52
0.54
0.50
0.51
0.48
0.48
0.45
0.47
0.41
0.39
0.40
0.41
0.37
0.38
0.37
0.37
0.54
0.54
0.52
0.56
CorWatt	PkgWatt
20.04	137.46
0.52	137.44
0.45
0.47
0.48
0.49
0.51
0.49
0.49
5.78
0.53
0.41
0.39
0.51
0.54
0.51
0.52
0.48
0.47
0.45
0.47
0.40
0.39
0.38
0.39
0.35
0.39
0.37
0.35
0.52
0.53
0.50
0.54
CorWatt	PkgWatt
20.32	137.77
0.52	137.78
0.45
0.47
0.51
0.52
0.52
0.51
0.51
5.79
0.53
0.42
0.39
0.51
0.55
0.54
0.52
0.48
0.48
0.46
0.47
0.40
0.39
0.38
0.39
0.36
0.39
0.37
0.35
0.54
0.54
0.51
0.53
CorWatt	PkgWatt
20.15	137.57
0.54	137.56
0.45
0.46
0.47
0.50
0.51
0.49
0.48
5.78
0.54
0.40
0.39
0.52
0.57
0.53
0.53
0.48
0.47
0.45
0.47
0.41
0.39
0.38
0.41
0.35
0.41
0.36
0.35
0.52
0.53
0.50
0.52
CorWatt	PkgWatt
20.23	137.81
0.54	137.81
0.46
0.47
0.49
0.50
0.52
0.49
0.50
5.78
0.54
0.42
0.41
0.53
0.56
0.53
0.52
0.48
0.47
0.45
0.47
0.39
0.39
0.38
0.39
0.35
0.38
0.36
0.35
0.54
0.51
0.50
0.54
CorWatt	PkgWatt
20.07	137.63
0.54	137.62
0.45
0.47
0.44
0.50
0.51
0.49
0.49
5.78
0.52
0.40
0.39
0.50
0.55
0.51
0.52
0.48
0.48
0.45
0.47
0.40
0.39
0.38
0.39
0.36
0.39
0.36
0.35
0.53
0.56
0.52
0.52
CorWatt	PkgWatt
20.41	137.74
0.57	137.75
0.46
0.49
0.48
0.50
0.51
0.51
0.52
5.79
0.54
0.41
0.41
0.56
0.57
0.53
0.54
0.49
0.48
0.46
0.47
0.40
0.39
0.38
0.40
0.37
0.39
0.37
0.35
0.52
0.52
0.51
0.54
CorWatt	PkgWatt
20.07	137.81
0.53	137.81
0.45
0.46
0.45
0.50
0.50
0.49
0.48
5.79
0.56
0.41
0.39
0.51
0.54
0.51
0.52
0.48
0.48
0.46
0.47
0.40
0.39
0.38
0.39
0.35
0.38
0.37
0.36
0.52
0.51
0.50
0.52
CorWatt	PkgWatt
20.13	137.67
0.56	137.67
0.46
0.49
0.46
0.53
0.50
0.50
0.48
5.78
0.52
0.40
0.39
0.51
0.55
0.51
0.52
0.48
0.47
0.45
0.49
0.40
0.39
0.39
0.39
0.35
0.38
0.37
0.35
0.52
0.51
0.50
0.54
CorWatt	PkgWatt
20.92	138.23
0.58	138.24
0.47
0.49
0.46
0.52
0.54
0.52
0.51
5.79
0.56
0.44
0.41
0.52
0.56
0.53
0.55
0.51
0.49
0.48
0.49
0.44
0.43
0.42
0.42
0.38
0.45
0.38
0.38
0.55
0.54
0.53
0.58
CorWatt	PkgWatt
20.42	138.10
0.57	138.09
0.46
0.47
0.48
0.50
0.51
0.50
0.49
5.78
0.53
0.46
0.42
0.51
0.54
0.51
0.53
0.48
0.49
0.46
0.47
0.40
0.40
0.39
0.40
0.38
0.39
0.37
0.36
0.55
0.53
0.52
0.56
CorWatt	PkgWatt
20.18	137.72
0.54	137.72
0.44
0.46
0.46
0.52
0.51
0.51
0.49
5.79
0.52
0.40
0.39
0.50
0.54
0.51
0.52
0.48
0.47
0.45
0.47
0.40
0.39
0.38
0.39
0.39
0.39
0.38
0.35
0.53
0.55
0.53
0.54
CorWatt	PkgWatt
20.05	137.82
0.54	137.82
0.45
0.48
0.45
0.50
0.50
0.50
0.48
5.79
0.54
0.39
0.39
0.51
0.53
0.50
0.52
0.48
0.47
0.45
0.47
0.40
0.41
0.40
0.39
0.35
0.35
0.36
0.35
0.53
0.51
0.50
0.55
CorWatt	PkgWatt
19.75	133.96
0.61	133.97
0.54
0.56
0.55
0.56
0.58
0.56
0.57
2.50
0.59
0.48
0.94
0.74
0.64
0.62
0.61
0.53
0.56
0.50
0.53
0.47
0.47
0.46
0.45
0.45
0.44
0.43
0.41
0.63
0.61
0.57
0.58
CorWatt	PkgWatt
18.05	131.01
0.55	131.00
0.48
0.51
0.47
0.50
0.53
0.51
0.50
0.41
0.46
0.40
0.52
3.31
0.57
0.56
0.57
0.49
0.49
0.47
0.48
0.40
0.41
0.42
0.42
0.37
0.37
0.37
0.37
0.55
0.52
0.52
0.56
CorWatt	PkgWatt
17.65	130.89
0.54	130.89
0.44
0.46
0.44
0.50
0.51
0.50
0.48
0.40
0.46
0.39
0.51
3.26
0.55
0.54
0.54
0.48
0.48
0.45
0.47
0.40
0.39
0.38
0.39
0.36
0.40
0.39
0.37
0.54
0.54
0.53
0.54
CorWatt	PkgWatt
17.61	130.81
0.56	130.80
0.46
0.47
0.44
0.50
0.51
0.50
0.51
0.39
0.46
0.39
0.51
3.24
0.54
0.54
0.56
0.48
0.49
0.45
0.47
0.39
0.39
0.38
0.39
0.36
0.38
0.37
0.35
0.54
0.53
0.51
0.56
CorWatt	PkgWatt
17.59	130.65
0.53	130.65
0.44
0.45
0.44
0.50
0.52
0.50
0.49
0.41
0.46
0.41
0.54
3.25
0.55
0.54
0.56
0.48
0.47
0.45
0.47
0.40
0.41
0.38
0.39
0.36
0.37
0.37
0.35
0.54
0.53
0.51
0.54
CorWatt	PkgWatt
17.79	130.91
0.53	130.91
0.45
0.47
0.46
0.50
0.51
0.54
0.51
0.41
0.45
0.39
0.50
3.25
0.55
0.56
0.56
0.49
0.48
0.46
0.47
0.40
0.42
0.40
0.41
0.37
0.37
0.37
0.36
0.55
0.53
0.52
0.56
CorWatt	PkgWatt
18.00	130.86
0.53	130.88
0.45
0.49
0.47
0.50
0.52
0.50
0.51
0.41
0.47
0.41
0.53
3.24
0.57
0.57
0.58
0.50
0.50
0.46
0.48
0.43
0.42
0.39
0.43
0.37
0.37
0.38
0.36
0.56
0.52
0.52
0.54
CorWatt	PkgWatt
17.85	130.73
0.54	130.71
0.45
0.46
0.45
0.50
0.51
0.50
0.49
0.40
0.45
0.43
0.51
0.61
3.26
0.53
0.58
0.49
0.49
0.46
0.47
0.40
0.40
0.39
0.40
0.37
0.38
0.38
0.37
0.58
0.53
0.53
0.54
CorWatt	PkgWatt
17.81	130.73
0.54	130.73
0.44
0.46
0.44
0.50
0.52
0.50
0.49
0.39
0.45
0.39
0.51
0.59
3.27
0.56
0.57
0.48
0.48
0.47
0.47
0.42
0.41
0.38
0.39
0.37
0.39
0.40
0.37
0.57
0.55
0.54
0.53
CorWatt	PkgWatt
17.84	130.92
0.54	130.93
0.45
0.46
0.45
0.51
0.51
0.52
0.51
0.40
0.45
0.39
0.51
0.59
3.26
0.53
0.59
0.49
0.48
0.48
0.48
0.40
0.40
0.39
0.40
0.37
0.38
0.38
0.36
0.56
0.55
0.52
0.55
CorWatt	PkgWatt
17.71	130.76
0.53	130.75
0.44
0.45
0.44
0.50
0.50
0.50
0.48
0.40
0.45
0.39
0.51
0.60
3.26
0.54
0.56
0.48
0.50
0.48
0.49
0.40
0.39
0.38
0.39
0.39
0.38
0.38
0.36
0.54
0.53
0.53
0.54
CorWatt	PkgWatt
17.56	130.67
0.53	130.67
0.44
0.45
0.44
0.49
0.50
0.49
0.48
0.39
0.45
0.38
0.50
0.59
3.26
0.53
0.56
0.49
0.47
0.45
0.47
0.40
0.41
0.40
0.41
0.36
0.36
0.37
0.35
0.55
0.51
0.51
0.54
CorWatt	PkgWatt
17.59	130.56
0.55	130.56
0.46
0.47
0.46
0.49
0.51
0.49
0.48
0.40
0.45
0.38
0.50
0.59
3.26
0.54
0.56
0.48
0.48
0.45
0.47
0.40
0.39
0.39
0.39
0.36
0.37
0.37
0.35
0.54
0.52
0.53
0.53
CorWatt	PkgWatt
17.82	130.65
0.54	130.65
0.45
0.46
0.46
0.50
0.52
0.50
0.50
0.40
0.45
0.39
0.48
0.58
3.27
0.54
0.57
0.49
0.50
0.47
0.49
0.40
0.39
0.39
0.40
0.40
0.39
0.37
0.36
0.57
0.53
0.52
0.53
CorWatt	PkgWatt
17.62	130.57
0.54	130.57
0.46
0.46
0.44
0.50
0.53
0.49
0.49
0.40
0.44
0.39
0.51
0.59
3.26
0.54
0.56
0.48
0.47
0.45
0.49
0.40
0.39
0.38
0.39
0.36
0.37
0.37
0.35
0.55
0.54
0.51
0.52
CorWatt	PkgWatt
17.53	130.55
0.54	130.55
0.44
0.45
0.44
0.49
0.50
0.49
0.48
0.39
0.45
0.39
0.50
0.58
3.26
0.55
0.56
0.48
0.46
0.46
0.47
0.39
0.39
0.38
0.38
0.35
0.38
0.39
0.37
0.56
0.52
0.51
0.53
CorWatt	PkgWatt
17.93	130.65
0.56	130.66
0.45
0.47
0.45
0.49
0.51
0.49
0.53
0.40
0.46
0.38
0.52
0.59
3.25
0.55
0.59
0.50
0.48
0.46
0.48
0.40
0.39
0.38
0.39
0.36
0.40
0.39
0.36
0.56
0.60
0.56
0.54
CorWatt	PkgWatt
17.89	130.57
0.55	130.57
0.47
0.48
0.47
0.49
0.51
0.51
0.49
0.41
0.45
0.43
0.49
0.60
3.14
0.53
0.58
0.49
0.48
0.46
0.47
0.41
0.39
0.41
0.41
0.40
0.39
0.39
0.38
0.53
0.55
0.55
0.58
CorWatt	PkgWatt
18.02	130.34
0.58	130.35
0.54
0.52
0.72
0.65
0.88
0.86
0.65
0.47
0.50
0.44
0.49
0.62
0.60
0.55
0.60
0.57
0.54
0.53
0.53
0.78
0.45
0.44
0.44
0.42
0.46
0.43
0.41
0.58
0.61
0.57
0.59
CorWatt	PkgWatt
16.71	128.87
0.51	128.85
0.47
0.52
0.57
0.78
0.81
1.35
0.76
0.41
0.45
0.40
0.39
0.57
0.56
0.54
0.55
0.48
0.47
0.46
0.47
0.40
0.40
0.38
0.40
0.36
0.39
0.38
0.36
0.53
0.54
0.51
0.54
CorWatt	PkgWatt
16.56	128.74
0.52	128.73
0.44
0.49
0.56
0.76
0.89
1.30
0.76
0.41
0.47
0.40
0.39
0.58
0.56
0.52
0.57
0.50
0.47
0.45
0.46
0.42
0.38
0.38
0.41
0.35
0.36
0.37
0.35
0.52
0.52
0.50
0.53
CorWatt	PkgWatt
16.59	128.92
0.50	128.92
0.47
0.52
0.56
0.76
0.80
1.38
0.77
0.40
0.47
0.40
0.40
0.56
0.52
0.52
0.55
0.48
0.46
0.46
0.47
0.39
0.39
0.38
0.39
0.35
0.39
0.37
0.36
0.52
0.53
0.52
0.55
CorWatt	PkgWatt
17.20	129.08
0.53	129.09
0.47
0.52
0.58
1.16
0.82
1.01
0.77
0.43
0.48
0.43
0.41
0.56
0.55
0.54
0.58
0.51
0.50
0.49
0.50
0.39
0.41
0.38
0.38
0.38
0.38
0.40
0.39
0.55
0.55
0.55
0.57
CorWatt	PkgWatt
17.26	129.38
0.53	129.36
0.45
0.54
0.58
1.76
0.88
0.86
0.86
0.40
0.46
0.41
0.41
0.60
0.54
0.52
0.56
0.48
0.46
0.47
0.46
0.39
0.38
0.38
0.38
0.35
0.35
0.37
0.36
0.52
0.52
0.51
0.54
CorWatt	PkgWatt
19.47	131.57
0.52	131.57
0.48
0.47
0.56
3.19
1.19
1.18
1.17
0.39
0.46
0.39
0.38
0.54
0.53
0.50
0.55
0.48
0.48
0.46
0.47
0.40
0.39
0.38
0.39
0.35
0.36
0.37
0.36
0.53
0.51
0.52
0.52
CorWatt	PkgWatt
19.68	131.59
0.56	131.59
0.46
0.48
0.56
3.17
1.23
1.23
1.22
0.41
0.46
0.39
0.38
0.54
0.52
0.50
0.55
0.49
0.47
0.46
0.49
0.40
0.40
0.39
0.40
0.35
0.37
0.37
0.35
0.52
0.52
0.51
0.54
CorWatt	PkgWatt
19.93	131.79
0.57	131.80
0.45
0.48
0.55
3.16
1.24
1.23
1.22
0.40
0.47
0.40
0.39
0.56
0.54
0.52
0.56
0.49
0.48
0.48
0.49
0.42
0.41
0.39
0.40
0.37
0.40
0.37
0.37
0.54
0.54
0.51
0.56
CorWatt	PkgWatt
19.74	131.75
0.57	131.76
0.46
0.48
0.58
3.16
1.24
1.23
1.23
0.39
0.44
0.45
0.39
0.55
0.52
0.49
0.54
0.48
0.47
0.45
0.47
0.42
0.39
0.38
0.39
0.36
0.35
0.36
0.36
0.55
0.54
0.52
0.55
CorWatt	PkgWatt
19.60	131.72
0.55	131.71
0.44
0.45
0.56
3.16
1.24
1.23
1.23
0.39
0.44
0.39
0.38
0.53
0.52
0.49
0.53
0.50
0.48
0.45
0.47
0.41
0.39
0.40
0.39
0.37
0.38
0.38
0.35
0.53
0.52
0.51
0.53
CorWatt	PkgWatt
19.54	131.58
0.55	131.57
0.46
0.50
0.55
3.17
1.20
1.19
1.18
0.40
0.44
0.39
0.38
0.50
0.51
0.50
0.53
0.49
0.49
0.46
0.48
0.41
0.41
0.40
0.40
0.36
0.37
0.37
0.36
0.54
0.51
0.51
0.54
CorWatt	PkgWatt
19.52	131.56
0.54	131.57
0.45
0.48
0.57
3.16
1.24
1.23
1.22
0.39
0.45
0.39
0.38
0.50
0.52
0.52
0.52
0.49
0.48
0.45
0.47
0.40
0.39
0.38
0.39
0.35
0.36
0.37
0.35
0.53
0.54
0.50
0.53
CorWatt	PkgWatt
19.57	131.67
0.55	131.68
0.46
0.49
0.56
3.16
1.24
1.23
1.22
0.38
0.44
0.37
0.38
0.50
0.52
0.50
0.52
0.47
0.47
0.45
0.47
0.39
0.40
0.40
0.41
0.35
0.37
0.36
0.35
0.54
0.54
0.50
0.55
CorWatt	PkgWatt
19.51	131.46
0.53	131.46
0.45
0.46
0.56
3.16
1.24
1.23
1.23
0.39
0.44
0.39
0.38
0.50
0.52
0.49
0.51
0.48
0.48
0.45
0.46
0.40
0.39
0.38
0.39
0.35
0.37
0.37
0.37
0.53
0.54
0.53
0.54
CorWatt	PkgWatt
19.54	131.45
0.56	131.45
0.48
0.48
0.54
3.17
1.23
1.22
1.22
0.39
0.43
0.38
0.38
0.50
0.52
0.51
0.53
0.48
0.47
0.46
0.47
0.40
0.39
0.39
0.39
0.35
0.36
0.38
0.36
0.53
0.51
0.51
0.55
CorWatt	PkgWatt
19.39	131.48
0.55	131.48
0.45
0.46
0.55
2.92
1.49
1.20
1.20
0.40
0.44
0.40
0.40
0.50
0.51
0.49
0.52
0.48
0.47
0.45
0.46
0.40
0.41
0.38
0.39
0.35
0.35
0.36
0.35
0.53
0.51
0.50
0.53
CorWatt	PkgWatt
19.39	131.08
0.63	131.12
0.57
0.63
0.62
2.01
0.96
0.96
0.97
0.43
0.48
0.43
0.43
0.54
0.56
0.60
0.59
0.53
0.56
0.48
0.48
0.43
0.44
0.48
0.47
0.46
0.41
0.41
0.38
0.60
0.61
0.63
0.62
