CorWatt	PkgWatt
15.54	128.47
0.56	128.47
0.51
0.51
0.47
0.53
0.55
0.53
0.51
0.42
0.44
0.39
0.42
0.57
0.53
0.60
0.55
0.52
0.61
0.49
0.50
0.42
0.42
0.40
0.41
0.38
0.37
0.42
0.38
0.55
0.51
0.52
0.53
CorWatt	PkgWatt
14.94	127.11
0.52	127.67
0.49
0.52
0.45
0.53
0.51
0.50
0.49
0.39
0.44
0.38
0.38
0.56
0.54
0.58
0.56
0.47
0.49
0.50
0.52
0.39
0.39
0.39
0.39
0.38
0.37
0.42
0.37
0.52
0.50
0.51
0.50
CorWatt	PkgWatt
68.21	164.59
0.91	185.24
2.22
2.45
2.25
2.30
2.32
2.34
2.28
2.29
2.24
2.25
2.22
2.37
2.35
2.38
2.37
2.28
2.28
2.12
2.16
2.25
2.26
2.06
2.02
2.28
2.25
2.07
2.07
3.95
2.42
2.25
2.21
