CorWatt	PkgWatt
246.85	456.89
3.33	217.39
3.38
3.96
3.15
3.18
3.19
3.29
3.67
2.81
3.41
3.24
2.79
3.97
3.37
3.06
2.97
3.56
3.52
3.35
4.46
3.57
4.06
3.19
2.93
3.55
3.93
3.41
3.16
3.21
3.33
3.50
3.39
3.76	242.17
3.77
3.31
4.86
4.45
3.80
4.00
6.53
4.73
3.73
4.67
4.67
3.48
3.43
3.40
5.00
3.58
5.25
4.80
5.01
5.00
4.06
4.81
3.42
3.80
5.01
5.17
3.54
4.66
4.52
4.00
3.32
CorWatt	PkgWatt
200.62	431.46
2.52	192.82
2.49
2.44
2.47
2.49
2.46
2.80
2.48
2.44
2.30
2.41
2.29
3.30
2.37
2.44
2.37
2.72
2.70
2.80
2.97
2.48
2.55
3.04
2.89
2.48
2.46
2.45
2.47
3.25
3.64
3.03
2.49
4.61	218.27
3.62
3.34
3.40
4.12
3.66
3.58
3.67
4.33
2.42
3.78
2.94
3.02
2.73
3.58
2.51
2.42
2.67
4.23
2.37
2.80
4.39
2.46
3.28
3.82
3.48
3.79
6.60
3.81
2.55
3.29
2.75
CorWatt	PkgWatt
158.77	370.37
2.60	191.35
2.54
2.58
2.57
2.55
2.58
2.50
2.54
2.51
2.43
2.49
2.47
3.87
2.48
2.51
2.54
2.53
2.52
2.57
2.52
2.48
2.32
2.32
2.38
2.55
2.46
2.53
2.51
2.49
2.75
2.53
2.55
3.35	189.01
3.07
2.16
3.31
2.29
2.32
3.36
3.85
2.19
2.16
2.18
3.94
2.16
2.31
2.05
2.26
2.12
2.08
2.10
2.08
2.30
2.58
2.30
2.21
2.07
2.12
2.08
3.34
2.67
3.05
2.12
2.14
CorWatt	PkgWatt
158.35	389.95
2.49	189.92
2.59
2.54
2.51
2.50
2.53
2.55
2.51
2.42
2.37
2.38
2.42
2.35
2.44
2.47
2.47
2.51
2.53
2.58
2.55
2.51
2.55
2.50
2.45
2.55
2.56
2.46
2.55
2.47
2.49
2.46
2.48
2.13	180.76
4.03
2.12
3.95
2.19
2.27
2.28
2.22
2.20
2.08
2.06
2.14
2.13
2.11
2.10
2.10
2.17
2.27
2.18
2.20
2.16
2.11
2.13
2.18
2.05
2.14
2.07
2.07
2.13
2.16
2.21
2.25
