CorWatt	PkgWatt
14.91	127.25
0.52	127.25
0.47
0.47
0.45
0.52
0.53
0.50
0.49
0.39
0.43
0.38
0.38
0.50
0.53
0.49
0.52
0.52
0.51
0.52
0.49
0.41
0.41
0.48
0.48
0.36
0.38
0.39
0.36
0.51
0.51
0.51
0.50
CorWatt	PkgWatt
16.00	127.92
0.55	127.97
0.53
0.52
0.50
0.55
0.56
0.53
0.52
0.46
0.47
0.43
0.43
0.58
0.58
0.57
0.60
0.50
0.54
0.52
0.51
0.44
0.41
0.45
0.47
0.41
0.41
0.39
0.39
0.57
0.52
0.55
0.54
CorWatt	PkgWatt
17.78	129.72
0.60	129.71
0.59
0.55
0.57
0.55
0.61
0.61
0.54
0.52
0.51
0.45
0.47
0.68
0.67
0.63
0.68
0.57
0.56
0.57
0.58
0.47
0.54
0.51
0.50
0.50
0.49
0.46
0.48
0.56
0.56
0.66
0.54
CorWatt	PkgWatt
16.36	128.30
0.50	128.04
0.48
0.54
0.53
0.54
0.56
0.54
0.53
0.43
0.48
0.46
0.43
0.56
0.58
0.54
0.57
0.53
0.51
0.69
0.52
0.44
0.43
0.46
0.48
0.41
0.41
0.42
0.48
0.59
0.57
0.56
0.57
