CorWatt	PkgWatt
15.10	127.01
0.52	127.00
0.47
0.51
0.45
0.53
0.64
0.53
0.50
0.40
0.44
0.37
0.42
0.53
0.51
0.56
0.52
0.47
0.51
0.47
0.47
0.40
0.39
0.39
0.40
0.39
0.37
0.41
0.39
0.55
0.52
0.51
0.58
CorWatt	PkgWatt
14.56	126.45
0.51	126.58
0.45
0.54
0.44
0.49
0.50
0.52
0.49
0.38
0.44
0.38
0.37
0.50
0.51
0.57
0.50
0.46
0.48
0.45
0.45
0.40
0.39
0.39
0.40
0.38
0.39
0.36
0.36
0.50
0.51
0.51
0.56
CorWatt	PkgWatt
61.87	175.55
0.94	175.48
1.99
2.00
1.97
2.02
3.52
2.01
2.00
1.88
2.00
1.94
1.91
2.03
1.98
1.99
2.09
1.95
1.92
1.79
1.80
1.91
1.87
1.72
1.74
1.82
1.80
1.68
1.71
2.07
2.04
1.90
1.88
CorWatt	PkgWatt
50.05	164.17
0.62	164.14
1.62
1.64
1.60
1.67
2.43
1.70
1.63
1.58
1.58
1.59
1.55
1.70
1.65
1.69
1.67
1.64
1.63
1.48
1.49
1.53
1.54
1.40
1.35
1.49
1.46
1.35
1.34
1.67
1.67
1.51
1.55
