CorWatt	PkgWatt
16.11	129.69
0.56	129.69
0.48
0.56
0.49
0.55
0.57
0.56
0.54
0.47
0.51
0.48
0.53
0.56
0.56
0.62
0.58
0.49
0.49
0.49
0.51
0.43
0.42
0.43
0.41
0.41
0.40
0.39
0.41
0.57
0.54
0.55
0.54
CorWatt	PkgWatt
15.60	128.49
0.53	129.01
0.48
0.54
0.46
0.52
0.57
0.52
0.53
0.46
0.46
0.51
0.44
0.53
0.56
0.60
0.57
0.50
0.49
0.50
0.49
0.42
0.42
0.43
0.41
0.40
0.37
0.39
0.37
0.57
0.52
0.53
0.53
CorWatt	PkgWatt
68.90	166.52
0.92	187.47
2.21
2.27
2.26
2.30
2.33
2.33
2.27
2.25
2.32
2.25
2.24
2.38
2.38
2.38
2.41
2.34
2.37
2.18
3.86
2.34
2.34
2.13
2.07
2.24
2.20
2.03
2.05
2.48
2.50
2.29
2.27
