CorWatt	PkgWatt
14.99	127.52
0.55	127.42
0.45
0.49
0.46
0.50
0.49
0.49
0.48
0.41
0.45
0.39
0.39
0.51
0.54
0.50
0.51
0.48
0.47
0.54
0.48
0.41
0.41
0.42
0.40
0.41
0.38
0.51
0.41
0.52
0.51
0.52
0.51
CorWatt	PkgWatt
14.92	126.62
0.55	127.18
0.49
0.49
0.46
0.53
0.50
0.51
0.51
0.40
0.45
0.38
0.38
0.50
0.52
0.50
0.51
0.46
0.50
0.55
0.49
0.41
0.42
0.43
0.39
0.41
0.37
0.39
0.42
0.52
0.50
0.50
0.51
CorWatt	PkgWatt
17.98	130.45
0.70	129.90
0.61
0.70
0.65
0.63
0.71
0.65
0.64
0.47
0.49
0.45
0.44
0.60
0.64
0.62
0.60
0.51
0.59
0.58
0.54
0.45
0.45
0.50
0.49
0.47
0.48
0.48
0.47
0.61
0.58
0.58
0.58
CorWatt	PkgWatt
16.24	128.33
0.66	128.18
0.52
0.69
0.59
0.53
0.53
0.53
0.52
0.49
0.49
0.41
0.48
0.54
0.56
0.56
0.56
0.50
0.49
0.53
0.53
0.43
0.44
0.42
0.42
0.39
0.41
0.42
0.44
0.57
0.53
0.54
0.54
