CorWatt	PkgWatt
15.10	127.18
0.51	127.20
0.45
0.53
0.44
0.49
0.50
0.56
0.51
0.38
0.46
0.40
0.38
0.51
0.50
0.51
0.52
0.51
0.51
0.55
0.59
0.40
0.42
0.43
0.41
0.40
0.37
0.42
0.36
0.52
0.51
0.55
0.52
CorWatt	PkgWatt
14.94	127.15
0.50	127.12
0.43
0.52
0.46
0.50
0.50
0.54
0.50
0.41
0.46
0.41
0.38
0.52
0.51
0.51
0.53
0.53
0.48
0.47
0.47
0.40
0.44
0.41
0.45
0.38
0.38
0.42
0.36
0.53
0.51
0.52
0.50
CorWatt	PkgWatt
18.39	129.80
0.66	129.85
0.54
0.61
0.55
0.63
0.57
0.62
0.60
0.50
0.59
0.55
0.47
0.67
0.68
0.72
0.70
0.60
0.57
0.63
0.57
0.51
0.51
0.44
0.46
0.54
0.42
0.54
0.55
0.63
0.58
0.61
0.58
CorWatt	PkgWatt
15.38	127.46
0.50	127.39
0.43
0.51
0.43
0.57
0.53
0.49
0.51
0.43
0.49
0.42
0.39
0.52
0.59
0.56
0.56
0.54
0.48
0.50
0.46
0.39
0.43
0.40
0.40
0.50
0.40
0.42
0.41
0.54
0.51
0.51
0.53
