CorWatt	PkgWatt
15.10	127.59
0.53	127.60
0.48
0.47
0.44
0.51
0.53
0.51
0.49
0.40
0.46
0.38
0.42
0.52
0.60
0.59
0.55
0.48
0.48
0.50
0.48
0.44
0.40
0.40
0.42
0.38
0.37
0.39
0.38
0.55
0.53
0.52
0.51
CorWatt	PkgWatt
14.73	127.19
0.53	127.32
0.47
0.45
0.44
0.48
0.50
0.48
0.48
0.39
0.45
0.39
0.40
0.51
0.52
0.58
0.54
0.46
0.46
0.51
0.47
0.45
0.39
0.39
0.39
0.40
0.36
0.38
0.40
0.52
0.52
0.50
0.50
CorWatt	PkgWatt
62.02	175.13
0.95	175.07
1.91
1.96
1.96
1.96
1.99
1.97
1.94
1.96
1.97
1.93
1.87
2.06
2.02
2.07
2.06
2.00
1.97
1.86
1.93
1.89
1.89
3.28
1.74
1.83
1.83
1.68
1.75
2.04
2.01
1.86
1.87
CorWatt	PkgWatt
53.17	167.36
0.66	167.31
1.74
1.74
1.69
1.74
1.76
1.76
1.72
1.64
1.67
1.64
1.63
1.82
1.77
2.55
1.84
1.69
1.69
1.57
1.58
1.63
1.64
1.51
1.45
1.63
1.59
1.47
1.46
1.79
1.80
1.64
1.62
