CorWatt	PkgWatt
15.63	128.23
0.54	128.24
0.49
0.49
0.47
0.54
0.63
0.56
0.52
0.49
0.51
0.41
0.53
0.54
0.55
0.52
0.56
0.47
0.49
0.46
0.48
0.41
0.43
0.40
0.41
0.41
0.39
0.39
0.42
0.53
0.51
0.52
0.53
CorWatt	PkgWatt
15.35	127.74
0.51	127.94
0.48
0.51
0.46
0.51
0.62
0.52
0.51
0.49
0.49
0.40
0.41
0.52
0.54
0.52
0.55
0.47
0.50
0.46
0.49
0.42
0.43
0.41
0.41
0.40
0.38
0.38
0.37
0.56
0.55
0.54
0.54
CorWatt	PkgWatt
67.61	182.68
0.93	182.47
2.11
2.15
2.15
2.22
2.23
2.20
2.13
2.11
2.06
2.08
2.23
2.21
2.27
2.15
2.21
2.13
3.63
1.98
2.05
2.09
2.13
1.92
1.87
2.03
1.98
1.89
1.89
2.25
2.23
2.06
2.04
