CorWatt	PkgWatt
15.42	127.99
0.60	128.00
0.51
0.54
0.49
0.54
0.53
0.58
0.51
0.40
0.45
0.38
0.43
0.57
0.52
0.52
0.55
0.47
0.50
0.46
0.51
0.44
0.39
0.39
0.44
0.40
0.38
0.39
0.46
0.53
0.52
0.50
0.52
CorWatt	PkgWatt
14.86	127.36
0.56	127.35
0.48
0.50
0.47
0.55
0.53
0.54
0.51
0.38
0.47
0.37
0.41
0.57
0.50
0.49
0.51
0.47
0.45
0.45
0.46
0.40
0.40
0.40
0.45
0.39
0.35
0.37
0.40
0.52
0.51
0.50
0.51
CorWatt	PkgWatt
21.27	133.63
0.66	133.66
0.58
0.58
2.21
0.63
0.69
0.78
0.79
0.57
0.55
0.54
0.56
0.66
0.68
0.66
0.64
0.65
0.63
0.61
0.58
0.62
0.57
0.56
0.59
0.54
0.46
0.43
0.51
0.62
0.94
0.57
0.63
CorWatt	PkgWatt
17.02	129.32
0.56	129.30
0.46
0.47
0.58
0.74
0.77
0.83
1.25
0.40
0.44
0.47
0.40
0.51
0.56
0.54
0.52
0.46
0.46
0.46
0.46
0.47
0.45
0.51
0.49
0.44
0.39
0.38
0.37
0.54
0.56
0.53
0.54
CorWatt	PkgWatt
16.26	128.44
0.53	128.43
0.46
0.46
0.55
0.72
0.73
0.84
1.28
0.41
0.45
0.38
0.39
0.50
0.56
0.53
0.51
0.45
0.46
0.45
0.46
0.40
0.38
0.44
0.44
0.38
0.35
0.36
0.38
0.52
0.51
0.50
0.50
CorWatt	PkgWatt
16.46	128.65
0.53	128.65
0.50
0.44
0.56
1.31
0.73
0.81
0.73
0.40
0.44
0.37
0.40
0.50
0.56
0.53
0.51
0.46
0.45
0.47
0.48
0.43
0.42
0.45
0.49
0.40
0.35
0.36
0.36
0.52
0.51
0.50
0.50
CorWatt	PkgWatt
16.27	128.45
0.54	128.44
0.49
0.47
0.55
1.32
0.73
0.78
0.72
0.37
0.44
0.37
0.41
0.52
0.56
0.53
0.51
0.46
0.46
0.45
0.45
0.40
0.38
0.39
0.43
0.37
0.35
0.36
0.40
0.51
0.51
0.50
0.52
CorWatt	PkgWatt
16.73	128.88
0.55	128.88
0.49
0.48
0.55
1.57
0.70
0.76
0.70
0.43
0.44
0.37
0.40
0.51
0.56
0.55
0.51
0.50
0.46
0.46
0.47
0.40
0.40
0.43
0.43
0.39
0.38
0.39
0.38
0.52
0.53
0.51
0.51
CorWatt	PkgWatt
17.70	130.29
0.54	130.28
0.48
0.46
0.54
3.31
0.51
0.58
0.50
0.39
0.44
0.38
0.41
0.51
0.56
0.53
0.52
0.48
0.47
0.46
0.46
0.40
0.40
0.40
0.42
0.38
0.35
0.37
0.36
0.52
0.52
0.51
0.53
CorWatt	PkgWatt
17.43	130.26
0.53	130.26
0.48
0.44
0.54
3.31
0.51
0.57
0.49
0.39
0.45
0.37
0.43
0.50
0.56
0.53
0.52
0.45
0.46
0.45
0.46
0.38
0.38
0.39
0.41
0.37
0.35
0.35
0.35
0.51
0.51
0.50
0.49
CorWatt	PkgWatt
17.47	130.18
0.53	130.18
0.45
0.44
0.54
3.31
0.50
0.58
0.51
0.41
0.43
0.36
0.40
0.50
0.55
0.53
0.51
0.44
0.46
0.45
0.46
0.39
0.39
0.45
0.43
0.37
0.35
0.35
0.35
0.51
0.51
0.50
0.50
CorWatt	PkgWatt
17.71	130.22
0.67	130.22
0.44
0.46
0.53
3.15
0.51
0.61
0.50
0.39
0.45
0.39
0.41
0.53
0.58
0.53
0.53
0.48
0.46
0.46
0.46
0.41
0.40
0.40
0.45
0.39
0.35
0.36
0.36
0.52
0.52
0.50
0.50
CorWatt	PkgWatt
17.48	130.02
3.19	130.02
0.48
0.48
0.56
0.50
0.49
0.58
0.49
0.41
0.44
0.37
0.40
0.53
0.56
0.54
0.51
0.47
0.46
0.47
0.46
0.39
0.38
0.40
0.41
0.35
0.35
0.35
0.41
0.51
0.52
0.50
0.51
CorWatt	PkgWatt
17.54	130.32
3.19	130.32
0.49
0.46
0.55
0.49
0.50
0.59
0.48
0.38
0.44
0.42
0.39
0.52
0.55
0.52
0.51
0.51
0.47
0.45
0.46
0.39
0.40
0.40
0.41
0.38
0.35
0.37
0.38
0.53
0.52
0.50
0.52
CorWatt	PkgWatt
17.22	129.81
3.15	129.80
0.49
0.46
0.54
0.48
0.51
0.58
0.49
0.39
0.44
0.37
0.40
0.51
0.55
0.52
0.51
0.45
0.45
0.45
0.46
0.39
0.38
0.39
0.41
0.36
0.35
0.36
0.36
0.51
0.51
0.50
0.50
CorWatt	PkgWatt
17.43	129.94
3.15	129.94
0.49
0.46
0.53
0.49
0.49
0.59
0.49
0.38
0.45
0.38
0.39
0.52
0.55
0.52
0.51
0.47
0.48
0.48
0.48
0.39
0.38
0.42
0.42
0.35
0.37
0.38
0.39
0.52
0.51
0.51
0.50
CorWatt	PkgWatt
17.45	130.23
3.19	130.23
0.49
0.46
0.54
0.48
0.54
0.55
0.49
0.40
0.44
0.37
0.40
0.51
0.56
0.54
0.51
0.46
0.46
0.46
0.46
0.39
0.40
0.42
0.42
0.36
0.35
0.38
0.36
0.51
0.51
0.52
0.52
CorWatt	PkgWatt
17.58	130.16
3.19	130.17
0.52
0.49
0.56
0.48
0.53
0.57
0.48
0.43
0.44
0.37
0.39
0.52
0.55
0.52
0.51
0.47
0.47
0.48
0.46
0.40
0.41
0.42
0.43
0.37
0.36
0.37
0.37
0.51
0.51
0.50
0.50
CorWatt	PkgWatt
17.44	130.03
3.19	130.02
0.50
0.46
0.56
0.48
0.53
0.56
0.49
0.37
0.44
0.37
0.40
0.51
0.57
0.52
0.51
0.46
0.46
0.47
0.46
0.39
0.40
0.39
0.42
0.37
0.35
0.35
0.41
0.51
0.50
0.50
0.51
CorWatt	PkgWatt
17.41	130.09
2.99	130.09
0.51
0.48
0.54
0.49
0.54
0.58
0.49
0.39
0.44
0.37
0.40
0.52
0.56
0.53
0.51
0.50
0.48
0.48
0.48
0.40
0.38
0.44
0.42
0.38
0.37
0.36
0.36
0.52
0.51
0.50
0.50
CorWatt	PkgWatt
18.54	130.42
0.84	130.43
0.53
0.55
0.57
0.74
0.77
0.77
1.16
0.46
0.51
0.44
0.47
0.59
0.59
0.61
0.57
0.49
0.52
0.52
0.52
0.47
0.44
0.49
0.81
0.45
0.45
0.51
0.46
0.57
0.56
0.56
0.55
CorWatt	PkgWatt
16.73	128.72
0.62	128.70
0.44
0.44
0.45
0.85
0.87
0.84
1.54
0.38
0.46
0.37
0.41
0.52
0.50
0.50
0.51
0.46
0.46
0.45
0.46
0.39
0.38
0.39
0.44
0.35
0.37
0.42
0.41
0.52
0.51
0.50
0.49
CorWatt	PkgWatt
17.04	128.80
0.63	128.80
0.47
0.47
0.46
1.54
0.86
0.84
0.89
0.42
0.43
0.38
0.41
0.52
0.50
0.49
0.51
0.46
0.47
0.47
0.47
0.42
0.38
0.43
0.45
0.36
0.35
0.43
0.40
0.53
0.54
0.53
0.54
CorWatt	PkgWatt
16.90	128.99
0.62	128.99
0.46
0.45
0.45
1.53
0.87
0.84
0.87
0.38
0.43
0.42
0.40
0.53
0.51
0.50
0.52
0.46
0.46
0.46
0.46
0.39
0.38
0.40
0.43
0.38
0.37
0.41
0.40
0.54
0.54
0.51
0.52
CorWatt	PkgWatt
16.72	128.62
0.62	128.61
0.44
0.45
0.46
1.47
0.86
0.84
0.95
0.40
0.43
0.37
0.39
0.52
0.50
0.50
0.51
0.46
0.47
0.47
0.46
0.39
0.38
0.39
0.41
0.36
0.35
0.40
0.43
0.51
0.51
0.50
0.50
CorWatt	PkgWatt
16.81	128.77
0.63	128.79
0.44
0.46
0.45
0.85
0.87
0.84
1.51
0.40
0.45
0.39
0.39
0.54
0.52
0.54
0.53
0.47
0.45
0.45
0.45
0.38
0.38
0.41
0.43
0.37
0.35
0.41
0.40
0.53
0.52
0.52
0.49
CorWatt	PkgWatt
18.10	129.72
0.64	129.71
0.46
0.46
0.48
1.07
1.06
1.05
2.21
0.39
0.45
0.40
0.41
0.53
0.50
0.50
0.53
0.46
0.46
0.45
0.46
0.42
0.38
0.40
0.42
0.37
0.35
0.40
0.39
0.51
0.50
0.50
0.50
CorWatt	PkgWatt
19.96	131.65
0.63	131.65
0.46
0.47
0.46
1.52
1.35
1.34
2.95
0.42
0.44
0.37
0.40
0.54
0.50
0.51
0.51
0.47
0.47
0.47
0.47
0.39
0.39
0.41
0.43
0.37
0.35
0.41
0.39
0.52
0.52
0.50
0.51
CorWatt	PkgWatt
20.03	131.50
0.65	131.50
0.46
0.46
0.48
3.12
1.35
1.34
1.34
0.39
0.43
0.37
0.40
0.53
0.54
0.52
0.53
0.48
0.47
0.47
0.47
0.40
0.40
0.40
0.44
0.38
0.36
0.41
0.39
0.52
0.52
0.51
0.50
CorWatt	PkgWatt
19.98	131.50
0.64	131.50
0.44
0.46
0.47
3.12
1.35
1.35
1.34
0.42
0.45
0.40
0.44
0.55
0.54
0.52
0.51
0.47
0.46
0.46
0.46
0.39
0.38
0.39
0.43
0.37
0.35
0.41
0.40
0.51
0.51
0.50
0.49
CorWatt	PkgWatt
19.92	131.61
0.62	131.60
0.52
0.46
0.44
2.80
1.35
1.34
1.69
0.38
0.43
0.37
0.39
0.53
0.50
0.50
0.52
0.46
0.48
0.47
0.46
0.42
0.39
0.41
0.44
0.37
0.35
0.40
0.41
0.53
0.51
0.50
0.50
CorWatt	PkgWatt
20.00	131.48
0.58	131.48
0.55
0.46
0.47
3.13
1.35
1.34
1.34
0.38
0.45
0.37
0.41
0.54
0.51
0.50
0.51
0.47
0.47
0.47
0.47
0.40
0.39
0.44
0.46
0.38
0.35
0.40
0.40
0.52
0.51
0.51
0.50
CorWatt	PkgWatt
19.82	131.38
0.58	131.38
0.56
0.45
0.44
3.12
1.35
1.34
1.34
0.42
0.44
0.37
0.39
0.50
0.50
0.50
0.51
0.45
0.46
0.47
0.47
0.40
0.39
0.41
0.42
0.37
0.35
0.40
0.39
0.51
0.53
0.50
0.50
CorWatt	PkgWatt
20.15	131.70
0.61	131.71
0.55
0.48
0.49
3.12
1.35
1.35
1.34
0.38
0.44
0.43
0.39
0.53
0.50
0.49
0.51
0.45
0.46
0.45
0.46
0.40
0.40
0.41
0.42
0.40
0.38
0.43
0.40
0.54
0.55
0.52
0.53
CorWatt	PkgWatt
19.80	131.46
0.58	131.45
0.57
0.47
0.44
1.35
3.12
1.35
1.34
0.39
0.44
0.37
0.39
0.50
0.50
0.49
0.51
0.45
0.46
0.45
0.46
0.41
0.40
0.42
0.42
0.38
0.35
0.40
0.39
0.51
0.51
0.50
0.50
CorWatt	PkgWatt
19.93	131.53
0.59	131.53
0.55
0.46
0.47
3.13
1.35
1.34
1.33
0.39
0.44
0.37
0.40
0.51
0.51
0.50
0.51
0.47
0.46
0.48
0.48
0.39
0.40
0.40
0.43
0.38
0.36
0.40
0.40
0.52
0.51
0.50
0.49
CorWatt	PkgWatt
19.85	131.46
0.60	131.46
0.57
0.47
0.46
3.13
1.35
1.35
1.34
0.37
0.44
0.37
0.39
0.50
0.51
0.49
0.51
0.46
0.46
0.45
0.46
0.40
0.38
0.39
0.41
0.37
0.35
0.41
0.41
0.52
0.50
0.50
0.50
CorWatt	PkgWatt
20.02	131.53
0.66	131.54
0.64
0.55
0.55
1.86
0.96
0.96
0.97
0.48
0.51
0.43
0.46
0.58
0.57
0.58
0.58
0.53
0.51
0.50
0.51
0.46
0.47
0.52
0.50
0.46
0.44
0.49
0.49
0.59
0.59
0.57
1.04
CorWatt	PkgWatt
16.46	128.58
0.57	128.57
0.49
0.45
0.47
0.55
0.54
0.52
0.50
0.39
0.45
0.38
0.41
0.51
0.52
0.51
0.53
0.47
0.47
0.47
0.47
0.40
0.40
0.41
0.42
0.79
0.92
0.62
0.63
0.53
0.53
0.52
0.65
CorWatt	PkgWatt
16.27	128.29
0.54	128.31
0.46
0.45
0.46
0.54
0.56
0.50
0.49
0.39
0.46
0.39
0.42
0.51
0.51
0.50
0.52
0.46
0.46
0.46
0.46
0.39
0.38
0.39
0.42
0.82
0.87
0.65
0.63
0.52
0.51
0.51
0.62
CorWatt	PkgWatt
16.14	128.23
0.55	128.23
0.44
0.45
0.45
0.55
0.54
0.50
0.51
0.38
0.44
0.37
0.40
0.50
0.50
0.49
0.52
0.45
0.45
0.45
0.45
0.40
0.41
0.41
0.44
1.03
0.64
0.64
0.63
0.52
0.51
0.50
0.62
CorWatt	PkgWatt
16.14	128.18
0.55	128.18
0.44
0.44
0.45
0.52
0.54
0.51
0.48
0.37
0.44
0.38
0.39
0.52
0.52
0.49
0.52
0.47
0.45
0.45
0.45
0.40
0.40
0.39
0.45
1.00
0.68
0.63
0.63
0.52
0.51
0.50
0.62
CorWatt	PkgWatt
16.44	128.75
0.56	128.76
0.45
0.46
0.46
0.51
0.54
0.54
0.51
0.42
0.45
0.38
0.41
0.53
0.51
0.51
0.51
0.46
0.45
0.47
0.45
0.39
0.38
0.39
0.41
1.25
0.61
0.62
0.64
0.52
0.52
0.51
0.62
CorWatt	PkgWatt
19.04	133.51
0.57	133.52
0.44
0.44
0.44
0.49
0.52
0.53
0.49
0.39
0.46
0.44
0.40
0.53
0.51
0.52
0.53
0.47
0.47
0.46
0.46
0.39
0.40
0.42
0.41
4.37
0.41
0.44
0.42
0.54
0.55
0.52
0.62
CorWatt	PkgWatt
18.66	133.39
0.56	133.38
0.43
0.44
0.43
0.49
0.48
0.52
0.49
0.38
0.44
0.39
0.40
0.52
0.51
0.50
0.51
0.44
0.45
0.45
0.45
0.39
0.38
0.39
0.42
4.37
0.39
0.43
0.41
0.52
0.53
0.51
0.62
CorWatt	PkgWatt
18.77	133.52
0.57	133.52
0.45
0.44
0.44
0.48
0.50
0.48
0.48
0.38
0.46
0.37
0.39
0.54
0.52
0.50
0.52
0.47
0.47
0.47
0.47
0.38
0.38
0.39
0.42
4.37
0.41
0.43
0.42
0.52
0.52
0.51
0.61
CorWatt	PkgWatt
18.82	133.66
0.57	133.66
0.44
0.44
0.44
0.50
0.49
0.49
0.49
0.40
0.44
0.38
0.41
0.51
0.51
0.52
0.52
0.50
0.45
0.45
0.45
0.39
0.40
0.41
0.42
4.37
0.39
0.43
0.41
0.52
0.52
0.53
0.64
CorWatt	PkgWatt
18.77	133.53
0.58	133.53
0.45
0.47
0.47
0.48
0.49
0.49
0.48
0.39
0.45
0.39
0.39
0.52
0.51
0.50
0.51
0.46
0.46
0.46
0.46
0.39
0.38
0.39
0.42
4.37
0.39
0.43
0.41
0.52
0.52
0.52
0.61
CorWatt	PkgWatt
18.73	133.41
0.58	133.42
0.44
0.44
0.45
0.49
0.49
0.49
0.48
0.39
0.45
0.37
0.39
0.51
0.51
0.50
0.51
0.45
0.46
0.47
0.47
0.39
0.39
0.41
0.41
4.37
0.41
0.41
0.43
0.52
0.52
0.51
0.62
CorWatt	PkgWatt
18.75	133.51
0.58	133.51
0.45
0.45
0.44
0.49
0.50
0.48
0.48
0.39
0.45
0.37
0.40
0.52
0.52
0.50
0.51
0.46
0.48
0.46
0.47
0.39
0.39
0.40
0.42
4.36
0.40
0.41
0.41
0.52
0.52
0.51
0.62
CorWatt	PkgWatt
18.74	133.62
0.58	133.61
0.45
0.44
0.44
0.50
0.48
0.48
0.49
0.38
0.45
0.37
0.41
0.51
0.51
0.52
0.52
0.44
0.46
0.46
0.46
0.39
0.38
0.40
0.43
4.37
0.42
0.43
0.41
0.52
0.52
0.51
0.62
CorWatt	PkgWatt
18.88	133.51
0.57	133.53
0.44
0.45
0.45
0.49
0.49
0.48
0.49
0.40
0.46
0.38
0.40
0.53
0.51
0.51
0.53
0.47
0.46
0.46
0.47
0.39
0.38
0.39
0.44
4.36
0.44
0.45
0.43
0.53
0.52
0.51
0.60
CorWatt	PkgWatt
18.96	133.61
0.59	133.61
0.46
0.45
0.45
0.48
0.49
0.48
0.49
0.39
0.43
0.39
0.41
0.53
0.51
0.50
0.52
0.50
0.46
0.46
0.47
0.41
0.38
0.39
0.44
4.36
0.41
0.45
0.42
0.53
0.55
0.54
0.63
CorWatt	PkgWatt
18.83	133.54
0.57	133.54
0.44
0.44
0.44
0.48
0.49
0.48
0.48
0.39
0.43
0.42
0.39
0.53
0.51
0.50
0.52
0.46
0.45
0.45
0.46
0.39
0.38
0.41
0.42
4.36
0.42
0.43
0.41
0.54
0.55
0.52
0.64
CorWatt	PkgWatt
18.80	133.72
0.57	133.71
0.44
0.45
0.44
0.48
0.49
0.48
0.49
0.38
0.43
0.38
0.40
0.53
0.51
0.51
0.52
0.46
0.47
0.47
0.46
0.40
0.38
0.39
0.43
4.37
0.40
0.42
0.44
0.52
0.53
0.52
0.63
CorWatt	PkgWatt
18.12	130.25
0.67	130.28
0.87
0.65
0.62
0.54
0.57
0.77
0.55
0.43
0.47
0.43
0.43
0.60
0.56
0.60
0.58
0.52
0.52
0.51
0.53
0.45
0.45
0.78
0.49
0.69
0.46
0.45
0.48
0.62
0.59
0.62
0.64
CorWatt	PkgWatt
16.30	128.58
0.84	128.57
1.10
0.74
0.72
0.50
0.50
0.62
0.51
0.39
0.45
0.40
0.42
0.53
0.51
0.50
0.53
0.46
0.45
0.46
0.47
0.42
0.38
0.39
0.42
0.42
0.37
0.37
0.41
0.52
0.52
0.50
0.51
CorWatt	PkgWatt
16.21	128.57
0.84	128.56
0.77
0.76
1.06
0.51
0.50
0.61
0.50
0.38
0.43
0.38
0.40
0.53
0.51
0.50
0.51
0.47
0.45
0.46
0.46
0.39
0.38
0.39
0.42
0.42
0.37
0.36
0.39
0.53
0.52
0.52
0.50
CorWatt	PkgWatt
16.26	128.32
0.73	128.32
0.76
0.73
1.17
0.50
0.49
0.60
0.54
0.38
0.43
0.37
0.39
0.53
0.53
0.51
0.53
0.47
0.45
0.46
0.46
0.40
0.39
0.41
0.43
0.43
0.37
0.36
0.40
0.52
0.51
0.50
0.50
CorWatt	PkgWatt
16.97	128.85
0.74	128.86
0.77
0.99
0.94
0.53
0.52
0.63
0.50
0.42
0.50
0.44
0.45
0.55
0.53
0.53
0.53
0.52
0.51
0.52
0.51
0.40
0.39
0.40
0.42
0.46
0.38
0.41
0.42
0.53
0.52
0.51
0.51
CorWatt	PkgWatt
16.59	128.80
0.71	128.80
0.73
0.73
1.55
0.49
0.51
0.61
0.49
0.39
0.43
0.38
0.41
0.54
0.51
0.50
0.52
0.45
0.47
0.47
0.46
0.40
0.39
0.39
0.43
0.43
0.36
0.36
0.45
0.51
0.50
0.50
0.51
CorWatt	PkgWatt
17.82	130.38
0.63	130.38
0.63
0.65
3.10
0.49
0.50
0.61
0.49
0.38
0.46
0.37
0.42
0.55
0.52
0.50
0.52
0.47
0.46
0.45
0.46
0.39
0.39
0.41
0.43
0.40
0.37
0.35
0.41
0.51
0.51
0.50
0.50
CorWatt	PkgWatt
18.21	130.57
0.65	130.58
0.65
0.65
3.08
0.49
0.50
0.62
0.52
0.42
0.48
0.40
0.43
0.54
0.51
0.50
0.56
0.45
0.49
0.50
0.46
0.40
0.38
0.40
0.41
0.45
0.40
0.36
0.39
0.55
0.54
0.53
0.50
CorWatt	PkgWatt
18.07	130.41
0.66	130.41
0.65
3.10
0.61
0.49
0.50
0.61
0.50
0.39
0.44
0.43
0.41
0.51
0.51
0.50
0.52
0.46
0.46
0.46
0.46
0.40
0.38
0.40
0.42
0.43
0.40
0.36
0.40
0.54
0.55
0.53
0.55
CorWatt	PkgWatt
17.78	130.35
0.65	130.35
0.67
1.90
1.85
0.49
0.50
0.61
0.50
0.38
0.44
0.37
0.40
0.50
0.51
0.50
0.51
0.44
0.46
0.45
0.47
0.40
0.40
0.41
0.42
0.42
0.38
0.35
0.39
0.51
0.51
0.50
0.50
CorWatt	PkgWatt
17.73	130.17
0.65	130.16
0.66
0.62
3.10
0.49
0.50
0.60
0.49
0.38
0.44
0.37
0.40
0.50
0.51
0.50
0.51
0.46
0.47
0.47
0.47
0.39
0.39
0.42
0.42
0.41
0.37
0.36
0.39
0.51
0.51
0.50
0.49
CorWatt	PkgWatt
17.78	130.24
0.66	130.23
0.67
0.65
3.09
0.49
0.50
0.59
0.49
0.39
0.44
0.37
0.40
0.50
0.51
0.50
0.51
0.45
0.46
0.45
0.46
0.40
0.38
0.39
0.42
0.46
0.38
0.36
0.40
0.51
0.51
0.50
0.50
CorWatt	PkgWatt
17.94	130.33
0.66	130.35
0.66
0.63
3.09
0.49
0.50
0.61
0.51
0.39
0.44
0.38
0.41
0.51
0.51
0.50
0.51
0.47
0.46
0.46
0.47
0.40
0.40
0.40
0.44
0.41
0.40
0.37
0.41
0.52
0.53
0.51
0.50
CorWatt	PkgWatt
17.82	130.26
0.65	130.26
0.67
0.62
3.09
0.49
0.50
0.61
0.50
0.38
0.45
0.37
0.42
0.50
0.51
0.50
0.52
0.47
0.46
0.45
0.46
0.40
0.39
0.40
0.42
0.42
0.37
0.36
0.41
0.52
0.53
0.50
0.50
CorWatt	PkgWatt
17.81	130.31
0.64	130.32
0.64
3.13
0.63
0.49
0.50
0.62
0.49
0.39
0.46
0.39
0.42
0.50
0.51
0.50
0.52
0.48
0.45
0.45
0.46
0.39
0.38
0.39
0.42
0.41
0.38
0.36
0.40
0.52
0.52
0.50
0.49
CorWatt	PkgWatt
17.82	130.31
0.66	130.30
0.66
0.63
3.08
0.49
0.50
0.61
0.51
0.38
0.44
0.37
0.40
0.50
0.51
0.51
0.52
0.44
0.45
0.45
0.46
0.40
0.40
0.41
0.44
0.42
0.38
0.36
0.38
0.51
0.52
0.50
0.51
CorWatt	PkgWatt
17.94	130.31
0.64	130.31
0.67
0.61
3.08
0.50
0.50
0.61
0.49
0.39
0.45
0.39
0.40
0.52
0.53
0.51
0.53
0.48
0.46
0.46
0.47
0.41
0.41
0.40
0.43
0.41
0.40
0.36
0.39
0.52
0.53
0.50
0.49
CorWatt	PkgWatt
17.38	129.70
0.62	129.72
0.65
0.59
2.12
0.52
0.77
0.64
0.53
0.42
0.47
0.39
0.44
0.54
0.51
0.51
0.52
0.49
0.48
0.48
0.48
0.39
0.38
0.39
0.41
0.44
0.37
0.37
0.38
0.53
0.54
0.51
0.50
CorWatt	PkgWatt
17.97	129.95
0.79	129.96
0.58
0.55
0.49
0.94
1.13
0.74
0.73
0.41
0.49
0.45
0.45
0.56
0.55
0.55
0.57
0.53
0.58
0.54
0.51
0.44
0.45
0.48
0.47
0.42
0.42
0.43
0.42
0.59
0.59
0.56
0.56
CorWatt	PkgWatt
16.27	128.30
0.58	128.27
0.53
0.51
0.44
1.30
0.76
0.73
0.74
0.39
0.45
0.39
0.41
0.52
0.51
0.50
0.52
0.46
0.53
0.49
0.47
0.40
0.38
0.39
0.42
0.37
0.35
0.36
0.35
0.52
0.52
0.50
0.50
CorWatt	PkgWatt
16.40	128.47
0.59	128.49
0.53
0.50
0.45
1.30
0.81
0.73
0.72
0.39
0.45
0.38
0.40
0.52
0.51
0.50
0.51
0.48
0.54
0.51
0.48
0.39
0.38
0.39
0.42
0.36
0.37
0.38
0.37
0.52
0.52
0.51
0.50
CorWatt	PkgWatt
16.30	128.49
0.60	128.49
0.50
0.45
0.45
1.24
0.88
0.72
0.72
0.40
0.44
0.38
0.40
0.52
0.51
0.51
0.51
0.46
0.50
0.49
0.46
0.40
0.39
0.41
0.42
0.38
0.35
0.37
0.36
0.51
0.51
0.52
0.52
CorWatt	PkgWatt
16.25	128.33
0.62	128.33
0.52
0.48
0.46
1.24
0.91
0.72
0.72
0.39
0.44
0.38
0.40
0.52
0.51
0.50
0.51
0.46
0.51
0.49
0.46
0.39
0.38
0.39
0.41
0.35
0.35
0.35
0.35
0.51
0.52
0.50
0.49
CorWatt	PkgWatt
17.61	130.09
0.60	130.09
0.53
0.49
0.45
3.19
0.56
0.52
0.53
0.39
0.45
0.37
0.40
0.51
0.51
0.50
0.52
0.48
0.50
0.50
0.47
0.40
0.39
0.40
0.42
0.41
0.38
0.36
0.36
0.52
0.51
0.50
0.50
CorWatt	PkgWatt
17.86	130.46
0.58	130.46
0.52
0.52
0.45
3.45
0.54
0.50
0.50
0.39
0.44
0.38
0.40
0.52
0.52
0.50
0.52
0.47
0.53
0.50
0.48
0.40
0.40
0.39
0.43
0.36
0.36
0.36
0.35
0.53
0.52
0.51
0.51
CorWatt	PkgWatt
17.60	130.35
0.58	130.35
0.50
0.48
0.44
3.46
0.52
0.49
0.50
0.38
0.44
0.38
0.40
0.51
0.51
0.52
0.51
0.45
0.50
0.49
0.47
0.40
0.39
0.39
0.42
0.39
0.36
0.37
0.35
0.51
0.51
0.50
0.50
CorWatt	PkgWatt
17.67	130.38
0.57	130.37
0.49
0.48
0.45
3.45
0.52
0.49
0.50
0.39
0.45
0.38
0.41
0.52
0.51
0.50
0.51
0.46
0.51
0.49
0.47
0.39
0.39
0.39
0.42
0.35
0.39
0.38
0.37
0.51
0.51
0.50
0.49
CorWatt	PkgWatt
17.81	130.54
0.59	130.54
0.52
0.49
0.46
3.45
0.53
0.49
0.50
0.39
0.43
0.38
0.40
0.52
0.51
0.50
0.52
0.46
0.51
0.50
0.46
0.42
0.38
0.39
0.44
0.37
0.36
0.36
0.36
0.52
0.54
0.53
0.53
CorWatt	PkgWatt
17.70	130.47
0.57	130.48
0.50
0.48
0.45
3.45
0.52
0.49
0.49
0.38
0.43
0.42
0.40
0.52
0.51
0.50
0.52
0.46
0.50
0.49
0.46
0.39
0.38
0.40
0.42
0.36
0.39
0.36
0.35
0.54
0.53
0.51
0.51
CorWatt	PkgWatt
17.73	130.70
0.58	130.69
0.49
0.50
0.46
3.45
0.53
0.49
0.50
0.39
0.43
0.37
0.39
0.52
0.51
0.51
0.52
0.53
0.52
0.50
0.46
0.40
0.38
0.40
0.41
0.38
0.36
0.36
0.35
0.52
0.52
0.50
0.51
CorWatt	PkgWatt
17.69	130.64
0.58	130.64
0.50
0.47
0.47
3.45
0.53
0.49
0.49
0.38
0.45
0.38
0.40
0.54
0.52
0.52
0.54
0.48
0.50
0.49
0.46
0.39
0.38
0.39
0.41
0.35
0.36
0.35
0.35
0.54
0.52
0.52
0.49
CorWatt	PkgWatt
17.72	130.60
0.59	130.60
0.53
0.47
0.47
3.45
0.53
0.49
0.50
0.38
0.44
0.40
0.41
0.54
0.51
0.51
0.52
0.45
0.51
0.49
0.46
0.42
0.38
0.39
0.42
0.36
0.36
0.36
0.35
0.51
0.51
0.50
0.51
CorWatt	PkgWatt
17.63	130.47
0.60	130.48
0.50
0.46
0.45
3.45
0.55
0.49
0.51
0.39
0.43
0.38
0.39
0.53
0.51
0.50
0.52
0.46
0.51
0.49
0.47
0.39
0.38
0.39
0.42
0.36
0.36
0.36
0.35
0.52
0.51
0.50
0.49
CorWatt	PkgWatt
17.62	130.48
0.62	130.48
0.50
0.45
0.45
3.46
0.54
0.49
0.51
0.38
0.43
0.37
0.39
0.53
0.53
0.51
0.53
0.45
0.50
0.49
0.46
0.39
0.39
0.39
0.41
0.36
0.36
0.35
0.35
0.51
0.51
0.50
0.50
CorWatt	PkgWatt
17.78	130.77
0.60	130.77
0.51
0.47
0.47
3.46
0.53
0.49
0.49
0.41
0.45
0.40
0.43
0.54
0.53
0.52
0.52
0.51
0.50
0.49
0.46
0.39
0.38
0.39
0.41
0.35
0.36
0.36
0.36
0.51
0.51
0.50
0.49
CorWatt	PkgWatt
18.38	130.49
0.66	130.50
0.56
0.55
0.73
1.23
0.84
0.69
0.64
0.44
0.46
0.41
0.47
0.58
0.55
0.56
0.56
0.54
0.55
0.56
0.52
0.45
0.43
0.44
0.53
0.48
0.75
0.43
0.41
0.60
0.59
0.61
0.60
CorWatt	PkgWatt
17.06	129.01
0.51	129.01
0.47
0.52
0.56
0.85
1.56
0.87
0.84
0.39
0.47
0.37
0.43
0.56
0.51
0.50
0.52
0.46
0.46
0.49
0.49
0.40
0.39
0.42
0.45
0.35
0.39
0.36
0.35
0.52
0.52
0.57
0.50
CorWatt	PkgWatt
17.27	129.30
0.54	129.30
0.47
0.55
0.60
0.84
1.14
1.32
0.84
0.41
0.46
0.38
0.41
0.54
0.54
0.54
0.56
0.45
0.48
0.49
0.55
0.43
0.39
0.39
0.44
0.37
0.40
0.35
0.35
0.51
0.52
0.51
0.50
CorWatt	PkgWatt
17.27	129.11
0.53	129.11
0.48
0.52
0.59
0.84
0.89
1.55
0.84
0.39
0.43
0.44
0.40
0.53
0.52
0.51
0.54
0.47
0.46
0.49
0.53
0.40
0.38
0.39
0.42
0.37
0.43
0.39
0.37
0.56
0.54
0.52
0.55
CorWatt	PkgWatt
16.93	128.98
0.52	128.97
0.50
0.53
0.56
0.84
0.89
1.55
0.84
0.39
0.43
0.38
0.40
0.50
0.51
0.50
0.54
0.45
0.46
0.49
0.51
0.40
0.40
0.43
0.42
0.37
0.37
0.36
0.35
0.52
0.52
0.51
0.50
CorWatt	PkgWatt
16.91	128.90
0.52	128.91
0.50
0.51
0.58
0.84
1.36
1.07
0.84
0.38
0.43
0.38
0.40
0.50
0.51
0.50
0.54
0.48
0.49
0.51
0.53
0.39
0.39
0.39
0.41
0.35
0.37
0.37
0.35
0.52
0.51
0.51
0.49
CorWatt	PkgWatt
17.49	129.53
0.52	129.53
0.50
0.53
0.57
0.94
1.86
0.96
0.94
0.38
0.42
0.38
0.40
0.50
0.51
0.51
0.53
0.46
0.46
0.49
0.53
0.40
0.38
0.39
0.42
0.39
0.38
0.36
0.35
0.51
0.51
0.51
0.50
CorWatt	PkgWatt
20.09	131.76
0.54	131.76
0.45
0.55
0.58
1.33
3.17
1.35
1.33
0.38
0.43
0.37
0.40
0.50
0.53
0.49
0.54
0.46
0.46
0.49
0.52
0.41
0.42
0.41
0.43
0.35
0.38
0.38
0.37
0.52
0.52
0.51
0.49
CorWatt	PkgWatt
20.10	131.78
0.56	131.78
0.46
0.54
0.56
1.34
3.15
1.35
1.34
0.38
0.44
0.37
0.41
0.50
0.51
0.51
0.54
0.46
0.47
0.49
0.54
0.41
0.40
0.41
0.44
0.36
0.39
0.37
0.35
0.52
0.53
0.52
0.50
CorWatt	PkgWatt
20.01	131.74
0.52	131.74
0.47
0.54
0.57
1.34
3.15
1.35
1.33
0.39
0.44
0.38
0.42
0.51
0.53
0.50
0.54
0.46
0.46
0.49
0.51
0.39
0.40
0.40
0.43
0.35
0.39
0.37
0.35
0.52
0.51
0.51
0.49
CorWatt	PkgWatt
20.19	132.05
0.52	132.05
0.47
0.54
0.57
1.33
1.52
2.99
1.33
0.38
0.43
0.38
0.39
0.51
0.53
0.50
0.56
0.48
0.47
0.50
0.52
0.41
0.41
0.42
0.45
0.39
0.37
0.37
0.37
0.53
0.51
0.52
0.51
CorWatt	PkgWatt
20.08	131.76
0.52	131.77
0.47
0.53
0.56
1.34
3.17
1.35
1.34
0.38
0.43
0.38
0.40
0.52
0.53
0.52
0.56
0.49
0.46
0.49
0.53
0.41
0.41
0.40
0.44
0.35
0.38
0.35
0.35
0.52
0.52
0.51
0.49
CorWatt	PkgWatt
20.05	131.70
0.54	131.69
0.48
0.54
0.58
1.34
1.90
2.60
1.34
0.40
0.43
0.38
0.39
0.51
0.52
0.51
0.52
0.47
0.46
0.50
0.53
0.40
0.39
0.39
0.42
0.37
0.39
0.36
0.35
0.51
0.51
0.51
0.51
CorWatt	PkgWatt
20.17	131.69
0.54	131.70
0.50
0.53
0.56
1.34
1.35
1.35
3.13
0.38
0.42
0.42
0.39
0.51
0.51
0.51
0.52
0.49
0.48
0.49
0.51
0.39
0.41
0.41
0.43
0.37
0.41
0.38
0.37
0.54
0.53
0.52
0.51
CorWatt	PkgWatt
19.87	131.65
0.52	131.65
0.49
0.54
0.57
1.34
1.35
1.35
3.13
0.38
0.43
0.38
0.39
0.50
0.51
0.51
0.51
0.45
0.46
0.49
0.51
0.40
0.39
0.39
0.42
0.35
0.38
0.36
0.35
0.52
0.50
0.50
0.50
CorWatt	PkgWatt
19.98	131.81
0.55	131.82
0.48
0.51
0.57
1.34
1.35
3.15
1.34
0.39
0.43
0.37
0.39
0.50
0.51
0.51
0.52
0.47
0.48
0.50
0.53
0.39
0.39
0.39
0.42
0.35
0.40
0.38
0.37
0.51
0.50
0.52
0.49
CorWatt	PkgWatt
20.15	131.73
0.54	131.73
0.47
0.52
0.55
1.34
1.35
3.16
1.34
0.40
0.44
0.38
0.41
0.51
0.52
0.53
0.52
0.47
0.47
0.49
0.51
0.42
0.40
0.42
0.42
0.37
0.38
0.38
0.36
0.52
0.51
0.54
0.53
CorWatt	PkgWatt
18.70	130.60
0.55	130.61
0.50
0.53
0.55
1.12
1.16
2.52
1.12
0.38
0.43
0.38
0.40
0.50
0.55
0.51
0.52
0.47
0.46
0.45
0.51
0.39
0.39
0.40
0.42
0.35
0.39
0.37
0.35
0.52
0.51
0.51
0.50
CorWatt	PkgWatt
20.40	135.29
0.81	135.31
0.50
0.57
0.56
0.58
3.69
0.63
0.58
0.42
0.47
0.42
0.45
0.55
0.58
0.57
0.58
0.56
0.52
0.53
0.55
0.46
0.45
0.45
0.47
0.47
0.46
0.42
0.73
0.59
0.58
0.58
0.63
CorWatt	PkgWatt
20.27	137.91
0.61	137.90
0.46
0.53
0.45
0.50
6.02
0.55
0.49
0.38
0.43
0.37
0.39
0.51
0.55
0.51
0.52
0.46
0.48
0.45
0.48
0.39
0.38
0.39
0.42
0.35
0.37
0.36
0.35
0.52
0.51
0.51
0.55
CorWatt	PkgWatt
20.60	138.11
0.60	138.11
0.47
0.52
0.46
0.51
6.02
0.56
0.51
0.39
0.44
0.38
0.41
0.51
0.56
0.54
0.53
0.48
0.47
0.47
0.47
0.41
0.39
0.40
0.43
0.38
0.40
0.38
0.37
0.53
0.52
0.51
0.57
CorWatt	PkgWatt
20.46	138.19
0.61	138.20
0.44
0.52
0.45
0.50
6.03
0.53
0.50
0.39
0.43
0.39
0.42
0.52
0.55
0.53
0.55
0.47
0.48
0.46
0.48
0.39
0.38
0.39
0.42
0.36
0.42
0.38
0.38
0.52
0.51
0.50
0.54
CorWatt	PkgWatt
20.48	138.15
0.61	138.15
0.46
0.54
0.46
0.51
6.02
0.54
0.51
0.40
0.43
0.38
0.40
0.50
0.55
0.56
0.55
0.46
0.46
0.46
0.48
0.42
0.38
0.41
0.44
0.36
0.35
0.36
0.36
0.52
0.54
0.53
0.53
CorWatt	PkgWatt
20.51	138.11
0.63	138.11
0.45
0.52
0.45
0.51
6.03
0.54
0.50
0.39
0.44
0.42
0.40
0.51
0.57
0.59
0.54
0.46
0.46
0.45
0.47
0.40
0.40
0.39
0.42
0.36
0.39
0.37
0.35
0.54
0.54
0.53
0.50
CorWatt	PkgWatt
20.51	138.13
0.60	138.12
0.46
0.54
0.46
0.51
6.03
0.55
0.51
0.38
0.43
0.38
0.40
0.50
0.55
0.58
0.54
0.54
0.48
0.47
0.47
0.40
0.39
0.39
0.44
0.39
0.35
0.37
0.35
0.52
0.51
0.52
0.51
CorWatt	PkgWatt
20.43	138.29
0.60	138.29
0.44
0.53
0.45
0.50
6.03
0.53
0.50
0.39
0.45
0.39
0.39
0.52
0.56
0.57
0.57
0.47
0.47
0.45
0.47
0.40
0.39
0.39
0.43
0.36
0.36
0.36
0.36
0.53
0.51
0.54
0.51
CorWatt	PkgWatt
20.51	138.21
0.60	138.22
0.49
0.54
0.48
0.50
6.03
0.54
0.53
0.39
0.45
0.40
0.42
0.51
0.55
0.56
0.55
0.47
0.47
0.46
0.47
0.42
0.39
0.39
0.43
0.36
0.35
0.37
0.36
0.52
0.51
0.51
0.51
CorWatt	PkgWatt
20.34	138.22
0.60	138.22
0.49
0.55
0.45
0.51
6.03
0.53
0.51
0.38
0.43
0.39
0.40
0.51
0.55
0.55
0.54
0.46
0.47
0.46
0.47
0.39
0.39
0.39
0.42
0.36
0.35
0.36
0.36
0.52
0.51
0.51
0.50
CorWatt	PkgWatt
20.49	138.22
0.60	138.21
0.49
0.54
0.45
0.52
6.04
0.56
0.53
0.39
0.43
0.38
0.40
0.51
0.57
0.57
0.56
0.46
0.47
0.46
0.47
0.40
0.40
0.39
0.42
0.36
0.36
0.36
0.35
0.52
0.51
0.51
0.52
CorWatt	PkgWatt
20.57	138.55
0.60	138.56
0.50
0.54
0.46
0.50
6.03
0.54
0.51
0.41
0.45
0.41
0.41
0.53
0.57
0.60
0.54
0.46
0.47
0.46
0.47
0.39
0.39
0.39
0.43
0.36
0.36
0.37
0.37
0.52
0.51
0.51
0.51
CorWatt	PkgWatt
20.54	138.31
0.61	138.31
0.49
0.52
0.46
0.50
6.03
0.55
0.52
0.39
0.44
0.38
0.40
0.51
0.55
0.58
0.54
0.52
0.47
0.49
0.47
0.40
0.39
0.39
0.44
0.38
0.36
0.37
0.35
0.52
0.51
0.52
0.52
CorWatt	PkgWatt
20.63	138.47
0.60	138.46
0.47
0.53
0.45
0.52
6.03
0.53
0.51
0.41
0.46
0.39
0.43
0.53
0.57
0.57
0.57
0.47
0.48
0.46
0.48
0.41
0.39
0.41
0.45
0.37
0.37
0.37
0.37
0.52
0.52
0.51
0.52
CorWatt	PkgWatt
21.03	138.71
0.55	138.71
0.60
0.53
0.45
0.54
6.04
0.55
0.56
0.42
0.45
0.40
0.41
0.54
0.58
0.55
0.53
0.48
0.49
0.50
0.49
0.43
0.40
0.42
0.45
0.38
0.42
0.41
0.37
0.53
0.53
0.51
0.53
CorWatt	PkgWatt
20.72	138.61
0.55	138.62
0.55
0.54
0.49
0.51
6.03
0.54
0.52
0.40
0.43
0.43
0.40
0.52
0.55
0.53
0.51
0.47
0.47
0.46
0.47
0.40
0.39
0.39
0.43
0.39
0.40
0.41
0.36
0.54
0.56
0.53
0.56
CorWatt	PkgWatt
20.46	138.26
0.55	138.25
0.58
0.55
0.44
0.50
6.03
0.55
0.51
0.40
0.43
0.38
0.40
0.51
0.55
0.52
0.52
0.45
0.47
0.45
0.47
0.41
0.41
0.41
0.43
0.36
0.37
0.41
0.35
0.51
0.51
0.51
0.51
CorWatt	PkgWatt
19.65	133.64
0.62	133.65
0.60
0.62
0.53
0.57
2.37
0.61
0.56
0.47
0.49
0.44
0.49
0.58
0.65
0.62
0.58
1.05
0.56
0.53
0.54
0.46
0.74
0.46
0.49
0.44
0.44
0.49
0.43
0.56
0.56
0.55
0.55
CorWatt	PkgWatt
17.98	131.07
0.55	131.05
0.47
0.57
0.47
0.51
0.54
0.52
0.51
0.40
0.43
0.38
0.40
0.51
0.56
0.54
0.53
0.59
0.48
0.47
0.48
0.43
3.11
0.45
0.45
0.39
0.38
0.41
0.36
0.52
0.51
0.52
0.52
CorWatt	PkgWatt
17.81	130.72
0.55	130.73
0.45
0.57
0.46
0.50
0.50
0.50
0.51
0.40
0.43
0.39
0.40
0.51
0.55
0.58
0.51
0.58
0.48
0.46
0.48
0.43
3.06
0.49
0.46
0.36
0.38
0.38
0.36
0.52
0.53
0.52
0.50
CorWatt	PkgWatt
17.62	130.47
0.55	130.47
0.45
0.54
0.45
0.49
0.52
0.50
0.51
0.39
0.43
0.37
0.42
0.50
0.56
0.57
0.53
0.57
0.47
0.46
0.47
0.42
3.02
0.47
0.45
0.35
0.37
0.37
0.35
0.51
0.53
0.50
0.50
CorWatt	PkgWatt
17.53	130.44
0.52	130.44
0.44
0.55
0.45
0.49
0.50
0.49
0.48
0.40
0.46
0.39
0.42
0.51
0.55
0.58
0.52
0.57
0.47
0.46
0.47
0.41
3.04
0.44
0.45
0.35
0.37
0.37
0.35
0.51
0.50
0.51
0.50
CorWatt	PkgWatt
17.65	130.51
0.56	130.48
0.46
0.53
0.44
0.49
0.53
0.51
0.52
0.40
0.44
0.38
0.40
0.51
0.57
0.56
0.53
0.57
0.47
0.46
0.47
0.43
3.04
0.47
0.46
0.35
0.37
0.37
0.35
0.52
0.51
0.51
0.50
CorWatt	PkgWatt
17.70	130.33
0.53	130.35
0.48
0.53
0.45
0.51
0.50
0.49
0.50
0.40
0.43
0.39
0.40
0.53
0.56
0.60
0.53
0.61
0.46
0.47
0.48
0.43
3.02
0.46
0.46
0.35
0.39
0.37
0.35
0.52
0.51
0.51
0.50
CorWatt	PkgWatt
17.47	130.22
0.54	130.22
0.46
0.52
0.45
0.49
0.50
0.49
0.50
0.41
0.43
0.38
0.39
0.50
0.54
0.54
0.53
0.57
0.46
0.46
0.47
0.42
3.02
0.46
0.45
0.37
0.38
0.35
0.36
0.52
0.51
0.51
0.50
CorWatt	PkgWatt
17.64	130.27
0.54	130.27
0.45
0.51
0.45
0.48
0.49
0.50
0.48
0.40
0.43
0.42
0.40
0.50
0.54
0.55
0.53
0.59
0.48
0.45
0.47
0.41
3.06
0.47
0.45
0.37
0.38
0.38
0.35
0.54
0.54
0.52
0.51
CorWatt	PkgWatt
17.46	130.27
0.54	130.26
0.43
0.52
0.44
0.49
0.51
0.50
0.50
0.39
0.43
0.38
0.39
0.50
0.55
0.54
0.53
0.55
0.46
0.46
0.47
0.42
3.02
0.46
0.46
0.36
0.39
0.36
0.35
0.52
0.51
0.52
0.51
CorWatt	PkgWatt
17.41	129.99
0.52	130.00
0.48
0.51
0.44
0.48
0.50
0.48
0.48
0.39
0.43
0.37
0.40
0.51
0.53
0.54
0.52
0.58
0.48
0.45
0.49
0.41
3.02
0.46
0.44
0.35
0.39
0.37
0.37
0.51
0.51
0.51
0.49
CorWatt	PkgWatt
17.47	129.95
0.52	129.95
0.47
0.52
0.44
0.49
0.51
0.49
0.49
0.41
0.43
0.36
0.39
0.50
0.54
0.56
0.52
0.58
0.46
0.45
0.46
0.42
3.02
0.46
0.45
0.36
0.37
0.37
0.35
0.51
0.52
0.53
0.52
CorWatt	PkgWatt
17.32	129.84
0.54	129.84
0.48
0.52
0.45
0.49
0.49
0.48
0.48
0.39
0.42
0.38
0.40
0.50
0.53
0.55
0.52
0.57
0.46
0.46
0.46
0.41
3.02
0.44
0.45
0.35
0.37
0.35
0.35
0.51
0.51
0.51
0.49
CorWatt	PkgWatt
17.40	129.87
0.54	129.86
0.43
0.51
0.44
0.49
0.50
0.50
0.49
0.39
0.43
0.37
0.39
0.50
0.54
0.54
0.52
0.57
0.46
0.47
0.48
0.43
3.04
0.45
0.44
0.39
0.39
0.35
0.35
0.51
0.50
0.51
0.50
CorWatt	PkgWatt
17.29	129.90
0.53	129.92
0.44
0.52
0.43
0.48
0.49
0.49
0.47
0.39
0.42
0.37
0.41
0.52
0.56
0.54
0.53
0.56
0.47
0.45
0.48
0.41
3.01
0.44
0.45
0.35
0.38
0.36
0.35
0.50
0.50
0.51
0.49
CorWatt	PkgWatt
17.26	129.66
0.53	129.64
0.45
0.50
0.42
0.48
0.49
0.49
0.48
0.38
0.42
0.37
0.40
0.50
0.54
0.57
0.52
0.56
0.46
0.45
0.46
0.42
3.02
0.45
0.44
0.36
0.39
0.36
0.35
0.50
0.50
0.50
0.50
CorWatt	PkgWatt
17.38	129.69
0.53	129.69
0.43
0.50
0.44
0.48
0.48
0.49
0.49
0.39
0.43
0.38
0.42
0.51
0.54
0.57
0.52
0.57
0.47
0.44
0.49
0.41
3.01
0.44
0.44
0.35
0.41
0.37
0.37
0.50
0.50
0.50
0.49
CorWatt	PkgWatt
17.52	129.74
0.54	129.74
0.48
0.52
0.46
0.49
0.50
0.49
0.50
0.42
0.42
0.38
0.39
0.50
0.54
0.55
0.54
0.57
0.48
0.47
0.46
0.44
2.88
0.46
0.45
0.37
0.37
0.39
0.39
0.51
0.53
0.52
0.53
CorWatt	PkgWatt
18.14	129.65
0.59	129.67
0.51
0.56
0.74
0.73
1.11
0.75
0.70
0.45
0.49
0.47
0.45
0.56
0.90
0.61
0.59
0.55
0.54
0.51
0.54
0.44
0.51
0.45
0.47
0.40
0.41
0.40
0.41
0.57
0.57
0.59
0.57
CorWatt	PkgWatt
16.21	127.80
0.53	127.79
0.43
0.52
0.56
0.79
1.36
0.78
0.75
0.38
0.42
0.36
0.38
0.49
0.50
0.53
0.52
0.46
0.47
0.45
0.46
0.39
0.45
0.38
0.42
0.37
0.35
0.35
0.35
0.50
0.49
0.50
0.50
CorWatt	PkgWatt
16.35	127.88
0.55	127.87
0.44
0.51
0.55
0.79
1.01
1.17
0.75
0.39
0.45
0.38
0.40
0.51
0.52
0.52
0.55
0.45
0.47
0.44
0.46
0.39
0.44
0.38
0.41
0.35
0.35
0.35
0.35
0.52
0.50
0.52
0.49
CorWatt	PkgWatt
16.29	127.96
0.59	127.95
0.44
0.53
0.44
0.79
0.95
1.27
0.75
0.38
0.45
0.39
0.40
0.50
0.50
0.51
0.54
0.45
0.46
0.44
0.47
0.39
0.44
0.38
0.41
0.35
0.35
0.35
0.35
0.50
0.49
0.50
0.50
CorWatt	PkgWatt
16.18	127.71
0.61	127.72
0.44
0.52
0.44
0.78
1.09
1.12
0.75
0.39
0.43
0.37
0.38
0.49
0.50
0.50
0.53
0.45
0.45
0.45
0.47
0.38
0.43
0.38
0.40
0.36
0.36
0.36
0.35
0.50
0.49
0.50
0.49
CorWatt	PkgWatt
17.12	128.48
0.61	128.48
0.49
0.51
0.43
0.91
0.92
1.91
0.89
0.38
0.43
0.36
0.37
0.49
0.53
0.51
0.54
0.45
0.45
0.44
0.46
0.38
0.43
0.42
0.41
0.35
0.35
0.35
0.35
0.50
0.49
0.50
0.50
CorWatt	PkgWatt
19.28	130.38
0.61	130.39
0.44
0.52
0.45
1.18
1.20
3.21
1.16
0.40
0.45
0.41
0.40
0.52
0.52
0.51
0.53
0.45
0.45
0.45
0.47
0.38
0.42
0.38
0.41
0.35
0.35
0.35
0.36
0.50
0.49
0.49
0.49
CorWatt	PkgWatt
19.39	130.62
0.64	130.61
0.46
0.52
0.44
1.22
1.23
2.90
1.51
0.38
0.42
0.37
0.38
0.49
0.50
0.51
0.53
0.45
0.45
0.46
0.46
0.39
0.41
0.38
0.43
0.38
0.35
0.36
0.35
0.50
0.49
0.51
0.51
CorWatt	PkgWatt
19.43	130.46
0.60	130.47
0.44
0.53
0.45
1.22
1.23
1.22
3.17
0.39
0.44
0.37
0.40
0.51
0.50
0.52
0.54
0.48
0.45
0.45
0.47
0.39
0.38
0.40
0.44
0.35
0.36
0.36
0.35
0.50
0.50
0.51
0.51
CorWatt	PkgWatt
19.16	130.26
0.60	130.26
0.43
0.51
0.44
1.22
1.23
1.88
2.52
0.39
0.42
0.37
0.38
0.49
0.50
0.51
0.50
0.45
0.45
0.44
0.47
0.39
0.38
0.38
0.42
0.35
0.36
0.35
0.35
0.50
0.49
0.49
0.50
CorWatt	PkgWatt
19.42	130.50
0.61	130.50
0.44
0.51
0.47
1.22
1.23
1.22
3.17
0.38
0.42
0.43
0.38
0.49
0.50
0.51
0.50
0.44
0.45
0.44
0.46
0.38
0.38
0.38
0.42
0.38
0.39
0.35
0.35
0.53
0.53
0.52
0.54
CorWatt	PkgWatt
19.21	130.46
0.59	130.44
0.50
0.55
0.43
1.18
1.19
1.18
3.19
0.39
0.42
0.38
0.38
0.49
0.51
0.52
0.51
0.46
0.45
0.44
0.46
0.40
0.40
0.39
0.41
0.35
0.36
0.35
0.35
0.50
0.49
0.49
0.50
CorWatt	PkgWatt
19.24	130.34
0.59	130.35
0.50
0.52
0.45
1.22
1.23
1.22
3.18
0.38
0.42
0.37
0.38
0.49
0.50
0.51
0.50
0.45
0.47
0.46
0.49
0.38
0.38
0.38
0.42
0.35
0.36
0.36
0.35
0.50
0.49
0.49
0.49
CorWatt	PkgWatt
19.20	130.29
0.59	130.29
0.49
0.53
0.44
1.23
1.23
1.22
3.18
0.38
0.42
0.38
0.38
0.49
0.50
0.51
0.50
0.44
0.45
0.44
0.46
0.39
0.38
0.37
0.41
0.38
0.36
0.35
0.35
0.50
0.49
0.49
0.50
CorWatt	PkgWatt
19.33	130.33
0.59	130.34
0.47
0.52
0.46
1.22
1.23
3.18
1.22
0.38
0.42
0.37
0.38
0.49
0.51
0.50
0.50
0.45
0.45
0.45
0.46
0.41
0.38
0.40
0.43
0.35
0.37
0.36
0.36
0.50
0.51
0.49
0.49
CorWatt	PkgWatt
19.21	130.34
0.60	130.33
0.48
0.51
0.44
1.19
1.20
3.19
1.18
0.39
0.43
0.37
0.40
0.49
0.50
0.51
0.51
0.45
0.46
0.44
0.46
0.40
0.39
0.38
0.42
0.35
0.36
0.35
0.35
0.50
0.51
0.50
0.50
CorWatt	PkgWatt
19.19	130.24
0.60	130.24
0.43
0.52
0.44
1.21
1.22
2.66
1.72
0.39
0.44
0.39
0.40
0.51
0.50
0.50
0.51
0.44
0.45
0.45
0.46
0.38
0.38
0.38
0.41
0.35
0.36
0.35
0.35
0.50
0.49
0.51
0.49
CorWatt	PkgWatt
18.98	129.90
0.75	129.93
0.57
0.63
0.59
0.98
0.97
0.94
1.90
0.44
0.48
0.42
0.45
0.56
0.57
0.58
0.57
0.46
0.50
0.50
0.48
0.45
0.40
0.43
0.46
0.39
0.42
0.49
0.41
0.54
0.53
0.58
0.53
