CorWatt	PkgWatt
15.56	128.17
0.54	128.17
0.52
0.50
0.48
0.53
0.56
0.53
0.54
0.42
0.54
0.43
0.44
0.53
0.54
0.57
0.55
0.47
0.49
0.46
0.53
0.41
0.40
0.40
0.42
0.39
0.38
0.42
0.38
0.56
0.54
0.55
0.53
CorWatt	PkgWatt
15.02	127.76
0.52	127.75
0.49
0.46
0.45
0.50
0.52
0.54
0.50
0.43
0.48
0.42
0.41
0.51
0.54
0.57
0.54
0.48
0.46
0.46
0.50
0.41
0.39
0.39
0.40
0.39
0.36
0.37
0.38
0.56
0.55
0.51
0.50
CorWatt	PkgWatt
68.59	182.71
0.91	182.82
2.13
2.17
2.14
2.20
2.23
2.24
2.18
2.11
2.11
2.11
2.07
2.24
2.23
2.25
2.25
2.18
2.17
2.00
2.02
2.12
2.11
1.97
1.93
2.14
2.14
1.92
1.90
2.33
2.27
3.72
2.11
