CorWatt	PkgWatt
15.18	127.14
0.50	127.15
0.51
0.46
0.49
0.50
0.49
0.51
0.48
0.40
0.46
0.40
0.44
0.53
0.53
0.57
0.53
0.47
0.47
0.47
0.48
0.39
0.45
0.40
0.52
0.39
0.38
0.38
0.37
0.54
0.59
0.53
0.52
CorWatt	PkgWatt
14.64	126.78
0.51	126.91
0.52
0.46
0.51
0.48
0.48
0.48
0.50
0.38
0.47
0.38
0.37
0.54
0.50
0.50
0.51
0.45
0.47
0.46
0.47
0.39
0.40
0.38
0.41
0.39
0.35
0.40
0.35
0.54
0.54
0.53
0.50
CorWatt	PkgWatt
20.70	131.92
0.59	131.83
0.65
0.64
0.65
0.62
0.57
0.60
0.67
0.71
0.69
0.68
0.61
0.67
0.69
0.71
0.75
0.65
0.66
0.73
0.81
0.61
0.62
0.62
0.73
0.54
0.50
0.50
0.52
0.66
0.71
0.63
0.70
CorWatt	PkgWatt
15.65	127.71
0.56	127.68
0.58
0.54
0.49
0.51
0.51
0.53
0.55
0.42
0.56
0.47
0.40
0.54
0.56
0.57
0.56
0.49
0.51
0.50
0.49
0.43
0.42
0.41
0.49
0.36
0.35
0.37
0.37
0.55
0.51
0.50
0.53
CorWatt	PkgWatt
15.48	127.48
0.50	127.48
0.57
0.53
0.49
0.49
0.49
0.52
0.50
0.39
0.48
0.43
0.41
0.50
0.51
0.57
0.52
0.50
0.51
0.49
0.51
0.50
0.45
0.45
0.47
0.46
0.38
0.36
0.35
0.55
0.56
0.52
0.53
CorWatt	PkgWatt
16.61	128.11
0.55	128.15
0.57
0.55
0.55
0.53
0.53
0.57
0.55
0.45
0.51
0.48
0.46
0.57
0.57
0.60
0.59
0.54
0.54
0.53
0.53
0.53
0.49
0.47
0.46
0.41
0.40
0.44
0.39
0.56
0.56
0.54
0.57
CorWatt	PkgWatt
15.82	127.66
0.61	127.61
0.59
0.53
0.50
0.56
0.55
0.54
0.54
0.43
0.48
0.42
0.46
0.52
0.51
0.57
0.51
0.50
0.50
0.46
0.49
0.45
0.47
0.46
0.45
0.42
0.38
0.39
0.38
0.53
0.53
0.56
0.53
CorWatt	PkgWatt
15.22	127.18
0.51	127.18
0.55
0.51
0.45
0.51
0.49
0.49
0.51
0.39
0.46
0.43
0.39
0.51
0.50
0.53
0.54
0.51
0.52
0.51
0.50
0.51
0.45
0.45
0.43
0.39
0.36
0.38
0.35
0.51
0.58
0.51
0.50
CorWatt	PkgWatt
16.18	127.93
0.53	127.95
0.57
0.54
0.52
0.53
0.56
0.56
0.53
0.44
0.49
0.43
0.44
0.55
0.58
0.59
0.57
0.53
0.52
0.58
0.52
0.46
0.47
0.45
0.45
0.41
0.39
0.40
0.36
0.55
0.55
0.55
0.54
CorWatt	PkgWatt
15.53	127.37
0.51	127.37
0.55
0.51
0.46
0.51
0.49
0.49
0.52
0.45
0.52
0.44
0.46
0.60
0.55
0.57
0.64
0.50
0.50
0.48
0.50
0.45
0.44
0.38
0.40
0.40
0.38
0.38
0.35
0.55
0.54
0.51
0.54
CorWatt	PkgWatt
15.57	127.48
0.59	127.48
0.58
0.53
0.49
0.54
0.55
0.56
0.52
0.42
0.47
0.43
0.43
0.52
0.52
0.56
0.53
0.49
0.47
0.46
0.46
0.43
0.41
0.44
0.39
0.41
0.39
0.42
0.38
0.56
0.54
0.54
0.54
CorWatt	PkgWatt
15.32	127.37
0.49	127.37
0.52
0.51
0.47
0.52
0.52
0.54
0.54
0.37
0.45
0.41
0.40
0.54
0.53
0.54
0.53
0.48
0.50
0.46
0.46
0.43
0.43
0.41
0.38
0.40
0.41
0.44
0.41
0.56
0.60
0.55
0.54
CorWatt	PkgWatt
19.24	130.31
0.62	130.33
0.65
0.67
0.55
0.66
0.72
0.62
0.68
0.57
0.59
0.60
0.57
0.61
0.65
0.65
0.63
0.54
0.58
0.57
0.59
0.53
0.51
0.48
0.47
0.55
0.53
0.52
0.46
0.73
0.67
0.77
0.69
