CorWatt	PkgWatt
15.09	127.29
0.51	127.30
0.48
0.53
0.54
0.53
0.53
0.54
0.51
0.42
0.46
0.47
0.39
0.51
0.50
0.51
0.52
0.47
0.50
0.51
0.46
0.38
0.39
0.38
0.38
0.37
0.38
0.38
0.37
0.53
0.53
0.55
0.53
CorWatt	PkgWatt
14.77	126.90
0.49	126.93
0.49
0.53
0.52
0.50
0.53
0.52
0.50
0.41
0.46
0.37
0.38
0.53
0.52
0.50
0.52
0.45
0.47
0.51
0.46
0.39
0.39
0.39
0.38
0.40
0.35
0.36
0.35
0.52
0.52
0.53
0.51
CorWatt	PkgWatt
18.35	130.50
0.63	130.50
0.57
0.58
0.56
0.66
0.58
0.59
0.60
0.54
0.56
0.50
0.49
0.60
0.64
0.60
0.64
0.59
0.59
0.59
0.59
0.53
0.53
0.63
0.58
0.51
0.42
0.55
0.52
0.58
0.56
0.64
0.61
CorWatt	PkgWatt
15.00	127.18
0.49	127.15
0.47
0.51
0.47
0.57
0.50
0.48
0.47
0.45
0.48
0.37
0.43
0.50
0.50
0.49
0.50
0.46
0.47
0.54
0.46
0.43
0.39
0.45
0.42
0.46
0.39
0.41
0.38
0.52
0.52
0.52
0.49
CorWatt	PkgWatt
14.80	126.97
0.49	126.96
0.45
0.49
0.46
0.56
0.51
0.51
0.48
0.39
0.46
0.36
0.40
0.50
0.52
0.48
0.51
0.47
0.49
0.50
0.45
0.43
0.39
0.44
0.41
0.43
0.39
0.40
0.36
0.52
0.51
0.53
0.51
CorWatt	PkgWatt
14.62	126.64
0.50	126.63
0.43
0.49
0.44
0.56
0.49
0.49
0.48
0.39
0.44
0.40
0.40
0.51
0.50
0.49
0.51
0.46
0.47
0.51
0.46
0.42
0.39
0.43
0.38
0.40
0.37
0.38
0.40
0.51
0.51
0.52
0.49
CorWatt	PkgWatt
14.84	126.94
0.51	126.95
0.46
0.48
0.45
0.56
0.51
0.50
0.48
0.38
0.45
0.37
0.45
0.49
0.52
0.48
0.51
0.45
0.48
0.50
0.45
0.43
0.39
0.45
0.39
0.37
0.37
0.39
0.37
0.57
0.52
0.56
0.54
CorWatt	PkgWatt
15.30	127.49
0.57	127.47
0.48
0.62
0.46
0.56
0.50
0.49
0.48
0.42
0.44
0.38
0.42
0.51
0.51
0.50
0.52
0.55
0.48
0.51
0.50
0.45
0.45
0.45
0.44
0.39
0.37
0.37
0.36
0.53
0.52
0.55
0.51
