CorWatt	PkgWatt
8.27	163.46
0.16	81.98
0.16
0.15
0.15
0.14
0.14
0.14
0.14
0.13
0.13
0.13
0.13
0.12
0.12
0.12
0.12
0.15
0.15
0.15
0.15
0.15
0.15
0.14
0.14
0.14
0.14
0.14
0.14
0.13
0.13
0.13
0.13
0.13	81.50
0.13
0.13
0.13
0.13
0.13
0.13
0.13
0.11
0.11
0.11
0.11
0.11
0.11
0.11
0.11
0.13
0.13
0.12
0.13
0.13
0.13
0.13
0.13
0.12
0.12
0.12
0.12
0.11
0.11
0.11
0.11
CorWatt	PkgWatt
7.92	160.85
0.15	80.43
0.15
0.14
0.14
0.13
0.13
0.13
0.13
0.12
0.12
0.12
0.12
0.11
0.11
0.11
0.11
0.13
0.13
0.13
0.13
0.16
0.15
0.13
0.14
0.13
0.13
0.13
0.13
0.12
0.12
0.12
0.12
0.12	80.35
0.12
0.12
0.12
0.13
0.12
0.12
0.12
0.12
0.11
0.11
0.14
0.14
0.10
0.10
0.10
0.12
0.13
0.12
0.12
0.12
0.12
0.12
0.14
0.11
0.11
0.11
0.12
0.11
0.12
0.11
0.11
