CorWatt	PkgWatt
254.36	448.75
3.92	241.82
4.62
4.47
4.07
4.42
3.97
4.53
4.56
3.90
4.70
5.36
4.59
3.60
3.61
3.68
4.09
4.37
4.53
4.82
4.41
5.19
4.83
4.89
5.44
5.03
4.66
4.18
4.47
4.79
3.93
3.96
4.56
3.99	218.12
3.42
3.95
3.80
4.36
4.26
4.48
4.44
4.30
3.06
2.98
2.97
3.08
3.02
3.55
3.71
3.48
3.13
3.27
3.07
3.70
4.09
3.34
3.65
4.03
3.34
3.72
4.92
3.79
3.09
3.13
3.70
CorWatt	PkgWatt
244.96	440.81
4.79	231.57
5.35
3.98
3.64
3.94
4.14
4.57
4.26
4.05
3.84
3.52
4.17
4.02
3.73
4.22
4.22
4.20
4.08
4.79
4.36
4.76
3.86
4.17
4.45
3.81
4.60
3.96
4.29
4.24
4.01
4.41
4.00
3.10	207.73
3.19
4.24
3.67
3.61
3.34
3.46
3.00
3.28
3.29
3.06
2.87
3.45
2.61
3.25
3.67
2.95
3.78
4.01
3.30
4.23
3.37
3.74
3.20
3.05
3.07
3.19
3.00
3.49
2.77
3.54
3.72
CorWatt	PkgWatt
243.27	452.22
4.18	230.25
3.37
3.66
3.48
3.57
4.44
4.52
4.45
3.60
3.53
3.54
4.29
3.49
3.91
3.92
3.98
3.75
3.40
4.21
4.54
4.37
4.05
4.46
4.70
4.24
3.86
4.20
4.10
5.00
4.64
4.07
4.82
3.74	215.45
3.85
3.70
3.68
3.80
3.21
3.90
3.26
3.08
3.12
2.91
2.85
3.43
3.61
3.98
4.03
3.71
3.88
3.58
4.33
4.42
2.76
2.51
2.47
3.35
3.46
3.64
3.27
3.73
4.37
4.21
3.70
CorWatt	PkgWatt
286.50	536.98
4.33	231.32
4.88
3.96
5.02
4.35
4.42
4.24
4.21
4.23
5.11
3.68
4.85
2.53
2.41
2.64
2.45
3.21
3.48
3.55
3.64
4.26
4.30
4.57
3.82
4.34
4.45
4.48
4.21
4.06
3.46
3.89
4.22
4.69	238.35
4.19
4.31
3.96
3.81
3.70
4.20
4.41
3.30
3.94
4.29
3.98
4.95
4.39
4.02
4.23
4.71
3.91
4.59
4.17
3.93
3.67
3.64
3.78
4.81
4.54
4.39
4.26
4.57
4.55
4.01
4.66
CorWatt	PkgWatt
248.18	457.63
4.35	219.40
4.65
3.89
3.94
3.30
3.59
4.26
4.40
3.38
3.57
3.84
3.49
1.83
2.06
1.92
2.05
3.48
3.30
3.50
3.29
3.44
4.14
4.05
4.49
3.72
3.85
3.96
4.01
3.58
3.55
3.66
3.16
4.39	238.09
3.86
4.21
4.16
4.60
3.37
3.90
4.40
4.68
3.60
3.61
3.93
4.72
4.31
4.14
3.55
3.77
4.55
4.36
4.34
4.85
3.72
5.05
3.63
4.65
4.71
4.32
3.76
4.20
4.52
4.41
4.14
CorWatt	PkgWatt
270.51	479.48
3.54	234.76
3.41
3.51
3.61
4.26
4.02
4.89
4.15
3.33
4.41
4.73
4.64
3.12
3.71
3.57
3.60
3.47
3.95
3.64
3.61
4.21
5.17
5.00
4.29
4.10
3.64
3.35
4.76
3.35
4.39
5.58
4.53
5.39	244.71
3.80
5.47
4.14
5.34
4.94
5.11
4.95
4.27
3.77
3.65
3.94
3.71
5.14
5.47
5.30
5.01
4.29
3.45
4.70
3.75
3.34
4.16
3.38
4.37
3.92
4.04
5.23
4.04
4.22
4.17
4.49
