CorWatt	PkgWatt
15.08	127.07
0.52	127.07
0.46
0.49
0.45
0.51
0.51
0.56
0.50
0.46
0.47
0.46
0.51
0.51
0.53
0.52
0.53
0.45
0.48
0.48
0.47
0.44
0.40
0.43
0.40
0.38
0.37
0.36
0.38
0.51
0.51
0.54
0.51
CorWatt	PkgWatt
14.65	126.73
0.48	126.83
0.43
0.48
0.45
0.49
0.49
0.54
0.48
0.40
0.46
0.41
0.40
0.51
0.51
0.50
0.56
0.46
0.48
0.45
0.54
0.42
0.38
0.41
0.38
0.37
0.38
0.37
0.36
0.53
0.50
0.50
0.51
CorWatt	PkgWatt
24.07	135.30
0.71	135.25
0.68
0.67
0.64
0.86
0.75
0.80
0.87
0.67
0.67
0.81
0.64
0.76
0.77
0.83
0.79
0.66
0.69
0.67
0.74
0.56
0.67
0.89
2.21
0.61
0.58
0.58
0.56
0.66
0.62
0.79
0.65
CorWatt	PkgWatt
17.34	128.82
0.54	128.80
0.49
0.54
0.50
0.54
0.53
0.59
0.62
0.46
0.46
0.41
0.50
0.55
0.56
0.54
0.54
0.75
1.04
0.71
0.90
0.47
0.49
0.49
0.54
0.36
0.40
0.36
0.37
0.51
0.56
0.51
0.52
CorWatt	PkgWatt
17.12	128.58
0.52	128.57
0.49
0.54
0.48
0.54
0.52
0.58
0.55
0.46
0.46
0.49
0.44
0.55
0.57
0.57
0.56
0.72
1.23
0.72
0.73
0.42
0.38
0.42
0.52
0.36
0.40
0.38
0.35
0.53
0.53
0.54
0.56
CorWatt	PkgWatt
18.02	129.30
0.57	129.34
0.55
0.52
0.54
0.57
0.65
0.63
0.58
0.45
0.47
0.41
0.43
0.57
0.58
0.59
0.59
0.73
0.92
1.07
0.78
0.46
0.42
0.45
0.54
0.41
0.42
0.43
0.40
0.57
0.57
0.61
0.53
CorWatt	PkgWatt
17.11	128.66
0.54	128.62
0.51
0.55
0.51
0.56
0.54
0.59
0.55
0.42
0.43
0.37
0.43
0.52
0.56
0.51
0.54
1.04
0.71
0.93
0.73
0.41
0.39
0.42
0.53
0.41
0.41
0.41
0.41
0.54
0.55
0.56
0.54
CorWatt	PkgWatt
17.02	128.54
0.52	128.54
0.47
0.52
0.49
0.54
0.49
0.58
0.49
0.38
0.45
0.41
0.40
0.55
0.51
0.53
0.54
1.07
0.73
0.92
0.74
0.42
0.39
0.43
0.51
0.44
0.42
0.42
0.42
0.55
0.61
0.55
0.54
CorWatt	PkgWatt
18.53	130.94
0.57	130.94
0.48
0.48
0.52
0.54
0.52
0.55
0.52
0.42
0.46
0.41
0.40
0.55
0.50
0.49
0.55
0.50
3.16
0.47
0.52
0.47
0.44
0.47
0.53
0.42
0.45
0.41
0.41
0.56
0.59
0.60
0.57
CorWatt	PkgWatt
18.21	130.73
0.55	130.72
0.46
0.44
0.52
0.51
0.53
0.56
0.54
0.42
0.45
0.37
0.38
0.54
0.50
0.49
0.54
0.48
3.23
0.47
0.51
0.46
0.43
0.46
0.54
0.47
0.42
0.40
0.35
0.57
0.56
0.54
0.54
CorWatt	PkgWatt
18.82	131.19
0.59	131.19
0.51
0.53
0.53
0.52
0.62
0.57
0.55
0.44
0.46
0.44
0.44
0.52
0.54
0.55
0.55
0.52
3.22
0.51
0.54
0.45
0.47
0.49
0.49
0.42
0.42
0.37
0.36
0.54
0.56
0.56
0.55
CorWatt	PkgWatt
18.42	130.78
0.53	130.78
0.46
0.55
0.52
0.53
0.50
0.50
0.49
0.45
0.49
0.41
0.46
0.56
0.54
0.51
0.52
0.50
3.24
0.49
0.52
0.41
0.40
0.54
0.43
0.43
0.45
0.41
0.39
0.58
0.60
0.54
0.49
CorWatt	PkgWatt
20.50	132.49
0.58	132.48
0.47
0.60
0.55
0.58
0.55
0.58
0.60
0.51
0.49
0.41
0.46
0.58
0.53
0.54
0.63
0.53
3.20
0.49
0.59
0.63
0.55
0.67
0.61
0.44
0.51
0.46
0.46
0.73
0.65
0.71
0.63
