CorWatt	PkgWatt
24.11	182.60
0.26	100.56
0.20
0.21
0.81
0.21
0.26
0.21
2.76
0.19
0.19
0.18
1.66
0.20
0.20
0.20
2.41
0.20
0.22
1.19
0.21
0.25
0.23
0.21
2.92
0.19
0.18
0.17
0.19
0.21
0.23
0.21
4.03
0.10	81.84
0.09
0.09
0.10
0.10
0.09
0.10
0.10
0.09
0.09
0.09
0.10
0.09
0.09
0.09
0.09
0.09
0.10
0.09
0.09
0.09
0.10
0.09
0.09
0.09
0.10
0.09
0.09
0.16
0.09
0.09
0.11
CorWatt	PkgWatt
22.43	175.19
0.29	96.65
0.26
0.23
3.33
0.18
0.18
0.18
0.20
0.20
0.21
0.20
3.54
0.19
0.20
0.20
3.26
0.18
0.18
0.19
0.19
0.20
0.19
0.18
0.19
0.18
0.17
0.17
0.17
0.20
0.20
0.21
3.55
0.10	78.08
0.12
0.09
0.09
0.10
0.09
0.09
0.09
0.12
0.10
0.10
0.09
0.09
0.10
0.08
0.09
0.10
0.10
0.11
0.09
0.09
0.10
0.09
0.10
0.10
0.09
0.09
0.16
0.10
0.09
0.10
0.12
CorWatt	PkgWatt
27.08	197.38
0.38	105.38
2.03
0.32
0.38
0.28
0.37
0.26
0.91
0.29
0.26
0.21
3.56
0.88
0.21
0.21
0.33
0.38
0.31
0.32
0.57
0.34
0.33
0.33
0.53
2.66
0.24
0.25
0.37
0.22
0.99
0.29
0.19
0.23	92.32
0.34
0.35
0.22
0.23
0.18
0.25
0.23
0.24
0.21
0.22
0.36
0.17
0.17
0.47
0.22
0.17
0.30
0.21
0.33
0.34
0.23
0.18
0.24
0.21
0.25
0.20
0.29
0.22
0.19
0.25
0.25
CorWatt	PkgWatt
19.79	176.69
0.24	96.84
0.21
0.21
1.76
0.20
0.21
0.20
2.37
0.20
0.21
0.20
3.53
0.16
0.16
0.16
0.17
0.19
0.19
0.18
0.19
0.20
0.19
0.18
0.20
0.20
0.19
0.18
0.83
0.20
1.04
0.21
1.86
0.10	79.54
0.11
0.10
0.11
0.10
0.10
0.12
0.10
0.09
0.10
0.13
0.10
0.09
0.09
0.09
0.10
0.12
0.10
0.10
0.10
0.12
0.14
0.10
0.10
0.10
0.10
0.09
0.09
0.10
0.10
0.16
0.10
CorWatt	PkgWatt
22.14	181.08
0.29	99.83
0.20
0.20
1.11
1.80
0.20
0.20
0.22
0.20
0.21
0.20
3.53
0.17
0.17
1.44
0.17
0.19
0.19
0.18
0.32
0.24
0.22
0.22
3.38
0.76
0.17
0.17
0.17
0.19
1.79
0.19
0.20
0.10	81.22
0.09
0.13
0.10
0.09
0.11
0.10
0.09
0.09
0.09
0.11
0.09
0.10
0.10
0.09
0.09
0.09
0.11
0.09
0.09
0.18
0.13
0.12
0.11
0.09
0.09
0.11
0.09
0.10
0.09
0.11
0.10
CorWatt	PkgWatt
29.61	201.81
0.32	106.08
0.21
0.21
0.22
1.87
0.22
0.23
0.21
0.24
0.23
0.22
3.67
0.19
0.20
0.20
0.50
0.63
0.21
0.21
0.21
4.96
0.28
0.28
0.29
0.22
0.22
0.21
1.21
0.19
0.67
0.21
0.75
0.19	95.92
0.65
0.18
0.17
0.16
0.21
0.16
0.16
0.54
0.17
0.18
0.16
0.64
0.15
0.26
0.18
0.16
0.17
0.18
0.15
1.41
0.22
0.20
0.19
0.17
0.17
1.25
0.22
0.70
0.16
0.21
0.18
CorWatt	PkgWatt
30.72	196.12
0.25	106.40
0.23
0.23
3.34
0.20
0.20
0.20
1.90
0.21
0.21
0.20
3.85
0.16
0.16
0.15
0.15
0.19
0.19
0.18
0.18
6.08
0.23
0.22
0.21
0.16
0.16
0.16
0.16
0.20
0.21
0.21
4.13
0.15	89.47
0.14
0.14
0.13
0.14
0.16
0.14
0.14
0.17
0.14
0.13
0.13
0.15
0.14
0.13
0.16
0.14
0.16
0.13
0.14
0.16
0.19
0.16
0.16
0.13
0.13
0.15
0.22
1.50
0.15
0.15
0.22
CorWatt	PkgWatt
28.68	182.98
0.27	103.94
0.21
1.32
0.24
0.19
0.20
0.20
0.26
0.20
0.21
0.20
3.86
1.71
0.20
1.80
0.26
0.20
0.46
0.25
0.21
6.09
0.23
0.22
0.22
0.20
0.25
0.22
1.68
0.20
0.20
0.21
3.55
0.12	79.10
0.09
0.10
0.09
0.09
0.10
0.09
0.09
0.08
0.08
0.08
0.09
0.08
0.09
0.08
0.08
0.09
0.09
0.10
0.09
0.09
0.12
0.10
0.09
0.10
0.10
0.10
0.11
0.08
0.08
0.08
0.09
CorWatt	PkgWatt
23.82	178.87
0.22	98.03
0.19
0.19
0.20
0.18
0.18
0.19
0.66
0.20
0.21
0.20
3.85
0.17
0.17
0.72
0.17
0.19
0.19
0.18
0.20
6.08
0.23
0.22
0.22
0.20
0.22
3.07
0.20
0.16
0.16
0.16
0.16
0.12	80.89
0.11
0.13
0.12
0.11
0.11
0.12
0.11
0.11
0.10
0.10
0.14
0.66
0.12
0.11
0.11
0.12
0.11
0.11
0.11
0.12
0.18
0.13
0.15
0.13
0.10
0.11
0.10
0.12
0.11
0.10
0.13
CorWatt	PkgWatt
27.88	197.96
0.19	100.58
0.18
0.18
0.18
0.17
0.16
0.17
0.17
0.20
0.21
0.20
3.82
0.15
0.15
0.16
0.15
0.19
0.19
0.19
0.96
6.03
0.22
0.21
0.21
0.16
0.16
0.16
0.16
0.15
0.15
0.16
0.16
0.19	97.32
0.19
0.19
2.15
0.17
0.19
0.17
0.17
0.22
0.19
0.17
0.98
0.18
0.17
0.17
0.88
0.60
0.17
0.17
0.20
0.18
0.23
0.19
0.19
0.25
0.19
0.18
1.59
0.17
0.97
0.16
0.18
CorWatt	PkgWatt
26.28	185.55
0.20	98.34
0.19
0.19
0.19
0.18
0.18
0.72
0.18
0.20
0.20
0.18
2.04
0.15
0.15
0.15
0.16
0.21
0.21
0.20
1.58
5.98
0.23
0.22
0.21
0.20
1.86
0.19
0.19
0.17
0.17
0.17
0.81
0.18	87.17
0.16
0.16
0.20
0.16
0.18
0.16
0.16
0.17
0.17
0.16
0.18
0.15
0.17
0.16
0.15
3.03
0.20
0.20
0.20
0.17
0.21
0.26
0.18
0.16
0.18
0.15
0.16
0.15
0.17
0.15
0.17
CorWatt	PkgWatt
30.31	208.45
0.26	105.09
0.20
0.22
0.66
0.22
0.22
3.03
0.22
0.16
0.16
0.16
0.16
0.20
0.20
0.20
2.62
0.19
0.19
0.18
0.18
5.96
0.23
0.22
0.22
0.17
0.19
0.17
0.18
0.22
0.20
0.22
4.04
0.18	103.43
0.16
0.16
0.19
0.17
0.19
0.18
0.17
0.16
0.16
0.15
0.20
0.23
0.16
0.15
0.15
0.22
0.18
0.18
0.18
0.18
0.21
0.21
0.18
0.20
0.20
2.06
1.21
0.16
0.18
0.17
0.17
CorWatt	PkgWatt
31.35	200.48
0.25	106.60
0.21
0.21
0.21
1.20
0.20
0.21
0.22
0.20
0.19
0.21
1.10
0.20
0.19
0.19
2.28
0.24
0.23
0.23
2.04
5.99
0.24
0.22
0.22
0.18
0.29
0.17
0.19
0.21
0.23
0.22
4.07
0.22	93.76
0.20
0.24
1.99
0.22
0.31
0.19
0.20
0.19
0.16
0.15
0.20
0.22
0.21
0.16
0.15
0.18
0.17
1.12
0.18
0.21
0.22
0.25
0.20
0.17
0.17
0.21
0.26
0.18
0.17
0.16
0.23
