CorWatt	PkgWatt
5.49	155.02
0.10	77.70
0.10
0.11
0.10
0.10
0.09
0.10
0.09
0.08
0.08
0.08
0.09
0.08
0.08
0.08
0.08
0.10
0.10
0.10
0.10
0.10
0.09
0.09
0.09
0.08
0.09
0.09
0.08
0.08
0.08
0.08
0.08
0.08	77.32
0.08
0.08
0.08
0.08
0.08
0.08
0.08
0.08
0.08
0.09
0.08
0.08
0.09
0.08
0.08
0.08
0.08
0.08
0.08
0.08
0.08
0.08
0.08
0.08
0.08
0.09
0.08
0.08
0.08
0.08
0.08
CorWatt	PkgWatt
6.48	159.60
0.12	80.06
0.13
0.13
0.12
0.12
0.10
0.10
0.11
0.13
0.13
0.09
0.10
0.09
0.09
0.10
0.10
0.12
0.12
0.11
0.11
0.12
0.11
0.12
0.12
0.11
0.10
0.10
0.10
0.10
0.09
0.09
0.10
0.09	79.53
0.09
0.09
0.09
0.09
0.09
0.09
0.09
0.09
0.09
0.09
0.09
0.09
0.10
0.09
0.09
0.14
0.15
0.09
0.09
0.09
0.09
0.09
0.09
0.09
0.09
0.09
0.09
0.09
0.10
0.09
0.09
CorWatt	PkgWatt
19.25	181.47
0.42	94.47
0.43
0.67
0.47
0.39
0.38
0.22
0.22
0.26
0.25
0.41
2.33
0.20
0.19
0.33
0.35
0.25
0.41
0.23
0.32
0.24
0.21
0.37
0.39
0.22
0.21
0.38
0.35
0.22
0.21
0.36
0.35
0.21	87.07
0.20
0.23
0.21
0.20
0.19
0.19
0.23
0.21
0.20
0.21
0.24
0.18
0.20
0.18
0.17
0.20
0.20
0.19
0.60
0.18
0.17
0.18
0.22
0.23
0.29
0.28
0.24
0.21
0.20
0.19
0.20
CorWatt	PkgWatt
9.53	160.58
0.20	83.81
0.19
0.20
0.18
0.18
0.17
0.17
0.17
0.19
0.19
0.18
0.78
0.61
0.24
0.24
0.24
0.17
0.17
0.17
0.17
0.19
0.18
0.18
0.17
0.17
0.17
0.16
0.16
0.16
0.19
0.16
0.16
0.08	76.76
0.08
0.08
0.08
0.08
0.08
0.08
0.08
0.08
0.08
0.09
0.08
0.08
0.08
0.09
0.08
0.08
0.08
0.08
0.08
0.08
0.09
0.08
0.08
0.09
0.08
0.09
0.08
0.08
0.08
0.08
0.08
CorWatt	PkgWatt
9.74	161.12
0.20	84.35
0.20
0.21
0.20
0.20
0.18
0.18
0.18
0.18
0.17
0.17
0.20
1.09
0.33
0.33
0.33
0.18
0.18
0.18
0.18
0.20
0.18
0.18
0.18
0.17
0.17
0.17
0.17
0.16
0.16
0.17
0.16
0.08	76.69
0.08
0.08
0.08
0.08
0.08
0.08
0.08
0.08
0.08
0.09
0.08
0.08
0.08
0.09
0.07
0.08
0.08
0.08
0.08
0.08
0.08
0.08
0.08
0.08
0.08
0.09
0.08
0.08
0.08
0.08
0.08
CorWatt	PkgWatt
11.31	166.50
0.27	87.48
0.26
0.27
0.25
0.24
0.23
0.23
0.22
0.20
0.20
0.20
0.23
1.11
0.36
0.36
0.36
0.22
0.22
0.22
0.22
0.23
0.22
0.22
0.22
0.21
0.21
0.21
0.21
0.20
0.20
0.20
0.20
0.09	79.13
0.09
0.09
0.09
0.09
0.09
0.09
0.09
0.10
0.10
0.10
0.11
0.09
0.09
0.12
0.09
0.09
0.09
0.09
0.09
0.09
0.09
0.09
0.09
0.09
0.09
0.10
0.09
0.09
0.09
0.08
0.08
CorWatt	PkgWatt
9.81	161.04
0.20	84.26
0.19
0.20
0.19
0.19
0.18
0.18
0.18
0.17
0.17
0.17
0.20
1.11
0.33
0.33
0.33
0.18
0.18
0.18
0.18
0.19
0.18
0.18
0.18
0.17
0.17
0.17
0.17
0.17
0.16
0.16
0.16
0.08	76.74
0.08
0.09
0.08
0.08
0.08
0.08
0.08
0.08
0.08
0.09
0.08
0.08
0.08
0.09
0.08
0.08
0.08
0.08
0.08
0.09
0.09
0.08
0.08
0.09
0.08
0.09
0.08
0.08
0.08
0.08
0.08
CorWatt	PkgWatt
9.64	160.96
0.20	84.31
0.19
0.20
0.18
0.20
0.18
0.18
0.18
0.17
0.17
0.17
0.19
1.12
0.33
0.33
0.33
0.18
0.18
0.18
0.18
0.19
0.18
0.18
0.18
0.17
0.17
0.17
0.17
0.16
0.16
0.16
0.16
0.08	76.59
0.08
0.08
0.08
0.08
0.08
0.08
0.08
0.08
0.08
0.08
0.07
0.07
0.07
0.09
0.07
0.08
0.08
0.08
0.08
0.09
0.08
0.08
0.08
0.08
0.08
0.09
0.08
0.08
0.08
0.07
0.07
CorWatt	PkgWatt
9.62	160.75
0.20	84.15
0.19
0.20
0.18
0.18
0.18
0.18
0.18
0.17
0.17
0.25
0.19
1.12
0.32
0.33
0.33
0.18
0.18
0.18
0.18
0.19
0.18
0.18
0.18
0.17
0.17
0.17
0.17
0.16
0.16
0.16
0.16
0.08	76.56
0.08
0.08
0.08
0.08
0.08
0.08
0.08
0.07
0.07
0.08
0.07
0.07
0.07
0.09
0.07
0.08
0.08
0.08
0.08
0.08
0.08
0.08
0.08
0.08
0.08
0.09
0.08
0.08
0.07
0.07
0.08
CorWatt	PkgWatt
16.36	189.49
0.27	98.38
0.26
0.26
0.26
0.24
0.20
0.20
0.22
0.20
0.20
0.21
0.24
0.68
0.33
0.29
0.29
0.24
0.24
0.26
1.87
0.22
0.21
0.20
0.25
0.23
0.31
0.24
0.30
0.23
0.19
0.21
0.19
0.16	91.22
0.20
0.16
0.19
0.17
0.16
0.16
0.26
0.17
0.14
0.41
0.18
0.19
0.19
0.25
0.18
0.24
0.14
0.15
0.18
0.22
0.20
0.28
0.16
0.22
0.17
0.18
0.43
0.16
0.28
0.25
0.18
CorWatt	PkgWatt
16.56	183.81
0.37	103.80
0.23
0.20
0.34
0.34
0.28
0.27
0.28
0.28
0.21
0.32
0.26
0.34
0.38
0.17
0.22
0.26
0.25
0.44
4.02
0.26
0.28
0.35
0.26
0.31
0.32
0.33
0.55
0.18
0.39
0.17
0.39
0.11	80.11
0.10
0.15
0.10
0.11
0.11
0.10
0.12
0.12
0.09
0.10
0.12
0.10
0.10
0.11
0.09
0.10
0.10
0.10
0.09
0.10
0.12
0.11
0.10
0.09
0.09
0.10
0.10
0.11
0.10
0.08
0.09
CorWatt	PkgWatt
30.34	206.14
0.54	115.56
0.56
0.48
0.34
2.13
1.59
1.62
1.67
0.26
0.42
0.35
0.32
0.34
0.37
0.30
0.25
0.26
0.28
0.27
4.09
0.44
0.48
0.44
0.53
0.70
0.82
0.63
0.80
0.48
0.41
0.57
0.48
0.14	90.93
0.14
0.14
0.14
0.13
0.17
0.15
0.13
0.20
0.13
0.14
0.12
0.59
0.57
0.67
0.64
0.15
0.13
0.13
0.14
0.15
0.13
0.13
0.21
0.27
0.23
0.39
0.29
0.17
0.14
0.14
0.19
CorWatt	PkgWatt
36.37	225.05
0.75	118.78
0.77
0.52
0.41
0.59
0.49
0.38
0.46
0.95
0.61
0.58
0.63
0.28
0.43
0.41
0.46
0.25
0.25
0.26
4.13
0.52
0.60
0.43
0.40
0.49
0.63
0.67
0.52
0.93
1.03
0.88
0.98
0.83	105.88
0.82
0.76
0.98
0.60
0.44
0.50
0.47
0.16
0.16
0.17
0.15
0.76
0.60
0.64
0.62
0.15
0.15
0.15
0.15
0.93
0.83
0.94
0.82
0.34
0.19
0.20
0.22
0.27
0.21
0.26
0.21
CorWatt	PkgWatt
37.81	232.66
0.84	114.64
0.46
0.45
0.68
0.49
0.39
0.33
0.42
0.21
0.20
0.24
0.21
0.34
0.47
0.30
0.49
0.30
0.44
0.32
4.11
0.28
0.32
0.29
0.33
0.37
0.40
0.46
0.47
0.40
0.43
0.34
0.50
1.23	117.83
1.06
1.24
1.54
0.44
0.39
0.40
0.39
0.70
0.74
0.58
0.51
0.90
0.80
1.06
0.83
0.39
0.39
0.35
0.51
0.20
0.19
0.19
0.20
0.72
0.71
0.67
0.67
0.93
0.83
0.89
0.84
CorWatt	PkgWatt
35.30	224.86
0.44	117.28
0.23
0.23
0.23
0.31
0.21
0.20
0.20
0.18
0.18
0.18
0.21
0.54
0.58
0.37
0.58
0.26
0.26
0.27
4.11
0.24
0.33
0.23
0.22
1.09
0.86
0.76
1.08
1.45
1.53
1.85
1.74
0.77	107.61
0.87
0.96
0.76
0.17
0.17
0.17
0.17
0.19
0.28
0.25
0.26
0.48
0.65
0.37
0.48
0.17
0.17
0.16
0.17
0.36
0.37
0.28
0.28
1.12
0.88
1.02
0.96
0.33
0.30
0.29
0.29
CorWatt	PkgWatt
36.46	227.52
1.05	117.65
0.84
0.85
0.65
0.86
0.79
0.91
0.68
0.19
0.19
0.18
0.22
0.59
0.64
0.72
0.54
0.42
0.37
0.39
4.13
0.51
0.63
0.74
0.51
0.44
0.54
0.43
0.65
0.51
0.45
0.40
0.39
0.37	109.82
0.29
0.41
0.39
0.31
0.18
0.18
0.17
0.34
0.23
0.26
0.24
0.51
0.80
0.66
0.46
0.18
0.19
0.17
0.18
1.21
1.44
1.24
1.31
0.53
0.55
0.61
0.49
0.39
0.31
0.23
0.24
CorWatt	PkgWatt
36.78	224.44
0.84	112.62
0.34
0.41
0.33
0.75
0.35
0.60
0.41
0.18
0.18
0.18
0.21
0.45
0.22
0.35
0.22
0.28
0.34
0.54
4.12
0.70
0.88
0.78
0.86
0.20
0.19
0.19
0.28
0.46
0.68
0.54
0.57
0.83	111.78
1.18
0.88
0.96
0.19
0.18
0.17
0.17
0.60
0.61
0.72
0.58
0.51
0.49
0.40
0.46
0.38
0.28
0.30
0.39
1.47
1.14
1.01
1.09
0.51
0.33
0.32
0.45
0.64
0.63
0.76
0.50
CorWatt	PkgWatt
36.17	230.23
1.05	115.15
0.95
0.73
0.91
0.53
0.68
0.48
0.60
0.33
0.26
0.28
0.42
0.31
0.19
0.18
0.20
0.30
0.35
0.30
4.12
0.24
0.22
0.21
0.27
0.23
0.59
0.23
0.23
0.26
0.24
0.32
0.51
0.26	115.13
0.37
0.44
0.37
1.06
0.94
0.91
0.86
0.85
0.72
0.85
0.70
0.29
0.40
0.23
0.26
0.65
0.50
0.55
0.57
1.22
0.90
1.03
1.25
0.45
0.39
0.42
0.47
0.42
0.39
0.35
0.38
CorWatt	PkgWatt
37.22	225.95
0.48	116.71
0.41
0.41
0.31
0.76
0.81
0.84
0.80
0.30
0.33
0.57
0.29
0.79
0.39
0.40
0.64
0.26
0.26
0.28
4.13
0.32
0.25
0.24
0.36
1.31
1.39
1.13
1.26
0.41
0.27
0.25
0.41
0.34	109.23
0.30
0.67
0.41
0.26
0.23
0.27
0.21
0.27
0.22
0.23
0.30
0.20
0.15
0.15
0.16
0.30
0.38
0.32
0.25
1.01
1.06
1.06
1.06
1.25
1.52
1.39
1.07
0.30
0.39
0.22
0.22
CorWatt	PkgWatt
37.09	229.29
0.72	114.98
0.34
0.31
0.40
0.66
0.49
0.50
0.54
0.21
0.41
0.24
0.23
0.33
0.40
0.25
0.41
0.25
0.25
0.26
4.14
0.50
0.25
0.28
0.33
0.88
0.72
0.97
0.83
0.39
0.40
0.56
0.34
0.97	114.31
0.85
0.86
1.01
0.81
0.78
1.03
0.83
0.30
0.34
0.23
0.37
0.22
0.17
0.17
0.17
0.86
0.91
0.95
0.90
0.36
0.57
0.52
0.46
0.67
0.57
0.51
0.53
0.68
0.59
0.53
0.59
CorWatt	PkgWatt
37.60	226.67
1.06	119.88
0.93
1.28
0.94
1.39
1.26
1.41
1.28
0.41
0.55
0.71
0.35
1.14
1.16
1.37
1.26
0.53
0.41
0.43
2.14
0.30
0.28
0.35
0.29
0.49
0.38
0.34
0.34
0.67
0.57
0.48
0.52
0.44	106.92
0.58
0.46
0.34
0.64
0.74
0.56
0.55
0.50
0.53
0.42
0.72
0.24
0.26
0.20
0.20
0.23
0.29
0.23
0.23
0.36
0.43
0.46
0.39
0.22
0.27
0.25
0.23
0.55
0.26
0.42
0.38
CorWatt	PkgWatt
34.72	223.69
0.97	110.46
0.67
1.08
0.81
1.11
1.19
1.29
1.21
0.29
0.27
0.45
0.27
0.17
0.17
0.17
0.17
0.20
0.20
0.21
0.20
0.40
0.39
1.58
0.45
0.19
0.18
0.19
0.19
0.54
0.42
0.35
0.47
1.10	113.05
0.81
0.81
0.76
0.18
0.17
0.17
0.17
0.43
0.35
0.31
0.51
0.93
0.84
0.69
0.75
0.98
0.77
0.89
0.72
0.65
0.74
0.39
0.70
0.86
0.54
0.70
0.69
0.16
0.16
0.16
0.16
CorWatt	PkgWatt
35.46	225.25
0.72	111.46
0.64
0.60
0.53
0.98
0.97
0.97
1.12
0.66
0.60
0.53
0.74
0.18
0.28
0.18
0.18
0.24
0.24
0.24
0.23
0.41
0.40
1.61
0.47
0.46
0.38
0.38
0.38
0.26
0.39
0.22
0.22
0.84	113.83
0.59
0.65
0.68
0.17
0.17
0.17
0.17
0.61
0.47
0.62
0.81
0.74
0.84
0.70
0.75
1.20
0.89
0.98
0.81
0.73
0.34
0.35
0.37
0.65
0.71
0.90
0.54
0.54
0.35
0.34
0.37
CorWatt	PkgWatt
34.54	223.99
1.58	112.63
1.58
1.51
1.20
0.99
0.49
0.67
0.74
0.24
0.27
0.33
0.26
0.27
0.37
0.24
0.23
0.25
0.24
0.23
0.23
0.44
0.40
1.60
0.50
0.18
0.18
0.18
0.18
0.69
0.53
0.43
0.41
0.45	111.43
0.32
0.33
0.34
0.17
0.17
0.17
0.16
0.66
0.62
0.59
1.00
1.10
1.41
1.01
1.24
0.63
0.44
0.59
0.41
0.46
0.36
0.32
0.26
0.71
0.49
0.77
0.58
0.25
0.23
0.38
0.28
CorWatt	PkgWatt
34.31	220.47
0.69	105.70
0.51
0.65
0.75
0.37
0.45
0.37
0.43
0.19
0.23
0.20
0.23
1.36
1.14
0.87
0.91
0.22
0.21
0.21
0.21
0.53
0.45
1.61
0.77
0.20
0.20
0.19
0.19
0.26
0.19
0.20
0.21
0.32	113.84
0.22
0.21
0.25
0.18
0.18
0.18
0.18
0.31
0.41
0.29
0.32
0.27
0.60
0.27
0.26
0.24
0.23
0.21
0.23
0.18
0.18
0.21
0.18
3.17
3.28
2.82
2.74
0.21
0.26
0.22
0.22
