CorWatt	PkgWatt
15.52	127.27
0.60	127.28
0.50
0.57
0.57
0.54
0.51
0.51
0.51
0.39
0.45
0.42
0.39
0.55
0.52
0.52
0.52
0.50
0.55
0.50
0.51
0.40
0.43
0.40
0.43
0.41
0.38
0.48
0.37
0.54
0.51
0.52
0.51
CorWatt	PkgWatt
15.06	126.90
0.53	127.05
0.48
0.53
0.51
0.50
0.53
0.49
0.55
0.38
0.45
0.40
0.41
0.56
0.53
0.55
0.52
0.45
0.53
0.47
0.46
0.40
0.39
0.40
0.43
0.37
0.35
0.44
0.38
0.55
0.52
0.50
0.53
CorWatt	PkgWatt
21.17	132.49
0.63	132.35
0.63
0.68
0.60
0.78
0.72
0.64
0.70
0.57
0.49
0.47
0.49
0.65
0.59
2.63
0.62
0.64
0.65
0.65
0.70
0.54
0.52
0.52
0.61
0.46
0.48
0.52
0.45
0.67
0.62
0.61
0.62
CorWatt	PkgWatt
16.36	128.13
0.49	128.11
0.51
0.49
0.47
0.56
0.49
0.47
0.47
0.81
1.01
0.61
0.62
0.54
0.51
0.63
0.51
0.52
0.50
0.52
0.56
0.39
0.38
0.38
0.42
0.35
0.35
0.43
0.35
0.50
0.51
0.50
0.49
CorWatt	PkgWatt
16.30	127.81
0.49	127.81
0.50
0.51
0.44
0.55
0.51
0.47
0.49
0.63
1.17
0.62
0.62
0.52
0.52
0.63
0.53
0.45
0.46
0.48
0.52
0.41
0.39
0.41
0.42
0.40
0.37
0.42
0.35
0.51
0.51
0.50
0.52
CorWatt	PkgWatt
16.72	128.28
0.52	128.29
0.55
0.52
0.47
0.56
0.49
0.50
0.52
1.20
0.71
0.63
0.63
0.50
0.50
0.62
0.52
0.52
0.48
0.49
0.50
0.40
0.38
0.39
0.41
0.39
0.39
0.44
0.36
0.56
0.54
0.53
0.50
CorWatt	PkgWatt
16.06	127.74
0.49	127.73
0.50
0.50
0.44
0.53
0.51
0.47
0.47
0.81
1.04
0.60
0.61
0.51
0.51
0.61
0.52
0.44
0.47
0.46
0.47
0.40
0.40
0.41
0.41
0.36
0.35
0.41
0.35
0.51
0.50
0.49
0.50
CorWatt	PkgWatt
16.23	127.96
0.51	127.95
0.50
0.57
0.43
0.49
0.48
0.47
0.48
0.58
1.50
0.57
0.59
0.49
0.50
0.61
0.52
0.46
0.47
0.46
0.51
0.39
0.38
0.39
0.40
0.35
0.35
0.39
0.35
0.50
0.49
0.49
0.52
CorWatt	PkgWatt
17.19	129.74
0.53	129.74
0.53
0.52
0.45
0.48
0.49
0.48
0.47
0.38
3.15
0.37
0.39
0.51
0.51
0.60
0.52
0.44
0.46
0.48
0.47
0.38
0.38
0.38
0.40
0.36
0.35
0.35
0.35
0.52
0.49
0.49
0.52
CorWatt	PkgWatt
17.42	129.72
0.52	129.72
0.49
0.53
0.43
0.49
0.51
0.50
0.50
0.38
3.14
0.38
0.40
0.51
0.51
0.59
0.52
0.45
0.46
0.46
0.47
0.41
0.40
0.40
0.43
0.36
0.37
0.38
0.37
0.51
0.53
0.51
0.50
CorWatt	PkgWatt
17.51	129.81
0.52	129.81
0.49
0.53
0.45
0.49
0.50
0.48
0.48
0.40
3.16
0.38
0.42
0.52
0.52
0.60
0.53
0.46
0.47
0.47
0.50
0.40
0.39
0.39
0.41
0.44
0.36
0.37
0.36
0.52
0.51
0.50
0.51
CorWatt	PkgWatt
17.20	129.59
0.52	129.58
0.50
0.54
0.45
0.48
0.48
0.48
0.49
0.38
3.16
0.37
0.40
0.51
0.50
0.61
0.52
0.44
0.45
0.46
0.47
0.38
0.38
0.38
0.40
0.40
0.35
0.36
0.35
0.51
0.49
0.50
0.50
CorWatt	PkgWatt
17.13	129.65
0.54	129.65
0.49
0.50
0.44
0.48
0.49
0.47
0.47
0.38
3.14
0.37
0.40
0.51
0.51
0.62
0.52
0.44
0.45
0.46
0.47
0.40
0.38
0.39
0.42
0.36
0.35
0.35
0.35
0.51
0.49
0.50
0.51
CorWatt	PkgWatt
17.46	129.72
0.54	129.71
0.50
0.48
0.44
0.49
0.49
0.49
0.51
0.38
3.15
0.40
0.42
0.53
0.53
0.62
0.54
0.45
0.46
0.46
0.47
0.40
0.42
0.40
0.44
0.36
0.35
0.37
0.35
0.51
0.49
0.50
0.53
CorWatt	PkgWatt
17.22	129.56
0.52	129.55
0.50
0.50
0.48
0.49
0.49
0.47
0.49
0.39
3.15
0.37
0.40
0.55
0.51
0.59
0.53
0.46
0.45
0.46
0.47
0.40
0.38
0.38
0.42
0.35
0.35
0.35
0.35
0.51
0.49
0.49
0.50
CorWatt	PkgWatt
17.17	129.58
0.53	129.58
0.49
0.48
0.44
0.49
0.48
0.47
0.47
0.38
3.14
0.44
0.40
0.50
0.50
0.58
0.53
0.44
0.46
0.45
0.47
0.39
0.38
0.39
0.41
0.42
0.35
0.37
0.35
0.50
0.49
0.49
0.49
CorWatt	PkgWatt
17.33	129.85
0.53	129.85
0.49
0.48
0.45
0.49
0.49
0.48
0.48
0.37
3.13
0.37
0.39
0.52
0.51
0.58
0.53
0.45
0.46
0.46
0.49
0.38
0.38
0.39
0.42
0.38
0.40
0.39
0.37
0.53
0.51
0.51
0.51
CorWatt	PkgWatt
17.39	129.68
0.54	129.68
0.50
0.49
0.45
0.49
0.51
0.50
0.49
0.39
3.13
0.38
0.40
0.52
0.51
0.59
0.54
0.47
0.48
0.47
0.50
0.39
0.38
0.39
0.42
0.39
0.36
0.38
0.36
0.51
0.50
0.50
0.50
CorWatt	PkgWatt
17.24	129.60
0.52	129.60
0.50
0.48
0.45
0.49
0.49
0.47
0.47
0.40
3.14
0.38
0.39
0.51
0.51
0.59
0.52
0.45
0.45
0.46
0.51
0.38
0.39
0.39
0.41
0.39
0.37
0.38
0.35
0.51
0.49
0.50
0.52
CorWatt	PkgWatt
16.95	129.39
0.53	129.39
0.51
0.48
0.44
0.48
0.48
0.47
0.47
0.39
3.02
0.37
0.39
0.51
0.51
0.58
0.53
0.44
0.45
0.45
0.47
0.38
0.38
0.39
0.41
0.35
0.35
0.36
0.35
0.50
0.49
0.50
0.53
CorWatt	PkgWatt
18.13	129.65
0.57	129.67
0.56
0.53
0.54
0.57
0.53
0.54
0.52
0.43
0.52
0.44
0.46
0.58
0.59
0.63
0.62
0.73
0.85
0.53
0.52
0.60
0.79
0.82
0.62
0.42
0.44
0.42
0.43
0.59
0.61
0.57
0.57
CorWatt	PkgWatt
16.79	128.29
0.52	128.27
0.52
0.46
0.49
0.49
0.50
0.48
0.48
0.38
0.43
0.37
0.38
0.51
0.51
0.49
0.54
0.57
0.48
0.48
0.49
0.74
1.03
1.20
0.75
0.38
0.35
0.36
0.35
0.51
0.54
0.50
0.50
CorWatt	PkgWatt
16.70	128.29
0.50	128.29
0.53
0.50
0.49
0.48
0.50
0.49
0.47
0.37
0.44
0.36
0.38
0.51
0.52
0.48
0.54
0.57
0.49
0.47
0.49
0.73
1.05
1.16
0.75
0.36
0.37
0.35
0.35
0.51
0.49
0.50
0.50
CorWatt	PkgWatt
16.59	128.27
0.50	128.27
0.51
0.49
0.49
0.48
0.48
0.47
0.47
0.37
0.43
0.36
0.38
0.50
0.51
0.51
0.54
0.56
0.47
0.46
0.49
0.74
0.76
1.43
0.75
0.35
0.36
0.38
0.36
0.50
0.49
0.49
0.50
CorWatt	PkgWatt
16.65	128.26
0.49	128.26
0.51
0.49
0.50
0.48
0.48
0.48
0.48
0.38
0.42
0.38
0.37
0.51
0.51
0.52
0.51
0.58
0.47
0.46
0.50
0.73
0.81
1.42
0.75
0.35
0.37
0.37
0.35
0.51
0.49
0.49
0.50
CorWatt	PkgWatt
17.02	128.49
0.52	128.50
0.53
0.49
0.50
0.48
0.49
0.49
0.49
0.40
0.42
0.43
0.39
0.53
0.50
0.50
0.51
0.56
0.47
0.45
0.49
0.76
1.19
1.00
0.77
0.40
0.39
0.41
0.36
0.52
0.54
0.50
0.53
CorWatt	PkgWatt
17.98	129.78
0.50	129.77
0.51
0.50
0.49
0.48
0.51
0.50
0.49
0.38
0.42
0.37
0.37
0.51
0.51
0.50
0.50
0.56
0.45
0.46
0.49
0.96
1.75
1.39
0.97
0.35
0.35
0.36
0.35
0.51
0.49
0.50
0.50
CorWatt	PkgWatt
19.78	131.42
0.53	131.42
0.50
0.49
0.52
0.48
0.49
0.49
0.48
0.36
0.44
0.38
0.39
0.52
0.50
0.56
0.52
0.56
0.48
0.48
0.49
1.23
3.04
1.23
1.23
0.35
0.35
0.37
0.35
0.51
0.51
0.50
0.49
CorWatt	PkgWatt
19.71	131.42
0.52	131.43
0.52
0.52
0.49
0.48
0.48
0.49
0.47
0.37
0.44
0.37
0.38
0.52
0.51
0.52
0.51
0.57
0.46
0.47
0.49
1.23
3.02
1.23
1.23
0.35
0.37
0.35
0.35
0.51
0.49
0.50
0.50
CorWatt	PkgWatt
19.80	131.47
0.54	131.46
0.52
0.50
0.51
0.48
0.49
0.48
0.49
0.38
0.45
0.39
0.38
0.52
0.50
0.52
0.51
0.56
0.47
0.47
0.49
1.23
3.02
1.23
1.23
0.36
0.35
0.36
0.36
0.51
0.49
0.51
0.51
CorWatt	PkgWatt
19.87	131.83
0.55	131.83
0.51
0.52
0.52
0.48
0.49
0.50
0.48
0.39
0.43
0.38
0.39
0.51
0.51
0.51
0.51
0.56
0.48
0.48
0.50
1.22
3.04
1.22
1.23
0.37
0.36
0.36
0.35
0.51
0.49
0.51
0.51
CorWatt	PkgWatt
19.85	131.51
0.55	131.51
0.52
0.51
0.51
0.48
0.50
0.48
0.47
0.38
0.44
0.39
0.40
0.54
0.52
0.53
0.51
0.56
0.47
0.48
0.48
1.23
3.03
1.23
1.23
0.36
0.35
0.35
0.37
0.52
0.49
0.50
0.51
CorWatt	PkgWatt
19.68	131.49
0.54	131.49
0.51
0.51
0.52
0.48
0.49
0.48
0.48
0.37
0.42
0.36
0.37
0.50
0.51
0.50
0.50
0.56
0.48
0.47
0.51
1.23
1.31
2.97
1.23
0.35
0.35
0.35
0.35
0.51
0.49
0.50
0.50
CorWatt	PkgWatt
20.16	131.84
0.55	131.84
0.54
0.53
0.52
0.49
0.52
0.49
0.51
0.40
0.45
0.37
0.38
0.53
0.51
0.57
0.54
0.56
0.47
0.47
0.49
1.23
2.18
2.07
1.23
0.39
0.38
0.37
0.36
0.51
0.53
0.53
0.50
CorWatt	PkgWatt
19.69	131.29
0.54	131.29
0.51
0.49
0.44
0.48
0.49
0.48
0.48
0.38
0.45
0.39
0.38
0.50
0.52
0.51
0.53
0.45
0.58
0.47
0.49
1.23
2.99
1.26
1.23
0.35
0.37
0.35
0.35
0.51
0.49
0.50
0.50
CorWatt	PkgWatt
20.73	132.15
0.57	132.17
0.53
0.56
0.52
0.51
0.52
0.54
0.51
0.40
0.47
0.46
0.42
0.54
0.54
0.51
0.56
0.47
0.60
0.50
0.52
1.22
2.16
2.11
1.23
0.40
0.40
0.41
0.38
0.57
0.56
0.54
0.51
CorWatt	PkgWatt
19.72	131.47
0.51	131.46
0.51
0.54
0.49
0.48
0.50
0.49
0.48
0.37
0.43
0.37
0.37
0.50
0.51
0.49
0.53
0.45
0.57
0.48
0.51
1.23
3.04
1.23
1.23
0.36
0.35
0.35
0.35
0.51
0.49
0.50
0.50
CorWatt	PkgWatt
19.46	131.12
0.68	131.13
0.52
0.54
0.50
0.54
0.54
0.56
0.52
0.44
0.49
0.42
0.41
0.53
0.53
0.52
0.57
0.55
0.64
0.55
0.56
0.88
1.83
0.95
0.89
0.43
0.43
0.43
0.44
0.56
0.55
0.89
0.56
CorWatt	PkgWatt
16.14	127.85
0.61	127.84
0.52
0.46
0.49
0.69
0.70
1.24
0.71
0.37
0.44
0.37
0.38
0.52
0.52
0.49
0.54
0.45
0.46
0.48
0.49
0.39
0.46
0.40
0.42
0.39
0.35
0.37
0.40
0.53
0.50
0.51
0.50
CorWatt	PkgWatt
16.03	127.66
0.58	127.67
0.49
0.46
0.45
0.72
0.74
1.16
0.75
0.37
0.45
0.36
0.38
0.51
0.50
0.48
0.53
0.45
0.46
0.46
0.47
0.41
0.47
0.40
0.44
0.39
0.36
0.37
0.41
0.50
0.50
0.51
0.50
CorWatt	PkgWatt
16.25	128.07
0.58	128.07
0.51
0.46
0.47
0.73
0.73
0.76
1.14
0.39
0.44
0.37
0.40
0.52
0.52
0.49
0.54
0.45
0.47
0.50
0.48
0.40
0.45
0.40
0.43
0.41
0.40
0.36
0.41
0.54
0.49
0.51
0.51
CorWatt	PkgWatt
16.01	127.66
0.58	127.65
0.52
0.47
0.48
0.72
0.73
1.14
0.75
0.37
0.43
0.37
0.38
0.51
0.51
0.50
0.53
0.45
0.46
0.45
0.47
0.39
0.43
0.39
0.41
0.39
0.38
0.37
0.42
0.51
0.49
0.50
0.50
CorWatt	PkgWatt
16.20	128.17
0.57	128.17
0.50
0.46
0.46
0.69
0.70
0.85
1.35
0.38
0.44
0.37
0.39
0.54
0.51
0.49
0.53
0.44
0.46
0.47
0.50
0.39
0.38
0.40
0.43
0.39
0.35
0.36
0.42
0.52
0.49
0.50
0.50
CorWatt	PkgWatt
18.52	132.93
0.57	132.94
0.49
0.45
0.47
0.50
0.49
0.54
4.38
0.36
0.43
0.38
0.39
0.54
0.53
0.49
0.56
0.45
0.46
0.46
0.47
0.39
0.42
0.40
0.42
0.38
0.35
0.36
0.39
0.51
0.50
0.50
0.49
CorWatt	PkgWatt
18.46	133.03
0.57	133.03
0.49
0.47
0.53
0.49
0.49
0.51
4.38
0.38
0.44
0.37
0.37
0.54
0.51
0.50
0.51
0.45
0.45
0.45
0.47
0.40
0.38
0.39
0.43
0.38
0.35
0.35
0.40
0.51
0.49
0.50
0.50
CorWatt	PkgWatt
18.59	133.06
0.57	133.06
0.53
0.47
0.47
0.50
0.50
0.53
4.38
0.39
0.44
0.42
0.38
0.51
0.50
0.51
0.52
0.45
0.47
0.46
0.47
0.39
0.39
0.39
0.42
0.39
0.36
0.36
0.41
0.51
0.49
0.50
0.49
CorWatt	PkgWatt
18.54	133.06
0.57	133.06
0.49
0.45
0.48
0.49
0.50
0.52
4.39
0.36
0.44
0.37
0.38
0.51
0.51
0.50
0.50
0.46
0.45
0.47
0.47
0.38
0.38
0.39
0.42
0.40
0.37
0.39
0.41
0.53
0.51
0.51
0.55
CorWatt	PkgWatt
18.46	133.15
0.57	133.16
0.48
0.45
0.47
0.50
0.52
0.53
4.38
0.37
0.44
0.38
0.37
0.51
0.50
0.50
0.50
0.45
0.48
0.46
0.49
0.39
0.39
0.38
0.41
0.42
0.35
0.36
0.40
0.51
0.49
0.50
0.51
CorWatt	PkgWatt
18.50	133.00
0.57	133.00
0.50
0.45
0.47
0.49
0.50
0.53
4.38
0.39
0.44
0.37
0.38
0.52
0.51
0.50
0.51
0.46
0.46
0.46
0.47
0.38
0.40
0.40
0.41
0.41
0.37
0.37
0.39
0.51
0.49
0.50
0.52
CorWatt	PkgWatt
18.44	132.98
0.57	132.98
0.49
0.45
0.47
0.50
0.50
0.52
4.38
0.38
0.44
0.37
0.38
0.51
0.50
0.50
0.51
0.45
0.46
0.45
0.47
0.40
0.40
0.39
0.42
0.39
0.35
0.36
0.41
0.51
0.50
0.50
0.49
CorWatt	PkgWatt
18.43	133.02
0.58	133.02
0.51
0.47
0.49
0.50
0.50
0.51
4.39
0.38
0.43
0.37
0.38
0.51
0.51
0.50
0.50
0.44
0.46
0.46
0.47
0.38
0.38
0.39
0.41
0.39
0.35
0.36
0.40
0.51
0.49
0.50
0.50
CorWatt	PkgWatt
18.53	133.33
0.57	133.33
0.49
0.48
0.45
0.49
0.52
0.53
4.38
0.36
0.44
0.36
0.38
0.50
0.50
0.50
0.50
0.46
0.48
0.48
0.48
0.40
0.39
0.39
0.42
0.42
0.41
0.35
0.41
0.51
0.49
0.50
0.49
CorWatt	PkgWatt
18.47	133.10
0.57	133.11
0.51
0.50
0.43
0.49
0.50
0.53
4.38
0.37
0.44
0.37
0.38
0.51
0.51
0.51
0.51
0.45
0.49
0.46
0.48
0.38
0.38
0.39
0.41
0.39
0.37
0.35
0.39
0.51
0.50
0.50
0.53
CorWatt	PkgWatt
18.60	133.26
0.57	133.26
0.49
0.49
0.44
0.50
0.51
0.52
4.38
0.38
0.45
0.37
0.38
0.51
0.51
0.53
0.51
0.46
0.48
0.47
0.47
0.39
0.40
0.39
0.41
0.39
0.37
0.38
0.41
0.51
0.51
0.51
0.50
CorWatt	PkgWatt
18.51	133.21
0.57	133.21
0.49
0.49
0.44
0.50
0.50
0.51
4.38
0.37
0.42
0.39
0.38
0.51
0.51
0.52
0.52
0.46
0.48
0.47
0.49
0.39
0.38
0.39
0.41
0.39
0.37
0.37
0.39
0.52
0.50
0.50
0.50
CorWatt	PkgWatt
18.18	130.13
0.65	130.15
0.56
0.53
0.74
0.65
0.63
0.68
1.24
0.43
0.46
0.44
0.42
0.54
0.54
0.58
0.60
0.50
0.53
0.50
0.52
0.53
0.46
0.48
0.51
0.48
0.44
0.47
0.76
0.59
0.60
0.56
0.57
CorWatt	PkgWatt
16.06	127.94
0.51	127.92
0.50
0.44
0.56
0.97
0.74
0.73
1.04
0.37
0.42
0.37
0.39
0.52
0.51
0.50
0.53
0.44
0.45
0.46
0.47
0.44
0.38
0.39
0.42
0.40
0.37
0.35
0.35
0.52
0.50
0.50
0.50
CorWatt	PkgWatt
16.30	128.27
0.53	128.27
0.50
0.46
0.58
1.23
0.73
0.72
0.78
0.38
0.44
0.39
0.41
0.52
0.51
0.54
0.55
0.44
0.47
0.46
0.47
0.40
0.39
0.39
0.41
0.40
0.42
0.36
0.37
0.52
0.52
0.51
0.50
CorWatt	PkgWatt
16.12	127.92
0.52	127.92
0.53
0.47
0.56
0.91
0.72
0.71
1.06
0.38
0.46
0.39
0.39
0.53
0.51
0.52
0.54
0.44
0.45
0.46
0.47
0.40
0.38
0.39
0.41
0.39
0.42
0.36
0.35
0.52
0.50
0.50
0.51
CorWatt	PkgWatt
15.99	127.85
0.53	127.85
0.52
0.44
0.57
1.22
0.72
0.71
0.78
0.37
0.44
0.37
0.37
0.52
0.50
0.51
0.53
0.44
0.45
0.45
0.47
0.39
0.39
0.39
0.40
0.38
0.40
0.36
0.35
0.52
0.50
0.51
0.49
CorWatt	PkgWatt
16.42	128.28
0.51	128.28
0.50
0.46
0.60
1.64
0.70
0.70
0.74
0.37
0.43
0.37
0.39
0.54
0.51
0.50
0.54
0.44
0.46
0.48
0.47
0.38
0.38
0.38
0.41
0.40
0.42
0.35
0.35
0.51
0.50
0.50
0.50
CorWatt	PkgWatt
18.21	130.44
0.57	130.45
0.51
0.47
0.57
3.17
0.63
0.61
0.66
0.39
0.45
0.40
0.42
0.56
0.53
0.54
0.55
0.45
0.48
0.46
0.48
0.42
0.40
0.39
0.43
0.39
0.42
0.37
0.37
0.54
0.50
0.51
0.53
CorWatt	PkgWatt
17.64	129.87
0.54	129.87
0.50
0.46
0.56
3.15
0.61
0.61
0.66
0.38
0.42
0.37
0.39
0.52
0.51
0.50
0.53
0.45
0.48
0.47
0.49
0.38
0.38
0.38
0.41
0.38
0.39
0.35
0.35
0.51
0.49
0.50
0.50
CorWatt	PkgWatt
17.56	129.77
0.53	129.76
0.50
0.44
0.56
2.02
0.61
0.61
1.79
0.37
0.43
0.37
0.38
0.50
0.50
0.51
0.54
0.44
0.47
0.46
0.47
0.39
0.38
0.38
0.42
0.39
0.41
0.35
0.35
0.50
0.49
0.50
0.50
CorWatt	PkgWatt
17.62	129.72
0.52	129.72
0.51
0.44
0.57
0.64
0.61
0.61
3.16
0.37
0.45
0.39
0.37
0.51
0.51
0.54
0.51
0.44
0.45
0.45
0.47
0.40
0.38
0.39
0.41
0.38
0.43
0.35
0.35
0.51
0.49
0.50
0.50
CorWatt	PkgWatt
18.02	130.21
0.54	130.22
0.55
0.49
0.59
0.64
0.61
0.62
3.17
0.39
0.44
0.44
0.38
0.51
0.50
0.52
0.50
0.45
0.47
0.45
0.47
0.41
0.40
0.39
0.41
0.40
0.42
0.38
0.36
0.56
0.53
0.53
0.50
CorWatt	PkgWatt
17.61	129.80
0.52	129.79
0.51
0.46
0.57
0.64
0.61
0.61
3.15
0.38
0.43
0.37
0.38
0.51
0.51
0.51
0.50
0.44
0.45
0.46
0.47
0.40
0.40
0.40
0.41
0.39
0.43
0.35
0.35
0.51
0.49
0.50
0.50
CorWatt	PkgWatt
17.59	129.90
0.53	129.90
0.51
0.46
0.56
2.03
0.62
0.60
1.78
0.37
0.43
0.36
0.38
0.51
0.51
0.51
0.50
0.46
0.46
0.47
0.49
0.39
0.39
0.39
0.42
0.38
0.40
0.35
0.35
0.50
0.49
0.50
0.49
CorWatt	PkgWatt
17.55	129.76
0.52	129.76
0.52
0.45
0.59
3.15
0.61
0.61
0.63
0.38
0.43
0.37
0.37
0.51
0.51
0.52
0.50
0.44
0.45
0.47
0.47
0.38
0.38
0.39
0.41
0.38
0.40
0.35
0.35
0.51
0.49
0.50
0.51
CorWatt	PkgWatt
17.86	129.84
0.52	129.84
0.49
0.47
0.57
3.17
0.63
0.63
0.66
0.37
0.45
0.37
0.39
0.51
0.50
0.51
0.51
0.45
0.48
0.46
0.47
0.41
0.41
0.41
0.43
0.39
0.40
0.37
0.36
0.51
0.52
0.51
0.51
CorWatt	PkgWatt
17.51	129.67
0.53	129.67
0.49
0.44
0.57
3.15
0.61
0.61
0.64
0.37
0.44
0.37
0.37
0.51
0.51
0.51
0.50
0.44
0.46
0.46
0.47
0.38
0.38
0.39
0.41
0.38
0.42
0.36
0.35
0.51
0.49
0.50
0.50
CorWatt	PkgWatt
17.62	129.76
0.55	129.76
0.51
0.46
0.56
1.91
0.61
0.61
1.91
0.38
0.44
0.37
0.38
0.51
0.50
0.52
0.51
0.44
0.45
0.45
0.47
0.41
0.39
0.39
0.42
0.38
0.41
0.35
0.35
0.51
0.49
0.50
0.50
CorWatt	PkgWatt
16.93	129.14
0.55	129.15
0.50
0.46
0.77
0.64
0.58
0.56
2.25
0.36
0.46
0.39
0.38
0.53
0.51
0.52
0.50
0.44
0.46
0.45
0.46
0.41
0.40
0.40
0.44
0.39
0.40
0.37
0.35
0.51
0.49
0.50
0.50
CorWatt	PkgWatt
18.06	129.55
0.59	129.56
0.55
0.53
0.84
1.09
0.73
0.74
0.93
0.44
0.50
0.46
0.45
0.59
0.58
0.60
0.59
0.50
0.51
0.52
0.54
0.49
0.48
0.45
0.49
0.46
0.41
0.42
0.41
0.56
0.55
0.54
0.54
CorWatt	PkgWatt
16.12	127.82
0.51	127.81
0.55
0.46
0.57
1.26
0.72
0.71
0.78
0.37
0.44
0.37
0.38
0.55
0.51
0.49
0.53
0.45
0.45
0.45
0.47
0.46
0.38
0.38
0.42
0.39
0.35
0.36
0.36
0.52
0.49
0.50
0.50
CorWatt	PkgWatt
16.14	127.85
0.53	127.84
0.52
0.44
0.55
1.30
0.73
0.71
0.77
0.36
0.45
0.41
0.39
0.51
0.50
0.49
0.52
0.45
0.46
0.46
0.47
0.45
0.39
0.40
0.43
0.40
0.35
0.37
0.35
0.51
0.50
0.50
0.49
CorWatt	PkgWatt
16.15	127.95
0.51	127.95
0.55
0.44
0.53
0.87
0.72
0.71
1.16
0.38
0.43
0.37
0.39
0.51
0.50
0.48
0.52
0.44
0.45
0.46
0.46
0.42
0.38
0.38
0.41
0.41
0.44
0.38
0.37
0.52
0.51
0.52
0.51
CorWatt	PkgWatt
16.26	127.99
0.51	127.99
0.53
0.45
0.53
0.76
0.73
0.73
1.31
0.37
0.44
0.38
0.39
0.50
0.50
0.51
0.52
0.45
0.51
0.49
0.49
0.39
0.40
0.39
0.41
0.42
0.40
0.36
0.36
0.51
0.49
0.51
0.51
CorWatt	PkgWatt
17.24	129.48
0.53	129.48
0.56
0.45
0.53
0.56
0.54
0.53
2.97
0.40
0.43
0.37
0.39
0.51
0.50
0.48
0.52
0.46
0.45
0.46
0.47
0.38
0.40
0.39
0.41
0.41
0.41
0.37
0.35
0.51
0.49
0.50
0.53
CorWatt	PkgWatt
17.28	129.79
0.52	129.79
0.55
0.44
0.52
0.51
0.49
0.49
3.36
0.37
0.44
0.36
0.38
0.51
0.50
0.48
0.52
0.44
0.46
0.45
0.47
0.38
0.38
0.38
0.40
0.39
0.39
0.35
0.35
0.50
0.49
0.50
0.49
CorWatt	PkgWatt
17.40	129.66
0.53	129.66
0.55
0.46
0.52
0.52
0.49
0.49
3.36
0.37
0.44
0.37
0.38
0.52
0.51
0.50
0.52
0.44
0.47
0.46
0.47
0.38
0.38
0.38
0.40
0.39
0.40
0.36
0.35
0.51
0.49
0.50
0.50
CorWatt	PkgWatt
17.67	129.97
0.53	129.97
0.53
0.46
0.52
0.53
0.50
0.51
3.36
0.38
0.45
0.38
0.39
0.51
0.51
0.49
0.52
0.47
0.49
0.48
0.48
0.41
0.39
0.40
0.41
0.41
0.41
0.36
0.36
0.51
0.50
0.51
0.50
CorWatt	PkgWatt
17.37	129.75
0.52	129.75
0.51
0.45
0.53
0.52
0.51
0.49
3.36
0.36
0.44
0.37
0.38
0.51
0.50
0.48
0.51
0.44
0.48
0.46
0.47
0.38
0.38
0.38
0.40
0.40
0.45
0.35
0.35
0.51
0.49
0.50
0.50
CorWatt	PkgWatt
17.43	129.97
0.53	129.97
0.53
0.44
0.57
0.51
0.49
0.49
3.36
0.37
0.45
0.37
0.38
0.51
0.51
0.52
0.52
0.44
0.47
0.46
0.47
0.38
0.38
0.38
0.40
0.39
0.40
0.37
0.36
0.50
0.49
0.49
0.49
CorWatt	PkgWatt
17.43	129.73
0.52	129.76
0.52
0.44
0.53
0.52
0.49
0.49
3.36
0.37
0.42
0.39
0.38
0.51
0.50
0.52
0.53
0.46
0.47
0.45
0.49
0.38
0.38
0.38
0.40
0.39
0.41
0.37
0.35
0.51
0.49
0.50
0.53
CorWatt	PkgWatt
17.71	129.87
0.54	129.85
0.50
0.50
0.55
0.51
0.49
0.49
3.37
0.38
0.42
0.42
0.39
0.50
0.50
0.50
0.53
0.45
0.47
0.45
0.47
0.41
0.39
0.40
0.42
0.42
0.41
0.40
0.36
0.52
0.53
0.51
0.50
CorWatt	PkgWatt
17.33	129.76
0.52	129.76
0.47
0.51
0.52
0.52
0.50
0.52
3.36
0.38
0.41
0.37
0.38
0.51
0.51
0.50
0.53
0.44
0.45
0.45
0.47
0.38
0.38
0.38
0.41
0.38
0.39
0.36
0.35
0.51
0.49
0.50
0.50
CorWatt	PkgWatt
17.52	129.78
0.54	129.78
0.48
0.50
0.54
0.51
0.49
0.49
3.36
0.36
0.44
0.39
0.40
0.52
0.50
0.56
0.55
0.44
0.45
0.45
0.47
0.39
0.39
0.39
0.40
0.39
0.43
0.35
0.35
0.51
0.50
0.50
0.49
CorWatt	PkgWatt
17.47	129.83
0.52	129.83
0.48
0.51
0.53
0.51
0.49
0.49
3.37
0.38
0.46
0.39
0.39
0.52
0.51
0.52
0.53
0.44
0.45
0.46
0.47
0.40
0.38
0.38
0.41
0.39
0.44
0.35
0.35
0.51
0.49
0.50
0.50
CorWatt	PkgWatt
17.48	129.91
0.53	129.91
0.49
0.51
0.53
0.51
0.49
0.49
3.36
0.39
0.42
0.37
0.37
0.52
0.50
0.51
0.53
0.45
0.46
0.45
0.47
0.39
0.39
0.38
0.42
0.39
0.40
0.35
0.36
0.51
0.49
0.50
0.53
CorWatt	PkgWatt
18.29	130.02
0.61	130.03
0.54
0.59
0.60
0.56
0.53
0.57
1.16
0.46
0.48
0.44
0.47
0.60
0.57
0.59
0.59
0.49
0.51
0.54
0.51
0.44
0.44
0.46
0.46
0.75
0.52
0.52
0.51
1.10
0.56
0.56
0.56
CorWatt	PkgWatt
17.05	128.57
0.54	128.55
0.47
0.52
0.45
0.49
0.50
0.49
0.48
0.39
0.45
0.40
0.41
0.56
0.52
0.55
0.55
0.45
0.47
0.46
0.47
0.40
0.39
0.39
0.41
0.89
0.73
1.31
0.71
0.65
0.50
0.51
0.52
CorWatt	PkgWatt
16.69	128.42
0.52	128.42
0.47
0.53
0.43
0.49
0.48
0.47
0.50
0.37
0.43
0.37
0.39
0.52
0.51
0.50
0.53
0.46
0.47
0.46
0.49
0.38
0.38
0.38
0.40
0.77
0.73
1.42
0.70
0.64
0.49
0.51
0.51
CorWatt	PkgWatt
16.56	128.14
0.51	128.13
0.47
0.50
0.43
0.48
0.49
0.48
0.49
0.38
0.43
0.37
0.38
0.50
0.50
0.51
0.54
0.44
0.46
0.45
0.47
0.40
0.40
0.38
0.41
1.39
0.74
0.72
0.70
0.62
0.50
0.50
0.50
CorWatt	PkgWatt
16.55	128.14
0.51	128.14
0.46
0.50
0.44
0.48
0.48
0.47
0.48
0.37
0.45
0.39
0.37
0.51
0.51
0.53
0.51
0.44
0.47
0.45
0.46
0.40
0.38
0.38
0.41
1.41
0.75
0.71
0.70
0.63
0.49
0.50
0.51
CorWatt	PkgWatt
16.86	128.28
0.51	128.29
0.51
0.55
0.46
0.49
0.49
0.51
0.47
0.37
0.45
0.42
0.39
0.50
0.50
0.50
0.51
0.44
0.46
0.44
0.47
0.39
0.38
0.39
0.40
1.20
0.75
0.95
0.70
0.67
0.54
0.52
0.52
CorWatt	PkgWatt
16.89	128.38
0.50	128.38
0.42
0.57
0.43
0.48
0.48
0.48
0.48
0.37
0.44
0.37
0.37
0.50
0.50
0.50
0.50
0.44
0.45
0.45
0.46
0.39
0.40
0.40
0.40
1.17
0.80
1.23
0.76
0.63
0.50
0.50
0.50
CorWatt	PkgWatt
19.79	130.90
0.53	130.90
0.43
0.56
0.43
0.48
0.50
0.48
0.48
0.39
0.44
0.39
0.39
0.50
0.51
0.51
0.51
0.46
0.47
0.47
0.49
0.39
0.39
0.38
0.41
2.53
1.21
1.73
1.20
0.62
0.51
0.51
0.50
CorWatt	PkgWatt
19.63	130.67
0.53	130.67
0.45
0.54
0.44
0.48
0.48
0.47
0.47
0.37
0.44
0.38
0.38
0.51
0.51
0.50
0.51
0.44
0.45
0.46
0.47
0.38
0.38
0.38
0.41
1.30
1.21
2.94
1.20
0.63
0.50
0.50
0.50
CorWatt	PkgWatt
19.72	130.82
0.51	130.82
0.42
0.55
0.42
0.48
0.50
0.50
0.49
0.38
0.44
0.37
0.39
0.50
0.51
0.50
0.50
0.44
0.45
0.44
0.46
0.40
0.39
0.39
0.42
3.03
1.21
1.22
1.21
0.63
0.52
0.51
0.52
CorWatt	PkgWatt
19.75	130.88
0.54	130.88
0.44
0.54
0.44
0.48
0.50
0.47
0.47
0.39
0.46
0.38
0.39
0.51
0.51
0.51
0.51
0.46
0.46
0.48
0.47
0.38
0.38
0.38
0.41
2.86
1.21
1.38
1.21
0.62
0.50
0.50
0.51
CorWatt	PkgWatt
19.85	130.89
0.54	130.89
0.45
0.53
0.45
0.49
0.49
0.48
0.49
0.38
0.45
0.38
0.39
0.50
0.51
0.50
0.51
0.45
0.47
0.46
0.47
0.41
0.38
0.41
0.42
3.05
1.21
1.22
1.21
0.63
0.51
0.51
0.51
CorWatt	PkgWatt
19.62	130.79
0.51	130.79
0.43
0.52
0.43
0.48
0.48
0.47
0.47
0.38
0.44
0.38
0.39
0.51
0.51
0.50
0.51
0.44
0.46
0.46
0.47
0.40
0.38
0.38
0.41
2.61
1.62
1.21
1.21
0.64
0.50
0.51
0.51
CorWatt	PkgWatt
19.83	130.90
0.52	130.90
0.42
0.54
0.42
0.48
0.49
0.49
0.51
0.37
0.46
0.39
0.40
0.53
0.52
0.51
0.52
0.44
0.46
0.45
0.46
0.40
0.43
0.40
0.43
1.21
3.02
1.21
1.21
0.63
0.50
0.50
0.50
CorWatt	PkgWatt
19.73	130.92
0.51	130.92
0.42
0.54
0.46
0.47
0.48
0.47
0.49
0.40
0.43
0.37
0.38
0.54
0.51
0.52
0.53
0.45
0.46
0.45
0.46
0.40
0.38
0.38
0.43
2.69
1.52
1.21
1.21
0.63
0.50
0.50
0.51
CorWatt	PkgWatt
19.86	130.95
0.51	130.94
0.44
0.53
0.43
0.48
0.49
0.48
0.47
0.38
0.45
0.42
0.39
0.52
0.51
0.52
0.53
0.47
0.47
0.47
0.47
0.39
0.38
0.41
0.42
3.03
1.21
1.21
1.21
0.63
0.51
0.51
0.51
CorWatt	PkgWatt
19.64	130.84
0.50	130.83
0.43
0.53
0.42
0.48
0.48
0.47
0.47
0.37
0.42
0.38
0.39
0.52
0.51
0.51
0.52
0.44
0.46
0.45
0.46
0.38
0.38
0.38
0.41
3.05
1.21
1.21
1.21
0.64
0.53
0.52
0.51
CorWatt	PkgWatt
18.59	130.04
0.51	130.03
0.43
0.53
0.42
0.48
0.50
0.50
0.48
0.37
0.43
0.37
0.39
0.51
0.50
0.51
0.52
0.45
0.47
0.44
0.48
0.38
0.38
0.39
0.40
1.74
1.79
1.03
1.03
0.52
0.62
0.52
0.50
CorWatt	PkgWatt
20.17	134.04
0.56	134.05
0.52
0.51
0.53
0.54
0.55
0.55
0.54
0.45
0.46
0.41
0.44
0.58
0.54
0.56
0.58
3.45
0.56
0.55
0.56
0.46
1.02
0.54
0.49
0.49
0.45
0.45
0.46
0.61
0.62
0.57
0.60
CorWatt	PkgWatt
20.23	137.20
0.53	137.18
0.47
0.45
0.49
0.49
0.49
0.49
0.48
0.37
0.44
0.37
0.38
0.52
0.52
0.52
0.52
5.92
0.51
0.48
0.48
0.40
0.49
0.44
0.42
0.42
0.37
0.37
0.39
0.51
0.50
0.50
0.51
CorWatt	PkgWatt
20.25	137.29
0.55	137.29
0.49
0.47
0.50
0.50
0.49
0.48
0.47
0.37
0.45
0.36
0.38
0.51
0.50
0.52
0.53
5.92
0.49
0.49
0.48
0.39
0.51
0.43
0.41
0.42
0.35
0.35
0.40
0.52
0.49
0.51
0.50
CorWatt	PkgWatt
20.17	137.47
0.53	137.47
0.48
0.46
0.49
0.49
0.50
0.49
0.47
0.37
0.43
0.36
0.38
0.50
0.50
0.51
0.52
5.92
0.52
0.48
0.50
0.40
0.50
0.43
0.41
0.42
0.37
0.35
0.40
0.51
0.50
0.50
0.49
CorWatt	PkgWatt
20.43	137.59
0.53	137.59
0.47
0.45
0.53
0.49
0.50
0.49
0.49
0.38
0.45
0.37
0.39
0.51
0.51
0.51
0.53
5.90
0.52
0.48
0.50
0.42
0.50
0.40
0.43
0.42
0.42
0.37
0.39
0.53
0.51
0.51
0.51
CorWatt	PkgWatt
20.44	137.64
0.54	137.63
0.49
0.45
0.49
0.49
0.49
0.50
0.48
0.39
0.45
0.37
0.39
0.52
0.52
0.56
0.54
5.92
0.52
0.48
0.49
0.40
0.49
0.40
0.43
0.42
0.43
0.38
0.41
0.52
0.50
0.50
0.50
CorWatt	PkgWatt
20.26	137.53
0.52	137.53
0.46
0.44
0.49
0.48
0.49
0.48
0.48
0.38
0.44
0.39
0.40
0.52
0.51
0.52
0.54
5.92
0.53
0.47
0.50
0.39
0.50
0.38
0.42
0.41
0.37
0.38
0.39
0.52
0.51
0.51
0.50
CorWatt	PkgWatt
20.32	137.81
0.54	137.82
0.47
0.44
0.50
0.48
0.48
0.48
0.47
0.38
0.45
0.41
0.39
0.50
0.51
0.49
0.52
5.92
0.50
0.46
0.48
0.42
0.50
0.41
0.42
0.42
0.37
0.39
0.39
0.52
0.53
0.51
0.53
CorWatt	PkgWatt
20.16	137.60
0.53	137.59
0.46
0.44
0.49
0.49
0.52
0.50
0.49
0.38
0.45
0.37
0.38
0.51
0.51
0.49
0.53
5.93
0.49
0.47
0.49
0.39
0.50
0.40
0.42
0.41
0.35
0.35
0.39
0.52
0.50
0.50
0.50
CorWatt	PkgWatt
20.39	137.70
0.53	137.70
0.47
0.45
0.51
0.49
0.49
0.49
0.48
0.38
0.46
0.39
0.42
0.53
0.50
0.54
0.56
5.92
0.51
0.47
0.49
0.42
0.50
0.39
0.42
0.40
0.37
0.36
0.39
0.52
0.52
0.50
0.49
CorWatt	PkgWatt
20.30	137.66
0.53	137.66
0.48
0.46
0.51
0.48
0.49
0.48
0.47
0.40
0.48
0.39
0.38
0.53
0.50
0.51
0.54
5.92
0.49
0.48
0.49
0.41
0.50
0.39
0.42
0.40
0.40
0.35
0.39
0.52
0.50
0.50
0.50
CorWatt	PkgWatt
20.11	137.49
0.54	137.49
0.48
0.44
0.51
0.48
0.48
0.48
0.48
0.37
0.44
0.36
0.39
0.51
0.50
0.50
0.52
5.93
0.51
0.48
0.48
0.40
0.50
0.39
0.42
0.41
0.35
0.35
0.39
0.51
0.50
0.50
0.49
CorWatt	PkgWatt
20.54	137.66
0.57	137.67
0.50
0.50
0.54
0.52
0.48
0.49
0.47
0.36
0.47
0.36
0.39
0.52
0.50
0.48
0.53
5.93
0.55
0.52
0.52
0.39
0.50
0.39
0.42
0.46
0.35
0.39
0.39
0.52
0.50
0.50
0.50
CorWatt	PkgWatt
20.79	137.86
0.55	137.85
0.48
0.48
0.53
0.51
0.50
0.49
0.49
0.40
0.47
0.39
0.43
0.58
0.52
0.53
0.54
5.93
0.52
0.49
0.49
0.41
0.51
0.41
0.43
0.42
0.37
0.37
0.42
0.54
0.52
0.51
0.56
CorWatt	PkgWatt
20.59	137.96
0.54	137.96
0.49
0.48
0.54
0.54
0.49
0.48
0.49
0.38
0.44
0.37
0.41
0.52
0.52
0.50
0.54
5.93
0.52
0.49
0.50
0.42
0.51
0.46
0.44
0.37
0.38
0.37
0.38
0.54
0.53
0.52
0.51
CorWatt	PkgWatt
20.17	137.47
0.54	137.47
0.46
0.44
0.51
0.52
0.49
0.48
0.48
0.38
0.45
0.36
0.39
0.51
0.50
0.49
0.54
5.93
0.50
0.49
0.49
0.40
0.50
0.45
0.42
0.35
0.38
0.35
0.36
0.52
0.50
0.50
0.49
CorWatt	PkgWatt
20.23	137.67
0.52	137.66
0.46
0.44
0.49
0.52
0.49
0.48
0.48
0.37
0.46
0.38
0.39
0.51
0.51
0.51
0.51
5.93
0.50
0.48
0.49
0.41
0.51
0.44
0.42
0.36
0.41
0.35
0.36
0.52
0.51
0.50
0.51
CorWatt	PkgWatt
19.58	133.27
0.78	133.29
0.54
0.50
0.57
0.58
0.55
0.74
0.57
0.44
0.50
0.47
0.44
0.56
0.55
0.56
0.56
2.43
0.55
0.53
0.54
0.48
0.54
0.51
0.49
0.45
0.47
0.46
0.46
0.94
0.63
0.59
0.58
CorWatt	PkgWatt
17.55	130.31
3.18	130.29
0.57
0.51
0.54
0.49
0.49
0.49
0.62
0.37
0.45
0.37
0.39
0.52
0.51
0.50
0.51
0.46
0.46
0.47
0.47
0.40
0.40
0.39
0.43
0.36
0.35
0.41
0.40
0.52
0.51
0.50
0.50
CorWatt	PkgWatt
17.44	130.09
3.12	130.08
0.57
0.50
0.51
0.50
0.52
0.49
0.61
0.37
0.44
0.37
0.39
0.51
0.50
0.50
0.51
0.49
0.46
0.48
0.49
0.40
0.40
0.39
0.42
0.35
0.35
0.41
0.39
0.51
0.50
0.50
0.50
CorWatt	PkgWatt
17.35	129.94
3.12	129.94
0.56
0.55
0.54
0.49
0.49
0.50
0.60
0.38
0.45
0.36
0.38
0.51
0.51
0.50
0.51
0.44
0.45
0.47
0.47
0.39
0.38
0.38
0.41
0.36
0.35
0.41
0.39
0.52
0.50
0.50
0.50
CorWatt	PkgWatt
17.66	130.42
3.12	130.42
0.54
0.55
0.51
0.49
0.51
0.52
0.60
0.40
0.44
0.38
0.41
0.51
0.51
0.50
0.51
0.45
0.46
0.46
0.47
0.42
0.41
0.41
0.43
0.36
0.36
0.43
0.41
0.52
0.52
0.52
0.52
CorWatt	PkgWatt
17.35	130.04
3.12	130.04
0.57
0.50
0.52
0.49
0.49
0.49
0.60
0.37
0.44
0.37
0.39
0.52
0.51
0.50
0.51
0.44
0.46
0.48
0.49
0.38
0.38
0.38
0.41
0.36
0.35
0.42
0.39
0.52
0.51
0.50
0.50
CorWatt	PkgWatt
17.38	129.91
3.13	129.91
0.54
0.48
0.57
0.49
0.49
0.49
0.61
0.38
0.46
0.37
0.39
0.50
0.51
0.50
0.51
0.45
0.45
0.46
0.47
0.40
0.38
0.41
0.43
0.35
0.35
0.41
0.39
0.51
0.50
0.50
0.50
CorWatt	PkgWatt
17.51	130.17
3.11	130.17
0.54
0.49
0.58
0.49
0.50
0.50
0.59
0.38
0.46
0.37
0.40
0.52
0.51
0.52
0.51
0.45
0.46
0.48
0.47
0.40
0.39
0.38
0.42
0.36
0.36
0.41
0.39
0.53
0.51
0.51
0.51
CorWatt	PkgWatt
17.76	130.23
0.61	130.24
3.09
0.49
0.57
0.49
0.50
0.52
0.63
0.38
0.46
0.39
0.41
0.53
0.53
0.51
0.55
0.47
0.46
0.48
0.47
0.40
0.43
0.40
0.43
0.35
0.36
0.41
0.39
0.52
0.52
0.51
0.51
CorWatt	PkgWatt
17.47	130.01
0.58	130.00
3.10
0.49
0.59
0.49
0.49
0.49
0.62
0.38
0.43
0.36
0.39
0.54
0.51
0.54
0.53
0.45
0.45
0.47
0.47
0.40
0.38
0.38
0.41
0.36
0.36
0.40
0.39
0.52
0.50
0.50
0.50
CorWatt	PkgWatt
17.40	129.91
0.59	129.91
3.10
0.47
0.55
0.48
0.50
0.50
0.60
0.37
0.43
0.41
0.39
0.50
0.50
0.52
0.52
0.46
0.46
0.48
0.47
0.39
0.39
0.40
0.42
0.35
0.35
0.40
0.39
0.51
0.50
0.50
0.49
CorWatt	PkgWatt
17.46	130.06
0.58	130.06
3.09
0.48
0.57
0.50
0.49
0.49
0.62
0.37
0.43
0.37
0.38
0.50
0.51
0.52
0.52
0.45
0.45
0.47
0.47
0.38
0.38
0.38
0.41
0.38
0.38
0.43
0.40
0.52
0.52
0.51
0.51
CorWatt	PkgWatt
17.54	130.14
0.58	130.14
3.10
0.49
0.56
0.49
0.51
0.50
0.61
0.38
0.43
0.37
0.38
0.50
0.51
0.53
0.53
0.46
0.48
0.46
0.49
0.39
0.38
0.39
0.41
0.39
0.36
0.41
0.39
0.52
0.50
0.51
0.50
CorWatt	PkgWatt
17.49	129.87
0.58	129.87
3.10
0.49
0.58
0.48
0.49
0.49
0.59
0.40
0.42
0.36
0.39
0.51
0.51
0.51
0.53
0.47
0.45
0.47
0.47
0.38
0.40
0.39
0.41
0.38
0.38
0.42
0.39
0.52
0.50
0.50
0.52
CorWatt	PkgWatt
17.24	129.84
0.58	129.84
3.11
0.48
0.56
0.48
0.49
0.49
0.60
0.37
0.42
0.36
0.39
0.50
0.50
0.51
0.52
0.44
0.45
0.46
0.47
0.38
0.38
0.38
0.41
0.35
0.35
0.40
0.38
0.51
0.50
0.50
0.49
CorWatt	PkgWatt
17.36	130.00
3.00	130.00
0.69
0.50
0.60
0.48
0.49
0.49
0.60
0.37
0.43
0.36
0.38
0.51
0.51
0.52
0.52
0.44
0.46
0.48
0.47
0.38
0.38
0.38
0.41
0.36
0.35
0.40
0.40
0.52
0.50
0.50
0.50
CorWatt	PkgWatt
17.49	129.99
3.11	129.99
0.54
0.50
0.56
0.49
0.50
0.50
0.60
0.38
0.43
0.37
0.39
0.50
0.50
0.52
0.53
0.45
0.49
0.49
0.49
0.39
0.38
0.39
0.41
0.37
0.37
0.41
0.39
0.52
0.50
0.50
0.50
CorWatt	PkgWatt
17.23	129.58
2.99	129.59
0.52
0.49
0.56
0.49
0.50
0.51
0.59
0.37
0.43
0.36
0.38
0.50
0.51
0.51
0.53
0.44
0.46
0.49
0.49
0.38
0.38
0.38
0.41
0.35
0.36
0.41
0.39
0.52
0.52
0.50
0.51
CorWatt	PkgWatt
18.20	129.80
0.60	129.82
0.53
0.50
0.53
0.58
0.59
0.89
0.64
0.44
0.70
0.42
0.43
0.85
0.95
0.72
0.71
0.51
0.51
0.55
0.55
0.49
0.46
0.44
0.47
0.44
0.46
0.48
0.50
0.57
0.57
0.56
0.56
CorWatt	PkgWatt
16.60	128.50
0.54	128.48
0.48
0.45
0.50
0.48
0.50
0.49
0.49
0.39
0.54
0.39
0.41
1.31
0.94
0.77
0.80
0.44
0.49
0.46
0.49
0.38
0.38
0.38
0.40
0.39
0.38
0.43
0.42
0.53
0.52
0.52
0.51
CorWatt	PkgWatt
16.71	128.51
0.55	128.51
0.50
0.46
0.50
0.50
0.51
0.49
0.49
0.39
0.54
0.43
0.40
1.40
0.82
0.77
0.81
0.46
0.47
0.48
0.47
0.41
0.38
0.41
0.43
0.39
0.40
0.42
0.41
0.52
0.53
0.51
0.50
CorWatt	PkgWatt
16.37	128.24
0.53	128.23
0.47
0.45
0.51
0.50
0.53
0.50
0.49
0.38
0.52
0.37
0.40
0.96
0.81
1.25
0.80
0.44
0.45
0.46
0.47
0.38
0.38
0.38
0.41
0.36
0.35
0.39
0.42
0.52
0.50
0.50
0.50
CorWatt	PkgWatt
16.43	128.40
0.54	128.40
0.47
0.45
0.51
0.48
0.50
0.48
0.47
0.39
0.54
0.39
0.41
1.42
0.80
0.82
0.82
0.45
0.47
0.45
0.47
0.38
0.38
0.39
0.41
0.35
0.35
0.39
0.41
0.52
0.52
0.50
0.50
CorWatt	PkgWatt
17.30	129.01
0.54	129.02
0.52
0.50
0.52
0.48
0.50
0.50
0.48
0.39
0.55
0.40
0.39
0.91
0.91
1.87
0.92
0.44
0.46
0.47
0.47
0.40
0.38
0.38
0.41
0.35
0.35
0.39
0.43
0.52
0.50
0.50
0.50
CorWatt	PkgWatt
19.61	131.02
0.55	131.01
0.50
0.46
0.51
0.49
0.50
0.49
0.51
0.40
0.52
0.38
0.39
2.60
1.21
1.84
1.22
0.45
0.46
0.47
0.49
0.39
0.38
0.39
0.41
0.36
0.37
0.41
0.42
0.52
0.51
0.51
0.50
CorWatt	PkgWatt
19.57	131.03
0.54	131.03
0.48
0.46
0.53
0.48
0.50
0.49
0.51
0.38
0.53
0.37
0.38
3.23
1.25
1.24
1.25
0.44
0.46
0.48
0.47
0.38
0.38
0.38
0.41
0.37
0.35
0.40
0.41
0.53
0.50
0.50
0.50
CorWatt	PkgWatt
19.71	131.33
0.53	131.34
0.48
0.47
0.53
0.48
0.52
0.48
0.49
0.38
0.55
0.40
0.42
1.34
1.26
3.15
1.25
0.44
0.46
0.46
0.47
0.39
0.39
0.39
0.41
0.35
0.35
0.40
0.42
0.54
0.50
0.50
0.52
CorWatt	PkgWatt
19.50	131.05
0.52	131.05
0.49
0.46
0.51
0.48
0.50
0.48
0.48
0.38
0.52
0.37
0.38
1.25
1.25
3.22
1.25
0.44
0.48
0.46
0.48
0.38
0.38
0.38
0.42
0.35
0.35
0.39
0.41
0.52
0.50
0.50
0.51
CorWatt	PkgWatt
20.25	131.58
0.55	131.58
0.49
0.49
0.53
0.51
0.54
0.53
0.49
0.42
0.56
0.39
0.39
1.25
1.26
3.22
1.25
0.48
0.48
0.48
0.48
0.44
0.39
0.39
0.45
0.40
0.41
0.41
0.44
0.52
0.54
0.55
0.51
CorWatt	PkgWatt
19.33	130.97
0.52	130.96
0.43
0.45
0.49
0.48
0.48
0.48
0.47
0.38
0.54
0.39
0.39
1.75
1.22
2.69
1.21
0.44
0.45
0.45
0.47
0.39
0.39
0.38
0.40
0.36
0.36
0.40
0.42
0.53
0.50
0.52
0.50
CorWatt	PkgWatt
19.91	131.34
0.55	131.35
0.45
0.46
0.53
0.49
0.48
0.50
0.49
0.39
0.53
0.45
0.39
3.23
1.26
1.24
1.25
0.46
0.49
0.46
0.47
0.39
0.38
0.38
0.40
0.40
0.38
0.39
0.41
0.56
0.57
0.57
0.51
CorWatt	PkgWatt
19.48	131.05
0.53	131.04
0.44
0.47
0.50
0.48
0.48
0.48
0.47
0.38
0.52
0.38
0.38
1.76
1.26
2.72
1.25
0.44
0.46
0.46
0.47
0.39
0.40
0.39
0.40
0.36
0.35
0.40
0.41
0.52
0.50
0.52
0.51
CorWatt	PkgWatt
19.63	131.08
0.54	131.07
0.43
0.47
0.50
0.49
0.50
0.49
0.49
0.40
0.53
0.39
0.39
3.22
1.26
1.24
1.26
0.46
0.46
0.48
0.49
0.40
0.39
0.39
0.40
0.36
0.36
0.39
0.41
0.52
0.50
0.52
0.51
CorWatt	PkgWatt
19.41	131.07
0.55	131.07
0.47
0.47
0.53
0.49
0.48
0.49
0.48
0.38
0.52
0.37
0.38
1.23
1.23
3.21
1.23
0.44
0.45
0.46
0.47
0.38
0.38
0.38
0.41
0.35
0.35
0.39
0.42
0.52
0.50
0.52
0.50
CorWatt	PkgWatt
20.36	131.67
0.58	131.68
0.46
0.50
0.51
0.53
0.55
0.53
0.53
0.42
0.55
0.41
0.42
1.23
1.24
3.22
1.24
0.48
0.48
0.48
0.50
0.41
0.43
0.41
0.42
0.39
0.39
0.43
0.46
0.54
0.55
0.55
0.55
CorWatt	PkgWatt
19.03	130.40
0.60	130.42
0.49
0.49
0.54
0.55
0.54
0.52
0.56
0.56
0.62
0.50
0.55
0.95
1.02
1.93
0.96
0.47
0.49
0.55
0.53
0.41
0.42
0.38
0.45
0.42
0.39
0.44
0.51
0.56
0.53
0.55
0.55
