CorWatt	PkgWatt
15.22	127.75
0.52	127.75
0.47
0.49
0.49
0.51
0.53
0.52
0.50
0.44
0.47
0.40
0.41
0.55
0.54
0.57
0.55
0.51
0.48
0.46
0.51
0.43
0.41
0.40
0.40
0.37
0.41
0.41
0.36
0.53
0.52
0.52
0.52
CorWatt	PkgWatt
14.75	127.32
0.52	127.35
0.46
0.46
0.52
0.49
0.52
0.51
0.50
0.41
0.46
0.37
0.38
0.52
0.53
0.57
0.54
0.48
0.46
0.45
0.49
0.40
0.39
0.41
0.40
0.36
0.37
0.38
0.35
0.53
0.51
0.51
0.50
CorWatt	PkgWatt
67.91	181.93
0.96	181.97
2.18
2.21
2.16
2.22
2.22
3.86
2.22
2.14
2.12
2.06
2.05
2.24
2.22
2.21
2.23
2.13
2.08
1.91
2.04
2.08
2.07
1.90
1.86
2.05
2.04
1.85
1.91
2.31
2.23
2.10
2.07
