CorWatt	PkgWatt
15.10	126.59
0.51	126.60
0.47
0.46
0.44
0.54
0.56
0.50
0.49
0.40
0.43
0.39
0.38
0.54
0.51
0.51
0.51
0.49
0.48
0.45
0.48
0.43
0.40
0.40
0.41
0.42
0.39
0.45
0.40
0.52
0.51
0.58
0.64
CorWatt	PkgWatt
14.69	125.97
0.49	126.56
0.48
0.47
0.43
0.50
0.56
0.49
0.50
0.40
0.43
0.39
0.38
0.51
0.51
0.49
0.52
0.47
0.48
0.45
0.46
0.41
0.39
0.39
0.44
0.37
0.37
0.45
0.37
0.53
0.50
0.57
0.52
CorWatt	PkgWatt
17.45	129.34
0.59	128.75
0.54
0.55
0.54
0.63
0.57
0.54
0.52
0.48
0.48
0.45
0.46
0.63
0.57
0.57
0.57
0.51
0.47
0.46
0.45
0.51
0.46
0.46
0.47
0.52
0.49
0.51
0.56
0.69
0.64
0.80
0.69
CorWatt	PkgWatt
15.07	126.74
0.52	126.62
0.45
0.46
0.45
0.55
0.53
0.50
0.49
0.39
0.43
0.42
0.40
0.51
0.52
0.51
0.52
0.46
0.47
0.46
0.48
0.45
0.40
0.40
0.42
0.42
0.49
0.39
0.40
0.53
0.51
0.59
0.56
